0.0032598 0.621035 0.202723 9.9991E-05 0.0283206 0.0811625 0.00682993 0.0565692
9.9964E-05 0.308179 0.338068 9.9964E-05 0.289011 9.9964E-05 9.9964E-05 0.0643422
0.0357044 0.276524 0.251493 0.0226549 0.29381 9.9991E-05 0.025359 0.0943548
0.00387827 0.623782 0.234484 9.9982E-05 0.00748957 0.0578366 9.9982E-05 0.0723291
0.0116926 0.0153499 0.0146033 9.9982E-05 0.899505 0.0322129 0.0264359 9.9982E-05
9.9982E-05 0.272451 0.387401 0.0406474 0.236856 9.9982E-05 0.0178889 0.0445566
9.99461E-05 9.99461E-05 9.99461E-05 9.99461E-05 9.99461E-05 0.484964 0.514436 9.99461E-05
9.9946E-05 9.9946E-05 0.0238702 9.9946E-05 9.9946E-05 9.9946E-05 0.97553 9.9946E-05
9.9973E-05 9.9973E-05 0.0250748 9.9973E-05 0.00365153 0.00346888 0.966727 0.000778011
0.0069098 9.9946E-05 9.9946E-05 9.9946E-05 9.9946E-05 9.9946E-05 0.992491 9.9946E-05
9.9964E-05 9.9964E-05 0.00662964 9.9964E-05 0.0292506 0.143887 9.9964E-05 0.819833
9.9964E-05 0.0471227 9.9964E-05 9.9964E-05 9.9964E-05 0.0122304 0.0220027 0.918244
9.9964E-05 0.017147 9.9964E-05 9.9964E-05 9.9964E-05 0.068427 0.0170427 0.896983
9.99461E-05 9.99461E-05 9.99461E-05 9.99461E-05 9.99461E-05 0.0483684 9.99461E-05 0.951032
0.033562 0.0835805 9.9973E-05 0.798302 9.9973E-05 0.0584331 0.0258225 9.9973E-05
9.9946E-05 9.9946E-05 9.9946E-05 9.9946E-05 9.9946E-05 0.00711153 0.992289 9.9946E-05
9.9964E-05 0.0734139 9.9964E-05 9.9964E-05 9.9964E-05 0.911684 0.00962167 0.00488049
9.99551E-05 9.99551E-05 9.99551E-05 0.895638 9.99551E-05 9.99551E-05 0.00611711 0.0977447
0.0783418 0.143325 9.9982E-05 0.584676 9.9982E-05 0.00401032 0.00209961 0.187347
0.0146119 9.9964E-05 9.9964E-05 0.385137 9.9964E-05 9.9964E-05 0.0224624 0.577389
0.0100659 0.113189 9.9973E-05 0.81987 9.9973E-05 9.9973E-05 0.0284547 0.0281209
9.9964E-05 9.9964E-05 0.00230794 0.0607437 9.9964E-05 9.9964E-05 0.0211972 0.915351
9.9973E-05 9.9973E-05 0.0107278 0.896754 9.9973E-05 0.0127155 0.00864317 0.0708596
9.9973E-05 0.0411074 0.0324824 0.0952563 9.9973E-05 9.9973E-05 0.0106422 0.820212
9.9955E-05 0.0300326 9.9955E-05 0.0431295 9.9955E-05 9.9955E-05 9.9955E-05 0.926338
9.9964E-05 0.0135106 9.9964E-05 0.934921 9.9964E-05 0.0441504 9.9964E-05 0.0070178
9.9964E-05 9.9964E-05 0.00843765 0.879407 9.9964E-05 9.9964E-05 0.0230879 0.0886679
0.0450411 9.9973E-05 0.0404433 0.613762 9.9973E-05 9.9973E-05 0.00684584 0.293608
0.0215318 9.9964E-05 9.9964E-05 0.902419 9.9964E-05 9.9964E-05 0.037625 0.038024
0.00698326 9.9964E-05 0.0145315 0.948343 9.9964E-05 9.9964E-05 9.9964E-05 0.0297427
0.0269689 9.9955E-05 9.9955E-05 0.053766 9.9955E-05 9.9955E-05 9.9955E-05 0.918765
9.9955E-05 9.9955E-05 9.9955E-05 0.0105538 9.9955E-05 0.175794 9.9955E-05 0.813152
9.9964E-05 9.9964E-05 0.000536729 0.906803 9.9964E-05 0.0136514 9.9964E-05 0.0786091
9.9982E-05 0.0462242 0.000181748 0.153037 9.9982E-05 0.00547793 0.0260335 0.768846
9.9955E-05 9.9955E-05 9.9955E-05 0.944259 0.014424 9.9955E-05 9.9955E-05 0.0408177
9.9955E-05 9.9955E-05 0.00143603 0.0442945 9.9955E-05 9.9955E-05 9.9955E-05 0.95377
9.99551E-05 9.99551E-05 0.0103306 0.898121 9.99551E-05 9.99551E-05 9.99551E-05 0.0910485
0.0298621 9.9973E-05 0.000471626 0.00606101 9.9973E-05 9.9973E-05 0.0155591 0.947746
0.0986263 0.684142 0.115528 9.9964E-05 0.101304 9.9964E-05 9.9964E-05 9.9964E-05
9.9946E-05 9.9946E-05 0.363403 9.9946E-05 0.635997 9.9946E-05 9.9946E-05 9.9946E-05
9.9955E-05 9.9955E-05 9.9955E-05 9.9955E-05 0.0862047 0.148267 9.9955E-05 0.765029
9.9955E-05 9.9955E-05 9.9955E-05 0.931773 9.9955E-05 0.0113115 9.9955E-05 0.056416
0.0273063 0.0174068 9.9964E-05 0.00541757 9.9964E-05 9.9964E-05 9.9964E-05 0.94947
0.0619796 0.0333191 0.597291 9.9973E-05 9.9973E-05 0.292598 9.9973E-05 0.0145123
0.0367493 0.143012 9.9973E-05 0.54467 9.9973E-05 9.9973E-05 0.0505654 0.224704
0.00628484 0.023936 9.9991E-05 0.365033 0.00938248 0.117528 0.0265099 0.451225
0.0165237 0.0660123 9.9982E-05 0.861494 0.00710551 9.9982E-05 0.0226296 0.0260351
0.0250638 0.182095 0.361341 0.0695894 0.310735 0.0113847 9.9991E-05 0.0396915
0.507609 0.082582 0.267688 9.9973E-05 0.135653 0.00616779 9.9973E-05 9.9973E-05
9.9946E-05 0.69284 9.9946E-05 9.9946E-05 9.9946E-05 0.306561 9.9946E-05 9.9946E-05
9.99549E-05 0.728941 9.99549E-05 9.99549E-05 9.99549E-05 0.14525 9.99549E-05 0.125309
9.99549E-05 0.710924 9.99549E-05 9.99549E-05 9.99549E-05 0.142858 9.99549E-05 0.145718
9.99459E-05 0.81012 9.99459E-05 9.99459E-05 9.99459E-05 0.18928 9.99459E-05 9.99459E-05
0.00847903 9.9973E-05 9.9973E-05 0.000282499 0.0268142 9.9973E-05 0.937497 0.0266279
9.9964E-05 0.0289099 9.9964E-05 9.9964E-05 0.000135472 9.9964E-05 0.95335 0.0172049
9.9964E-05 9.9964E-05 9.9964E-05 0.00208578 9.9964E-05 0.443391 0.0283745 0.525749
9.9964E-05 0.00737735 9.9964E-05 0.0428255 9.9964E-05 9.9964E-05 0.0160272 0.93337
0.0892549 0.482242 9.9982E-05 0.202344 0.184265 9.9982E-05 0.00288069 0.0388135
0.0114416 0.075757 0.0288613 9.9964E-05 0.88354 9.9964E-05 9.9964E-05 9.9964E-05
0.259419 0.073774 0.202709 0.0351553 0.428642 9.9973E-05 9.9973E-05 9.9973E-05
9.9955E-05 0.0127798 0.019408 9.9955E-05 9.9955E-05 0.967312 9.9955E-05 9.9955E-05
9.9982E-05 0.21577 9.9982E-05 0.000516451 0.034685 0.739781 0.00518537 0.00386301
0.0518183 0.193265 0.0230344 9.9982E-05 9.9982E-05 0.700808 0.00485778 0.0260164
9.9955E-05 0.0200632 9.9955E-05 9.9955E-05 9.9955E-05 9.9955E-05 0.970954 0.0084833
9.9955E-05 0.0460296 0.111414 9.9955E-05 0.842057 9.9955E-05 9.9955E-05 9.9955E-05
9.9946E-05 9.9946E-05 9.9946E-05 0.0311006 9.9946E-05 0.9683 9.9946E-05 9.9946E-05
0.044112 0.822904 0.08427 9.9982E-05 0.0301324 0.0097164 0.00866525 9.9982E-05
9.9955E-05 9.9955E-05 9.9955E-05 0.0321348 9.9955E-05 0.0404543 9.9955E-05 0.926911
9.99461E-05 9.99461E-05 9.99461E-05 9.99461E-05 9.99461E-05 0.0494208 9.99461E-05 0.949979
0.0502062 0.094978 9.9982E-05 0.0293927 0.0332138 0.0228028 0.769206 9.9982E-05
0.000907086 0.0552377 9.9991E-05 0.0485105 0.0272639 0.0122254 0.821103 0.0346528
0.00611371 0.0429036 9.9982E-05 0.0282003 9.9982E-05 0.00608427 0.87829 0.0382082
9.9946E-05 9.9946E-05 9.9946E-05 9.9946E-05 0.0448515 9.9946E-05 0.954549 9.9946E-05
9.9955E-05 0.02593 9.9955E-05 9.9955E-05 9.9955E-05 0.00804973 0.96552 9.9955E-05
0.0105833 9.9982E-05 9.9982E-05 0.000956131 0.00551268 0.00823166 0.960944 0.0135727
9.9955E-05 9.9955E-05 9.9955E-05 0.00491567 9.9955E-05 0.00147365 0.993111 9.9955E-05
9.9964E-05 9.9964E-05 9.9964E-05 0.010565 0.0350824 9.9964E-05 0.949821 0.00413139
9.9973E-05 0.00475617 0.0262913 9.9973E-05 0.00364822 0.00257886 0.962426 9.9973E-05
9.9946E-05 9.9946E-05 0.00795253 9.9946E-05 9.9946E-05 9.9946E-05 0.991448 9.9946E-05
0.0130421 0.00919653 0.000479496 9.99837E-05 0.00260096 9.99837E-05 0.949058 0.0254228
0.00791441 0.035254 9.9973E-05 0.00388161 9.9973E-05 9.9973E-05 0.943711 0.00893896
9.99765E-05 0.00651079 9.99765E-05 0.0244282 0.00550603 0.0118871 0.951368 9.99765E-05
9.99551E-05 9.99551E-05 9.99551E-05 0.41669 9.99551E-05 9.99551E-05 0.531719 0.0510909
9.99461E-05 9.99461E-05 9.99461E-05 0.441987 9.99461E-05 9.99461E-05 0.557413 9.99461E-05
9.9946E-05 9.9946E-05 0.00555791 9.9946E-05 9.9946E-05 9.9946E-05 0.993842 9.9946E-05
9.9946E-05 0.0383447 9.9946E-05 9.9946E-05 9.9946E-05 9.9946E-05 0.961056 9.9946E-05
0.00253506 0.0286926 0.0249364 9.9973E-05 9.9973E-05 0.0290374 0.914499 9.9973E-05
0.0190565 0.047992 9.9973E-05 0.0261555 0.0072396 9.9973E-05 0.899256 9.9973E-05
9.994E-05 9.994E-05 9.994E-05 9.994E-05 9.994E-05 9.994E-05 0.9993 9.994E-05
9.99461E-05 9.99461E-05 9.99461E-05 0.455615 9.99461E-05 9.99461E-05 0.543785 9.99461E-05
0.0272246 9.9973E-05 9.9973E-05 0.0311776 0.0290313 9.9973E-05 0.86598 0.0462867
9.99731E-05 9.99731E-05 0.0159693 0.00925623 0.00123261 0.0402837 0.932958 9.99731E-05
9.9973E-05 0.0191718 9.9973E-05 9.9973E-05 0.00547947 0.0109799 0.950232 0.0138374
9.9964E-05 0.00817614 0.0353063 0.00405237 9.9964E-05 9.9964E-05 0.952065 9.9964E-05
9.9982E-05 0.0301921 9.9982E-05 0.02265 0.019219 0.0258462 0.879431 0.022462
9.9964E-05 0.0207869 9.9964E-05 9.9964E-05 9.9964E-05 0.016413 0.961336 0.00106393
0.0362444 9.9973E-05 0.0770134 0.61455 0.0709336 0.200959 9.9973E-05 9.9973E-05
0.00315623 0.00600136 0.0228944 0.0170229 9.9973E-05 9.9973E-05 0.950625 9.9973E-05
9.9973E-05 0.00398496 0.00458538 0.0192478 9.9973E-05 9.9973E-05 0.959956 0.0119263
0.0167605 0.0586529 0.0997086 0.0742062 0.0133865 0.0212996 0.715886 9.9991E-05
9.9946E-05 0.00659833 9.9946E-05 9.9946E-05 9.9946E-05 9.9946E-05 0.992802 9.9946E-05
9.9946E-05 9.9946E-05 9.9946E-05 9.9946E-05 9.9946E-05 0.0117985 0.987602 9.9946E-05
0.00298978 0.0157501 0.002351 9.9964E-05 9.9964E-05 9.9964E-05 0.978509 9.9964E-05
9.9955E-05 9.9955E-05 9.9955E-05 0.0230906 9.9955E-05 0.00524113 0.971168 9.9955E-05
0.0113178 9.9973E-05 0.00679199 0.908717 9.9973E-05 0.0394492 0.0334241 9.9973E-05
9.994E-05 9.994E-05 9.994E-05 9.994E-05 9.994E-05 9.994E-05 0.9993 9.994E-05
0.00540577 0.038286 9.9955E-05 9.9955E-05 9.9955E-05 9.9955E-05 0.955808 9.9955E-05
0.00341159 9.9946E-05 9.9946E-05 9.9946E-05 9.9946E-05 9.9946E-05 0.995989 9.9946E-05
9.9964E-05 9.9964E-05 0.0114507 0.629787 9.9964E-05 0.122103 9.9964E-05 0.23626
0.020791 9.9973E-05 9.9973E-05 0.0330636 0.02311 9.9973E-05 0.917296 0.00543926
9.9955E-05 0.0050481 9.9955E-05 9.9955E-05 9.9955E-05 9.9955E-05 0.959531 0.034921
9.9964E-05 0.0276899 0.0179357 0.000465653 9.9964E-05 9.9964E-05 0.953509 9.9964E-05
9.9946E-05 9.9946E-05 9.9946E-05 9.9946E-05 9.9946E-05 9.9946E-05 0.988906 0.0104941
9.9973E-05 0.0846231 9.9973E-05 0.645081 9.9973E-05 0.00410714 0.0248276 0.241062
9.9946E-05 9.9946E-05 9.9946E-05 9.9946E-05 9.9946E-05 0.00860658 0.990794 9.9946E-05
9.9955E-05 0.0682823 0.0244 9.9955E-05 9.9955E-05 9.9955E-05 0.906818 9.9955E-05
9.99551E-05 9.99551E-05 9.99551E-05 0.481086 9.99551E-05 9.99551E-05 0.517887 0.000527762
9.9973E-05 9.9973E-05 0.0018596 0.00254782 9.9973E-05 0.00400156 0.989554 0.00173681
0.0115181 0.0303913 9.9982E-05 0.218091 9.9982E-05 0.000727199 0.0317424 0.70733
9.9964E-05 0.00760876 9.9964E-05 0.27973 0.0299635 9.9964E-05 9.9964E-05 0.682298
9.9973E-05 0.0333212 0.0543174 0.0141881 0.0210713 9.9973E-05 9.9973E-05 0.876802
9.9982E-05 9.9982E-05 0.00550651 0.896878 0.0179527 0.0494344 0.0168932 0.0131352
0.0222998 0.111124 9.9973E-05 9.9973E-05 9.9973E-05 0.788399 0.057315 0.0205619
9.9964E-05 9.9964E-05 0.0468812 0.0627107 9.9964E-05 9.9964E-05 0.0545365 0.835472
0.0608768 0.0103708 9.9982E-05 0.188611 0.0342146 0.340315 9.9982E-05 0.365412
0.00459291 9.9982E-05 9.9982E-05 0.191103 0.0185284 0.0158618 0.0252416 0.744473
0.0277798 9.9982E-05 0.00216569 0.285389 0.0188054 0.00539446 9.9982E-05 0.660266
0.0382649 0.0383818 9.9973E-05 0.203105 9.9973E-05 9.9973E-05 0.0184439 0.701505
0.0651988 0.0242352 0.000214943 0.270045 0.0403097 9.9982E-05 9.9982E-05 0.599796
0.0477677 9.9964E-05 9.9964E-05 0.322379 0.0446077 9.9964E-05 9.9964E-05 0.584845
9.9973E-05 9.9973E-05 0.0015592 9.9973E-05 0.0351971 0.0134108 0.0273431 0.92219
0.00679424 9.9973E-05 0.0198062 9.9973E-05 9.9973E-05 0.0807876 0.034756 0.857556
9.9964E-05 9.9964E-05 0.0253134 9.9964E-05 9.9964E-05 0.0826485 0.0313167 0.860321
0.0470544 0.025383 9.9991E-05 0.763173 0.0119386 0.0400922 0.0486964 0.0635629
9.9964E-05 9.9964E-05 0.983784 9.9964E-05 9.9964E-05 0.00482179 0.00416594 0.00682824
9.9955E-05 0.0498795 0.930296 9.9955E-05 9.9955E-05 9.9955E-05 0.0193249 9.9955E-05
0.0439113 0.0741048 0.230075 9.9982E-05 0.615096 0.03059 0.00602325 9.9982E-05
0.0336732 0.0632699 0.0123587 0.340198 0.0167596 0.348381 0.108271 0.0770889
0.00551558 0.0252059 0.955512 9.9973E-05 0.00435724 9.9973E-05 0.00910913 9.9973E-05
9.9964E-05 0.0797759 0.91752 0.00132425 9.9964E-05 9.9964E-05 0.000979647 9.9964E-05
9.9982E-05 9.9982E-05 0.0472191 0.160698 0.0526601 0.252803 0.100848 0.385572
0.303015 0.0135553 0.208585 9.9982E-05 0.454621 9.9982E-05 0.000939852 0.019084
0.368007 0.00384268 0.117393 0.0466587 0.415404 0.0138273 0.034768 9.9991E-05
0.419718 0.0331634 0.0537167 9.9982E-05 0.458931 0.0244669 0.00980448 9.9982E-05
0.562914 0.0357306 9.9982E-05 0.0323891 0.275295 0.0675192 0.0259519 9.9982E-05
0.577604 0.043379 9.9982E-05 0.0460507 0.254638 0.0569592 0.0211692 9.9982E-05
0.391889 0.0156256 0.103319 0.0308779 0.423328 0.00757862 9.9991E-05 0.0272821
0.0351019 0.186613 9.99549E-05 9.99549E-05 9.99549E-05 0.777785 9.99549E-05 9.99549E-05
0.0069494 9.9982E-05 0.3324 0.01856 0.625684 0.0102616 0.00594485 9.9982E-05
9.9982E-05 0.0292844 0.0171046 0.902122 9.9982E-05 0.0177945 0.0261432 0.00735114
9.9973E-05 9.9973E-05 0.0259102 0.906643 0.0047808 0.0265686 0.0357971 9.9973E-05
9.9973E-05 0.0400208 0.0934925 9.9973E-05 0.838017 9.9973E-05 0.0117307 0.0164394
0.0812582 0.185389 0.0962674 0.209871 0.148352 0.0821585 0.0659681 0.130736
0.00609442 0.0885231 0.0600208 0.0260486 9.9982E-05 0.786385 9.9982E-05 0.0327284
0.0330602 9.9973E-05 0.0588372 9.9973E-05 0.0546022 0.170033 9.9973E-05 0.683167
0.0456617 9.9982E-05 9.9982E-05 0.806648 0.00233243 0.0747455 0.00243217 0.0679799
0.029935 9.9982E-05 0.23847 9.9982E-05 0.0139019 0.188911 0.0208779 0.507704
0.00465793 0.01705 0.0681613 0.0321756 9.9991E-05 0.830005 0.0171354 0.0307148
0.161373 9.9982E-05 0.746283 0.0241223 9.9982E-05 0.0063909 0.0399954 0.0216353
9.9964E-05 0.074026 9.9964E-05 9.9964E-05 0.010347 0.88754 0.027687 9.9964E-05
0.0925922 0.60651 0.0308362 0.106845 0.0470047 9.9991E-05 0.0353322 0.0807789
9.9964E-05 9.9964E-05 9.9964E-05 0.937111 9.9964E-05 0.0321165 0.00841156 0.021961
9.9973E-05 9.9973E-05 0.298728 0.0402526 0.618439 0.0311286 0.0111518 9.9973E-05
0.0111137 9.9973E-05 0.0110977 9.9973E-05 0.422672 0.0813255 9.9973E-05 0.473491
0.0191782 9.9982E-05 9.9982E-05 0.0387243 0.884216 0.00542506 0.0329782 0.0192782
0.0245877 0.0748299 0.107592 0.0288167 0.0527813 0.3643 0.0371814 0.309912
9.994E-05 9.994E-05 9.994E-05 9.994E-05 0.9993 9.994E-05 9.994E-05 9.994E-05
9.9964E-05 9.9964E-05 9.9964E-05 0.00677579 0.0147393 0.906763 9.9964E-05 0.0713218
9.9973E-05 9.9973E-05 9.9973E-05 0.0163324 0.82378 0.0676403 0.0423857 0.0495621
9.9964E-05 9.9964E-05 9.9964E-05 9.9964E-05 0.825221 0.0964198 0.0523621 0.0255967
0.00885334 9.9964E-05 9.9964E-05 0.845969 0.0754543 0.0693235 9.9964E-05 9.9964E-05
0.00464506 0.04953 0.318603 0.401815 0.0390702 0.0572771 9.9991E-05 0.12896
0.0233926 9.9991E-05 0.050336 0.341639 0.0447315 0.257262 0.0184912 0.264047
0.802477 0.0413532 9.9991E-05 0.00660215 0.0933782 0.01469 0.0183334 0.0230664
0.925305 0.0144854 9.9973E-05 9.9973E-05 0.0316151 0.0199527 9.9973E-05 0.00834149
0.875895 0.00504323 9.9982E-05 0.0186947 0.0524475 0.0435442 0.0041753 9.9982E-05
0.884965 0.0147953 9.9982E-05 0.033155 9.9982E-05 0.0438893 0.0149344 0.00806128
0.0154999 0.0433341 9.9955E-05 0.940666 9.9955E-05 9.9955E-05 9.9955E-05 9.9955E-05
9.9964E-05 0.049546 9.9964E-05 0.91262 0.0262808 9.9964E-05 9.9964E-05 0.0111533
0.0359207 0.0443766 9.9982E-05 0.781705 9.9982E-05 0.0482996 0.022252 0.0672456
0.419005 0.0832723 0.21101 9.9964E-05 0.286312 9.9964E-05 9.9964E-05 9.9964E-05
0.11388 0.122916 0.0497461 0.171253 0.121338 0.134983 0.122604 0.16328
0.13091 0.389779 9.9982E-05 0.360356 0.00201656 9.9982E-05 0.111387 0.00535001
9.9973E-05 0.102441 9.9973E-05 0.744962 0.0155829 9.9973E-05 0.0274754 0.109239
0.00439249 0.181576 0.0151538 0.647484 0.0103613 9.9991E-05 0.0730672 0.0678653
0.0742569 0.126973 0.0247502 0.727196 9.9973E-05 9.9973E-05 0.0465236 9.9973E-05
0.0318196 0.230539 0.0658952 0.491735 0.0241323 9.9991E-05 0.141364 0.014415
0.018225 0.682374 0.0962304 0.0131848 9.9982E-05 0.119817 9.9982E-05 0.0699692
0.0185708 0.0208436 9.9982E-05 9.9982E-05 0.00163607 0.0885027 0.0115287 0.858718
9.9982E-05 9.9982E-05 0.0129235 0.236843 0.0120128 0.141021 0.0572378 0.539763
9.9964E-05 0.0366918 0.00788134 9.9964E-05 0.948311 9.9964E-05 9.9964E-05 0.0067164
9.9955E-05 0.0803344 9.9955E-05 0.010545 0.908621 9.9955E-05 9.9955E-05 9.9955E-05
9.9964E-05 0.0916346 0.00858656 0.00176465 0.897614 9.9964E-05 9.9964E-05 9.9964E-05
0.208403 0.213665 0.194237 9.9964E-05 0.383295 9.9964E-05 9.9964E-05 9.9964E-05
0.118857 0.584786 9.9964E-05 9.9964E-05 0.294587 9.9964E-05 0.00137005 9.9964E-05
0.11991 0.5626 9.9964E-05 9.9964E-05 0.30758 9.9964E-05 0.00951044 9.9964E-05
0.0238952 0.0840955 9.9955E-05 0.89151 9.9955E-05 9.9955E-05 9.9955E-05 9.9955E-05
0.027962 0.100416 0.00317239 0.821285 0.0105726 0.0147981 0.0216945 9.9991E-05
9.9964E-05 9.9964E-05 9.9964E-05 0.948436 0.00530158 0.0176856 9.9964E-05 0.0281774
9.9973E-05 0.043575 9.9973E-05 9.9973E-05 0.0353508 0.817958 0.0172943 0.0855224
0.00607561 9.9973E-05 9.9973E-05 0.0301162 0.931054 0.0191553 0.0132986 9.9973E-05
9.9964E-05 9.9964E-05 0.0231077 9.9964E-05 0.937607 0.0157288 0.023157 9.9964E-05
0.0158059 9.9964E-05 0.114205 9.9964E-05 0.862944 0.00664534 9.9964E-05 9.9964E-05
0.00139499 9.9973E-05 0.153486 9.9973E-05 0.80534 0.0178889 9.9973E-05 0.0215905
0.0287791 9.9982E-05 0.108444 0.0101965 0.804634 0.043321 0.00442509 9.9982E-05
9.9964E-05 9.9964E-05 0.00209534 9.9964E-05 0.0947557 0.199715 9.9964E-05 0.703034
0.172001 0.133732 0.343439 0.0656863 0.193061 0.00985858 0.0821217 9.9991E-05
9.9946E-05 0.0326628 9.9946E-05 9.9946E-05 9.9946E-05 0.966738 9.9946E-05 9.9946E-05
9.9955E-05 9.9955E-05 9.9955E-05 9.9955E-05 0.0761806 0.213625 9.9955E-05 0.709695
0.00111007 9.9973E-05 0.0632671 0.759777 0.0289284 0.146617 9.9973E-05 9.9973E-05
9.9946E-05 9.9946E-05 9.9946E-05 9.9946E-05 9.9946E-05 0.196338 9.9946E-05 0.803062
9.9946E-05 9.9946E-05 9.9946E-05 9.9946E-05 9.9946E-05 0.261685 9.9946E-05 0.737715
0.00120479 9.9955E-05 9.9955E-05 9.9955E-05 9.9955E-05 0.272195 9.9955E-05 0.726101
0.00917936 9.9991E-05 0.00287877 0.0274149 0.910471 0.00387682 0.029186 0.0168927
9.9955E-05 9.9955E-05 9.9955E-05 9.9955E-05 0.964714 0.0144674 9.9955E-05 0.0203188
9.9973E-05 0.27508 0.358043 0.0420282 0.256882 9.9973E-05 9.9973E-05 0.0676665
0.00435736 0.0090256 0.00776446 9.9982E-05 0.935037 0.00375955 0.0398556 9.9982E-05
9.994E-05 9.994E-05 9.994E-05 9.994E-05 0.9993 9.994E-05 9.994E-05 9.994E-05
9.9964E-05 9.9964E-05 0.190704 9.9964E-05 0.270311 0.0604157 9.9964E-05 0.47817
0.0788994 0.0459434 0.0548753 0.0231159 0.796866 9.9973E-05 9.9973E-05 9.9973E-05
0.0579255 0.0572774 0.0713942 0.0405076 0.772595 9.9973E-05 9.9973E-05 9.9973E-05
0.0719175 0.503979 0.158547 0.0627513 0.189943 9.9982E-05 0.0126621 9.9982E-05
0.0163399 9.9973E-05 0.016312 9.9973E-05 9.9973E-05 0.888374 0.0173416 0.0613329
0.0021063 9.9973E-05 0.216489 9.9973E-05 0.622076 0.13902 9.9973E-05 0.0200087
0.0551701 9.9982E-05 0.203551 0.286027 9.9982E-05 0.0113899 0.422927 0.0207349
9.9964E-05 9.9964E-05 0.316395 9.9964E-05 0.536182 0.0879382 9.9964E-05 0.059085
9.9955E-05 9.9955E-05 9.9955E-05 9.9955E-05 0.961343 9.9955E-05 0.016517 0.02164
0.00439251 9.99641E-05 9.99641E-05 9.99641E-05 0.027709 0.166319 9.99641E-05 0.801179
0.00517369 0.0209613 0.0123406 9.9982E-05 0.268537 0.112669 9.9982E-05 0.580119
9.9955E-05 0.0985207 9.9955E-05 0.0278252 9.9955E-05 0.873154 9.9955E-05 9.9955E-05
9.9946E-05 0.9124 9.9946E-05 9.9946E-05 9.9946E-05 0.087 9.9946E-05 9.9946E-05
9.9955E-05 0.0114958 9.9955E-05 0.0523545 9.9955E-05 9.9955E-05 9.9955E-05 0.93565
9.99549E-05 0.71577 9.99549E-05 9.99549E-05 9.99549E-05 0.153892 9.99549E-05 0.129838
9.9964E-05 0.0256019 9.9964E-05 9.9964E-05 0.0301356 0.885177 9.9964E-05 0.0586857
9.9964E-05 9.9964E-05 9.9964E-05 0.00505071 0.0362096 0.886877 9.9964E-05 0.0714628
9.99458E-05 0.837481 9.99458E-05 9.99458E-05 9.99458E-05 0.161919 9.99458E-05 9.99458E-05
0.0169016 0.441333 0.0717917 9.9982E-05 0.0018809 0.204001 9.9982E-05 0.263891
9.9964E-05 0.0384238 9.9964E-05 9.9964E-05 9.9964E-05 0.933355 0.00919741 0.018624
0.0856583 0.489099 0.159173 0.0430683 0.178285 9.9982E-05 0.0445167 9.9982E-05
9.9955E-05 9.9955E-05 9.9955E-05 0.939903 9.9955E-05 0.0185577 9.9955E-05 0.0410393
9.9964E-05 9.9964E-05 0.0311015 0.762694 0.0394432 0.166362 9.9964E-05 9.9964E-05
9.994E-05 9.994E-05 9.994E-05 9.994E-05 9.994E-05 9.994E-05 0.9993 9.994E-05
0.00323203 0.0647906 0.0523823 0.673991 0.037178 0.152615 9.9991E-05 0.0157117
9.9973E-05 9.9973E-05 9.9973E-05 0.846348 0.000346358 0.0375595 0.0253994 0.0900471
9.9955E-05 9.9955E-05 9.9955E-05 0.356931 9.9955E-05 0.608097 9.9955E-05 0.0344726
0.00165871 9.9973E-05 9.9973E-05 0.85584 9.9973E-05 0.0547347 0.0167586 0.0707082
0.0306787 0.120802 9.9982E-05 0.270809 0.00366744 9.9982E-05 0.0209104 0.552932
0.000764889 0.0197179 9.9973E-05 0.966026 0.0111511 0.00204008 9.9973E-05 9.9973E-05
0.0253012 0.70909 9.9973E-05 0.0999409 9.9973E-05 9.9973E-05 0.109248 0.0561196
0.0428719 0.61299 9.9973E-05 0.0700296 9.9973E-05 0.118116 9.9973E-05 0.155692
0.00654284 0.352779 9.9991E-05 0.224255 0.00247636 0.100953 0.0485928 0.264301
9.9973E-05 9.9973E-05 9.9973E-05 0.878394 0.0169463 0.0270771 0.015964 0.0613189
9.9955E-05 9.9955E-05 0.132885 9.9955E-05 0.839923 9.9955E-05 0.0266926 9.9955E-05
9.9955E-05 0.0320972 9.9955E-05 0.0342717 9.9955E-05 9.9955E-05 9.9955E-05 0.933131
0.0705009 0.708232 9.9973E-05 0.132942 9.9973E-05 9.9973E-05 0.0624386 0.025587
9.9955E-05 0.0441516 9.9955E-05 0.0321101 9.9955E-05 9.9955E-05 9.9955E-05 0.923239
0.000653709 0.0360529 0.108587 9.9964E-05 0.854306 9.9964E-05 9.9964E-05 9.9964E-05
0.000942719 9.9964E-05 9.9964E-05 0.000227629 9.9964E-05 0.961258 0.0371722 9.9964E-05
0.00946434 9.9964E-05 0.00661427 9.9964E-05 9.9964E-05 0.0123135 0.971208 9.9964E-05
0.00663353 0.0411903 0.147598 0.0431861 9.9991E-05 0.0563174 0.690333 0.0146413
9.9964E-05 0.0124702 9.9964E-05 0.9526 9.9964E-05 0.0062172 0.0283128 9.9964E-05
9.9964E-05 9.9964E-05 9.9964E-05 0.233627 9.9964E-05 0.189357 0.0363711 0.540246
9.994E-05 9.994E-05 9.994E-05 9.994E-05 9.994E-05 0.9993 9.994E-05 9.994E-05
9.994E-05 9.994E-05 9.994E-05 9.994E-05 9.994E-05 0.9993 9.994E-05 9.994E-05
0.032222 0.0391332 0.125299 0.00411872 0.0549742 0.182497 9.9991E-05 0.561657
0.00253385 9.9973E-05 9.9973E-05 0.289126 9.9973E-05 0.119271 0.0151233 0.573646
9.9955E-05 0.0917206 0.00666992 9.9955E-05 0.90111 9.9955E-05 9.9955E-05 9.9955E-05
0.115016 0.582603 9.9955E-05 9.9955E-05 0.301881 9.9955E-05 9.9955E-05 9.9955E-05
0.302501 0.0152263 0.119935 9.9982E-05 0.543298 0.00628216 9.9982E-05 0.0125575
0.419623 0.124456 0.179687 0.057129 0.116802 9.9991E-05 0.0801912 0.0220118
0.410894 0.178181 0.175362 0.0493688 0.105473 9.9991E-05 0.0728653 0.00775558
0.286786 0.0965811 0.286433 0.0169917 0.278737 0.0278255 0.00654545 9.9991E-05
0.120474 0.571486 9.9955E-05 9.9955E-05 0.30754 9.9955E-05 9.9955E-05 9.9955E-05
0.420091 0.151212 0.1684 0.0305385 0.159936 0.00596443 0.0543289 0.00952832
0.240439 0.0977871 0.393021 0.0736054 0.194848 9.9973E-05 9.9973E-05 9.9973E-05
0.13503 0.664332 9.9991E-05 0.0641911 0.0784541 0.0113002 0.0337739 0.0128186
0.252362 0.121167 0.238553 0.0327468 0.354871 9.9973E-05 9.9973E-05 9.9973E-05
0.127298 0.653256 9.9982E-05 0.105431 0.0586904 9.9982E-05 0.0543214 0.000802959
9.99549E-05 0.724306 9.99549E-05 9.99549E-05 9.99549E-05 0.170156 9.99549E-05 0.105038
0.0290764 0.605199 0.237625 9.9973E-05 9.9973E-05 9.9973E-05 0.0442026 0.0835973
0.184666 0.211345 0.200535 0.0310108 0.30015 9.9991E-05 0.0388672 0.0333256
0.171693 0.314597 0.164323 0.035428 0.225972 9.9991E-05 0.0267329 0.0611539
0.16931 0.566661 9.9955E-05 9.9955E-05 0.263529 9.9955E-05 9.9955E-05 9.9955E-05
0.271075 0.0888549 0.239114 0.0173486 0.335005 9.9991E-05 0.0346886 0.0138139
9.9964E-05 0.00168656 0.0234829 0.149723 9.9964E-05 9.9964E-05 9.9964E-05 0.824707
9.9973E-05 0.0569408 0.0246475 0.00089229 0.912419 9.9973E-05 9.9973E-05 0.00480092
0.43139 0.177259 0.153052 0.0729873 0.121277 0.000822109 0.0406356 0.00257702
0.146792 0.17726 0.295123 0.0104957 0.358237 9.9982E-05 0.0118925 9.9982E-05
0.401537 0.151758 0.188729 0.0289008 0.19836 9.9982E-05 0.0305148 9.9982E-05
0.378418 0.115053 0.277623 0.00264249 0.187293 9.9991E-05 0.0349203 0.00395119
9.9973E-05 0.0266483 0.0274951 0.703821 0.0442356 0.1975 9.9973E-05 9.9973E-05
0.0386881 0.0706169 0.024639 0.34305 0.0130779 0.0123459 0.0669402 0.430642
0.0621241 0.0477182 0.100638 9.9964E-05 0.78912 9.9964E-05 9.9964E-05 9.9964E-05
9.9955E-05 0.055649 9.9955E-05 0.0215743 9.9955E-05 9.9955E-05 9.9955E-05 0.922277
9.9973E-05 0.0288641 0.0165869 0.70099 0.0718443 0.181415 9.9973E-05 9.9973E-05
9.99459E-05 0.881174 9.99459E-05 9.99459E-05 9.99459E-05 0.118227 9.99459E-05 9.99459E-05
9.9946E-05 9.9946E-05 9.9946E-05 9.9946E-05 0.99871 9.9946E-05 0.000690161 9.9946E-05
9.9946E-05 9.9946E-05 9.9946E-05 9.9946E-05 0.981263 9.9946E-05 0.0181372 9.9946E-05
0.0420789 9.9973E-05 0.0141628 9.9973E-05 0.882005 0.0301414 0.031312 9.9973E-05
0.0122972 9.9955E-05 0.0159134 9.9955E-05 0.97129 9.9955E-05 9.9955E-05 9.9955E-05
9.9982E-05 0.0588828 9.9982E-05 0.0104282 0.0455525 0.792288 0.00655891 0.0860891
9.9973E-05 9.9973E-05 0.0727865 0.0775566 0.815534 0.0232108 0.0106126 9.9973E-05
0.0113614 9.9973E-05 0.0369437 0.738556 0.0305841 0.182254 9.9973E-05 9.9973E-05
0.010698 0.0387456 9.9955E-05 0.950057 9.9955E-05 9.9955E-05 9.9955E-05 9.9955E-05
9.9973E-05 9.9973E-05 0.00213929 0.915451 9.9973E-05 0.0566091 0.0100853 0.0154154
9.9964E-05 9.9964E-05 0.00318931 0.954035 9.9964E-05 0.0194917 0.0228839 9.9964E-05
0.00460009 9.9982E-05 0.00698017 0.88684 9.9982E-05 0.0109699 0.0292471 0.0611631
0.545455 0.171951 0.057098 0.0959521 0.078383 9.9982E-05 0.0509603 9.9982E-05
0.562217 0.141332 0.0321504 0.080503 0.0862829 0.00367887 0.0937361 9.9991E-05
0.914848 0.0153676 9.9973E-05 0.0186746 9.9973E-05 0.0356885 9.9973E-05 0.0151211
0.876511 9.9964E-05 0.0196992 0.0178798 0.0855103 9.9964E-05 9.9964E-05 9.9964E-05
0.93193 9.9964E-05 9.9964E-05 0.012033 0.0315293 9.9964E-05 0.0241076 9.9964E-05
0.274548 0.479433 9.9973E-05 9.9973E-05 9.9973E-05 0.172399 0.0286256 0.0446944
0.957269 9.9946E-05 9.9946E-05 9.9946E-05 9.9946E-05 9.9946E-05 9.9946E-05 0.0421311
0.109592 0.0807328 0.0450399 0.201176 0.208196 0.132148 0.0010914 0.222023
0.9993 9.994E-05 9.994E-05 9.994E-05 9.994E-05 9.994E-05 9.994E-05 9.994E-05
0.992415 9.99459E-05 0.00698493 9.99459E-05 9.99459E-05 9.99459E-05 9.99459E-05 9.99459E-05
0.938652 9.9964E-05 0.00564754 9.9964E-05 0.0331662 9.9964E-05 0.0221341 9.9964E-05
0.251525 9.9964E-05 0.694233 9.9964E-05 0.0157887 9.9964E-05 9.9964E-05 0.0380536
0.9993 9.994E-05 9.994E-05 9.994E-05 9.994E-05 9.994E-05 9.994E-05 9.994E-05
0.830876 9.9964E-05 0.115464 0.0318823 9.9964E-05 9.9964E-05 0.0213778 9.9964E-05
9.9964E-05 0.0274552 9.9964E-05 0.108646 9.9964E-05 9.9964E-05 0.0114634 0.852036
0.0663426 0.0708302 0.01162 0.232493 9.9991E-05 0.0037188 0.0354983 0.579397
0.0326494 0.15215 0.00379884 0.703624 9.9973E-05 9.9973E-05 9.9973E-05 0.107477
9.9982E-05 0.0133569 9.9982E-05 0.853303 0.00344088 0.0226057 0.0326628 0.0744308
0.00153018 0.727453 9.9973E-05 0.0363979 9.9973E-05 0.113002 9.9973E-05 0.121317
0.0283774 0.0647073 9.9982E-05 0.763263 0.000630842 9.9982E-05 0.0535834 0.0892383
0.00784114 0.00764053 0.00220369 0.0101676 0.0155793 9.9991E-05 0.0149979 0.94147
9.9946E-05 9.9946E-05 9.9946E-05 0.0634404 9.9946E-05 9.9946E-05 9.9946E-05 0.93596
9.99549E-05 0.780253 9.99549E-05 9.99549E-05 9.99549E-05 0.207646 9.99549E-05 0.011601
0.0592947 0.134664 0.000542372 0.722431 9.9982E-05 9.9982E-05 0.047893 0.0349747
0.0202945 0.194953 0.00993833 0.474674 0.038394 9.9991E-05 0.110241 0.151405
0.0286281 0.768081 9.99821E-05 0.0347241 9.99821E-05 0.116121 0.0414056 0.0108399
0.00166875 0.769845 9.99639E-05 9.99639E-05 9.99639E-05 0.176846 9.99639E-05 0.0512402
0.00274367 0.701583 9.9973E-05 0.0598784 9.9973E-05 0.124228 9.9973E-05 0.111267
0.0128699 0.0398026 0.058839 0.222123 0.0659743 0.0530377 9.9991E-05 0.547254
9.9964E-05 0.726224 9.9964E-05 9.9964E-05 9.9964E-05 0.2066 0.00777887 0.0589971
0.0108824 0.0429626 9.9973E-05 0.00299517 0.00215581 9.9973E-05 9.9973E-05 0.940704
9.9955E-05 0.86531 0.013545 9.9955E-05 9.9955E-05 0.120645 9.9955E-05 9.9955E-05
9.9955E-05 0.904819 9.9955E-05 9.9955E-05 9.9955E-05 0.0806899 0.0139911 9.9955E-05
0.114624 0.391415 0.173421 9.9982E-05 0.246537 0.0301122 0.0436911 9.9982E-05
9.99549E-05 0.78957 9.99549E-05 9.99549E-05 9.99549E-05 0.205944 9.99549E-05 0.00398574
9.99459E-05 0.791941 9.99459E-05 9.99459E-05 9.99459E-05 0.207459 9.99459E-05 9.99459E-05
9.9946E-05 0.806726 9.9946E-05 9.9946E-05 9.9946E-05 0.192674 9.9946E-05 9.9946E-05
0.113193 0.582033 9.9982E-05 0.140508 0.00511975 9.9982E-05 0.0710065 0.0879399
9.9964E-05 0.0965096 0.000643273 0.150296 9.9964E-05 9.9964E-05 9.9964E-05 0.752152
9.9973E-05 0.0811962 0.00429034 0.0108832 0.035054 9.9973E-05 9.9973E-05 0.868276
0.00908824 0.11044 9.9973E-05 9.9973E-05 0.0147243 0.00294829 9.9973E-05 0.862499
9.9964E-05 0.0485707 9.9964E-05 0.0826616 9.9964E-05 9.9964E-05 0.0107653 0.857602
9.9964E-05 0.0787372 9.9964E-05 0.000551875 0.902636 9.9964E-05 9.9964E-05 0.0176747
0.00674718 0.299151 0.364582 0.0280296 0.236665 9.9982E-05 9.9982E-05 0.0646254
9.9991E-05 0.00760102 0.0169376 0.776459 0.00464364 0.0420189 0.0341878 0.118052
0.016541 0.000431995 0.00969504 0.315177 9.9991E-05 0.167955 0.0365646 0.453536
0.00318319 0.601732 0.181807 9.9991E-05 0.0209909 0.0829961 0.0318752 0.0773149
0.0145755 0.593159 0.211115 9.9991E-05 0.0387466 0.0287521 0.0247157 0.088836
0.0331937 0.0131298 9.9964E-05 0.909379 0.0438981 9.9964E-05 9.9964E-05 9.9964E-05
9.9964E-05 9.9964E-05 0.0492826 0.735925 0.0149414 0.199451 9.9964E-05 9.9964E-05
0.0376558 0.011469 0.566636 9.9982E-05 0.0549947 0.0949342 9.9982E-05 0.234111
0.0725548 0.0891206 0.0285745 9.9982E-05 0.0690293 0.421145 9.9982E-05 0.319376
9.99731E-05 0.04128 9.99731E-05 0.812428 9.99731E-05 0.0262708 0.0150421 0.104679
0.0484553 0.564222 9.9982E-05 0.237578 0.0301657 9.9982E-05 0.103135 0.0162448
0.0394504 0.548149 0.207102 9.9982E-05 9.9982E-05 0.0681999 0.0606485 0.07625
0.0895603 0.589228 9.9973E-05 0.11465 9.9973E-05 9.9973E-05 0.115463 0.0907978
0.0918663 0.468695 9.9982E-05 0.227215 0.0382469 9.9982E-05 0.0884072 0.0853692
9.9964E-05 0.0308018 9.9964E-05 0.908204 9.9964E-05 9.9964E-05 0.058299 0.00229529
9.9973E-05 0.0348041 0.044411 0.908972 0.00966873 9.9973E-05 0.00184403 9.9973E-05
9.9955E-05 9.9955E-05 0.0142952 0.968173 9.9955E-05 9.9955E-05 0.017032 9.9955E-05
0.038042 0.00710958 9.9991E-05 0.876417 0.00100814 0.0554897 0.00318571 0.0186477
9.9964E-05 9.9964E-05 9.9964E-05 0.945218 9.9964E-05 0.0197829 0.0316943 0.00290519
9.9964E-05 9.9964E-05 0.00993535 0.901246 9.9964E-05 0.0617961 9.9964E-05 0.0266222
0.0420505 0.222682 0.0596348 0.500464 0.0100687 9.9982E-05 0.1649 9.9982E-05
0.127849 0.424709 9.9982E-05 0.24845 0.0786246 9.9982E-05 0.105157 0.0150104
9.9955E-05 9.9955E-05 0.0138976 0.927346 9.9955E-05 0.0582565 9.9955E-05 9.9955E-05
0.0952149 0.494684 0.00988923 0.23207 0.0359565 0.00910717 0.0856039 0.0374739
0.0794786 0.666193 0.00858886 0.111404 0.0122296 9.9991E-05 0.0302653 0.0917416
9.994E-05 9.994E-05 0.9993 9.994E-05 9.994E-05 9.994E-05 9.994E-05 9.994E-05
9.99459E-05 0.0394276 0.959973 9.99459E-05 9.99459E-05 9.99459E-05 9.99459E-05 9.99459E-05
9.994E-05 9.994E-05 0.9993 9.994E-05 9.994E-05 9.994E-05 9.994E-05 9.994E-05
9.994E-05 9.994E-05 0.9993 9.994E-05 9.994E-05 9.994E-05 9.994E-05 9.994E-05
9.994E-05 9.994E-05 0.9993 9.994E-05 9.994E-05 9.994E-05 9.994E-05 9.994E-05
9.994E-05 9.994E-05 0.9993 9.994E-05 9.994E-05 9.994E-05 9.994E-05 9.994E-05
9.994E-05 9.994E-05 0.9993 9.994E-05 9.994E-05 9.994E-05 9.994E-05 9.994E-05
9.9955E-05 0.903984 0.0105105 9.9955E-05 9.9955E-05 0.0850058 9.9955E-05 9.9955E-05
9.99549E-05 0.644576 9.99549E-05 9.99549E-05 9.99549E-05 0.345727 0.0091976 9.99549E-05
0.0695431 0.519374 0.18607 9.9982E-05 0.184379 0.0134689 0.0269648 9.9982E-05
0.0868441 0.532686 0.187548 9.9982E-05 0.168618 9.9982E-05 0.0170184 0.00708545
0.0567641 0.0309579 0.0206774 0.843846 9.9973E-05 9.9973E-05 9.9973E-05 0.047455
0.0221741 0.118099 0.00159479 0.786564 0.0358493 0.000334299 0.0352849 9.9991E-05
0.00177334 9.9955E-05 0.00461146 0.993115 9.9955E-05 9.9955E-05 9.9955E-05 9.9955E-05
9.9973E-05 9.9973E-05 0.0647098 9.9973E-05 0.901891 0.00352717 0.0215578 0.00801439
9.9955E-05 9.9955E-05 0.312291 9.9955E-05 0.68298 0.00422949 9.9955E-05 9.9955E-05
9.9964E-05 9.9964E-05 0.0599517 0.0194926 0.909059 9.9964E-05 0.0110974 9.9964E-05
9.9946E-05 9.9946E-05 0.350901 9.9946E-05 0.648499 9.9946E-05 9.9946E-05 9.9946E-05
0.0146982 9.9982E-05 0.115051 0.0221176 0.378695 0.40957 9.9982E-05 0.0596684
0.198799 9.9973E-05 0.278434 0.062772 0.278537 0.181159 9.9973E-05 9.9973E-05
0.0183204 9.9982E-05 0.834373 9.9982E-05 0.0850314 0.0499679 0.0118734 0.000234313
9.9946E-05 9.9946E-05 0.379616 9.9946E-05 0.619784 9.9946E-05 9.9946E-05 9.9946E-05
9.9946E-05 9.9946E-05 0.331712 9.9946E-05 0.667689 9.9946E-05 9.9946E-05 9.9946E-05
0.0203782 9.99546E-05 9.99546E-05 9.99546E-05 0.979022 9.99546E-05 9.99546E-05 9.99546E-05
0.0278829 9.9964E-05 0.218786 9.9964E-05 0.748018 0.00491327 9.9964E-05 9.9964E-05
0.129725 0.0869546 0.0748517 0.195468 0.0430225 0.0700929 0.109619 0.290266
9.9964E-05 9.9964E-05 0.0332289 0.961898 9.9964E-05 0.0034234 0.00104991 9.9964E-05
9.9973E-05 0.892705 0.0140638 9.9973E-05 0.0157378 0.0724573 0.00473583 9.9973E-05
9.9982E-05 0.0675286 9.9982E-05 0.6296 0.0465636 0.0069806 0.0582187 0.190909
9.9964E-05 0.750834 9.9964E-05 0.0162974 9.9964E-05 0.0986281 9.9964E-05 0.133841
9.9982E-05 0.0703135 0.00906674 0.00672532 0.87388 0.0248125 9.9982E-05 0.0150021
0.0513542 9.9973E-05 0.845571 9.9973E-05 0.0312861 0.0373218 0.0341671 9.9973E-05
0.0448398 0.0955963 0.211402 0.0406554 0.607207 9.9973E-05 9.9973E-05 9.9973E-05
0.0253203 0.574017 9.9973E-05 0.261178 0.0376151 9.9973E-05 0.101569 9.9973E-05
0.1147 0.541842 9.9991E-05 0.101082 0.0632795 0.041681 0.109961 0.0273543
0.0159771 0.0146907 0.0213288 0.52335 9.9991E-05 0.0742386 0.0500228 0.300292
9.99549E-05 0.188086 9.99549E-05 9.99549E-05 9.99549E-05 0.803436 0.00797872 9.99549E-05
0.698943 9.9982E-05 0.0578225 0.0577748 0.113045 9.9982E-05 0.0527213 0.0194932
0.820883 9.9973E-05 0.0564258 0.0630415 0.048911 0.0104383 9.9973E-05 9.9973E-05
0.955585 0.0269509 9.9964E-05 9.9964E-05 9.9964E-05 0.012446 0.00461803 9.9964E-05
0.925948 0.00758918 0.0206957 9.9973E-05 0.040381 0.00508564 9.9973E-05 9.9973E-05
0.9495 9.9946E-05 0.0498999 9.9946E-05 9.9946E-05 9.9946E-05 9.9946E-05 9.9946E-05
0.799262 9.9973E-05 0.106212 0.0432758 0.0143234 9.9973E-05 0.036627 9.9973E-05
9.9964E-05 0.869709 0.0118396 9.9964E-05 9.9964E-05 0.0947779 0.0232736 9.9964E-05
0.0943554 0.0988103 0.415187 0.0518961 0.278366 9.9982E-05 0.0611843 9.9982E-05
0.0481289 0.00415004 0.109539 0.0205701 0.779404 9.9982E-05 9.9982E-05 0.0380084
9.9955E-05 9.9955E-05 9.9955E-05 9.9955E-05 0.991667 0.00609507 0.00173858 9.9955E-05
9.9955E-05 9.9955E-05 0.0100153 9.9955E-05 0.981798 9.9955E-05 0.0076874 9.9955E-05
0.00369101 9.9964E-05 0.263903 0.0341075 0.697899 9.9964E-05 9.9964E-05 9.9964E-05
0.998746 9.9946E-05 0.000654488 9.9946E-05 9.9946E-05 9.9946E-05 9.9946E-05 9.9946E-05
0.959056 9.9964E-05 0.0262269 0.0075367 9.9964E-05 9.9964E-05 0.00678096 9.9964E-05
0.29515 9.9973E-05 0.655065 0.0048982 0.0371549 9.9973E-05 9.9973E-05 0.00743193
0.270172 9.9964E-05 0.696908 9.9964E-05 9.9964E-05 9.9964E-05 0.0185742 0.0139466
0.91455 9.9955E-05 0.0489069 9.9955E-05 0.0360436 9.9955E-05 9.9955E-05 9.9955E-05
0.130399 9.9964E-05 0.814306 9.9964E-05 0.0141201 9.9964E-05 9.9964E-05 0.040775
0.0760001 9.9991E-05 0.487841 0.303943 0.0426435 0.0418793 0.00232782 0.0452648
0.00702987 0.0415488 0.0111323 0.798767 9.9991E-05 0.0447362 0.0125569 0.0841286
0.0292672 9.9973E-05 0.0127276 0.74444 9.9973E-05 0.0751608 9.9973E-05 0.138104
9.9973E-05 9.9973E-05 0.0161922 0.844225 9.9973E-05 0.00548868 0.0413441 0.0924506
9.9964E-05 9.9964E-05 0.0144645 0.915055 9.9964E-05 0.0437143 0.0263664 9.9964E-05
0.99764 9.9946E-05 9.9946E-05 9.9946E-05 9.9946E-05 0.00175989 9.9946E-05 9.9946E-05
0.992706 9.99459E-05 9.99459E-05 9.99459E-05 9.99459E-05 9.99459E-05 0.00669386 9.99459E-05
0.301747 9.9955E-05 0.688518 0.00923516 9.9955E-05 9.9955E-05 9.9955E-05 9.9955E-05
0.5015 9.9964E-05 0.480466 0.0162343 9.9964E-05 0.00140047 9.9964E-05 9.9964E-05
0.969885 9.99459E-05 9.99459E-05 9.99459E-05 9.99459E-05 0.0295158 9.99459E-05 9.99459E-05
0.908835 0.0187691 9.9964E-05 9.9964E-05 0.0354044 9.9964E-05 0.0365921 9.9964E-05
0.9993 9.994E-05 9.994E-05 9.994E-05 9.994E-05 9.994E-05 9.994E-05 9.994E-05
0.195584 0.0239322 0.760685 9.9964E-05 9.9964E-05 9.9964E-05 0.0193987 9.9964E-05
9.9955E-05 9.9955E-05 9.9955E-05 0.0692929 9.9955E-05 0.923865 9.9955E-05 0.00634201
9.9973E-05 0.026261 0.0132094 9.9973E-05 9.9973E-05 0.713679 0.0474233 0.199128
9.99731E-05 9.99731E-05 0.00900197 0.00170506 9.99731E-05 0.922945 0.0267124 0.039336
0.0527454 0.00465448 0.0137127 0.0461113 9.9973E-05 0.882476 9.9973E-05 9.9973E-05
0.376115 0.0958105 0.171577 0.00410526 0.318623 0.0121137 9.9991E-05 0.0215559
0.353529 0.0541004 0.194761 0.0394887 0.356562 9.9982E-05 9.9982E-05 0.00135894
0.276663 0.009098 0.157087 9.9982E-05 0.495343 0.0459165 9.9982E-05 0.015692
0.261295 0.0414441 0.115553 9.9982E-05 0.525681 0.0343522 9.9982E-05 0.021475
0.496759 0.144811 0.0563789 0.105362 0.0767153 9.9991E-05 0.0861291 0.0337436
0.0292976 0.414433 0.138541 9.9982E-05 0.416091 0.00107423 0.000361996 9.9982E-05
0.991627 9.99459E-05 9.99459E-05 9.99459E-05 9.99459E-05 0.00777342 9.99459E-05 9.99459E-05
0.0847776 9.9955E-05 0.9003 9.9955E-05 9.9955E-05 0.0144228 9.9955E-05 9.9955E-05
0.118323 9.9973E-05 0.804575 9.9973E-05 0.00312958 0.0622675 0.0114048 9.9973E-05
0.0163093 0.459963 9.99911E-05 0.429903 0.031759 0.0301022 0.0118882 0.0199755
9.9991E-05 0.69846 0.0402994 0.0303008 0.0708127 0.0986603 0.0305263 0.0308403
9.9964E-05 0.028733 9.9964E-05 0.858387 9.9964E-05 9.9964E-05 0.0239441 0.0885358
9.9982E-05 0.00194718 0.0180272 0.0706839 0.00409947 9.9982E-05 0.0271825 0.87786
0.00132497 0.0021078 0.0165136 0.281476 9.9982E-05 9.9982E-05 0.0430446 0.655333
0.0477077 9.9982E-05 9.9982E-05 0.451817 0.0187581 0.046336 0.00239366 0.432788
0.0216747 0.209425 9.9982E-05 0.360324 0.0329641 0.352591 0.0228211 9.9982E-05
9.9946E-05 9.9946E-05 9.9946E-05 0.903582 9.9946E-05 9.9946E-05 9.9946E-05 0.0958184
0.0132777 0.0254181 9.9973E-05 0.927534 0.00832125 9.9973E-05 9.9973E-05 0.0251488
0.0418073 0.0501392 9.9964E-05 0.876609 9.9964E-05 9.9964E-05 9.9964E-05 0.0310447
0.00309882 0.0307594 9.9982E-05 0.85661 0.00715652 9.9982E-05 0.013256 0.088919
0.41588 0.213858 0.0984945 0.0956142 0.0792813 9.9991E-05 0.0550762 0.0416957
0.217974 0.126404 0.107065 0.379964 0.0296929 0.0752779 0.0426853 0.0209363
0.264009 0.13556 0.159396 0.259365 0.176938 9.99821E-05 0.00453252 9.99821E-05
0.418501 0.217698 0.179975 0.0259308 0.131915 9.9982E-05 0.0257797 9.9982E-05
0.0354934 0.0407113 0.0651827 0.506581 0.0431526 0.180661 0.0466182 0.0815997
9.9973E-05 0.0255638 0.0045993 0.930389 9.9973E-05 0.0225857 0.016562 9.9973E-05
0.00401701 0.0569194 0.864302 0.00534638 0.069115 9.9973E-05 9.9973E-05 9.9973E-05
0.0345881 0.138942 9.9973E-05 0.686015 9.9973E-05 9.9973E-05 0.0580188 0.0821358
0.00815441 0.0190224 9.9964E-05 0.138356 9.9964E-05 9.9964E-05 9.9964E-05 0.834068
9.99731E-05 9.99731E-05 9.99731E-05 0.0184076 0.0139187 0.0786117 0.003475 0.885287
9.9946E-05 9.9946E-05 9.9946E-05 0.932521 9.9946E-05 9.9946E-05 9.9946E-05 0.0668788
0.113658 0.203969 0.019443 0.128615 0.0194522 9.9991E-05 0.500979 0.0137841
0.0142477 0.101165 9.9982E-05 0.446786 0.0214993 0.04555 9.9982E-05 0.370553
9.9955E-05 0.0201935 9.9955E-05 0.0760689 9.9955E-05 9.9955E-05 9.9955E-05 0.903238
0.0413168 0.176344 9.9973E-05 0.611871 9.9973E-05 9.9973E-05 0.0191981 0.15097
0.0796253 0.203025 0.0227049 0.108908 0.0142078 0.0330276 0.483659 0.0548425
9.9946E-05 9.9946E-05 9.9946E-05 0.0106677 9.9946E-05 9.9946E-05 0.988733 9.9946E-05
0.0663875 0.0344773 0.116571 0.0345187 0.747745 9.99731E-05 9.99731E-05 9.99731E-05
0.0200216 0.012326 0.0234692 0.0392255 0.0497094 0.173619 0.0399483 0.641681
0.0230741 0.564248 0.268991 9.9973E-05 9.9973E-05 9.9973E-05 0.0341119 0.109275
9.9982E-05 0.807675 0.0434812 0.0105544 0.000743453 0.106243 0.031103 9.9982E-05
