9.9928E-05 9.9928E-05 9.9928E-05 9.9928E-05 9.9928E-05 9.9928E-05 0.817656 0.087795 9.9928E-05 9.9928E-05 0.0937494
9.9928E-05 9.9928E-05 9.9928E-05 0.207276 9.9928E-05 0.0580148 0.73391 9.9928E-05 9.9928E-05 9.9928E-05 9.9928E-05
0.0142213 9.9973E-05 0.0134807 0.265396 0.015384 0.0834111 0.5441 9.9973E-05 0.000694757 0.0630113 9.9973E-05
9.9928E-05 9.9928E-05 9.9928E-05 9.9928E-05 9.9928E-05 9.9928E-05 0.846939 0.0855942 9.9928E-05 9.9928E-05 0.0666676
0.000283754 9.9982E-05 0.0283168 0.899313 0.00479594 0.0192704 9.9982E-05 0.0111844 0.0191531 0.0116241 0.00585831
9.9937E-05 9.9937E-05 9.9937E-05 0.169005 9.9937E-05 0.0760095 0.726786 9.9937E-05 9.9937E-05 0.0275001 9.9937E-05
9.99371E-05 0.00660348 0.518465 9.99371E-05 9.99371E-05 9.99371E-05 9.99371E-05 0.47117 9.99371E-05 0.00306218 9.99371E-05
9.9937E-05 9.9937E-05 0.975833 9.9937E-05 9.9937E-05 0.00720363 0.0110211 0.00524317 9.9937E-05 9.9937E-05 9.9937E-05
9.9919E-05 9.9919E-05 0.980412 9.9919E-05 9.9919E-05 0.0186891 9.9919E-05 9.9919E-05 9.9919E-05 9.9919E-05 9.9919E-05
9.9946E-05 9.9946E-05 0.980095 0.00411185 9.9946E-05 0.00257439 9.9946E-05 9.9946E-05 0.00837089 9.9946E-05 0.00424783
0.267909 9.9964E-05 9.9964E-05 0.0329602 0.55898 0.0119968 0.00367709 0.116717 0.00736019 9.9964E-05 9.9964E-05
0.230848 9.99369E-05 9.99369E-05 9.99369E-05 0.718279 9.99369E-05 9.99369E-05 0.0223959 9.99369E-05 9.99369E-05 0.0277776
0.349537 9.9946E-05 0.0173356 9.9946E-05 0.614516 9.9946E-05 9.9946E-05 0.0102511 9.9946E-05 9.9946E-05 0.00776
0.305465 9.9937E-05 9.9937E-05 9.9937E-05 0.67235 9.9937E-05 9.9937E-05 0.0177781 9.9937E-05 0.00370664 9.9937E-05
9.9955E-05 0.756311 9.9955E-05 9.9955E-05 9.9955E-05 9.9955E-05 0.0232419 0.00263537 0.0153176 0.0960344 0.10596
9.9919E-05 9.9919E-05 0.984636 9.9919E-05 9.9919E-05 9.9919E-05 9.9919E-05 9.9919E-05 9.9919E-05 9.9919E-05 0.0144644
0.018461 9.9964E-05 0.023643 9.9964E-05 0.00405501 9.9964E-05 9.9964E-05 0.896768 0.0141844 0.0309179 0.0115703
9.99371E-05 0.879159 9.99371E-05 9.99371E-05 0.0780354 9.99371E-05 0.0219603 0.0201461 9.99371E-05 9.99371E-05 9.99371E-05
0.000241962 0.50094 0.0224965 9.9964E-05 0.231575 9.9964E-05 9.9964E-05 9.9964E-05 0.0547911 0.0508149 0.13874
0.0440026 0.330585 9.9946E-05 9.9946E-05 0.567791 9.9946E-05 9.9946E-05 0.0452063 0.0118158 9.9946E-05 9.9946E-05
9.9946E-05 0.782848 0.032488 9.9946E-05 0.0679973 9.9946E-05 9.9946E-05 9.9946E-05 0.0144433 9.9946E-05 0.101624
9.9955E-05 0.00174914 0.00738537 0.00179431 0.936441 9.9955E-05 9.9955E-05 9.9955E-05 0.0273591 0.0247716 9.9955E-05
9.9946E-05 0.83583 9.9946E-05 9.9946E-05 0.0409315 9.9946E-05 0.0243275 0.0374581 9.9946E-05 0.0608529 9.9946E-05
9.9964E-05 0.0134552 0.00794894 9.9964E-05 0.812467 0.03682 9.9964E-05 0.0673833 0.00189407 0.0596312 9.9964E-05
9.9928E-05 0.00119792 9.9928E-05 9.9928E-05 0.97807 9.9928E-05 0.0199327 9.9928E-05 9.9928E-05 9.9928E-05 9.9928E-05
9.9937E-05 0.870692 9.9937E-05 9.9937E-05 9.9937E-05 9.9937E-05 0.0137754 0.0548806 9.9937E-05 0.0599526 9.9937E-05
0.0393473 0.883181 9.9937E-05 9.9937E-05 0.0510484 9.9937E-05 0.0257236 9.9937E-05 9.9937E-05 9.9937E-05 9.9937E-05
0.0295783 0.536113 9.9973E-05 9.9973E-05 0.28005 0.0234937 0.0289226 0.00147562 0.045255 0.0548115 9.9973E-05
9.9946E-05 0.868958 0.0211394 9.9946E-05 0.0439598 9.9946E-05 9.9946E-05 9.9946E-05 0.0371046 0.0282389 9.9946E-05
0.0308468 0.916901 9.99461E-05 9.99461E-05 9.99461E-05 0.0124643 0.0254928 9.99461E-05 9.99461E-05 0.0136955 9.99461E-05
0.0207089 0.00027564 9.99461E-05 9.99461E-05 0.949211 0.0137092 9.99461E-05 9.99461E-05 0.0154958 9.99461E-05 9.99461E-05
0.496474 9.9928E-05 9.9928E-05 9.9928E-05 0.404252 9.9928E-05 9.9928E-05 0.0984748 9.9928E-05 9.9928E-05 9.9928E-05
0.0155673 0.870644 9.9946E-05 9.9946E-05 0.0458219 9.9946E-05 0.0442064 9.9946E-05 9.9946E-05 0.0231605 9.9946E-05
0.00913171 0.120213 0.0334566 9.9964E-05 0.762559 0.00639197 9.9964E-05 0.0533525 0.0144951 9.9964E-05 9.9964E-05
0.00938621 0.946047 9.9955E-05 0.000145798 0.0271364 9.9955E-05 0.0155017 0.00128285 9.9955E-05 9.9955E-05 9.9955E-05
0.0955755 0.000261558 9.9946E-05 0.00294134 0.8905 9.9946E-05 0.0101217 9.9946E-05 9.9946E-05 9.9946E-05 9.9946E-05
9.9937E-05 0.874805 9.9937E-05 0.00790432 0.0839645 9.9937E-05 0.0326264 9.9937E-05 9.9937E-05 9.9937E-05 9.9937E-05
0.0371232 0.0190202 0.00144718 9.99461E-05 0.902666 9.99461E-05 9.99461E-05 9.99461E-05 0.0391434 9.99461E-05 9.99461E-05
9.9937E-05 9.9937E-05 9.9937E-05 0.120486 9.9937E-05 0.112613 9.9937E-05 9.9937E-05 0.0733839 9.9937E-05 0.692818
9.9928E-05 9.9928E-05 9.9928E-05 0.630026 9.9928E-05 0.367283 0.00189158 9.9928E-05 9.9928E-05 9.9928E-05 9.9928E-05
0.961007 9.9919E-05 9.9919E-05 0.0380937 9.9919E-05 9.9919E-05 9.9919E-05 9.9919E-05 9.9919E-05 9.9919E-05 9.9919E-05
9.9946E-05 0.936494 9.9946E-05 9.9946E-05 0.038956 9.9946E-05 0.00166936 0.00679069 9.9946E-05 0.0154904 9.9946E-05
0.0277057 9.99461E-05 0.0041182 9.99461E-05 0.943148 0.00839675 9.99461E-05 9.99461E-05 0.0160319 9.99461E-05 9.99461E-05
0.0177619 9.9955E-05 9.9955E-05 9.9955E-05 0.0336688 0.563342 0.0448433 0.290268 0.0496163 9.9955E-05 9.9955E-05
0.0431875 0.475604 0.041281 9.9973E-05 0.205896 9.9973E-05 0.00861815 9.9973E-05 0.0274884 0.0685617 0.129063
0.224343 0.33353 0.0297906 9.9973E-05 0.274813 9.9973E-05 0.0203057 0.0455996 9.9973E-05 0.0672185 0.00409845
9.9955E-05 0.852419 0.00797871 0.0326316 0.0548705 9.9955E-05 9.9955E-05 9.9955E-05 0.0122595 9.9955E-05 0.0393408
9.99369E-05 9.99369E-05 9.99369E-05 0.246369 9.99369E-05 0.100692 0.613696 9.99369E-05 9.99369E-05 0.038543 9.99369E-05
0.0132247 9.9964E-05 9.9964E-05 0.129375 9.9964E-05 0.260037 0.0253916 9.9964E-05 0.497794 0.0105887 0.06319
9.99189E-05 9.99189E-05 9.99189E-05 9.99189E-05 9.99189E-05 9.99189E-05 9.99189E-05 0.327665 9.99189E-05 9.99189E-05 0.671436
0.00284958 9.99549E-05 9.99549E-05 9.99549E-05 0.115751 9.99549E-05 0.0290487 0.185711 9.99549E-05 0.0178457 0.648295
9.99369E-05 9.99369E-05 9.99369E-05 9.99369E-05 0.149949 9.99369E-05 0.0888216 0.178392 9.99369E-05 9.99369E-05 0.582138
9.99369E-05 9.99369E-05 9.99369E-05 9.99369E-05 0.00686072 9.99369E-05 0.0194619 0.276247 9.99369E-05 9.99369E-05 0.696731
0.0318969 9.99371E-05 0.935213 0.0136038 9.99371E-05 9.99371E-05 0.0185867 9.99371E-05 9.99371E-05 9.99371E-05 9.99371E-05
9.9937E-05 9.9937E-05 0.958637 9.9937E-05 0.0239778 9.9937E-05 0.0106021 9.9937E-05 9.9937E-05 9.9937E-05 0.00608383
0.64955 0.0285152 0.0219765 9.9955E-05 0.0204931 9.9955E-05 9.9955E-05 0.272893 9.9955E-05 0.00607303 9.9955E-05
0.124823 0.007878 9.9946E-05 9.9946E-05 0.855953 9.9946E-05 9.9946E-05 9.9946E-05 9.9946E-05 0.00634818 0.00439851
9.9955E-05 0.192348 0.0032419 0.197107 0.052974 9.9955E-05 9.9955E-05 9.9955E-05 0.058967 9.9955E-05 0.494863
9.9937E-05 9.9937E-05 9.9937E-05 0.865225 9.9937E-05 9.9937E-05 0.101989 9.9937E-05 0.00029036 9.9937E-05 0.0317961
9.9964E-05 0.00621572 9.9964E-05 0.442915 0.00352462 0.184415 9.9964E-05 9.9964E-05 0.274724 0.0293282 0.0584777
9.9928E-05 9.9928E-05 9.9928E-05 9.9928E-05 9.9928E-05 0.0268287 9.9928E-05 0.968422 9.9928E-05 0.00395039 9.9928E-05
0.0103975 9.9964E-05 0.00458155 0.0296677 0.0307909 9.9964E-05 9.9964E-05 0.704785 9.9964E-05 0.0258792 0.193499
0.12164 9.9964E-05 9.9964E-05 0.00475232 9.9964E-05 0.0145025 0.052393 0.653896 0.0448357 9.9964E-05 0.107581
9.9937E-05 9.9937E-05 0.985336 9.9937E-05 0.00384049 9.9937E-05 0.00929749 9.9937E-05 9.9937E-05 9.9937E-05 0.000826583
9.9955E-05 0.00491699 9.9955E-05 0.818326 0.0230107 0.0932259 0.0429757 9.9955E-05 9.9955E-05 9.9955E-05 0.0170445
9.9937E-05 9.9937E-05 9.9937E-05 9.9937E-05 0.00624347 9.9937E-05 9.9937E-05 0.96039 0.00939783 0.0232695 9.9937E-05
9.99459E-05 9.99459E-05 9.99459E-05 0.049731 9.99459E-05 0.0605378 9.99459E-05 0.0134326 0.0253377 9.99459E-05 0.850361
0.159251 9.9937E-05 9.9937E-05 9.9937E-05 0.796191 9.9937E-05 9.9937E-05 0.0245988 9.9937E-05 0.0192594 9.9937E-05
0.376057 9.9919E-05 9.9919E-05 9.9919E-05 0.623044 9.9919E-05 9.9919E-05 9.9919E-05 9.9919E-05 9.9919E-05 9.9919E-05
9.9964E-05 0.02285 0.805281 0.0246268 9.9964E-05 9.9964E-05 9.9964E-05 0.0302063 0.0230224 0.00864918 0.084964
0.0200351 0.0388862 0.772292 0.025986 9.9964E-05 9.9964E-05 9.9964E-05 9.9964E-05 0.0348772 0.0158563 0.0916676
0.0312359 9.9973E-05 0.883479 0.00401093 9.9973E-05 9.9973E-05 0.0402186 0.0183889 0.00702035 0.00315389 0.0121924
9.9946E-05 9.9946E-05 0.955525 0.027495 9.9946E-05 9.9946E-05 0.00610494 0.00705885 9.9946E-05 9.9946E-05 0.0032161
9.9928E-05 9.9928E-05 0.97418 9.9928E-05 9.9928E-05 9.9928E-05 9.9928E-05 0.0115689 9.9928E-05 9.9928E-05 0.013452
9.9955E-05 9.9955E-05 0.946388 0.00583099 0.0211338 0.00274991 9.9955E-05 0.0047724 9.9955E-05 0.0186255 9.9955E-05
9.9946E-05 0.00413004 0.968535 9.9946E-05 9.9946E-05 0.0224971 9.9946E-05 0.00240032 9.9946E-05 9.9946E-05 0.0018383
9.9946E-05 9.9946E-05 0.978854 0.000832242 0.00674463 9.9946E-05 9.9946E-05 9.9946E-05 0.00444717 0.00852216 9.9946E-05
9.9946E-05 0.00980073 0.950584 9.9946E-05 0.00781008 0.00746717 9.9946E-05 0.0237381 9.9946E-05 9.9946E-05 9.9946E-05
9.9919E-05 9.9919E-05 0.996171 9.9919E-05 9.9919E-05 9.9919E-05 9.9919E-05 9.9919E-05 9.9919E-05 0.00292929 9.9919E-05
0.00101739 9.9946E-05 0.942806 9.9946E-05 0.0195707 9.9946E-05 9.9946E-05 9.9946E-05 9.9946E-05 0.0310624 0.00494407
9.9946E-05 9.9946E-05 0.907316 0.00363912 0.0221135 9.9946E-05 9.9946E-05 9.9946E-05 9.9946E-05 0.020515 0.0458164
0.00294246 9.9973E-05 0.944067 0.00710636 0.0246923 0.00740248 9.9973E-05 0.00575472 0.00568216 9.9973E-05 0.00205218
9.99371E-05 0.415925 0.521164 9.99371E-05 0.0540184 9.99371E-05 9.99371E-05 9.99371E-05 0.0081928 9.99371E-05 9.99371E-05
9.99281E-05 0.418131 0.569341 9.99281E-05 0.0117281 9.99281E-05 9.99281E-05 9.99281E-05 9.99281E-05 9.99281E-05 9.99281E-05
0.00306002 9.99191E-05 0.996041 9.99191E-05 9.99191E-05 9.99191E-05 9.99191E-05 9.99191E-05 9.99191E-05 9.99191E-05 9.99191E-05
9.99371E-05 9.99371E-05 0.939563 9.99371E-05 9.99371E-05 9.99371E-05 0.00767678 0.0053883 9.99371E-05 9.99371E-05 0.0466728
9.9937E-05 9.9937E-05 0.921493 9.9937E-05 9.9937E-05 9.9937E-05 0.043171 9.9937E-05 9.9937E-05 0.0102169 0.0244193
9.9946E-05 9.9946E-05 0.927545 0.0198086 9.9946E-05 9.9946E-05 9.9946E-05 9.9946E-05 0.0100956 0.0140584 0.0278931
9.99194E-05 9.99194E-05 0.996467 9.99194E-05 9.99194E-05 9.99194E-05 0.00263326 9.99194E-05 9.99194E-05 9.99194E-05 9.99194E-05
9.99281E-05 0.439459 0.542151 9.99281E-05 0.0175904 9.99281E-05 9.99281E-05 9.99281E-05 9.99281E-05 9.99281E-05 9.99281E-05
0.0230358 0.042227 0.875514 0.0117357 0.0101918 0.00229678 9.9982E-05 0.00569082 0.0179221 0.0111858 9.9982E-05
0.0400207 9.9946E-05 0.897247 9.9946E-05 9.9946E-05 0.0349896 0.00189451 0.0252485 9.9946E-05 9.9946E-05 9.9946E-05
0.015718 9.9946E-05 0.935499 9.9946E-05 9.9946E-05 9.9946E-05 9.9946E-05 0.0182873 0.0182365 9.9946E-05 0.01166
9.9946E-05 9.9946E-05 0.934607 0.0290486 9.9946E-05 0.0154855 9.9946E-05 0.00906749 9.9946E-05 9.9946E-05 0.0111922
9.9964E-05 0.0234719 0.862761 0.00736138 9.9964E-05 9.9964E-05 9.9964E-05 0.0215229 0.0285555 0.0058543 0.0500734
9.9946E-05 9.9946E-05 0.955127 9.9946E-05 9.9946E-05 9.9946E-05 0.0298375 0.00718749 0.00168324 9.9946E-05 0.0055655
9.9955E-05 0.0125014 9.9955E-05 0.0499149 9.9955E-05 9.9955E-05 0.0757058 0.0978116 0.0131465 0.75042 9.9955E-05
9.99551E-05 0.0174061 0.905325 0.000404471 9.99551E-05 0.0301195 0.035836 9.99551E-05 0.010409 9.99551E-05 9.99551E-05
9.9937E-05 9.9937E-05 0.961701 9.9937E-05 0.000864171 9.9937E-05 0.0230936 9.9937E-05 9.9937E-05 0.0136419 9.9937E-05
9.9982E-05 0.067759 0.709609 0.000546072 0.00894881 0.101326 0.0395959 0.029793 0.0372219 9.9982E-05 0.00500034
0.00827963 9.9928E-05 0.990028 9.9928E-05 0.000893384 9.9928E-05 9.9928E-05 9.9928E-05 9.9928E-05 9.9928E-05 9.9928E-05
0.00452832 0.00179368 0.973598 9.9946E-05 9.9946E-05 0.00744826 9.9946E-05 0.0120323 9.9946E-05 9.9946E-05 9.9946E-05
9.99461E-05 9.99461E-05 0.973075 9.99461E-05 0.00874269 9.99461E-05 9.99461E-05 9.99461E-05 0.00463853 0.00656677 0.00637733
9.9937E-05 0.017309 0.964391 0.011072 9.9937E-05 9.9937E-05 9.9937E-05 0.00652868 9.9937E-05 9.9937E-05 9.9937E-05
0.015248 0.615514 0.0182399 9.99369E-05 9.99369E-05 9.99369E-05 9.99369E-05 9.99369E-05 9.99369E-05 0.350298 9.99369E-05
9.99101E-05 9.99101E-05 0.999001 9.99101E-05 9.99101E-05 9.99101E-05 9.99101E-05 9.99101E-05 9.99101E-05 9.99101E-05 9.99101E-05
9.9928E-05 9.9928E-05 0.930763 9.9928E-05 9.9928E-05 9.9928E-05 9.9928E-05 9.9928E-05 0.021453 9.9928E-05 0.0469846
9.9919E-05 9.9919E-05 0.996668 9.9919E-05 9.9919E-05 9.9919E-05 9.9919E-05 9.9919E-05 0.00243295 9.9919E-05 9.9919E-05
0.330949 0.253957 9.99279E-05 9.99279E-05 9.99279E-05 9.99279E-05 9.99279E-05 9.99279E-05 9.99279E-05 0.414295 9.99279E-05
9.99551E-05 0.0136433 0.941395 0.0086984 9.99551E-05 9.99551E-05 9.99551E-05 9.99551E-05 0.0259738 0.00796691 0.00182229
0.00583805 9.9946E-05 0.942842 9.9946E-05 0.0276409 9.9946E-05 0.0167493 9.9946E-05 9.9946E-05 9.9946E-05 0.00633038
9.9937E-05 0.0253085 0.955048 9.9937E-05 9.9937E-05 9.9937E-05 0.018374 9.9937E-05 9.9937E-05 9.9937E-05 0.000570203
9.9928E-05 9.9928E-05 0.98499 9.9928E-05 0.00655621 9.9928E-05 0.00765406 9.9928E-05 9.9928E-05 9.9928E-05 9.9928E-05
9.9955E-05 0.601923 0.0132001 9.9955E-05 0.265743 9.9955E-05 9.9955E-05 0.0337149 9.9955E-05 0.0277217 0.0571975
9.99101E-05 9.99101E-05 0.999001 9.99101E-05 9.99101E-05 9.99101E-05 9.99101E-05 9.99101E-05 9.99101E-05 9.99101E-05 9.99101E-05
9.9937E-05 9.9937E-05 0.911798 9.9937E-05 9.9937E-05 9.9937E-05 0.0747247 9.9937E-05 9.9937E-05 0.00225782 0.0105198
9.99281E-05 0.473353 0.50343 9.99281E-05 0.0224179 9.99281E-05 9.99281E-05 9.99281E-05 9.99281E-05 9.99281E-05 9.99281E-05
9.99346E-05 9.99346E-05 0.978441 9.99346E-05 9.99346E-05 0.00925128 9.99346E-05 9.99346E-05 9.99346E-05 0.011508 9.99346E-05
0.176158 0.205455 0.0160834 9.99459E-05 0.578296 9.99459E-05 9.99459E-05 9.99459E-05 0.0234079 9.99459E-05 9.99459E-05
0.123274 0.256136 9.9946E-05 0.0313971 0.582715 9.9946E-05 0.00587797 9.9946E-05 9.9946E-05 9.9946E-05 9.9946E-05
0.165709 0.017663 9.9964E-05 9.9964E-05 0.744938 0.0188499 0.0244523 9.9964E-05 9.9964E-05 0.00613827 0.021849
9.9946E-05 0.742086 0.0326526 9.9946E-05 0.0157681 9.9946E-05 9.9946E-05 0.0273074 9.9946E-05 0.181587 9.9946E-05
9.9964E-05 9.9964E-05 0.0673359 0.0378907 0.0322163 9.9964E-05 0.0092894 0.790747 0.0185186 9.9964E-05 0.0436021
0.0903745 0.0057601 0.0191827 9.9973E-05 0.793956 0.0121311 0.0204014 0.0103 9.9973E-05 0.0475939 9.9973E-05
0.180254 0.177 9.9973E-05 0.00935463 0.23451 9.9973E-05 0.0197616 0.298897 0.0411599 0.0387627 9.9973E-05
0.130839 0.121066 0.00855349 0.0469039 0.670236 9.9964E-05 9.9964E-05 0.0101141 0.0118879 9.9964E-05 9.9964E-05
0.00995546 0.29146 9.9955E-05 0.0180287 0.588593 9.9955E-05 9.9955E-05 0.061333 0.0301303 9.9955E-05 9.9955E-05
0.103285 0.170434 0.0449114 9.9973E-05 0.605974 9.9973E-05 9.9973E-05 0.0431767 0.0141844 0.00252101 0.0152126
0.0554437 0.236853 9.9964E-05 0.0391491 0.556641 9.9964E-05 0.00709503 0.014909 0.0895094 9.9964E-05 9.9964E-05
0.0293234 0.312742 0.0232861 0.0500131 0.564647 9.9964E-05 0.00700173 9.9964E-05 0.0125865 9.9964E-05 9.9964E-05
0.0770907 9.9946E-05 0.00830432 0.0334687 0.864163 9.9946E-05 9.9946E-05 9.9946E-05 9.9946E-05 0.0163738 9.9946E-05
0.253623 9.9946E-05 0.0573796 9.9946E-05 0.602458 9.9946E-05 9.9946E-05 0.0850389 9.9946E-05 0.00090141 9.9946E-05
0.266848 9.9982E-05 0.02029 0.00564061 0.592534 0.00726736 0.00199836 0.0401729 0.00142262 0.0636262 9.9982E-05
0.0264999 0.752439 0.0368272 9.9982E-05 0.0360826 9.9982E-05 0.0164547 0.0452041 0.0606505 0.0192108 0.00643117
9.9928E-05 9.9928E-05 9.9928E-05 9.9928E-05 0.0283633 0.963735 9.9928E-05 0.00710193 9.9928E-05 9.9928E-05 9.9928E-05
9.9946E-05 9.9946E-05 0.0154458 0.0133167 9.9946E-05 0.901422 9.9946E-05 9.9946E-05 9.9946E-05 0.0393707 0.0298446
0.0197579 9.9982E-05 0.00479584 0.593872 9.9982E-05 0.220772 0.00768108 0.013936 0.0445997 0.0103258 0.0840595
0.10243 0.302281 0.0973366 0.0312249 9.9991E-05 0.0204304 0.00645548 0.265811 0.00455043 0.0958662 0.0735144
9.9928E-05 9.9928E-05 9.9928E-05 9.9928E-05 9.9928E-05 0.930638 0.0285407 9.9928E-05 9.9928E-05 9.9928E-05 0.0400216
0.00406894 9.9964E-05 0.0110444 0.014834 9.9964E-05 0.873986 0.0384985 9.9964E-05 9.9964E-05 0.00364469 0.0535237
0.504022 0.0562447 0.138056 0.0079205 0.0429093 0.0203906 9.9982E-05 0.0838842 9.9982E-05 0.142345 0.00402736
9.9955E-05 9.9955E-05 0.0235478 0.437422 9.9955E-05 0.207546 9.9955E-05 9.9955E-05 0.257719 0.0221661 0.0510996
9.9973E-05 0.0467447 0.00545778 0.423986 0.00886051 0.113345 9.9973E-05 0.039404 0.338001 9.9973E-05 0.0239001
0.00752784 9.9964E-05 9.9964E-05 0.435273 9.9964E-05 0.0858443 0.00763495 0.0218006 0.402092 9.9964E-05 0.0394271
9.9964E-05 0.0205187 0.0213208 0.25251 9.9964E-05 9.9964E-05 9.9964E-05 0.0468851 0.550057 0.039206 0.0691028
9.9964E-05 0.0102582 0.0310081 0.263482 9.9964E-05 9.9964E-05 9.9964E-05 0.0453311 0.564221 0.0201945 0.0651052
9.9973E-05 0.0208237 9.9973E-05 0.416997 0.0465871 0.0792551 0.0350116 0.0298876 0.3706 9.9973E-05 0.000538172
9.99369E-05 9.99369E-05 9.99369E-05 9.99369E-05 9.99369E-05 9.99369E-05 0.0401565 0.833556 0.0325357 9.99369E-05 0.0930522
0.0139602 9.9955E-05 9.9955E-05 0.621206 9.9955E-05 0.319652 9.9955E-05 0.00871621 0.0117671 0.0241983 9.9955E-05
0.0461719 0.771133 9.9946E-05 9.9946E-05 9.9946E-05 0.00522703 9.9946E-05 9.9946E-05 9.9946E-05 0.137583 0.0392861
9.9937E-05 0.569379 0.0320793 9.9937E-05 0.00906537 9.9937E-05 9.9937E-05 9.9937E-05 9.9937E-05 0.388777 9.9937E-05
9.9955E-05 0.013952 0.0290446 0.801941 9.9955E-05 0.11025 0.00477906 9.9955E-05 9.9955E-05 9.9955E-05 0.0395332
0.0611464 0.253668 0.173782 0.125394 0.136709 0.0603829 0.0668822 0.0271145 0.0381293 9.9991E-05 0.0566917
9.9991E-05 0.0413593 0.00927398 0.01697 0.0482568 0.0196292 0.0147206 0.789774 0.0360159 0.00566473 0.018236
0.921921 9.9946E-05 9.9946E-05 0.0274335 9.9946E-05 0.0143115 0.0194339 9.9946E-05 0.0163003 9.9946E-05 9.9946E-05
0.033728 0.690366 0.017416 9.9964E-05 0.0801346 9.9964E-05 0.028437 9.9964E-05 0.0118211 0.137697 9.9964E-05
0.693605 0.0207884 0.00804554 0.00410348 9.9964E-05 0.225337 0.0291402 9.9964E-05 0.0185804 9.9964E-05 9.9964E-05
0.109551 0.0194296 0.0228491 0.000617263 9.9982E-05 0.0503654 0.0110055 0.746883 0.0337213 0.00537762 9.9982E-05
0.023513 0.0452955 0.0173199 9.9964E-05 9.9964E-05 0.694283 0.0523286 0.0260289 0.140831 9.9964E-05 9.9964E-05
9.9946E-05 9.9946E-05 0.0122297 0.0133371 9.9946E-05 9.9946E-05 0.00802874 0.923179 9.9946E-05 9.9946E-05 0.042626
0.0546042 0.0987917 0.0121111 0.0329069 0.0522654 9.9964E-05 9.9964E-05 9.9964E-05 0.147 9.9964E-05 0.601921
0.0142653 0.575674 0.0206431 9.9937E-05 9.9937E-05 9.9937E-05 9.9937E-05 9.9937E-05 9.9937E-05 0.388718 9.9937E-05
0.00337373 9.9964E-05 0.0414315 0.580777 0.00265934 0.314193 9.9964E-05 0.0427826 9.9964E-05 0.0143838 9.9964E-05
0.555898 0.0136938 9.9973E-05 0.361438 0.0350876 0.00308917 0.00186916 9.9973E-05 0.0261549 9.9973E-05 0.00246925
0.0355072 0.0135149 0.0181976 0.905801 0.00774034 9.9964E-05 9.9964E-05 9.9964E-05 0.00562281 0.0132162 9.9964E-05
0.277244 9.9982E-05 0.031312 0.000856819 0.064914 0.0556141 0.17559 0.265278 0.018099 0.110893 9.9982E-05
9.9937E-05 9.9937E-05 0.00315273 0.985183 9.9937E-05 9.9937E-05 0.002723 9.9937E-05 0.00824189 9.9937E-05 9.9937E-05
9.9937E-05 0.0101746 9.9937E-05 0.0327125 0.0643358 9.9937E-05 9.9937E-05 0.892078 9.9937E-05 9.9937E-05 9.9937E-05
0.0496116 0.00517899 0.0211718 0.788482 0.0307643 9.9982E-05 0.0303674 0.019406 0.00646603 0.0483517 9.9982E-05
0.0383325 9.9973E-05 0.0205537 0.817038 9.9973E-05 0.0104871 0.00557891 0.0689844 9.9973E-05 0.0330667 0.00565889
0.0209677 0.74966 9.9964E-05 0.0722664 0.00351304 9.9964E-05 0.0125264 0.0442696 9.9964E-05 0.0963975 9.9964E-05
0.0776605 0.341648 9.9991E-05 0.0396425 0.0894874 0.274855 0.00155759 0.0323466 0.0158921 0.0659941 0.0608164
0.425087 0.229484 0.0168521 0.0036343 9.9973E-05 0.04247 9.9973E-05 0.116488 0.0201156 0.145569 9.9973E-05
9.9973E-05 0.0177296 9.9973E-05 0.0622529 0.039125 0.0110803 0.0312635 0.0208484 0.797204 9.9973E-05 0.0201966
0.0168408 9.9964E-05 9.9964E-05 0.0294382 0.00308331 9.9964E-05 0.0114266 0.000760185 0.927904 9.9964E-05 0.0101467
9.9964E-05 0.0316615 0.00475533 0.0377032 9.9964E-05 9.9964E-05 0.0272099 0.0266679 0.864778 0.00682429 9.9964E-05
9.9982E-05 0.00557791 0.0155919 0.0428933 0.0363618 9.9982E-05 0.0027211 0.0386467 0.832628 0.0231587 0.00222026
9.9928E-05 0.863424 9.9928E-05 9.9928E-05 9.9928E-05 9.9928E-05 9.9928E-05 9.9928E-05 0.034055 0.101721 9.9928E-05
9.9955E-05 0.834082 0.00341672 0.0332972 0.0137141 9.9955E-05 9.9955E-05 9.9955E-05 9.9955E-05 0.0558401 0.05915
9.9973E-05 0.59265 0.0120032 9.9973E-05 0.0981643 9.9973E-05 0.0188632 0.0286019 0.0181635 0.193505 0.0377485
9.9955E-05 9.9955E-05 0.0125589 0.27631 9.9955E-05 0.203698 0.0631986 0.0362148 0.407519 9.9955E-05 9.9955E-05
0.125512 0.14666 0.147831 0.12398 0.0675969 0.0422083 0.0743877 0.0591612 0.0747867 0.0211825 0.116694
0.0147556 0.340083 0.133525 0.00458154 9.9964E-05 0.0108162 9.9964E-05 9.9964E-05 0.0902435 9.9964E-05 0.405595
9.9973E-05 0.715635 0.00173618 0.0106688 0.0838525 9.9973E-05 0.0349737 9.9973E-05 0.00592577 0.0289358 0.117973
0.0216832 0.627684 0.0773105 0.0141056 0.0675199 0.0101541 0.025326 9.9973E-05 9.9973E-05 9.9973E-05 0.155917
0.000827828 0.694127 0.0305812 9.9973E-05 9.9973E-05 0.0232083 0.0251007 9.9973E-05 0.0624524 0.0289173 0.134485
0.0449135 0.475182 0.118306 0.0491014 9.9964E-05 0.053899 9.9964E-05 9.9964E-05 0.0105659 9.9964E-05 0.247632
0.0487587 9.9955E-05 9.9955E-05 9.9955E-05 9.9955E-05 0.0602253 0.0956769 0.0937502 9.9955E-05 0.0278205 0.673269
0.344712 0.00721603 9.9955E-05 9.9955E-05 0.575002 9.9955E-05 0.0074145 0.0193716 9.9955E-05 9.9955E-05 0.0457839
0.308309 0.207982 0.0456757 9.9964E-05 0.302951 9.9964E-05 0.0217667 0.0662197 9.9964E-05 0.0466963 9.9964E-05
9.9955E-05 9.9955E-05 0.00484625 0.92938 0.0169467 0.0226885 0.0213068 9.9955E-05 9.9955E-05 9.9955E-05 0.00433207
9.9955E-05 9.9955E-05 9.9955E-05 0.904222 0.018689 9.9955E-05 0.0440208 0.00193018 9.9955E-05 0.00629174 0.0243465
9.9946E-05 0.0181441 9.9946E-05 0.863593 0.0150717 9.9946E-05 0.042194 9.9946E-05 9.9946E-05 9.9946E-05 0.0603971
9.9955E-05 9.9955E-05 0.00276423 0.369519 9.9955E-05 0.183826 0.0632327 9.9955E-05 0.205904 9.9955E-05 0.174254
9.9946E-05 9.9946E-05 0.00278732 0.305968 9.9946E-05 9.9946E-05 0.00847448 9.9946E-05 0.114952 9.9946E-05 0.567219
9.9928E-05 9.9928E-05 9.9928E-05 0.315771 9.9928E-05 9.9928E-05 9.9928E-05 9.9928E-05 0.105658 9.9928E-05 0.577772
9.99459E-05 0.794681 9.99459E-05 9.99459E-05 0.0224858 9.99459E-05 9.99459E-05 9.99459E-05 0.0211217 0.080168 0.0809441
9.99639E-05 0.712702 9.99639E-05 0.00566505 0.0353833 0.0122368 9.99639E-05 9.99639E-05 0.0440992 0.100048 0.0894655
9.9955E-05 0.862685 9.9955E-05 9.9955E-05 0.0108561 0.00116917 9.9955E-05 0.0222529 9.9955E-05 0.0916323 0.0109047
0.218292 0.0192908 9.9946E-05 0.0187784 9.9946E-05 9.9946E-05 9.9946E-05 0.70474 9.9946E-05 9.9946E-05 0.0382995
0.0226653 9.9946E-05 0.0343467 0.926026 9.9946E-05 9.9946E-05 9.9946E-05 9.9946E-05 0.0130226 0.00334008 9.9946E-05
0.000963143 9.9937E-05 0.0276263 0.926151 9.9937E-05 0.0445601 9.9937E-05 9.9937E-05 9.9937E-05 9.9937E-05 9.9937E-05
0.0186711 9.9946E-05 9.9946E-05 0.850117 9.9946E-05 0.118102 9.9946E-05 9.9946E-05 0.00364098 0.0088686 9.9946E-05
0.0559436 9.9946E-05 9.9946E-05 0.781752 9.9946E-05 0.129767 0.00963092 9.9946E-05 0.0223064 9.9946E-05 9.9946E-05
0.0160717 9.9982E-05 0.0118882 0.814455 0.00725997 0.0876776 0.0114002 0.02084 0.0200426 0.0101646 9.9982E-05
0.965229 9.9928E-05 9.9928E-05 0.0327677 9.9928E-05 0.001204 9.9928E-05 9.9928E-05 9.9928E-05 9.9928E-05 9.9928E-05
9.9982E-05 0.0451091 0.0505846 0.18803 9.9982E-05 0.300251 0.124122 0.0114443 0.160931 0.0140619 0.105267
9.9919E-05 9.9919E-05 9.9919E-05 9.9919E-05 0.0249864 9.9919E-05 9.9919E-05 0.974114 9.9919E-05 9.9919E-05 9.9919E-05
0.949299 9.9937E-05 9.9937E-05 0.0392137 9.9937E-05 9.9937E-05 0.00466357 9.9937E-05 9.9937E-05 9.9937E-05 0.00612389
9.99101E-05 9.99101E-05 9.99101E-05 9.99101E-05 9.99101E-05 9.99101E-05 9.99101E-05 9.99101E-05 9.99101E-05 0.999001 9.99101E-05
0.959871 9.99188E-05 9.99188E-05 9.99188E-05 0.0392298 9.99188E-05 9.99188E-05 9.99188E-05 9.99188E-05 9.99188E-05 9.99188E-05
0.999001 9.99101E-05 9.99101E-05 9.99101E-05 9.99101E-05 9.99101E-05 9.99101E-05 9.99101E-05 9.99101E-05 9.99101E-05 9.99101E-05
0.999001 9.99101E-05 9.99101E-05 9.99101E-05 9.99101E-05 9.99101E-05 9.99101E-05 9.99101E-05 9.99101E-05 9.99101E-05 9.99101E-05
9.9955E-05 9.9955E-05 0.0435442 0.893384 0.0204366 0.0144095 9.9955E-05 9.9955E-05 0.00457894 0.023147 9.9955E-05
0.00405947 9.9937E-05 9.9937E-05 0.940689 9.9937E-05 9.9937E-05 9.9937E-05 0.0232378 9.9937E-05 0.0313146 9.9937E-05
9.99369E-05 9.99369E-05 9.99369E-05 0.186626 9.99369E-05 0.0717631 0.722096 9.99369E-05 9.99369E-05 0.0188156 9.99369E-05
0.0169041 9.9946E-05 0.0459337 0.881306 9.9946E-05 0.0371812 9.9946E-05 9.9946E-05 9.9946E-05 9.9946E-05 0.0180754
9.99101E-05 9.99101E-05 9.99101E-05 0.999001 9.99101E-05 9.99101E-05 9.99101E-05 9.99101E-05 9.99101E-05 9.99101E-05 9.99101E-05
0.609524 9.9928E-05 9.9928E-05 0.236636 9.9928E-05 0.153041 9.9928E-05 9.9928E-05 9.9928E-05 9.9928E-05 9.9928E-05
0.00586098 0.0280729 9.9955E-05 0.797623 9.9955E-05 0.0855744 9.9955E-05 9.9955E-05 0.0464799 9.9955E-05 0.0358893
9.9946E-05 0.035009 9.9946E-05 0.774115 9.9946E-05 0.0820425 9.9946E-05 9.9946E-05 0.058787 9.9946E-05 0.0494469
9.9973E-05 0.0460431 0.00811965 0.171797 0.0242852 0.119864 0.124695 9.9973E-05 0.0852583 9.9973E-05 0.419638
0.139477 9.9946E-05 0.00114028 9.9946E-05 9.9946E-05 9.9946E-05 9.9946E-05 0.838225 0.00547082 0.0150874 9.9946E-05
0.145468 9.9955E-05 9.9955E-05 0.591397 9.9955E-05 0.182027 0.0255272 0.0153936 9.9955E-05 0.0396878 9.9955E-05
0.0139647 0.221922 0.410098 9.9964E-05 0.0217548 0.189687 9.9964E-05 9.9964E-05 0.0583804 0.0837937 9.9964E-05
0.202709 9.9928E-05 9.9928E-05 0.522004 9.9928E-05 0.274487 9.9928E-05 9.9928E-05 9.9928E-05 9.9928E-05 9.9928E-05
0.0238636 0.00466295 9.9946E-05 0.965167 0.00114244 9.9946E-05 9.9946E-05 9.9946E-05 9.9946E-05 0.00456402 9.9946E-05
0.988422 9.99279E-05 9.99279E-05 9.99279E-05 9.99279E-05 9.99279E-05 9.99279E-05 9.99279E-05 0.00750745 0.00327063 9.99279E-05
0.585379 9.9955E-05 9.9955E-05 0.232871 0.124088 0.00210892 9.9955E-05 9.9955E-05 9.9955E-05 0.00953335 0.045519
0.045006 0.0309189 9.9937E-05 9.9937E-05 9.9937E-05 9.9937E-05 9.9937E-05 0.852266 9.9937E-05 9.9937E-05 0.0711091
9.9928E-05 9.9928E-05 9.9928E-05 9.9928E-05 9.9928E-05 0.00519018 9.9928E-05 0.0471963 9.9928E-05 9.9928E-05 0.946814
0.0128935 0.0160812 9.99281E-05 9.99281E-05 0.970226 9.99281E-05 9.99281E-05 9.99281E-05 9.99281E-05 9.99281E-05 9.99281E-05
9.99459E-05 9.99459E-05 9.99459E-05 9.99459E-05 0.112315 9.99459E-05 0.0269143 0.22744 9.99459E-05 0.010685 0.622046
0.0553333 0.0282688 9.9946E-05 0.0328833 0.0366666 9.9946E-05 9.9946E-05 0.846248 9.9946E-05 9.9946E-05 9.9946E-05
0.0845996 0.00496288 9.9946E-05 0.0350784 0.0360428 9.9946E-05 9.9946E-05 0.838717 9.9946E-05 9.9946E-05 9.9946E-05
9.99368E-05 9.99368E-05 9.99368E-05 9.99368E-05 0.00233034 9.99368E-05 0.0725281 0.248229 9.99368E-05 9.99368E-05 0.676213
0.222341 9.9964E-05 9.9964E-05 9.9964E-05 0.10655 0.0211658 0.140895 0.12594 0.00423517 9.9964E-05 0.378473
0.0788118 9.9946E-05 0.00176836 9.9946E-05 9.9946E-05 9.9946E-05 9.9946E-05 0.906833 9.9946E-05 0.0117924 0.000194712
9.9964E-05 0.070964 0.0409498 0.160295 9.9964E-05 0.136952 0.076317 9.9964E-05 0.0816256 9.9964E-05 0.432496
9.9937E-05 0.800224 9.9937E-05 9.9937E-05 0.0330098 9.9937E-05 9.9937E-05 0.0173957 9.9937E-05 0.148671 9.9937E-05
9.99101E-05 9.99101E-05 9.99101E-05 9.99101E-05 9.99101E-05 9.99101E-05 9.99101E-05 9.99101E-05 9.99101E-05 0.999001 9.99101E-05
9.99101E-05 9.99101E-05 0.999001 9.99101E-05 9.99101E-05 9.99101E-05 9.99101E-05 9.99101E-05 9.99101E-05 9.99101E-05 9.99101E-05
9.9955E-05 0.429469 9.9955E-05 0.0149771 0.0242214 9.9955E-05 0.122472 0.123753 9.9955E-05 0.284607 9.9955E-05
0.0104383 0.720771 0.0140033 9.9955E-05 0.0574763 9.9955E-05 9.9955E-05 0.0396462 9.9955E-05 0.157165 9.9955E-05
0.0274405 0.354945 9.9955E-05 0.0108147 0.0255329 9.9955E-05 9.9955E-05 0.579456 9.9955E-05 0.00131123 9.9955E-05
0.0632995 0.82694 0.0180684 9.9955E-05 0.0203695 9.9955E-05 9.9955E-05 0.0169053 9.9955E-05 0.0539177 9.9955E-05
9.9964E-05 0.0886113 0.0467874 9.9964E-05 0.601489 9.9964E-05 9.9964E-05 0.0125358 0.0476274 0.132232 0.0703169
0.0128717 0.620415 9.9928E-05 9.9928E-05 9.9928E-05 9.9928E-05 9.9928E-05 9.9928E-05 9.9928E-05 0.365914 9.9928E-05
9.9955E-05 0.103082 0.0854659 9.9955E-05 0.080262 9.9955E-05 9.9955E-05 9.9955E-05 0.00909373 0.017283 0.704313
0.017135 0.0278505 9.9973E-05 9.9973E-05 0.178959 9.9973E-05 0.0267432 0.14755 0.019455 0.0253044 0.556703
0.226365 0.154848 0.0147175 9.99731E-05 0.113221 9.99731E-05 9.99731E-05 0.072907 0.00853927 0.0450706 0.364032
0.0527737 0.786969 9.9964E-05 0.00465607 0.0163386 9.9964E-05 0.0159665 0.01787 9.9964E-05 0.105027 9.9964E-05
9.9928E-05 9.9928E-05 0.0235353 0.838065 9.9928E-05 0.137601 9.9928E-05 9.9928E-05 9.9928E-05 9.9928E-05 9.9928E-05
0.0236962 9.9937E-05 9.9937E-05 0.00699196 0.956113 9.9937E-05 0.012499 9.9937E-05 9.9937E-05 9.9937E-05 9.9937E-05
9.9946E-05 0.126316 0.0416656 9.9946E-05 0.0178069 9.9946E-05 9.9946E-05 9.9946E-05 0.0699127 9.9946E-05 0.7437
0.00792721 9.9955E-05 9.9955E-05 9.9955E-05 0.930332 9.9955E-05 0.0114653 0.0366981 9.9955E-05 0.0127285 0.000348958
9.9946E-05 9.9946E-05 9.9946E-05 0.848144 0.00247233 0.0932743 0.0292332 9.9946E-05 9.9946E-05 9.9946E-05 0.0262763
0.0448416 9.9937E-05 0.00918992 9.9937E-05 9.9937E-05 9.9937E-05 9.9937E-05 0.914207 9.9937E-05 0.0310621 9.9937E-05
9.9937E-05 9.9937E-05 0.970571 9.9937E-05 9.9937E-05 9.9937E-05 0.0171944 0.000286718 0.0112483 9.9937E-05 9.9937E-05
0.0118545 0.0709112 0.675996 9.9973E-05 9.9973E-05 0.13177 0.0182662 0.0483645 9.9973E-05 0.00525893 0.0372784
0.000296897 0.92548 0.00769748 9.9955E-05 9.9955E-05 9.9955E-05 9.9955E-05 0.0373408 9.9955E-05 0.0136079 0.0150774
0.33816 0.209375 0.0322067 9.9955E-05 0.269835 9.9955E-05 9.9955E-05 0.110165 9.9955E-05 0.039758 9.9955E-05
9.99101E-05 9.99101E-05 9.99101E-05 9.99101E-05 9.99101E-05 9.99101E-05 9.99101E-05 0.999001 9.99101E-05 9.99101E-05 9.99101E-05
9.99101E-05 9.99101E-05 9.99101E-05 9.99101E-05 9.99101E-05 9.99101E-05 9.99101E-05 0.999001 9.99101E-05 9.99101E-05 9.99101E-05
0.398101 0.00688156 9.9982E-05 0.0392763 0.254354 0.0802383 0.106472 0.0613334 0.0353108 9.9982E-05 0.0178324
0.297284 0.249899 9.9955E-05 9.9955E-05 0.34689 9.9955E-05 9.9955E-05 0.0547477 0.00729496 0.0433847 9.9955E-05
9.9955E-05 9.9955E-05 9.9955E-05 0.856722 0.0136553 0.0169951 0.061003 0.00579579 9.9955E-05 9.9955E-05 0.0453294
9.9937E-05 9.9937E-05 9.9937E-05 0.289306 9.9937E-05 9.9937E-05 0.00591556 9.9937E-05 0.12289 9.9937E-05 0.581189
9.9955E-05 9.9955E-05 9.9955E-05 0.553714 0.00519103 0.118194 9.9955E-05 0.0196745 0.278199 9.9955E-05 0.0245279
0.0413026 0.0465928 0.0730386 0.120903 9.9964E-05 0.160051 9.9964E-05 9.9964E-05 0.433552 9.9964E-05 0.124161
0.0502582 0.0351548 0.0615291 0.136824 9.99731E-05 0.153601 9.99731E-05 0.00124972 0.423111 9.99731E-05 0.137972
9.9973E-05 0.0351738 0.00447613 0.288202 9.9973E-05 0.250806 9.9973E-05 0.030863 0.264533 0.0086909 0.116955
9.9928E-05 9.9928E-05 9.9928E-05 0.321917 9.9928E-05 9.9928E-05 9.9928E-05 9.9928E-05 0.0929327 9.9928E-05 0.584351
9.9973E-05 9.9973E-05 0.0476236 0.157027 0.0308381 0.170397 0.0317628 9.9973E-05 0.419967 0.0340096 0.108075
9.9955E-05 9.9955E-05 9.9955E-05 0.209424 9.9955E-05 0.357361 0.0269753 9.9955E-05 0.245238 0.064453 0.0960486
0.0309936 0.0568806 0.0272527 0.0748307 9.9964E-05 9.9964E-05 9.9964E-05 9.9964E-05 0.117264 0.0283012 0.664077
9.9973E-05 0.0223234 9.9973E-05 0.364756 9.9973E-05 0.199933 0.0189603 0.00750336 0.238312 0.0267655 0.121146
0.0219083 0.0908081 0.0296819 0.0670605 0.00176188 9.9982E-05 0.00869319 9.9982E-05 0.135167 0.00551724 0.639202
9.99369E-05 9.99369E-05 9.99369E-05 9.99369E-05 0.106348 9.99369E-05 0.0667531 0.240522 9.99369E-05 9.99369E-05 0.585677
0.0168631 9.99459E-05 0.0183157 9.99459E-05 9.99459E-05 9.99459E-05 0.93565 0.020068 9.99459E-05 9.99459E-05 0.0085031
0.0067149 9.9982E-05 0.0252749 0.288044 0.0454065 0.18025 0.0190991 9.9982E-05 0.171934 0.0364616 0.226615
9.9973E-05 9.9973E-05 0.00612142 0.252051 0.0862037 0.145233 0.0189106 9.9973E-05 0.199125 0.0163313 0.275724
9.99371E-05 9.99371E-05 9.99371E-05 0.26397 9.99371E-05 9.99371E-05 0.0130837 9.99371E-05 0.145131 9.99371E-05 0.577116
9.9964E-05 9.9964E-05 0.0297379 0.36863 0.0269539 0.182158 0.0095452 9.9964E-05 0.290009 9.9964E-05 0.0925657
9.99461E-05 0.0986618 0.0082938 9.99461E-05 0.837974 0.0163617 9.99461E-05 9.99461E-05 9.99461E-05 9.99461E-05 0.0381091
9.9955E-05 0.00969406 9.9955E-05 0.882979 0.0180838 0.0153097 0.0438134 9.9955E-05 9.9955E-05 9.9955E-05 0.0296203
0.0408532 0.045692 0.0509959 0.120241 9.9973E-05 0.119998 9.9973E-05 9.9973E-05 0.437523 0.0190588 0.165338
9.99641E-05 9.99641E-05 0.0200804 0.354692 9.99641E-05 0.26843 0.0410923 9.99641E-05 0.142372 0.0100936 0.16284
9.9964E-05 9.9964E-05 0.0517864 0.2066 9.9964E-05 0.1535 0.00776953 9.9964E-05 0.404469 0.0424334 0.133042
0.0278159 9.9982E-05 0.0625066 0.207974 9.9982E-05 0.232457 0.0662467 0.00713302 0.328745 0.0126452 0.0542765
0.00395942 0.0697976 9.9955E-05 9.9955E-05 9.9955E-05 9.9955E-05 0.0465828 0.00155578 9.9955E-05 0.869517 0.00808801
0.00913863 0.15467 0.0533863 0.000706527 0.471256 0.0106245 0.0102862 9.9991E-05 0.0410378 0.240542 0.00825161
9.9955E-05 9.9955E-05 0.00258748 0.75735 9.9955E-05 0.106857 0.00936347 9.9955E-05 0.0836402 9.9955E-05 0.0397022
9.9928E-05 9.9928E-05 9.9928E-05 9.9928E-05 0.958036 9.9928E-05 9.9928E-05 9.9928E-05 9.9928E-05 0.0162597 0.0249051
0.0260579 0.0628001 9.9946E-05 0.00589019 9.9946E-05 9.9946E-05 0.0549048 9.9946E-05 9.9946E-05 0.849747 9.9946E-05
9.99189E-05 9.99189E-05 9.99189E-05 9.99189E-05 9.99189E-05 9.99189E-05 9.99189E-05 0.107687 9.99189E-05 9.99189E-05 0.891413
9.99101E-05 9.99101E-05 9.99101E-05 0.999001 9.99101E-05 9.99101E-05 9.99101E-05 9.99101E-05 9.99101E-05 9.99101E-05 9.99101E-05
0.00505691 9.9946E-05 0.0242154 0.965864 9.9946E-05 0.00203985 9.9946E-05 0.00222381 9.9946E-05 9.9946E-05 9.9946E-05
9.9946E-05 9.9946E-05 0.0379689 0.916132 0.00700823 9.9946E-05 9.9946E-05 0.0162839 0.0220077 9.9946E-05 9.9946E-05
9.9928E-05 9.9928E-05 9.9928E-05 0.961873 9.9928E-05 0.0235503 9.9928E-05 9.9928E-05 0.0137772 9.9928E-05 9.9928E-05
0.201754 0.00900088 9.9946E-05 0.054177 9.9946E-05 9.9946E-05 9.9946E-05 0.696631 9.9946E-05 9.9946E-05 0.0378379
0.00989746 9.9955E-05 0.0273334 0.81652 9.9955E-05 0.0439832 0.0198911 9.9955E-05 9.9955E-05 0.0818755 9.9955E-05
9.99101E-05 9.99101E-05 9.99101E-05 9.99101E-05 9.99101E-05 9.99101E-05 9.99101E-05 9.99101E-05 9.99101E-05 0.999001 9.99101E-05
9.9937E-05 0.813187 9.9937E-05 9.9937E-05 9.9937E-05 9.9937E-05 9.9937E-05 9.9937E-05 0.00023874 0.147431 0.0384439
0.0368153 0.593457 0.0124827 9.9937E-05 9.9937E-05 9.9937E-05 9.9937E-05 9.9937E-05 9.9937E-05 0.356546 9.9937E-05
0.00368944 0.766829 0.0181798 9.9946E-05 9.9946E-05 9.9946E-05 9.9946E-05 0.00190166 9.9946E-05 0.208801 9.9946E-05
0.0471401 0.655791 0.0205616 9.9964E-05 0.0240354 0.00167418 9.9964E-05 9.9964E-05 0.00159569 0.248802 9.9964E-05
0.0288642 0.0253783 0.0765017 0.074976 9.9973E-05 0.0397007 9.9973E-05 9.9973E-05 0.559949 0.0644839 0.129847
0.00374781 0.0456715 0.106987 0.0749209 0.00921106 0.0498026 9.9982E-05 9.9982E-05 0.507173 0.058476 0.14381
9.9955E-05 0.0102021 9.9955E-05 9.9955E-05 0.0240275 9.9955E-05 9.9955E-05 0.020776 0.908449 0.00425179 0.0317936
9.9955E-05 0.0330922 0.00194145 0.0509333 9.9955E-05 0.0367243 0.019196 9.9955E-05 0.857613 9.9955E-05 9.9955E-05
9.9955E-05 9.9955E-05 9.9955E-05 0.00258878 0.00786124 0.00795431 0.0289064 9.9955E-05 0.944239 0.0079501 9.9955E-05
9.9955E-05 9.9955E-05 0.00841759 9.9955E-05 0.0431808 9.9955E-05 0.0603633 0.218839 0.269455 9.9955E-05 0.399245
9.9928E-05 9.9928E-05 0.00844751 9.9928E-05 0.0343002 9.9928E-05 9.9928E-05 9.9928E-05 0.956453 9.9928E-05 9.9928E-05
0.0992347 0.131458 0.00590003 0.180332 0.177958 0.00384094 0.124166 0.0704981 0.136398 0.0701149 9.9991E-05
9.9919E-05 9.9919E-05 9.9919E-05 9.9919E-05 9.9919E-05 0.00435052 9.9919E-05 9.9919E-05 0.99475 9.9919E-05 9.9919E-05
9.9919E-05 9.9919E-05 9.9919E-05 9.9919E-05 9.9919E-05 0.0313457 9.9919E-05 9.9919E-05 0.967755 9.9919E-05 9.9919E-05
9.9937E-05 9.9937E-05 0.0188159 0.0298599 9.9937E-05 0.00603826 9.9937E-05 9.9937E-05 0.944586 9.9937E-05 9.9937E-05
0.0287783 0.0341945 9.9955E-05 0.0129861 9.9955E-05 0.681038 0.026673 9.9955E-05 0.215831 9.9955E-05 9.9955E-05
0.00717533 9.99281E-05 9.99281E-05 9.99281E-05 9.99281E-05 0.0227703 9.99281E-05 9.99281E-05 0.969255 9.99281E-05 9.99281E-05
0.0280099 9.9955E-05 0.0145966 9.9955E-05 9.9955E-05 0.094411 0.0140633 9.9955E-05 0.834658 0.0137611 9.9955E-05
9.9955E-05 0.018422 0.00452695 9.9955E-05 0.908755 9.9955E-05 9.9955E-05 9.9955E-05 0.00247483 0.0167617 0.0485594
9.9991E-05 0.159561 0.0595948 0.00693661 0.591544 0.00768108 0.0309873 0.0383489 0.0698706 0.0133481 0.0220281
0.00872442 0.617439 9.9964E-05 9.9964E-05 0.133644 9.9964E-05 0.0131804 9.9964E-05 0.0257729 0.0817085 0.119131
9.99461E-05 0.844917 0.0267583 9.99461E-05 0.0767357 9.99461E-05 9.99461E-05 0.0415332 9.99461E-05 9.99461E-05 0.00945662
0.0130843 0.015342 9.9964E-05 9.9964E-05 0.0921479 9.9964E-05 9.9964E-05 0.188504 0.0103966 0.028264 0.651861
9.9964E-05 0.696529 0.0250934 9.9964E-05 0.0731243 9.9964E-05 0.0743277 9.9964E-05 0.0338332 0.063894 0.0327984
0.0618255 9.9946E-05 9.9946E-05 0.0098175 0.915838 0.000609224 9.9946E-05 9.9946E-05 9.9946E-05 9.9946E-05 0.0113106
0.0289977 0.00831233 9.99281E-05 9.99281E-05 0.961891 9.99281E-05 9.99281E-05 9.99281E-05 9.99281E-05 9.99281E-05 9.99281E-05
9.99369E-05 9.99369E-05 9.99369E-05 9.99369E-05 0.0352629 9.99369E-05 0.0214392 0.224961 9.99369E-05 9.99369E-05 0.717637
9.9955E-05 0.70464 0.0334835 0.00389454 0.0297744 9.9955E-05 9.9955E-05 9.9955E-05 0.0544476 9.9955E-05 0.17326
0.0951713 0.419267 0.0916927 0.0215176 0.101568 0.00671247 0.00281546 9.9991E-05 0.0299663 0.0693967 0.161792
9.99553E-05 0.0518881 0.0180736 9.99553E-05 0.0484569 9.99553E-05 9.99553E-05 0.107994 0.0476403 9.99553E-05 0.725448
9.99369E-05 9.99369E-05 9.99369E-05 9.99369E-05 0.0573296 9.99369E-05 0.0695441 0.21425 9.99369E-05 9.99369E-05 0.658176
9.9964E-05 0.00659564 0.00200956 9.9964E-05 0.144249 9.9964E-05 0.0200212 0.16263 9.9964E-05 0.0609991 0.603096
9.9964E-05 0.00305641 9.9964E-05 0.0601473 0.575036 0.00961354 0.0842342 0.0241122 9.9964E-05 0.243401 9.9964E-05
9.99459E-05 9.99459E-05 0.0101982 9.99459E-05 0.0735164 9.99459E-05 0.0395401 0.250431 9.99459E-05 9.99459E-05 0.625714
9.9937E-05 9.9937E-05 9.9937E-05 9.9937E-05 0.946086 9.9937E-05 0.0338124 0.0123914 0.00701058 9.9937E-05 9.9937E-05
9.9928E-05 9.9928E-05 9.9928E-05 9.9928E-05 9.9928E-05 0.00192387 9.9928E-05 0.128847 9.9928E-05 9.9928E-05 0.868429
9.9928E-05 9.9928E-05 0.00888279 9.9928E-05 9.9928E-05 9.9928E-05 9.9928E-05 0.088006 9.9928E-05 9.9928E-05 0.902312
9.9973E-05 9.9973E-05 0.0536277 0.234824 9.9973E-05 0.103668 0.025062 0.0252764 0.147343 0.0152801 0.394618
9.9937E-05 9.9937E-05 9.9937E-05 9.9937E-05 0.0278549 9.9937E-05 0.0290585 0.281592 9.9937E-05 9.9937E-05 0.660795
9.99279E-05 9.99279E-05 9.99279E-05 9.99279E-05 9.99279E-05 9.99279E-05 0.0500629 0.271782 9.99279E-05 9.99279E-05 0.677355
9.9946E-05 9.9946E-05 9.9946E-05 9.9946E-05 0.0110724 9.9946E-05 0.0239832 0.318408 9.9946E-05 0.00478013 0.641157
9.9955E-05 0.149274 0.0971183 0.0346694 0.098793 9.9955E-05 9.9955E-05 9.9955E-05 0.057455 9.9955E-05 0.562191
9.9946E-05 0.100527 9.9946E-05 9.9946E-05 0.807054 0.0094599 0.0159252 9.9946E-05 9.9946E-05 9.9946E-05 0.0664349
