0.117688 9.9973E-05 0.0322611 0.0458902 0.17768 9.9973E-05 0.620302 0.0058795 9.9973E-05
0.0750654 9.9955E-05 0.281561 9.9955E-05 0.327684 9.9955E-05 0.31519 9.9955E-05 9.9955E-05
0.0663523 9.9982E-05 0.29318 9.9982E-05 0.258032 0.0104626 0.285895 0.020376 0.0655009
0.101342 9.9964E-05 9.9964E-05 0.035562 0.226303 0.00382068 0.632573 9.9964E-05 9.9964E-05
9.9982E-05 9.9982E-05 0.914601 0.0130485 0.0189462 0.023932 0.00431248 0.0147567 0.010203
0.0403667 0.053563 0.219433 9.9973E-05 0.389592 9.9973E-05 0.280335 9.9973E-05 0.0164105
0.00852091 9.99461E-05 9.99461E-05 0.47269 9.99461E-05 9.99461E-05 9.99461E-05 0.518189 9.99461E-05
9.9937E-05 9.9937E-05 9.9937E-05 9.9937E-05 0.021109 9.9937E-05 9.9937E-05 0.978191 9.9937E-05
0.0229786 9.9946E-05 9.9946E-05 9.9946E-05 0.0214724 9.9946E-05 9.9946E-05 0.954949 9.9946E-05
9.99371E-05 9.99371E-05 9.99371E-05 9.99371E-05 9.99371E-05 0.00591866 9.99371E-05 0.993382 9.99371E-05
0.23725 9.9973E-05 0.0197751 0.0718263 0.0180253 0.0133532 9.9973E-05 9.9973E-05 0.63947
0.232749 9.9955E-05 9.9955E-05 9.9955E-05 9.9955E-05 9.9955E-05 0.0244607 0.00830617 0.733985
0.380365 9.9964E-05 9.9964E-05 0.0118813 9.9964E-05 9.9964E-05 0.0126 0.00164067 0.593113
0.298141 9.9946E-05 9.9946E-05 0.0245537 9.9946E-05 9.9946E-05 9.9946E-05 9.9946E-05 0.676706
0.00260312 0.803561 9.9973E-05 0.0442983 9.9973E-05 0.0267041 0.116224 0.00630934 9.9973E-05
9.9937E-05 9.9937E-05 9.9937E-05 0.0189181 9.9937E-05 9.9937E-05 9.9937E-05 0.980382 9.9937E-05
0.0105386 9.9964E-05 9.9964E-05 0.932329 9.9964E-05 9.9964E-05 0.0184496 0.0150387 0.0232443
9.99461E-05 0.8658 9.99461E-05 9.99461E-05 9.99461E-05 9.99461E-05 9.99461E-05 0.0123638 0.121236
9.9973E-05 0.563055 9.9973E-05 0.0210497 9.9973E-05 0.044015 0.135024 0.0153451 0.221211
0.0537444 0.35501 9.9964E-05 9.9964E-05 9.9964E-05 0.010627 9.9964E-05 0.0348196 0.545399
9.9964E-05 0.751669 9.9964E-05 9.9964E-05 9.9964E-05 0.014572 0.100646 0.0293807 0.103332
9.9964E-05 0.0137285 9.9964E-05 9.9964E-05 0.00660798 0.000614629 9.9964E-05 0.00446398 0.974185
9.9955E-05 0.867595 9.9955E-05 0.0124955 0.00131313 9.9955E-05 9.9955E-05 9.9955E-05 0.118097
9.9964E-05 0.0578768 9.9964E-05 0.0316617 0.0391504 9.9964E-05 9.9964E-05 0.0135241 0.857387
0.00954446 0.0097188 9.9955E-05 9.9955E-05 9.9955E-05 9.9955E-05 0.0122336 9.9955E-05 0.968003
9.9964E-05 0.926879 9.9964E-05 0.0316595 0.00922785 9.9964E-05 0.00820826 9.9964E-05 0.0236254
0.00512304 0.864155 9.9955E-05 9.9955E-05 9.9955E-05 9.9955E-05 9.9955E-05 0.0158168 0.114405
0.0393629 0.577323 9.9964E-05 9.9964E-05 0.0296564 0.0499582 9.9964E-05 9.9964E-05 0.303299
9.9955E-05 0.866569 9.9955E-05 9.9955E-05 9.9955E-05 0.0314309 9.9955E-05 0.0153345 0.0861656
0.0328911 0.916144 9.9973E-05 9.9973E-05 0.00957894 0.00192936 0.0125628 9.9973E-05 0.0265941
0.0117245 9.9964E-05 9.9964E-05 0.00992946 9.9964E-05 0.028166 9.9964E-05 0.00168224 0.948098
0.478053 9.9946E-05 9.9946E-05 0.0923238 9.9946E-05 9.9946E-05 9.9946E-05 9.9946E-05 0.429023
0.031923 0.884963 9.9955E-05 9.9955E-05 0.00488782 9.9955E-05 9.9955E-05 9.9955E-05 0.0777267
0.0121555 0.140927 0.0246222 0.0262241 9.99803E-05 9.99803E-05 9.99803E-05 0.0185878 0.777183
0.00577698 0.914814 0.0174565 9.9955E-05 9.9955E-05 9.9955E-05 9.9955E-05 9.9955E-05 0.0614531
0.0849524 9.9946E-05 9.9946E-05 9.9946E-05 0.00452856 9.9946E-05 9.9946E-05 9.9946E-05 0.909919
9.99461E-05 0.86917 0.0163788 9.99461E-05 9.99461E-05 9.99461E-05 9.99461E-05 9.99461E-05 0.113851
0.0366597 9.9955E-05 9.9955E-05 0.00675972 9.9955E-05 0.0188334 9.9955E-05 9.9955E-05 0.937247
9.9955E-05 9.9955E-05 0.108985 9.9955E-05 0.109477 0.107459 0.673579 9.9955E-05 9.9955E-05
9.9937E-05 9.9937E-05 0.629582 9.9937E-05 0.369719 9.9937E-05 9.9937E-05 9.9937E-05 9.9937E-05
0.959627 9.9937E-05 0.0396731 9.9937E-05 9.9937E-05 9.9937E-05 9.9937E-05 9.9937E-05 9.9937E-05
9.9946E-05 0.93074 9.9946E-05 0.00632042 9.9946E-05 9.9946E-05 9.9946E-05 9.9946E-05 0.0623399
9.99461E-05 9.99461E-05 9.99461E-05 0.012689 9.99461E-05 0.0293738 9.99461E-05 9.99461E-05 0.957338
0.0141048 9.9964E-05 9.9964E-05 0.330004 0.580295 0.0715831 9.9964E-05 9.9964E-05 0.00361353
0.0137825 0.52773 9.9982E-05 0.005848 9.9982E-05 0.0437847 0.121597 0.0562356 0.230822
0.193574 0.35146 0.00356519 0.0771442 9.9991E-05 0.006622 0.0332684 0.0159184 0.318348
9.9973E-05 0.821363 0.0203452 9.9973E-05 9.9973E-05 0.0131168 0.068943 0.018111 0.0578207
9.9982E-05 0.0334605 0.316592 0.0246966 0.373286 0.0194596 0.178824 9.9982E-05 0.0534814
0.0529732 9.9964E-05 0.108432 9.9964E-05 0.253873 0.517847 0.0664749 9.9964E-05 9.9964E-05
9.9946E-05 9.9946E-05 9.9946E-05 0.33911 9.9946E-05 9.9946E-05 0.651062 9.9946E-05 0.00922824
0.0188965 9.99549E-05 9.99549E-05 0.167163 9.99549E-05 9.99549E-05 0.703567 9.99549E-05 0.109873
9.99549E-05 9.99549E-05 9.99549E-05 0.165823 9.99549E-05 9.99549E-05 0.664044 0.00257672 0.167057
9.99369E-05 9.99369E-05 9.99369E-05 0.230248 9.99369E-05 9.99369E-05 0.769052 9.99369E-05 9.99369E-05
0.026404 0.00603318 0.032733 0.00380296 9.9973E-05 9.9973E-05 9.9973E-05 0.917894 0.0128324
9.9946E-05 9.9946E-05 9.9946E-05 9.9946E-05 9.9946E-05 9.9946E-05 0.00981557 0.959359 0.0302261
0.632466 0.0320429 9.9964E-05 0.277094 9.9964E-05 9.9964E-05 9.9964E-05 0.00487753 0.0531199
0.117343 0.00281755 0.00278494 9.9955E-05 9.9955E-05 9.9955E-05 9.9955E-05 9.9955E-05 0.876554
9.9973E-05 0.195679 0.196363 9.9973E-05 9.9973E-05 0.0753973 0.471871 0.0194541 0.0409363
9.9973E-05 0.00498566 0.882763 9.9973E-05 0.0199361 0.0141868 0.0727395 9.9973E-05 0.00508888
9.9964E-05 0.0289102 0.42714 9.9964E-05 0.219843 0.273553 0.050154 9.9964E-05 9.9964E-05
9.9937E-05 9.9937E-05 9.9937E-05 0.979028 0.0202723 9.9937E-05 9.9937E-05 9.9937E-05 9.9937E-05
0.0152016 0.0161312 0.0268485 0.721232 9.9982E-05 9.9982E-05 0.181738 0.015194 0.0234548
0.121073 9.9964E-05 9.9964E-05 0.647869 0.0220009 0.0576402 0.151017 9.9964E-05 9.9964E-05
9.9937E-05 9.9937E-05 9.9937E-05 9.9937E-05 9.9937E-05 9.9937E-05 0.0353665 0.963934 9.9937E-05
9.9964E-05 9.9964E-05 0.835432 9.9964E-05 0.120013 9.9964E-05 0.0392652 0.00146714 0.00342363
9.9946E-05 0.0241437 9.9946E-05 0.966313 9.9946E-05 0.00894329 9.9946E-05 9.9946E-05 9.9946E-05
9.9973E-05 9.9973E-05 0.0418692 0.0113255 0.0828922 0.0218565 0.834537 0.00721996 9.9973E-05
0.167916 0.0180446 9.9955E-05 0.027613 9.9955E-05 9.9955E-05 9.9955E-05 9.9955E-05 0.785927
0.39445 9.9937E-05 9.9937E-05 9.9937E-05 9.9937E-05 9.9937E-05 9.9937E-05 9.9937E-05 0.604851
9.9973E-05 0.0315881 0.0561054 0.0399237 9.9973E-05 0.0358148 0.0724535 0.763815 9.9973E-05
9.9982E-05 0.050536 0.021802 0.0273194 9.9982E-05 0.0217094 0.0590898 0.804585 0.0147581
9.9973E-05 0.0034469 9.9973E-05 0.0171188 9.9973E-05 0.0137785 0.0552518 0.871206 0.0388977
0.00107756 9.9964E-05 0.0364029 9.9964E-05 9.9964E-05 9.9964E-05 0.00763711 0.946611 0.00787156
9.9946E-05 9.9946E-05 9.9946E-05 9.9946E-05 9.9946E-05 9.9946E-05 0.0370654 0.957091 0.00524385
9.9946E-05 9.9946E-05 0.0212725 0.000729861 9.9946E-05 9.9946E-05 9.9946E-05 0.977398 9.9946E-05
9.9937E-05 9.9937E-05 9.9937E-05 0.00342516 9.9937E-05 9.9937E-05 9.9937E-05 0.995875 9.9937E-05
9.9955E-05 0.0130055 0.0117885 9.9955E-05 9.9955E-05 9.9955E-05 9.9955E-05 0.969271 0.00543486
9.9955E-05 9.9955E-05 9.9955E-05 9.9955E-05 0.0179156 9.9955E-05 0.00872043 0.962945 0.00991866
9.993E-05 9.993E-05 9.993E-05 9.993E-05 9.993E-05 9.993E-05 9.993E-05 0.999201 9.993E-05
0.000426966 9.9982E-05 0.0103731 0.0140286 9.9982E-05 0.00541562 0.00447051 0.934444 0.0306412
9.9964E-05 0.0208762 9.9964E-05 9.9964E-05 9.9964E-05 0.0108631 0.0326238 0.918243 0.0169939
9.9964E-05 9.9964E-05 9.9964E-05 0.0257544 0.00738023 0.0055584 0.0147956 0.946112 9.9964E-05
9.9964E-05 0.398053 9.9964E-05 9.9964E-05 0.00229643 0.00578449 9.9964E-05 0.535753 0.0577133
9.99461E-05 0.435706 9.99461E-05 9.99461E-05 9.99461E-05 9.99461E-05 9.99461E-05 0.561982 0.00171249
0.00289296 9.9946E-05 9.9946E-05 9.9946E-05 9.9946E-05 9.9946E-05 9.9946E-05 0.989286 0.00722177
9.99371E-05 9.99371E-05 9.99371E-05 9.99371E-05 9.99371E-05 9.99371E-05 0.0607366 0.938564 9.99371E-05
9.9964E-05 9.9964E-05 0.00518368 0.0198218 0.0240026 9.9964E-05 0.0370191 0.913573 9.9964E-05
0.00799294 0.0237007 0.0196927 9.9973E-05 9.9973E-05 0.00891147 0.0308768 0.908526 9.9973E-05
9.993E-05 9.993E-05 9.993E-05 9.993E-05 9.993E-05 9.993E-05 9.993E-05 0.999201 9.993E-05
9.99461E-05 0.424311 9.99461E-05 9.99461E-05 9.99461E-05 9.99461E-05 9.99461E-05 0.540712 0.0343772
0.0142511 0.00844453 0.0135889 9.9982E-05 0.00388179 0.0371742 9.9982E-05 0.895621 0.0268388
0.0242411 9.9964E-05 0.000640047 0.026273 0.0179352 9.9964E-05 9.9964E-05 0.930511 9.9964E-05
0.0247708 9.9964E-05 0.000451797 9.9964E-05 9.9964E-05 0.000181809 0.0251213 0.949074 9.9964E-05
9.9964E-05 9.9964E-05 0.004797 9.9964E-05 0.0397726 0.00132121 0.0224127 0.931297 9.9964E-05
9.9982E-05 0.00927883 0.00471574 0.0315855 9.9982E-05 0.0166589 0.0452577 0.866786 0.0255175
9.9955E-05 9.9955E-05 9.9955E-05 0.0380989 9.9955E-05 0.0116203 0.00541812 0.944363 9.9955E-05
0.0558147 0.603067 0.0748191 0.168143 0.0655797 0.0322763 9.9973E-05 9.9973E-05 9.9973E-05
9.9973E-05 0.00105899 9.9973E-05 9.9973E-05 0.0198506 0.0186426 0.0291404 0.920402 0.0106053
0.00157876 0.0226351 9.9955E-05 9.9955E-05 9.9955E-05 9.9955E-05 9.9955E-05 0.966295 0.00899092
9.9991E-05 0.0613798 0.00708771 0.018292 0.101171 0.0305216 0.0508832 0.722348 0.00821729
9.9937E-05 9.9937E-05 9.9937E-05 0.0101882 9.9937E-05 9.9937E-05 9.9937E-05 0.989112 9.9937E-05
0.0125622 9.9946E-05 9.9946E-05 0.0170909 9.9946E-05 9.9946E-05 9.9946E-05 0.969747 9.9946E-05
9.9955E-05 9.9955E-05 9.9955E-05 9.9955E-05 0.0109925 0.0037539 0.00139334 0.98336 9.9955E-05
9.9955E-05 0.0199611 9.9955E-05 9.9955E-05 9.9955E-05 0.00757699 9.9955E-05 0.961423 0.0105389
0.05067 0.886613 9.9964E-05 9.9964E-05 0.00494591 0.0273418 9.9964E-05 0.0300295 9.9964E-05
9.993E-05 9.993E-05 9.993E-05 9.993E-05 9.993E-05 9.993E-05 9.993E-05 0.999201 9.993E-05
9.9937E-05 9.9937E-05 9.9937E-05 9.9937E-05 9.9937E-05 9.9937E-05 0.0480763 0.951224 9.9937E-05
9.9937E-05 9.9937E-05 9.9937E-05 9.9937E-05 9.9937E-05 0.00584892 9.9937E-05 0.993452 9.9937E-05
0.375737 0.610407 9.99639E-05 0.00457185 0.00125814 9.99639E-05 9.99639E-05 0.0076261 9.99639E-05
0.00631501 0.0200265 0.0372804 9.9973E-05 0.00642113 0.0041817 9.9973E-05 0.925475 9.9973E-05
0.00565929 9.9946E-05 9.9946E-05 9.9946E-05 9.9946E-05 9.9946E-05 9.9946E-05 0.958723 0.0350184
9.9964E-05 0.00787615 9.9964E-05 9.9964E-05 0.0253763 0.000364106 0.00712175 0.958862 9.9964E-05
0.00626507 9.9955E-05 9.9955E-05 0.00151206 9.9955E-05 9.9955E-05 9.9955E-05 0.984221 0.00750253
9.9964E-05 0.632051 9.9964E-05 0.0101034 9.9964E-05 9.9964E-05 0.0761021 0.0273149 0.254029
9.99461E-05 9.99461E-05 0.004548 0.00153899 9.99461E-05 9.99461E-05 9.99461E-05 0.993313 9.99461E-05
9.9955E-05 9.9955E-05 0.00477051 9.9955E-05 0.0133211 9.9955E-05 0.0661739 0.915235 9.9955E-05
9.99551E-05 0.455253 9.99551E-05 0.0181562 9.99551E-05 9.99551E-05 9.99551E-05 0.513883 0.0122084
0.000219259 9.99461E-05 9.99461E-05 9.99461E-05 0.014386 9.99461E-05 9.99461E-05 0.984795 9.99461E-05
0.175865 0.190379 9.9955E-05 9.9955E-05 9.9955E-05 9.9955E-05 9.9955E-05 0.0390042 0.594252
0.108461 0.276493 0.023066 9.9964E-05 9.9964E-05 9.9964E-05 0.00326067 9.9964E-05 0.58832
0.155334 9.9982E-05 0.00879806 9.9982E-05 0.0251096 0.0184421 0.0224045 0.0176796 0.752033
9.9973E-05 0.868288 0.0070516 0.060597 0.0119929 9.9973E-05 9.9973E-05 0.0256641 0.0261061
9.9973E-05 9.9973E-05 0.0129884 0.776557 9.9973E-05 0.0378281 0.0812632 0.0329223 0.0581409
0.0787477 0.0422245 9.9982E-05 0.00824419 0.0321557 0.00100641 9.9982E-05 0.0356693 0.801752
0.165026 0.194106 0.0258945 0.333574 9.9973E-05 0.0472592 9.9973E-05 9.9973E-05 0.233841
0.105529 0.156522 0.0297557 9.9964E-05 9.9964E-05 9.9964E-05 9.9964E-05 0.0252556 0.682538
0.0196883 0.244087 0.0319883 0.0372801 9.9973E-05 0.0195819 9.9973E-05 9.9973E-05 0.647075
0.0756563 0.192957 9.9973E-05 9.9973E-05 9.9973E-05 0.0302665 0.0170049 0.0111159 0.6727
0.0210335 0.247718 0.0328476 0.0152946 9.9973E-05 0.0723206 9.9973E-05 9.9973E-05 0.610485
0.0302431 0.286424 0.0327523 0.00452149 0.00596157 0.0346145 9.9982E-05 9.9982E-05 0.605283
0.0695744 9.99551E-05 0.00995755 9.99551E-05 9.99551E-05 9.99551E-05 9.99551E-05 0.0280237 0.891945
0.284158 9.9973E-05 0.00476824 0.0491805 0.00214949 0.0128215 9.9973E-05 9.9973E-05 0.646622
0.267412 9.9964E-05 9.9964E-05 0.0689988 0.00790911 9.9964E-05 9.9964E-05 0.0307174 0.624563
0.0343354 0.74451 9.9982E-05 0.0428953 9.9982E-05 0.0573346 0.0346422 0.0365273 0.0495549
9.9937E-05 9.9937E-05 9.9937E-05 9.9937E-05 0.983007 9.9937E-05 9.9937E-05 9.9937E-05 0.0162934
9.9946E-05 9.9946E-05 9.9946E-05 9.9946E-05 0.93297 9.9946E-05 0.0459704 0.0204601 9.9946E-05
0.0337736 9.9982E-05 0.614308 0.0132744 0.221872 0.0363041 0.0780917 0.00217555 9.9982E-05
0.0943307 0.367375 0.00273716 0.315155 0.0182157 0.0289795 0.037723 0.112363 0.0231214
9.9946E-05 9.9946E-05 9.9946E-05 9.9946E-05 0.958988 9.9946E-05 0.0372032 0.00320909 9.9946E-05
0.0145834 0.00850052 9.9955E-05 9.9955E-05 0.92303 9.9955E-05 0.053386 9.9955E-05 9.9955E-05
0.527536 0.168207 0.0458831 0.0935512 0.0173735 9.9982E-05 0.0287306 0.118518 9.9982E-05
9.9973E-05 9.9973E-05 0.448718 0.00745639 0.219237 0.289677 0.0120119 0.0225994 9.9973E-05
0.00334457 0.0527882 0.419123 0.0031925 0.0965361 0.371837 0.0360706 9.9991E-05 0.0170085
9.9982E-05 0.000696393 0.454672 0.0247651 0.0701879 0.424301 0.0226704 0.00250733 9.9982E-05
9.9982E-05 0.0357695 0.249428 0.0491299 9.9982E-05 0.584628 0.0561226 0.0162145 0.00850729
9.9973E-05 0.0315592 0.254426 0.0637847 9.9973E-05 0.580843 0.0575728 0.0115141 9.9973E-05
9.9982E-05 0.0332923 0.435941 0.0376895 0.0908991 0.372039 0.000763408 9.9982E-05 0.0291761
9.9955E-05 9.9955E-05 9.9955E-05 0.804568 9.9955E-05 0.0488095 0.131417 0.0147057 9.9955E-05
9.9964E-05 0.0207663 0.631057 9.9964E-05 0.321341 0.00128877 9.9964E-05 0.025147 9.9964E-05
0.0195272 0.879498 9.9982E-05 0.0258136 0.013225 9.9982E-05 0.0177549 0.0218945 0.0220867
0.0494665 0.899484 0.0122989 9.9973E-05 0.00740676 0.00821929 9.9973E-05 0.022825 9.9973E-05
9.9973E-05 0.0117479 0.844633 9.9973E-05 0.0771619 0.00367729 0.0472351 0.0152454 9.9973E-05
0.107474 0.223769 0.110841 0.0927103 0.121504 0.0922836 0.0542557 0.0910802 0.106082
9.9982E-05 0.0102532 0.0336323 0.786799 0.0057482 0.0396339 0.0747718 9.9982E-05 0.0489618
0.910302 9.9955E-05 0.0361156 9.9955E-05 0.0361568 0.0169257 9.9955E-05 9.9955E-05 9.9955E-05
0.0599221 0.767914 9.9973E-05 0.0604258 9.9973E-05 0.0469142 9.9973E-05 0.0231904 0.041334
0.724668 9.9964E-05 0.0172756 9.9964E-05 0.229618 0.0141258 9.9964E-05 0.013913 9.9964E-05
0.0823707 0.0196646 9.9982E-05 0.77254 0.0398353 0.0367471 0.0373478 0.0112941 9.9982E-05
0.00883967 0.0366195 9.9991E-05 0.00588449 0.716306 0.156518 0.0300642 0.0289611 0.0167071
9.9964E-05 0.00703735 0.01877 0.884468 9.9964E-05 0.0256641 0.0636605 9.9964E-05 9.9964E-05
9.9973E-05 0.0901299 0.0569971 9.9973E-05 9.9973E-05 0.114152 0.600733 0.0291404 0.108547
0.0494058 0.926027 9.9964E-05 0.00618336 9.9964E-05 0.00885919 9.9964E-05 0.00912435 9.9964E-05
9.9964E-05 9.9964E-05 0.59766 0.0484337 0.321489 9.9964E-05 9.9964E-05 0.0249481 0.00706972
0.55733 9.9964E-05 0.373535 9.9964E-05 0.0156373 0.028478 9.9964E-05 9.9964E-05 0.0246201
0.0189916 0.0122347 0.897612 9.9973E-05 9.9973E-05 0.00624889 9.9973E-05 0.0331546 0.0314587
0.260606 0.0540044 0.0407079 0.296159 0.0862378 0.00982371 0.0795469 0.0435989 0.129315
9.993E-05 9.993E-05 0.999201 9.993E-05 9.993E-05 9.993E-05 9.993E-05 9.993E-05 9.993E-05
0.0155269 9.9955E-05 0.0295967 0.890357 9.9955E-05 9.9955E-05 9.9955E-05 9.9955E-05 0.0640197
0.0164982 0.0538744 0.804701 0.0100037 9.9982E-05 0.0193295 9.9982E-05 0.0507217 0.0446717
0.0237384 0.0165792 0.829972 0.0573451 0.00918092 0.0053488 9.9991E-05 0.0400103 0.017725
9.9973E-05 0.856143 0.047937 0.0412751 0.00624824 0.0201281 9.9973E-05 9.9973E-05 0.0279684
0.0527017 0.389486 0.0159424 0.0328015 0.321128 0.00914457 0.0900598 9.9991E-05 0.0886359
0.399225 0.339065 0.0530769 0.133561 0.0199764 0.0285067 9.9982E-05 0.0263891 9.9982E-05
9.9982E-05 0.0116589 0.0935814 9.9982E-05 0.00910146 0.781931 0.0396118 0.0247151 0.0392002
9.99606E-05 9.99606E-05 0.0258851 0.0103927 9.99606E-05 0.931704 9.99606E-05 9.99606E-05 0.0315188
9.9964E-05 9.9964E-05 0.0166905 0.0215902 9.9964E-05 0.8857 0.0250388 9.9964E-05 0.0505804
9.9982E-05 0.0102105 0.00943992 0.030558 9.9982E-05 0.875322 0.0259545 0.0121985 0.0361169
9.9946E-05 0.929745 9.9946E-05 9.9946E-05 9.9946E-05 0.0343458 0.0353096 9.9946E-05 9.9946E-05
9.9955E-05 0.859654 0.0297201 9.9955E-05 9.9955E-05 9.9955E-05 0.0803416 9.9955E-05 0.0297846
9.9982E-05 0.724971 9.9982E-05 0.0210779 0.00851796 0.0271213 0.0517932 0.0364496 0.12987
9.9973E-05 9.9973E-05 0.286421 0.00592807 0.211602 0.425855 0.0662041 9.9973E-05 0.00368871
0.00580324 0.164156 0.15803 0.104277 0.0716957 0.0681838 0.0844764 0.153669 0.189709
9.9973E-05 0.365717 0.0096278 9.9973E-05 9.9973E-05 0.123509 0.36514 0.105561 0.0301458
9.9964E-05 0.732321 0.0113748 9.9964E-05 9.9964E-05 9.9964E-05 0.11572 0.0188108 0.121374
0.00413418 0.641307 0.0208528 9.9982E-05 9.9982E-05 0.0321084 0.145515 0.0792908 0.0765914
0.0231714 0.71126 0.00898495 9.9982E-05 0.0221235 0.0537487 0.142134 0.0383778 9.9982E-05
0.0336691 0.476932 0.0359422 9.9982E-05 0.059103 0.018063 0.246016 0.130075 9.9982E-05
0.0284429 0.00049716 0.011367 0.140645 0.0727024 0.0105565 0.689928 9.9991E-05 0.0457609
0.364055 0.00531351 9.9982E-05 0.0409675 9.9982E-05 0.000696961 0.0236846 0.00220627 0.562877
0.318276 0.229331 9.9973E-05 0.0852934 0.00740919 9.9973E-05 9.9973E-05 0.0770325 0.282358
9.9937E-05 9.9937E-05 0.954868 9.9937E-05 9.9937E-05 9.9937E-05 0.0444326 9.9937E-05 9.9937E-05
9.9946E-05 9.9946E-05 0.910455 9.9946E-05 9.9946E-05 9.9946E-05 0.0834823 9.9946E-05 0.00546343
9.9964E-05 0.00509466 0.875893 9.9964E-05 0.00944671 9.9964E-05 0.0720201 9.9964E-05 0.0371459
0.00503414 9.9973E-05 0.371888 0.00304485 0.202824 0.215046 0.201863 9.9973E-05 9.9973E-05
9.9973E-05 0.0142977 0.295645 9.9973E-05 9.9973E-05 0.102109 0.574641 0.0125776 0.000429958
9.9946E-05 9.9946E-05 0.315086 9.9946E-05 9.9946E-05 0.102019 0.582296 9.9946E-05 9.9946E-05
9.9955E-05 0.859343 9.9955E-05 9.9955E-05 9.9955E-05 0.0227076 0.107919 9.9955E-05 0.00953141
9.9982E-05 0.774459 0.0123396 9.9982E-05 0.0121344 0.042616 0.111958 0.0147681 0.0315252
0.0088795 0.944808 9.9973E-05 0.00808821 0.00675491 9.9973E-05 9.9973E-05 0.00815213 0.0230178
0.204108 9.9964E-05 0.0257263 0.746345 9.9964E-05 9.9964E-05 0.017317 0.00610338 9.9964E-05
0.0242073 0.0173986 0.929289 0.0235344 9.9973E-05 0.00332782 9.9973E-05 0.00194353 9.9973E-05
0.00043111 9.9955E-05 0.925537 9.9955E-05 0.0342132 9.9955E-05 9.9955E-05 0.0393186 9.9955E-05
0.0109109 9.9964E-05 0.863815 0.00281872 0.116876 0.00517916 9.9964E-05 9.9964E-05 9.9964E-05
0.0589897 9.9955E-05 0.797263 9.9955E-05 0.140193 0.00305499 9.9955E-05 9.9955E-05 9.9955E-05
0.0100326 9.9973E-05 0.823822 0.0376932 0.0912841 0.0145557 9.9973E-05 0.0223127 9.9973E-05
0.950521 9.9937E-05 0.048779 9.9937E-05 9.9937E-05 9.9937E-05 9.9937E-05 9.9937E-05 9.9937E-05
9.9973E-05 0.0583495 0.202239 9.9973E-05 0.335841 0.177939 0.166806 0.058526 9.9973E-05
0.0191928 0.0176567 9.9955E-05 0.962142 9.9955E-05 9.9955E-05 9.9955E-05 9.9955E-05 0.000508797
0.961892 9.9946E-05 0.0332389 9.9946E-05 9.9946E-05 9.9946E-05 0.00426968 9.9946E-05 9.9946E-05
0.05778 0.759274 0.0278089 0.0888772 0.0465762 0.00636479 0.0131193 9.9982E-05 9.9982E-05
0.938211 9.99369E-05 9.99369E-05 9.99369E-05 9.99369E-05 9.99369E-05 9.99369E-05 9.99369E-05 0.0610895
0.999201 9.993E-05 9.993E-05 9.993E-05 9.993E-05 9.993E-05 9.993E-05 9.993E-05 9.993E-05
0.999201 9.993E-05 9.993E-05 9.993E-05 9.993E-05 9.993E-05 9.993E-05 9.993E-05 9.993E-05
0.000727319 0.00246772 0.898479 9.9982E-05 0.00419929 0.00645312 9.9982E-05 0.0451565 0.0423168
0.0269561 9.9955E-05 0.962819 0.00943825 0.000286733 9.9955E-05 9.9955E-05 9.9955E-05 9.9955E-05
0.0636469 0.0337253 0.260217 9.9973E-05 0.35235 9.9973E-05 0.285161 0.00459961 9.9973E-05
0.0232348 9.9955E-05 0.912699 9.9955E-05 0.0222628 9.9955E-05 9.9955E-05 0.0413037 9.9955E-05
9.993E-05 9.993E-05 0.999201 9.993E-05 9.993E-05 9.993E-05 9.993E-05 9.993E-05 9.993E-05
0.626981 9.9946E-05 0.229331 9.9946E-05 0.143089 9.9946E-05 9.9946E-05 9.9946E-05 9.9946E-05
9.9964E-05 0.0337961 0.806223 9.9964E-05 0.0623231 0.0637595 0.0334985 9.9964E-05 9.9964E-05
9.9964E-05 0.0405815 0.772937 9.9964E-05 0.0861587 0.0462966 0.0536265 9.9964E-05 9.9964E-05
9.9982E-05 0.0627162 0.181494 9.9982E-05 0.147668 0.0739495 0.501144 0.00424139 0.0285875
0.12097 9.9955E-05 9.9955E-05 0.845493 9.9955E-05 0.0272585 9.9955E-05 0.00577893 9.9955E-05
0.163289 9.9955E-05 0.61271 0.0216956 0.201806 9.9955E-05 9.9955E-05 9.9955E-05 9.9955E-05
0.0316694 0.285634 9.9982E-05 0.00646912 0.193672 0.0534315 9.9982E-05 0.423371 0.00555264
0.201457 9.9946E-05 0.526168 9.9946E-05 0.271775 9.9946E-05 9.9946E-05 9.9946E-05 9.9946E-05
0.0192826 9.9955E-05 0.956053 9.9955E-05 9.9955E-05 9.9955E-05 9.9955E-05 0.009731 0.0144339
0.993853 9.99369E-05 9.99369E-05 9.99369E-05 9.99369E-05 9.99369E-05 9.99369E-05 9.99369E-05 0.00544733
0.588133 9.9964E-05 0.245585 9.9964E-05 0.0103969 9.9964E-05 0.0222848 9.9964E-05 0.133201
0.0322 0.0277781 9.9955E-05 0.8717 9.9955E-05 9.9955E-05 0.0678226 9.9955E-05 9.9955E-05
9.9937E-05 9.9937E-05 9.9937E-05 0.104698 9.9937E-05 9.9937E-05 0.894603 9.9937E-05 9.9937E-05
0.0214755 0.0353795 9.99551E-05 9.99551E-05 9.99551E-05 9.99551E-05 0.000423128 9.99551E-05 0.942222
0.0162813 9.99549E-05 9.99549E-05 0.169501 9.99549E-05 9.99549E-05 0.705444 9.99549E-05 0.108274
0.0320043 9.9964E-05 0.0310995 0.884518 9.9964E-05 0.00266406 9.9964E-05 9.9964E-05 0.0493138
0.0701498 9.9955E-05 0.0556007 0.846851 9.9955E-05 9.9955E-05 9.9955E-05 9.9955E-05 0.0268981
9.99458E-05 9.99458E-05 9.99458E-05 0.210794 9.99458E-05 9.99458E-05 0.782672 9.99458E-05 0.00593459
0.226714 0.00144637 0.000924849 0.160889 0.0531625 0.0230938 0.442624 9.9991E-05 0.091045
0.0602193 9.9964E-05 0.00613033 0.928631 9.9964E-05 9.9964E-05 0.00313247 0.0014875 9.9964E-05
9.9982E-05 0.0499369 0.164216 9.9982E-05 0.14349 0.100359 0.491468 0.0389389 0.011391
9.9955E-05 0.910493 9.9955E-05 0.0260322 9.9955E-05 9.9955E-05 9.9955E-05 0.00635571 0.0566193
0.0815846 0.742341 0.0239457 0.107809 0.0379315 0.00608853 9.9973E-05 9.9973E-05 9.9973E-05
9.993E-05 9.993E-05 9.993E-05 9.993E-05 9.993E-05 9.993E-05 9.993E-05 0.999201 9.993E-05
9.9982E-05 0.68027 0.0481996 0.152405 0.0392416 0.0172571 0.0266038 9.9982E-05 0.0358225
0.0366283 0.82321 9.9964E-05 0.0484418 9.9964E-05 9.9964E-05 9.9964E-05 0.0114026 0.0799173
0.026043 0.343376 0.00496729 0.577016 9.9964E-05 9.9964E-05 9.9964E-05 9.9964E-05 0.048197
0.0526534 0.848556 9.9964E-05 0.0267925 9.9964E-05 9.9964E-05 9.9964E-05 0.0190169 0.0525811
0.0223556 0.231494 9.9982E-05 0.0146965 9.9982E-05 0.0569723 0.0768625 0.0356135 0.561806
0.00809434 0.962644 0.00363811 9.99701E-05 9.99701E-05 0.00964647 0.0155777 9.99701E-05 9.99701E-05
9.9964E-05 0.109687 9.9964E-05 9.9964E-05 9.9964E-05 0.0118658 0.712819 0.096477 0.0687506
0.0299117 0.0560911 9.9973E-05 0.146522 9.9973E-05 0.0599059 0.568187 9.9973E-05 0.139082
0.175007 0.212391 9.9982E-05 0.0545472 9.9982E-05 0.00815955 0.35049 0.0380472 0.161158
0.0395809 0.842098 0.0262892 0.0118853 9.9982E-05 9.9982E-05 0.0102085 0.0252947 0.0444432
9.9946E-05 9.9946E-05 0.852708 9.9946E-05 0.143792 9.9946E-05 9.9946E-05 0.00290027 9.9946E-05
0.0177722 9.9937E-05 9.9937E-05 9.9937E-05 9.9937E-05 9.9937E-05 9.9937E-05 9.9937E-05 0.981528
9.9964E-05 0.117776 9.9964E-05 9.9964E-05 9.9964E-05 0.0474136 0.703705 0.0756148 0.055091
0.0143381 9.9955E-05 9.9955E-05 0.00641627 9.9955E-05 9.9955E-05 0.0195092 9.9955E-05 0.959237
9.9955E-05 9.9955E-05 0.862124 9.9955E-05 0.0990566 9.9955E-05 0.027005 9.9955E-05 0.0113151
0.0152319 9.9955E-05 9.9955E-05 0.944338 0.0202439 9.9955E-05 9.9955E-05 0.0196862 9.9955E-05
9.9955E-05 9.9955E-05 9.9955E-05 0.0224109 0.000113018 0.00327772 9.9955E-05 0.973699 9.9955E-05
0.00717765 0.0409394 9.9991E-05 0.0538934 0.133608 0.0101503 0.0605192 0.689901 0.00371087
9.9955E-05 0.939025 9.9955E-05 0.0273985 9.9955E-05 9.9955E-05 9.9955E-05 0.0209899 0.0120872
0.35494 0.22798 9.9964E-05 0.101629 9.9964E-05 9.9964E-05 9.9964E-05 0.032187 0.282863
9.993E-05 9.993E-05 9.993E-05 0.999201 9.993E-05 9.993E-05 9.993E-05 9.993E-05 9.993E-05
9.993E-05 9.993E-05 9.993E-05 0.999201 9.993E-05 9.993E-05 9.993E-05 9.993E-05 9.993E-05
0.422408 0.000622603 0.0354283 0.096398 0.100121 0.0575246 0.0424293 9.9991E-05 0.244968
0.265727 0.277913 9.9964E-05 0.0671695 9.9964E-05 9.9964E-05 9.9964E-05 0.0186335 0.370158
9.9955E-05 0.000779506 0.891262 9.9955E-05 0.01715 9.9955E-05 0.0903086 9.9955E-05 9.9955E-05
9.9946E-05 9.9946E-05 0.318163 9.9946E-05 9.9946E-05 0.0957824 0.585455 9.9946E-05 9.9946E-05
0.00868201 9.9973E-05 0.561058 9.9973E-05 0.102897 0.304954 0.0163175 9.9973E-05 0.00579127
0.0087205 0.0534919 0.108918 9.9991E-05 0.168866 0.434078 0.103788 0.0859786 0.0360581
0.0498346 0.0387703 0.0934578 9.9982E-05 0.158739 0.44853 0.138021 0.0724466 9.9982E-05
9.9973E-05 0.0317459 0.291527 0.0194527 0.272903 0.281047 0.103025 9.9973E-05 9.9973E-05
9.9946E-05 9.9946E-05 0.323154 9.9946E-05 9.9946E-05 0.111006 0.565241 9.9946E-05 9.9946E-05
9.9991E-05 0.015023 0.151274 0.000668327 0.175786 0.42882 0.157633 0.045401 0.0252941
9.9964E-05 0.0415605 0.220059 9.9964E-05 0.385376 0.247729 0.104876 9.9964E-05 9.9964E-05
0.0365462 0.0619397 0.0627953 0.0204226 9.9982E-05 0.126054 0.66462 0.0274223 9.9982E-05
9.9964E-05 0.0174141 0.346259 9.9964E-05 0.225712 0.260883 0.149332 9.9964E-05 9.9964E-05
0.0210845 0.0989931 0.0748847 9.9973E-05 9.9973E-05 0.124618 0.640293 0.0398268 9.9973E-05
9.99459E-05 9.99459E-05 9.99459E-05 0.208573 9.99459E-05 9.99459E-05 0.672464 9.99459E-05 0.118363
0.134172 9.99639E-05 9.99639E-05 9.99639E-05 0.233297 0.0283041 0.575637 0.02819 9.99639E-05
9.9982E-05 0.00655078 0.302354 9.9982E-05 0.189547 0.187399 0.220355 0.0349825 0.0586124
9.9982E-05 0.0137601 0.242087 9.9982E-05 0.163926 0.184056 0.277376 0.0336824 0.0849117
9.9955E-05 9.9955E-05 0.273805 9.9955E-05 9.9955E-05 0.145055 0.565106 9.9955E-05 0.0155339
9.9973E-05 9.9973E-05 0.352839 9.9973E-05 0.212848 0.276774 0.0884388 0.040565 0.0282367
9.99461E-05 0.0934397 9.99461E-05 9.99461E-05 0.03071 9.99461E-05 9.99461E-05 9.99461E-05 0.875251
9.9955E-05 9.9955E-05 0.903507 9.9955E-05 0.0153162 9.9955E-05 0.064906 9.9955E-05 0.0157709
0.0373305 0.029824 0.124283 9.9982E-05 0.146239 0.450705 0.17281 0.0386088 9.9982E-05
9.99731E-05 0.0124142 0.364054 9.99731E-05 0.305569 0.147509 0.153726 0.0164274 9.99731E-05
9.9973E-05 0.0423954 0.193879 9.9973E-05 0.175083 0.416762 0.137852 0.0337293 9.9973E-05
0.0393101 0.0092897 0.169343 9.9991E-05 0.27999 0.369882 0.0892537 0.0381182 0.00471372
0.0474488 0.708572 0.0280027 0.137157 0.039529 0.00782494 0.0312656 9.9982E-05 9.9982E-05
0.0303753 0.304479 9.9991E-05 0.038817 0.0286248 0.0529117 0.0467624 0.0456953 0.452234
9.9964E-05 9.9964E-05 0.796931 9.9964E-05 0.0927452 0.0685685 0.0279968 0.0133589 9.9964E-05
9.9937E-05 9.9937E-05 9.9937E-05 9.9937E-05 9.9937E-05 9.9937E-05 0.0217934 9.9937E-05 0.977507
0.0714952 0.670708 0.0568906 0.137519 0.0111057 9.9973E-05 0.0519818 9.9973E-05 9.9973E-05
9.99459E-05 9.99459E-05 9.99459E-05 0.115197 9.99459E-05 9.99459E-05 0.87132 0.0128835 9.99459E-05
9.993E-05 9.993E-05 0.999201 9.993E-05 9.993E-05 9.993E-05 9.993E-05 9.993E-05 9.993E-05
9.9937E-05 9.9937E-05 0.983019 9.9937E-05 9.9937E-05 9.9937E-05 9.9937E-05 0.0162813 9.9937E-05
9.9973E-05 9.9973E-05 0.878027 0.036915 0.0116437 0.0324834 9.9973E-05 0.0220604 0.0185706
9.9946E-05 9.9946E-05 0.974525 9.9946E-05 0.0215756 9.9946E-05 9.9946E-05 0.00329951 9.9946E-05
0.175078 9.9955E-05 0.0368551 0.733326 9.9955E-05 9.9955E-05 0.0542413 9.9955E-05 9.9955E-05
0.0300449 0.056341 0.794378 0.00134264 0.0808825 9.9973E-05 9.9973E-05 0.0367112 9.9973E-05
0.0487765 0.739777 0.0258685 0.130058 0.0345014 0.0207186 9.9973E-05 9.9973E-05 9.9973E-05
9.9946E-05 0.945979 9.9946E-05 9.9946E-05 9.9946E-05 0.00804667 0.0453745 9.9946E-05 9.9946E-05
0.0977103 0.867871 9.9964E-05 0.00389346 9.9964E-05 0.0210953 9.9964E-05 0.00902987 9.9964E-05
9.9964E-05 0.927848 0.00803386 0.0469554 0.00324083 9.9964E-05 9.9964E-05 0.0135218 9.9964E-05
0.0339055 0.882736 9.9973E-05 9.9973E-05 0.0218396 0.00644136 9.9973E-05 0.000522027 0.0542556
9.9982E-05 0.101319 0.0694902 9.9982E-05 0.0419275 0.540776 0.185346 0.0557018 0.00524061
0.00830106 0.0597234 0.0801433 9.9982E-05 0.0251752 0.568187 0.178212 0.0800576 9.9982E-05
9.9964E-05 0.0221875 9.9964E-05 0.0429799 9.9964E-05 0.907996 0.00242292 9.9964E-05 0.0240141
9.9955E-05 0.0284434 0.0816298 9.9955E-05 0.00991224 0.879515 9.9955E-05 9.9955E-05 9.9955E-05
9.9964E-05 0.0278894 9.9964E-05 9.9964E-05 0.0116034 0.940846 0.00985399 0.00940747 9.9964E-05
9.9964E-05 9.9964E-05 9.9964E-05 0.145095 9.9964E-05 0.24761 0.507849 0.0417506 0.0572953
0.0016236 9.9955E-05 9.9955E-05 9.9955E-05 9.9955E-05 0.943222 9.9955E-05 0.00248439 0.0521702
0.0954877 0.192343 0.201489 0.123408 0.0497845 0.0998439 0.0384586 0.00718225 0.192004
9.993E-05 9.993E-05 9.993E-05 9.993E-05 9.993E-05 0.999201 9.993E-05 9.993E-05 9.993E-05
9.99369E-05 9.99369E-05 9.99369E-05 9.99369E-05 0.0091591 0.990141 9.99369E-05 9.99369E-05 9.99369E-05
9.9964E-05 9.9964E-05 0.0236755 9.9964E-05 0.0138515 0.931455 0.00784236 0.0227755 9.9964E-05
0.0265808 0.0196739 0.00548295 9.9964E-05 0.701925 0.245937 9.9964E-05 9.9964E-05 9.9964E-05
0.00114102 9.9937E-05 9.9937E-05 9.9937E-05 9.9937E-05 0.998159 9.9937E-05 9.9937E-05 9.9937E-05
0.0279442 0.0186851 0.00366122 9.9973E-05 0.108637 0.807443 9.9973E-05 0.0333293 9.9973E-05
9.9955E-05 0.0624072 9.9955E-05 9.9955E-05 9.9955E-05 0.0133441 0.029841 9.9955E-05 0.893908
9.9991E-05 0.205499 0.0154101 0.0166721 0.0105688 0.0608694 0.0341107 0.0315529 0.625217
9.99591E-05 0.682915 9.99591E-05 9.99591E-05 9.99591E-05 0.0544227 0.111734 9.99591E-05 0.150428
9.9964E-05 0.818038 9.9964E-05 0.0228563 9.9964E-05 9.9964E-05 0.0143471 0.0422363 0.102122
9.9964E-05 0.0414424 9.9964E-05 0.142357 9.9964E-05 0.000192152 0.701721 9.9964E-05 0.113887
9.9964E-05 0.727262 9.9964E-05 9.9964E-05 9.9964E-05 0.0639614 0.076577 0.0282121 0.103588
0.0666476 9.9973E-05 0.00486163 9.9973E-05 0.00121227 0.00154889 9.9973E-05 0.0195362 0.905894
0.028396 0.0492871 9.9946E-05 9.9946E-05 9.9946E-05 9.9946E-05 9.9946E-05 9.9946E-05 0.921717
9.99459E-05 9.99459E-05 9.99459E-05 0.196564 9.99459E-05 9.99459E-05 0.762958 9.99459E-05 0.0398788
9.9973E-05 0.722236 0.00932512 9.9973E-05 9.9973E-05 0.0305857 0.147848 0.0429606 0.046745
0.0899519 0.483894 0.0358135 0.00317637 9.9991E-05 0.0284893 0.164736 0.0959231 0.0979163
9.99732E-05 0.0317471 9.99732E-05 0.134601 9.99732E-05 0.0446211 0.710967 0.0454636 0.0323001
9.99549E-05 9.99549E-05 9.99549E-05 0.204217 9.99549E-05 9.99549E-05 0.738357 0.0114964 0.0454294
9.9964E-05 0.0509905 9.9964E-05 0.140296 9.9964E-05 0.0113019 0.663331 9.9964E-05 0.133681
0.0168816 0.215198 0.0740808 0.0820595 0.0481006 0.00716991 0.0130841 9.999E-05 0.543325
9.99549E-05 9.99549E-05 9.99549E-05 0.252276 9.99549E-05 9.99549E-05 0.677611 0.012228 0.0573856
9.9973E-05 9.9973E-05 0.00247543 0.000887576 9.9973E-05 0.00942262 0.00905914 0.00307139 0.974784
9.9946E-05 9.9946E-05 9.9946E-05 0.128755 0.00525259 9.9946E-05 0.865393 9.9946E-05 9.9946E-05
9.9955E-05 9.9955E-05 9.9955E-05 0.0742433 0.0105629 9.9955E-05 0.913188 0.00150592 9.9955E-05
9.9973E-05 9.9973E-05 0.238082 0.0478205 0.157442 0.127788 0.375509 0.0530594 9.9973E-05
9.99459E-05 9.99459E-05 9.99459E-05 0.24408 9.99459E-05 9.99459E-05 0.744768 9.99459E-05 0.0105516
9.99549E-05 9.99549E-05 9.99549E-05 0.235319 9.99549E-05 9.99549E-05 0.762578 0.000497051 0.00110568
9.9937E-05 9.9937E-05 9.9937E-05 0.232475 9.9937E-05 9.9937E-05 0.766825 9.9937E-05 9.9937E-05
9.9973E-05 0.159079 0.0202019 9.9973E-05 9.9973E-05 0.0768567 0.569409 0.0829793 0.091174
9.9946E-05 0.100823 9.9946E-05 9.9946E-05 9.9946E-05 9.9946E-05 0.0835896 9.9946E-05 0.814987
9.9964E-05 9.9964E-05 0.0329328 0.0197764 9.9964E-05 0.00747634 0.0276542 9.9964E-05 0.91176
9.9964E-05 9.9964E-05 0.0156433 0.0508314 9.9964E-05 0.0189852 0.042407 9.9964E-05 0.871733
9.9964E-05 0.0231141 9.9964E-05 9.9964E-05 0.0133381 9.9964E-05 0.030913 0.0155513 0.916684
9.9946E-05 0.0116471 0.90978 9.9946E-05 9.9946E-05 9.9946E-05 0.0779728 9.9946E-05 9.9946E-05
0.0627928 0.0286369 0.236252 9.9982E-05 0.359948 9.9982E-05 0.29596 0.0134747 0.0027353
0.00559632 0.747507 0.00115738 0.0417006 0.0238469 9.9991E-05 0.00942845 0.0308986 0.139764
0.39916 0.330044 9.9982E-05 0.0956644 9.9982E-05 0.0160334 0.00479306 0.0253647 0.128741
0.0912578 0.00367158 9.9991E-05 0.0391846 0.194783 0.00896002 0.595976 0.0507558 0.0153103
0.105335 9.9982E-05 0.0104249 0.0193028 0.202979 0.0133351 0.617409 0.0310133 9.9982E-05
9.9964E-05 0.871136 0.046523 9.9964E-05 9.9964E-05 0.0263772 0.0146001 9.9964E-05 0.0409639
0.077735 0.698538 0.0248911 0.166944 0.0291612 0.00243088 9.9973E-05 9.9973E-05 9.9973E-05
9.9964E-05 9.9964E-05 0.0458892 0.10952 0.558185 0.0394141 9.9964E-05 9.9964E-05 0.246593
0.117747 9.9982E-05 0.0693139 0.413833 0.0341287 0.0476648 0.0632178 9.9982E-05 0.253895
0.00909536 0.819513 9.99731E-05 0.0136139 0.00957328 9.99731E-05 0.0366895 9.99731E-05 0.111215
0.0131622 0.23459 0.0328638 9.9982E-05 9.9982E-05 0.0297217 0.570681 0.110633 0.00814767
0.131544 9.9982E-05 9.9982E-05 0.0353165 0.182746 0.0448504 0.553033 0.0504459 0.00186464
9.9973E-05 0.122286 0.00297045 9.9973E-05 9.9973E-05 0.0723182 0.562679 0.130445 0.109001
9.9973E-05 0.223387 0.0569311 9.9973E-05 9.9973E-05 0.072298 0.457785 0.1068 0.0824999
9.9973E-05 0.857237 9.9973E-05 9.9973E-05 0.000799027 0.00142715 0.0401663 0.0631097 0.0369611
9.9973E-05 0.914109 0.0130178 0.00724167 0.0198065 9.9973E-05 0.0279684 9.9973E-05 0.0175563
9.9964E-05 0.938599 9.9964E-05 9.9964E-05 0.0124051 9.9964E-05 0.00633303 0.0143166 0.027946
9.9973E-05 0.856237 0.00256425 0.0621896 9.9973E-05 0.0251981 9.9973E-05 0.0192492 0.0342617
9.9955E-05 0.9323 9.9955E-05 0.00763079 9.9955E-05 9.9955E-05 9.9955E-05 0.0306069 0.0289628
0.0572305 0.902066 9.9955E-05 0.0188632 9.9955E-05 9.9955E-05 9.9955E-05 9.9955E-05 0.0213408
0.0262304 0.496479 0.0195664 9.9982E-05 0.072312 0.0213413 0.226866 0.137005 9.9982E-05
0.000521102 0.230314 0.0597075 9.9982E-05 9.9982E-05 0.144977 0.429143 0.105556 0.0295815
9.9955E-05 0.919237 9.9955E-05 0.0435519 0.0277994 9.9955E-05 9.9955E-05 9.9955E-05 0.00891236
9.9973E-05 0.235359 0.0331672 9.9973E-05 9.9973E-05 0.116762 0.506103 0.0580769 0.0502326
0.00570839 0.133338 0.0156926 9.9991E-05 0.0100642 0.0643907 0.684006 0.0207321 0.065968
9.993E-05 9.993E-05 9.993E-05 9.993E-05 0.999201 9.993E-05 9.993E-05 9.993E-05 9.993E-05
9.99369E-05 9.99369E-05 9.99369E-05 9.99369E-05 0.976727 9.99369E-05 0.0225736 9.99369E-05 9.99369E-05
9.99369E-05 9.99369E-05 9.99369E-05 9.99369E-05 0.994411 9.99369E-05 9.99369E-05 9.99369E-05 0.00488946
9.993E-05 9.993E-05 9.993E-05 9.993E-05 0.999201 9.993E-05 9.993E-05 9.993E-05 9.993E-05
9.993E-05 9.993E-05 9.993E-05 9.993E-05 0.999201 9.993E-05 9.993E-05 9.993E-05 9.993E-05
9.993E-05 9.993E-05 9.993E-05 9.993E-05 0.999201 9.993E-05 9.993E-05 9.993E-05 9.993E-05
9.993E-05 9.993E-05 9.993E-05 9.993E-05 0.999201 9.993E-05 9.993E-05 9.993E-05 9.993E-05
9.9955E-05 9.9955E-05 9.9955E-05 0.0726029 0.0184458 9.9955E-05 0.900265 0.00818624 9.9955E-05
9.99459E-05 9.99459E-05 9.99459E-05 0.37387 9.99459E-05 9.99459E-05 0.602237 0.0232933 9.99459E-05
9.9982E-05 9.9982E-05 0.180511 0.0293246 0.174171 0.0805729 0.511407 0.00864535 0.0151679
9.9973E-05 9.9973E-05 0.194185 9.9973E-05 0.166181 0.0905222 0.521715 0.0269723 0.000124839
0.0190967 0.824579 0.00563494 9.9982E-05 0.0419966 0.0283526 9.9982E-05 0.0151421 0.0649986
9.9991E-05 0.767859 0.0106679 0.00377065 0.0318561 0.0184637 0.1142 0.0459327 0.00715006
9.99551E-05 0.976797 9.99551E-05 9.99551E-05 0.00911929 9.99551E-05 0.00782643 9.99551E-05 0.00575719
0.0189164 9.9964E-05 0.898507 0.000839385 0.0633427 9.9964E-05 9.9964E-05 0.0179949 9.9964E-05
9.9937E-05 9.9937E-05 0.681679 9.9937E-05 0.317621 9.9937E-05 9.9937E-05 9.9937E-05 9.9937E-05
9.9946E-05 0.0288144 0.90628 9.9946E-05 0.0643062 9.9946E-05 9.9946E-05 9.9946E-05 9.9946E-05
9.9946E-05 9.9946E-05 0.639641 9.9946E-05 0.358398 9.9946E-05 9.9946E-05 0.00136134 9.9946E-05
0.117255 0.0223335 0.37242 0.36298 0.124612 9.9964E-05 9.9964E-05 9.9964E-05 9.9964E-05
0.0828072 0.0195497 0.293089 0.145147 0.28001 0.179098 9.9973E-05 9.9973E-05 9.9973E-05
0.0231976 9.9973E-05 0.101892 0.0257539 0.831223 0.0135364 9.9973E-05 0.00409739 9.9973E-05
9.9937E-05 9.9937E-05 0.628371 9.9937E-05 0.370929 9.9937E-05 9.9937E-05 9.9937E-05 9.9937E-05
9.9937E-05 9.9937E-05 0.679511 9.9937E-05 0.31979 9.9937E-05 9.9937E-05 9.9937E-05 9.9937E-05
9.9946E-05 9.9946E-05 0.975609 0.00819947 9.9946E-05 9.9946E-05 9.9946E-05 0.0155921 9.9946E-05
9.9955E-05 0.00531254 0.748427 9.9955E-05 0.230182 0.015579 9.9955E-05 9.9955E-05 9.9955E-05
0.380826 0.186471 0.0146855 9.9991E-05 0.0628528 0.141087 0.104212 0.103927 0.00583914
0.00221961 0.949267 9.9964E-05 0.0190124 0.0158204 9.9964E-05 9.9964E-05 0.0132809 9.9964E-05
9.9955E-05 9.9955E-05 0.00546722 0.0793125 0.0184006 9.9955E-05 0.89632 9.9955E-05 9.9955E-05
9.9973E-05 0.610584 0.0596823 0.010829 9.9973E-05 9.9973E-05 0.0533485 0.0573809 0.207875
9.9946E-05 9.9946E-05 9.9946E-05 0.134467 9.9946E-05 9.9946E-05 0.725147 9.9946E-05 0.139786
9.9964E-05 0.00360365 0.895043 0.0296628 9.9964E-05 9.9964E-05 0.037375 9.9964E-05 0.0339161
0.00227687 0.026102 0.0270518 0.0176706 0.862857 0.0350375 9.9982E-05 0.0288039 9.9982E-05
9.9982E-05 0.0326219 0.61292 9.9982E-05 0.20819 0.0587474 0.0639544 0.0166547 0.00671121
9.9973E-05 0.22006 0.0319127 9.9973E-05 9.9973E-05 0.0165359 0.588148 0.103942 0.0391008
9.9982E-05 0.154109 0.0823133 0.00684976 9.9982E-05 0.0737938 0.552258 0.10733 0.0231471
0.15915 0.523886 9.9991E-05 0.0277403 0.0160357 0.0265042 0.0159349 0.0414447 0.189205
9.9937E-05 9.9937E-05 9.9937E-05 0.838044 9.9937E-05 9.9937E-05 0.161256 9.9937E-05 9.9937E-05
9.9982E-05 0.0331987 0.111293 9.9982E-05 0.0673926 0.710799 0.00581716 0.0415617 0.0297375
9.9964E-05 0.0359552 0.0503355 9.9964E-05 0.0689883 0.820708 0.023613 9.9964E-05 9.9964E-05
9.9955E-05 9.9955E-05 9.9955E-05 0.00817204 0.0228025 0.958536 0.00998995 9.9955E-05 9.9955E-05
9.99461E-05 9.99461E-05 0.0434496 9.99461E-05 9.99461E-05 0.933485 9.99461E-05 0.0224657 9.99461E-05
9.9937E-05 9.9937E-05 9.9937E-05 9.9937E-05 0.0544121 0.944888 9.9937E-05 9.9937E-05 9.9937E-05
0.00936642 0.0322412 0.0188945 9.9973E-05 0.102037 0.814241 9.9973E-05 0.0229206 9.9973E-05
9.9946E-05 9.9946E-05 9.9946E-05 0.0944686 9.9946E-05 9.9946E-05 0.876091 0.0288409 9.9946E-05
9.9982E-05 0.0434588 0.283536 0.00223455 0.397822 0.111448 0.0952072 0.0660938 9.9982E-05
9.9991E-05 0.0334774 0.779376 0.0246621 0.0954527 0.0473701 0.00576406 0.00732707 0.00647103
9.9946E-05 9.9946E-05 0.996553 0.000992351 9.9946E-05 9.9946E-05 9.9946E-05 0.0018547 9.9946E-05
0.0205623 9.9955E-05 0.965942 9.9955E-05 9.9955E-05 0.000953431 9.9955E-05 0.012042 9.9955E-05
0.0193205 0.00734065 0.705279 9.9964E-05 0.258921 9.9964E-05 9.9964E-05 0.008739 9.9964E-05
9.993E-05 9.993E-05 9.993E-05 9.993E-05 9.993E-05 0.999201 9.993E-05 9.993E-05 9.993E-05
9.9946E-05 0.0189675 9.9946E-05 9.9946E-05 0.0133324 0.9671 9.9946E-05 9.9946E-05 9.9946E-05
9.9964E-05 0.00374917 0.0398022 9.9964E-05 0.636893 0.300045 9.9964E-05 9.9964E-05 0.0191111
9.9964E-05 0.00264377 9.9964E-05 9.9964E-05 0.694162 0.280614 9.9964E-05 0.000286336 0.0218936
9.9946E-05 9.9946E-05 0.0285655 9.9946E-05 0.0509275 0.919907 9.9946E-05 9.9946E-05 9.9946E-05
0.0270805 0.00159106 0.0195611 9.9973E-05 0.801939 0.134918 9.9973E-05 9.9973E-05 0.0146099
