0.00706787 0.0630387 0.662006 9.9982E-05 0.123085 0.0207392 0.123863 9.9982E-05
9.9982E-05 0.0457533 0.32668 0.0137581 0.178729 9.9982E-05 0.424388 0.010491
0.00460399 0.0914233 0.313476 0.0170807 0.15991 9.9991E-05 0.390671 0.022735
9.9964E-05 0.0340567 0.705826 9.9964E-05 0.148449 9.9964E-05 0.111269 9.9964E-05
0.00522241 0.0143641 9.9964E-05 9.9964E-05 9.9964E-05 9.9964E-05 0.88509 0.0949234
9.9973E-05 0.0392258 0.308978 0.0674774 0.193241 9.9973E-05 0.390778 9.9973E-05
0.52058 0.0131244 0.0112713 0.013775 9.9973E-05 0.440949 9.9973E-05 9.9973E-05
0.959142 9.9955E-05 0.0272438 9.9955E-05 9.9955E-05 0.0131145 9.9955E-05 9.9955E-05
0.996253 9.9955E-05 9.9955E-05 0.00112641 9.9955E-05 9.9955E-05 0.00212083 9.9955E-05
0.97896 9.9946E-05 9.9946E-05 9.9946E-05 9.9946E-05 9.9946E-05 9.9946E-05 0.0204403
9.9982E-05 0.778671 0.0177449 9.9982E-05 0.00353752 0.134223 0.0509534 0.014671
0.00848016 0.896481 0.042412 9.9964E-05 9.9964E-05 0.0522265 9.9964E-05 9.9964E-05
9.99551E-05 0.904065 0.02779 9.99551E-05 9.99551E-05 0.0676453 9.99551E-05 9.99551E-05
9.9955E-05 0.916351 9.9955E-05 9.9955E-05 9.9955E-05 0.0716992 9.9955E-05 0.0114504
0.0146461 9.9982E-05 0.0968802 0.839579 0.00919418 0.0104157 9.9982E-05 0.0290848
0.981361 9.9946E-05 9.9946E-05 9.9946E-05 9.9946E-05 0.0180392 9.9946E-05 9.9946E-05
0.00929457 9.9964E-05 0.0692197 9.9964E-05 0.0117788 0.909307 9.9964E-05 9.9964E-05
0.00139883 0.0994381 0.0031671 0.890423 9.9973E-05 0.00527334 9.9973E-05 9.9973E-05
0.0104861 0.194931 0.129064 0.5674 0.0256105 0.0117012 9.9991E-05 0.0607062
0.0135941 0.614801 9.9964E-05 0.357733 9.9964E-05 0.0134719 9.9964E-05 9.9964E-05
0.039016 0.032263 0.0322344 0.822536 9.9973E-05 9.9973E-05 9.9973E-05 0.0736509
0.0306347 0.883461 0.00435669 0.072863 0.00838504 9.9973E-05 9.9973E-05 9.9973E-05
9.9955E-05 0.0768218 9.9955E-05 0.905354 9.9955E-05 0.0173244 9.9955E-05 9.9955E-05
0.00938039 0.810554 0.0682024 0.0890297 0.0225335 9.9973E-05 9.9973E-05 9.9973E-05
9.9955E-05 0.930113 0.0493333 0.020054 9.9955E-05 9.9955E-05 9.9955E-05 9.9955E-05
9.9955E-05 9.9955E-05 9.9955E-05 0.944686 9.9955E-05 0.0426739 9.9955E-05 0.0121402
0.00733171 0.121552 9.9955E-05 0.870617 9.9955E-05 9.9955E-05 9.9955E-05 9.9955E-05
9.9982E-05 0.281576 9.9982E-05 0.598866 0.0620469 0.00114356 0.00461859 0.0515484
0.0174374 0.0216226 9.9964E-05 0.921 0.0395399 9.9964E-05 9.9964E-05 9.9964E-05
9.9973E-05 0.0366222 0.0221018 0.926573 0.00586826 9.9973E-05 0.0085354 9.9973E-05
9.9955E-05 0.947886 9.9955E-05 0.0208442 0.0307702 9.9955E-05 9.9955E-05 9.9955E-05
9.9946E-05 0.787247 9.9946E-05 9.9946E-05 9.9946E-05 0.212153 9.9946E-05 9.9946E-05
9.99551E-05 0.0794228 9.99551E-05 0.911204 9.99551E-05 9.99551E-05 0.00887381 9.99551E-05
0.0143939 0.796783 0.0180532 0.134565 9.9973E-05 9.9973E-05 9.9973E-05 0.0359049
0.00611549 0.0169464 0.00802793 0.954231 9.9973E-05 9.9973E-05 0.0143792 9.9973E-05
9.9955E-05 0.963654 9.9955E-05 0.0191441 9.9955E-05 9.9955E-05 9.9955E-05 0.0167023
9.9955E-05 0.100011 9.9955E-05 0.883943 9.9955E-05 9.9955E-05 0.0155459 9.9955E-05
0.0150804 0.918263 9.9964E-05 0.0309432 0.0353137 9.9964E-05 9.9964E-05 9.9964E-05
0.00634397 9.9973E-05 0.600259 9.9973E-05 0.112641 9.9973E-05 0.135816 0.14464
9.9955E-05 0.00594075 9.9955E-05 9.9955E-05 0.175642 9.9955E-05 0.817918 9.9955E-05
9.99551E-05 0.729387 9.99551E-05 9.99551E-05 9.99551E-05 0.176831 0.0932822 9.99551E-05
9.9955E-05 0.0312256 9.9955E-05 0.953425 9.9955E-05 0.0148494 9.9955E-05 9.9955E-05
0.0036334 0.927045 0.00700446 0.0313281 0.02451 9.9982E-05 9.9982E-05 0.00627901
9.9973E-05 0.00812621 0.100802 9.9973E-05 0.391067 0.293009 0.206695 9.9973E-05
0.0383713 0.231948 0.128708 0.549027 0.0381229 9.9982E-05 9.9982E-05 0.0136232
0.0253711 0.445671 9.9973E-05 0.383152 9.9973E-05 0.131811 9.9973E-05 0.013695
0.0420181 0.0424015 0.0344304 0.835068 0.00706846 9.9991E-05 0.0225867 0.0163266
9.999E-05 0.0176774 0.217376 0.0777557 0.214612 0.0120015 0.45532 0.00515766
0.000720409 0.00268568 0.0844084 9.9991E-05 0.654168 0.00375756 0.157621 0.0965386
9.9955E-05 9.9955E-05 0.784436 9.9955E-05 9.9955E-05 0.204973 9.9955E-05 0.010091
9.9955E-05 0.171038 0.795713 9.9955E-05 9.9955E-05 0.0327495 9.9955E-05 9.9955E-05
0.00837267 0.16734 0.744786 9.9973E-05 9.9973E-05 0.0614925 9.9973E-05 0.0177088
9.99549E-05 0.0152571 0.894814 9.99549E-05 9.99549E-05 0.0894288 9.99549E-05 9.99549E-05
0.938147 0.0186747 9.9964E-05 0.0138583 9.9964E-05 9.9964E-05 0.0289201 9.9964E-05
0.931582 0.0324104 0.0237812 9.9964E-05 9.9964E-05 9.9964E-05 0.0118268 9.9964E-05
0.034301 0.504637 9.9955E-05 9.9955E-05 9.9955E-05 0.460562 9.9955E-05 9.9955E-05
0.0120338 0.955344 0.00388427 0.0239487 9.9973E-05 9.9973E-05 9.9973E-05 0.00448925
9.99639E-05 0.0744059 0.0245464 0.138557 9.99639E-05 9.99639E-05 9.99639E-05 0.762091
9.9955E-05 9.9955E-05 0.0040667 9.9955E-05 9.9955E-05 9.9955E-05 0.847383 0.14805
9.99549E-05 9.99549E-05 9.99549E-05 9.99549E-05 0.317619 9.99549E-05 0.411204 0.270677
9.9964E-05 9.9964E-05 0.0388192 9.9964E-05 0.00413361 0.952072 9.9964E-05 0.00457522
0.00464946 0.027769 0.27603 9.9973E-05 9.9973E-05 0.655879 0.0353727 9.9973E-05
0.0102122 0.0391318 0.196113 9.9982E-05 0.0639885 0.665741 0.0246132 9.9982E-05
0.962049 0.00312807 0.0266864 9.9964E-05 9.9964E-05 0.00773705 9.9964E-05 9.9964E-05
9.9946E-05 9.9946E-05 9.9946E-05 9.9946E-05 9.9946E-05 9.9946E-05 0.805582 0.193818
0.000564043 9.9955E-05 9.9955E-05 0.0193271 9.9955E-05 0.979609 9.9955E-05 9.9955E-05
0.0222415 9.9973E-05 0.724371 9.9973E-05 0.0421852 9.9973E-05 0.0590903 0.151812
9.9955E-05 0.948519 9.9955E-05 0.0242019 9.9955E-05 0.0267798 9.9955E-05 9.9955E-05
0.00526093 0.924399 9.9955E-05 9.9955E-05 9.9955E-05 0.0698401 9.9955E-05 9.9955E-05
0.790287 9.9991E-05 0.108699 0.0395455 0.0205907 0.00260319 0.0368868 0.0012877
0.790221 0.00838766 0.114817 0.0375329 0.0182926 0.0132046 0.0174437 9.9991E-05
0.87118 0.00197731 0.0403302 0.0267919 0.0188886 0.0406317 9.9982E-05 9.9982E-05
0.969107 9.9964E-05 0.00266855 9.9964E-05 9.9964E-05 0.00632337 0.0215008 9.9964E-05
0.96618 9.9955E-05 0.0121967 9.9955E-05 9.9955E-05 0.0211238 9.9955E-05 9.9955E-05
0.974671 0.00182598 0.023003 9.9955E-05 9.9955E-05 9.9955E-05 9.9955E-05 9.9955E-05
0.976142 9.9964E-05 0.00400957 0.0173802 9.9964E-05 9.9964E-05 0.00206863 9.9964E-05
0.978736 9.9964E-05 9.9964E-05 0.00315392 9.9964E-05 9.9964E-05 0.00850251 0.00920784
0.973756 0.00713345 9.9955E-05 9.9955E-05 9.9955E-05 9.9955E-05 0.0186111 9.9955E-05
0.9993 9.994E-05 9.994E-05 9.994E-05 9.994E-05 9.994E-05 9.994E-05 9.994E-05
0.896802 0.0275255 0.0043541 0.0182249 0.00230621 9.9982E-05 9.9982E-05 0.0505873
0.936646 0.0113752 0.0181206 9.9973E-05 9.9973E-05 0.00461751 9.9973E-05 0.0289405
0.952915 0.0206044 0.00321381 9.9982E-05 0.000178389 9.9982E-05 0.00746003 0.0154283
0.554261 0.0311017 9.99551E-05 0.414138 9.99551E-05 9.99551E-05 9.99551E-05 9.99551E-05
0.556621 0.0182215 9.99551E-05 0.424658 9.99551E-05 9.99551E-05 9.99551E-05 9.99551E-05
0.989816 9.9946E-05 9.9946E-05 9.9946E-05 9.9946E-05 9.9946E-05 9.9946E-05 0.00958408
0.937696 9.9946E-05 0.0617041 9.9946E-05 9.9946E-05 9.9946E-05 9.9946E-05 9.9946E-05
0.938892 9.9955E-05 0.0493389 9.9955E-05 9.9955E-05 9.9955E-05 0.0112689 9.9955E-05
0.925177 0.0101063 9.9982E-05 0.00843276 9.9982E-05 0.0153837 0.00890571 0.0317945
0.99823 9.99463E-05 0.00117048 9.99463E-05 9.99463E-05 9.99463E-05 9.99463E-05 9.99463E-05
0.547302 0.00944993 9.99551E-05 0.442749 9.99551E-05 9.99551E-05 9.99551E-05 9.99551E-05
0.854785 0.0515037 9.9973E-05 0.0411951 0.0151089 9.9973E-05 0.0371075 9.9973E-05
0.924568 0.0161168 9.9973E-05 0.00222808 0.0223111 0.0344765 9.9973E-05 9.9973E-05
0.951116 9.9955E-05 0.0314549 9.9955E-05 9.9955E-05 9.9955E-05 0.0169297 9.9955E-05
0.91817 9.9982E-05 0.0329663 9.9982E-05 0.0106096 0.00312978 0.00689654 0.0280282
0.881623 9.9982E-05 0.0498201 0.02693 0.00359195 0.0180951 0.0197401 9.9982E-05
0.946389 0.00411075 0.0316463 9.9964E-05 9.9964E-05 0.0174543 9.9964E-05 9.9964E-05
9.9973E-05 9.9973E-05 0.0150464 0.61749 0.0452213 0.20479 0.117152 9.9973E-05
0.911382 9.9973E-05 0.0230007 0.0458178 0.0174032 9.9973E-05 0.00209621 9.9973E-05
0.971246 0.0119009 0.00520314 0.0112505 9.9964E-05 9.9964E-05 9.9964E-05 9.9964E-05
0.718466 9.9991E-05 0.0044411 0.0663603 0.0859635 0.0514925 0.0341982 0.0389784
0.9993 9.994E-05 9.994E-05 9.994E-05 9.994E-05 9.994E-05 9.994E-05 9.994E-05
0.998813 9.9946E-05 9.9946E-05 9.9946E-05 0.000587432 9.9946E-05 9.9946E-05 9.9946E-05
0.96343 0.00950686 0.0135379 9.9964E-05 9.9964E-05 9.9964E-05 9.9964E-05 0.0131257
0.950343 9.9964E-05 9.9964E-05 0.0317154 9.9964E-05 9.9964E-05 0.00424052 0.0133014
0.0279609 0.00343173 9.9982E-05 0.928258 9.9982E-05 0.00783228 0.00136297 0.0309545
0.9993 9.994E-05 9.994E-05 9.994E-05 9.994E-05 9.994E-05 9.994E-05 9.994E-05
0.951195 9.9964E-05 0.032909 9.9964E-05 0.0118235 9.9964E-05 9.9964E-05 0.00367312
0.986273 9.9955E-05 9.9955E-05 9.9955E-05 0.000115869 9.9955E-05 9.9955E-05 0.0131113
9.9955E-05 0.239815 9.9955E-05 0.63806 9.9955E-05 0.121625 9.9955E-05 9.9955E-05
0.90383 0.00766067 0.018845 0.0130928 0.0139402 9.9991E-05 0.0267822 0.0157488
0.927259 0.0386871 0.0335538 9.9955E-05 9.9955E-05 9.9955E-05 9.9955E-05 9.9955E-05
0.949626 9.9964E-05 0.0125964 0.0146361 0.0227419 9.9964E-05 9.9964E-05 9.9964E-05
0.997051 9.9946E-05 9.9946E-05 9.9946E-05 9.9946E-05 0.00234954 9.9946E-05 9.9946E-05
0.0231617 0.275412 0.0280976 0.618185 9.9982E-05 0.0131606 9.9982E-05 0.0417835
0.991585 9.9955E-05 9.9955E-05 9.9955E-05 0.00458243 9.9955E-05 0.00333263 9.9955E-05
0.907207 9.9964E-05 0.067351 9.9964E-05 0.021278 9.9964E-05 0.00376391 9.9964E-05
0.529196 0.00821053 9.9964E-05 0.460843 9.9964E-05 0.00135051 9.9964E-05 9.9964E-05
0.969342 0.0166625 9.9955E-05 9.9955E-05 9.9955E-05 9.9955E-05 0.0134956 9.9955E-05
0.0232531 0.730273 9.9964E-05 0.197462 9.9964E-05 9.9964E-05 9.9964E-05 0.0486115
9.9955E-05 0.686741 9.9955E-05 0.266201 9.9955E-05 9.9955E-05 9.9955E-05 0.0465581
0.0270199 0.848527 0.0440005 0.0377956 9.9982E-05 9.9982E-05 0.0338658 0.0085917
0.0185074 0.0461785 9.9982E-05 0.891817 9.9982E-05 0.0114757 0.00642844 0.0253934
0.0620291 0.000378882 0.0806841 0.00556687 0.00541768 0.793605 0.00913221 0.043186
0.0414026 0.855128 9.9964E-05 0.088471 9.9964E-05 9.9964E-05 0.0145986 9.9964E-05
9.9982E-05 0.34465 9.9982E-05 0.179003 0.0587027 0.357598 0.0113345 0.0485106
0.0391542 0.77667 0.00636751 0.151702 9.9973E-05 9.9973E-05 0.0258063 9.9973E-05
9.9982E-05 0.676623 9.9982E-05 0.247037 0.0247564 0.0238376 0.023865 0.00368184
0.0167674 0.714429 0.0275817 0.211681 0.0121194 0.0121928 9.9991E-05 0.00512884
0.00841496 0.593978 9.9991E-05 0.264636 0.0470567 0.00669224 0.0118061 0.0673162
0.008308 0.60162 9.9982E-05 0.3011 0.031246 9.9982E-05 0.0439002 0.0136261
0.0361487 0.89541 9.9973E-05 9.9973E-05 9.9973E-05 0.0114138 0.028188 0.0285401
0.036648 0.814216 9.9964E-05 9.9964E-05 0.022401 0.126335 9.9964E-05 9.9964E-05
0.0225054 0.829404 9.9964E-05 9.9964E-05 0.0178472 0.129843 9.9964E-05 9.9964E-05
0.0516557 0.0702407 9.9982E-05 0.747853 0.052869 0.0249407 9.9982E-05 0.0522405
9.99788E-05 9.99788E-05 0.037153 0.00312356 0.542222 0.0317182 0.385483 9.99788E-05
0.0178179 9.9964E-05 0.106279 9.9964E-05 0.525349 9.9964E-05 0.350154 9.9964E-05
9.9973E-05 9.9973E-05 0.0437393 9.9973E-05 0.127365 0.0339682 0.710368 0.0842597
0.0976875 0.0766027 0.00872957 0.333825 0.034875 0.335965 0.0264076 0.0859072
0.00275533 9.9964E-05 0.118113 9.9964E-05 0.530617 9.9964E-05 0.348115 9.9964E-05
9.9964E-05 9.9964E-05 0.136473 0.00380613 0.521793 9.9964E-05 0.337527 9.9964E-05
0.124376 0.373617 9.9982E-05 0.155595 0.00425843 0.265238 0.0767151 9.9982E-05
9.9955E-05 9.9955E-05 9.9955E-05 9.9955E-05 0.33606 9.9955E-05 0.458422 0.205018
0.0210368 9.9982E-05 9.9982E-05 0.0226345 0.347011 0.0211138 0.395311 0.192693
9.9973E-05 0.0102165 9.9973E-05 9.9973E-05 0.414748 0.00419347 0.445498 0.125044
0.0295939 9.9982E-05 9.9982E-05 0.0477768 0.512124 0.059414 0.217438 0.133454
0.011518 9.9991E-05 0.0125971 0.0140899 0.587362 0.0447141 0.22059 0.109029
9.9991E-05 0.0226754 0.0317596 0.0180664 0.407671 0.00751016 0.410911 0.101307
0.00133469 9.99729E-05 0.207766 9.99729E-05 0.0313373 0.743436 9.99729E-05 0.0158258
9.9973E-05 9.9973E-05 0.0163953 0.0291844 0.176239 0.00707682 0.770804 9.9973E-05
0.010583 9.9973E-05 0.0157211 0.918803 9.9973E-05 0.0407033 0.0138893 9.9973E-05
0.0161872 0.0238813 9.9982E-05 0.915938 0.00816693 0.0154192 0.020207 9.9982E-05
0.00298856 9.9982E-05 0.01625 0.0235953 0.0230179 9.9982E-05 0.859097 0.0748516
0.120601 0.122659 0.081777 0.22201 0.141878 0.111485 0.133804 0.0657851
0.00267051 0.0248643 0.102165 9.9991E-05 0.0565579 0.753343 0.0299765 0.0303227
9.9964E-05 0.705825 9.9964E-05 9.9964E-05 0.0442474 0.171099 0.078429 9.9964E-05
0.0003799 0.0851171 9.9973E-05 0.809271 0.0385314 0.0664008 9.9973E-05 9.9973E-05
0.0142062 0.507811 9.9973E-05 9.9973E-05 0.176218 0.196173 0.105292 9.9973E-05
9.9973E-05 9.9973E-05 9.9973E-05 0.0497353 0.0671096 0.833278 0.0135252 0.0360519
0.00774307 9.9982E-05 0.0451698 0.0504854 0.612602 0.0342981 0.249501 9.9982E-05
0.021549 9.9964E-05 0.100174 9.9964E-05 9.9964E-05 0.850689 9.9964E-05 0.0271883
0.0407441 0.132768 0.371098 0.0787994 0.0507556 9.9982E-05 9.9982E-05 0.325635
0.0161639 9.9955E-05 9.9955E-05 0.943964 9.9955E-05 0.0393728 9.9955E-05 9.9955E-05
0.0248543 0.0138105 9.9982E-05 0.0203043 0.164636 0.035303 0.740892 9.9982E-05
9.9973E-05 0.46163 9.9973E-05 0.0024387 9.9973E-05 0.0903768 0.444811 0.000443062
0.00284131 0.032356 9.9973E-05 0.038762 9.9973E-05 9.9973E-05 0.898135 0.0276055
0.0131882 0.304322 0.121892 0.0532413 0.0703162 0.340774 0.0961661 9.9991E-05
9.994E-05 9.994E-05 9.994E-05 9.994E-05 9.994E-05 9.994E-05 0.9993 9.994E-05
9.9964E-05 0.0439525 9.9964E-05 0.00913163 9.9964E-05 0.916585 0.0299308 9.9964E-05
0.0483488 0.0458999 0.000786111 0.0534492 9.9991E-05 0.0224257 0.807974 0.0210169
0.0344062 0.0212327 9.9982E-05 0.0306633 9.9982E-05 0.0520036 0.859704 0.00179046
9.9973E-05 0.0400214 9.9973E-05 0.83207 0.0110127 0.0339657 0.0826298 9.9973E-05
0.0021956 0.127045 0.0307526 0.375462 0.190563 0.088387 0.129599 0.0559958
0.0112776 0.297432 9.9982E-05 0.320715 0.0478006 0.25491 0.0676641 9.9982E-05
0.0184513 0.0179367 9.9991E-05 0.0214272 0.766576 0.0174804 0.0236216 0.134407
9.9964E-05 0.0180645 9.9964E-05 9.9964E-05 0.847358 0.00778327 9.9964E-05 0.126395
0.00611295 0.0165119 9.99729E-05 0.0266889 0.792055 9.99729E-05 9.99729E-05 0.158331
0.0229169 0.0238666 9.9982E-05 0.0382743 0.774837 0.014841 9.9982E-05 0.125064
9.9964E-05 9.9964E-05 0.0178276 0.937494 0.00607703 9.9964E-05 9.9964E-05 0.0382016
0.00212585 0.00406795 0.0158691 0.895775 9.9982E-05 9.9982E-05 0.00152034 0.080442
0.0216744 0.0796282 0.105328 0.764865 0.0260729 0.00223157 9.9982E-05 9.9982E-05
0.00123615 0.00212538 0.0896926 9.9991E-05 0.49731 0.0201209 0.34291 0.0465056
0.109132 0.103771 0.154111 0.187956 0.143339 0.112557 0.121555 0.0675778
0.136635 9.9973E-05 0.13708 0.360861 9.9973E-05 0.0405171 9.9973E-05 0.324607
0.0225811 0.0914389 0.0555569 0.762131 0.00395854 9.9991E-05 0.00512329 0.05911
0.0726661 0.0692044 0.067647 0.64794 9.9973E-05 9.9973E-05 9.9973E-05 0.142243
0.0473649 9.9973E-05 0.0239883 0.737193 0.0473318 9.9973E-05 9.9973E-05 0.143822
0.147793 0.00594815 0.0610393 0.501616 0.00369907 9.9991E-05 0.00215154 0.277652
9.9982E-05 0.0468755 0.793365 0.0305378 0.0500232 0.0213464 0.0576518 9.9982E-05
0.00193256 0.875715 9.9973E-05 0.0205412 9.9973E-05 0.0791802 9.9973E-05 0.0223306
0.0537926 0.541991 9.9973E-05 0.23751 0.0205838 0.145822 9.9973E-05 9.9973E-05
9.9946E-05 9.9946E-05 9.9946E-05 9.9946E-05 9.9946E-05 9.9946E-05 0.915749 0.0836512
9.9964E-05 0.00177875 0.00879305 9.9964E-05 9.9964E-05 9.9964E-05 0.857191 0.131838
9.9964E-05 0.00700103 9.9964E-05 0.00973887 9.9964E-05 9.9964E-05 0.811152 0.171708
9.9973E-05 9.9973E-05 0.134694 9.9973E-05 0.25764 0.00140396 0.373895 0.232067
9.99458E-05 9.99458E-05 9.99458E-05 9.99458E-05 9.99458E-05 9.99458E-05 0.00882836 0.990572
9.99458E-05 9.99458E-05 9.99458E-05 9.99458E-05 9.99458E-05 9.99458E-05 0.0118243 0.987576
9.9973E-05 0.000333149 0.0511956 0.88755 0.00526281 9.9973E-05 9.9973E-05 0.0553582
0.0186071 0.033991 0.062446 0.803186 0.0176881 9.9982E-05 9.9982E-05 0.0638816
0.013285 0.00431579 9.99698E-05 0.967814 9.99698E-05 0.0141859 9.99698E-05 9.99698E-05
0.0100408 0.076803 0.0832296 9.9973E-05 9.9973E-05 0.799647 0.0299792 9.9973E-05
0.0342001 9.9973E-05 9.9973E-05 0.0107892 0.00672095 0.00267765 0.945312 9.9973E-05
0.0359396 0.00833491 9.9964E-05 0.00995994 9.9964E-05 9.9964E-05 0.945366 9.9964E-05
9.9964E-05 0.00937481 9.9964E-05 9.9964E-05 0.0226838 0.0246001 0.942941 9.9964E-05
9.9982E-05 0.0298552 0.00404945 9.9982E-05 0.0546579 0.00524204 0.887749 0.0182465
0.0406091 0.044038 9.9973E-05 9.9973E-05 0.0359653 0.00754953 0.871538 9.9973E-05
9.99551E-05 0.711949 9.99551E-05 9.99551E-05 9.99551E-05 0.212443 0.075109 9.99551E-05
0.05961 9.9991E-05 0.0483847 0.026578 0.290074 0.0606405 0.28779 0.226823
9.9955E-05 9.9955E-05 0.00146765 9.9955E-05 9.9955E-05 0.966485 9.9955E-05 0.0315475
9.9964E-05 0.68503 9.9964E-05 9.9964E-05 9.9964E-05 0.240095 0.0733614 0.00111321
9.9964E-05 9.9964E-05 9.9964E-05 0.778717 0.0225474 0.148084 0.0502513 9.9964E-05
9.9946E-05 0.784159 9.9946E-05 9.9946E-05 9.9946E-05 0.215242 9.9946E-05 9.9946E-05
9.9946E-05 0.709366 9.9946E-05 9.9946E-05 9.9946E-05 0.290034 9.9946E-05 9.9946E-05
9.9946E-05 0.698545 9.9946E-05 9.9946E-05 9.9946E-05 0.300855 9.9946E-05 9.9946E-05
0.0285719 0.023228 9.9964E-05 0.00554628 9.9964E-05 9.9964E-05 0.942254 9.9964E-05
9.9955E-05 9.9955E-05 0.0167286 9.9955E-05 9.9955E-05 0.00250467 0.980267 9.9955E-05
9.9973E-05 0.020098 0.338339 0.0394311 0.21822 9.9973E-05 0.383612 9.9973E-05
0.0398882 0.0270721 9.9973E-05 9.9973E-05 9.9973E-05 0.000827109 0.926806 0.00510658
9.994E-05 9.994E-05 9.994E-05 9.994E-05 9.994E-05 9.994E-05 0.9993 9.994E-05
0.0105328 0.476692 9.9973E-05 9.9973E-05 0.0424241 0.0561055 0.413946 9.9973E-05
9.9955E-05 9.9955E-05 9.9955E-05 9.9955E-05 0.0522883 9.9955E-05 0.795271 0.151941
9.9964E-05 9.9964E-05 9.9964E-05 0.0158724 0.0369896 9.9964E-05 0.784172 0.162566
0.0193384 9.9982E-05 0.298466 0.0667201 0.0947822 9.9982E-05 0.156528 0.363965
0.00523368 0.0403453 9.9973E-05 0.00549728 9.9973E-05 0.912158 9.9973E-05 0.0364655
9.9964E-05 0.0199546 9.9964E-05 9.9964E-05 0.110517 0.12417 0.744959 9.9964E-05
0.394314 0.00971313 9.9982E-05 0.308001 0.232507 0.0385793 0.0166855 9.9982E-05
9.9964E-05 0.0846544 9.9964E-05 9.9964E-05 0.116774 0.0914513 0.70672 9.9964E-05
0.0105903 0.0241001 9.9964E-05 9.9964E-05 9.9964E-05 9.9964E-05 0.945144 0.0197661
9.99551E-05 0.786866 9.99551E-05 9.99551E-05 9.99551E-05 0.183115 0.0295193 9.99551E-05
9.9964E-05 0.544574 0.0539214 9.9964E-05 9.9964E-05 0.111172 0.289933 9.9964E-05
0.00123586 9.9973E-05 0.105896 0.0156776 9.9973E-05 0.871592 9.9973E-05 0.00529843
9.9946E-05 9.9946E-05 0.95384 9.9946E-05 9.9946E-05 9.9946E-05 9.9946E-05 0.0455601
9.9964E-05 0.940072 0.000173197 0.0430116 9.9964E-05 9.9964E-05 9.9964E-05 0.0163436
9.99585E-05 0.146985 0.790622 9.99585E-05 9.99585E-05 0.061893 9.99585E-05 9.99585E-05
9.9964E-05 0.0456648 0.022993 9.9964E-05 9.9964E-05 0.9013 0.0296423 9.9964E-05
9.9964E-05 0.0623705 9.9964E-05 0.000733426 9.9964E-05 0.875123 0.0613728 9.9964E-05
9.99549E-05 0.0273011 0.924625 9.99549E-05 9.99549E-05 0.0475742 9.99549E-05 9.99549E-05
9.9973E-05 0.261322 0.53594 9.9973E-05 0.0370368 0.121984 0.0434172 9.9973E-05
9.9964E-05 0.0078768 0.0701343 9.9964E-05 9.9964E-05 0.90128 9.9964E-05 0.0203091
0.0346352 9.9982E-05 0.255881 0.0877985 0.113128 9.9982E-05 0.167385 0.340973
0.00556407 0.0262573 9.9964E-05 0.947993 9.9964E-05 0.0197853 9.9964E-05 9.9964E-05
9.9964E-05 9.9964E-05 0.00950218 0.763276 9.9964E-05 0.165859 0.0609634 9.9964E-05
0.9993 9.994E-05 9.994E-05 9.994E-05 9.994E-05 9.994E-05 9.994E-05 9.994E-05
9.9991E-05 0.0190732 0.0651261 0.676434 0.0121036 0.152121 0.0595989 0.0154432
0.0171467 0.0608934 9.9973E-05 0.853794 9.9973E-05 0.0656391 0.00222669 9.9973E-05
9.9964E-05 0.0504895 9.9964E-05 0.330136 9.9964E-05 0.610314 0.00866089 9.9964E-05
0.0319046 0.103497 9.9964E-05 0.850028 9.9964E-05 0.01417 9.9964E-05 9.9964E-05
0.0380868 0.542858 0.134326 0.257737 0.0266929 9.9973E-05 9.9973E-05 9.9973E-05
9.9955E-05 9.9955E-05 9.9955E-05 0.959153 9.9955E-05 9.9955E-05 0.00711383 0.0332338
0.0839498 0.0411566 0.443549 0.103004 9.9973E-05 9.9973E-05 9.9973E-05 0.32804
9.9982E-05 0.180442 0.606603 0.0624946 0.0122705 0.0413663 9.9982E-05 0.0966242
0.038428 0.278064 0.172639 0.163619 9.9982E-05 0.164207 9.9982E-05 0.182843
0.00270307 0.0634315 0.0336605 0.87539 9.9973E-05 9.9973E-05 0.024515 9.9973E-05
0.014736 9.9964E-05 9.9964E-05 9.9964E-05 0.0551479 0.00712693 0.922589 9.9964E-05
9.9964E-05 0.932517 0.0495539 0.0174196 9.9964E-05 9.9964E-05 0.000109549 9.9964E-05
0.0462377 0.0332119 0.439616 0.0921455 9.9973E-05 9.9973E-05 9.9973E-05 0.38849
9.9955E-05 0.931961 0.0586262 0.00891253 9.9955E-05 9.9955E-05 9.9955E-05 9.9955E-05
9.9946E-05 9.9946E-05 9.9946E-05 9.9946E-05 9.9946E-05 9.9946E-05 0.840222 0.159178
0.0174131 9.9955E-05 9.9955E-05 9.9955E-05 9.9955E-05 0.953512 9.9955E-05 0.0285755
0.961594 9.9955E-05 9.9955E-05 9.9955E-05 0.018274 0.0196326 9.9955E-05 9.9955E-05
0.693048 9.9991E-05 0.0139622 0.0542341 0.0997888 0.0753671 0.015764 0.0477355
0.022949 9.9955E-05 9.9955E-05 0.969872 9.9955E-05 0.00667931 9.9955E-05 9.9955E-05
0.0375181 0.547032 9.9964E-05 0.227292 9.9964E-05 0.187758 9.9964E-05 9.9964E-05
9.9946E-05 9.9946E-05 0.0153088 9.9946E-05 9.9946E-05 0.984092 9.9946E-05 9.9946E-05
9.994E-05 9.994E-05 9.994E-05 9.994E-05 9.994E-05 0.9993 9.994E-05 9.994E-05
9.9973E-05 0.577288 0.0455855 9.9973E-05 0.112374 0.176635 0.0878182 9.9973E-05
0.0296888 0.562418 9.9973E-05 0.275022 9.9973E-05 0.127478 9.9973E-05 0.0050928
9.99459E-05 9.99459E-05 9.99459E-05 9.99459E-05 9.99459E-05 9.99459E-05 0.826796 0.172604
9.99458E-05 9.99458E-05 9.99458E-05 9.99458E-05 9.99458E-05 9.99458E-05 0.0058684 0.993532
9.9955E-05 9.9955E-05 9.9955E-05 9.9955E-05 0.242106 9.9955E-05 0.507206 0.250188
0.0711293 0.0244702 9.9973E-05 9.9973E-05 0.414989 9.9973E-05 0.048931 0.440181
0.0350729 0.00758755 9.9991E-05 0.00845852 0.417398 0.0113995 0.0135285 0.506455
0.00247811 9.9982E-05 9.9982E-05 0.0190602 0.310105 0.0177695 0.3028 0.347588
9.99458E-05 9.99458E-05 9.99458E-05 9.99458E-05 9.99458E-05 9.99458E-05 0.00253276 0.996868
0.0270361 0.0162451 9.9991E-05 0.0173436 0.424035 0.0244502 0.13183 0.35896
9.9964E-05 9.9964E-05 9.9964E-05 0.0151485 0.394372 9.9964E-05 0.263101 0.326978
0.043776 9.9973E-05 0.296093 0.0351215 9.9973E-05 0.0432703 9.9973E-05 0.58144
9.9973E-05 9.9973E-05 9.9973E-05 0.0185813 0.297477 0.000123831 0.343334 0.340184
0.0530421 0.0269543 0.253609 0.060712 0.00277226 0.015043 9.9991E-05 0.587767
0.000587286 0.117852 0.758438 9.99639E-05 9.99639E-05 0.122723 9.99639E-05 9.99639E-05
0.0253769 0.0595252 0.641002 0.00217697 0.196433 9.9982E-05 0.0752862 9.9982E-05
0.0461995 0.0496631 0.031455 0.00282226 0.203588 0.0347629 0.280303 0.351206
0.0334825 0.0959734 0.0888729 0.0125919 0.198201 0.00995958 0.216768 0.344151
9.994E-05 9.994E-05 9.994E-05 9.994E-05 9.994E-05 9.994E-05 9.994E-05 0.9993
0.00301237 0.00864973 9.9973E-05 9.9973E-05 0.297013 9.9973E-05 0.327083 0.363942
0.00123058 0.855664 0.00598106 0.128478 9.9973E-05 9.9973E-05 9.9973E-05 0.00834604
9.9946E-05 9.9946E-05 9.9946E-05 9.9946E-05 9.9946E-05 9.9946E-05 0.867023 0.132377
0.0348993 9.9982E-05 9.9982E-05 0.0343022 0.377743 0.0315454 0.0268246 0.494486
0.0187702 9.9964E-05 9.9964E-05 9.9964E-05 0.243313 9.9964E-05 0.340731 0.396786
0.0260329 9.9973E-05 9.9973E-05 0.0084208 0.39228 9.9973E-05 0.129259 0.443707
0.0417431 9.9964E-05 9.9964E-05 9.9964E-05 0.447012 9.9964E-05 0.168046 0.342799
9.9973E-05 9.9973E-05 0.0504788 0.713033 0.0114853 0.182437 0.0422667 9.9973E-05
0.061343 0.450167 0.086694 0.336465 0.0367607 0.00690193 0.021569 9.9991E-05
9.9955E-05 9.9955E-05 9.9955E-05 9.9955E-05 0.0808597 9.9955E-05 0.772897 0.145744
9.9955E-05 0.908221 0.0615715 0.0297075 9.9955E-05 9.9955E-05 9.9955E-05 9.9955E-05
9.9964E-05 9.9964E-05 0.0677799 0.721554 9.9964E-05 0.140505 0.0697611 9.9964E-05
0.0127812 9.9964E-05 0.897978 9.9964E-05 9.9964E-05 0.0121157 9.9964E-05 0.0767249
9.994E-05 9.994E-05 9.994E-05 9.994E-05 9.994E-05 9.994E-05 0.9993 9.994E-05
0.0164436 9.9946E-05 9.9946E-05 9.9946E-05 9.9946E-05 9.9946E-05 0.982957 9.9946E-05
0.046025 0.0120585 9.9973E-05 9.9973E-05 0.0266236 9.9973E-05 0.888255 0.026738
9.994E-05 9.994E-05 9.994E-05 9.994E-05 9.994E-05 9.994E-05 0.9993 9.994E-05
0.00725824 0.0626731 0.075368 0.00792168 9.9982E-05 0.805414 0.0411652 9.9982E-05
0.0342793 9.9982E-05 9.9982E-05 0.0737455 0.0105095 0.0259541 0.85262 0.00269167
9.9964E-05 9.9964E-05 9.9964E-05 0.716277 0.0306959 0.193287 0.05934 9.9964E-05
9.9955E-05 9.9955E-05 0.0346047 0.931269 9.9955E-05 9.9955E-05 9.9955E-05 0.0336261
0.0346187 0.036779 9.9973E-05 0.899719 0.000530004 0.0280529 9.9973E-05 9.9973E-05
0.00414722 9.9973E-05 9.9973E-05 0.945516 9.9973E-05 0.0135473 0.0150817 0.0214081
0.0178116 0.0593736 9.9973E-05 0.869699 0.027153 0.0256632 9.9973E-05 9.9973E-05
0.0445325 9.9964E-05 9.9964E-05 0.0661137 0.471519 9.9964E-05 9.9964E-05 0.417434
0.09494 9.9973E-05 9.9973E-05 0.0450595 0.416846 0.0166928 9.9973E-05 0.426162
9.9973E-05 0.0437972 9.9973E-05 0.0105948 0.825545 0.00950076 9.9973E-05 0.110263
9.9964E-05 9.9964E-05 9.9964E-05 0.0230754 0.825833 9.9964E-05 0.0643132 0.0863782
0.0244916 0.00729692 9.9964E-05 9.9964E-05 0.915908 9.9964E-05 9.9964E-05 0.0519032
0.0437997 0.0407507 0.521468 0.0247116 0.250008 0.0787029 9.9991E-05 0.0404595
9.9955E-05 0.029687 9.9955E-05 9.9955E-05 0.893711 9.9955E-05 9.9955E-05 0.0761025
9.9991E-05 0.263703 0.027607 0.202333 0.102932 0.0903393 0.204254 0.108731
9.99459E-05 9.99459E-05 9.99459E-05 9.99459E-05 0.976061 9.99459E-05 9.99459E-05 0.0233393
9.99459E-05 9.99459E-05 9.99459E-05 9.99459E-05 0.98064 9.99459E-05 9.99459E-05 0.0187608
0.00965788 9.99549E-05 9.99549E-05 9.99549E-05 0.91431 9.99549E-05 9.99549E-05 0.075532
9.9973E-05 0.0334814 0.00834838 0.0153483 0.676137 9.9973E-05 0.266385 9.9973E-05
9.9946E-05 9.9946E-05 9.9946E-05 9.9946E-05 0.948535 9.9946E-05 9.9946E-05 0.0508654
0.0293851 9.9973E-05 9.9973E-05 0.0096587 0.900657 9.9973E-05 0.0157452 0.0442537
9.9964E-05 0.85074 0.026311 0.0983845 9.9964E-05 9.9964E-05 9.9964E-05 0.024165
0.051173 0.576674 0.0686149 0.220331 0.0549378 9.9991E-05 0.00603348 0.0221366
9.9973E-05 0.125351 0.137193 0.692462 0.0280652 9.9973E-05 9.9973E-05 0.0166281
0.0315643 0.0612522 0.023092 0.871282 9.9973E-05 9.9973E-05 0.0125096 9.9973E-05
9.9973E-05 0.140959 0.7227 0.045075 9.9973E-05 0.0319146 9.9973E-05 0.0590508
0.0699968 0.0686437 0.073519 0.761014 9.9982E-05 9.9982E-05 0.0144408 0.0121854
9.9955E-05 0.963586 0.0286402 9.9955E-05 9.9955E-05 9.9955E-05 9.9955E-05 0.00727401
9.9955E-05 0.915354 9.9955E-05 0.0585767 9.9955E-05 9.9955E-05 9.9955E-05 0.0255692
9.9964E-05 0.027331 0.889671 9.9964E-05 9.9964E-05 0.0629874 9.9964E-05 0.0196112
0.0575681 0.00841417 0.0869526 0.75711 9.9973E-05 9.9973E-05 9.9973E-05 0.0896553
0.102329 0.150576 0.1439 0.507103 0.027686 9.9991E-05 0.00714534 0.0611595
0.0486766 9.99731E-05 0.543665 0.0452125 9.99731E-05 0.114459 9.99731E-05 0.247687
0.0117467 0.0347336 0.807889 0.00199338 9.9982E-05 0.0745534 9.9982E-05 0.0688839
9.9973E-05 0.106782 0.651793 0.0659081 9.9973E-05 0.0473892 9.9973E-05 0.127827
9.9982E-05 0.50192 0.0972424 0.226164 0.0397257 0.0632273 0.0715208 9.9982E-05
9.9973E-05 0.0710168 0.802544 0.0123801 9.9973E-05 0.103908 9.9973E-05 0.00985087
0.0138537 0.893132 0.0737941 0.00641719 0.00512132 9.9982E-05 0.00748146 9.9982E-05
9.9955E-05 9.9955E-05 0.943044 9.9955E-05 9.9955E-05 0.0376889 0.0187678 9.9955E-05
0.0219731 9.9964E-05 0.944701 9.9964E-05 9.9964E-05 9.9964E-05 0.0130274 0.0198981
0.0353469 9.9982E-05 0.236251 9.9982E-05 0.157808 0.0345626 0.231705 0.304127
9.9955E-05 0.0051909 0.86427 9.9955E-05 9.9955E-05 0.13004 9.9955E-05 9.9955E-05
9.9955E-05 0.0102035 0.911115 9.9955E-05 9.9955E-05 0.0781813 9.9955E-05 9.9955E-05
9.9955E-05 9.9955E-05 0.849166 9.9955E-05 9.9955E-05 0.144782 9.9955E-05 0.00555195
0.100004 0.0704099 0.372607 0.151167 9.9973E-05 9.9973E-05 9.9973E-05 0.305512
9.9973E-05 0.776126 0.0922492 0.122206 9.9973E-05 9.9973E-05 0.00341066 0.005709
9.9973E-05 0.849732 0.102081 0.00367079 0.0130808 9.9973E-05 0.0311354 9.9973E-05
9.9991E-05 0.84289 0.118543 0.00986899 0.00465584 0.00544419 0.0108859 0.00761247
0.0156613 0.858616 0.0205081 0.0917511 0.0131631 9.9973E-05 9.9973E-05 9.9973E-05
9.9946E-05 9.9946E-05 9.9946E-05 9.9946E-05 9.9946E-05 9.9946E-05 0.851861 0.14754
0.00840579 0.0341283 0.332878 0.023845 0.199882 9.9982E-05 0.400661 9.9982E-05
0.0259925 0.119887 0.00633561 0.75546 9.9991E-05 0.0652726 0.00899064 0.017962
0.034025 0.413371 9.9982E-05 0.304226 0.0193899 0.22014 0.00864912 9.9982E-05
0.0389933 0.0529314 0.668312 0.020405 0.0994262 0.0163657 0.103467 9.9991E-05
0.0260306 0.0378984 0.67717 0.0113755 0.135028 9.9982E-05 0.112297 9.9982E-05
9.9964E-05 9.9964E-05 9.9964E-05 0.891685 0.0060726 9.9964E-05 0.0146567 0.0871863
9.9973E-05 9.9973E-05 0.0068507 0.741221 0.00181658 0.209875 0.0399371 9.9973E-05
0.0126053 0.231306 0.0677402 9.9982E-05 0.359993 0.0861868 0.241969 9.9982E-05
9.9982E-05 0.32391 0.0715105 9.9982E-05 0.069407 0.409489 0.0775612 0.0479222
9.99641E-05 0.111771 0.0839542 0.803382 9.99641E-05 0.000492369 9.99641E-05 9.99641E-05
0.105646 9.9964E-05 0.324097 0.221857 9.9964E-05 9.9964E-05 9.9964E-05 0.348
0.0419826 0.0724124 0.622634 9.9982E-05 0.164799 0.00497935 0.0929926 9.9982E-05
0.126624 0.0933834 0.265575 0.104723 9.99729E-05 9.99729E-05 9.99729E-05 0.409394
0.100217 0.101971 0.224588 0.20575 9.9982E-05 0.00608019 9.9982E-05 0.361195
0.0656308 0.0355627 0.00516558 0.869817 9.9973E-05 9.9973E-05 9.9973E-05 0.0235242
0.00402114 0.00330925 0.00212168 0.93567 0.00471396 9.9991E-05 0.0234814 0.026583
0.0250609 9.9955E-05 0.0186354 0.955804 9.9955E-05 9.9955E-05 9.9955E-05 9.9955E-05
0.00644437 0.0460265 9.9973E-05 0.845167 9.9973E-05 0.0385411 9.9973E-05 0.0635207
0.029944 0.00251705 9.9964E-05 0.951421 9.9964E-05 0.0157178 9.9964E-05 9.9964E-05
9.99551E-05 0.00670711 9.99551E-05 0.918161 9.99551E-05 0.074632 9.99551E-05 9.99551E-05
0.155414 0.0287307 0.0524824 0.504479 0.0128998 9.9982E-05 9.9982E-05 0.245794
0.118546 0.0358532 0.150064 0.242118 0.0467308 0.0125899 9.9991E-05 0.393998
9.99461E-05 9.99461E-05 9.99461E-05 0.954993 9.99461E-05 0.0444072 9.99461E-05 9.99461E-05
0.0745686 9.9982E-05 0.214566 0.237646 0.00708765 0.0651567 9.9982E-05 0.400776
0.0500375 0.106506 0.362643 0.0768573 9.9973E-05 9.9973E-05 9.9973E-05 0.403657
0.00203118 9.9973E-05 0.0455004 9.9973E-05 0.535 0.0157382 0.40143 9.9973E-05
9.9955E-05 9.9955E-05 0.120755 9.9955E-05 0.553698 9.9955E-05 0.325048 9.9955E-05
0.0043388 0.00363063 0.0617562 0.0045818 0.5737 0.0078789 0.344014 9.9991E-05
0.0127808 9.9973E-05 0.0179504 9.9973E-05 0.575016 0.0198992 0.374054 9.9973E-05
9.9973E-05 9.9973E-05 0.0191778 0.031241 0.587421 0.019 0.34286 9.9973E-05
9.9964E-05 9.9964E-05 0.052049 9.9964E-05 0.57185 0.0074081 0.368293 9.9964E-05
0.0101777 9.9964E-05 0.0521497 9.9964E-05 0.557285 9.9964E-05 0.379988 9.9964E-05
9.9964E-05 9.9964E-05 0.952889 0.013146 9.9964E-05 0.000398664 0.0331663 9.9964E-05
0.0324493 9.9964E-05 0.655188 9.9964E-05 9.9964E-05 0.304968 9.9964E-05 0.006995
0.002239 9.9982E-05 0.390555 9.9982E-05 0.137892 0.0167366 0.203526 0.248852
9.9973E-05 9.9973E-05 0.429421 9.9973E-05 0.133142 0.00083589 0.218941 0.21736
0.0121542 0.0363663 9.9982E-05 0.830383 0.0492623 9.9982E-05 0.0317139 0.0399207
0.055259 0.00416994 0.037801 0.761598 0.00763238 0.00815482 0.0135025 0.111882
9.994E-05 9.994E-05 9.994E-05 0.9993 9.994E-05 9.994E-05 9.994E-05 9.994E-05
0.00460391 0.0185183 9.9973E-05 9.9973E-05 0.0127487 9.9973E-05 0.92643 0.0373992
9.9955E-05 9.9955E-05 9.9955E-05 9.9955E-05 0.155907 0.00266206 0.840931 9.9955E-05
0.0117267 9.9955E-05 9.9955E-05 0.0170624 9.9955E-05 9.9955E-05 0.970711 9.9955E-05
9.9946E-05 9.9946E-05 9.9946E-05 9.9946E-05 0.16703 9.9946E-05 0.83237 9.9946E-05
9.9973E-05 0.0420218 9.9973E-05 0.0222139 0.0587438 0.433627 0.443094 9.9973E-05
9.9973E-05 0.0485156 9.9973E-05 0.0363262 0.33945 0.172395 0.403013 9.9973E-05
0.0130564 0.0326594 0.0240872 9.9982E-05 0.505515 0.0397738 0.384708 9.9982E-05
0.00278683 9.9964E-05 9.9964E-05 9.9964E-05 0.193508 0.00815541 0.79515 9.9964E-05
9.9946E-05 9.9946E-05 9.9946E-05 9.9946E-05 0.17612 9.9946E-05 0.82328 9.9946E-05
0.00537355 9.9955E-05 9.9955E-05 9.9955E-05 9.9955E-05 9.9955E-05 0.969418 0.0247084
9.9955E-05 9.9955E-05 9.9955E-05 0.0220701 0.123982 9.9955E-05 0.853448 9.9955E-05
0.128169 0.271735 0.0575275 0.169074 0.186967 0.0948733 0.06312 0.0285348
0.00559092 9.9964E-05 0.00588478 0.981739 9.9964E-05 0.00638534 9.9964E-05 9.9964E-05
9.9946E-05 9.9946E-05 0.959752 9.9946E-05 9.9946E-05 9.9946E-05 0.0396482 9.9946E-05
0.0555895 0.198737 0.0339814 0.605252 9.9991E-05 0.0247804 0.0491193 0.0324407
9.9982E-05 0.157126 0.774106 0.0161821 0.01054 0.0100406 9.9982E-05 0.0318059
9.9973E-05 0.0112887 9.9973E-05 0.0188242 9.9973E-05 0.00542229 0.829867 0.134298
0.0235824 9.9982E-05 0.0572883 0.0268459 0.542414 0.0054364 0.344233 9.9982E-05
9.9982E-05 9.9982E-05 0.0145292 0.0270541 0.11977 0.00154305 0.657558 0.179346
0.094158 9.9964E-05 0.291863 0.237972 9.9964E-05 9.9964E-05 9.9964E-05 0.375608
0.150219 0.00714817 0.235418 0.0925128 0.0315304 0.11033 0.000809816 0.372033
0.0281232 0.304751 0.0264074 0.537624 0.043493 0.0433061 0.0161957 9.9991E-05
9.99459E-05 9.99459E-05 0.222706 9.99459E-05 9.99459E-05 0.776694 9.99459E-05 9.99459E-05
0.0619679 0.0234585 9.9982E-05 0.0330124 0.732009 9.9982E-05 0.0947944 0.054558
0.015445 9.9982E-05 9.9982E-05 0.0296192 0.797561 0.0275371 0.0142346 0.115403
0.0129314 9.99639E-05 0.00147188 9.99639E-05 0.91137 9.99639E-05 9.99639E-05 0.073827
0.0126942 9.9955E-05 9.9955E-05 9.9955E-05 0.915818 9.9955E-05 9.9955E-05 0.0709879
9.9946E-05 9.9946E-05 9.9946E-05 9.9946E-05 0.978946 9.9946E-05 9.9946E-05 0.020454
0.0340104 9.9973E-05 9.9973E-05 0.0228033 0.884301 9.9973E-05 0.0137291 0.0448565
0.0256641 0.00241487 0.848004 0.0363331 9.9991E-05 0.00509448 0.00740533 0.0749843
0.0571879 9.9982E-05 9.9982E-05 0.0527326 0.28111 0.0142273 0.335002 0.259541
9.9973E-05 0.0110731 9.9973E-05 0.0205956 0.0402846 9.9973E-05 0.766445 0.161301
9.994E-05 9.994E-05 9.994E-05 9.994E-05 9.994E-05 9.994E-05 0.9993 9.994E-05
9.9955E-05 0.013225 9.9955E-05 9.9955E-05 9.9955E-05 9.9955E-05 0.97956 0.00671494
9.9955E-05 9.9955E-05 9.9955E-05 0.0393834 0.1351 9.9955E-05 0.825017 9.9955E-05
0.0126776 9.9955E-05 9.9955E-05 9.9955E-05 0.946011 9.9955E-05 9.9955E-05 0.0408118
9.9955E-05 9.9955E-05 9.9955E-05 0.0229782 0.935751 9.9955E-05 9.9955E-05 0.040771
0.00335572 0.0203405 9.9973E-05 0.0119749 0.6881 9.9973E-05 0.275928 9.9973E-05
0.0124402 0.0112742 0.046052 9.9982E-05 0.717051 0.00718435 0.205799 9.9982E-05
9.9955E-05 9.9955E-05 9.9955E-05 9.9955E-05 0.957508 9.9955E-05 0.0344275 0.00756434
9.9982E-05 0.0175991 0.0135657 0.0241565 0.628241 0.00199572 0.314242 9.9982E-05
9.9973E-05 0.0185374 9.9973E-05 0.332387 0.344017 0.0719649 0.232794 9.9973E-05
0.0108216 0.0788751 0.0581998 0.810885 9.9991E-05 0.0231925 0.00452856 0.0133977
9.9964E-05 0.131514 9.9964E-05 0.743241 0.0498659 0.0749792 9.9964E-05 9.9964E-05
0.0446531 0.0741037 9.9973E-05 0.824195 0.0219502 0.0347979 9.9973E-05 9.9973E-05
0.0247948 0.012187 9.9973E-05 0.915573 9.9973E-05 0.044027 0.00311819 9.9973E-05
9.99549E-05 0.0190678 9.99549E-05 9.99549E-05 0.919611 9.99549E-05 9.99549E-05 0.060821
9.99459E-05 9.99459E-05 9.99459E-05 9.99459E-05 0.942424 9.99459E-05 9.99459E-05 0.0569761
9.9982E-05 0.0197251 0.0147744 0.0245486 0.7562 0.00274909 0.181803 9.9982E-05
9.9973E-05 9.9973E-05 9.9973E-05 0.00051457 0.868178 0.0380252 0.0876245 0.00535773
9.9955E-05 9.9955E-05 9.9955E-05 9.9955E-05 0.940553 0.0123625 9.9955E-05 0.0465852
0.0239391 9.9955E-05 9.9955E-05 9.9955E-05 0.851006 9.9955E-05 9.9955E-05 0.124555
9.99459E-05 9.99459E-05 9.99459E-05 9.99459E-05 0.968261 9.99459E-05 9.99459E-05 0.0311394
9.9964E-05 9.9964E-05 0.0892608 0.00486273 0.689425 9.9964E-05 0.216052 9.9964E-05
9.9955E-05 9.9955E-05 0.00585237 0.0839823 9.9955E-05 0.909666 9.9955E-05 9.9955E-05
9.9973E-05 0.185426 0.093287 9.9973E-05 0.0114167 0.705103 0.00446809 9.9973E-05
0.0202968 0.0226142 9.99641E-05 9.99641E-05 9.99641E-05 0.938438 9.99641E-05 0.0182508
9.9982E-05 0.00117118 0.0537948 0.0331184 0.064048 0.842014 9.9982E-05 0.00565405
9.9964E-05 9.9964E-05 9.9964E-05 9.9964E-05 0.399134 0.0266498 0.282683 0.291133
9.9955E-05 9.9955E-05 9.9955E-05 9.9955E-05 0.329916 9.9955E-05 0.34675 0.322834
9.99549E-05 9.99549E-05 9.99549E-05 9.99549E-05 0.254242 9.99549E-05 0.510337 0.234921
9.9973E-05 0.00806926 9.9973E-05 9.9973E-05 0.2609 0.00326483 0.493929 0.233537
0.0821058 0.0125136 9.9982E-05 0.0647396 0.450632 0.0242045 9.9982E-05 0.365604
9.99639E-05 9.99639E-05 0.35008 9.99639E-05 0.0447305 9.99639E-05 0.441282 0.163507
9.99639E-05 0.00920956 9.99639E-05 9.99639E-05 0.94124 0.0149463 9.99639E-05 0.0342038
9.9973E-05 0.00409279 0.0245243 9.9973E-05 0.646798 0.0317038 0.292581 9.9973E-05
0.00624807 9.9982E-05 0.0259113 0.00190866 0.585249 0.0728395 0.307643 9.9982E-05
9.99733E-05 9.99733E-05 0.4406 0.480984 0.0078139 9.99733E-05 0.0523369 0.0179648
0.0470975 0.0289517 0.69002 0.0481723 0.0109627 0.034905 0.119464 0.0204265
0.00703059 0.0693071 0.0581524 0.86511 9.9964E-05 9.9964E-05 9.9964E-05 9.9964E-05
0.00651629 0.89272 9.9964E-05 0.0781019 0.0222623 9.9964E-05 9.9964E-05 9.9964E-05
0.0261197 0.670962 0.000883646 0.251627 0.0322063 0.0180017 9.9982E-05 9.9982E-05
9.9973E-05 0.420442 9.9973E-05 0.481339 0.0428445 0.0542343 0.000840346 9.9973E-05
0.0226514 0.00290838 0.193747 0.384754 9.9991E-05 0.329105 0.00504313 0.0616921
9.99461E-05 0.0719775 9.99461E-05 0.927423 9.99461E-05 9.99461E-05 9.99461E-05 9.99461E-05
9.9955E-05 0.0339159 9.9955E-05 0.916629 9.9955E-05 9.9955E-05 9.9955E-05 0.0489551
9.9973E-05 0.0294799 0.0475858 0.874266 0.0351193 9.9973E-05 9.9973E-05 0.0132494
0.00898492 0.0882949 9.9964E-05 0.859676 9.9964E-05 9.9964E-05 9.9964E-05 0.0426445
0.055205 0.0626145 0.0398956 0.0763564 0.368365 9.9982E-05 9.9982E-05 0.397363
0.0183636 0.0279381 9.99822E-05 0.357932 0.231043 0.0586251 9.99822E-05 0.305899
0.00788615 9.99821E-05 9.99821E-05 0.244108 0.269434 0.0123688 0.176053 0.289951
0.00150892 9.9973E-05 9.9973E-05 9.9973E-05 0.395071 0.0203937 0.0467225 0.536004
0.0487433 0.0928092 0.0252684 0.515268 0.0328144 0.164236 0.0105682 0.110293
0.0427595 0.00662202 0.0230824 0.912079 0.00972082 0.0048344 0.000802228 9.9991E-05
0.00256134 9.9973E-05 0.111391 0.0184545 0.491559 9.9973E-05 0.375734 9.9973E-05
0.0637251 0.102287 0.0750932 0.691175 0.0249302 9.9982E-05 9.9982E-05 0.0425901
9.9973E-05 0.877542 0.0160618 0.0883883 0.00995348 9.9973E-05 9.9973E-05 0.00775409
0.0323631 0.862278 9.99641E-05 9.99641E-05 9.99641E-05 0.0938693 9.99641E-05 0.0110896
9.9946E-05 0.0719578 9.9946E-05 0.927442 9.9946E-05 9.9946E-05 9.9946E-05 9.9946E-05
0.48284 0.0168586 0.183569 0.134018 0.101402 9.9991E-05 0.00720819 0.074005
0.00129086 0.35353 0.0644187 0.436977 0.0433039 0.0573816 0.000911219 0.0421871
9.9964E-05 0.890672 9.9964E-05 0.0772598 9.9964E-05 9.9964E-05 0.000786121 0.0308825
0.00172391 0.182019 0.133914 0.610578 0.027475 9.9982E-05 9.9982E-05 0.0440905
0.498188 0.0373936 0.192818 0.0973428 0.0745749 0.0286999 0.0150694 0.0559137
0.971439 9.9973E-05 9.9973E-05 0.00437987 0.00543092 9.9973E-05 0.00352354 0.0149267
9.99551E-05 9.99551E-05 9.99551E-05 9.99551E-05 0.0337939 9.99551E-05 0.74545 0.220256
0.0106429 0.598694 0.0754355 0.0497273 0.0383399 0.158698 0.0683629 9.9991E-05
0.0255539 0.0639491 0.616393 9.9973E-05 0.192669 9.9973E-05 0.101135 9.9973E-05
0.0429541 9.9982E-05 0.839174 0.0308378 9.9982E-05 0.000245972 0.0596384 0.0269498
