9.99279E-05 0.0404147 0.159449 9.99279E-05 9.99279E-05 9.99279E-05 0.754824 9.99279E-05 9.99279E-05 9.99279E-05 0.0445135 9.99279E-05
9.99189E-05 9.99189E-05 9.99189E-05 9.99189E-05 0.187839 0.0116382 0.799624 9.99189E-05 9.99189E-05 9.99189E-05 9.99189E-05 9.99189E-05
0.00534437 9.9964E-05 9.9964E-05 0.0374607 0.219434 0.0603652 0.585558 0.0570539 9.9964E-05 9.9964E-05 0.0255119 0.00887253
9.99279E-05 0.0253959 0.157562 9.99279E-05 9.99279E-05 9.99279E-05 0.788829 9.99279E-05 9.99279E-05 9.99279E-05 0.0274136 9.99279E-05
9.9955E-05 0.00534127 0.0213838 0.0603209 0.866507 0.0116462 9.9955E-05 9.9955E-05 0.00507159 9.9955E-05 9.9955E-05 0.0292293
9.9919E-05 9.9919E-05 9.9919E-05 9.9919E-05 0.160528 0.0448722 0.7937 9.9919E-05 9.9919E-05 9.9919E-05 9.9919E-05 9.9919E-05
9.99102E-05 0.479204 9.99102E-05 9.99102E-05 9.99102E-05 9.99102E-05 9.99102E-05 9.99102E-05 9.99102E-05 9.99102E-05 9.99102E-05 0.519797
9.9937E-05 0.0108643 0.00955118 9.9937E-05 9.9937E-05 0.0134342 0.0151591 9.9937E-05 9.9937E-05 9.9937E-05 9.9937E-05 0.950292
0.013574 9.9928E-05 0.00181148 9.9928E-05 9.9928E-05 0.0238569 9.9928E-05 9.9928E-05 9.9928E-05 9.9928E-05 9.9928E-05 0.959958
9.99191E-05 9.99191E-05 9.99191E-05 9.99191E-05 9.99191E-05 9.99191E-05 9.99191E-05 9.99191E-05 0.00639493 9.99191E-05 0.00882065 0.983885
0.241796 0.0976208 0.00688849 0.00756114 0.0282738 9.9964E-05 0.0158191 0.59449 0.00715094 9.9964E-05 9.9964E-05 9.9964E-05
0.232976 9.99189E-05 0.0614354 9.99189E-05 9.99189E-05 9.99189E-05 9.99189E-05 0.704689 9.99189E-05 9.99189E-05 9.99189E-05 9.99189E-05
0.362722 9.9928E-05 0.0339112 9.9928E-05 9.9928E-05 9.9928E-05 9.9928E-05 0.597498 9.9928E-05 9.9928E-05 9.9928E-05 0.00506957
0.290755 0.0311423 9.9928E-05 0.00656806 9.9928E-05 9.9928E-05 9.9928E-05 0.670735 9.9928E-05 9.9928E-05 9.9928E-05 9.9928E-05
0.0223356 0.0153488 0.00599045 0.0381069 9.9973E-05 9.9973E-05 0.0260721 9.9973E-05 0.0213985 0.775033 0.0919899 0.00342527
9.9919E-05 0.000780014 0.000714634 9.9919E-05 9.9919E-05 9.9919E-05 9.9919E-05 9.9919E-05 9.9919E-05 9.9919E-05 9.9919E-05 0.997606
0.0088221 0.882335 0.0575385 9.9946E-05 9.9946E-05 9.9946E-05 9.9946E-05 0.0179033 9.9946E-05 9.9946E-05 0.0272763 0.00552468
9.99371E-05 9.99371E-05 9.99371E-05 9.99371E-05 9.99371E-05 9.99371E-05 0.0068039 0.123436 9.99371E-05 0.849624 0.0104959 0.0089409
9.9964E-05 0.0147701 0.116653 0.030135 9.9964E-05 9.9964E-05 9.9964E-05 0.198786 0.0639397 0.55829 0.0101578 0.00686881
0.0489815 0.00496621 9.9946E-05 9.9946E-05 9.9946E-05 9.9946E-05 9.9946E-05 0.571614 0.0129187 0.330368 9.9946E-05 0.0305513
9.9946E-05 9.9946E-05 0.0435291 0.0697065 9.9946E-05 9.9946E-05 9.9946E-05 0.0942011 9.9946E-05 0.743554 0.0238987 0.0245113
9.9937E-05 9.9937E-05 9.9937E-05 9.9937E-05 0.00217912 0.0107006 9.9937E-05 0.95822 0.00270317 9.9937E-05 9.9937E-05 0.0254971
9.9937E-05 0.000723747 9.9937E-05 9.9937E-05 9.9937E-05 0.00392617 0.0364609 0.0817136 9.9937E-05 0.876476 9.9937E-05 9.9937E-05
9.9946E-05 0.0341303 9.9946E-05 9.9946E-05 9.9946E-05 0.0268981 9.9946E-05 0.822712 9.9946E-05 0.0369534 0.0631843 0.0155219
9.9919E-05 9.9919E-05 9.9919E-05 9.9919E-05 9.9919E-05 9.9919E-05 0.0394682 0.951258 9.9919E-05 0.0083748 9.9919E-05 9.9919E-05
9.9946E-05 0.0385962 0.00629481 0.00238028 9.9946E-05 9.9946E-05 0.0333133 0.0205634 9.9946E-05 0.898252 9.9946E-05 9.9946E-05
0.0142588 9.9955E-05 9.9955E-05 9.9955E-05 9.9955E-05 0.00337732 0.00258846 0.101017 9.9955E-05 0.841265 0.0306777 0.0063157
0.0320456 9.9964E-05 0.0133993 0.0244708 9.9964E-05 0.0267602 0.0275066 0.304995 0.0260988 0.544324 9.9964E-05 9.9964E-05
9.9937E-05 9.9937E-05 9.9937E-05 9.9937E-05 9.9937E-05 9.9937E-05 0.0073439 0.0801957 0.0199671 0.869283 9.9937E-05 0.0225108
0.0278191 9.9955E-05 9.9955E-05 9.9955E-05 0.00899232 9.9955E-05 0.00540218 0.0214392 0.0101612 0.913183 0.0125032 9.9955E-05
0.0232236 0.0100687 0.0118712 0.0104961 9.9964E-05 0.000476394 9.9964E-05 0.923258 0.0167019 9.9964E-05 9.9964E-05 0.00350414
0.465506 0.0907921 9.9919E-05 9.9919E-05 9.9919E-05 9.9919E-05 9.9919E-05 0.442802 9.9919E-05 9.9919E-05 9.9919E-05 9.9919E-05
0.0178116 9.99281E-05 9.99281E-05 9.99281E-05 9.99281E-05 9.99281E-05 0.0512484 0.0684679 9.99281E-05 0.861673 9.99281E-05 9.99281E-05
0.0381821 0.00446838 0.024697 0.0189302 0.00646461 9.9964E-05 9.9964E-05 0.763225 9.9964E-05 0.123975 9.9964E-05 0.0196575
9.9946E-05 9.9946E-05 0.0177092 9.9946E-05 0.0130163 9.9946E-05 9.9946E-05 0.0552117 9.9946E-05 0.91031 0.00105337 0.00209929
0.069517 9.9919E-05 9.9919E-05 9.9919E-05 9.9919E-05 9.9919E-05 0.010315 0.919269 9.9919E-05 9.9919E-05 9.9919E-05 9.9919E-05
9.99281E-05 9.99281E-05 9.99281E-05 9.99281E-05 0.0251793 9.99281E-05 0.000988211 0.107894 9.99281E-05 0.865139 9.99281E-05 9.99281E-05
0.0199187 0.00516298 0.0249685 9.9955E-05 9.9955E-05 0.00201615 9.9955E-05 0.943103 0.00312874 9.9955E-05 9.9955E-05 0.00120229
9.9937E-05 9.9937E-05 9.9937E-05 0.104179 0.0767959 0.0724719 9.9937E-05 9.9937E-05 0.0805225 9.9937E-05 0.665331 9.9937E-05
9.991E-05 9.991E-05 9.991E-05 9.991E-05 0.638864 0.360137 9.991E-05 9.991E-05 9.991E-05 9.991E-05 9.991E-05 9.991E-05
0.94748 9.99099E-05 9.99099E-05 9.99099E-05 0.0515211 9.99099E-05 9.99099E-05 9.99099E-05 9.99099E-05 9.99099E-05 9.99099E-05 9.99099E-05
9.9919E-05 0.0163012 9.9919E-05 9.9919E-05 9.9919E-05 9.9919E-05 9.9919E-05 0.0822964 9.9919E-05 0.900503 9.9919E-05 9.9919E-05
0.00011073 0.00410182 0.0209805 9.99371E-05 9.99371E-05 9.99371E-05 9.99371E-05 0.944956 0.0291513 9.99371E-05 9.99371E-05 9.99371E-05
0.0153085 0.297277 9.9955E-05 9.9955E-05 9.9955E-05 0.563891 0.0432874 0.00156449 0.0524576 9.9955E-05 0.0257145 9.9955E-05
0.0286714 9.9973E-05 0.073777 0.0129228 9.9973E-05 9.9973E-05 0.014552 0.240481 0.0290547 0.508638 0.0396573 0.0519461
0.176641 0.0599409 0.0533848 0.0533437 9.9955E-05 9.9955E-05 9.9955E-05 0.302975 9.9955E-05 0.331938 9.9955E-05 0.0212768
9.9964E-05 9.9964E-05 0.0143097 0.00898303 0.0196683 9.9964E-05 9.9964E-05 0.0615338 0.0160259 0.8099 0.0412836 0.027896
9.99189E-05 9.99189E-05 9.99189E-05 9.99189E-05 0.221082 0.0802623 0.697757 9.99189E-05 9.99189E-05 9.99189E-05 9.99189E-05 9.99189E-05
0.0235199 9.9964E-05 0.0153413 0.0542412 0.0941218 0.241838 0.0338643 9.9964E-05 0.494122 9.9964E-05 0.0425519 9.9964E-05
9.9919E-05 0.215072 0.363275 9.9919E-05 9.9919E-05 9.9919E-05 9.9919E-05 9.9919E-05 9.9919E-05 9.9919E-05 0.420753 9.9919E-05
0.0547502 9.9919E-05 0.943425 9.9919E-05 9.9919E-05 9.9919E-05 9.9919E-05 9.9919E-05 0.000926012 9.9919E-05 9.9919E-05 9.9919E-05
9.9955E-05 0.0302561 0.696592 9.9955E-05 9.9955E-05 0.0178642 0.0566927 0.10157 9.9955E-05 0.0236293 0.072896 9.9955E-05
9.99009E-05 9.99009E-05 0.998901 9.99009E-05 9.99009E-05 9.99009E-05 9.99009E-05 9.99009E-05 9.99009E-05 9.99009E-05 9.99009E-05 9.99009E-05
9.99461E-05 9.99461E-05 0.00878613 9.99461E-05 0.0239735 9.99461E-05 0.0198956 0.00783729 9.99461E-05 0.00364233 9.99461E-05 0.935265
9.9928E-05 9.9928E-05 9.9928E-05 9.9928E-05 9.9928E-05 9.9928E-05 9.9928E-05 0.0305462 0.00779784 9.9928E-05 0.0248545 0.936002
0.608257 0.26977 9.9937E-05 9.9937E-05 9.9937E-05 9.9937E-05 9.9937E-05 0.0578751 9.9937E-05 0.0364619 9.9937E-05 0.0269364
0.11283 9.9919E-05 9.9919E-05 9.9919E-05 9.9919E-05 9.9919E-05 9.9919E-05 0.856166 9.9919E-05 9.9919E-05 9.9919E-05 0.0301054
0.0156561 9.99459E-05 0.0229537 0.785629 9.99459E-05 9.99459E-05 0.00980516 0.0278862 9.99459E-05 0.13747 9.99459E-05 9.99459E-05
9.9919E-05 9.9919E-05 9.9919E-05 0.0968481 0.8137 9.9919E-05 0.0885523 9.9919E-05 9.9919E-05 9.9919E-05 9.9919E-05 9.9919E-05
9.99459E-05 9.99459E-05 0.00239345 0.259178 0.343928 0.203367 9.99459E-05 9.99459E-05 0.181007 0.00952624 9.99459E-05 9.99459E-05
9.991E-05 0.971349 9.991E-05 9.991E-05 9.991E-05 0.027652 9.991E-05 9.991E-05 9.991E-05 9.991E-05 9.991E-05 9.991E-05
0.00757664 0.682915 0.0890014 9.9955E-05 0.0314101 9.9955E-05 9.9955E-05 9.9955E-05 9.9955E-05 0.00970052 0.176488 0.00240793
0.0823665 0.633919 0.0208728 9.9946E-05 9.9946E-05 9.9946E-05 0.0470952 9.9946E-05 0.0368678 9.9946E-05 0.178279 9.9946E-05
9.9919E-05 9.9919E-05 0.0152635 9.9919E-05 9.9919E-05 9.9919E-05 0.0108366 9.9919E-05 9.9919E-05 9.9919E-05 9.9919E-05 0.973001
9.9928E-05 9.9928E-05 9.9928E-05 0.144132 0.7517 0.0978953 0.00547325 9.9928E-05 9.9928E-05 9.9928E-05 9.9928E-05 9.9928E-05
9.9919E-05 0.977029 9.9919E-05 9.9919E-05 9.9919E-05 9.9919E-05 9.9919E-05 0.0057148 9.9919E-05 0.0163569 9.9919E-05 9.9919E-05
9.99459E-05 9.99459E-05 9.99459E-05 0.143259 9.99459E-05 0.0491056 0.012944 9.99459E-05 0.00626336 9.99459E-05 0.786889 0.000939825
0.157223 0.0355762 9.9928E-05 9.9928E-05 9.9928E-05 9.9928E-05 9.9928E-05 0.795076 9.9928E-05 0.0113255 9.9928E-05 9.9928E-05
0.364421 0.00361289 0.000413761 9.9937E-05 9.9937E-05 9.9937E-05 9.9937E-05 0.629129 9.9937E-05 9.9937E-05 9.9937E-05 0.00172323
9.9973E-05 0.0125373 0.0485054 0.00835888 0.0458989 9.9973E-05 0.0430619 9.9973E-05 0.0274676 0.0275623 0.0340883 0.752219
0.0258149 9.9964E-05 0.0375617 9.9964E-05 0.0349197 9.9964E-05 9.9964E-05 0.00287701 0.00739734 0.0450794 0.0655326 0.780417
0.0122234 0.0108499 0.0467265 9.9946E-05 9.9946E-05 9.9946E-05 0.0383569 9.9946E-05 9.9946E-05 0.0343965 9.9946E-05 0.856847
9.99281E-05 0.0095185 0.00249255 9.99281E-05 0.0337757 9.99281E-05 9.99281E-05 9.99281E-05 9.99281E-05 9.99281E-05 9.99281E-05 0.953414
0.00435364 0.000662054 0.0194046 9.9946E-05 9.9946E-05 9.9946E-05 9.9946E-05 0.0110703 0.00575609 9.9946E-05 9.9946E-05 0.958154
0.00684984 9.9937E-05 9.9937E-05 9.9937E-05 0.0213164 9.9937E-05 0.010812 0.00840349 9.9937E-05 9.9937E-05 9.9937E-05 0.951919
9.99281E-05 9.99281E-05 9.99281E-05 9.99281E-05 0.000483207 0.00560417 9.99281E-05 9.99281E-05 9.99281E-05 9.99281E-05 0.0113863 0.981727
9.9946E-05 9.9946E-05 9.9946E-05 0.00919041 0.0185577 9.9946E-05 9.9946E-05 0.00480723 0.00178947 0.0174425 9.9946E-05 0.947613
9.99191E-05 9.99191E-05 9.99191E-05 9.99191E-05 9.99191E-05 0.0148916 9.99191E-05 0.0156129 9.99191E-05 9.99191E-05 9.99191E-05 0.968596
9.99101E-05 9.99101E-05 9.99101E-05 9.99101E-05 9.99101E-05 0.00256442 9.99101E-05 9.99101E-05 9.99101E-05 9.99101E-05 9.99101E-05 0.996436
9.9955E-05 0.00292746 9.9955E-05 0.00267852 9.9955E-05 9.9955E-05 0.00415359 0.041453 0.0170957 9.9955E-05 0.013234 0.917958
9.99371E-05 9.99371E-05 9.99371E-05 0.00847856 9.99371E-05 9.99371E-05 9.99371E-05 0.0220793 0.00259192 9.99371E-05 0.0253885 0.940762
9.99281E-05 0.0132608 9.99281E-05 9.99281E-05 9.99281E-05 9.99281E-05 9.99281E-05 0.0140848 9.99281E-05 9.99281E-05 0.0290075 0.942848
9.99461E-05 9.99461E-05 9.99461E-05 0.00676125 9.99461E-05 9.99461E-05 0.0239107 0.0550479 9.99461E-05 0.374659 0.00621629 0.532805
9.99192E-05 9.99192E-05 9.99192E-05 9.99192E-05 9.99192E-05 9.99192E-05 9.99192E-05 0.0168484 9.99192E-05 0.419946 9.99192E-05 0.562306
9.9919E-05 9.9919E-05 9.9919E-05 0.0186093 9.9919E-05 0.000519219 9.9919E-05 9.9919E-05 9.9919E-05 9.9919E-05 9.9919E-05 0.979972
9.99281E-05 9.99281E-05 0.0396409 0.00457428 9.99281E-05 9.99281E-05 9.99281E-05 9.99281E-05 9.99281E-05 9.99281E-05 0.0130104 0.941975
9.9946E-05 0.00420067 0.0342312 9.9946E-05 0.00216447 9.9946E-05 0.0211785 9.9946E-05 9.9946E-05 9.9946E-05 0.0204421 0.917183
9.9955E-05 9.9955E-05 0.00178349 0.0220906 9.9955E-05 9.9955E-05 0.0258869 0.0227117 9.9955E-05 0.0167547 0.0148892 0.895384
9.99016E-05 9.99016E-05 9.99016E-05 9.99016E-05 9.99016E-05 9.99016E-05 9.99016E-05 9.99016E-05 9.99016E-05 9.99016E-05 9.99016E-05 0.998901
9.99192E-05 9.99192E-05 9.99192E-05 9.99192E-05 9.99192E-05 9.99192E-05 9.99192E-05 0.0251427 9.99192E-05 0.430266 9.99192E-05 0.543692
9.9946E-05 9.9946E-05 0.0349269 9.9946E-05 0.0274359 9.9946E-05 9.9946E-05 0.0261858 0.0214157 0.0414159 9.9946E-05 0.84802
0.0247597 9.9928E-05 9.9928E-05 9.9928E-05 9.9928E-05 0.0160489 9.9928E-05 9.9928E-05 9.9928E-05 9.9928E-05 0.0337369 0.924655
0.0110247 9.9946E-05 0.0259124 9.9946E-05 0.0019625 9.9946E-05 9.9946E-05 9.9946E-05 0.00816189 9.9946E-05 0.0273046 0.925034
9.9946E-05 0.000305003 0.0233478 0.000465777 0.00936185 0.0383397 9.9946E-05 9.9946E-05 9.9946E-05 9.9946E-05 9.9946E-05 0.92758
9.9955E-05 0.00814166 0.0491428 9.9955E-05 0.0229014 9.9955E-05 9.9955E-05 0.0252787 9.9955E-05 0.0156095 0.0199327 0.858493
9.9955E-05 0.0070579 0.000723957 9.9955E-05 9.9955E-05 9.9955E-05 0.00636305 0.00526415 0.00943888 9.9955E-05 0.030352 0.9403
0.000455927 0.129112 9.9946E-05 9.9946E-05 0.0513367 9.9946E-05 0.252312 9.9946E-05 0.0236748 0.542509 9.9946E-05 9.9946E-05
9.9919E-05 9.9919E-05 9.9919E-05 9.9919E-05 9.9919E-05 9.9919E-05 0.0677972 9.9919E-05 9.9919E-05 0.00626383 9.9919E-05 0.92504
0.00203855 9.9937E-05 9.9937E-05 9.9937E-05 9.9937E-05 9.9937E-05 0.0206035 9.9937E-05 9.9937E-05 0.0102565 0.0100261 0.956376
9.999E-05 0.0133681 0.0361695 0.0168284 0.0251694 0.080127 0.0172782 0.0150246 0.00796449 0.0572367 0.0163831 0.714351
0.0147102 9.9919E-05 9.9919E-05 9.9919E-05 9.9919E-05 9.9919E-05 0.00565428 9.9919E-05 9.9919E-05 9.9919E-05 9.9919E-05 0.978736
0.0208794 0.0138118 0.00175306 9.9928E-05 9.9928E-05 9.9928E-05 9.9928E-05 9.9928E-05 9.9928E-05 9.9928E-05 9.9928E-05 0.962756
9.99281E-05 9.99281E-05 0.02133 9.99281E-05 9.99281E-05 9.99281E-05 0.00466612 9.99281E-05 0.00314361 9.99281E-05 9.99281E-05 0.970061
9.9946E-05 9.9946E-05 9.9946E-05 9.9946E-05 0.00630311 9.9946E-05 9.9946E-05 0.00702895 0.0130033 0.0163571 0.0063617 0.950346
0.054178 0.00779039 9.99459E-05 0.00643692 9.99459E-05 0.01645 9.99459E-05 9.99459E-05 9.99459E-05 0.877681 9.99459E-05 0.0368638
9.99011E-05 9.99011E-05 9.99011E-05 9.99011E-05 9.99011E-05 9.99011E-05 9.99011E-05 9.99011E-05 9.99011E-05 9.99011E-05 9.99011E-05 0.998901
9.9937E-05 9.9937E-05 0.0356534 0.00679794 9.9937E-05 9.9937E-05 9.9937E-05 9.9937E-05 0.0030881 9.9937E-05 0.0234439 0.930317
9.991E-05 9.991E-05 9.991E-05 9.991E-05 9.991E-05 9.991E-05 9.991E-05 9.991E-05 0.0245333 9.991E-05 9.991E-05 0.974468
0.346676 0.0016836 9.99369E-05 9.99369E-05 9.99369E-05 9.99369E-05 0.0329925 9.99369E-05 9.99369E-05 0.605362 9.99369E-05 0.0125868
9.9955E-05 0.00216699 9.9955E-05 9.9955E-05 0.0365984 0.00675416 0.00273541 9.9955E-05 9.9955E-05 0.0199757 0.0201015 0.911168
9.99363E-05 9.99363E-05 9.99363E-05 9.99363E-05 9.99363E-05 9.99363E-05 0.029321 0.0275443 9.99363E-05 9.99363E-05 0.00812854 0.934207
9.99281E-05 9.99281E-05 0.0103282 9.99281E-05 9.99281E-05 0.00972696 0.0227583 9.99281E-05 9.99281E-05 9.99281E-05 9.99281E-05 0.956387
9.99191E-05 9.99191E-05 9.99191E-05 9.99191E-05 9.99191E-05 9.99191E-05 0.00722867 0.0133388 9.99191E-05 9.99191E-05 9.99191E-05 0.978533
9.9955E-05 0.0204229 0.06251 0.0424059 9.9955E-05 9.9955E-05 9.9955E-05 0.245751 9.9955E-05 0.596266 0.00752936 0.024615
9.99281E-05 0.0052888 9.99281E-05 9.99281E-05 0.00299964 0.00454408 9.99281E-05 9.99281E-05 9.99281E-05 9.99281E-05 9.99281E-05 0.986368
0.00385537 9.9955E-05 0.0181786 9.9955E-05 0.00406425 9.9955E-05 0.0496189 9.9955E-05 0.00556513 9.9955E-05 0.0168317 0.901386
9.99192E-05 9.99192E-05 9.99192E-05 9.99192E-05 9.99192E-05 9.99192E-05 9.99192E-05 0.0179866 9.99192E-05 0.466311 9.99192E-05 0.514803
9.99191E-05 9.99191E-05 9.99191E-05 9.99191E-05 9.99191E-05 0.0132013 9.99191E-05 9.99191E-05 9.99191E-05 0.00327719 9.99191E-05 0.982622
0.162819 0.00433647 0.00536619 0.0298898 9.99549E-05 9.99549E-05 9.99549E-05 0.601994 9.99549E-05 0.171272 9.99549E-05 0.0238241
0.0964859 9.9937E-05 9.9937E-05 0.0250741 0.0288957 9.9937E-05 9.9937E-05 0.605792 9.9937E-05 0.243052 9.9937E-05 9.9937E-05
0.14538 9.9955E-05 0.00877759 9.9955E-05 9.9955E-05 0.0343883 0.0362896 0.754254 9.9955E-05 0.0174163 9.9955E-05 0.00299441
0.0199964 0.0207418 9.9973E-05 0.00786265 0.0187692 0.0102642 9.9973E-05 0.0201534 9.9973E-05 0.862777 0.0157949 0.0233404
0.020489 0.772106 0.0784088 0.0420767 0.00790644 9.9973E-05 0.0221669 0.00810929 0.015418 9.9973E-05 9.9973E-05 0.0330191
0.0880279 0.00117927 9.9955E-05 9.9955E-05 9.9955E-05 0.0456 9.9955E-05 0.758527 0.011136 0.0460029 9.9955E-05 0.0490267
0.131996 0.300818 9.9955E-05 0.0564957 9.9955E-05 9.9955E-05 0.0321334 0.236402 0.0403387 0.201316 9.9955E-05 9.9955E-05
0.106259 9.9955E-05 9.9955E-05 9.9955E-05 0.0208294 9.9955E-05 9.9955E-05 0.687809 0.0084541 0.150604 0.0119735 0.0135714
9.9946E-05 0.0694921 9.9946E-05 0.0251189 0.00835094 9.9946E-05 9.9946E-05 0.654209 0.0350009 0.207229 9.9946E-05 9.9946E-05
0.0847742 0.00904693 9.9973E-05 0.00716618 9.9973E-05 0.0193439 9.9973E-05 0.627329 0.0337292 0.185366 0.0233081 0.00963676
0.0137269 0.0244124 9.9964E-05 0.0563403 0.0133751 9.9964E-05 0.0206957 0.590609 0.0504175 0.230023 9.9964E-05 9.9964E-05
9.9964E-05 0.0457943 9.9964E-05 0.000913594 0.025194 0.0150369 9.9964E-05 0.578221 0.0434 0.288486 9.9964E-05 0.00255454
0.0747528 9.99281E-05 9.99281E-05 9.99281E-05 0.0203112 9.99281E-05 9.99281E-05 0.878773 9.99281E-05 9.99281E-05 9.99281E-05 0.0253638
0.253772 0.0471235 9.9937E-05 9.9937E-05 9.9937E-05 9.9937E-05 9.9937E-05 0.651895 0.029928 9.9937E-05 9.9937E-05 0.0165826
0.234493 0.0749856 9.99461E-05 9.99461E-05 0.0138933 9.99461E-05 0.0112055 0.644389 9.99461E-05 9.99461E-05 9.99461E-05 0.0204343
0.0170178 0.0683674 0.0181565 0.0457223 9.9964E-05 9.9964E-05 9.9964E-05 0.0418476 0.0652652 0.71192 9.9964E-05 0.0313033
9.991E-05 9.991E-05 9.991E-05 9.991E-05 9.991E-05 0.994046 9.991E-05 0.00495512 9.991E-05 9.991E-05 9.991E-05 9.991E-05
9.9946E-05 9.9946E-05 0.00137567 0.024947 9.9946E-05 0.89474 0.0260501 9.9946E-05 9.9946E-05 9.9946E-05 0.0356871 0.0166005
0.0138439 0.00707189 0.0686887 0.0662612 0.583988 0.228123 9.99639E-05 9.99639E-05 0.0239083 9.99639E-05 9.99639E-05 0.00771523
0.106886 0.290786 0.0119481 0.117732 9.9973E-05 0.0182487 0.0155481 9.9973E-05 0.00868229 0.340452 9.9973E-05 0.0894168
9.9937E-05 0.0104701 9.9937E-05 9.9937E-05 0.0100133 0.905153 0.0292703 9.9937E-05 9.9937E-05 9.9937E-05 0.044394 9.9937E-05
9.9937E-05 9.9937E-05 9.9937E-05 0.0300107 9.9937E-05 0.872066 0.0153932 9.9937E-05 9.9937E-05 9.9937E-05 0.0638797 0.0179513
0.515543 0.103705 9.9973E-05 0.00324476 0.030319 0.0296814 0.0137478 9.9973E-05 9.9973E-05 0.163876 0.0314022 0.108182
0.00163091 9.9937E-05 9.9937E-05 0.152142 0.415628 0.191252 9.9937E-05 9.9937E-05 0.238647 9.9937E-05 9.9937E-05 9.9937E-05
0.00896079 0.012713 9.9982E-05 0.0995765 0.373398 0.128042 9.9982E-05 0.0263572 0.296205 0.0105059 0.0169371 0.0271049
9.9964E-05 0.00862859 9.9964E-05 0.0545385 0.42215 0.0676056 0.0198197 9.9964E-05 0.369192 9.9964E-05 0.0550373 0.00262818
9.9964E-05 0.0172537 0.00206145 0.0010698 0.254578 9.9964E-05 9.9964E-05 9.9964E-05 0.562701 0.0612135 0.0880397 0.0126824
9.9955E-05 0.0107936 0.0151846 9.9955E-05 0.259726 9.9955E-05 9.9955E-05 9.9955E-05 0.570381 0.0386079 0.100447 0.00435985
9.9973E-05 0.00438933 0.000927211 9.9973E-05 0.391079 0.102367 0.00920568 0.0162251 0.379203 0.0362719 0.0600321 9.9973E-05
9.99459E-05 0.7612 0.0751121 9.99459E-05 9.99459E-05 9.99459E-05 0.0477215 9.99459E-05 0.0125822 9.99459E-05 0.0859856 0.0167985
0.0308805 9.99281E-05 9.99281E-05 9.99281E-05 0.624407 0.324996 9.99281E-05 9.99281E-05 9.99281E-05 9.99281E-05 0.0189165 9.99281E-05
0.00151531 0.0327545 9.9955E-05 9.9955E-05 9.9955E-05 0.0190251 9.9955E-05 0.0256217 9.9955E-05 0.833215 0.0600251 0.0273437
0.0454604 9.9937E-05 9.9937E-05 9.9937E-05 9.9937E-05 0.00608944 9.9937E-05 9.9937E-05 0.000169499 0.917723 9.9937E-05 0.0298577
9.9973E-05 9.9973E-05 0.00561758 0.0292584 0.780865 0.0921228 0.0547987 9.9973E-05 0.00917915 0.00342963 0.00730126 0.0171277
0.0811899 0.0380418 0.0402606 0.09155 0.111538 0.0485149 0.0911045 0.084478 0.0577441 0.169294 0.0803001 0.105984
9.9973E-05 0.780778 0.0673106 0.0273315 0.000984354 0.0408202 0.00691659 0.0393348 0.0324087 0.00381546 9.9973E-05 9.9973E-05
0.899294 9.9937E-05 9.9937E-05 9.9937E-05 0.00518828 0.0311894 0.0372 9.9937E-05 0.026429 9.9937E-05 9.9937E-05 9.9937E-05
0.0192078 0.0690069 0.0157059 9.9964E-05 9.9964E-05 9.9964E-05 0.031749 0.0404564 0.0250688 0.789227 9.9964E-05 0.00917822
0.701131 9.9946E-05 9.9946E-05 9.9946E-05 0.0218511 0.209585 0.0399308 9.9946E-05 9.9946E-05 0.0205038 9.9946E-05 0.00639837
0.0621803 0.78538 9.9964E-05 0.0273895 9.9964E-05 0.0515961 0.0211449 9.9964E-05 0.00728019 0.0407852 0.0038435 9.9964E-05
0.0345037 0.00356995 9.9955E-05 9.9955E-05 9.9955E-05 0.710706 0.100467 9.9955E-05 0.124743 0.0219232 9.9955E-05 0.00358762
9.9946E-05 0.853062 0.0727317 0.0454856 0.00448718 9.9946E-05 0.00780801 9.9946E-05 9.9946E-05 9.9946E-05 0.0158262 9.9946E-05
0.00532888 9.9964E-05 0.14903 0.362637 9.9964E-05 9.9964E-05 9.9964E-05 0.0953216 0.0375762 0.0804126 0.226378 0.0429161
0.0716566 0.00267589 0.00888113 9.9951E-05 9.9951E-05 9.9951E-05 0.00148781 9.9951E-05 9.9951E-05 0.905676 9.9951E-05 0.0090229
0.0212272 0.0174255 9.9955E-05 9.9955E-05 0.626159 0.301764 9.9955E-05 0.00925706 9.9955E-05 9.9955E-05 0.011271 0.0123969
0.569942 9.9937E-05 9.9937E-05 0.00505131 0.380849 0.0140977 9.9937E-05 0.0293601 9.9937E-05 9.9937E-05 9.9937E-05 9.9937E-05
0.0261311 9.9937E-05 9.9937E-05 9.9937E-05 0.86919 9.9937E-05 9.9937E-05 9.9937E-05 0.0664983 0.0261652 9.9937E-05 0.0113154
0.24403 0.26946 0.0308887 9.9973E-05 0.0445101 0.0163861 0.226927 0.0821374 9.9973E-05 0.0547557 9.9973E-05 0.0306053
9.99011E-05 9.99011E-05 9.99011E-05 9.99011E-05 0.998901 9.99011E-05 9.99011E-05 9.99011E-05 9.99011E-05 9.99011E-05 9.99011E-05 9.99011E-05
9.9928E-05 0.878189 0.0112654 9.9928E-05 0.0319702 9.9928E-05 9.9928E-05 0.0777764 9.9928E-05 9.9928E-05 9.9928E-05 9.9928E-05
9.9946E-05 0.0116212 9.9946E-05 9.9946E-05 0.798111 9.9946E-05 9.9946E-05 0.0741804 9.9946E-05 0.0347105 0.0241553 0.0566218
0.0115959 0.0857201 0.000512887 9.9964E-05 0.803285 9.9964E-05 0.0276072 9.9964E-05 9.9964E-05 0.0178273 0.0320695 0.0209819
9.9937E-05 0.0895356 9.9937E-05 9.9937E-05 0.0514821 0.0272124 9.9937E-05 9.9937E-05 0.0141581 0.816912 9.9937E-05 9.9937E-05
0.0863181 0.0275045 9.99731E-05 0.0629983 0.00759289 0.280249 0.0572438 0.0617445 9.99731E-05 0.377513 0.0385356 9.99731E-05
0.39295 0.137394 9.9964E-05 9.9964E-05 0.0440256 0.0119449 0.0408172 9.9964E-05 0.0325109 0.312922 9.9964E-05 0.0270348
9.9973E-05 0.0167401 9.9973E-05 0.0461585 0.0843551 9.9973E-05 0.0150149 0.0370642 0.766828 0.00221156 0.0182039 0.0131236
9.9946E-05 0.00681176 9.9946E-05 0.0404502 0.0198273 9.9946E-05 9.9946E-05 0.0245826 0.881262 9.9946E-05 0.0264663 9.9946E-05
9.9973E-05 0.0310254 0.0162735 0.0409319 0.0200274 9.9973E-05 0.0278351 0.018733 0.828245 9.9973E-05 0.0116278 0.00500115
9.9955E-05 0.0193909 9.9955E-05 0.0324164 0.00425444 9.9955E-05 9.9955E-05 0.0374948 0.842238 0.0164951 0.0472103 9.9955E-05
9.9937E-05 9.9937E-05 0.0103525 0.0168255 9.9937E-05 9.9937E-05 0.0274714 9.9937E-05 0.0250348 0.919616 9.9937E-05 9.9937E-05
9.9955E-05 9.9955E-05 0.0228711 0.073546 0.00898254 9.9955E-05 9.9955E-05 0.0116641 9.9955E-05 0.833721 0.0470824 0.00163334
9.99549E-05 9.99549E-05 0.0726789 9.99549E-05 9.99549E-05 0.00194607 0.034412 0.116834 0.0259466 0.732665 9.99549E-05 0.0150181
9.9946E-05 9.9946E-05 0.0274122 9.9946E-05 0.297217 0.171988 0.0708002 9.9946E-05 0.402213 9.9946E-05 0.0297697 9.9946E-05
0.0710487 0.0499259 0.0354812 9.9991E-05 0.168141 0.0865161 0.00100016 0.140058 0.0699852 0.170896 0.0771915 0.129656
0.0267364 0.012403 0.0303834 0.285267 9.9973E-05 9.9973E-05 9.9973E-05 0.00248203 0.0337803 0.32824 0.159721 0.120687
9.9973E-05 9.9973E-05 0.0425407 0.0374683 0.00826189 9.9973E-05 0.0385744 0.104575 0.00795065 0.704819 0.0257067 0.0298033
9.9955E-05 9.9955E-05 0.0107227 0.133975 9.9955E-05 9.9955E-05 0.0309581 0.0795006 9.9955E-05 0.606536 0.0519367 0.0858709
0.0083844 9.9964E-05 9.9964E-05 0.140692 9.9964E-05 0.010666 0.0054225 9.9964E-05 0.0391893 0.68033 0.0816705 0.0332455
0.0447826 9.9946E-05 9.9946E-05 0.230581 9.9946E-05 0.023685 9.9946E-05 9.9946E-05 9.9946E-05 0.449855 0.0975909 0.152906
0.000967279 9.99459E-05 9.99459E-05 9.99459E-05 9.99459E-05 0.0134572 0.0991413 0.0625856 0.0139785 9.99459E-05 0.80927 9.99459E-05
0.339011 0.0333535 9.9946E-05 0.0258072 9.9946E-05 9.9946E-05 9.9946E-05 0.581017 0.0054693 9.9946E-05 0.014742 9.9946E-05
0.299233 0.0787892 0.00341943 9.9955E-05 9.9955E-05 9.9955E-05 0.0460705 0.313615 9.9955E-05 0.216984 9.9955E-05 0.0413888
9.9946E-05 9.9946E-05 0.012399 0.0479813 0.90392 0.00340341 0.0302301 9.9946E-05 9.9946E-05 9.9946E-05 0.00146674 9.9946E-05
9.9937E-05 9.9937E-05 9.9937E-05 0.0819368 0.852969 9.9937E-05 0.0422676 0.0165724 9.9937E-05 9.9937E-05 0.00555442 9.9937E-05
9.9928E-05 9.9928E-05 9.9928E-05 0.13084 0.814723 9.9928E-05 0.0472743 9.9928E-05 9.9928E-05 0.00636274 9.9928E-05 9.9928E-05
9.9946E-05 9.9946E-05 9.9946E-05 0.176265 0.329608 0.153921 0.0926153 9.9946E-05 0.163572 9.9946E-05 0.08342 9.9946E-05
9.99278E-05 9.99278E-05 0.00219406 0.972109 0.0226071 9.99278E-05 9.99278E-05 9.99278E-05 9.99278E-05 9.99278E-05 0.00229002 9.99278E-05
9.99097E-05 9.99097E-05 9.99097E-05 0.976919 0.0220817 9.99097E-05 9.99097E-05 9.99097E-05 9.99097E-05 9.99097E-05 9.99097E-05 9.99097E-05
9.99369E-05 9.99369E-05 0.0277731 0.0695642 9.99369E-05 9.99369E-05 9.99369E-05 0.0122144 9.99369E-05 0.855688 0.0340607 9.99369E-05
9.9973E-05 9.9973E-05 0.0475018 0.0485797 0.0128628 0.00725387 9.9973E-05 0.0270222 0.00961715 0.809927 0.0296752 0.00726008
0.0154549 0.00807555 9.9955E-05 9.9955E-05 0.00180584 0.00385567 9.9955E-05 0.0164779 9.9955E-05 0.926158 0.0276725 9.9955E-05
0.197748 0.690107 0.0418268 9.9946E-05 0.0273832 9.9946E-05 9.9946E-05 9.9946E-05 9.9946E-05 9.9946E-05 0.0254414 0.0168937
0.0269017 0.00101941 9.9937E-05 9.9937E-05 0.919096 9.9937E-05 9.9937E-05 9.9937E-05 0.0229378 9.9937E-05 9.9937E-05 0.0293455
0.013471 9.9955E-05 0.00428118 9.9955E-05 0.913191 0.0288031 9.9955E-05 9.9955E-05 0.00567508 0.0012751 9.9955E-05 0.0328043
0.00941767 9.9928E-05 9.9928E-05 9.9928E-05 0.866567 0.122482 9.9928E-05 9.9928E-05 0.000734299 9.9928E-05 9.9928E-05 9.9928E-05
0.0515477 9.9937E-05 0.00890846 9.9937E-05 0.785218 0.135711 9.9937E-05 9.9937E-05 0.017916 9.9937E-05 9.9937E-05 9.9937E-05
0.0235558 9.9955E-05 0.0230736 9.9955E-05 0.793822 0.105643 0.0307445 9.9955E-05 0.0163816 9.9955E-05 9.9955E-05 0.00628045
0.950571 9.9919E-05 9.9919E-05 9.9919E-05 0.0414151 9.9919E-05 9.9919E-05 9.9919E-05 9.9919E-05 9.9919E-05 0.00711473 9.9919E-05
9.9964E-05 0.021505 9.9964E-05 0.254996 0.123419 0.317247 0.127448 9.9964E-05 0.0700919 0.0317141 9.9964E-05 0.0531789
9.9928E-05 0.969704 9.9928E-05 0.0142779 9.9928E-05 9.9928E-05 0.0107216 0.00449752 9.9928E-05 9.9928E-05 9.9928E-05 9.9928E-05
0.951035 9.991E-05 9.991E-05 9.991E-05 0.0479659 9.991E-05 9.991E-05 9.991E-05 9.991E-05 9.991E-05 9.991E-05 9.991E-05
0.0257197 0.0909052 9.99279E-05 9.99279E-05 9.99279E-05 9.99279E-05 0.193638 9.99279E-05 9.99279E-05 0.688938 9.99279E-05 9.99279E-05
0.944425 9.99099E-05 9.99099E-05 9.99099E-05 9.99099E-05 9.99099E-05 9.99099E-05 0.0545763 9.99099E-05 9.99099E-05 9.99099E-05 9.99099E-05
0.998901 9.99009E-05 9.99009E-05 9.99009E-05 9.99009E-05 9.99009E-05 9.99009E-05 9.99009E-05 9.99009E-05 9.99009E-05 9.99009E-05 9.99009E-05
0.998901 9.99008E-05 9.99008E-05 9.99008E-05 9.99008E-05 9.99008E-05 9.99008E-05 9.99008E-05 9.99008E-05 9.99008E-05 9.99008E-05 9.99008E-05
9.9946E-05 9.9946E-05 9.9946E-05 9.9946E-05 0.902096 9.9946E-05 0.0145689 0.0167983 0.01018 0.015093 9.9946E-05 0.0406644
0.0177871 0.00119461 0.0173549 9.9937E-05 0.962276 0.000688178 9.9937E-05 9.9937E-05 9.9937E-05 9.9937E-05 9.9937E-05 9.9937E-05
9.9919E-05 9.9919E-05 9.9919E-05 9.9919E-05 0.151223 0.0557061 0.792172 9.9919E-05 9.9919E-05 9.9919E-05 9.9919E-05 9.9919E-05
0.000757646 9.9946E-05 9.9946E-05 9.9946E-05 0.920588 0.0251858 9.9946E-05 9.9946E-05 0.00243968 9.9946E-05 0.00843998 0.041989
9.9901E-05 9.9901E-05 9.9901E-05 9.9901E-05 0.998901 9.9901E-05 9.9901E-05 9.9901E-05 9.9901E-05 9.9901E-05 9.9901E-05 9.9901E-05
0.607972 9.99189E-05 9.99189E-05 9.99189E-05 0.243307 0.147822 9.99189E-05 9.99189E-05 9.99189E-05 9.99189E-05 9.99189E-05 9.99189E-05
9.99371E-05 9.99371E-05 9.99371E-05 0.110845 0.758846 0.0649149 9.99371E-05 9.99371E-05 0.054807 0.00988733 9.99371E-05 9.99371E-05
9.9946E-05 9.9946E-05 0.0138826 0.12005 0.709652 0.0689913 9.9946E-05 9.9946E-05 0.0442349 0.0425901 9.9946E-05 9.9946E-05
9.9973E-05 9.9973E-05 0.197407 0.353264 0.0929687 0.133772 0.116547 0.00622807 9.9973E-05 0.0305836 0.0532391 0.0156908
0.118926 0.834923 0.00406639 9.9946E-05 9.9946E-05 0.00262283 9.9946E-05 9.9946E-05 0.0236079 9.9946E-05 9.9946E-05 0.0152542
0.164221 0.0079809 9.99371E-05 9.99371E-05 0.601361 0.178171 0.0475657 9.99371E-05 9.99371E-05 9.99371E-05 9.99371E-05 9.99371E-05
0.0299674 0.00950143 9.9955E-05 9.9955E-05 9.9955E-05 0.202856 9.9955E-05 0.0138532 0.0467141 0.276792 9.9955E-05 0.419816
0.188656 9.9919E-05 9.9919E-05 9.9919E-05 0.52322 0.287225 9.9919E-05 9.9919E-05 9.9919E-05 9.9919E-05 9.9919E-05 9.9919E-05
0.0323374 9.9928E-05 9.9928E-05 9.9928E-05 0.939166 9.9928E-05 9.9928E-05 9.9928E-05 9.9928E-05 9.9928E-05 0.0194391 0.00825855
0.992842 9.9919E-05 9.9919E-05 9.9919E-05 9.9919E-05 9.9919E-05 9.9919E-05 0.0049362 0.0013225 9.9919E-05 9.9919E-05 9.9919E-05
0.585847 9.9937E-05 0.00237388 9.9937E-05 0.242081 9.9937E-05 9.9937E-05 0.116084 9.9937E-05 9.9937E-05 0.0529143 9.9937E-05
0.0367347 0.837495 0.0915295 9.9937E-05 9.9937E-05 9.9937E-05 9.9937E-05 9.9937E-05 9.9937E-05 0.0128773 0.0206637 9.9937E-05
9.991E-05 9.991E-05 0.0926422 9.991E-05 9.991E-05 9.991E-05 9.991E-05 9.991E-05 9.991E-05 9.991E-05 0.906359 9.991E-05
0.0314188 9.99371E-05 0.0118399 0.00427781 9.99371E-05 9.99371E-05 9.99371E-05 0.930941 9.99371E-05 0.020823 9.99371E-05 9.99371E-05
0.0081846 9.9919E-05 0.954908 9.9919E-05 9.9919E-05 9.9919E-05 9.9919E-05 0.0360085 9.9919E-05 9.9919E-05 9.9919E-05 9.9919E-05
0.0319698 0.89577 0.0194353 9.9955E-05 0.019253 9.9955E-05 9.9955E-05 0.0247566 0.00286044 9.9955E-05 0.00545469 9.9955E-05
0.0620367 0.842614 9.9937E-05 9.9937E-05 0.0371034 9.9937E-05 9.9937E-05 0.0360738 9.9937E-05 0.0214721 9.9937E-05 9.9937E-05
9.99189E-05 9.99189E-05 0.990598 9.99189E-05 9.99189E-05 9.99189E-05 0.00155009 9.99189E-05 9.99189E-05 9.99189E-05 0.0069527 9.99189E-05
0.198722 0.0843481 9.99459E-05 9.99459E-05 9.99459E-05 9.99459E-05 0.119275 0.116392 0.00268886 9.99459E-05 0.477974 9.99459E-05
0.0587729 0.888938 0.0513903 9.9919E-05 9.9919E-05 9.9919E-05 9.9919E-05 9.9919E-05 9.9919E-05 9.9919E-05 9.9919E-05 9.9919E-05
9.9973E-05 9.9973E-05 0.202216 0.342136 0.105459 0.106115 0.115509 9.9973E-05 0.0166286 0.0619428 0.00939295 0.0403007
0.00185796 0.0197586 9.9946E-05 9.9946E-05 9.9946E-05 9.9946E-05 9.9946E-05 0.0615323 9.9946E-05 0.884581 0.0290052 0.00266506
0.0342548 0.06909 9.99279E-05 9.99279E-05 9.99279E-05 9.99279E-05 0.203712 9.99279E-05 9.99279E-05 0.692143 9.99279E-05 9.99279E-05
9.99011E-05 9.99011E-05 9.99011E-05 9.99011E-05 9.99011E-05 9.99011E-05 9.99011E-05 9.99011E-05 9.99011E-05 9.99011E-05 9.99011E-05 0.998901
9.9937E-05 0.11424 9.9937E-05 9.9937E-05 9.9937E-05 9.9937E-05 0.227498 0.0109739 0.000935662 0.645653 9.9937E-05 9.9937E-05
0.0251888 0.0723079 9.9937E-05 9.9937E-05 9.9937E-05 9.9937E-05 9.9937E-05 0.0737916 9.9937E-05 0.805138 9.9937E-05 0.0228743
9.99281E-05 0.60217 9.99281E-05 9.99281E-05 0.00497397 9.99281E-05 9.99281E-05 0.053192 9.99281E-05 0.338865 9.99281E-05 9.99281E-05
0.0499837 0.0275378 9.9946E-05 9.9946E-05 9.9946E-05 9.9946E-05 9.9946E-05 0.0481753 9.9946E-05 0.841916 0.00346313 0.0283248
9.99549E-05 9.99549E-05 0.00472023 9.99549E-05 9.99549E-05 9.99549E-05 0.0419623 0.564564 0.0289422 0.223525 0.101445 0.0343417
9.9946E-05 9.9946E-05 0.0468678 0.0096284 0.0102954 0.00324701 9.9946E-05 9.9946E-05 9.9946E-05 0.920884 9.9946E-05 0.00847812
9.99459E-05 9.99459E-05 0.326452 0.288266 9.99459E-05 9.99459E-05 9.99459E-05 0.0406604 9.99459E-05 0.0857498 0.157901 0.100371
0.0600622 9.9946E-05 0.690532 0.0559498 9.9946E-05 9.9946E-05 9.9946E-05 0.0539272 0.0666428 0.0722859 9.9946E-05 9.9946E-05
0.161632 0.101954 0.0492119 0.157146 9.9973E-05 9.9973E-05 0.01953 0.147297 9.9973E-05 0.182205 0.151066 0.029658
0.0573079 9.9955E-05 0.00824832 9.9955E-05 0.0287151 9.9955E-05 9.9955E-05 0.0392364 9.9955E-05 0.843577 0.00866491 0.013751
9.9937E-05 9.9937E-05 0.0152466 9.9937E-05 0.836794 0.135339 9.9937E-05 9.9937E-05 0.00835142 9.9937E-05 9.9937E-05 0.00356981
0.0113238 9.9937E-05 0.0313881 9.9937E-05 0.00568523 9.9937E-05 9.9937E-05 0.943915 9.9937E-05 0.0069886 9.9937E-05 9.9937E-05
9.99459E-05 9.99459E-05 0.189617 0.37199 9.99459E-05 9.99459E-05 9.99459E-05 0.0354721 9.99459E-05 0.0967026 0.24208 0.0635381
0.0366116 9.9937E-05 0.0200219 9.9937E-05 9.9937E-05 9.9937E-05 0.0142174 0.917133 9.9937E-05 9.9937E-05 0.0113168 9.9937E-05
9.9928E-05 9.9928E-05 9.9928E-05 0.14866 0.77419 0.0672975 0.00905256 9.9928E-05 9.9928E-05 9.9928E-05 9.9928E-05 9.9928E-05
0.0287179 0.938024 0.00695122 0.017232 9.9937E-05 9.9937E-05 9.9937E-05 9.9937E-05 9.9937E-05 9.9937E-05 9.9937E-05 0.00837512
9.99191E-05 0.018525 9.99191E-05 9.99191E-05 9.99191E-05 0.0204835 9.99191E-05 9.99191E-05 9.99191E-05 9.99191E-05 9.99191E-05 0.960092
9.9964E-05 0.0528642 0.043464 0.0433538 9.9964E-05 0.123441 0.00587322 9.9964E-05 0.0112729 0.0303871 9.9964E-05 0.688944
9.9946E-05 0.0221456 9.9946E-05 0.0043186 9.9946E-05 9.9946E-05 9.9946E-05 0.0103685 9.9946E-05 0.911318 0.0336252 0.0176244
0.332619 0.109167 9.9946E-05 9.9946E-05 9.9946E-05 9.9946E-05 0.0272146 0.265435 9.9946E-05 0.235391 9.9946E-05 0.0295744
9.9919E-05 0.993781 9.9919E-05 9.9919E-05 9.9919E-05 9.9919E-05 0.00344807 9.9919E-05 9.9919E-05 9.9919E-05 9.9919E-05 0.00187136
9.9901E-05 0.998901 9.9901E-05 9.9901E-05 9.9901E-05 9.9901E-05 9.9901E-05 9.9901E-05 9.9901E-05 9.9901E-05 9.9901E-05 9.9901E-05
0.416255 0.062444 9.9973E-05 9.9973E-05 0.0248274 0.0535514 0.133954 0.239294 0.033016 0.0188059 0.0175524 9.9973E-05
0.265804 0.0630609 9.9955E-05 9.9955E-05 9.9955E-05 9.9955E-05 0.0158929 0.345402 0.00916563 0.282857 9.9955E-05 0.0173178
9.9928E-05 9.9928E-05 9.9928E-05 0.100001 0.840698 9.9928E-05 0.0532144 9.9928E-05 9.9928E-05 9.9928E-05 0.00528729 9.9928E-05
9.99007E-05 9.99007E-05 9.99007E-05 0.998901 9.99007E-05 9.99007E-05 9.99007E-05 9.99007E-05 9.99007E-05 9.99007E-05 9.99007E-05 9.99007E-05
9.9928E-05 9.9928E-05 9.9928E-05 0.244018 0.440131 0.114562 9.9928E-05 9.9928E-05 0.20049 9.9928E-05 9.9928E-05 9.9928E-05
0.0211638 9.9946E-05 9.9946E-05 0.433683 9.9946E-05 0.188648 9.9946E-05 0.00842648 0.278755 9.9946E-05 9.9946E-05 0.068724
0.0284328 9.9946E-05 9.9946E-05 0.482394 9.9946E-05 0.173852 9.9946E-05 9.9946E-05 0.277069 0.00920667 9.9946E-05 0.0284464
9.9937E-05 0.0362556 9.9937E-05 0.333835 0.189304 0.264848 9.9937E-05 9.9937E-05 0.175058 9.9937E-05 9.9937E-05 9.9937E-05
9.99097E-05 9.99097E-05 9.99097E-05 0.996289 0.00271222 9.99097E-05 9.99097E-05 9.99097E-05 9.99097E-05 9.99097E-05 9.99097E-05 9.99097E-05
9.9964E-05 0.0169992 9.9964E-05 0.336754 0.0677964 0.191431 0.0440562 0.00284172 0.313439 9.9964E-05 9.9964E-05 0.0262819
9.9937E-05 9.9937E-05 9.9937E-05 0.334389 0.111276 0.383975 9.9937E-05 9.9937E-05 0.152928 0.0167321 9.9937E-05 9.9937E-05
0.000199731 0.0621005 0.166962 0.568668 9.99549E-05 9.99549E-05 9.99549E-05 9.99549E-05 9.99549E-05 0.0305177 0.144366 0.0266857
9.9946E-05 9.9946E-05 9.9946E-05 0.284692 0.260901 0.238961 0.0463848 9.9946E-05 0.162308 0.00615416 9.9946E-05 9.9946E-05
0.0110049 9.99639E-05 0.132444 0.573435 9.99639E-05 9.99639E-05 0.0134443 9.99639E-05 0.00247602 0.0710328 0.148891 0.0468721
0.00394739 0.0521854 0.686903 9.9955E-05 9.9955E-05 9.9955E-05 0.0102954 0.086445 9.9955E-05 9.9955E-05 0.157733 0.00199124
9.99188E-05 9.99188E-05 0.149708 9.99188E-05 9.99188E-05 9.99188E-05 0.845235 9.99188E-05 9.99188E-05 9.99188E-05 9.99188E-05 0.0041576
9.9964E-05 9.9964E-05 9.9964E-05 0.345416 0.187694 0.190576 0.0454812 0.0271742 0.11216 9.9964E-05 0.0652017 0.0258975
0.00535954 9.9982E-05 9.9982E-05 0.320322 0.133309 0.15626 0.0284122 0.0584669 0.111872 0.00163018 0.16927 0.0148966
9.99008E-05 9.99008E-05 9.99008E-05 0.998901 9.99008E-05 9.99008E-05 9.99008E-05 9.99008E-05 9.99008E-05 9.99008E-05 9.99008E-05 9.99008E-05
9.9955E-05 9.9955E-05 9.9955E-05 0.350783 0.241774 0.210472 0.00802791 0.00137256 0.178554 9.9955E-05 9.9955E-05 0.00851689
9.99281E-05 9.99281E-05 0.0537763 9.99281E-05 9.99281E-05 0.0192963 9.99281E-05 0.825372 9.99281E-05 0.100756 9.99281E-05 9.99281E-05
9.9928E-05 9.9928E-05 9.9928E-05 0.104291 0.844097 9.9928E-05 0.0412395 0.0095729 9.9928E-05 9.9928E-05 9.9928E-05 9.9928E-05
0.0214847 0.00992412 9.9955E-05 0.478211 9.9955E-05 0.182198 9.9955E-05 9.9955E-05 0.280481 0.00774972 9.9955E-05 0.0194516
9.99371E-05 9.99371E-05 9.99371E-05 0.389307 0.228334 0.294287 0.0237915 9.99371E-05 0.063581 9.99371E-05 9.99371E-05 9.99371E-05
9.9946E-05 9.9946E-05 9.9946E-05 0.386991 0.0864851 0.200871 0.0150059 9.9946E-05 0.283348 9.9946E-05 9.9946E-05 0.0266993
0.00891709 9.9955E-05 9.9955E-05 0.328988 0.0805987 0.265585 0.0550564 9.9955E-05 0.249928 9.9955E-05 9.9955E-05 0.0104261
0.00103701 0.114581 0.0112544 9.99369E-05 9.99369E-05 9.99369E-05 0.205987 9.99369E-05 9.99369E-05 0.666441 9.99369E-05 9.99369E-05
0.0116737 0.0225671 9.9973E-05 9.9973E-05 0.00930439 9.9973E-05 0.0709534 0.420355 0.0343839 0.322839 0.0562782 0.0513459
9.9937E-05 9.9937E-05 0.0128135 0.114335 0.748388 0.092842 9.9937E-05 9.9937E-05 0.0309216 9.9937E-05 9.9937E-05 9.9937E-05
9.9919E-05 9.9919E-05 0.00686377 9.9919E-05 9.9919E-05 9.9919E-05 9.9919E-05 0.956198 9.9919E-05 9.9919E-05 0.0360392 9.9919E-05
0.0437106 0.0773894 0.000329509 9.99459E-05 0.00300669 9.99459E-05 0.232096 9.99459E-05 9.99459E-05 0.642869 9.99459E-05 9.99459E-05
9.99369E-05 0.0281727 0.0557865 0.0467894 9.99369E-05 9.99369E-05 9.99369E-05 9.99369E-05 9.99369E-05 9.99369E-05 0.857144 0.0114081
9.991E-05 9.991E-05 9.991E-05 9.991E-05 0.993745 9.991E-05 9.991E-05 9.991E-05 9.991E-05 9.991E-05 9.991E-05 0.00525594
0.000143129 9.9928E-05 9.9928E-05 9.9928E-05 0.979431 9.9928E-05 9.9928E-05 9.9928E-05 9.9928E-05 9.9928E-05 0.000687442 0.0189386
9.9955E-05 0.0397919 9.9955E-05 9.9955E-05 0.850692 0.00881806 9.9955E-05 0.00661181 0.0551598 9.9955E-05 0.023289 0.0151373
9.99191E-05 9.99191E-05 9.99191E-05 9.99191E-05 0.974241 9.99191E-05 9.99191E-05 9.99191E-05 0.01575 9.99191E-05 9.99191E-05 0.00910936
0.173806 0.676221 0.0654322 9.9955E-05 0.0245321 0.00461024 9.9955E-05 9.9955E-05 9.9955E-05 0.00671232 0.0481863 9.9955E-05
0.022301 0.00855372 9.9955E-05 9.9955E-05 0.788874 0.0629953 0.021275 9.9955E-05 9.9955E-05 0.0489546 9.9955E-05 0.0465463
9.99279E-05 0.114457 9.99279E-05 9.99279E-05 0.00550177 9.99279E-05 0.200123 9.99279E-05 9.99279E-05 0.679118 9.99279E-05 9.99279E-05
9.99371E-05 9.99371E-05 0.00664692 0.0400184 9.99371E-05 9.99371E-05 0.0371587 0.00697159 9.99371E-05 0.908505 9.99371E-05 9.99371E-05
0.0953918 0.00816148 9.9937E-05 9.9937E-05 9.9937E-05 9.9937E-05 9.9937E-05 9.9937E-05 0.0113574 0.884127 9.9937E-05 0.00026234
9.9928E-05 0.0437763 9.9928E-05 0.0126866 9.9928E-05 9.9928E-05 9.9928E-05 9.9928E-05 9.9928E-05 0.918487 9.9928E-05 0.024251
0.0429041 9.9955E-05 9.9955E-05 9.9955E-05 9.9955E-05 0.00891251 0.00605678 0.04408 0.00793555 0.867092 9.9955E-05 0.0225195
0.0134271 9.9973E-05 9.9973E-05 0.389597 0.0075925 0.0441581 0.0149632 0.0185635 0.406768 0.0456563 9.9973E-05 0.0589752
0.012098 9.9946E-05 9.9946E-05 0.393451 9.9946E-05 0.0420143 9.9946E-05 9.9946E-05 0.406788 0.0537362 9.9946E-05 0.0913132
9.9955E-05 0.0260875 0.0136234 9.9955E-05 9.9955E-05 9.9955E-05 9.9955E-05 0.0350852 0.876349 0.014941 0.017495 0.015919
9.99281E-05 9.99281E-05 9.99281E-05 9.99281E-05 0.0794015 9.99281E-05 0.0268563 9.99281E-05 0.885934 0.00700874 9.99281E-05 9.99281E-05
9.9937E-05 9.9937E-05 9.9937E-05 9.9937E-05 0.00926971 0.00862877 0.0648244 9.9937E-05 0.912364 9.9937E-05 9.9937E-05 0.00421344
9.9982E-05 0.00640233 0.603406 9.9982E-05 0.0196039 0.010793 0.00257466 0.0227911 0.279508 0.0133525 0.0249714 0.016397
0.0132547 9.9928E-05 9.9928E-05 0.00299474 9.9928E-05 9.9928E-05 9.9928E-05 0.0288943 0.954057 9.9928E-05 9.9928E-05 9.9928E-05
