0.041042 0.795474 0.00069366 9.9955E-05 9.9955E-05 9.9955E-05 9.9955E-05 0.162291 9.9955E-05
9.99459E-05 0.757076 9.99459E-05 9.99459E-05 0.199396 0.0429285 9.99459E-05 9.99459E-05 9.99459E-05
9.9964E-05 0.593779 0.0506636 0.0217493 0.233727 0.0996814 9.9964E-05 9.9964E-05 9.9964E-05
0.0575471 0.827016 9.9946E-05 9.9946E-05 9.9946E-05 9.9946E-05 9.9946E-05 0.114837 9.9946E-05
0.0244271 9.9982E-05 9.9982E-05 0.00314517 0.876659 0.0124437 0.000106358 0.0498072 0.033211
9.99459E-05 0.747117 9.99459E-05 9.99459E-05 0.152381 0.0999029 9.99459E-05 9.99459E-05 9.99459E-05
0.457203 0.0176822 9.9955E-05 0.52114 9.9955E-05 9.9955E-05 0.00347555 9.9955E-05 9.9955E-05
0.00900381 0.025558 9.9946E-05 0.964839 9.9946E-05 9.9946E-05 9.9946E-05 9.9946E-05 9.9946E-05
9.9964E-05 0.000543947 9.9964E-05 0.954314 9.9964E-05 0.0213165 9.9964E-05 0.0106513 0.0127745
9.9955E-05 9.9955E-05 9.9955E-05 0.977339 0.00569229 0.00567984 9.9955E-05 9.9955E-05 0.0107895
0.114531 0.014172 0.793825 9.9982E-05 0.0341629 0.0261132 9.9982E-05 0.00652589 0.0104697
0.0314837 9.9955E-05 0.901486 0.0218858 9.9955E-05 9.9955E-05 9.9955E-05 0.0446452 9.9955E-05
0.0567493 9.9973E-05 0.904855 0.0156468 0.0014507 0.00375678 9.9973E-05 0.0172417 9.9973E-05
0.0716763 9.99371E-05 0.927624 9.99371E-05 9.99371E-05 9.99371E-05 9.99371E-05 9.99371E-05 9.99371E-05
0.0399064 0.00232942 9.9973E-05 0.0122437 9.9973E-05 9.9973E-05 0.816011 0.0928582 0.0363515
0.00768281 9.9937E-05 9.9937E-05 0.991618 9.9937E-05 9.9937E-05 9.9937E-05 9.9937E-05 9.9937E-05
0.906703 0.00696457 9.9955E-05 0.039518 9.9955E-05 9.9955E-05 9.9955E-05 0.0463146 9.9955E-05
0.00827954 0.0297376 0.101112 0.0137077 9.99641E-05 9.99641E-05 0.846763 9.99641E-05 9.99641E-05
9.9973E-05 9.9973E-05 0.21623 0.0224355 9.9973E-05 0.000714069 0.546465 0.160559 0.0532966
0.0300182 9.9964E-05 0.587404 0.00854886 9.9964E-05 9.9964E-05 0.348089 9.9964E-05 0.0255395
9.9964E-05 9.9964E-05 0.0325306 0.0371968 9.9964E-05 9.9964E-05 0.797538 0.12211 0.0102248
9.9973E-05 9.9973E-05 0.895741 0.0107821 9.9973E-05 0.0103675 0.0601858 0.0115714 0.0110522
0.016048 0.0408663 0.0603297 9.9955E-05 9.9955E-05 9.9955E-05 0.882256 9.9955E-05 9.9955E-05
0.00779272 9.9973E-05 0.807718 0.0319189 9.9973E-05 0.0379043 0.0909509 0.0234156 9.9973E-05
9.9955E-05 0.0385176 0.902558 9.9955E-05 9.9955E-05 9.9955E-05 0.0466618 0.0117633 9.9955E-05
0.0307236 0.00988012 9.9955E-05 9.9955E-05 9.9955E-05 9.9955E-05 0.935008 0.0238886 9.9955E-05
9.9946E-05 9.9946E-05 0.122624 0.0192832 9.9946E-05 9.9946E-05 0.857493 9.9946E-05 9.9946E-05
0.00633969 0.0289683 0.278227 9.9982E-05 9.9982E-05 0.0319591 0.590261 0.00563824 0.0584062
9.9964E-05 9.9964E-05 0.0432544 0.012608 9.9964E-05 0.0136257 0.902094 9.9964E-05 0.0280179
9.9982E-05 0.00715944 0.0259126 9.9982E-05 0.00274066 0.00663908 0.927917 0.0212749 0.00815654
9.9955E-05 9.9955E-05 0.944971 9.9955E-05 9.9955E-05 9.9955E-05 0.0165801 0.0131567 0.0247921
0.202052 9.99371E-05 0.797248 9.99371E-05 9.99371E-05 9.99371E-05 9.99371E-05 9.99371E-05 9.99371E-05
9.9946E-05 0.0420177 0.0948479 9.9946E-05 9.9946E-05 9.9946E-05 0.862535 9.9946E-05 9.9946E-05
9.9964E-05 9.9964E-05 0.765636 0.0114281 0.00235502 9.9964E-05 0.182874 0.0373078 9.9964E-05
9.9964E-05 0.0117151 0.0512124 0.0220144 0.00177536 9.9964E-05 0.912883 9.9964E-05 9.9964E-05
9.9946E-05 0.00297759 0.963682 9.9946E-05 9.9946E-05 9.9946E-05 0.0327404 9.9946E-05 9.9946E-05
9.9964E-05 0.00815451 0.0912419 9.9964E-05 0.00731532 0.0135925 0.879296 9.9964E-05 9.9964E-05
9.9955E-05 9.9955E-05 0.922103 9.9955E-05 9.9955E-05 9.9955E-05 0.0345156 0.0107135 0.0321682
9.9955E-05 9.9955E-05 9.9955E-05 9.9955E-05 0.0984439 0.140973 9.9955E-05 0.699308 0.0607758
9.9946E-05 0.0118896 9.9946E-05 9.9946E-05 0.626845 0.360666 9.9946E-05 9.9946E-05 9.9946E-05
0.179096 9.99461E-05 0.726405 9.99461E-05 0.0938995 9.99461E-05 9.99461E-05 9.99461E-05 9.99461E-05
9.99371E-05 9.99371E-05 0.0481737 9.99371E-05 9.99371E-05 9.99371E-05 0.951127 9.99371E-05 9.99371E-05
9.99551E-05 9.99551E-05 0.947273 9.99551E-05 9.99551E-05 0.00131164 0.0243099 9.99551E-05 0.0266058
0.326507 0.0262944 0.00501434 9.9964E-05 9.9964E-05 0.569946 9.9964E-05 9.9964E-05 0.0718382
9.9973E-05 0.028398 0.225153 0.0462864 9.9973E-05 9.9973E-05 0.54566 0.132368 0.0218347
0.0974532 0.023319 0.433647 0.0483893 9.9982E-05 9.9982E-05 0.371593 0.0155959 0.00980248
9.9973E-05 9.9973E-05 0.0681543 0.0323533 0.0116889 9.9973E-05 0.835309 0.0408163 0.0113787
9.99459E-05 0.657181 9.99459E-05 9.99459E-05 0.211085 0.131134 9.99459E-05 9.99459E-05 9.99459E-05
9.9964E-05 0.0268941 9.9964E-05 9.9964E-05 0.136419 0.240937 9.9964E-05 0.0834539 0.511896
0.311295 9.99369E-05 9.99369E-05 9.99369E-05 9.99369E-05 9.99369E-05 9.99369E-05 0.688006 9.99369E-05
0.162667 0.0155173 0.133485 9.99549E-05 9.99549E-05 9.99549E-05 9.99549E-05 0.687831 9.99549E-05
0.153255 0.0670547 0.148587 9.99549E-05 9.99549E-05 9.99549E-05 9.99549E-05 0.630603 9.99549E-05
0.221203 0.0138708 9.99459E-05 9.99459E-05 9.99459E-05 9.99459E-05 9.99459E-05 0.764327 9.99459E-05
9.9955E-05 0.032078 0.0187772 0.932734 9.9955E-05 0.0159106 9.9955E-05 9.9955E-05 9.9955E-05
0.0126142 9.9955E-05 0.0210252 0.955835 9.9955E-05 9.9955E-05 9.9955E-05 0.0100258 9.9955E-05
0.455728 9.99551E-05 0.511916 0.0275893 9.99551E-05 9.99551E-05 0.00426637 9.99551E-05 9.99551E-05
9.9946E-05 9.9946E-05 0.910873 9.9946E-05 9.9946E-05 9.9946E-05 0.0387109 0.0498162 9.9946E-05
9.9982E-05 0.00152922 0.0716605 0.0132254 0.170875 9.9982E-05 0.177039 0.489272 0.0761987
9.9955E-05 0.103039 9.9955E-05 9.9955E-05 0.871418 9.9955E-05 9.9955E-05 0.0110091 0.0140346
9.9964E-05 9.9964E-05 9.9964E-05 9.9964E-05 0.418628 0.192605 0.0409635 0.0789175 0.268486
0.953536 9.99459E-05 9.99459E-05 9.99459E-05 9.99459E-05 0.0243766 9.99459E-05 0.0214875 9.99459E-05
0.694323 9.9973E-05 0.0202124 0.0470055 0.0152637 9.9973E-05 0.00873064 0.214165 9.9973E-05
0.675552 0.052462 0.0461305 0.0122951 9.9982E-05 0.0125292 9.9982E-05 0.162974 0.0378568
9.9946E-05 9.9946E-05 0.009912 0.975347 9.9946E-05 9.9946E-05 9.9946E-05 0.014141 9.9946E-05
9.9964E-05 0.0341968 9.9964E-05 0.00573201 0.793794 0.11676 9.9964E-05 0.0491181 9.9964E-05
0.972925 9.99369E-05 9.99369E-05 9.99369E-05 9.99369E-05 9.99369E-05 9.99369E-05 9.99369E-05 0.0263753
0.00125183 0.0362004 9.9973E-05 9.9973E-05 0.058383 0.0861004 9.9973E-05 0.811038 0.0067267
0.0164168 9.9946E-05 0.948802 9.9946E-05 9.9946E-05 9.9946E-05 0.0341814 9.9946E-05 9.9946E-05
0.0416363 9.99461E-05 0.954916 0.00284777 9.99461E-05 9.99461E-05 9.99461E-05 9.99461E-05 9.99461E-05
0.0129949 0.0117057 9.9982E-05 0.784988 0.0356016 9.9982E-05 0.0302859 0.0863919 0.0378316
0.0168161 9.9982E-05 0.0249476 0.784766 0.0155279 9.9982E-05 0.0258035 0.0908373 0.0411012
9.9982E-05 0.0400942 0.0399051 0.851907 0.00616676 9.9982E-05 0.00223286 0.0483567 0.0111378
9.9946E-05 9.9946E-05 9.9946E-05 0.959299 0.0232926 9.9946E-05 9.9946E-05 0.016809 9.9946E-05
9.9955E-05 9.9955E-05 0.00167867 0.972046 9.9955E-05 9.9955E-05 9.9955E-05 0.0244017 0.00137338
9.9946E-05 9.9946E-05 0.00549356 0.977496 0.0164104 9.9946E-05 9.9946E-05 9.9946E-05 9.9946E-05
9.9946E-05 9.9946E-05 9.9946E-05 0.984044 9.9946E-05 0.00512425 9.9946E-05 0.0102325 9.9946E-05
9.9937E-05 9.9937E-05 9.9937E-05 0.983744 0.0155566 9.9937E-05 9.9937E-05 9.9937E-05 9.9937E-05
9.9955E-05 0.00578497 9.9955E-05 0.97259 0.00459101 0.0165344 9.9955E-05 9.9955E-05 9.9955E-05
9.9937E-05 9.9937E-05 9.9937E-05 0.989924 9.9937E-05 0.00937653 9.9937E-05 9.9937E-05 9.9937E-05
0.00718233 9.9973E-05 0.0128048 0.935382 0.00826219 9.9973E-05 0.00938714 0.026682 9.9973E-05
0.020703 9.9964E-05 0.0108846 0.929789 9.9964E-05 9.9964E-05 9.9964E-05 0.0315645 0.00665941
9.9973E-05 9.9973E-05 0.011388 0.940148 0.0059561 0.0158345 0.0138005 9.9973E-05 0.0125731
9.99641E-05 0.01539 0.0375623 0.529564 9.99641E-05 9.99641E-05 0.41333 9.99641E-05 0.00375385
9.99461E-05 9.99461E-05 0.0263383 0.553241 9.99461E-05 9.99461E-05 0.419821 9.99461E-05 9.99461E-05
9.9946E-05 9.9946E-05 0.00586007 0.991372 9.9946E-05 0.00216844 9.9946E-05 9.9946E-05 9.9946E-05
9.9946E-05 0.000982964 9.9946E-05 0.923288 9.9946E-05 9.9946E-05 9.9946E-05 0.0751298 9.9946E-05
9.9946E-05 0.0678903 9.9946E-05 0.924049 9.9946E-05 9.9946E-05 9.9946E-05 0.00746087 9.9946E-05
9.9973E-05 0.00835144 9.9973E-05 0.915136 0.0253135 9.9973E-05 0.0144851 0.0137437 0.0226699
9.99373E-05 0.00761677 9.99373E-05 0.991684 9.99373E-05 9.99373E-05 9.99373E-05 9.99373E-05 9.99373E-05
9.99461E-05 9.99461E-05 0.0118265 0.553471 9.99461E-05 9.99461E-05 0.434103 9.99461E-05 9.99461E-05
0.00178943 0.0436854 0.0138475 0.840318 0.00136445 9.9991E-05 0.0536803 0.0158907 0.0293242
0.0479864 0.0108455 0.000498126 0.923413 9.9964E-05 0.0168567 9.9964E-05 9.9964E-05 9.9964E-05
0.00341727 9.9955E-05 9.9955E-05 0.962222 0.00123422 9.9955E-05 9.9955E-05 0.0326272 9.9955E-05
9.9973E-05 9.9973E-05 9.9973E-05 0.9431 0.000296297 0.0257587 0.00254006 0.0130181 0.0149868
0.00961537 0.00185563 0.0233622 0.88948 0.0128187 9.9991E-05 0.0147552 0.0283923 0.0196208
0.00967439 0.0289376 9.9955E-05 0.952531 9.9955E-05 9.9955E-05 9.9955E-05 0.00835729 9.9955E-05
0.160436 0.199295 9.99639E-05 9.99639E-05 0.052214 9.99639E-05 0.55028 9.99639E-05 0.0373752
9.9955E-05 0.0469656 9.9955E-05 0.939043 9.9955E-05 9.9955E-05 0.00402314 9.9955E-05 0.00946827
9.9955E-05 0.0139174 0.0031411 0.975082 9.9955E-05 9.9955E-05 0.00735963 9.9955E-05 9.9955E-05
0.0162248 0.012211 0.0132033 0.711927 9.9991E-05 0.112501 0.085295 0.0258959 0.0226421
9.993E-05 9.993E-05 9.993E-05 0.999201 9.993E-05 9.993E-05 9.993E-05 9.993E-05 9.993E-05
0.018969 9.9937E-05 9.9937E-05 0.980331 9.9937E-05 9.9937E-05 9.9937E-05 9.9937E-05 9.9937E-05
9.9955E-05 0.0228307 0.0101631 0.962253 9.9955E-05 9.9955E-05 9.9955E-05 0.0042537 9.9955E-05
9.9973E-05 9.9973E-05 0.00748683 0.956518 0.0124926 9.9973E-05 0.01738 0.00467059 0.00115237
9.9955E-05 9.9955E-05 0.0238038 0.0573686 9.9955E-05 0.0188997 0.899428 9.9955E-05 9.9955E-05
9.993E-05 9.993E-05 9.993E-05 0.999201 9.993E-05 9.993E-05 9.993E-05 9.993E-05 9.993E-05
9.9937E-05 9.9937E-05 9.9937E-05 0.947861 9.9937E-05 9.9937E-05 9.9937E-05 0.0514391 9.9937E-05
9.993E-05 9.993E-05 9.993E-05 0.999201 9.993E-05 9.993E-05 9.993E-05 9.993E-05 9.993E-05
0.124193 0.0534292 0.207348 0.00123418 9.9973E-05 0.00822123 0.605275 9.9973E-05 9.9973E-05
0.001674 9.9973E-05 0.00799222 0.919926 0.0411041 9.9973E-05 0.0224506 9.9973E-05 0.00655351
9.9955E-05 0.0143377 0.0313069 0.938032 9.9955E-05 9.9955E-05 9.9955E-05 0.015824 9.9955E-05
9.9955E-05 0.0133011 9.9955E-05 0.966309 9.9955E-05 0.015508 0.00438167 9.9955E-05 9.9955E-05
0.00196723 0.0158344 9.9946E-05 0.981599 9.9946E-05 9.9946E-05 9.9946E-05 9.9946E-05 9.9946E-05
9.9955E-05 9.9955E-05 0.279583 0.0106734 9.9955E-05 9.9955E-05 0.621898 0.0873461 9.9955E-05
0.00176064 0.00161529 9.9955E-05 0.988843 9.9955E-05 0.00728159 9.9955E-05 9.9955E-05 9.9955E-05
9.9982E-05 0.0576873 9.9982E-05 0.875184 0.0101816 0.015444 0.00118567 0.0366648 0.00345267
9.99461E-05 9.99461E-05 0.00432927 0.526775 9.99461E-05 9.99461E-05 0.468296 9.99461E-05 9.99461E-05
9.99461E-05 9.99461E-05 0.0102758 0.972841 9.99461E-05 0.016284 9.99461E-05 9.99461E-05 9.99461E-05
0.00866603 0.00381005 0.733257 0.0277718 9.9982E-05 9.9982E-05 0.197454 0.0109634 0.0178776
9.9955E-05 9.9955E-05 0.689525 9.9955E-05 0.044665 9.9955E-05 0.264207 0.00110397 9.9955E-05
0.00617859 0.0377095 0.86673 9.9982E-05 0.00934533 0.0389729 0.0294557 0.0114076 9.9982E-05
0.0112741 9.9973E-05 0.0463445 0.0430361 0.00130156 9.9973E-05 0.872703 0.0250404 9.9973E-05
0.767847 0.00103484 0.0150534 0.0440382 0.0216617 9.9991E-05 0.00859157 0.109517 0.0321558
9.9955E-05 9.9955E-05 0.852976 0.0555401 9.9955E-05 0.0239756 0.0670082 9.9955E-05 9.9955E-05
0.325624 0.0452888 0.357698 0.00533184 0.0217675 9.9982E-05 0.218336 9.9982E-05 0.0257535
9.9973E-05 9.9973E-05 0.764189 0.0436844 0.00168263 0.00972202 0.163836 9.9973E-05 0.016586
0.0118944 0.0298723 0.647451 9.9973E-05 0.01672 9.9973E-05 0.268073 9.9973E-05 0.025689
9.9982E-05 0.0197576 0.689643 0.0162824 0.00594858 9.9982E-05 0.215085 0.0286339 0.024449
9.9982E-05 0.0154905 0.591565 9.9982E-05 0.0321727 0.0228074 0.282005 0.00644413 0.0493145
9.9973E-05 9.9973E-05 0.596599 0.0228101 0.0170968 0.0165342 0.302103 9.9973E-05 0.0445573
9.9955E-05 9.9955E-05 0.930895 0.0249455 0.0310055 0.0126545 9.9955E-05 9.9955E-05 9.9955E-05
0.115053 0.00661163 0.81423 0.0229016 0.0149238 9.9973E-05 9.9973E-05 9.9973E-05 0.0259796
0.081073 0.0102717 0.845523 0.0234366 0.0267467 0.0126495 9.9973E-05 9.9973E-05 9.9973E-05
0.0296678 9.9982E-05 0.0908743 0.0520364 0.0147778 9.9982E-05 0.740309 0.0245075 0.0476275
9.993E-05 9.993E-05 9.993E-05 9.993E-05 9.993E-05 0.999201 9.993E-05 9.993E-05 9.993E-05
9.9955E-05 0.00865257 9.9955E-05 0.0417752 9.9955E-05 0.922497 9.9955E-05 0.0265756 9.9955E-05
0.0212016 9.9982E-05 0.0105909 0.00434077 0.629089 0.246803 9.9982E-05 0.082861 0.00491397
0.35284 0.00912497 0.0717042 0.106054 0.0166486 0.00611012 0.328291 0.060649 0.0485782
9.9946E-05 0.0256284 9.9946E-05 9.9946E-05 9.9946E-05 0.916658 9.9946E-05 0.0571144 9.9946E-05
9.9955E-05 0.0380972 9.9955E-05 0.0247079 9.9955E-05 0.880762 9.9955E-05 0.0559334 9.9955E-05
0.236554 0.0277451 0.403319 0.120561 0.0358965 0.0359884 0.139736 9.9982E-05 9.9982E-05
0.0252267 0.00881636 0.00813873 0.00557883 0.427523 0.217743 9.9991E-05 0.0376084 0.269265
0.038847 9.9982E-05 9.9982E-05 0.00237301 0.456383 0.0914562 0.0449087 0.0289767 0.336855
0.0127409 0.0285764 9.9982E-05 0.0113803 0.470983 0.0520075 9.9982E-05 0.0422314 0.381881
0.0279424 9.9973E-05 9.9973E-05 0.0181922 0.22421 9.9973E-05 0.0513185 0.0983161 0.57972
0.0530214 9.9973E-05 9.9973E-05 0.0112309 0.2579 9.9973E-05 0.0197574 0.0520579 0.605733
9.9982E-05 0.0510746 0.0226185 9.9982E-05 0.429934 0.0485043 0.0379793 0.0282942 0.381395
0.756179 0.023597 9.99639E-05 9.99639E-05 9.99639E-05 0.00499421 9.99639E-05 0.187072 0.0277578
0.00288633 9.9973E-05 9.9973E-05 9.9973E-05 0.630968 0.306411 0.0172131 0.00475981 0.0374624
0.0557755 9.9964E-05 0.00789168 0.00194445 9.9964E-05 9.9964E-05 0.882681 0.0513077 9.9964E-05
9.9973E-05 0.00700477 0.00125647 0.0148044 0.00673758 0.0315166 0.93838 9.9973E-05 9.9973E-05
0.00260491 0.0165829 0.00467719 0.0315733 0.810773 0.0678395 0.0215766 0.0442725 9.9991E-05
0.107647 0.0022375 0.154491 0.169907 0.0915938 0.108475 0.131523 0.15432 0.0798054
0.780904 0.0177883 0.00283343 9.9991E-05 0.00557297 0.058425 0.0499893 0.064706 0.0196814
0.146674 0.0132196 0.69093 9.9973E-05 0.0659122 0.0496297 9.9973E-05 9.9973E-05 0.0333338
0.0643355 0.0176029 0.0636255 0.00927156 9.9973E-05 9.9973E-05 0.801095 9.9973E-05 0.0437698
0.160454 0.0298196 0.525557 0.00186536 0.0112272 0.21855 9.9982E-05 9.9982E-05 0.0523274
0.819908 0.0469173 9.9973E-05 9.9973E-05 9.9973E-05 0.0635007 0.0389121 0.0203134 0.0101485
0.0128554 0.0492623 9.9973E-05 0.00410439 9.9973E-05 0.708181 0.059538 9.9973E-05 0.165759
0.874887 9.9964E-05 9.9964E-05 0.00306135 0.00124825 9.9964E-05 9.9964E-05 0.0927574 0.0276457
9.9982E-05 9.9982E-05 0.102214 0.0590602 0.0463435 0.0349639 0.0810431 0.591135 0.0850412
0.0118315 0.0168865 9.9955E-05 0.0361716 9.9955E-05 9.9955E-05 0.934611 9.9955E-05 9.9955E-05
0.0466552 9.9964E-05 0.00174573 0.0330512 0.604961 0.313187 9.9964E-05 9.9964E-05 9.9964E-05
0.0834644 9.9973E-05 0.479544 0.00753915 0.41145 0.014299 9.9973E-05 9.9973E-05 0.00340395
0.0236536 9.9973E-05 0.00983584 0.016757 0.912507 9.9973E-05 0.0266312 9.9973E-05 0.0103158
0.31927 0.247411 0.293339 0.0520969 0.0190478 0.0304445 0.0228184 9.9991E-05 0.0154727
9.9946E-05 0.00436375 9.9946E-05 9.9946E-05 0.968222 9.9946E-05 9.9946E-05 9.9946E-05 0.0268145
0.905182 9.9946E-05 0.0570308 9.9946E-05 0.0371873 9.9946E-05 9.9946E-05 9.9946E-05 9.9946E-05
0.0611502 9.9964E-05 0.0169235 0.0590921 0.804332 9.9964E-05 0.0581022 9.9964E-05 9.9964E-05
0.043777 0.0229915 0.0355616 0.0382358 0.815776 9.9982E-05 0.0388284 9.9982E-05 0.00462981
0.0566123 0.0459489 0.00288168 0.0128582 0.0574941 9.9973E-05 0.823905 9.9973E-05 9.9973E-05
0.0447423 0.0235663 0.122676 9.9991E-05 0.0444751 0.274632 0.414976 0.0679864 0.0068466
0.25645 0.0370329 0.271117 0.0345751 0.0404405 0.0379393 0.306917 9.9991E-05 0.0154283
0.0209016 0.0415655 0.00120201 0.0110092 0.0683758 0.000375421 0.041063 9.9991E-05 0.815407
0.029364 9.9955E-05 0.0192486 9.9955E-05 0.00406083 9.9955E-05 9.9955E-05 9.9955E-05 0.946827
0.0275792 0.0134728 9.9982E-05 0.0125761 0.0272532 9.9982E-05 0.0112093 0.0343434 0.873366
0.00947069 0.0118119 0.0243152 0.0197801 0.0203737 9.9991E-05 0.0271389 0.0343724 0.852637
9.9955E-05 0.0229601 9.9955E-05 9.9955E-05 9.9955E-05 9.9955E-05 0.945948 0.0103001 0.0202919
9.9955E-05 9.9955E-05 0.0126526 9.9955E-05 0.0290228 9.9955E-05 0.8863 0.0715247 9.9955E-05
9.9973E-05 0.0261328 0.0991749 0.0129409 9.9973E-05 9.9973E-05 0.764529 0.0778667 0.0190556
0.00661689 0.0721606 0.00334916 9.9982E-05 0.252396 0.1914 9.9982E-05 0.0438763 0.430001
0.0982964 0.0566757 0.207593 0.142661 0.0710443 0.0638061 0.184626 0.082236 0.0930614
9.9973E-05 9.9973E-05 0.0100001 0.11229 0.0187855 9.9973E-05 0.362524 0.374567 0.121533
9.9973E-05 0.0644181 0.0878284 0.0066767 0.00221115 9.9973E-05 0.724621 0.113945 9.9973E-05
9.9991E-05 0.0170358 0.0682358 0.081574 0.00567865 0.0168159 0.626417 0.174499 0.00964329
9.9973E-05 0.00259121 9.9973E-05 0.0261826 9.9973E-05 0.024522 0.738805 0.14394 0.0636595
9.9982E-05 9.9982E-05 0.0147977 0.13996 0.0518463 0.0492163 0.471734 0.249974 0.0222718
0.116724 0.0980745 0.0640688 9.9964E-05 9.9964E-05 0.0519874 9.9964E-05 0.668746 9.9964E-05
0.0500026 0.00396568 0.864573 0.00463075 0.00171993 9.9982E-05 0.0279278 0.0469803 9.9982E-05
0.142754 0.0466132 0.525048 0.0555812 9.9973E-05 9.9973E-05 0.224188 9.9973E-05 0.00551548
9.9946E-05 0.0507233 0.00908586 9.9946E-05 0.939591 9.9946E-05 9.9946E-05 9.9946E-05 9.9946E-05
9.9955E-05 0.0356786 0.0126303 9.9955E-05 0.893589 9.9955E-05 9.9955E-05 0.057602 9.9955E-05
0.0152283 0.0483631 9.9973E-05 9.9973E-05 0.839954 0.010737 0.012641 0.0727764 9.9973E-05
0.0190363 0.084244 9.9982E-05 0.000646633 0.358495 0.177167 9.9982E-05 0.161849 0.198362
9.9946E-05 9.9946E-05 9.9946E-05 9.9946E-05 0.305024 9.9946E-05 9.9946E-05 0.558156 0.136221
9.9946E-05 9.9946E-05 9.9946E-05 9.9946E-05 0.34316 9.9946E-05 9.9946E-05 0.566053 0.0901875
9.9964E-05 9.9964E-05 0.00733992 9.9964E-05 9.9964E-05 0.00495661 0.878576 0.0911971 0.0175303
9.9973E-05 9.9973E-05 0.015966 0.0330308 0.00896716 9.9973E-05 0.797974 0.102019 0.0417428
9.9964E-05 9.9964E-05 0.0295063 9.9964E-05 0.00597489 0.00603624 0.934543 0.0235394 9.9964E-05
0.815851 9.9964E-05 0.0738374 0.0283176 0.03718 9.9964E-05 9.9964E-05 0.0444146 9.9964E-05
0.0187525 9.9964E-05 9.9964E-05 0.00970052 0.930179 9.9964E-05 0.0105387 9.9964E-05 0.0304292
0.00520419 9.9964E-05 9.9964E-05 0.00446088 0.911017 0.0628485 9.9964E-05 0.0160692 9.9964E-05
0.00335225 9.9955E-05 9.9955E-05 0.0030562 0.865422 0.12767 9.9955E-05 9.9955E-05 9.9955E-05
0.0115974 0.0184725 0.016998 9.9973E-05 0.809696 0.132162 9.9973E-05 9.9973E-05 0.0107738
0.00617521 0.0260424 0.0256411 0.0212616 0.803399 0.0769194 9.9982E-05 9.9982E-05 0.0403611
0.213896 9.9955E-05 0.676527 9.9955E-05 0.0897175 0.0193588 9.9955E-05 9.9955E-05 9.9955E-05
9.9982E-05 0.146194 9.9982E-05 0.0615728 0.200669 0.272595 0.0707622 0.0868747 0.161132
0.966115 0.0275692 9.9946E-05 9.9946E-05 9.9946E-05 9.9946E-05 9.9946E-05 0.00571614 9.9946E-05
0.215309 9.99461E-05 0.71505 9.99461E-05 0.0690415 9.99461E-05 9.99461E-05 9.99461E-05 9.99461E-05
0.0872757 0.167228 9.9955E-05 9.9955E-05 0.00308459 9.9955E-05 0.741912 9.9955E-05 9.9955E-05
0.223684 9.9937E-05 0.775617 9.9937E-05 9.9937E-05 9.9937E-05 9.9937E-05 9.9937E-05 9.9937E-05
0.249457 9.9937E-05 0.749843 9.9937E-05 9.9937E-05 9.9937E-05 9.9937E-05 9.9937E-05 9.9937E-05
0.259828 9.99371E-05 0.739472 9.99371E-05 9.99371E-05 9.99371E-05 9.99371E-05 9.99371E-05 9.99371E-05
0.00136538 9.9973E-05 0.0171052 0.0235628 0.915891 0.0350418 0.00673363 9.9973E-05 9.9973E-05
0.018746 0.0115563 0.00217948 9.9955E-05 0.967018 9.9955E-05 9.9955E-05 9.9955E-05 9.9955E-05
9.9946E-05 0.77099 9.9946E-05 9.9946E-05 0.156107 0.0723036 9.9946E-05 9.9946E-05 9.9946E-05
0.00432399 0.00723327 9.9964E-05 0.0347242 0.921503 0.0318154 9.9964E-05 9.9964E-05 9.9964E-05
9.993E-05 9.993E-05 9.993E-05 9.993E-05 0.999201 9.993E-05 9.993E-05 9.993E-05 9.993E-05
0.0678253 9.99551E-05 0.475297 9.99551E-05 0.280344 0.176034 9.99551E-05 9.99551E-05 9.99551E-05
9.9964E-05 9.9964E-05 9.9964E-05 9.9964E-05 0.787513 0.0876415 0.0219607 0.0362956 0.0661895
9.9973E-05 0.00475795 9.9973E-05 9.9973E-05 0.77495 0.10664 0.0395634 0.0431096 0.0306796
9.9982E-05 0.100083 9.9982E-05 0.0143941 0.180632 0.139582 0.0456044 0.455848 0.0636568
0.921623 9.9964E-05 0.0393304 0.00578267 9.9964E-05 0.0067062 9.9964E-05 9.9964E-05 0.0261574
0.118831 0.0731657 9.9955E-05 9.9955E-05 0.622762 0.184742 9.9955E-05 9.9955E-05 9.9955E-05
0.032866 9.9973E-05 0.0257835 0.399987 9.9973E-05 0.184738 0.283537 9.9973E-05 0.0727889
0.0955238 0.000460935 0.0657147 9.9964E-05 0.518958 0.318943 9.9964E-05 9.9964E-05 9.9964E-05
9.9946E-05 9.9946E-05 0.0339141 0.0196843 0.945802 9.9946E-05 9.9946E-05 9.9946E-05 9.9946E-05
0.181048 9.9955E-05 0.779841 9.9955E-05 0.0223185 9.9955E-05 9.9955E-05 9.9955E-05 0.0162925
0.115299 0.0182331 0.578692 9.9973E-05 0.244528 0.041517 9.9973E-05 0.00143071 9.9973E-05
0.867521 9.9946E-05 9.9946E-05 9.9946E-05 9.9946E-05 9.9946E-05 0.0165177 0.115362 9.9946E-05
0.0464041 9.9946E-05 9.9946E-05 9.9946E-05 9.9946E-05 0.00656694 9.9946E-05 0.946429 9.9946E-05
9.9946E-05 9.9946E-05 0.929517 9.9946E-05 9.9946E-05 9.9946E-05 0.0370831 0.0328005 9.9946E-05
0.170695 0.0312462 0.141467 9.99549E-05 9.99549E-05 9.99549E-05 9.99549E-05 0.656092 9.99549E-05
0.89188 9.9964E-05 0.044164 9.9964E-05 0.0377961 9.9964E-05 0.0221396 0.00362098 9.9964E-05
0.862744 9.9955E-05 0.0685228 9.9955E-05 0.0536323 9.9955E-05 0.0146015 9.9955E-05 9.9955E-05
0.209591 0.0481842 0.0083995 9.99549E-05 9.99549E-05 9.99549E-05 9.99549E-05 0.733326 9.99549E-05
0.172794 0.147196 0.267987 0.0125087 9.9973E-05 0.0204588 9.9973E-05 0.378755 9.9973E-05
0.917354 9.9946E-05 9.9946E-05 0.016169 9.9946E-05 9.9946E-05 9.9946E-05 0.0658774 9.9946E-05
9.9982E-05 0.104794 9.9982E-05 0.00953311 0.161264 0.134283 0.0914346 0.419441 0.0790499
0.0348083 9.9955E-05 0.0383749 0.0165189 9.9955E-05 9.9955E-05 0.909798 9.9955E-05 9.9955E-05
0.0993199 0.175813 9.99549E-05 9.99549E-05 0.000817729 9.99549E-05 0.72355 9.99549E-05 9.99549E-05
9.993E-05 9.993E-05 9.993E-05 0.999201 9.993E-05 9.993E-05 9.993E-05 9.993E-05 9.993E-05
0.122689 0.19362 9.9964E-05 9.9964E-05 0.00213739 9.9964E-05 0.680294 9.9964E-05 0.000860431
0.0563545 9.9964E-05 0.0731411 0.0253579 9.9964E-05 0.00529414 0.839452 9.9964E-05 9.9964E-05
0.619676 9.9955E-05 0.0192005 9.9955E-05 0.0118221 9.9955E-05 0.348802 9.9955E-05 9.9955E-05
0.0430699 9.9955E-05 0.0897834 0.042937 9.9955E-05 9.9955E-05 0.82371 9.9955E-05 9.9955E-05
0.00485282 0.0280709 0.553346 0.0537181 9.9991E-05 0.000262707 0.259773 0.080462 0.0194146
0.000864547 0.00924892 9.9982E-05 9.9982E-05 0.00205024 0.0165262 0.909877 0.0520385 0.00919506
9.9964E-05 9.9964E-05 0.064351 0.0958069 9.9964E-05 9.9964E-05 0.117434 0.701153 0.0208548
0.110149 0.00586213 0.181928 9.9973E-05 9.9973E-05 9.9973E-05 0.0680727 0.603308 0.0303803
0.0979746 0.0378976 0.288845 0.0280428 9.99821E-05 9.99821E-05 0.173816 0.340368 0.0328572
0.0195425 0.0368839 0.027829 0.0240346 0.0239404 9.9982E-05 0.849603 0.0179664 9.9982E-05
9.9946E-05 9.9946E-05 9.9946E-05 0.02058 0.824655 0.154165 9.9946E-05 9.9946E-05 9.9946E-05
9.9955E-05 0.00516977 0.952588 9.9955E-05 9.9955E-05 9.9955E-05 0.0219597 0.0197823 9.9955E-05
9.9955E-05 9.9955E-05 9.9955E-05 0.0540774 9.9955E-05 9.9955E-05 0.13277 0.753362 0.0592905
9.9955E-05 0.0199998 0.914637 9.9955E-05 9.9955E-05 9.9955E-05 0.03305 0.0318138 9.9955E-05
9.9955E-05 0.0358694 9.9955E-05 9.9955E-05 0.844261 0.0875238 9.9955E-05 0.031846 9.9955E-05
0.960412 9.9946E-05 9.9946E-05 0.0196751 9.9946E-05 9.9946E-05 9.9946E-05 9.9946E-05 0.0193128
0.00507181 0.000765645 9.9964E-05 0.980793 9.9964E-05 0.0106423 9.9964E-05 9.9964E-05 0.00232705
0.0600179 9.9982E-05 0.00119114 0.714587 9.9982E-05 0.114463 0.0410852 0.0559615 0.0124946
9.9946E-05 9.9946E-05 9.9946E-05 0.026858 9.9946E-05 9.9946E-05 0.950273 0.0222694 9.9946E-05
0.169171 0.00395942 0.555871 0.0247468 9.9964E-05 9.9964E-05 0.245853 9.9964E-05 9.9964E-05
0.984704 0.0145967 9.9937E-05 9.9937E-05 9.9937E-05 9.9937E-05 9.9937E-05 9.9937E-05 9.9937E-05
0.988144 0.0111568 9.9937E-05 9.9937E-05 9.9937E-05 9.9937E-05 9.9937E-05 9.9937E-05 9.9937E-05
0.143128 0.142222 0.553375 9.9982E-05 0.0445668 0.0746226 9.9982E-05 0.000890535 0.0409951
0.13856 0.0191155 0.550894 0.0221345 9.9964E-05 9.9964E-05 0.268897 9.9964E-05 9.9964E-05
9.9946E-05 0.053036 9.9946E-05 9.9946E-05 0.877059 9.9946E-05 9.9946E-05 0.0693055 9.9946E-05
9.9946E-05 9.9946E-05 9.9946E-05 9.9946E-05 0.299644 9.9946E-05 9.9946E-05 0.581267 0.11849
9.9964E-05 9.9964E-05 0.0109663 9.9964E-05 0.566311 0.109298 9.9964E-05 0.0327111 0.280314
9.9982E-05 9.9982E-05 0.0323792 0.075635 0.13764 0.160768 0.0459069 0.120542 0.426929
0.00233398 9.9991E-05 0.040368 0.0660704 0.0977801 0.17333 0.0151143 0.147589 0.457314
0.0142749 9.9982E-05 9.9982E-05 0.011478 0.288407 0.264916 0.0182772 0.109018 0.293428
9.9946E-05 9.9946E-05 9.9946E-05 9.9946E-05 0.33173 9.9946E-05 9.9946E-05 0.579337 0.0883329
9.9991E-05 0.0334156 0.0282877 0.043579 0.165857 0.156717 0.0344132 0.128076 0.409555
9.9973E-05 0.0104407 9.9973E-05 9.9973E-05 0.200522 0.363607 0.0589318 0.0980043 0.268194
9.9982E-05 0.0216937 0.029063 0.0310588 0.0863582 9.9982E-05 0.0540984 0.666381 0.111147
0.00743492 0.0527407 9.9982E-05 9.9982E-05 0.321406 0.198437 0.0403988 0.109026 0.270357
9.9973E-05 0.0117327 9.9973E-05 0.0261705 0.0529216 9.9973E-05 0.114779 0.62939 0.164706
0.200422 0.0545258 0.0856103 9.99549E-05 9.99549E-05 9.99549E-05 9.99549E-05 0.658942 9.99549E-05
0.00768006 0.896079 0.00875212 0.0259858 9.99639E-05 9.99639E-05 9.99639E-05 0.0611028 9.99639E-05
9.9982E-05 0.0187742 0.0529296 0.0240524 0.2952 0.177588 9.9982E-05 0.25629 0.174965
9.9991E-05 0.0328453 0.0628925 0.0253379 0.245295 0.147695 0.0246917 0.264536 0.196607
9.9946E-05 9.9946E-05 9.9946E-05 9.9946E-05 0.28173 9.9946E-05 9.9946E-05 0.579751 0.13792
9.9982E-05 0.0465551 9.9982E-05 0.0441051 0.339854 0.195877 0.00634555 0.0949942 0.272069
9.9946E-05 9.9946E-05 0.831927 9.9946E-05 9.9946E-05 9.9946E-05 0.133698 0.0337756 9.9946E-05
9.9964E-05 0.0573061 0.0109786 9.9964E-05 0.903891 0.0212763 9.9964E-05 0.00614825 9.9964E-05
0.015655 9.9991E-05 0.00117811 0.046487 0.125829 0.13492 0.058412 0.177895 0.439524
9.9982E-05 0.0168017 9.9982E-05 0.0261792 0.346581 0.282061 0.0084845 0.148591 0.171101
9.9982E-05 0.0159163 9.9982E-05 0.045226 0.190453 0.158968 0.0371091 0.142149 0.409979
9.9991E-05 0.075935 0.0125303 0.0565915 0.183717 0.255998 0.00859009 0.0560371 0.350501
0.117965 0.19702 9.9946E-05 9.9946E-05 9.9946E-05 9.9946E-05 0.684416 9.9946E-05 9.9946E-05
9.9982E-05 0.0684662 0.433967 0.0623592 0.0165802 9.9982E-05 0.355982 0.0408841 0.0215616
9.9973E-05 0.0230228 9.9973E-05 0.0188609 0.800517 0.0628547 9.9973E-05 0.0330722 0.0613722
9.9946E-05 9.9946E-05 0.91217 9.9946E-05 9.9946E-05 9.9946E-05 0.0258132 0.0614173 9.9946E-05
0.121081 0.201516 9.99549E-05 9.99549E-05 0.00647894 9.99549E-05 0.670425 9.99549E-05 9.99549E-05
0.104974 9.99369E-05 9.99369E-05 9.99369E-05 9.99369E-05 9.99369E-05 9.99369E-05 0.894326 9.99369E-05
9.993E-05 9.993E-05 9.993E-05 9.993E-05 0.999201 9.993E-05 9.993E-05 9.993E-05 9.993E-05
9.9946E-05 9.9946E-05 9.9946E-05 0.0109227 0.960808 0.0276699 9.9946E-05 9.9946E-05 9.9946E-05
0.000922788 9.9973E-05 0.0128577 0.0264406 0.907521 0.0343651 9.9973E-05 9.9973E-05 0.0175931
9.9946E-05 9.9946E-05 9.9946E-05 9.9946E-05 0.976785 0.0154527 9.9946E-05 9.9946E-05 0.00716251
0.805124 9.9973E-05 0.0693154 9.9973E-05 0.0403279 0.0120996 0.0133839 0.0594497 9.9973E-05
0.0389121 0.00834387 9.9973E-05 0.030809 0.78951 0.0770374 0.0550874 9.9973E-05 9.9973E-05
0.11099 0.17943 9.99459E-05 9.99459E-05 9.99459E-05 9.99459E-05 0.708981 9.99459E-05 9.99459E-05
9.9955E-05 0.0123294 9.9955E-05 9.9955E-05 9.9955E-05 9.9955E-05 0.934197 0.0493819 0.00359217
0.0350674 0.00426506 0.0467769 0.0358081 9.9973E-05 9.9973E-05 0.836799 9.9973E-05 0.040984
0.0228527 9.9964E-05 9.9964E-05 0.0255027 0.0161622 9.9964E-05 0.928194 0.00688816 9.9964E-05
0.0159471 0.00209129 0.0525682 0.0236079 9.9973E-05 0.00654517 0.89894 9.9973E-05 9.9973E-05
9.9982E-05 9.9982E-05 0.00143711 0.0836658 0.0823915 0.0449738 0.0682693 0.160228 0.558834
9.9982E-05 9.9982E-05 0.0150509 0.0951314 0.0903614 0.0143897 0.100504 0.140588 0.543775
0.0334197 9.9964E-05 0.023588 9.9964E-05 9.9964E-05 9.9964E-05 0.0223155 0.00636756 0.913909
9.9964E-05 0.00747785 9.9964E-05 9.9964E-05 0.0870647 0.0146833 0.0463727 9.9964E-05 0.844002
9.9964E-05 0.0546902 0.00312335 9.9964E-05 0.00785338 0.00618353 9.9964E-05 9.9964E-05 0.92775
0.168124 0.0428744 0.0273123 0.0148103 9.9982E-05 9.9982E-05 0.0209157 0.444154 0.281609
9.9955E-05 9.9955E-05 0.0254787 0.00120796 9.9955E-05 9.9955E-05 9.9955E-05 0.00196459 0.970849
0.0866684 0.149564 0.230312 0.01784 0.202464 9.9991E-05 0.197266 0.0232156 0.0925703
9.993E-05 9.993E-05 9.993E-05 9.993E-05 9.993E-05 9.993E-05 9.993E-05 9.993E-05 0.999201
9.993E-05 9.993E-05 9.993E-05 9.993E-05 9.993E-05 9.993E-05 9.993E-05 9.993E-05 0.999201
9.9955E-05 9.9955E-05 9.9955E-05 0.029968 0.00397638 0.0146619 9.9955E-05 9.9955E-05 0.950894
9.9964E-05 0.0429309 0.04068 9.9964E-05 0.0170297 0.676961 9.9964E-05 9.9964E-05 0.221999
9.9937E-05 9.9937E-05 9.9937E-05 9.9937E-05 9.9937E-05 0.00478483 9.9937E-05 9.9937E-05 0.994516
9.9973E-05 0.00487516 0.00724518 9.9973E-05 0.0156522 0.120531 0.0274094 9.9973E-05 0.823987
9.9955E-05 9.9955E-05 0.86692 9.9955E-05 9.9955E-05 9.9955E-05 0.0929471 0.0383198 0.00131325
0.0433421 0.00373074 0.535753 0.0488642 0.0297839 9.9991E-05 0.255285 0.0655657 0.0175749
9.9973E-05 0.0123251 0.113202 0.000517396 9.9973E-05 9.9973E-05 0.686679 0.149728 0.0372486
0.00107749 9.9964E-05 0.0620379 0.0231193 9.9964E-05 9.9964E-05 0.865145 0.0482207 9.9964E-05
0.111335 9.9964E-05 0.133375 9.9964E-05 9.9964E-05 9.9964E-05 0.0338384 0.7166 0.00445218
9.9973E-05 0.0720089 0.0625709 0.0586382 9.9973E-05 9.9973E-05 0.750703 0.0401847 0.0155943
9.9973E-05 0.0191257 0.948369 0.0129655 9.9973E-05 9.9973E-05 0.00331477 0.0103942 0.00553056
9.9946E-05 9.9946E-05 0.923794 9.9946E-05 9.9946E-05 9.9946E-05 0.0727388 9.9946E-05 0.00286792
0.211667 9.99459E-05 0.00529971 9.99459E-05 9.99459E-05 9.99459E-05 9.99459E-05 0.782433 9.99459E-05
9.9982E-05 9.9982E-05 0.0272379 0.0403281 0.0170683 0.00567518 0.706738 0.166012 0.0367411
0.00332345 0.0290575 0.144875 0.109207 0.0183146 0.0160527 0.494271 0.167757 0.0171411
0.0947229 9.99732E-05 0.000978458 0.0514123 9.99732E-05 9.99732E-05 0.0514528 0.772735 0.0283991
0.176647 0.0570422 0.0333283 9.99549E-05 9.99549E-05 9.99549E-05 9.99549E-05 0.732482 9.99549E-05
0.137498 0.0232639 0.133043 0.00879513 9.9982E-05 9.9982E-05 0.0436756 0.647926 0.00559857
0.0356546 0.143766 0.520597 0.00690413 0.0508873 0.0073461 0.2095 0.0252446 9.9991E-05
0.213681 0.0212264 0.0562982 0.00616217 9.9973E-05 9.9973E-05 9.9973E-05 0.699182 0.00315022
9.99639E-05 0.0121999 0.925155 9.99639E-05 9.99639E-05 9.99639E-05 0.00424996 0.0288202 0.0291751
0.0898027 9.99459E-05 9.99459E-05 9.99459E-05 9.99459E-05 0.0297774 9.99459E-05 0.87982 9.99459E-05
0.0644939 9.9946E-05 9.9946E-05 0.00292652 9.9946E-05 9.9946E-05 9.9946E-05 0.93198 9.9946E-05
0.0559175 0.0102826 9.9982E-05 0.0390507 0.251939 0.124755 9.9982E-05 0.377136 0.14072
0.27161 0.00396107 9.9946E-05 9.9946E-05 9.9946E-05 9.9946E-05 9.9946E-05 0.723829 9.9946E-05
0.219648 0.0355172 9.99459E-05 9.99459E-05 9.99459E-05 9.99459E-05 9.99459E-05 0.744235 9.99459E-05
0.227409 0.0145873 0.0127446 9.9955E-05 9.9955E-05 9.9955E-05 9.9955E-05 0.74476 9.9955E-05
9.9973E-05 9.9973E-05 0.0827363 0.101211 0.0262408 9.9973E-05 0.165029 0.555626 0.0688568
9.9955E-05 9.9955E-05 0.768738 9.9955E-05 9.9955E-05 0.00133685 0.120059 0.109367 9.9955E-05
9.9964E-05 0.0601382 0.855812 9.9964E-05 0.00990355 9.9964E-05 0.0130427 0.0607039 9.9964E-05
9.9982E-05 0.0339524 0.84776 0.00245789 0.00687925 9.9982E-05 0.012267 0.0947503 0.00173337
9.9964E-05 9.9964E-05 0.864668 0.0104834 9.9964E-05 0.00117606 0.0805547 0.0427178 9.9964E-05
9.9955E-05 0.0291202 0.00572275 9.9955E-05 0.896874 9.9955E-05 9.9955E-05 0.0677838 9.9955E-05
9.99459E-05 0.766721 9.99459E-05 9.99459E-05 0.160453 0.0722267 9.99459E-05 9.99459E-05 9.99459E-05
0.045569 0.00614576 0.11622 0.0222577 0.0100156 0.0140607 0.748113 0.037519 9.9991E-05
0.202754 0.0142175 0.416862 0.0328273 9.9973E-05 9.9973E-05 0.297001 9.9973E-05 0.0360376
0.0365095 0.788902 0.000196615 0.0311949 9.99639E-05 9.99639E-05 9.99639E-05 0.142797 9.99639E-05
0.0526391 0.814012 9.9955E-05 0.0149417 9.9955E-05 9.9955E-05 9.9955E-05 0.117907 9.9955E-05
9.9955E-05 9.9955E-05 9.9955E-05 9.9955E-05 0.0558596 9.9955E-05 0.89692 0.0237075 0.0230134
0.12196 0.179168 9.9946E-05 9.9946E-05 9.9946E-05 9.9946E-05 0.698272 9.9946E-05 9.9946E-05
0.0618889 0.173234 0.220062 0.007962 0.025074 0.48722 9.9982E-05 9.9982E-05 0.0243591
0.417933 0.108163 0.32095 0.00284127 0.0470922 9.9982E-05 9.9982E-05 0.0429298 0.0598908
0.0414588 0.0156457 0.108737 0.00860491 9.99731E-05 9.99731E-05 0.796355 0.0288987 9.99731E-05
9.9973E-05 9.9973E-05 0.00157177 0.0870484 0.0515374 9.9973E-05 0.239652 0.601991 0.0178997
0.079192 0.773179 0.020842 0.0303925 9.99639E-05 9.99639E-05 9.99639E-05 0.0959945 9.99639E-05
9.9964E-05 9.9964E-05 0.0890922 0.0815045 9.9964E-05 9.9964E-05 0.119058 0.586646 0.123299
9.9973E-05 9.9973E-05 0.102581 0.069507 0.0357822 9.9973E-05 0.24056 0.465621 0.0856486
9.9964E-05 9.9964E-05 0.00131905 0.070116 9.9964E-05 0.0132149 0.878615 0.0363357 9.9964E-05
9.9973E-05 9.9973E-05 9.9973E-05 0.0191563 0.00821506 0.0256433 0.88642 0.0529029 0.00736205
9.9964E-05 9.9964E-05 0.00881191 0.0127419 9.9964E-05 0.0128801 0.945239 0.0199271 9.9964E-05
0.0511844 9.9973E-05 0.0325963 0.0358388 0.0112727 9.9973E-05 0.839076 9.9973E-05 0.0297316
0.0210278 9.9964E-05 0.00614133 0.03453 9.9964E-05 0.00285997 0.935041 9.9964E-05 9.9964E-05
0.0930691 0.0102232 0.0312943 9.9955E-05 9.9955E-05 9.9955E-05 0.864914 9.9955E-05 9.9955E-05
9.9973E-05 9.9973E-05 9.9973E-05 0.144286 0.00211157 0.0822856 0.510799 0.244741 0.0154758
9.9982E-05 9.9982E-05 0.0237798 0.101898 0.0828491 0.00229264 0.244432 0.434297 0.110251
0.0431342 9.9946E-05 9.9946E-05 9.9946E-05 9.9946E-05 0.0319708 0.924295 9.9946E-05 9.9946E-05
9.9982E-05 9.9982E-05 0.0394405 0.0864348 0.0424645 0.00380751 0.215643 0.507705 0.104305
9.9973E-05 9.9973E-05 0.0724961 0.0222536 9.9973E-05 0.0090857 0.1202 0.683887 0.0917778
9.993E-05 9.993E-05 9.993E-05 9.993E-05 9.993E-05 0.999201 9.993E-05 9.993E-05 9.993E-05
9.9946E-05 0.0383606 9.9946E-05 9.9946E-05 9.9946E-05 0.939948 9.9946E-05 0.0210917 9.9946E-05
9.993E-05 9.993E-05 9.993E-05 9.993E-05 9.993E-05 0.999201 9.993E-05 9.993E-05 9.993E-05
9.9937E-05 9.9937E-05 9.9937E-05 9.9937E-05 9.9937E-05 0.996791 9.9937E-05 0.00250983 9.9937E-05
9.993E-05 9.993E-05 9.993E-05 9.993E-05 9.993E-05 0.999201 9.993E-05 9.993E-05 9.993E-05
9.993E-05 9.993E-05 9.993E-05 9.993E-05 9.993E-05 0.999201 9.993E-05 9.993E-05 9.993E-05
9.993E-05 9.993E-05 9.993E-05 9.993E-05 9.993E-05 0.999201 9.993E-05 9.993E-05 9.993E-05
0.0801059 9.9946E-05 9.9946E-05 9.9946E-05 9.9946E-05 0.0021336 9.9946E-05 0.917161 9.9946E-05
0.343013 9.99459E-05 9.99459E-05 0.00542447 9.99459E-05 9.99459E-05 9.99459E-05 0.650963 9.99459E-05
0.0234172 0.0158768 9.9982E-05 0.00385969 0.194703 0.159616 9.9982E-05 0.503432 0.098895
0.0175224 0.0592779 9.9982E-05 0.00465019 0.175833 0.148019 9.9982E-05 0.499752 0.0947451
9.9973E-05 0.027915 0.0481228 9.9973E-05 9.9973E-05 0.0391558 0.835317 0.0240117 0.0251778
9.9982E-05 0.00126036 9.9982E-05 0.0454279 0.0406924 0.00327555 0.775832 0.115575 0.0177366
9.9955E-05 9.9955E-05 9.9955E-05 9.9955E-05 9.9955E-05 0.0192391 0.942707 0.0293303 0.00822351
0.0128864 0.00164376 0.00683799 0.0167821 0.89201 0.06954 9.9973E-05 9.9973E-05 9.9973E-05
9.9937E-05 9.9937E-05 9.9937E-05 9.9937E-05 0.693253 0.306048 9.9937E-05 9.9937E-05 9.9937E-05
9.9955E-05 9.9955E-05 9.9955E-05 0.0151482 0.894599 0.0713078 0.0184455 9.9955E-05 9.9955E-05
9.9937E-05 9.9937E-05 9.9937E-05 9.9937E-05 0.631303 0.367997 9.9937E-05 9.9937E-05 9.9937E-05
0.409598 9.9973E-05 0.046672 9.9973E-05 0.382674 0.10709 0.0321305 9.9973E-05 0.0215361
0.194698 9.9973E-05 0.0229216 9.9973E-05 0.281394 0.276104 0.0304002 9.9973E-05 0.194182
0.0718446 9.9973E-05 0.00584219 0.00245016 0.0995244 0.786212 9.9973E-05 9.9973E-05 0.0338266
9.9937E-05 9.9937E-05 9.9937E-05 9.9937E-05 0.623511 0.37579 9.9937E-05 9.9937E-05 9.9937E-05
9.9937E-05 9.9937E-05 9.9937E-05 9.9937E-05 0.668686 0.330615 9.9937E-05 9.9937E-05 9.9937E-05
9.9955E-05 9.9955E-05 9.9955E-05 0.00288758 0.976991 9.9955E-05 0.00608276 9.9955E-05 0.013539
0.00728688 9.9973E-05 0.00740619 9.9973E-05 0.723181 0.221326 0.0138877 9.9973E-05 0.0266121
0.0919075 0.0499128 0.296883 0.103663 0.0270067 0.0544001 0.171325 0.0422932 0.16261
0.0135407 9.9955E-05 9.9955E-05 0.0130455 9.9955E-05 0.0065199 0.966394 9.9955E-05 9.9955E-05
0.0850369 9.99459E-05 9.99459E-05 9.99459E-05 9.99459E-05 0.0256676 9.99459E-05 0.888696 9.99459E-05
0.0178637 9.9991E-05 0.192859 0.0458106 0.0315432 0.0195843 0.583879 0.0926867 0.0156735
0.0975756 9.9955E-05 0.143254 9.9955E-05 9.9955E-05 9.9955E-05 0.0336591 0.725011 9.9955E-05
0.0209041 0.0669603 0.00834353 9.9964E-05 0.879181 9.9964E-05 9.9964E-05 0.0242109 9.9964E-05
0.0461626 0.0100952 9.99903E-05 0.00225338 0.0229431 0.835979 0.011735 0.00388795 0.0668443
9.9982E-05 0.0885085 0.0022539 0.0198962 0.580042 0.222789 9.9982E-05 0.0242839 0.0620259
9.9973E-05 9.9973E-05 0.00465246 0.0778502 0.0529922 9.9973E-05 0.231554 0.60172 0.0309314
0.0216228 9.9991E-05 0.00429507 0.0965856 0.0731526 0.021193 0.113048 0.543273 0.126729
0.0381547 9.9982E-05 0.331205 0.0451594 9.9982E-05 0.0250433 0.509673 0.00238274 0.0481817
0.809022 9.99369E-05 9.99369E-05 9.99369E-05 9.99369E-05 9.99369E-05 9.99369E-05 0.190278 9.99369E-05
9.9982E-05 0.0304227 0.00162315 0.0458921 0.0997395 0.0378237 0.0555949 9.9982E-05 0.728704
0.000821807 0.0408813 9.9982E-05 0.00704446 0.0470289 0.0207493 0.035509 9.9982E-05 0.847765
9.9955E-05 0.0386671 9.9955E-05 0.0114668 9.9955E-05 0.0104315 9.9955E-05 9.9955E-05 0.938935
9.9964E-05 0.00218762 9.9964E-05 0.0179236 0.0569453 0.0184854 9.9964E-05 9.9964E-05 0.904058
9.9955E-05 0.00353261 9.9955E-05 0.00536755 9.9955E-05 0.0404608 9.9955E-05 9.9955E-05 0.950139
9.9973E-05 0.00196258 9.9973E-05 0.0621027 0.012454 0.0998149 0.0190721 9.9973E-05 0.804294
0.0956007 9.99459E-05 9.99459E-05 9.99459E-05 9.99459E-05 0.0190651 9.99459E-05 0.884735 9.99459E-05
9.9982E-05 0.0303912 9.9982E-05 0.0610739 0.255604 0.393254 0.052946 0.0746499 0.131881
9.9973E-05 9.9973E-05 0.00527246 9.9973E-05 0.781902 0.103071 0.0380879 0.0141622 0.0572047
0.00244338 9.9946E-05 9.9946E-05 0.00202515 0.994932 9.9946E-05 9.9946E-05 9.9946E-05 9.9946E-05
0.0228896 9.9973E-05 9.9973E-05 0.00599252 0.963235 0.00180882 0.00222884 0.00354504 9.9973E-05
9.9946E-05 9.9946E-05 9.9946E-05 9.9946E-05 0.698156 0.284609 0.0166353 9.9946E-05 9.9946E-05
9.9946E-05 9.9946E-05 9.9946E-05 9.9946E-05 0.00716443 0.00837169 9.9946E-05 9.9946E-05 0.983864
9.9955E-05 9.9955E-05 9.9955E-05 0.0090237 9.9955E-05 0.0388259 0.0108683 9.9955E-05 0.940782
9.9973E-05 9.9973E-05 0.019057 0.0205556 0.0195131 0.640943 0.00987169 9.9973E-05 0.289759
9.9955E-05 0.0118568 0.0144858 9.9955E-05 9.9955E-05 0.660976 9.9955E-05 9.9955E-05 0.312182
9.9946E-05 9.9946E-05 9.9946E-05 9.9946E-05 0.0376754 0.0534654 9.9946E-05 9.9946E-05 0.908259
9.9955E-05 9.9955E-05 0.0377947 9.9955E-05 9.9955E-05 0.792329 0.0110898 9.9955E-05 0.158286
