0.0474327 9.9991E-05 0.103438 0.124931 0.576118 0.0219603 0.12602
0.0469204 0.00380845 0.471381 0.154412 0.316031 9.9991E-05 0.00734707
0.118372 0.00225124 0.440094 0.13853 0.286632 0.0140208 9.9991E-05
0.0570918 9.9991E-05 0.0829102 0.155172 0.578214 0.018562 0.107949
0.0105418 9.9982E-05 0.946743 9.9982E-05 0.0213819 0.0180299 0.00310337
0.0377374 0.0653354 0.403743 0.194932 0.285624 0.00447491 0.00815216
9.9973E-05 0.021803 9.9973E-05 9.9973E-05 0.0044905 0.520241 0.453166
9.9964E-05 9.9964E-05 0.000881046 9.9964E-05 9.9964E-05 0.992449 0.00627004
9.995E-05 9.995E-05 9.995E-05 9.995E-05 9.995E-05 0.9994 9.995E-05
9.9955E-05 9.9955E-05 9.9955E-05 0.00721077 9.9955E-05 0.992289 9.9955E-05
0.789566 9.9973E-05 0.0565546 0.0103263 9.9973E-05 9.9973E-05 0.143253
0.917762 9.9973E-05 9.9973E-05 9.9973E-05 0.0482594 0.00167697 0.0320013
0.896409 0.00546888 9.9973E-05 9.9973E-05 9.9973E-05 0.0200068 0.0778152
0.934108 9.9955E-05 9.9955E-05 9.9955E-05 9.9955E-05 9.9955E-05 0.0653919
9.9982E-05 0.833318 9.9982E-05 0.0178787 0.118232 0.00374316 0.0266285
9.995E-05 9.995E-05 9.995E-05 9.995E-05 9.995E-05 0.9994 9.995E-05
0.00538466 9.9982E-05 9.9982E-05 0.0113155 0.0650825 0.028894 0.889123
0.0967555 0.897692 9.99641E-05 9.99641E-05 9.99641E-05 0.00515253 9.99641E-05
0.210815 0.58161 9.9991E-05 0.0451934 0.142414 0.0113929 0.0084758
0.608863 0.355068 9.9982E-05 0.00556599 9.9982E-05 0.0167633 0.0135402
0.0552066 0.79964 9.9982E-05 0.00784935 0.0996039 0.0375002 9.9982E-05
0.903641 0.0559592 0.0027121 0.0103195 0.00470699 0.0225609 9.9991E-05
0.0564944 0.905495 9.9964E-05 9.9964E-05 9.9964E-05 9.9964E-05 0.0376111
0.804458 0.112735 9.9991E-05 0.0424526 0.018079 0.00367145 0.0185036
0.926313 0.0307252 9.9964E-05 9.9964E-05 0.0425617 9.9964E-05 9.9964E-05
0.00338589 0.918774 9.9973E-05 9.9973E-05 0.0222877 9.9973E-05 0.0552525
0.11381 0.863466 9.9973E-05 9.9973E-05 0.00379255 0.0186314 9.9973E-05
0.297283 0.599614 0.00603391 0.0855167 0.00239031 0.00906134 9.9991E-05
0.0451106 0.908646 9.9973E-05 0.0112448 9.9973E-05 0.0346981 9.9973E-05
0.0542241 0.934979 9.9964E-05 0.0103971 9.9964E-05 9.9964E-05 9.9964E-05
0.945378 0.0255352 0.00152502 0.0272619 9.9973E-05 9.9973E-05 9.9973E-05
0.801491 9.9955E-05 9.9955E-05 9.9955E-05 9.9955E-05 9.9955E-05 0.198009
0.108523 0.890977 9.99551E-05 9.99551E-05 9.99551E-05 9.99551E-05 9.99551E-05
0.760279 0.145536 0.0112086 0.0132559 0.0330532 0.036567 9.9991E-05
0.0665831 0.928792 9.9964E-05 9.9964E-05 9.9964E-05 0.00422497 9.9964E-05
0.939146 0.0466968 0.00505859 9.9973E-05 0.00879853 9.9973E-05 9.9973E-05
0.113102 0.885833 0.000665937 9.9964E-05 9.9964E-05 9.9964E-05 9.9964E-05
0.936612 0.0280833 9.9964E-05 0.034905 9.9964E-05 9.9964E-05 9.9964E-05
9.9973E-05 9.9973E-05 0.171086 0.13767 0.689335 9.9973E-05 0.00160972
0.00139111 9.9964E-05 0.840371 0.157838 9.9964E-05 9.9964E-05 9.9964E-05
0.730215 9.9964E-05 0.0841605 9.9964E-05 9.9964E-05 9.9964E-05 0.185224
0.038459 0.961041 9.9955E-05 9.9955E-05 9.9955E-05 9.9955E-05 9.9955E-05
0.932726 0.0314664 9.9973E-05 0.0136744 0.0218331 9.9973E-05 9.9973E-05
0.0209157 9.9982E-05 0.206794 0.404697 0.0150458 9.9982E-05 0.352348
0.241025 0.521814 9.9982E-05 0.0492704 0.141479 0.0462117 9.9982E-05
0.457887 0.368706 0.00053161 0.0228515 0.0187624 0.0134273 0.117834
0.0585623 0.852733 0.0206653 9.9982E-05 0.0450725 0.0227665 9.9982E-05
0.025522 0.0606071 0.457716 0.218637 0.200619 9.9991E-05 0.0367984
9.9982E-05 9.9982E-05 0.178398 0.700882 0.0970601 0.00767897 0.0157802
9.9955E-05 9.9955E-05 9.9955E-05 9.9955E-05 0.703304 9.9955E-05 0.296196
0.128049 9.99639E-05 9.99639E-05 9.99639E-05 0.715747 9.99639E-05 0.155804
0.142074 9.99639E-05 9.99639E-05 9.99639E-05 0.706122 9.99639E-05 0.151404
9.99549E-05 9.99549E-05 9.99549E-05 9.99549E-05 0.801412 9.99549E-05 0.198088
0.0304105 9.9991E-05 0.0183101 0.000295688 0.00265589 0.946029 0.00219929
0.0319198 9.9991E-05 0.00253196 0.00424055 0.00653632 0.953674 0.000997202
0.502082 9.9964E-05 9.9964E-05 9.9964E-05 9.9964E-05 0.0336592 0.463859
0.948979 0.0270489 9.9964E-05 9.9964E-05 0.0235725 9.9964E-05 9.9964E-05
0.0296619 0.221486 0.203093 0.0318533 0.493255 0.0205509 9.9991E-05
9.9955E-05 9.9955E-05 0.909135 9.9955E-05 0.0903652 9.9955E-05 9.9955E-05
9.9982E-05 0.0436716 0.510809 0.393826 0.0429006 9.9982E-05 0.00859229
9.9973E-05 9.9973E-05 9.9973E-05 0.000612117 0.0195447 0.00433722 0.975206
0.00265686 0.0105421 0.0166609 9.9991E-05 0.232139 0.0138805 0.724021
0.0598105 9.9982E-05 0.0110103 0.0567191 0.15042 9.9982E-05 0.72184
0.00709585 9.9973E-05 9.9973E-05 0.000312408 0.0094114 0.98288 9.9973E-05
9.9973E-05 9.9973E-05 0.919405 0.00481554 0.0617837 0.0136962 9.9973E-05
9.9955E-05 0.0134771 9.9955E-05 9.9955E-05 9.9955E-05 9.9955E-05 0.986023
9.9982E-05 9.9982E-05 0.0990017 0.053201 0.828852 0.00552085 0.0132242
0.940478 0.0275242 9.9964E-05 9.9964E-05 9.9964E-05 9.9964E-05 0.0315979
0.952002 9.9964E-05 9.9964E-05 9.9964E-05 9.9964E-05 0.00036647 0.0472315
9.9991E-05 0.0357598 0.0255004 0.0208713 0.0641387 0.812005 0.0416253
9.9991E-05 0.0596353 0.00740222 0.0148885 0.110126 0.796663 0.0111851
0.0387584 0.00113988 9.9982E-05 9.9982E-05 0.0585567 0.867054 0.0342907
9.9964E-05 9.9964E-05 0.00762325 9.9964E-05 0.0296696 0.962307 9.9964E-05
0.00171155 9.9964E-05 9.9964E-05 9.9964E-05 0.0257809 0.972108 9.9964E-05
0.00374047 0.00697678 9.9973E-05 9.9973E-05 9.9973E-05 0.960793 0.0281901
9.9964E-05 0.00923261 9.9964E-05 9.9964E-05 9.9964E-05 0.964521 0.0258461
9.9955E-05 9.9955E-05 0.00791362 9.9955E-05 9.9955E-05 0.991587 9.9955E-05
0.00409483 9.9982E-05 9.9982E-05 0.00742036 0.012705 0.970656 0.00492377
9.995E-05 9.995E-05 9.995E-05 9.995E-05 9.995E-05 0.9994 9.995E-05
0.012921 0.0215531 0.00566932 0.0021412 0.0126398 0.944976 9.9991E-05
0.0267762 0.00197209 0.0178262 9.9982E-05 0.0448652 0.90836 9.9982E-05
0.0326461 9.9973E-05 0.00374112 0.0192258 9.9973E-05 0.944087 9.9973E-05
0.0284113 0.436282 9.99641E-05 9.99641E-05 9.99641E-05 0.534907 9.99641E-05
0.0214528 0.413206 9.9964E-05 9.9964E-05 9.9964E-05 0.564941 9.9964E-05
0.000648842 9.9964E-05 9.9964E-05 9.9964E-05 9.9964E-05 0.996157 0.00279446
9.9955E-05 9.9955E-05 9.9955E-05 9.9955E-05 0.0572905 0.94221 9.9955E-05
9.9973E-05 9.9973E-05 0.00136073 9.9973E-05 0.0609105 0.936022 0.0014073
9.9973E-05 0.00786231 0.0107609 9.9973E-05 0.0254059 0.955671 9.9973E-05
9.995E-05 9.995E-05 9.995E-05 9.995E-05 9.995E-05 0.9994 9.995E-05
0.0163914 0.424092 9.99641E-05 9.99641E-05 9.99641E-05 0.559117 9.99641E-05
0.0325114 0.0581138 0.0165009 0.0127256 9.9991E-05 0.873466 0.00658194
9.9973E-05 0.0025442 0.0115283 9.9973E-05 9.9973E-05 0.911263 0.074365
9.9973E-05 9.9973E-05 9.9973E-05 0.0147621 0.0203611 0.955734 0.00884287
9.9982E-05 9.9982E-05 0.0201578 0.0163379 0.033312 0.927956 0.00203628
0.0151467 0.0287194 9.9982E-05 0.0436434 0.0373144 0.874976 9.9982E-05
0.00170771 9.9973E-05 9.9973E-05 0.00695933 0.0355588 0.955474 9.9973E-05
9.9982E-05 0.585896 0.115892 0.0599315 0.00901611 9.9982E-05 0.229065
9.9982E-05 0.0115628 0.00941621 0.0369674 0.00834544 0.933508 9.9982E-05
9.9973E-05 0.0272556 0.000351865 9.9973E-05 0.00111195 0.970981 9.9973E-05
9.9991E-05 0.0738897 0.0416895 0.0848012 0.0771038 0.702755 0.0196607
9.995E-05 9.995E-05 9.995E-05 9.995E-05 9.995E-05 0.9994 9.995E-05
9.9964E-05 0.00729533 9.9964E-05 9.9964E-05 9.9964E-05 0.973785 0.0185203
0.0212786 9.9964E-05 9.9964E-05 9.9964E-05 0.0281408 0.950181 9.9964E-05
0.00212515 9.9982E-05 0.0131397 9.9982E-05 0.00546756 0.965806 0.0132618
0.00543304 0.90562 9.9973E-05 9.9973E-05 9.9973E-05 0.0400265 0.0486209
9.995E-05 9.995E-05 9.995E-05 9.995E-05 9.995E-05 0.9994 9.995E-05
9.9964E-05 9.9964E-05 9.9964E-05 0.0107626 0.0331379 0.9557 9.9964E-05
9.9964E-05 9.9964E-05 0.00402841 0.007212 9.9964E-05 0.98836 9.9964E-05
0.260504 0.595634 9.9973E-05 9.9973E-05 9.9973E-05 0.0133606 0.130202
9.9964E-05 0.0117767 0.0333261 9.9964E-05 9.9964E-05 0.954497 9.9964E-05
0.0385661 9.9973E-05 9.9973E-05 0.00326725 0.0254594 0.932407 9.9973E-05
9.9973E-05 0.00604779 9.9973E-05 0.00287781 0.0178295 0.972945 9.9973E-05
0.0138771 9.9955E-05 9.9955E-05 9.9955E-05 9.9955E-05 0.985623 9.9955E-05
0.251927 0.636869 9.9982E-05 9.9982E-05 0.0563846 0.0265716 0.0280479
9.995E-05 9.995E-05 9.995E-05 9.995E-05 9.995E-05 0.9994 9.995E-05
9.9973E-05 9.9973E-05 0.00593319 9.9973E-05 0.0721498 0.911852 0.00976484
9.9955E-05 0.487435 9.9955E-05 9.9955E-05 9.9955E-05 0.512065 9.9955E-05
0.0177833 9.99662E-05 9.99662E-05 9.99662E-05 9.99662E-05 0.981154 0.000662952
0.730044 0.216268 9.9982E-05 9.9982E-05 0.0132098 0.0321209 0.00815706
0.686706 0.274555 0.0381273 9.9973E-05 0.000311411 9.9973E-05 9.9973E-05
0.86413 0.0478755 0.0120516 0.00463075 0.0378405 0.0333714 9.9991E-05
0.0291813 0.880457 9.9973E-05 9.9973E-05 9.9973E-05 0.0226495 0.0674124
0.00111729 9.9991E-05 0.0170321 0.0183087 0.0856773 0.0742818 0.803483
0.830955 0.0500929 0.0250243 0.00259047 9.9991E-05 0.0286415 0.0625957
0.330318 0.213033 0.0205372 0.0644646 0.00348608 0.00297746 0.365184
0.779352 0.143919 0.0281454 9.9973E-05 9.9973E-05 0.048284 9.9973E-05
0.646424 0.282357 0.00444507 0.0339757 9.9982E-05 9.9982E-05 0.0325983
0.711612 0.190683 9.99867E-05 0.00424942 0.0595341 0.0337209 9.99867E-05
0.610081 0.258091 0.042688 0.0707827 0.0130756 9.9991E-05 0.00518176
0.587753 0.324643 0.0243814 0.0376123 9.9991E-05 0.0198902 0.00562047
0.960206 9.9964E-05 0.0107251 9.9964E-05 9.9964E-05 0.028669 9.9964E-05
0.835575 9.9982E-05 0.00728016 0.0047029 9.9982E-05 0.0471816 0.105061
0.853438 9.9982E-05 0.0105245 0.0215775 9.9982E-05 0.0245029 0.0897568
0.0696675 0.789794 9.9982E-05 0.0444217 0.037219 0.0586977 9.9982E-05
9.9973E-05 9.9973E-05 0.382281 0.505011 9.9973E-05 0.0247402 0.0876677
9.9991E-05 0.0297259 0.407457 0.434548 0.0279214 0.0302516 0.0699962
0.00565475 9.9982E-05 0.71081 0.149523 0.0873017 9.9982E-05 0.0465107
0.0725383 0.351868 0.0306343 0.0401078 0.0847606 0.0703847 0.349706
9.9991E-05 0.00443416 0.394558 0.487526 0.0192534 0.0181044 0.0760244
9.9982E-05 9.9982E-05 0.396233 0.44982 0.0662118 0.0177752 0.0697601
0.406267 0.129495 0.0627652 0.0175124 9.9991E-05 0.133742 0.250118
0.0161297 0.00669672 0.530969 0.364494 0.0476492 0.0320943 0.00196747
0.0256172 0.0496813 0.470247 0.385361 0.068192 0.000802038 9.9991E-05
0.03268 9.9991E-05 0.500713 0.413868 0.0382221 0.00445363 0.00996346
9.9991E-05 0.0393259 0.270229 0.526651 0.106061 0.0111636 0.0464688
9.9991E-05 0.0305602 0.271654 0.55507 0.0847354 0.0560902 0.00178989
0.0112916 0.0757708 0.463405 0.417289 0.0312627 9.9991E-05 0.000880771
9.9973E-05 9.9973E-05 9.9973E-05 0.0375329 0.183811 0.00601694 0.77234
9.9973E-05 9.9973E-05 0.803159 0.141346 9.9973E-05 0.0139392 0.0412557
9.9964E-05 0.922403 9.9964E-05 9.9964E-05 9.9964E-05 0.0191807 0.0580169
9.9982E-05 0.910445 0.0150714 0.0095544 9.9982E-05 0.035573 0.0291559
9.9973E-05 0.00512891 0.893496 0.0427684 0.0583068 9.9973E-05 9.9973E-05
0.137446 0.193639 0.185209 0.1205 0.0840979 0.140668 0.13844
0.022515 0.0146706 9.9991E-05 0.0706751 0.114685 0.000513191 0.776842
0.694629 9.9973E-05 0.0808465 0.0605171 9.9973E-05 9.9973E-05 0.163707
0.0918378 0.81237 9.9982E-05 0.0382628 9.9982E-05 0.00740963 0.0499201
0.483072 9.9982E-05 0.128941 0.167545 9.9982E-05 0.0055845 0.214657
0.0323421 0.0284457 0.0227174 0.0540336 0.0448206 0.00821065 0.80943
9.9982E-05 0.0398712 0.271515 0.574594 9.9982E-05 0.0142874 0.0995321
9.9964E-05 9.9964E-05 9.9964E-05 9.9964E-05 0.0861539 0.0266012 0.886845
0.127713 0.0630203 0.0539452 0.102426 0.606086 0.04671 9.9991E-05
9.9964E-05 0.914196 9.9964E-05 9.9964E-05 9.9964E-05 0.0278085 0.0575957
9.9982E-05 0.0171259 0.771382 0.132058 9.9982E-05 0.029731 0.0495034
0.481945 9.9973E-05 0.442585 0.000525305 9.9973E-05 9.9973E-05 0.0746441
0.012557 0.0298388 0.918354 0.00180667 9.9982E-05 0.0372434 9.9982E-05
0.305485 0.0319422 0.0856764 0.0937599 0.0414006 0.0390311 0.402704
9.995E-05 9.995E-05 0.9994 9.995E-05 9.995E-05 9.995E-05 9.995E-05
0.0575298 0.0155834 0.0207843 9.9973E-05 9.9973E-05 9.9973E-05 0.905803
0.0646389 0.0159121 0.836283 9.9982E-05 9.9982E-05 0.0309267 0.0520397
0.0477945 0.00162874 0.842583 9.9982E-05 9.9982E-05 0.0157751 0.0920189
0.0100125 0.851636 0.0647897 9.9973E-05 9.9973E-05 9.9973E-05 0.0732617
0.103672 0.387055 0.145504 0.182282 0.0768849 0.00507241 0.0995303
0.289199 0.327093 0.0482059 0.050493 9.9991E-05 0.0255448 0.259365
0.0445391 9.9982E-05 0.0476966 0.841865 0.0619546 0.00374522 9.9982E-05
0.0245694 9.9964E-05 9.9964E-05 0.932237 0.0427941 9.9964E-05 9.9964E-05
0.009024 0.020812 9.9991E-05 0.883062 0.0636193 0.00882379 0.014559
0.0303496 0.0190989 9.9991E-05 0.871018 0.0514433 0.0210303 0.00695951
9.9964E-05 0.954688 9.9964E-05 0.0330938 0.011818 9.9964E-05 9.9964E-05
9.9973E-05 0.892039 0.0308656 9.9973E-05 0.0520172 0.0247784 9.9973E-05
0.0639987 0.769263 9.9991E-05 0.0445985 0.0549058 0.016768 0.0503658
9.9973E-05 9.9973E-05 0.381865 0.508661 0.0557591 9.9973E-05 0.0534151
0.207736 0.227741 0.176927 0.0768046 0.120538 0.126806 0.0634474
0.0099804 0.368282 0.0107638 0.105398 0.367619 0.137858 9.9991E-05
0.0936525 0.736768 0.00157577 9.9982E-05 0.149678 0.0181256 9.9982E-05
0.102141 0.620225 0.01854 0.0135266 0.152119 0.0933489 9.9991E-05
9.9982E-05 0.719242 0.00845431 0.0832577 0.154301 0.0345451 9.9982E-05
0.00130816 0.495443 0.0631222 0.0512442 0.252896 0.135887 9.9991E-05
0.0477625 0.00779663 0.043908 0.022108 0.733192 0.0305925 0.114641
0.843569 0.00653644 9.9982E-05 9.9982E-05 0.0372323 0.000925693 0.111536
0.548619 0.235238 9.9982E-05 0.012791 9.9982E-05 0.0468942 0.156259
0.00595568 9.9964E-05 0.964686 9.9964E-05 0.0289582 9.9964E-05 9.9964E-05
9.9955E-05 9.9955E-05 0.926387 9.9955E-05 0.0731127 9.9955E-05 9.9955E-05
9.9964E-05 0.00269407 0.901079 9.9964E-05 0.0958275 9.9964E-05 9.9964E-05
9.9973E-05 9.9973E-05 0.446767 0.324443 0.215929 9.9973E-05 0.0125619
9.9982E-05 0.000812309 0.324401 0.0854443 0.583669 0.00547408 9.9982E-05
9.9973E-05 9.9973E-05 0.328239 0.0632194 0.600263 0.0079793 9.9973E-05
0.0129032 0.89048 9.9982E-05 0.0377203 0.0558098 0.00288694 9.9982E-05
0.0152897 0.830863 0.00396062 0.0320492 0.0906881 0.0270499 9.9991E-05
0.0235708 0.939755 9.9973E-05 9.9973E-05 9.9973E-05 0.00448918 0.031885
0.0736124 9.9982E-05 0.0388334 9.9982E-05 0.0347064 0.00259182 0.850056
0.0202164 0.00738337 0.941957 9.9973E-05 9.9973E-05 0.0301433 9.9973E-05
9.9964E-05 9.9964E-05 0.965347 0.0119846 9.9964E-05 0.0222687 9.9964E-05
9.9964E-05 9.9964E-05 0.939451 0.0452151 9.9964E-05 9.9964E-05 0.0149345
0.0321843 9.9973E-05 0.87063 0.0782455 9.9973E-05 9.9973E-05 0.0186405
0.00302134 0.00581489 0.904884 0.0301138 9.9991E-05 0.0136357 0.0424305
0.70558 9.9964E-05 0.0980258 9.9964E-05 9.9964E-05 9.9964E-05 0.195995
9.9991E-05 0.0621784 0.31488 0.37034 0.16893 0.0667325 0.0168382
0.00626459 9.9964E-05 9.9964E-05 9.9964E-05 0.0231238 9.9964E-05 0.970212
0.706785 9.9964E-05 0.0666275 9.9964E-05 9.9964E-05 9.9964E-05 0.226188
9.9982E-05 0.770545 0.0401166 0.0298693 0.00128763 9.9982E-05 0.157982
0.791442 9.9955E-05 9.9955E-05 9.9955E-05 9.9955E-05 9.9955E-05 0.208058
0.739862 9.9955E-05 9.9955E-05 9.9955E-05 9.9955E-05 9.9955E-05 0.259638
0.708433 9.9955E-05 9.9955E-05 9.9955E-05 9.9955E-05 9.9955E-05 0.291067
0.0257435 9.9973E-05 0.933567 0.0004435 9.9973E-05 0.0399456 9.9973E-05
0.00991991 9.9964E-05 0.974553 9.9964E-05 9.9964E-05 9.9964E-05 0.0151271
0.0452229 0.0246388 0.423291 0.188522 0.292059 0.00420529 0.0220604
0.000835465 9.9982E-05 0.942593 0.00985185 0.0165638 0.0299559 9.9982E-05
9.995E-05 9.995E-05 0.9994 9.995E-05 9.995E-05 9.995E-05 9.995E-05
0.46955 9.9982E-05 0.400641 0.0237994 9.9982E-05 0.0128088 0.093
9.9973E-05 0.0133692 0.863486 0.0740139 0.048831 9.9973E-05 9.9973E-05
9.9973E-05 0.0281631 0.843786 0.0633961 0.0643543 9.9973E-05 9.9973E-05
0.0137758 0.056442 0.224546 0.171709 0.507926 0.0255022 9.9991E-05
0.0543065 0.0100412 9.9991E-05 0.00928151 0.0030249 0.0337516 0.889494
0.0256496 9.9973E-05 0.736781 0.0992637 9.9973E-05 9.9973E-05 0.138006
0.0341873 0.292447 0.00234783 0.204965 9.9991E-05 0.415297 0.0506559
0.0850255 9.9973E-05 0.715943 0.0743224 9.9973E-05 9.9973E-05 0.124409
0.0186378 9.9955E-05 0.980862 9.9955E-05 9.9955E-05 9.9955E-05 9.9955E-05
0.783318 9.9973E-05 0.018446 0.0240822 9.9973E-05 9.9973E-05 0.173854
0.577963 9.9973E-05 0.289022 9.9973E-05 0.0302412 9.9973E-05 0.102474
9.9964E-05 0.0165682 9.9964E-05 9.9964E-05 0.0852976 9.9964E-05 0.897734
9.9955E-05 9.9955E-05 9.9955E-05 9.9955E-05 0.938051 9.9955E-05 0.0614489
0.922323 0.051526 9.9964E-05 9.9964E-05 0.0257515 9.9964E-05 9.9964E-05
0.135093 9.99639E-05 9.99639E-05 9.99639E-05 0.704773 9.99639E-05 0.159735
0.0627735 0.0231708 0.0285446 9.9973E-05 9.9973E-05 9.9973E-05 0.885211
0.0565302 9.9964E-05 0.0546205 9.9964E-05 9.9964E-05 9.9964E-05 0.888449
9.99549E-05 9.99549E-05 9.99549E-05 9.99549E-05 0.820815 9.99549E-05 0.178685
0.278397 9.9982E-05 0.0449874 0.049422 0.443388 9.9982E-05 0.183605
0.00613548 0.0165191 9.9973E-05 9.9973E-05 0.0489748 9.9973E-05 0.928071
9.9982E-05 0.0794759 0.237134 0.162383 0.494309 0.0264978 9.9982E-05
0.0487025 0.922901 9.9964E-05 9.9964E-05 9.9964E-05 9.9964E-05 0.0279965
9.9973E-05 0.770911 0.0464853 0.0227806 9.9973E-05 9.9973E-05 0.159523
9.995E-05 9.995E-05 9.995E-05 9.995E-05 9.995E-05 0.9994 9.995E-05
0.00615106 0.673867 0.0516072 0.0324436 0.058185 9.9991E-05 0.177646
0.0610372 0.867519 9.9964E-05 9.9964E-05 9.9964E-05 9.9964E-05 0.0710439
0.0613517 0.341372 9.99702E-05 9.99702E-05 9.99702E-05 9.99702E-05 0.596876
0.0804862 0.866366 9.9973E-05 9.9973E-05 9.9973E-05 0.0154282 0.0374193
0.553942 0.247985 9.9991E-05 0.0239107 0.123499 0.0455289 0.00503485
9.9973E-05 0.94853 9.9973E-05 0.015809 0.00575731 9.9973E-05 0.0296039
0.0452735 0.141103 9.9982E-05 0.00203156 0.71333 0.0980616 9.9982E-05
0.177344 0.0575553 9.9982E-05 0.0269518 0.629012 9.9982E-05 0.108937
0.293048 0.165524 0.0140782 0.0201233 0.346991 0.0333374 0.126898
0.0526036 0.878033 0.0237828 9.9982E-05 9.9982E-05 0.00687577 0.0385045
9.9973E-05 9.9973E-05 0.928358 0.0471617 9.9973E-05 0.0237219 0.000458634
0.952189 0.024712 9.997E-05 9.997E-05 0.0226992 9.997E-05 9.997E-05
0.0206271 0.128034 9.9982E-05 0.0515597 0.73039 0.0691893 9.9982E-05
0.929236 0.0107812 9.9964E-05 9.9964E-05 0.0595831 9.9964E-05 9.9964E-05
0.00610747 9.9973E-05 0.922613 0.0278307 0.0431489 9.9973E-05 9.9973E-05
0.00108777 9.9973E-05 9.9973E-05 0.00892418 9.9973E-05 0.00832489 0.981363
9.9973E-05 9.9973E-05 0.004752 0.00674142 9.9973E-05 0.963466 0.0247402
0.00115388 0.0556405 0.0399918 0.0834992 0.052986 0.693932 0.0727971
9.9973E-05 0.953403 9.9973E-05 9.9973E-05 0.0091345 0.0179248 0.0192381
0.536159 0.232483 9.9973E-05 9.9973E-05 9.9973E-05 0.0430497 0.188008
9.995E-05 9.995E-05 9.995E-05 9.995E-05 9.995E-05 9.995E-05 0.9994
9.995E-05 9.995E-05 9.995E-05 9.995E-05 9.995E-05 9.995E-05 0.9994
0.578177 9.9982E-05 0.109656 0.0987637 0.0342999 9.9982E-05 0.178904
0.581376 0.280492 9.9982E-05 0.00170032 9.9982E-05 0.0176602 0.118572
9.9955E-05 9.9955E-05 0.908629 9.9955E-05 0.0908714 9.9955E-05 9.9955E-05
9.9973E-05 9.9973E-05 0.300868 0.0800871 0.618062 0.000683415 9.9973E-05
0.0176578 9.9982E-05 0.619499 0.333344 0.0202382 9.9982E-05 0.00906067
0.0293496 0.0652463 0.183321 0.52998 0.113003 0.0789995 9.9991E-05
0.045751 0.0198173 0.169261 0.534342 0.140537 0.0747619 0.0155298
9.9991E-05 0.0415772 0.394902 0.408481 0.13182 0.00505401 0.0180667
9.9964E-05 9.9964E-05 0.337948 0.0603561 0.601296 9.9964E-05 9.9964E-05
0.0265368 0.0480959 0.215427 0.517813 0.169707 0.0223199 9.9991E-05
9.9973E-05 0.044765 0.364817 0.450744 0.139374 9.9973E-05 9.9973E-05
0.0261202 0.0721165 0.0792001 0.124783 0.662265 0.0354154 9.9991E-05
9.9982E-05 0.0269919 0.467335 0.377564 0.11169 9.9982E-05 0.0162192
9.9982E-05 0.11019 0.0629415 0.144175 0.648673 0.0338208 9.9982E-05
0.103973 9.99639E-05 9.99639E-05 9.99639E-05 0.688338 9.99639E-05 0.207289
0.101356 9.9991E-05 0.0748894 0.185937 0.538416 0.0604105 0.0388905
0.0719292 0.00191153 0.355147 0.277428 0.257259 0.0362259 9.9991E-05
0.068563 0.0415711 0.30349 0.269785 0.303242 0.0132494 9.9991E-05
9.9973E-05 9.9973E-05 0.270264 0.120583 0.586263 0.02259 9.9973E-05
0.0279779 9.9982E-05 0.443519 0.379914 0.118863 0.0295251 9.9982E-05
0.805933 0.140084 9.9973E-05 0.00320291 0.0504804 9.9973E-05 9.9973E-05
0.00906366 9.9964E-05 0.9265 9.9964E-05 0.0640363 9.9964E-05 9.9964E-05
0.0178008 0.0549614 0.168571 0.527439 0.164835 0.0548746 0.0115171
9.9982E-05 0.00669658 0.474638 0.299708 0.193808 0.0249497 9.9982E-05
9.9982E-05 0.0256332 0.258214 0.5233 0.140263 0.0523893 9.9982E-05
0.0312816 0.00482447 0.296955 0.493709 0.101518 0.0624749 0.00923697
9.9982E-05 0.740894 0.0418367 0.0266308 0.00915232 9.9982E-05 0.181286
0.465961 0.367508 0.0299159 0.0376705 0.0339679 0.0582183 0.0067581
9.9964E-05 9.9964E-05 0.843425 0.107023 0.0491516 9.9964E-05 9.9964E-05
0.891866 0.0287111 9.9964E-05 9.9964E-05 0.0790228 9.9964E-05 9.9964E-05
9.9973E-05 0.71367 0.0956747 9.9973E-05 0.0265849 9.9973E-05 0.16377
9.99549E-05 9.99549E-05 9.99549E-05 9.99549E-05 0.899706 9.99549E-05 0.0997941
9.995E-05 9.995E-05 0.9994 9.995E-05 9.995E-05 9.995E-05 9.995E-05
9.9955E-05 9.9955E-05 0.98791 9.9955E-05 9.9955E-05 0.0115905 9.9955E-05
0.0371023 9.9982E-05 0.92727 0.00516332 9.9982E-05 0.0165423 0.0137218
9.995E-05 9.995E-05 0.9994 9.995E-05 9.995E-05 9.995E-05 9.995E-05
0.0751022 0.0109632 0.0371685 9.9982E-05 0.068647 9.9982E-05 0.807919
9.9973E-05 0.0649451 0.857046 9.9973E-05 9.9973E-05 0.04597 0.0317386
9.9973E-05 0.724436 0.0455893 0.026882 9.9973E-05 9.9973E-05 0.202793
9.9955E-05 0.93979 9.9955E-05 9.9955E-05 0.0597105 9.9955E-05 9.9955E-05
9.9973E-05 0.903777 9.9973E-05 0.0209737 9.9973E-05 0.00635419 0.0685948
9.9973E-05 0.929241 0.000571719 9.9973E-05 9.9973E-05 0.0253432 0.0445437
0.0472943 0.88495 9.9982E-05 0.000125902 9.9982E-05 0.0342292 0.0332005
0.0179925 0.0732459 0.0614219 0.615477 0.162104 0.0696582 9.9991E-05
0.00206215 0.0685138 0.0707942 0.5782 0.169123 0.111207 9.9991E-05
0.0426381 0.0206616 9.9991E-05 0.891126 0.0336404 0.00208088 0.00975298
9.9973E-05 0.0330349 0.0407874 0.922635 9.9973E-05 0.00324245 9.9973E-05
0.00430582 9.9973E-05 9.9973E-05 0.953063 0.0284119 0.0139192 9.9973E-05
0.0252636 0.0251514 9.9991E-05 0.2684 0.527575 0.00480058 0.14871
0.0410917 9.9964E-05 9.9964E-05 0.939107 9.9964E-05 0.0194016 9.9964E-05
0.236052 0.188713 0.236076 0.128246 0.0890332 9.9991E-05 0.12178
9.995E-05 9.995E-05 9.995E-05 0.9994 9.995E-05 9.995E-05 9.995E-05
9.995E-05 9.995E-05 9.995E-05 0.9994 9.995E-05 9.995E-05 9.995E-05
9.9955E-05 9.9955E-05 9.9955E-05 0.972653 9.9955E-05 0.026847 9.9955E-05
0.0366453 0.0182125 0.274527 0.641499 9.9982E-05 9.9982E-05 0.0289162
9.9955E-05 9.9955E-05 9.9955E-05 0.991978 9.9955E-05 0.00752214 9.9955E-05
0.0160889 0.023787 0.0129927 0.917387 0.00515294 0.0244914 9.9991E-05
0.864023 0.0832927 9.9964E-05 9.9964E-05 0.0522845 9.9964E-05 9.9964E-05
0.570674 0.219999 9.9991E-05 0.0465557 0.101041 0.0600869 0.00154411
0.133878 0.696988 9.9991E-05 0.0416892 0.112195 0.00708585 0.00806463
0.0711716 0.882067 9.9982E-05 9.9982E-05 0.00725524 0.0340368 0.00526963
0.103776 0.039251 9.9973E-05 9.9973E-05 0.700554 9.9973E-05 0.156119
0.0793344 0.760525 0.0138429 0.0266213 0.0711887 0.0483883 9.9991E-05
0.949289 9.9964E-05 9.9964E-05 9.9964E-05 0.0351984 0.0151125 9.9964E-05
0.926693 0.0728071 9.9955E-05 9.9955E-05 9.9955E-05 9.9955E-05 9.9955E-05
0.0532396 9.99639E-05 9.99639E-05 9.99639E-05 0.777011 9.99639E-05 0.16935
0.0485371 0.717174 9.9982E-05 0.0380779 0.147554 0.0484564 9.9982E-05
0.182547 0.480648 0.0247584 0.0382776 0.168146 0.0967399 0.00888305
0.0428688 0.0445281 9.99911E-05 0.00934859 0.755341 0.050377 0.0974365
0.0299343 9.99639E-05 9.99639E-05 9.99639E-05 0.779574 9.99639E-05 0.190092
0.110041 0.0606337 9.9973E-05 9.9973E-05 0.701218 9.9973E-05 0.127808
0.496896 0.240571 0.0838864 0.0601932 0.0771408 9.9991E-05 0.0412125
0.058043 9.9964E-05 9.9964E-05 9.9964E-05 0.734206 9.9964E-05 0.207351
0.936674 0.00416221 9.9982E-05 0.00635217 0.0401962 0.0124155 9.9982E-05
9.9964E-05 9.9964E-05 0.00167545 9.9964E-05 0.876276 9.9964E-05 0.121648
9.9964E-05 9.9964E-05 9.9964E-05 9.9964E-05 0.926167 0.0219758 0.0514569
9.9982E-05 9.9982E-05 0.308939 0.20631 0.3852 0.0418622 0.0574887
0.0110085 9.9964E-05 9.9964E-05 9.9964E-05 0.74305 9.9964E-05 0.245541
9.99549E-05 9.99549E-05 9.99549E-05 9.99549E-05 0.801301 9.99549E-05 0.198199
9.9955E-05 9.9955E-05 9.9955E-05 9.9955E-05 0.757955 9.9955E-05 0.241545
0.0903129 0.18663 0.0309676 0.0441635 0.562536 0.0852893 9.9991E-05
0.767371 0.125024 9.9964E-05 9.9964E-05 0.107205 9.9964E-05 9.9964E-05
0.897621 9.9973E-05 0.0179656 0.00508047 0.0790329 9.9973E-05 9.9973E-05
0.853025 0.0170285 0.0157623 9.9982E-05 0.101835 0.0121489 9.9982E-05
0.878094 0.0736069 9.9973E-05 9.9973E-05 0.032059 0.0159406 9.9973E-05
0.0029493 0.00122409 0.904422 9.9973E-05 0.0911045 9.9973E-05 9.9973E-05
0.0358189 0.0159141 0.400024 0.19671 0.292477 0.0174662 0.0415888
0.122364 0.767968 0.0102002 0.0115538 9.9991E-05 0.0257072 0.0621069
0.462741 0.293353 9.9991E-05 0.00722912 0.0034422 0.0298965 0.203238
0.0690259 9.9991E-05 0.0928254 0.0973824 0.588407 0.0572433 0.0950163
0.0567834 9.9991E-05 0.0913338 0.143287 0.581347 0.0395076 0.0876411
9.9973E-05 0.933642 0.0282532 0.0179162 0.0198891 9.9973E-05 9.9973E-05
9.9982E-05 0.748559 0.0295335 0.0122068 9.9982E-05 0.00586122 0.20364
0.241384 9.9982E-05 0.251806 0.306008 9.9982E-05 0.0434225 0.157179
0.333648 9.9982E-05 0.0975392 0.0533089 0.0880113 9.9982E-05 0.427292
0.113764 0.813101 9.9973E-05 9.9973E-05 0.0279205 9.9973E-05 0.0449146
0.0088436 0.246455 0.0193543 0.0381037 0.570058 0.117086 9.9991E-05
0.0615942 9.9991E-05 0.0846283 0.168112 0.523413 0.0528023 0.109351
0.0714668 0.131871 0.00997753 0.0920445 0.587716 0.106824 9.9991E-05
0.0733083 0.23079 0.0603852 0.0686065 0.468181 0.0986285 9.9991E-05
0.015535 0.894548 9.9973E-05 9.9973E-05 0.0233553 0.0662622 9.9973E-05
0.0097567 0.901414 0.0324408 9.9982E-05 0.0408491 0.0153391 9.9982E-05
9.9964E-05 0.953071 9.9964E-05 9.9964E-05 0.0422249 0.00430461 9.9964E-05
0.0560363 0.841126 9.9991E-05 0.0161287 0.00224097 0.0276517 0.0567159
9.9964E-05 0.94264 9.9964E-05 9.9964E-05 9.9964E-05 0.046154 0.0108058
0.0278068 0.913694 9.9964E-05 9.9964E-05 9.9964E-05 9.9964E-05 0.058099
9.9982E-05 0.513994 0.0212009 0.0836859 0.236712 0.144208 9.9982E-05
0.0387984 0.237459 0.0796465 0.129323 0.405338 0.109336 9.9991E-05
9.9955E-05 0.942551 9.9955E-05 9.9955E-05 9.9955E-05 9.9955E-05 0.0569497
0.033 0.251728 0.0385751 0.0736478 0.504873 0.0980764 9.9991E-05
0.0783657 0.124309 0.014621 0.0345582 0.679922 0.0681242 9.9991E-05
9.9964E-05 9.9964E-05 0.395119 0.534049 9.9964E-05 9.9964E-05 0.0704324
9.9973E-05 9.9973E-05 0.377129 0.516718 0.089501 9.9973E-05 0.0163525
9.9964E-05 9.9964E-05 0.402199 0.524457 9.9964E-05 9.9964E-05 0.072944
9.9973E-05 9.9973E-05 0.416196 0.513958 9.9973E-05 0.00524754 0.064299
9.9973E-05 0.0203946 0.380356 0.533996 9.9973E-05 9.9973E-05 0.0649542
9.9964E-05 9.9964E-05 0.402263 0.552079 9.9964E-05 9.9964E-05 0.0452582
9.9973E-05 9.9973E-05 0.425658 0.495255 9.9973E-05 0.00598256 0.072805
9.9955E-05 9.9955E-05 9.9955E-05 9.9955E-05 0.907828 9.9955E-05 0.0916726
9.99639E-05 9.99639E-05 9.99639E-05 9.99639E-05 0.610963 0.0165329 0.372105
9.9991E-05 0.0027943 0.261644 0.189452 0.52796 0.0110399 0.00700968
9.9982E-05 9.9982E-05 0.248029 0.194554 0.540607 0.00964648 0.00696393
0.0402786 0.834479 0.0251742 0.0516594 0.0209323 0.00287367 0.0246024
9.9982E-05 0.786056 0.0300739 0.0391421 0.0915423 0.0529855 9.9982E-05
0.0014982 0.995224 9.9964E-05 0.00287824 9.9964E-05 9.9964E-05 9.9964E-05
9.9973E-05 9.9973E-05 0.961294 0.00670354 9.9973E-05 0.025497 0.00620538
9.9964E-05 9.9964E-05 0.88431 0.0896062 9.9964E-05 9.9964E-05 0.0256844
9.9955E-05 0.0338347 0.965666 9.9955E-05 9.9955E-05 9.9955E-05 9.9955E-05
9.9964E-05 9.9964E-05 0.867427 0.129411 9.9964E-05 9.9964E-05 0.00276238
0.0483259 0.0523166 0.442214 0.0394317 9.9982E-05 9.9982E-05 0.417512
0.00636048 0.0470094 0.398302 0.33082 9.9982E-05 9.9982E-05 0.217308
9.9973E-05 9.9973E-05 0.395077 0.468653 9.9973E-05 0.0140833 0.121886
9.9955E-05 9.9955E-05 0.842116 0.157385 9.9955E-05 9.9955E-05 9.9955E-05
9.9955E-05 9.9955E-05 0.871899 0.127601 9.9955E-05 9.9955E-05 9.9955E-05
9.9964E-05 0.0048652 0.985681 9.9964E-05 9.9964E-05 0.00905444 9.9964E-05
9.9973E-05 0.0136876 0.832678 0.105147 9.9973E-05 9.9973E-05 0.0481872
0.280589 0.155317 0.0686948 0.211046 0.0656323 0.124674 0.0940468
9.9973E-05 0.955709 0.0028059 9.9973E-05 9.9973E-05 0.02368 0.0175054
9.9964E-05 9.9964E-05 0.0175279 9.9964E-05 0.894695 9.9964E-05 0.0873772
0.195438 0.639627 0.0106055 0.0234569 0.0873073 0.0422217 0.00134388
0.138804 0.0225641 9.9973E-05 9.9973E-05 0.72649 9.9973E-05 0.111842
0.0105582 0.00575611 0.89987 9.9982E-05 0.053945 9.9982E-05 0.0296704
9.9982E-05 0.041792 0.364848 0.48784 9.9982E-05 0.00707033 0.0982498
9.9991E-05 0.0685076 0.69973 0.139959 0.0743157 0.0100125 0.0073757
9.9982E-05 0.248295 0.0325397 0.0475348 0.585504 0.0859265 9.9982E-05
0.00162034 0.105549 0.0736151 0.118904 0.573757 0.10746 0.0190942
0.310004 0.51685 9.9991E-05 0.0382993 0.0169945 0.048951 0.0688011
9.9955E-05 9.9955E-05 9.9955E-05 9.9955E-05 0.199283 9.9955E-05 0.800217
0.0719673 0.0237376 0.097675 0.747024 0.00464032 0.0548559 9.9991E-05
0.000923 0.0545322 0.0478256 0.846605 0.0373717 0.0126426 9.9991E-05
9.99549E-05 9.99549E-05 9.99549E-05 0.982661 0.0168388 9.99549E-05 9.99549E-05
0.00480659 9.9964E-05 0.00575132 0.989042 9.9964E-05 9.9964E-05 9.9964E-05
9.9964E-05 0.00157582 9.9964E-05 0.99537 9.9964E-05 0.00265423 9.9964E-05
9.9982E-05 0.0372176 0.0393499 0.885264 0.00528922 0.0326795 9.9982E-05
9.9973E-05 9.9973E-05 0.0135696 9.9973E-05 0.87882 0.0149512 0.0923597
9.9991E-05 0.043595 0.417431 0.336914 0.115627 0.066231 0.0201017
0.0286316 0.0450237 0.851572 0.0647021 0.00987112 9.9982E-05 9.9982E-05
9.995E-05 9.995E-05 0.9994 9.995E-05 9.995E-05 9.995E-05 9.995E-05
9.9973E-05 9.9973E-05 0.985945 0.00560902 0.00593033 0.00221531 9.9973E-05
9.9973E-05 0.027562 0.852023 0.11016 9.9973E-05 0.00995447 9.9973E-05
9.995E-05 9.995E-05 9.995E-05 0.9994 9.995E-05 9.995E-05 9.995E-05
0.00457526 0.0272804 9.9973E-05 0.953299 9.9973E-05 0.0145458 9.9973E-05
0.0104563 0.0277697 0.261797 0.694277 9.9982E-05 9.9982E-05 0.00549973
0.0103573 0.00258138 0.225263 0.712935 9.9991E-05 0.0167247 0.032039
9.9955E-05 9.9955E-05 0.032619 0.966881 9.9955E-05 9.9955E-05 9.9955E-05
0.0217338 0.0134076 0.324316 0.592948 9.9982E-05 9.9982E-05 0.0473944
0.0222475 0.332715 0.234453 0.330417 9.9982E-05 9.9982E-05 0.0799678
0.0724005 0.788257 9.9982E-05 9.9982E-05 0.0718332 0.00891684 0.0583925
0.130178 0.740243 9.9973E-05 0.0634582 9.9973E-05 9.9973E-05 0.0658213
0.0886123 0.840175 9.9973E-05 9.9973E-05 9.9973E-05 0.0328083 0.0381045
0.0274217 0.914255 9.9973E-05 9.9973E-05 9.9973E-05 0.0207988 0.0372244
0.00608725 9.99549E-05 9.99549E-05 0.993413 9.99549E-05 9.99549E-05 9.99549E-05
9.995E-05 9.995E-05 9.995E-05 0.9994 9.995E-05 9.995E-05 9.995E-05
0.00962464 0.0253571 0.192505 0.73365 9.9991E-05 0.00733998 0.0314229
9.9964E-05 9.9964E-05 0.11961 0.84212 9.9964E-05 9.9964E-05 0.03787
9.9964E-05 9.9964E-05 9.9964E-05 0.994903 9.9964E-05 0.00414844 0.000549141
0.00246528 9.9973E-05 9.9973E-05 0.912261 0.0757846 0.00918952 9.9973E-05
9.995E-05 9.995E-05 9.995E-05 0.9994 9.995E-05 9.995E-05 9.995E-05
9.9991E-05 0.0171705 0.229805 0.667043 0.0217617 0.0244226 0.0396978
9.9955E-05 0.0631102 9.9955E-05 9.9955E-05 9.9955E-05 9.9955E-05 0.93639
0.19843 9.9973E-05 9.9973E-05 9.9973E-05 0.0569292 0.0283292 0.716012
0.0478314 9.99641E-05 9.99641E-05 9.99641E-05 9.99641E-05 0.0351503 0.916619
9.9973E-05 0.0849704 9.9973E-05 0.0563782 0.027524 9.9973E-05 0.830827
0.0104933 0.0359696 0.359479 0.466627 0.11383 9.9991E-05 0.0135009
9.9973E-05 0.00837022 0.483099 0.413342 0.0948886 9.9973E-05 9.9973E-05
0.0336239 9.9991E-05 0.579015 0.329401 0.0223911 0.00265742 0.032812
9.9973E-05 9.9973E-05 0.575071 0.330675 0.0594109 9.9973E-05 0.0345428
0.0463253 0.0817391 0.0662371 0.544995 0.159641 0.100962 9.9991E-05
9.9982E-05 9.9982E-05 0.49756 0.0761452 0.379559 0.0287925 0.0177437
9.99639E-05 9.99639E-05 9.99639E-05 0.969353 0.00464991 9.99639E-05 0.0255968
9.9964E-05 9.9964E-05 0.320292 0.589902 9.9964E-05 9.9964E-05 0.0894061
9.9973E-05 9.9973E-05 0.298861 0.569737 9.9973E-05 0.0107585 0.120344
0.0562666 0.430125 0.0135495 0.0241957 0.441631 0.0341325 9.99911E-05
0.0246776 0.0113803 0.102856 0.0152486 0.681322 0.0583296 0.106186
0.0953401 0.845138 9.9973E-05 9.9973E-05 0.0588196 9.9973E-05 0.000402593
0.866483 0.067678 9.9982E-05 0.0154501 0.0132751 0.0369135 9.9982E-05
0.662274 0.25876 9.9991E-05 0.00434532 0.0166838 0.0487357 0.00910092
0.4452 0.450308 9.9982E-05 0.0349072 9.9982E-05 0.0372826 0.0321024
0.0037631 0.358799 9.9991E-05 0.0191243 0.261592 0.0101513 0.346471
0.114001 0.885499 9.9955E-05 9.9955E-05 9.9955E-05 9.9955E-05 9.9955E-05
0.0153862 0.935955 0.0186785 0.0162876 0.0134927 9.9982E-05 9.9982E-05
0.0391905 0.861791 9.9982E-05 0.0442855 0.0431921 0.0113413 9.9982E-05
0.101576 0.862734 9.9973E-05 9.9973E-05 0.0124439 0.0229464 9.9973E-05
0.0578569 0.0876803 0.0748167 0.465797 0.249124 0.0646249 9.9991E-05
0.0245442 0.405569 0.0464622 0.304674 0.11928 0.0253195 0.0741515
9.99732E-05 0.244433 0.244823 0.361786 0.148657 9.99732E-05 9.99732E-05
9.9982E-05 0.042172 0.17916 0.51848 0.235372 0.0246153 9.9982E-05
0.0677993 0.526431 0.0463797 0.0372855 0.0598336 0.0571152 0.205156
9.9982E-05 0.920026 0.00140554 9.9982E-05 0.0215246 0.012204 0.0446401
9.9982E-05 9.9982E-05 0.409776 0.481175 0.0279885 0.0128025 0.0680578
0.105435 0.682196 9.9982E-05 0.0311835 0.104894 0.0760916 9.9982E-05
0.857318 0.112255 9.9964E-05 9.9964E-05 0.0300267 9.9964E-05 9.9964E-05
0.897652 9.99641E-05 9.99641E-05 9.99641E-05 9.99641E-05 0.0234361 0.0785121
0.0690133 0.927984 9.9964E-05 9.9964E-05 9.9964E-05 9.9964E-05 0.00260295
0.0112817 0.148341 9.9991E-05 0.120592 0.221621 0.489741 0.0083229
0.347484 0.487659 0.0125198 0.0101213 0.0600414 0.00820679 0.0739678
0.922501 0.0439651 9.9964E-05 9.9964E-05 0.0331341 9.9964E-05 9.9964E-05
0.151971 0.644788 9.9982E-05 0.0386242 0.155731 0.0086849 9.9982E-05
0.0450662 0.112851 0.0355525 0.0862433 0.195807 0.486055 0.038425
9.9964E-05 0.0184595 9.9964E-05 0.00529524 9.9964E-05 0.975845 9.9964E-05
9.9973E-05 0.0256253 0.823449 0.0871293 0.0634967 9.9973E-05 9.9973E-05
0.605336 0.0591165 0.0848859 0.021741 0.048025 9.9991E-05 0.180795
0.0909907 0.0046224 0.0762763 0.197942 0.515619 0.0584871 0.0560623
9.9991E-05 0.00340178 0.0175362 0.00940599 0.843172 0.0262384 0.100145
9.9982E-05 0.0861508 0.0192092 9.9982E-05 0.791422 0.0103729 0.0926453
0.774228 0.00662641 9.9973E-05 9.9973E-05 9.9973E-05 0.00716963 0.211676
0.0392166 0.00655186 0.917894 9.9991E-05 0.0304699 0.00398848 0.00177901
0.00499422 0.0147295 0.220131 0.268277 0.337071 0.0424626 0.112335
0.0165986 0.00173018 9.9973E-05 9.9973E-05 0.0772907 9.9973E-05 0.904081
0.945303 9.9964E-05 9.9964E-05 9.9964E-05 0.0373914 9.9964E-05 0.0169059
9.9991E-05 0.0106423 0.0001525 0.0186686 0.109654 0.0272994 0.833483
0.0750443 9.9991E-05 0.106434 0.137412 0.54948 0.0761916 0.0553377
0.0833038 9.9991E-05 0.0783964 0.174743 0.529363 0.0795364 0.0545572
0.0328715 0.052082 0.421216 0.239314 0.22264 9.9991E-05 0.0317766
0.0454525 0.0423093 0.709246 0.10528 0.0975122 9.9982E-05 9.9982E-05
9.9991E-05 0.0175907 0.216943 0.238011 0.391884 0.0124304 0.123042
9.9991E-05 0.000365574 0.061664 0.0187218 0.787928 0.0187534 0.112468
0.92428 0.0128155 9.9973E-05 9.9973E-05 0.0412703 9.9973E-05 0.0213347
0.887857 0.0014491 9.9973E-05 9.9973E-05 0.0175641 9.9973E-05 0.0928295
0.0217815 0.396513 0.0279589 0.0549594 0.354337 0.11767 0.0267798
0.0806535 0.0173569 0.405483 0.176546 0.30709 0.00240955 0.0104603
9.9973E-05 9.9973E-05 0.0133555 9.9973E-05 0.8726 0.00890744 0.104837
9.9964E-05 0.970405 9.9964E-05 9.9964E-05 0.018985 9.9964E-05 0.0102104
9.9973E-05 0.00305109 0.261713 0.127205 0.607731 9.9973E-05 9.9973E-05
9.9991E-05 0.383234 0.102661 0.109373 0.241985 0.0190821 0.143565
0.00401549 0.0572961 0.373386 0.299067 0.0947579 0.171377 9.99911E-05
0.0467085 0.492847 0.0587499 0.0726512 0.2274 0.101544 9.9991E-05
0.47275 9.9982E-05 0.00164699 9.9982E-05 0.353592 0.0376072 0.134204
0.0249136 0.154247 9.9982E-05 0.0389215 0.702241 0.0794765 9.9982E-05
9.9955E-05 0.968073 9.9955E-05 9.9955E-05 0.0314276 9.9955E-05 9.9955E-05
0.00278545 0.8985 9.9973E-05 0.0440455 0.054369 9.9973E-05 9.9973E-05
0.931896 9.9955E-05 9.9955E-05 9.9955E-05 0.0676043 9.9955E-05 9.9955E-05
9.9964E-05 0.970338 9.9964E-05 9.9964E-05 9.9964E-05 0.0165538 0.0127079
0.0346031 0.57465 0.0492754 0.075728 0.195499 0.0701445 9.9991E-05
0.0660876 0.806763 9.9982E-05 0.0201806 0.0609671 0.0458019 9.9982E-05
0.0345626 0.807586 0.0267284 9.9973E-05 9.9973E-05 9.9973E-05 0.130823
0.102773 0.00974659 0.0847956 0.162909 0.481208 0.0720845 0.0864831
9.9973E-05 0.0475529 0.836837 0.0928976 0.0224125 9.9973E-05 9.9973E-05
9.9973E-05 0.000536409 0.953908 0.0303346 0.0149209 9.9973E-05 9.9973E-05
0.798769 0.118472 9.99731E-05 9.99731E-05 0.0158003 9.99731E-05 0.0666581
0.0338922 0.00204148 0.87005 0.0937163 9.9973E-05 9.9973E-05 9.9973E-05
9.9973E-05 0.0418346 9.9973E-05 0.0203572 0.0366954 0.900813 9.9973E-05
0.00729573 0.00273345 0.0100807 9.9991E-05 0.000377043 0.97653 0.00288335
0.086043 0.173434 0.194324 0.0155748 0.045147 0.484336 0.00114104
9.9973E-05 0.77444 0.0444586 0.0140569 9.9973E-05 9.9973E-05 0.166744
9.995E-05 9.995E-05 9.995E-05 9.995E-05 9.995E-05 0.9994 9.995E-05
9.9955E-05 9.9955E-05 9.9955E-05 9.9955E-05 0.0142773 0.985223 9.9955E-05
9.9955E-05 9.9955E-05 9.9955E-05 0.0113464 9.9955E-05 0.988154 9.9955E-05
9.995E-05 9.995E-05 9.995E-05 9.995E-05 9.995E-05 0.9994 9.995E-05
9.9955E-05 9.9955E-05 9.9955E-05 9.9955E-05 9.9955E-05 0.99124 0.00826012
0.893803 9.9964E-05 0.00461219 9.9964E-05 9.9964E-05 9.9964E-05 0.101185
9.9982E-05 0.0176376 0.032888 9.9982E-05 0.804888 0.022121 0.122266
0.0254095 0.0218039 9.9991E-05 0.0415037 0.00521304 0.0194627 0.886507
9.9955E-05 9.9955E-05 9.9955E-05 9.9955E-05 0.0799849 9.9955E-05 0.919515
0.370211 0.442401 9.9964E-05 9.9964E-05 9.9964E-05 9.9964E-05 0.186988
0.850111 9.9964E-05 9.9964E-05 9.9964E-05 9.9964E-05 0.0246289 0.12486
9.9973E-05 9.9973E-05 0.0281682 9.9973E-05 0.823488 0.0108846 0.13716
9.9973E-05 9.9973E-05 9.9973E-05 0.0285861 0.212039 0.0267941 0.73228
0.126054 9.9973E-05 0.0425533 9.9973E-05 0.00469723 9.9973E-05 0.826395
9.99639E-05 9.99639E-05 9.99639E-05 9.99639E-05 0.633683 0.00883286 0.357084
0.0109546 9.9991E-05 0.0118498 0.000680086 0.0229505 0.933122 0.0203431
0.479803 0.118351 0.120488 0.0453833 9.9991E-05 0.0169722 0.218902
0.0459711 0.819432 9.9991E-05 0.0355486 0.0363229 0.012368 0.0502577
0.0189545 0.866911 0.00449069 9.9982E-05 0.0684967 0.0409472 9.9982E-05
0.0674804 0.679107 9.9982E-05 0.0863301 0.130815 0.0360675 9.9982E-05
0.902007 0.0253392 9.9964E-05 9.9964E-05 0.0722536 9.9964E-05 9.9964E-05
0.54345 9.9973E-05 0.000871693 9.9973E-05 9.9973E-05 0.00624696 0.449132
0.0127156 0.000630618 0.856759 0.127097 9.9982E-05 0.0025974 9.9982E-05
0.19332 0.227628 0.151457 0.177196 9.9991E-05 0.0232094 0.227088
0.376523 9.9991E-05 0.0246185 0.013829 0.125107 0.0294502 0.430372
