0.239479 9.9991E-05 0.0741549 0.0287624 0.657503
0.599792 0.0202757 0.0647749 0.0052954 0.309862
0.580339 0.0382632 0.0915045 0.0465362 0.243357
0.240098 9.9991E-05 0.0495913 0.0319317 0.678279
0.977301 9.9982E-05 0.0114931 9.9982E-05 0.0110059
0.609098 0.0722194 0.0310683 0.0291183 0.258496
9.9991E-05 0.00940927 0.102688 0.525654 0.362148
9.9973E-05 9.9973E-05 9.9973E-05 0.980714 0.0189859
9.9973E-05 9.9973E-05 0.00870228 0.990998 9.9973E-05
9.997E-05 9.997E-05 9.997E-05 0.9996 9.997E-05
0.0379554 9.9982E-05 0.874747 9.9982E-05 0.0870972
9.9982E-05 9.9982E-05 0.947422 0.00742783 0.0449497
9.9991E-05 0.00898026 0.967315 0.00888079 0.014724
9.997E-05 9.997E-05 0.9996 9.997E-05 9.997E-05
9.9982E-05 0.869078 9.9982E-05 0.0154365 0.115285
9.997E-05 9.997E-05 9.997E-05 0.9996 9.997E-05
9.9982E-05 9.9982E-05 0.213368 0.0191036 0.767328
9.9973E-05 0.918934 0.0807662 9.9973E-05 9.9973E-05
0.00928941 0.613837 0.220227 0.0131834 0.143462
9.9982E-05 0.392313 0.59928 0.00820694 9.9982E-05
9.999E-05 0.845928 0.038305 0.0436598 0.072007
0.0203035 0.0960245 0.866147 0.0174255 9.9991E-05
9.9982E-05 0.919874 0.0779903 0.00193602 9.9982E-05
0.00927225 0.143538 0.788047 0.00403877 0.0551032
9.9973E-05 0.0908954 0.908805 9.9973E-05 9.9973E-05
9.9982E-05 0.955793 0.016025 9.9982E-05 0.0279817
9.9982E-05 0.894036 0.0798467 0.0259173 9.9982E-05
0.0500298 0.65278 0.285531 0.00037174 0.0112872
9.9982E-05 0.957176 0.0206351 0.0219884 9.9982E-05
0.00280117 0.969155 0.0278438 9.9982E-05 9.9982E-05
0.00112611 0.0622228 0.936451 9.9982E-05 9.9982E-05
9.9982E-05 0.0107221 0.943479 9.9982E-05 0.0455989
9.9973E-05 0.919717 0.0799827 9.9973E-05 9.9973E-05
0.00910169 0.179955 0.767035 0.018768 0.0251401
9.9973E-05 0.98367 0.0160303 9.9973E-05 9.9973E-05
9.9973E-05 0.0310088 0.968691 9.9973E-05 9.9973E-05
9.9973E-05 0.919961 0.0797392 9.9973E-05 9.9973E-05
0.000420294 0.0524383 0.930813 0.0162281 9.9991E-05
0.321581 9.9982E-05 9.9982E-05 0.017767 0.660452
0.9996 9.997E-05 9.997E-05 9.997E-05 9.997E-05
0.0979188 9.9982E-05 0.877016 9.9982E-05 0.024865
9.9973E-05 0.982442 0.0172585 9.9973E-05 9.9973E-05
9.9982E-05 0.0635326 0.931844 0.00442344 9.9982E-05
0.514318 0.0247965 0.113253 0.0266709 0.320962
9.9991E-05 0.593452 0.214252 0.0627342 0.129461
0.00896294 0.405307 0.491245 0.0504115 0.0440729
0.019008 0.871156 0.0393366 0.0258632 0.044636
0.663888 0.0853341 0.0276666 9.9991E-05 0.223011
0.703662 0.0491654 0.0333671 0.120026 0.0937797
9.9973E-05 9.9973E-05 0.00695696 9.9973E-05 0.992743
9.9991E-05 0.0105598 0.105927 0.00442016 0.878993
9.9982E-05 9.9982E-05 0.159539 0.020711 0.81955
9.9982E-05 9.9982E-05 0.00450299 0.0013911 0.993906
9.9982E-05 9.9982E-05 0.0135683 0.976012 0.0102199
0.00800196 9.9991E-05 0.017147 0.957831 0.0169204
9.9991E-05 0.0111854 0.700646 0.0328899 0.255179
9.9982E-05 0.0494984 0.94374 0.00656197 9.9982E-05
0.299724 0.257525 0.0159034 0.0531462 0.373702
0.99192 9.9973E-05 9.9973E-05 9.9973E-05 0.00778049
0.861791 0.0671574 0.00326924 0.00759425 0.0601883
9.99729E-05 9.99729E-05 0.20412 9.99729E-05 0.79558
9.9991E-05 0.0179053 0.174173 0.0144259 0.793396
0.0307853 9.9991E-05 0.224108 0.00913374 0.735873
9.9973E-05 9.9973E-05 9.9973E-05 0.983288 0.0164118
0.990863 9.9973E-05 9.9973E-05 9.9973E-05 0.0088375
9.9982E-05 0.024505 0.239067 9.9982E-05 0.736228
0.175869 9.9982E-05 9.9982E-05 0.0420677 0.781864
9.9973E-05 0.0414437 0.958256 9.9973E-05 9.9973E-05
9.997E-05 9.997E-05 0.9996 9.997E-05 9.997E-05
0.0538366 0.0228257 9.9991E-05 0.807692 0.115546
0.00393332 0.0411505 9.9991E-05 0.837262 0.117555
0.0207194 0.0174585 0.0303957 0.878392 0.0530339
0.00109617 0.00890059 9.9991E-05 0.969435 0.0204687
9.9973E-05 9.9973E-05 9.9973E-05 0.99252 0.00717994
0.0114845 0.000222991 0.0116514 0.976541 9.9991E-05
9.9982E-05 0.0109342 9.9982E-05 0.983505 0.00536041
9.9973E-05 0.00798392 9.9973E-05 0.991716 9.9973E-05
0.00310875 9.9982E-05 9.9982E-05 0.973154 0.0235376
9.997E-05 9.997E-05 9.997E-05 0.9996 9.997E-05
0.0112285 0.00770173 9.9991E-05 0.948993 0.0319765
9.9991E-05 0.00961719 0.0197235 0.942022 0.0285371
9.9991E-05 0.0189836 0.00209954 0.96473 0.0140873
9.9982E-05 0.424988 0.0230421 0.55177 9.9982E-05
9.9973E-05 0.453281 9.9973E-05 0.54642 9.9973E-05
9.997E-05 9.997E-05 9.997E-05 0.9996 9.997E-05
9.9973E-05 9.9973E-05 9.9973E-05 0.951452 0.0482484
9.9973E-05 9.9973E-05 9.9973E-05 0.953847 0.045853
0.00225309 0.0345956 9.9991E-05 0.950502 0.0125495
9.997E-05 9.997E-05 9.997E-05 0.9996 9.997E-05
9.9973E-05 0.448848 9.9973E-05 0.550853 9.9973E-05
0.0060031 0.0400583 0.0603438 0.884135 0.0094602
9.9982E-05 9.9982E-05 0.0286939 0.950581 0.0205254
0.012138 9.9982E-05 9.9982E-05 0.966737 0.0209254
0.0210191 0.00162194 9.9991E-05 0.95821 0.0190494
0.0275788 0.0123664 0.0245066 0.85595 0.0795986
9.9973E-05 9.9973E-05 9.9973E-05 0.957319 0.0423809
0.146479 0.655965 0.0195741 9.9991E-05 0.177881
0.0151626 0.0212884 9.9991E-05 0.96106 0.00238881
9.997E-05 9.997E-05 9.997E-05 0.9996 9.997E-05
0.0923717 0.0677567 0.0185941 0.745433 0.0758443
9.9982E-05 9.9982E-05 0.0105358 0.987654 0.0016106
9.9982E-05 0.00969838 0.0159155 0.974186 9.9982E-05
9.9973E-05 9.9973E-05 9.9973E-05 0.98923 0.01047
9.9973E-05 0.0140141 9.9973E-05 0.985686 9.9973E-05
0.00348282 0.928364 0.0387604 0.0292932 9.9991E-05
9.997E-05 9.997E-05 9.997E-05 0.9996 9.997E-05
9.9973E-05 9.9973E-05 9.9973E-05 0.982895 0.0168047
9.997E-05 9.997E-05 9.997E-05 0.9996 9.997E-05
9.9991E-05 0.651715 0.281086 0.00791819 0.0591812
0.0454644 0.0282835 9.9982E-05 0.926052 9.9982E-05
9.9982E-05 9.9982E-05 0.0383389 0.960276 0.00118526
9.9982E-05 0.0207006 9.9982E-05 0.97297 0.00612992
9.9973E-05 9.9973E-05 9.9973E-05 0.996076 0.0036245
9.9991E-05 0.684197 0.235894 0.0358301 0.0439785
9.997E-05 9.997E-05 9.997E-05 0.9996 9.997E-05
0.0129741 9.9982E-05 9.9982E-05 0.926058 0.0607679
9.9973E-05 0.48752 9.9973E-05 0.51218 9.9973E-05
9.9973E-05 9.9973E-05 0.00963029 0.99007 9.9973E-05
9.9982E-05 0.225773 0.748918 0.0251091 9.9982E-05
0.0270836 0.308647 0.664069 9.9982E-05 9.9982E-05
0.036583 0.0444433 0.877349 0.0302744 0.0113502
0.0348723 0.907547 0.0235165 0.0339643 9.9991E-05
0.0156311 0.00401652 0.216356 0.0422214 0.721775
0.01534 0.0803637 0.878305 0.0258912 9.9991E-05
0.0609615 0.210788 0.472404 9.9991E-05 0.255747
0.0181933 0.178077 0.796729 0.00690077 9.9991E-05
0.0327448 0.270743 0.680887 0.0155257 9.9991E-05
0.024044 0.220031 0.734531 0.0212939 9.9991E-05
0.0711173 0.334011 0.594672 9.9982E-05 9.9982E-05
0.0619841 0.327872 0.578814 0.03123 9.9991E-05
0.0130949 0.00530088 0.96551 0.0159944 9.9991E-05
0.0300558 9.9991E-05 0.919923 0.0428741 0.00704701
0.0263381 0.00897337 0.921917 0.0426718 9.9991E-05
0.0225223 0.824628 0.0533042 0.0522864 0.0472591
0.802668 0.0180357 0.0241013 0.0702405 0.0849546
0.771659 0.0544696 9.9991E-05 0.0859978 0.0877737
0.880961 9.9982E-05 9.9982E-05 0.00550777 0.113331
0.0590889 0.364404 0.161867 0.0985781 0.316062
0.782483 0.00357182 9.9991E-05 0.0926872 0.121158
0.746957 0.0299673 0.00541527 0.0864619 0.131198
0.0921059 0.170693 0.47691 0.116098 0.144193
0.843142 0.0272257 0.0273179 0.0611746 0.0411399
0.802155 0.0756993 0.0460765 0.0759697 9.9991E-05
0.831441 0.0347707 9.9991E-05 0.0689978 0.0646906
0.613417 0.148656 0.0279857 0.1376 0.0723413
0.696319 0.100675 9.9991E-05 0.0917392 0.111167
0.791464 0.0762367 0.034055 0.0248325 0.0734115
9.9991E-05 0.0403622 0.0597074 0.000503287 0.899327
0.971349 0.0131312 0.00194725 0.00157998 0.0119926
9.9991E-05 0.941784 0.0287698 0.00326532 0.0260805
9.9973E-05 0.963562 9.9973E-05 0.0361384 9.9973E-05
0.968284 0.00934184 9.9982E-05 9.9982E-05 0.0221741
0.284919 0.257297 0.137095 0.171842 0.148847
0.0372269 0.013605 0.217892 9.9991E-05 0.731176
0.131729 9.9982E-05 0.818573 9.9982E-05 0.0494984
0.019865 0.819229 0.119525 0.0129442 0.0284372
0.234972 9.9991E-05 0.628135 0.0516024 0.0851907
0.0459753 0.0162519 0.210917 0.00577521 0.72108
0.703867 0.13425 0.0102712 0.122678 0.028934
0.00286252 9.9991E-05 0.15837 0.00973812 0.82893
0.146733 0.144398 0.0775189 0.108462 0.522889
9.9991E-05 0.961065 0.000430312 0.0349374 0.0034669
0.919688 0.00418888 0.041393 0.0346301 9.9991E-05
0.459975 9.9982E-05 0.521355 0.0184699 9.9982E-05
0.955881 9.9973E-05 0.0438189 9.9973E-05 9.9973E-05
0.162882 0.0328188 0.410703 0.0352979 0.358299
0.9996 9.997E-05 9.997E-05 9.997E-05 9.997E-05
0.00348877 9.9982E-05 0.309131 9.9982E-05 0.68718
0.891132 0.0429495 0.0604919 0.00532669 9.9991E-05
0.901254 9.9982E-05 0.0639858 0.0345601 9.9982E-05
0.0728352 0.883384 0.0314599 9.9991E-05 0.0122206
0.295444 0.437773 0.147916 9.9991E-05 0.118768
0.114923 0.353352 0.390761 0.0381263 0.102837
0.638448 0.110134 0.0720955 0.152594 0.0267281
0.63854 0.0800321 0.0792878 0.164624 0.0375156
0.609231 0.106934 0.0568761 0.162019 0.0649402
0.584126 0.122368 0.0712813 0.170467 0.0517578
9.997E-05 0.9996 9.997E-05 9.997E-05 9.997E-05
0.0238448 0.911744 0.00386208 0.0106361 0.0499133
9.9991E-05 0.826993 0.0537207 0.0440922 0.0750942
0.767265 0.0465994 0.00834738 0.0841699 0.0936185
0.280372 0.159222 0.203403 0.174562 0.182441
0.107658 0.399751 9.9991E-05 0.15703 0.335461
0.0407539 0.777055 0.0781001 0.0521888 0.0519022
0.0529001 0.675601 0.0657463 0.107214 0.098538
0.0703949 0.792163 9.9991E-05 0.0733088 0.0640338
0.125493 0.540153 0.00129013 0.15348 0.179584
0.126088 0.0373162 0.0231476 0.0174496 0.795999
9.9982E-05 0.0165977 0.91503 9.9982E-05 0.0681719
0.00320311 0.232113 0.616795 0.0627876 0.0851006
0.9996 9.997E-05 9.997E-05 9.997E-05 9.997E-05
0.941549 9.9973E-05 9.9973E-05 9.9973E-05 0.0581509
0.943072 9.9973E-05 9.9973E-05 9.9973E-05 0.0566276
0.733861 9.9982E-05 9.9982E-05 0.0447793 0.221159
0.481358 0.0333987 9.9991E-05 0.0529813 0.432162
0.4895 0.0366478 9.9991E-05 0.0488846 0.424867
0.0211131 0.933676 9.9991E-05 0.0161628 0.0289485
0.059948 0.852632 9.9991E-05 0.0192975 0.0680222
9.9973E-05 0.965982 0.0337177 9.9973E-05 9.9973E-05
9.9982E-05 9.9982E-05 0.302324 0.0064313 0.691045
0.9996 9.997E-05 9.997E-05 9.997E-05 9.997E-05
0.9996 9.997E-05 9.997E-05 9.997E-05 9.997E-05
0.9996 9.997E-05 9.997E-05 9.997E-05 9.997E-05
0.975868 9.9973E-05 0.023832 9.9973E-05 9.9973E-05
0.968556 0.00646266 0.0247809 9.9982E-05 9.9982E-05
0.0959206 9.9982E-05 0.828515 9.9982E-05 0.0753639
0.622311 0.0996612 9.9991E-05 0.129273 0.148655
9.9973E-05 9.9973E-05 0.186903 9.9973E-05 0.812797
0.086585 9.9982E-05 0.827819 9.9982E-05 0.0853957
0.0573054 0.814701 0.0025561 9.9991E-05 0.125337
9.9973E-05 9.9973E-05 0.958054 9.9973E-05 0.0416461
9.9973E-05 9.9973E-05 0.896509 9.9973E-05 0.103191
9.9982E-05 9.9982E-05 0.888334 0.00451262 0.106953
0.990543 9.9973E-05 0.00915739 9.9973E-05 9.9973E-05
0.9996 9.997E-05 9.997E-05 9.997E-05 9.997E-05
0.593195 0.0466283 0.0429264 0.0178018 0.299448
0.994856 9.9982E-05 9.9982E-05 0.00475428 0.000189989
0.9996 9.997E-05 9.997E-05 9.997E-05 9.997E-05
0.440392 9.9982E-05 0.549382 0.0100266 9.9982E-05
0.946233 0.0392531 9.9982E-05 9.9982E-05 0.0143134
0.948271 0.0358094 9.9982E-05 9.9982E-05 0.0157195
0.414152 0.0762955 9.9991E-05 0.073685 0.435768
9.9982E-05 9.9982E-05 0.276888 0.00582529 0.717087
0.86965 9.9982E-05 0.0661522 9.9982E-05 0.0639979
0.171817 0.328565 0.0463322 0.453186 9.9991E-05
0.830588 9.9982E-05 0.150745 9.9982E-05 0.0184675
0.9996 9.997E-05 9.997E-05 9.997E-05 9.997E-05
0.0571778 9.9991E-05 0.899876 0.00624654 0.0365994
0.291403 9.9982E-05 0.643432 9.9982E-05 0.0649648
9.9982E-05 0.00734774 0.177691 9.9982E-05 0.814761
0.0408254 0.00157215 9.9991E-05 0.0135331 0.943969
9.9973E-05 0.0714277 0.928272 9.9973E-05 9.9973E-05
9.9982E-05 9.9982E-05 0.122152 0.00740529 0.870243
0.0111364 9.9982E-05 0.277161 9.9982E-05 0.711503
0.0262385 9.9982E-05 0.322496 9.9982E-05 0.651065
9.997E-05 9.997E-05 9.997E-05 9.997E-05 0.9996
0.0917275 9.9991E-05 0.304826 0.00776039 0.595586
9.9973E-05 9.9973E-05 0.206796 9.9973E-05 0.792904
0.395514 0.125364 9.9991E-05 0.0815116 0.397511
9.9973E-05 0.961144 0.0385564 9.9973E-05 9.9973E-05
0.0650328 0.797474 9.9982E-05 9.9982E-05 0.137293
9.997E-05 9.997E-05 9.997E-05 0.9996 9.997E-05
0.0677662 0.709586 0.0400471 9.9991E-05 0.182501
9.9982E-05 0.882506 0.0973252 0.019969 9.9982E-05
9.9982E-05 0.366094 0.248514 9.9982E-05 0.385193
9.9982E-05 0.880292 0.0902887 0.0292195 9.9982E-05
0.0198546 0.276364 0.581449 0.0337982 0.0885343
0.024018 0.971402 9.9982E-05 9.9982E-05 0.00437963
0.0475316 0.158063 9.9991E-05 0.152164 0.642141
0.0184169 0.105812 0.191955 9.9991E-05 0.683715
0.0296596 0.202096 0.292152 0.038185 0.437907
0.00783563 0.922288 0.0539096 0.0158671 9.9991E-05
0.9996 9.997E-05 9.997E-05 9.997E-05 9.997E-05
0.00541132 0.0738352 0.920553 9.9982E-05 9.9982E-05
0.078648 0.178943 9.9991E-05 0.102364 0.639945
9.9982E-05 0.0514478 0.923726 9.9982E-05 0.0246265
0.9996 9.997E-05 9.997E-05 9.997E-05 9.997E-05
9.9982E-05 0.00783362 0.217251 9.9982E-05 0.774716
9.9973E-05 9.9973E-05 9.9973E-05 0.9946 0.00510052
0.10274 0.0619629 0.00248719 0.733806 0.0990036
9.9973E-05 0.986676 9.9973E-05 0.0130239 9.9973E-05
9.9991E-05 0.281859 0.649522 0.050511 0.0180081
9.99729E-05 9.99729E-05 0.18989 9.99729E-05 0.80981
9.9973E-05 9.9973E-05 0.21534 9.9973E-05 0.78436
0.18692 9.9982E-05 0.655255 9.9982E-05 0.157625
9.9991E-05 0.300842 0.661963 0.027946 0.00914907
0.964557 9.9973E-05 9.9973E-05 9.9973E-05 0.035143
0.468552 0.0252335 9.9991E-05 0.0482584 0.457856
0.930921 9.9991E-05 0.0281859 0.0175726 0.0232203
0.590436 0.123695 0.0598711 0.178344 0.0476541
0.574908 0.0915224 0.0674352 0.174926 0.0912084
0.737253 0.0781188 9.9991E-05 0.0517477 0.13278
0.471591 0.0184772 9.9991E-05 0.0543361 0.455495
0.613002 0.0868274 0.0318444 0.136101 0.132226
0.737258 0.12894 9.9991E-05 0.0467717 0.0869298
0.209836 0.100378 9.9991E-05 0.0819972 0.607689
0.782623 0.0638298 9.9991E-05 0.027145 0.126302
0.236327 0.141383 9.9991E-05 0.0761477 0.546042
9.9982E-05 9.9982E-05 0.0981547 0.00182507 0.89982
0.263286 0.0181838 0.057341 0.0850282 0.576161
0.621345 0.0482766 0.0509781 0.0653773 0.214023
0.552424 0.0521501 0.0780502 0.0797754 0.2376
0.461741 0.0345492 9.9991E-05 0.0740762 0.429534
0.747028 0.0269424 0.0337605 0.0806329 0.111636
9.9982E-05 0.156803 0.8349 0.00809741 9.9982E-05
0.975748 9.9973E-05 9.9973E-05 9.9973E-05 0.0239524
0.570326 0.110959 0.0169831 0.128386 0.173345
0.763611 0.0480757 9.9991E-05 0.0539398 0.134274
0.644526 0.119927 9.9991E-05 0.138945 0.0965018
0.691036 0.0534943 0.0513361 0.128454 0.0756803
0.051277 0.771305 9.9982E-05 9.9982E-05 0.177218
0.0568696 0.373574 0.46259 0.0544648 0.0525021
0.972157 9.9973E-05 9.9973E-05 9.9973E-05 0.0275435
9.9982E-05 0.0653694 0.929965 0.00446597 9.9982E-05
0.0613977 0.722128 0.0280014 9.9991E-05 0.188373
0.0277309 9.9982E-05 9.9982E-05 0.0327447 0.939324
0.9996 9.997E-05 9.997E-05 9.997E-05 9.997E-05
0.9996 9.997E-05 9.997E-05 9.997E-05 9.997E-05
0.9996 9.997E-05 9.997E-05 9.997E-05 9.997E-05
0.9996 9.997E-05 9.997E-05 9.997E-05 9.997E-05
0.00846793 0.00315526 0.271619 9.9991E-05 0.716658
0.929142 0.0343206 0.0170782 0.0193591 9.9991E-05
0.0773502 0.756646 9.9982E-05 9.9982E-05 0.165804
9.9973E-05 0.986978 9.9973E-05 9.9973E-05 0.0127224
9.9982E-05 0.916237 0.0465251 0.0370376 9.9982E-05
9.9982E-05 0.974193 9.9982E-05 0.0141626 0.0114449
9.9982E-05 0.901188 0.058374 0.0402379 9.9982E-05
0.513974 0.154323 0.05031 0.188529 0.0928637
0.509683 0.157231 0.0176163 0.181975 0.133494
0.581169 0.148518 0.0739339 0.157355 0.0390241
0.688209 0.140577 0.0119671 0.159148 9.9991E-05
0.666275 0.117215 0.0267525 0.189658 9.9991E-05
0.20151 0.0611215 0.0303482 0.0830347 0.623985
0.588011 0.122196 0.0803235 0.193604 0.0158653
0.323883 0.225204 0.292631 0.0412657 0.117016
0.674556 0.0766104 0.0657985 0.182935 9.9991E-05
0.709726 0.0933589 0.0366017 0.160214 9.9991E-05
0.66779 0.100947 0.0167125 0.214451 9.9991E-05
0.761291 0.093516 0.0470978 0.0979953 9.9991E-05
0.704538 0.0619735 0.0422906 0.191098 9.9991E-05
0.653724 0.11626 0.0308155 0.1991 9.9991E-05
9.9982E-05 0.160358 0.82515 0.0142919 9.9982E-05
0.0481957 0.271799 0.553448 0.060329 0.066229
0.00472843 0.75547 0.116553 0.00975029 0.113498
9.9982E-05 0.920385 0.0637833 0.015632 9.9982E-05
9.9982E-05 0.0764416 0.0732266 9.9982E-05 0.850132
0.036162 0.8003 0.0653038 0.0646701 0.0335642
0.0024339 0.0333848 0.963981 9.9982E-05 9.9982E-05
9.9973E-05 0.0747274 0.924973 9.9973E-05 9.9973E-05
9.9973E-05 9.9973E-05 0.0315827 9.9973E-05 0.968117
0.0547419 0.765124 0.0204208 0.047542 0.112171
0.0560889 0.525728 0.152209 0.117441 0.148532
0.0352896 0.0896055 9.99911E-05 0.0896602 0.785345
9.9991E-05 0.000403576 0.0333925 0.0163943 0.94971
0.0236226 0.0834284 0.0923459 9.9991E-05 0.800503
0.123743 0.240031 0.573056 0.00309093 0.0600789
9.9991E-05 0.0245865 0.0455148 0.0304 0.899399
0.0180052 0.0142866 0.934505 0.0204967 0.0127062
0.0340281 9.9982E-05 9.9982E-05 0.00677275 0.958999
0.0402998 9.9982E-05 9.9982E-05 0.0357411 0.923759
0.492921 9.9982E-05 9.9982E-05 0.0936839 0.413195
9.997E-05 9.997E-05 9.997E-05 9.997E-05 0.9996
9.997E-05 9.997E-05 9.997E-05 9.997E-05 0.9996
9.9973E-05 9.9973E-05 0.0129914 9.9973E-05 0.986709
0.119461 0.181636 0.0336655 0.138986 0.526252
0.00539727 0.191943 0.768055 0.0138971 0.020707
0.041896 0.0516598 0.879302 9.9991E-05 0.0270418
0.0271856 0.0156886 0.877411 9.9991E-05 0.0796153
9.9982E-05 0.0947385 0.88526 0.0198011 9.9982E-05
0.956917 9.9973E-05 9.9973E-05 9.9973E-05 0.042783
0.582256 0.0371768 0.0305642 0.0323908 0.317612
0.0325336 0.778705 0.132004 0.0307704 0.025987
9.9991E-05 0.317038 0.497788 0.0332826 0.151791
0.22038 0.0264968 0.0364828 0.0777998 0.638841
0.221758 0.0304512 0.0624749 0.0846276 0.600689
0.0643513 0.935349 9.9973E-05 9.9973E-05 9.9973E-05
0.0570848 0.75364 0.0203889 9.9991E-05 0.168786
0.504359 0.017696 0.285274 0.0556021 0.137069
0.157289 0.00566948 0.443918 0.00410997 0.389013
9.9982E-05 0.81674 0.11504 9.9982E-05 0.0680202
0.0988512 0.272642 9.9991E-05 0.144135 0.484272
0.23284 9.9991E-05 0.0781337 0.0983546 0.590571
0.11431 0.208781 0.057153 0.146292 0.473464
0.123737 0.294446 0.0438202 0.143197 0.3948
9.9982E-05 0.905994 9.9982E-05 0.0760718 0.0177345
0.0421446 0.930638 0.00450555 0.0226121 9.9991E-05
0.0055774 0.994123 9.9973E-05 9.9973E-05 9.9973E-05
0.00569864 0.879015 0.0554511 0.0288757 0.0309599
9.9973E-05 0.991041 9.9973E-05 0.00865924 9.9973E-05
9.9973E-05 0.943025 0.0566754 9.9973E-05 9.9973E-05
0.0976099 0.552304 9.9991E-05 0.184 0.165987
0.189554 0.301297 9.9991E-05 0.145959 0.363089
9.9973E-05 0.984645 9.9973E-05 9.9973E-05 0.0150547
0.14808 0.298434 9.9991E-05 0.115883 0.437503
0.127737 0.181858 0.0151878 0.0962609 0.578956
0.822836 0.0573727 9.9991E-05 0.0670103 0.0526816
0.782722 0.0289337 9.9991E-05 0.0622855 0.125959
0.793296 0.024236 0.0318169 0.0746478 0.0760033
0.798236 0.029221 0.00358295 0.0925915 0.0763681
0.790763 0.0859417 9.9991E-05 0.0941607 0.0290346
0.834801 0.0433376 0.0040408 0.0780024 0.0398182
0.820685 0.0274771 9.9991E-05 0.113173 0.0385649
0.0404308 0.00422512 9.9991E-05 0.0125474 0.942697
9.9973E-05 9.9973E-05 9.9973E-05 0.0358373 0.963863
0.433364 0.0262693 9.9991E-05 0.0492024 0.491064
0.452056 9.9982E-05 9.9982E-05 0.0560255 0.491718
0.0584037 0.871862 0.0639601 0.00567405 9.9991E-05
0.00873003 0.826003 9.9991E-05 0.0707286 0.0944385
9.9973E-05 0.998033 0.00166673 9.9973E-05 9.9973E-05
0.994832 9.9973E-05 0.00486851 9.9973E-05 9.9973E-05
0.9996 9.997E-05 9.997E-05 9.997E-05 9.997E-05
0.9996 9.997E-05 9.997E-05 9.997E-05 9.997E-05
0.9996 9.997E-05 9.997E-05 9.997E-05 9.997E-05
0.533654 0.0163778 0.195014 9.9991E-05 0.254855
0.681891 0.0491577 0.0775432 0.0270756 0.164332
0.782034 0.038294 0.0482563 0.0782133 0.0532024
0.9996 9.997E-05 9.997E-05 9.997E-05 9.997E-05
0.9996 9.997E-05 9.997E-05 9.997E-05 9.997E-05
0.9996 9.997E-05 9.997E-05 9.997E-05 9.997E-05
0.989967 0.00387705 0.000938256 9.9991E-05 0.00511741
0.194121 0.20856 0.328738 0.16002 0.10856
9.997E-05 0.9996 9.997E-05 9.997E-05 9.997E-05
0.0612777 0.00451235 9.9991E-05 0.0051263 0.928984
0.0576571 0.667223 0.152777 0.0672428 0.0550994
9.9982E-05 0.0247472 0.11975 9.9982E-05 0.855303
0.948152 9.9982E-05 0.0179181 9.9982E-05 0.0337302
0.759679 0.0605974 9.9991E-05 0.106215 0.0734088
0.862253 0.0457717 0.00257567 0.0237173 0.065682
0.101365 0.263496 9.9991E-05 0.117973 0.517066
0.196856 0.130602 0.026282 0.165094 0.481167
0.0374499 0.540776 0.348148 0.0471778 0.0264478
9.9982E-05 0.00895399 0.0971955 9.9982E-05 0.893651
0.632119 0.131668 0.0511056 0.185007 9.9991E-05
0.655571 0.135374 0.0140528 0.1632 0.0318021
0.648532 0.129569 0.0294036 0.164262 0.0282344
0.694831 0.0763377 0.0265198 0.173144 0.0291675
0.66388 0.129062 0.0285562 0.178402 9.9991E-05
0.639595 0.158888 0.0162394 0.185178 9.9991E-05
0.0457962 0.00945833 9.9991E-05 0.0465795 0.898066
0.708202 0.0877868 9.9991E-05 0.105086 0.0988252
0.978745 0.0133017 0.00775368 9.9982E-05 9.9982E-05
0.9996 9.997E-05 9.997E-05 9.997E-05 9.997E-05
0.9996 9.997E-05 9.997E-05 9.997E-05 9.997E-05
0.980125 0.0195754 9.9973E-05 9.9973E-05 9.9973E-05
0.678648 0.117445 9.9982E-05 0.203707 9.9982E-05
0.636136 0.141277 0.0165072 0.205979 9.9991E-05
0.771376 0.0715959 0.0449405 0.111988 9.9991E-05
0.757394 0.066866 0.0398787 0.135761 9.9991E-05
0.712 0.0876545 0.0450652 0.155181 9.9991E-05
0.773267 0.0721266 0.0607073 0.093799 9.9991E-05
0.498175 0.363814 0.0934246 0.0444869 9.9991E-05
9.9991E-05 0.842594 0.0694563 0.00625773 0.0815924
0.0206973 0.79335 0.183529 0.00232362 9.9991E-05
0.000979216 0.853088 0.100632 0.045201 9.9991E-05
9.9991E-05 0.945293 0.0408813 0.00682627 0.00689951
0.624291 0.0949002 0.0738064 0.18184 0.0251626
0.622005 0.097047 0.0573671 0.205815 0.0177664
0.731009 0.104614 0.0589068 0.105371 9.9991E-05
0.717167 0.0998809 0.0327416 0.15011 9.9991E-05
0.635567 0.0780539 0.0539468 0.219427 0.0130057
0.64227 0.102288 0.0185776 0.190424 0.0464411
0.721704 0.098055 9.9982E-05 0.180041 9.9982E-05
0.757992 0.0828383 0.0021246 0.107009 0.050036
9.9982E-05 0.0574845 0.218853 9.9982E-05 0.723462
9.9982E-05 9.9982E-05 0.376274 0.032937 0.590589
9.9982E-05 9.9982E-05 0.27819 0.00736317 0.714246
9.9982E-05 0.0594621 0.219359 9.9982E-05 0.720979
0.722362 0.0808855 0.0125156 0.0543818 0.129855
0.824552 0.0693632 9.9991E-05 0.045995 0.0599898
0.865138 0.0212658 0.0512807 0.0402195 0.0220961
0.853608 9.9991E-05 0.0596593 0.00780606 0.0788271
0.454176 0.171522 0.0598103 0.197899 0.116592
0.623591 9.9982E-05 9.9982E-05 0.0038187 0.37239
0.611013 0.113607 0.0598351 0.172232 0.0433128
0.777811 0.0441915 0.0803549 0.0730419 0.0246007
0.753547 0.0356777 0.0648652 0.106216 0.0396945
0.0692955 0.430738 0.0349604 0.0116434 0.453363
0.156099 0.043349 0.0244384 0.044418 0.731695
9.9982E-05 0.886629 0.100222 9.9982E-05 0.0129483
0.0147268 0.077872 0.900874 0.00642707 9.9991E-05
9.9982E-05 0.313982 0.661338 0.0244809 9.9982E-05
0.0377971 0.498871 0.44039 0.0228416 9.9991E-05
0.0289224 0.404454 0.09328 0.0106724 0.462671
9.9973E-05 0.923319 0.0763807 9.9973E-05 9.9973E-05
0.020701 0.971747 0.0073523 9.9982E-05 9.9982E-05
0.0400747 0.891885 0.0459762 0.0219639 9.9991E-05
9.9982E-05 0.926241 0.0555341 0.018025 9.9982E-05
0.442738 0.173861 0.0610226 0.138624 0.183755
0.25806 0.446541 0.0268069 0.0865865 0.182006
0.501177 0.289767 9.99911E-05 0.0544517 0.154504
0.59483 0.085023 0.00444505 0.122805 0.192898
0.0764145 0.563601 0.108353 0.0682221 0.18341
9.9982E-05 0.94535 9.9982E-05 0.019545 0.0349049
0.783212 0.0274197 0.00889738 0.0995409 0.0809298
0.0227342 0.75678 0.083119 0.0794273 0.0579393
9.9973E-05 0.151403 0.848297 9.9973E-05 9.9973E-05
0.00167027 0.00842953 0.950655 0.0217903 0.0174548
9.9973E-05 0.951647 0.0480534 9.9973E-05 9.9973E-05
0.0884862 0.160434 0.0270728 0.516103 0.207904
0.00881712 0.505725 0.374487 0.00133617 0.109635
9.9973E-05 0.0921387 0.907561 9.9973E-05 9.9973E-05
9.9991E-05 0.692216 0.148337 0.0308751 0.128472
0.101135 0.144448 0.0307559 0.506912 0.216749
9.9973E-05 0.00493572 9.9973E-05 0.994764 9.9973E-05
0.946823 0.0356717 9.9982E-05 9.9982E-05 0.0173051
0.10333 0.0444718 0.717633 0.0132915 0.121274
0.240699 0.0202252 0.0693906 0.105209 0.564476
0.0847898 0.0369474 9.9991E-05 0.03436 0.843803
0.0440217 0.114536 9.9991E-05 0.0294611 0.811881
0.0146447 9.9991E-05 0.912944 0.0152716 0.05704
0.957681 9.9982E-05 0.0200161 9.9982E-05 0.022103
0.451158 0.0671058 0.0316423 0.0951003 0.354993
9.9973E-05 9.9973E-05 0.237363 9.9973E-05 0.762337
9.9982E-05 0.0254026 0.968141 9.9982E-05 0.00625633
9.9982E-05 9.9982E-05 0.204823 0.0355729 0.759404
0.234323 9.9991E-05 0.0734904 0.114387 0.5777
0.227051 0.00885787 0.0472959 0.106671 0.610124
0.66262 0.0749552 0.0220715 0.0009706 0.239383
0.850967 0.042531 0.0561137 9.9991E-05 0.050288
0.467701 0.0499091 0.00218135 0.0265946 0.453614
0.141256 0.0332685 9.9991E-05 0.0233849 0.80199
9.9982E-05 0.0206757 0.944453 9.9982E-05 0.0346708
0.000719294 0.0473004 0.910102 9.9991E-05 0.0417779
0.0935961 0.40444 0.0316854 0.157977 0.312302
0.572116 0.0519137 0.0579527 0.027396 0.290621
0.0626516 0.0128124 9.9991E-05 0.00328254 0.921153
9.9982E-05 0.98324 9.9982E-05 0.00377901 0.0127814
0.465612 0.048779 9.9991E-05 0.0362468 0.449262
0.208821 0.386383 0.0489927 0.0119376 0.343866
0.609366 0.0936012 0.00453702 0.196971 0.0955252
0.128296 0.542857 0.0294665 0.149521 0.14986
0.00207457 9.9991E-05 0.49815 0.0411821 0.458494
0.0648627 0.213605 9.9991E-05 0.112581 0.608852
9.9973E-05 0.992107 9.9973E-05 9.9973E-05 0.00759294
0.0340918 0.943292 9.9982E-05 9.9982E-05 0.0224163
9.9991E-05 0.0365524 0.94236 0.00226124 0.0187261
9.9982E-05 0.981587 0.0107681 0.00744493 9.9982E-05
0.0935741 0.633299 0.0393604 0.0821665 0.1516
0.000555771 0.895298 0.0426957 0.0447142 0.0167366
0.0269561 0.816786 0.0582281 9.9991E-05 0.0979301
0.238301 0.00124338 0.110055 0.101171 0.54923
0.970218 0.0258524 9.9982E-05 9.9982E-05 0.00372975
0.9996 9.997E-05 9.997E-05 9.997E-05 9.997E-05
0.00674017 0.141312 0.827908 9.9991E-05 0.0239398
0.996141 9.9982E-05 0.00240974 9.9982E-05 0.0012488
9.9982E-05 0.0596751 9.9982E-05 0.923701 0.0164235
0.00766335 0.00396679 0.0350383 0.94775 0.00558195
0.193096 0.216861 0.0684694 0.496688 0.0248861
0.0428518 0.794929 9.9982E-05 9.9982E-05 0.162019
9.997E-05 9.997E-05 9.997E-05 0.9996 9.997E-05
9.997E-05 9.997E-05 9.997E-05 0.9996 9.997E-05
9.997E-05 9.997E-05 9.997E-05 0.9996 9.997E-05
9.997E-05 9.997E-05 9.997E-05 0.9996 9.997E-05
9.997E-05 9.997E-05 9.997E-05 0.9996 9.997E-05
0.00685746 9.9982E-05 0.975267 9.9982E-05 0.0176756
0.075506 0.0200275 9.9991E-05 0.0157579 0.888609
9.9991E-05 0.0205948 0.256563 0.0256498 0.697092
9.9973E-05 9.9973E-05 0.186288 9.9973E-05 0.813412
9.9991E-05 0.465003 0.425576 0.00165318 0.107668
9.9991E-05 0.00797958 0.929961 0.0316958 0.0302633
0.0808528 0.00502559 9.9991E-05 0.00656568 0.907456
9.9991E-05 0.00698016 0.155381 0.0555444 0.781994
0.0171184 9.9982E-05 0.323166 9.9982E-05 0.659516
9.9973E-05 9.9973E-05 9.9973E-05 0.0210548 0.978645
9.9982E-05 9.9982E-05 0.00806913 0.948639 0.0430924
0.156378 0.131395 0.574663 0.014935 0.122629
0.0198351 0.840022 0.0630305 0.0290719 0.0480402
0.0196484 0.872174 0.0276166 0.0283243 0.052237
0.0659452 0.721448 0.0812351 0.0455969 0.0857745
9.9982E-05 0.0828972 0.910115 9.9982E-05 0.00678824
0.0225958 9.9991E-05 0.755997 0.0217811 0.199526
0.992942 9.9973E-05 9.9973E-05 0.00675819 9.9973E-05
0.328587 0.237688 0.242604 0.0283699 0.162752
0.0219005 9.9991E-05 0.511633 0.0143456 0.452021
