0.0100004 0.0461436 0.0449955 0.0216682 9.9991E-05 0.657942 0.21915
0.014072 0.298258 0.0436037 9.9991E-05 0.0214074 0.246937 0.375622
0.0243825 0.302286 0.0857819 0.0278409 0.0467463 0.219886 0.293076
0.0162072 0.0322798 0.0376657 0.0271582 9.9991E-05 0.649274 0.237315
0.0249761 0.905243 0.00865552 0.0311292 9.9991E-05 0.0121275 0.0177687
0.00652834 0.245898 0.0316045 0.000951305 0.0739552 0.228577 0.412486
0.52323 9.9982E-05 0.10655 9.9982E-05 0.0186981 0.346494 0.00482851
0.974227 9.9964E-05 9.9964E-05 9.9964E-05 9.9964E-05 0.0125676 0.0128057
0.976126 0.00700965 9.9964E-05 9.9964E-05 9.9964E-05 9.9964E-05 0.0164645
0.997119 9.9955E-05 9.9955E-05 0.00238108 9.9955E-05 9.9955E-05 9.9955E-05
9.9973E-05 0.0249823 0.877371 0.0189232 9.9973E-05 0.0784232 9.9973E-05
0.030244 9.99707E-05 0.932482 9.99707E-05 9.99707E-05 0.0368738 9.99707E-05
0.0213506 9.9982E-05 0.958083 9.9982E-05 0.00733368 0.0109231 0.0021097
9.99551E-05 9.99551E-05 0.985486 9.99551E-05 9.99551E-05 0.0140141 9.99551E-05
9.9964E-05 9.9964E-05 9.9964E-05 0.0408952 0.839334 0.119371 9.9964E-05
0.9994 9.995E-05 9.995E-05 9.995E-05 9.995E-05 9.995E-05 9.995E-05
0.00498608 9.9964E-05 0.19171 9.9964E-05 9.9964E-05 0.802904 9.9964E-05
9.9973E-05 0.00647497 0.0840846 9.9973E-05 0.903129 0.00601164 9.9973E-05
0.0100879 9.9982E-05 0.181379 0.0622892 0.586534 0.15951 9.9982E-05
0.0166685 9.9973E-05 0.592806 0.00977951 0.380447 9.9973E-05 9.9973E-05
0.0433301 9.9982E-05 0.0370523 0.0294933 0.851949 0.0379757 9.9982E-05
0.0236815 9.9973E-05 0.886443 0.000114098 0.0894615 9.9973E-05 9.9973E-05
9.9964E-05 9.9964E-05 0.0750185 9.9964E-05 0.910194 9.9964E-05 0.0143881
0.0113629 9.9982E-05 0.811748 9.9982E-05 0.0996835 0.0290886 0.0479166
9.9955E-05 9.9955E-05 0.928588 9.9955E-05 0.0709122 9.9955E-05 9.9955E-05
9.9973E-05 0.000986717 9.9973E-05 9.9973E-05 0.960995 0.0374518 0.0002669
0.0247549 9.9964E-05 0.112112 9.9964E-05 0.862733 9.9964E-05 9.9964E-05
0.016354 9.9982E-05 0.293008 0.0728421 0.583712 9.9982E-05 0.0338843
0.0219143 9.9973E-05 0.00295792 0.0274541 0.947374 9.9973E-05 9.9973E-05
9.9973E-05 0.0112067 0.0350331 0.00697749 0.946483 9.9973E-05 9.9973E-05
9.9964E-05 9.9964E-05 0.919114 0.0255554 0.0549303 9.9964E-05 9.9964E-05
9.9973E-05 9.9973E-05 0.918719 0.00561293 0.00343096 0.0719371 9.9973E-05
9.9964E-05 9.9964E-05 0.0749201 9.9964E-05 0.908697 9.9964E-05 0.0159828
0.0271996 0.00323281 0.77541 0.00280651 0.185616 0.00563435 9.9991E-05
9.9955E-05 9.9955E-05 0.0199284 9.9955E-05 0.979572 9.9955E-05 9.9955E-05
9.9964E-05 0.00759872 0.949372 9.9964E-05 0.0426292 9.9964E-05 9.9964E-05
9.9964E-05 0.00784445 0.0788827 9.9964E-05 0.912873 9.9964E-05 9.9964E-05
9.9964E-05 9.9964E-05 0.915174 0.0332034 0.0512224 9.9964E-05 9.9964E-05
9.9973E-05 0.137719 9.9973E-05 0.125977 9.9973E-05 0.614473 0.121531
9.9955E-05 0.618724 9.9955E-05 9.9955E-05 9.9955E-05 9.9955E-05 0.380776
9.9964E-05 0.0992065 0.851495 9.9964E-05 9.9964E-05 0.0488984 9.9964E-05
9.9955E-05 9.9955E-05 0.0295529 9.9955E-05 0.969947 9.9955E-05 9.9955E-05
9.9964E-05 9.9964E-05 0.931524 0.0285901 0.0394861 9.9964E-05 9.9964E-05
9.9973E-05 9.9973E-05 0.0770541 0.044463 9.9973E-05 0.273332 0.604851
0.041942 9.9982E-05 0.193998 0.0641458 0.55739 0.142325 9.9982E-05
0.0428019 9.9982E-05 0.467692 0.0129918 0.405489 0.0708256 9.9982E-05
0.0147518 0.0137496 0.0229243 0.0236383 0.881942 0.0428938 9.9991E-05
9.999E-05 0.308974 0.0177967 0.0408421 0.0471595 0.204942 0.380185
0.0123655 0.108377 9.9991E-05 0.527167 0.00667596 0.0539729 0.291341
0.00943108 9.9955E-05 9.9955E-05 9.9955E-05 9.9955E-05 0.990069 9.9955E-05
9.9964E-05 9.9964E-05 0.115329 9.9964E-05 0.0121246 0.872147 9.9964E-05
0.0154493 9.9973E-05 0.155621 9.9973E-05 9.9973E-05 0.811754 0.016876
9.995E-05 9.995E-05 9.995E-05 9.995E-05 9.995E-05 0.9994 9.995E-05
0.947928 0.0151853 0.0347891 9.9973E-05 0.0017977 9.9973E-05 9.9973E-05
0.967257 0.0111648 0.00303536 0.00726519 9.9982E-05 9.9982E-05 0.0110779
0.0565049 9.9982E-05 0.684706 0.00338247 0.0192493 0.235957 9.9982E-05
0.00864756 9.9964E-05 0.93587 9.9964E-05 0.0550822 9.9964E-05 9.9964E-05
0.0479517 0.217872 0.00456696 0.111517 0.246237 0.371755 9.9991E-05
9.9982E-05 0.920865 9.9982E-05 0.00238796 0.00723731 0.0375393 0.0317701
9.9982E-05 0.436357 9.9982E-05 0.298387 0.0439702 0.0164253 0.204661
9.9964E-05 9.9964E-05 0.194882 9.9964E-05 9.9964E-05 0.789997 0.0147212
0.00796924 0.0143871 0.157509 9.9991E-05 0.00641358 0.807251 0.00637002
0.0062361 9.9982E-05 0.201317 0.0336062 9.9982E-05 0.731563 0.027078
0.975472 9.9964E-05 0.0164184 9.9964E-05 9.9964E-05 0.00771004 9.9964E-05
0.00944452 0.851864 9.9982E-05 9.9982E-05 0.00157361 0.00848506 0.128433
9.99639E-05 9.99639E-05 0.252375 9.99639E-05 0.0081235 0.739101 9.99639E-05
0.0175042 0.0896232 9.9982E-05 0.0728475 9.9982E-05 0.738472 0.0813534
9.9955E-05 9.9955E-05 0.943741 9.9955E-05 0.0557595 9.9955E-05 9.9955E-05
0.0058832 9.9964E-05 0.990456 9.9964E-05 0.00326128 9.9964E-05 9.9964E-05
0.804798 0.0466289 9.9982E-05 0.0160149 0.0282484 0.10411 9.9982E-05
0.783988 0.0278416 0.00724889 0.0178885 0.0478904 0.115042 9.9991E-05
0.858735 0.00904893 9.9982E-05 0.0364229 0.0212213 0.0743721 9.9982E-05
0.963473 0.0223619 9.9964E-05 9.9964E-05 9.9964E-05 0.0137651 9.9964E-05
0.979446 9.9973E-05 0.0104537 0.00478841 9.9973E-05 0.00501167 9.9973E-05
0.983876 0.00921328 9.9964E-05 9.9964E-05 9.9964E-05 0.00651061 9.9964E-05
0.99161 9.9964E-05 9.9964E-05 9.9964E-05 0.0032013 9.9964E-05 0.0047887
0.981084 0.0100713 0.00758427 9.9973E-05 0.000960134 9.9973E-05 9.9973E-05
0.977212 9.9982E-05 0.00193544 9.9982E-05 0.00247623 0.00285436 0.0153222
0.997841 9.9955E-05 9.9955E-05 9.9955E-05 9.9955E-05 9.9955E-05 0.00165939
0.940628 0.0145248 0.000287537 9.9991E-05 0.012974 0.0260996 0.00538623
0.924983 0.0104217 9.9982E-05 0.00138765 0.0178778 0.0451303 9.9982E-05
0.976458 0.00968644 0.0116576 0.00189791 9.9973E-05 9.9973E-05 9.9973E-05
0.527391 9.99641E-05 0.0575297 9.99641E-05 0.414679 9.99641E-05 9.99641E-05
0.565208 9.9964E-05 0.0021006 9.9964E-05 0.432292 9.9964E-05 9.9964E-05
0.9994 9.995E-05 9.995E-05 9.995E-05 9.995E-05 9.995E-05 9.995E-05
0.92866 0.0026772 9.9973E-05 0.00681098 9.9973E-05 0.0615519 9.9973E-05
0.937467 9.9964E-05 9.9964E-05 9.9964E-05 9.9964E-05 0.0455979 0.0165349
0.934574 0.010806 0.0148692 0.0188284 0.0207223 9.9982E-05 9.9982E-05
0.981836 9.99552E-05 9.99552E-05 9.99552E-05 9.99552E-05 0.0176645 9.99552E-05
0.533205 9.9964E-05 0.0145887 9.9964E-05 0.451806 9.9964E-05 9.9964E-05
0.87729 0.0140662 0.051653 0.0298558 0.0269352 9.9982E-05 9.9982E-05
0.945679 9.9973E-05 0.0255323 9.9973E-05 9.9973E-05 0.00555446 0.0229343
0.965304 0.0108007 9.9973E-05 0.000928473 9.9973E-05 0.022667 9.9973E-05
0.923699 9.9973E-05 9.9973E-05 9.9973E-05 0.00644092 0.0384658 0.0310945
0.863347 0.0150143 0.0514322 0.0259849 0.0011325 0.0429895 9.9991E-05
0.939478 9.9973E-05 0.00891576 0.00483177 9.9973E-05 0.0464743 9.9973E-05
9.9991E-05 0.0859756 0.0329345 0.019607 0.632525 0.153437 0.0754206
0.946235 0.0106218 9.9982E-05 9.9982E-05 0.0136928 0.00953414 0.0197166
0.986769 9.9955E-05 0.012731 9.9955E-05 9.9955E-05 9.9955E-05 9.9955E-05
0.725063 0.00048451 0.00618384 0.0225507 0.0685906 0.0561681 0.120959
0.9994 9.995E-05 9.995E-05 9.995E-05 9.995E-05 9.995E-05 9.995E-05
0.977073 9.9955E-05 9.9955E-05 9.9955E-05 0.0224272 9.9955E-05 9.9955E-05
0.990128 9.99551E-05 9.99551E-05 9.99551E-05 9.99551E-05 0.00937174 9.99551E-05
0.961325 9.9973E-05 0.00203629 0.00988875 0.0264498 9.9973E-05 9.9973E-05
0.0417471 9.9973E-05 0.00973385 9.9973E-05 0.908591 9.9973E-05 0.0396277
0.9994 9.995E-05 9.995E-05 9.995E-05 9.995E-05 9.995E-05 9.995E-05
0.962442 9.9964E-05 9.9964E-05 0.032515 9.9964E-05 0.00464273 9.9964E-05
0.9994 9.995E-05 9.995E-05 9.995E-05 9.995E-05 9.995E-05 9.995E-05
0.00244421 9.9982E-05 0.326203 9.9982E-05 0.631216 0.00442496 0.0355121
0.954574 0.0268296 9.9982E-05 0.0111976 0.000872789 9.9982E-05 0.00632561
0.948238 9.9973E-05 0.0289737 0.0221241 9.9973E-05 0.000363841 9.9973E-05
0.966441 9.9973E-05 9.9973E-05 9.9973E-05 0.00970391 0.0141029 0.00945184
0.9994 9.995E-05 9.995E-05 9.995E-05 9.995E-05 9.995E-05 9.995E-05
0.0315146 9.9973E-05 0.25615 9.9973E-05 0.669559 0.0424763 9.9973E-05
0.985971 9.9955E-05 9.9955E-05 9.9955E-05 9.9955E-05 9.9955E-05 0.0135288
0.903191 0.00820739 9.9982E-05 0.0226365 9.9982E-05 0.0405201 0.0252446
0.507813 9.9964E-05 0.0216565 9.9964E-05 0.47013 9.9964E-05 9.9964E-05
0.983803 9.9964E-05 9.9964E-05 9.9964E-05 0.0107121 9.9964E-05 0.00508474
0.0222289 9.9973E-05 0.738958 0.0114257 0.227088 9.9973E-05 9.9973E-05
9.9964E-05 0.0500098 0.656453 9.9964E-05 0.293138 9.9964E-05 9.9964E-05
0.0219581 0.0018198 0.863252 9.9991E-05 0.0578747 0.0010321 0.0539632
0.0478291 0.00761743 0.0429569 9.9982E-05 0.888648 9.9982E-05 0.012748
0.0524323 9.9973E-05 0.199272 0.00744287 9.9973E-05 0.740553 9.9973E-05
0.0592002 9.9973E-05 0.885653 9.9973E-05 0.0194927 9.9973E-05 0.0353542
0.00052575 0.0193647 0.428882 0.0316461 0.220539 0.264887 0.0341551
0.00598746 0.0203041 0.764229 9.9973E-05 0.20918 9.9973E-05 9.9973E-05
0.013176 0.0122428 0.648805 0.026661 0.298915 9.9982E-05 9.9982E-05
0.00735865 0.00100578 0.731699 0.0467188 0.203436 0.00517068 0.0046113
9.9982E-05 0.0391505 0.611288 0.0804389 0.266618 9.9982E-05 0.00230475
0.0214886 0.027752 0.577014 0.0349457 0.3386 9.9982E-05 9.9982E-05
0.00904915 0.0443574 0.930475 9.9973E-05 0.0158181 9.9973E-05 9.9973E-05
0.0368896 0.00475891 0.907478 0.00755543 9.9991E-05 0.0220677 0.0211505
0.0324927 0.00259125 0.929378 0.00728543 9.9991E-05 0.00811429 0.0200382
0.0357933 0.0028235 0.0760417 0.0631923 0.781475 0.0317459 0.00892829
9.995E-05 9.995E-05 9.995E-05 9.995E-05 9.995E-05 9.995E-05 0.9994
0.0160836 0.0229078 9.9973E-05 9.9973E-05 9.9973E-05 0.0132658 0.947443
9.9982E-05 0.612924 0.00408152 0.0378689 9.9982E-05 0.0990075 0.245918
0.086309 0.00535209 0.166638 0.0297617 0.345774 0.308246 0.0579199
0.0121273 0.00532381 9.9973E-05 9.9973E-05 9.9973E-05 0.0279514 0.954297
0.0230546 0.00743266 9.9982E-05 9.9982E-05 0.0157743 0.0261453 0.927393
0.105796 0.0541712 0.492574 0.00842603 0.129238 0.150298 0.0594965
0.0269329 0.44771 0.00392779 0.276134 9.9991E-05 0.0129166 0.232278
0.00657105 0.433217 0.0143847 0.362197 0.0165118 0.0290667 0.138051
0.00836077 0.442319 0.0168951 0.405379 0.00173592 0.0271015 0.098209
0.0202712 0.247134 9.9982E-05 0.599463 0.0586974 0.0742336 9.9982E-05
0.0301639 0.278447 9.9982E-05 0.595772 0.0207623 0.0746556 9.9982E-05
9.9991E-05 0.434824 0.00100317 0.373585 0.0416877 0.0360646 0.112735
9.9982E-05 9.9982E-05 0.0815813 0.028475 0.00531126 0.867655 0.0167778
0.00874526 0.637511 9.9973E-05 9.9973E-05 0.0390352 9.9973E-05 0.314408
9.9973E-05 9.9973E-05 0.0212965 9.9973E-05 0.904414 0.0584363 0.0155534
0.0339294 9.9964E-05 9.9964E-05 9.9964E-05 0.951639 9.9964E-05 0.0140316
0.00320664 0.859965 9.9991E-05 0.0142839 0.0385544 0.0143624 0.0695277
0.124232 0.106976 0.117861 0.0897189 0.258678 0.205089 0.0974452
9.9982E-05 9.9982E-05 0.21089 0.011844 0.0232357 0.687924 0.0659071
9.9982E-05 0.0494228 0.829529 0.00754933 9.9982E-05 0.0468186 0.0664803
0.0062055 0.00344123 0.095294 0.0465104 0.819695 0.0287536 9.9991E-05
0.0195423 0.0182111 0.624364 0.0326392 9.9991E-05 0.0175803 0.287563
9.9982E-05 9.9982E-05 0.200722 0.00577931 0.0398617 0.672673 0.0807642
0.0296756 9.9982E-05 0.000773092 0.15801 0.0697787 9.9982E-05 0.741563
9.9973E-05 9.9973E-05 0.129829 0.011149 0.0090273 0.849695 9.9973E-05
0.0620189 0.0850429 0.0749184 0.131152 0.121248 0.52552 9.9991E-05
0.0343433 0.000577576 0.00968172 9.9991E-05 0.926664 0.0273313 0.00130239
0.0295931 0.618849 0.0114216 9.9973E-05 9.9973E-05 9.9973E-05 0.339837
0.0194223 0.411406 0.515426 0.0392149 9.9982E-05 9.9982E-05 0.0143307
0.0451093 0.876559 9.9973E-05 0.0465324 0.0314994 9.9973E-05 9.9973E-05
0.0419884 0.0314882 0.407241 9.9991E-05 0.0427959 0.342221 0.134166
0.00101411 0.971564 9.9964E-05 9.9964E-05 9.9964E-05 9.9964E-05 0.0270216
9.9982E-05 0.011738 0.286375 9.9982E-05 0.00262514 0.695089 0.00397228
0.0516131 0.817336 0.0591808 0.0112251 0.048425 0.0121204 9.9991E-05
0.0266681 0.812166 0.0641954 9.9991E-05 0.0286869 0.0431748 0.0250093
0.0124297 0.0451703 0.0177005 0.0259298 0.89857 9.9982E-05 9.9982E-05
9.9991E-05 0.049586 0.131613 0.0104089 0.410824 0.0980685 0.2994
0.041397 0.0503236 0.364845 0.0358703 0.367146 0.0942769 0.0461412
0.0187473 0.0639712 0.0272703 0.81892 0.0321767 0.0348113 0.00410295
9.9973E-05 0.0205321 0.0259797 0.940475 9.9973E-05 0.012713 9.9973E-05
0.000311989 0.0131349 9.9991E-05 0.870805 0.029456 0.0644346 0.021758
0.0237127 0.0496043 0.0148524 0.837172 0.0178198 0.0567391 9.9991E-05
9.9955E-05 9.9955E-05 9.9955E-05 0.031816 0.967684 9.9955E-05 9.9955E-05
0.00601899 0.0391366 9.9973E-05 9.9973E-05 0.919593 0.0349511 9.9973E-05
0.0312215 9.9991E-05 0.0643985 0.0220212 0.812982 0.0665826 0.00269399
0.0196231 0.303477 9.9982E-05 0.381967 9.9982E-05 0.0682399 0.226493
0.147394 0.137718 0.127283 0.108048 0.208935 0.171373 0.0992501
0.143852 0.065044 9.9982E-05 0.110571 0.386612 0.293721 9.9982E-05
0.0410087 0.0413746 0.0712995 9.9982E-05 0.777582 0.0685353 9.9982E-05
0.0921724 0.0260566 0.0705996 0.0380391 0.662537 0.099357 0.0112384
0.0415083 9.9982E-05 9.9982E-05 0.0908384 0.757228 0.0845658 0.0256592
0.159516 0.0563208 0.00664831 0.0437055 0.536787 0.14849 0.0485322
0.0269264 0.0286343 0.031908 0.0293026 0.0449817 0.762967 0.0752797
0.0031269 0.00392076 0.911276 0.0177852 0.0218235 0.0419674 9.9991E-05
0.0435998 9.9991E-05 0.611314 0.0184531 0.255757 0.0629371 0.0078387
0.00100546 0.950955 0.0107259 0.00217228 9.9991E-05 0.0137567 0.0212841
9.9955E-05 0.920637 9.9955E-05 9.9955E-05 9.9955E-05 0.0788636 9.9955E-05
0.000137875 0.86781 9.9982E-05 9.9982E-05 0.0235788 0.0707836 0.0374896
9.9973E-05 0.386299 9.9973E-05 0.234974 9.9973E-05 0.196226 0.182201
0.0532099 0.374175 9.9982E-05 0.165685 0.0179489 0.388781 9.9982E-05
0.0573125 0.377216 9.9982E-05 0.137739 0.00702991 0.420503 9.9982E-05
0.0191229 9.9982E-05 9.9982E-05 0.0243638 0.917402 0.0324915 0.00641987
0.00597559 0.0226256 0.000991766 0.0653874 0.814166 0.0907535 9.9991E-05
9.9964E-05 0.00352203 0.027523 9.9964E-05 0.968555 9.9964E-05 9.9964E-05
9.9964E-05 9.9964E-05 0.309168 9.9964E-05 9.9964E-05 0.668459 0.0219736
0.0304016 0.922015 9.9973E-05 0.013334 0.0339496 9.9973E-05 9.9973E-05
0.0166548 0.910728 9.9973E-05 9.9973E-05 0.00441088 9.9973E-05 0.0679066
9.9955E-05 0.898701 9.9955E-05 9.9955E-05 9.9955E-05 9.9955E-05 0.100799
9.9973E-05 0.78142 0.025933 0.015827 9.9973E-05 9.9973E-05 0.17652
0.020625 0.82915 0.0234983 0.0279221 9.9991E-05 0.0153931 0.0833116
9.9973E-05 0.0899674 0.822354 9.9973E-05 9.9973E-05 0.0744057 0.0129734
0.0702026 0.207905 9.9991E-05 0.164659 0.0941428 0.107244 0.355746
9.99549E-05 9.99549E-05 0.22972 9.99549E-05 9.99549E-05 0.76978 9.99549E-05
9.9964E-05 0.0930024 0.823609 9.9964E-05 9.9964E-05 0.0829888 9.9964E-05
9.9973E-05 0.0181787 9.9973E-05 9.9973E-05 0.803552 0.11018 0.0677893
0.00492049 9.9973E-05 0.951484 0.00220907 9.9973E-05 0.0410869 9.9973E-05
9.9964E-05 0.00212856 0.894462 9.9964E-05 9.9964E-05 0.103009 9.9964E-05
9.9964E-05 9.9964E-05 0.876758 0.012412 9.9964E-05 0.11043 9.9964E-05
0.0221119 0.907208 0.0278059 0.0325963 0.0100776 9.9982E-05 9.9982E-05
9.9955E-05 0.985426 9.9955E-05 9.9955E-05 9.9955E-05 9.9955E-05 0.0140746
0.00300178 0.246775 0.00166635 0.00669578 0.0751602 0.282885 0.383816
0.0237256 0.939273 0.0138628 9.9973E-05 9.9973E-05 9.9973E-05 0.0228388
9.995E-05 0.9994 9.995E-05 9.995E-05 9.995E-05 9.995E-05 9.995E-05
9.9964E-05 0.283627 0.524732 9.9964E-05 9.9964E-05 9.9964E-05 0.19124
9.9982E-05 0.825286 9.9982E-05 0.0575571 0.0297223 0.0117819 0.0754531
9.9973E-05 0.794815 9.9973E-05 0.0623828 0.0432633 9.9973E-05 0.0992387
0.0377676 0.201646 9.9991E-05 0.11186 0.0810054 0.411591 0.15603
0.0140271 9.9973E-05 0.26781 0.00211746 9.9973E-05 0.715745 9.9973E-05
9.9982E-05 0.647315 0.0731503 0.0108415 9.9982E-05 0.0371183 0.231375
0.422908 9.9982E-05 0.0425189 0.0570938 0.279795 9.9982E-05 0.197485
9.9964E-05 0.55032 0.119601 9.9964E-05 9.9964E-05 9.9964E-05 0.329679
0.0131507 0.971645 0.0148045 9.9964E-05 9.9964E-05 9.9964E-05 9.9964E-05
0.000703237 0.0385056 0.888101 0.0220884 9.9982E-05 0.050402 9.9982E-05
9.9973E-05 0.253491 0.634846 9.9973E-05 9.9973E-05 0.0709892 0.0403739
9.9964E-05 9.9964E-05 0.194172 9.9964E-05 0.00610715 0.799321 9.9964E-05
0.0147936 0.0517888 9.9982E-05 9.9982E-05 0.00110376 0.916244 0.0158703
9.9964E-05 0.00813514 0.911655 9.9964E-05 0.07981 9.9964E-05 9.9964E-05
0.0031012 9.9964E-05 0.105567 9.9964E-05 9.9964E-05 0.890932 9.9964E-05
9.9964E-05 9.9964E-05 0.282049 9.9964E-05 9.9964E-05 0.713792 0.00375902
9.9964E-05 0.0248913 0.30397 9.9964E-05 9.9964E-05 0.670739 9.9964E-05
9.995E-05 9.995E-05 9.995E-05 9.995E-05 9.995E-05 0.9994 9.995E-05
9.9982E-05 0.0216411 0.321447 0.02135 9.9982E-05 0.555486 0.0798762
9.9964E-05 9.9964E-05 0.201633 9.9964E-05 0.00641748 0.79155 9.9964E-05
0.0680621 0.200884 9.9991E-05 0.122568 0.0792869 0.402726 0.126373
0.00614495 9.9964E-05 0.0322439 9.9964E-05 0.961211 9.9964E-05 9.9964E-05
9.9982E-05 0.0191694 9.9982E-05 0.00698125 0.788152 0.133773 0.0517245
0.9994 9.995E-05 9.995E-05 9.995E-05 9.995E-05 9.995E-05 9.995E-05
9.9991E-05 0.0416091 0.0658196 0.0209742 0.69855 0.150393 0.0225538
0.0347514 9.9964E-05 0.0812579 9.9964E-05 0.883591 9.9964E-05 9.9964E-05
9.9964E-05 9.9964E-05 0.235391 9.9964E-05 0.357936 0.406273 9.9964E-05
0.0289072 9.9964E-05 0.0870405 9.9964E-05 0.883652 9.9964E-05 9.9964E-05
0.0368891 0.00813973 0.568239 0.0599907 0.255051 0.0715906 9.9991E-05
0.00814799 9.9973E-05 9.9973E-05 0.00267171 0.975283 0.0135973 9.9973E-05
0.128411 0.0107674 9.9982E-05 0.0851568 0.161767 0.613698 9.9982E-05
9.9973E-05 9.9973E-05 0.141751 0.0773907 0.0841589 0.6964 9.9973E-05
0.0600652 0.00377726 0.311872 0.0574172 0.185232 0.381536 9.9991E-05
0.00777517 0.0110646 0.0440062 9.9982E-05 0.897803 0.0391515 9.9982E-05
0.00864607 0.833371 9.9964E-05 9.9964E-05 9.9964E-05 9.9964E-05 0.157584
9.9964E-05 0.00746127 0.938073 9.9964E-05 0.0540657 9.9964E-05 9.9964E-05
0.0982106 0.024358 9.9982E-05 0.0992141 0.206359 0.571659 9.9982E-05
9.9964E-05 9.9964E-05 0.932048 9.9964E-05 0.050497 0.0170549 9.9964E-05
9.9973E-05 0.870514 9.9973E-05 9.9973E-05 0.0054778 0.0079988 0.115709
9.9964E-05 9.9964E-05 0.211831 9.9964E-05 9.9964E-05 0.778558 0.00921139
0.980967 9.9964E-05 9.9964E-05 0.0156329 9.9964E-05 0.00300024 9.9964E-05
0.691303 9.9991E-05 0.00372283 0.0127912 0.0896497 0.0748732 0.12756
0.0261612 9.99551E-05 9.99551E-05 9.99551E-05 0.973339 9.99551E-05 9.99551E-05
0.0592011 9.9982E-05 0.624443 0.00407318 0.26609 0.045993 9.9982E-05
9.99549E-05 9.99549E-05 0.176143 9.99549E-05 9.99549E-05 0.823358 9.99549E-05
9.99549E-05 9.99549E-05 0.216095 9.99549E-05 9.99549E-05 0.783405 9.99549E-05
9.9982E-05 0.0705169 0.620178 0.0356276 9.9982E-05 0.152501 0.120977
0.0537883 9.9973E-05 0.637525 9.9973E-05 0.27758 0.0308067 9.9973E-05
9.9982E-05 0.904062 9.9982E-05 0.000464952 0.0089567 0.0701825 0.0161338
0.0246513 0.379782 9.9982E-05 0.150157 0.0142614 0.430949 9.9982E-05
0.00431762 0.563422 0.00891225 0.299777 9.9991E-05 0.0278669 0.0956045
0.107096 0.158108 0.0382513 0.421275 0.0785494 0.013672 0.183049
0.0767404 0.113896 0.0183329 0.48648 0.0697322 0.0854569 0.149361
0.0156054 0.302978 9.9991E-05 0.271102 0.0442068 0.0938598 0.272148
0.0573455 0.379014 9.9982E-05 0.157581 0.00184212 0.404017 9.9982E-05
0.0540158 0.177202 0.0384374 0.433491 0.0483967 0.0731867 0.175271
9.9982E-05 0.233572 9.9982E-05 0.26721 0.0442369 0.0680708 0.38671
0.0486237 0.117104 9.9982E-05 0.14587 0.0898302 0.598372 9.9982E-05
9.9982E-05 0.37482 9.9982E-05 0.262719 0.0528112 0.0826107 0.226839
0.0636947 0.109393 9.9982E-05 0.184822 0.136774 0.505116 9.9982E-05
0.010428 9.9964E-05 0.112441 9.9964E-05 9.9964E-05 0.876731 9.9964E-05
0.0561533 0.015518 0.05853 0.0516843 9.9991E-05 0.542735 0.275279
0.048113 0.335054 0.0476307 0.177783 0.0130641 0.181981 0.196374
0.0579232 0.239848 0.06962 0.216974 0.0581073 0.209377 0.148151
0.0599581 0.332066 9.9982E-05 0.194229 0.0194324 0.394115 9.9982E-05
0.0458783 0.372906 0.0152512 0.288389 0.010155 0.0541699 0.21325
9.9964E-05 9.9964E-05 0.821514 9.9964E-05 0.167128 9.9964E-05 0.0109585
9.9973E-05 0.918277 0.019918 9.9973E-05 9.9973E-05 0.0387594 0.0227455
0.0742369 0.149894 0.0082137 0.443303 0.0808794 0.106226 0.137248
0.0247859 0.37023 9.9991E-05 0.174425 0.03459 0.101674 0.294195
0.0532344 0.198664 9.9991E-05 0.426867 0.0650398 0.0677688 0.188327
0.048086 0.216197 0.0493966 0.367997 0.00970266 0.0282701 0.280351
9.9982E-05 0.0170261 9.9982E-05 0.00571447 0.746881 0.175265 0.0549139
0.0600901 0.00138993 0.430518 0.060281 0.378905 0.0606162 0.00820003
0.00547112 0.782151 9.9982E-05 0.0793745 9.9982E-05 0.0197805 0.113023
9.9964E-05 9.9964E-05 0.903661 0.0123644 0.0835743 9.9964E-05 9.9964E-05
9.9982E-05 0.0497175 0.0244 9.9982E-05 0.717055 0.162994 0.045634
0.0499217 0.0124824 9.9982E-05 0.000318842 9.9982E-05 0.925589 0.0114877
9.995E-05 0.9994 9.995E-05 9.995E-05 9.995E-05 9.995E-05 9.995E-05
0.00580135 0.993699 9.9955E-05 9.9955E-05 9.9955E-05 9.9955E-05 9.9955E-05
0.0210756 0.900613 0.0209476 0.0512953 9.9982E-05 9.9982E-05 0.0058687
9.9955E-05 0.987389 9.9955E-05 0.012111 9.9955E-05 9.9955E-05 9.9955E-05
9.9982E-05 0.0216458 0.237193 9.9982E-05 0.0129619 0.702109 0.0258894
0.0404142 0.830277 0.0178781 9.9982E-05 0.0608194 9.9982E-05 0.0504116
9.9982E-05 0.00654254 9.9982E-05 0.012197 0.756213 0.149986 0.074862
9.9964E-05 9.9964E-05 9.9964E-05 0.0149529 0.977018 0.00762919 9.9964E-05
0.0377724 9.9991E-05 0.0284142 0.00275009 0.901248 0.0287113 0.00100422
0.0351134 9.9973E-05 9.9973E-05 9.9973E-05 0.941966 0.0102047 0.0124156
0.0306515 9.9982E-05 0.0502848 0.00699699 0.90427 9.9982E-05 0.00759629
0.104785 0.103531 0.0151021 0.560417 0.0953121 0.0913421 0.0295111
0.0934162 0.0991491 0.0127318 0.563212 0.0915197 0.112852 0.0271189
9.9973E-05 9.9973E-05 0.0473656 0.91693 0.0100056 0.0253991 9.9973E-05
0.0155168 0.0852723 9.9982E-05 0.849481 0.01665 9.9982E-05 0.0328798
9.9973E-05 0.0113179 9.9973E-05 0.946424 0.0232213 9.9973E-05 0.0187373
0.0367397 9.9982E-05 0.061442 0.303913 0.0257053 0.572 9.9982E-05
0.00902722 9.9964E-05 0.0508009 0.939772 9.9964E-05 9.9964E-05 9.9964E-05
0.0104247 0.20692 0.307683 0.089877 0.16737 0.13243 0.0852953
9.995E-05 9.995E-05 9.995E-05 0.9994 9.995E-05 9.995E-05 9.995E-05
9.9955E-05 9.9955E-05 9.9955E-05 0.982835 9.9955E-05 9.9955E-05 0.0166652
0.0174822 9.9964E-05 9.9964E-05 0.928829 9.9964E-05 9.9964E-05 0.0532886
9.9982E-05 0.00087447 0.0309394 0.22072 0.00291113 9.9982E-05 0.744356
9.9955E-05 9.9955E-05 9.9955E-05 0.971997 9.9955E-05 9.9955E-05 0.0275037
0.00329931 0.00524906 9.9982E-05 0.824224 0.0121235 9.9982E-05 0.154904
0.0119328 9.9973E-05 0.83841 0.0236483 0.125709 9.9973E-05 9.9973E-05
0.0303483 0.0156581 0.533658 0.0612934 0.254337 0.104606 9.9991E-05
0.0316326 9.9982E-05 0.108851 0.0616185 0.726356 0.0713422 9.9982E-05
0.0362531 9.9964E-05 0.06029 9.9964E-05 0.903057 9.9964E-05 9.9964E-05
9.9973E-05 9.9973E-05 0.102544 0.0328846 0.0486253 0.815647 9.9973E-05
0.0491186 0.00983263 0.0848818 0.0414532 0.788265 0.0263485 9.9991E-05
0.00714463 9.9964E-05 0.952836 9.9964E-05 0.0396193 9.9964E-05 9.9964E-05
9.9955E-05 9.9955E-05 0.949842 9.9955E-05 0.0496583 9.9955E-05 9.9955E-05
0.0105844 9.9964E-05 0.00646872 9.9964E-05 9.9964E-05 0.982547 9.9964E-05
0.0593897 0.010802 0.0101801 0.0604849 0.786066 0.0729773 9.9991E-05
0.104284 0.0436983 0.149272 0.0329703 0.488602 0.168406 0.0127673
0.0657063 0.00285158 9.99821E-05 0.0624519 0.0760884 0.792702 9.99821E-05
0.00543912 9.9982E-05 0.0253298 0.0239431 0.00420872 0.940879 9.9982E-05
0.00397062 9.9982E-05 0.0723224 0.043832 0.0946695 0.785005 9.9982E-05
9.9991E-05 0.0519183 0.542003 0.0166446 0.249469 0.0756973 0.064168
0.000582566 9.9982E-05 0.0692947 0.00999132 0.0297268 0.890205 9.9982E-05
0.000241848 9.9982E-05 0.927906 0.0212575 0.0246367 0.0257583 9.9982E-05
0.00769657 0.0326409 9.9973E-05 9.9973E-05 9.9973E-05 0.940089 0.0192732
0.0383828 0.046869 9.99641E-05 9.99641E-05 9.99641E-05 0.914348 9.99641E-05
0.0560598 0.254069 9.9991E-05 0.167779 0.00190857 0.366053 0.154031
9.9955E-05 9.9955E-05 9.9955E-05 9.9955E-05 0.0127932 0.986707 9.9955E-05
9.995E-05 9.995E-05 9.995E-05 9.995E-05 9.995E-05 0.9994 9.995E-05
9.99551E-05 9.99551E-05 0.00138764 9.99551E-05 9.99551E-05 0.998113 9.99551E-05
0.115756 0.0463119 0.0445207 0.107824 0.205363 0.480124 9.9991E-05
9.9973E-05 0.0221596 0.765096 0.0078216 0.204623 9.9973E-05 9.9973E-05
9.9991E-05 0.0359012 0.855371 0.0255695 0.0412077 0.0365856 0.0052651
0.00551365 9.9982E-05 0.853692 0.0267514 0.0257294 0.0881139 9.9982E-05
0.00293986 9.9964E-05 0.89606 9.9964E-05 0.1006 9.9964E-05 9.9964E-05
9.9964E-05 0.908599 9.9964E-05 9.9964E-05 0.0177901 0.0732109 9.9964E-05
9.9991E-05 0.231103 0.0256971 0.0181041 0.0453217 0.26365 0.416024
0.0378804 9.9982E-05 0.125879 9.9982E-05 0.77962 0.0296644 0.0267557
0.0327836 9.9982E-05 0.553074 9.9982E-05 0.305183 0.097974 0.0107852
0.0470042 0.0477317 0.0266797 0.01992 0.0110198 0.621325 0.22632
0.0371014 0.0283149 0.0352528 0.0328123 0.0214715 0.611009 0.234038
9.9973E-05 0.0533964 9.9973E-05 0.032653 0.903627 0.0100234 9.9973E-05
9.9973E-05 0.0158933 9.9973E-05 9.9973E-05 0.765732 0.158596 0.0594787
0.00938974 0.0355461 0.272724 0.0324194 9.9991E-05 0.0987677 0.551053
9.9982E-05 0.0795578 0.428904 0.0571892 9.9982E-05 0.393332 0.0408162
9.99731E-05 9.99731E-05 0.12857 9.99731E-05 0.803604 0.064177 0.00334922
0.128182 0.0690269 9.9982E-05 0.0697223 0.276889 0.45598 9.9982E-05
0.0735847 0.028262 0.074043 0.0410549 9.9991E-05 0.544719 0.238236
0.136592 0.0244881 0.0478435 0.113252 0.177394 0.500331 9.9991E-05
0.122732 0.0618284 0.068153 0.0882459 0.262824 0.396117 9.9991E-05
0.0601082 9.9964E-05 9.9964E-05 9.9964E-05 0.92966 9.9964E-05 0.00983183
9.9964E-05 0.0219244 9.9964E-05 9.9964E-05 0.9404 9.9964E-05 0.0372753
0.0240051 9.9973E-05 9.9973E-05 9.9973E-05 0.963515 0.00379383 0.00838637
0.0255332 9.9982E-05 0.0406841 0.0403679 0.890425 0.00278981 9.9982E-05
0.00574327 9.9973E-05 0.0182142 0.0190828 0.95666 9.9973E-05 9.9973E-05
9.9964E-05 9.9964E-05 0.0543888 9.9964E-05 0.943111 9.9964E-05 0.00210057
0.15727 0.0066606 9.9991E-05 0.0518085 0.531561 0.167324 0.0852765
0.125643 0.116952 9.9982E-05 0.141094 0.283795 0.332316 9.9982E-05
9.9964E-05 9.9964E-05 9.9964E-05 9.9964E-05 0.976105 0.00519234 0.0183025
0.107408 0.0679225 9.9982E-05 0.126675 0.285964 0.41183 9.9982E-05
0.0936949 0.0439003 0.0179382 0.115859 0.180003 0.533911 0.0146939
9.995E-05 9.995E-05 9.995E-05 9.995E-05 9.995E-05 9.995E-05 0.9994
9.995E-05 9.995E-05 9.995E-05 9.995E-05 9.995E-05 9.995E-05 0.9994
9.995E-05 9.995E-05 9.995E-05 9.995E-05 9.995E-05 9.995E-05 0.9994
9.995E-05 9.995E-05 9.995E-05 9.995E-05 9.995E-05 9.995E-05 0.9994
9.995E-05 9.995E-05 9.995E-05 9.995E-05 9.995E-05 9.995E-05 0.9994
9.995E-05 9.995E-05 9.995E-05 9.995E-05 9.995E-05 9.995E-05 0.9994
9.995E-05 9.995E-05 9.995E-05 9.995E-05 9.995E-05 9.995E-05 0.9994
0.0114857 0.0176615 9.9982E-05 0.0269181 9.9982E-05 0.908607 0.0351282
0.0351713 9.9964E-05 9.9964E-05 9.9964E-05 9.9964E-05 0.95914 0.00528843
0.0213178 0.237434 9.9982E-05 0.12613 9.9982E-05 0.441007 0.173911
0.00188517 0.226401 9.9982E-05 0.109219 9.9982E-05 0.470117 0.192177
0.000832906 9.9982E-05 0.074827 0.0575413 0.838375 9.9982E-05 0.0282242
0.0656996 0.00777471 9.9991E-05 0.0284319 0.792185 0.0723209 0.033488
9.99551E-05 9.99551E-05 9.99551E-05 9.99551E-05 0.99393 9.99551E-05 0.00556975
0.0137947 0.895871 0.00721589 0.0109698 9.9991E-05 0.001274 0.0707749
9.9955E-05 0.670127 9.9955E-05 9.9955E-05 9.9955E-05 9.9955E-05 0.329373
0.00938457 0.915328 9.9973E-05 9.9973E-05 0.00144523 9.9973E-05 0.0735422
9.9955E-05 0.665731 9.9955E-05 9.9955E-05 9.9955E-05 9.9955E-05 0.333769
9.9991E-05 0.364995 0.180471 0.0145936 0.0240158 0.264379 0.151447
9.9991E-05 0.290031 0.0660578 0.180903 0.0355204 0.128839 0.298549
9.9973E-05 0.0832521 0.0301282 0.037775 9.9973E-05 9.9973E-05 0.848545
9.9955E-05 0.624768 9.9955E-05 9.9955E-05 9.9955E-05 9.9955E-05 0.374732
9.9955E-05 0.672629 9.9955E-05 9.9955E-05 9.9955E-05 9.9955E-05 0.326871
9.9955E-05 0.998443 9.9955E-05 9.9955E-05 0.00105758 9.9955E-05 9.9955E-05
9.9973E-05 0.737007 9.9973E-05 0.0067122 0.0210571 9.9973E-05 0.234924
0.134176 0.0324539 0.327939 0.170937 0.199011 0.0774671 0.0580153
9.9955E-05 9.9955E-05 9.9955E-05 9.9955E-05 0.992611 9.9955E-05 0.00688964
0.00829844 0.0572077 9.9973E-05 9.9973E-05 9.9973E-05 0.911034 0.0231597
0.0528738 0.0271225 0.210472 0.0323456 0.657564 0.0195224 9.9991E-05
9.9982E-05 9.9982E-05 0.0976269 0.0335595 0.0333489 0.83456 0.000704914
9.9973E-05 0.876759 9.9973E-05 9.9973E-05 0.0275658 0.0821734 0.0132014
0.0132832 0.0599307 9.9982E-05 0.0549541 0.0394228 9.9982E-05 0.832209
0.0042322 0.594226 9.9991E-05 0.0290929 0.0403041 0.0881812 0.243864
0.109741 0.077107 9.9982E-05 0.0728898 0.265779 0.474283 9.9982E-05
0.129135 0.143067 0.0110452 0.135522 0.105763 0.475368 9.9991E-05
0.0384956 0.00226468 0.333419 0.0434912 0.514832 0.0419386 0.0255595
9.9964E-05 9.9964E-05 0.0772637 9.9964E-05 0.00383411 0.918502 9.9964E-05
0.0551517 0.10953 0.0153799 0.711247 0.0471301 9.9991E-05 0.0614608
0.00513757 0.048103 9.9991E-05 0.8449 0.0422409 0.0135621 0.0459567
0.00939102 9.9973E-05 9.9973E-05 0.987768 9.9973E-05 0.00138824 0.00115328
9.9973E-05 0.0359698 9.9973E-05 0.942245 9.9973E-05 0.00608831 0.0153973
9.9964E-05 9.9964E-05 9.9964E-05 0.94794 0.00504909 9.9964E-05 0.0466114
0.0277721 9.9973E-05 9.9973E-05 0.811587 0.0315216 9.9973E-05 0.128819
0.0529806 0.0343826 9.9982E-05 9.9982E-05 0.0120998 0.876179 0.0241581
0.0794443 0.283734 9.9991E-05 0.0860203 0.0762252 0.0590685 0.415408
9.9973E-05 0.788739 9.9973E-05 0.0452053 0.0425795 9.9973E-05 0.123177
9.995E-05 0.9994 9.995E-05 9.995E-05 9.995E-05 9.995E-05 9.995E-05
9.9964E-05 0.964566 9.9964E-05 0.0231234 9.9964E-05 9.9964E-05 0.0119104
0.0106288 0.689043 9.9973E-05 9.9973E-05 0.0123926 9.9973E-05 0.287636
9.995E-05 9.995E-05 9.995E-05 0.9994 9.995E-05 9.995E-05 9.995E-05
0.0176738 9.9973E-05 9.9973E-05 0.92958 0.0162277 9.9973E-05 0.0362185
9.9973E-05 0.00926462 0.019128 0.287184 9.9973E-05 9.9973E-05 0.684124
0.0211104 9.9973E-05 0.012457 0.271155 9.9973E-05 9.9973E-05 0.694978
9.9964E-05 0.0181281 9.9964E-05 0.950995 9.9964E-05 9.9964E-05 0.0304769
9.9973E-05 0.00058225 0.0221431 0.158826 9.9973E-05 9.9973E-05 0.818149
9.9982E-05 0.0377948 0.0360176 0.0531812 0.365788 9.9982E-05 0.507019
0.0247359 0.00191042 0.0771695 9.9991E-05 0.821098 0.0672595 0.00772659
0.00684888 9.9982E-05 0.170523 0.0304173 0.751089 9.9982E-05 0.0409226
0.0339254 9.9973E-05 0.0939828 9.9973E-05 0.854123 9.9973E-05 0.0176692
0.0320214 9.9973E-05 0.0273876 9.9973E-05 0.932232 9.9973E-05 0.0080587
9.9955E-05 9.9955E-05 9.9955E-05 0.998671 9.9955E-05 0.000828758 9.9955E-05
9.995E-05 9.995E-05 9.995E-05 0.9994 9.995E-05 9.995E-05 9.995E-05
9.9964E-05 9.9964E-05 0.0192711 0.286033 9.9964E-05 9.9964E-05 0.694296
9.9964E-05 9.9964E-05 9.9964E-05 0.534115 0.00671969 9.9964E-05 0.458766
9.9964E-05 9.9964E-05 0.00914066 0.98971 9.9964E-05 0.000749763 9.9964E-05
0.0315332 0.0180955 9.9973E-05 0.941412 9.9973E-05 0.00865971 9.9973E-05
9.9955E-05 9.9955E-05 9.9955E-05 0.988306 9.9955E-05 9.9955E-05 0.0111946
9.9964E-05 9.9964E-05 9.9964E-05 0.189793 0.00381509 9.9964E-05 0.805992
9.9973E-05 9.9973E-05 0.221667 0.000808231 0.0542942 0.72293 9.9973E-05
0.0143586 9.9973E-05 0.381168 9.9973E-05 9.9973E-05 0.576682 0.027492
0.0245764 9.99641E-05 0.257132 9.99641E-05 9.99641E-05 0.717892 9.99641E-05
9.9982E-05 9.9982E-05 0.229527 0.0145723 0.0281809 0.687298 0.0402218
9.9991E-05 0.311394 0.00351188 0.389233 0.0353044 0.0831822 0.177275
9.9982E-05 0.380454 9.9982E-05 0.375447 0.0279455 0.0125757 0.203378
9.9973E-05 0.493565 0.0361787 0.282236 9.9973E-05 9.9973E-05 0.18772
9.9982E-05 0.533501 0.0253106 0.287671 9.9982E-05 0.0331926 0.120125
0.0804144 0.0988602 0.0443536 0.51372 0.0831741 0.1253 0.0541775
0.032899 0.473924 9.9982E-05 0.0249493 9.9982E-05 0.34063 0.127398
9.99549E-05 9.99549E-05 9.99549E-05 0.971392 9.99549E-05 0.0281085 9.99549E-05
9.9964E-05 9.9964E-05 0.0100988 0.0649664 9.9964E-05 9.9964E-05 0.924535
0.0102554 9.9973E-05 0.0344968 0.0841844 9.9973E-05 9.9973E-05 0.870764
0.0330419 0.0390233 0.0040127 0.0384549 0.48378 0.401587 9.99911E-05
0.0512217 0.106247 0.00487403 9.9991E-05 0.0473864 0.728201 0.06197
9.9964E-05 9.9964E-05 0.0962211 9.9964E-05 0.879493 0.0238858 9.9964E-05
0.0161468 0.0103171 0.886036 0.00642223 0.0760527 9.9991E-05 0.00492511
0.0495645 9.9973E-05 0.662526 0.00169439 0.285915 9.9973E-05 9.9973E-05
0.0143578 0.0122629 0.437791 0.0225131 0.495676 0.0172987 9.9991E-05
0.0159256 0.0295914 0.0373402 0.00770518 0.415626 0.493711 9.9991E-05
9.9955E-05 9.9955E-05 0.0842774 9.9955E-05 0.915223 9.9955E-05 9.9955E-05
9.9973E-05 0.00723977 0.0169385 0.0276691 0.947853 9.9973E-05 9.9973E-05
0.0144721 0.0169785 0.0327586 0.037695 0.893262 9.9991E-05 0.00473405
0.00103432 9.9964E-05 0.0643128 9.9964E-05 0.934253 9.9964E-05 9.9964E-05
0.0802047 0.0653562 0.0364687 0.404311 0.121328 0.178826 0.113505
0.0523135 0.0501507 0.0398009 0.251523 0.419485 0.12347 0.0632566
0.0169513 0.195664 9.99911E-05 0.27956 0.266803 0.0795357 0.161387
0.0347157 0.158469 9.9991E-05 0.434599 0.0556206 0.156389 0.160108
0.0457747 0.0369656 0.110205 0.0194559 0.523507 0.192094 0.0719983
0.0256255 0.0199792 9.9991E-05 0.00570898 0.937648 0.00896985 0.00196823
9.9982E-05 0.0770914 9.9982E-05 0.0190354 0.00136568 0.02838 0.873928
0.097906 0.00107798 0.107264 0.0421204 0.684625 0.0659112 0.00109543
9.9964E-05 9.9964E-05 0.835785 0.000519643 0.163295 9.9964E-05 9.9964E-05
0.00273028 0.00656289 0.93235 9.9991E-05 0.0259625 0.014558 0.0177361
0.00321396 9.9964E-05 0.0405133 9.9964E-05 0.955873 9.9964E-05 9.9964E-05
0.505886 0.0238274 9.9991E-05 0.127742 0.134173 0.201272 0.00699983
9.9991E-05 0.0110588 0.381448 0.0176137 0.497718 0.0740807 0.0179802
9.9964E-05 9.9964E-05 0.934121 0.010093 0.0553856 9.9964E-05 9.9964E-05
0.0114451 9.9982E-05 0.155256 0.0623184 0.636996 0.133785 9.9982E-05
0.512702 0.0192635 0.0538045 0.0787522 0.101108 0.206293 0.0280769
0.977994 9.9964E-05 9.9964E-05 0.0152292 0.00637697 9.9964E-05 9.9964E-05
9.9982E-05 0.763685 9.9982E-05 0.0644224 0.0485415 0.0129316 0.11022
0.0196668 0.0438845 0.651504 0.0239143 0.0627624 0.152585 0.0456831
0.0606967 0.020739 0.0674513 0.04843 0.0225293 0.525894 0.25426
0.033294 0.0320384 9.9991E-05 0.019914 0.0354463 0.844201 0.035006
0.0312296 0.0316225 9.9982E-05 9.9982E-05 0.0975903 0.794631 0.0447271
0.0168184 9.9973E-05 0.920143 0.0181874 9.9973E-05 0.0445516 9.9973E-05
0.00468593 0.906625 0.0273987 0.0425026 0.0138939 0.0040028 0.00089089
0.0501157 0.0522678 9.9991E-05 0.0221422 0.0200056 0.34644 0.508929
9.99549E-05 9.99549E-05 0.221651 9.99549E-05 9.99549E-05 0.77785 9.99549E-05
9.9964E-05 9.9964E-05 0.958084 9.9964E-05 0.0250348 0.0164809 9.9964E-05
0.021841 9.9973E-05 0.142044 9.9973E-05 9.9973E-05 0.834443 0.00137258
0.0669815 0.0249741 0.0442901 0.0207873 0.0136403 0.562683 0.266644
0.0540904 0.0285922 0.0625653 0.0149286 0.0143517 0.545314 0.280158
9.9991E-05 0.296262 0.0332526 0.0460765 0.0453006 0.174525 0.404483
0.00765762 0.651098 0.0440857 0.0560921 0.0426311 0.0691946 0.129241
0.0201452 0.0983389 9.9991E-05 0.00467189 0.0533763 0.405315 0.418053
0.0359246 0.0957679 9.9991E-05 0.0178693 0.0162022 0.78098 0.0531557
0.00449444 9.9973E-05 0.918486 9.9973E-05 0.0286368 0.0480827 9.9973E-05
9.9973E-05 0.0170069 0.924239 9.9973E-05 0.0265324 0.0319223 9.9973E-05
0.170091 0.06963 0.0267294 0.0461356 0.390727 0.296587 9.9991E-05
0.00705438 0.232002 0.0575574 0.0143538 0.0144263 0.255202 0.419404
9.9973E-05 0.0588516 9.9973E-05 9.9973E-05 0.00937185 0.902102 0.0293748
0.0192491 0.0075174 9.9973E-05 9.9973E-05 0.955979 0.0169546 9.9973E-05
0.0366295 0.323808 9.9982E-05 0.183912 0.0230069 0.432444 9.9982E-05
0.00552308 0.0951662 0.011786 0.119611 0.365046 0.3412 0.0616678
0.1661 0.326618 0.0194438 0.277689 0.0683895 0.0647295 0.0770308
0.127181 0.0493592 0.0343016 0.0642565 0.524918 0.159902 0.0400818
0.019334 0.0310144 0.507788 0.00289654 9.9982E-05 0.438768 9.9982E-05
0.103227 0.00236174 9.9982E-05 0.100559 0.18212 0.611533 9.9982E-05
9.9955E-05 9.9955E-05 9.9955E-05 0.0307626 0.968738 9.9955E-05 9.9955E-05
9.9973E-05 9.9973E-05 0.00610551 0.0843168 0.903672 0.00560542 9.9973E-05
9.9973E-05 0.000274389 0.945398 9.9973E-05 0.0307366 0.0232914 9.9973E-05
0.00400944 0.00320727 0.00566647 9.9973E-05 0.986817 9.9973E-05 9.9973E-05
0.0925023 0.0515692 0.00854051 0.0794159 0.608264 0.142974 0.0167348
0.0362143 9.9982E-05 0.0630002 9.9982E-05 0.856316 0.00696451 0.0373052
9.9982E-05 0.00891051 0.0468587 9.9982E-05 0.795053 0.122038 0.0269393
0.0574244 0.00611967 0.0984036 0.0378225 0.0175726 0.524099 0.258558
9.9982E-05 0.7649 9.9982E-05 0.0440596 0.0330935 0.024671 0.133076
9.9964E-05 0.904478 9.9964E-05 0.0259522 9.9964E-05 9.9964E-05 0.0691698
0.000920302 0.00319715 0.837331 0.000290696 0.124637 0.0335239 9.9991E-05
9.9973E-05 0.791829 9.9973E-05 0.062708 0.000264461 9.9973E-05 0.144898
0.917738 9.9973E-05 9.9973E-05 0.0348224 0.00965157 0.0374885 9.9973E-05
0.969628 9.9964E-05 0.0270359 0.00293645 9.9964E-05 9.9964E-05 9.9964E-05
0.496031 0.172745 0.0663218 0.00948337 0.206144 0.0429989 0.00627636
9.9973E-05 0.00861517 9.9973E-05 9.9973E-05 0.790643 0.154812 0.0456307
0.982907 9.9955E-05 9.9955E-05 9.9955E-05 9.9955E-05 9.9955E-05 0.0165933
0.970571 9.9964E-05 9.9964E-05 0.00601604 9.9964E-05 0.023013 9.9964E-05
0.992547 0.00542721 9.9964E-05 9.9964E-05 9.9964E-05 9.9964E-05 0.00162629
0.9988 9.9955E-05 9.9955E-05 9.9955E-05 9.9955E-05 9.9955E-05 0.000699933
0.9994 9.995E-05 9.995E-05 9.995E-05 9.995E-05 9.995E-05 9.995E-05
9.9973E-05 0.0161679 0.973744 9.9973E-05 9.9973E-05 0.000427232 0.0093606
0.0324559 0.0981775 9.9982E-05 9.9982E-05 0.0386615 0.826286 0.00421923
0.0137178 9.9991E-05 0.21919 0.00675251 0.0209017 0.719174 0.0201649
9.99549E-05 9.99549E-05 0.191411 9.99549E-05 9.99549E-05 0.80809 9.99549E-05
9.9973E-05 9.9973E-05 0.431508 9.9973E-05 0.465206 0.0882054 0.014781
0.0493033 9.9973E-05 0.900231 9.9973E-05 0.010328 0.0398383 9.9973E-05
0.0410023 0.0803394 9.9973E-05 9.9973E-05 0.010651 0.867707 9.9973E-05
0.0333532 9.9982E-05 0.135859 0.00303849 9.9982E-05 0.806587 0.0209622
9.9964E-05 0.0231879 0.321442 9.9964E-05 9.9964E-05 0.654971 9.9964E-05
0.0516346 9.9964E-05 9.9964E-05 9.9964E-05 9.9964E-05 0.936818 0.0111474
0.937375 0.00855331 9.9973E-05 0.0127112 9.9973E-05 0.0410609 9.9973E-05
0.0198921 0.083098 0.566749 9.9991E-05 0.133548 0.110286 0.0863277
0.00808228 0.00579849 0.066823 0.0720366 0.807384 0.039776 9.9991E-05
0.0283365 0.00530511 0.0197533 0.00415648 0.868833 0.0682243 0.005391
0.0359701 9.9982E-05 0.0886117 0.121748 0.698136 0.0553348 9.9982E-05
9.9964E-05 9.9964E-05 0.906683 9.9964E-05 0.0786356 0.0142814 9.9964E-05
0.0311926 9.9982E-05 0.736767 9.9982E-05 0.00428533 0.175775 0.0517793
9.9955E-05 0.728892 9.9955E-05 9.9955E-05 9.9955E-05 9.9955E-05 0.270608
0.0153186 0.0202197 0.263804 0.0192163 0.21101 0.120918 0.349514
0.0108073 0.00886387 0.504859 0.000300245 9.9991E-05 0.443217 0.031853
