9.99279E-05 0.182857 9.99279E-05 9.99279E-05 0.0414569 9.99279E-05 0.028375 9.99279E-05 9.99279E-05 0.746512 9.99279E-05 9.99279E-05
0.024733 9.99189E-05 9.99189E-05 9.99189E-05 9.99189E-05 9.99189E-05 9.99189E-05 9.99189E-05 9.99189E-05 0.814261 9.99189E-05 0.160107
0.0702869 9.9955E-05 0.0221369 9.9955E-05 9.9955E-05 0.0199976 0.00615623 9.9955E-05 0.0539246 0.583033 9.9955E-05 0.243965
9.99189E-05 0.187695 9.99189E-05 9.99189E-05 0.0519201 9.99189E-05 9.99189E-05 9.99189E-05 9.99189E-05 0.759486 9.99189E-05 9.99189E-05
9.9946E-05 0.0175058 0.0254957 9.9946E-05 9.9946E-05 0.0601013 0.0164142 0.0339702 9.9946E-05 9.9946E-05 9.9946E-05 0.845913
0.0614458 9.99189E-05 9.99189E-05 9.99189E-05 9.99189E-05 9.99189E-05 9.99189E-05 9.99189E-05 9.99189E-05 0.797168 9.99189E-05 0.140487
9.99281E-05 9.99281E-05 0.524432 9.99281E-05 0.435424 9.99281E-05 0.028364 9.99281E-05 9.99281E-05 0.0109812 9.99281E-05 9.99281E-05
9.9928E-05 0.0272209 0.957866 9.9928E-05 0.0034936 9.9928E-05 9.9928E-05 9.9928E-05 9.9928E-05 0.0106197 9.9928E-05 9.9928E-05
0.0141411 0.0144727 0.965591 9.9928E-05 9.9928E-05 9.9928E-05 9.9928E-05 9.9928E-05 9.9928E-05 9.9928E-05 9.9928E-05 0.00499617
9.99281E-05 9.99281E-05 0.985836 9.99281E-05 9.99281E-05 9.99281E-05 0.00592869 0.00613089 0.00130531 9.99281E-05 9.99281E-05 9.99281E-05
9.996E-05 0.0102338 9.996E-05 0.243047 0.0991344 0.0184193 9.996E-05 0.0110094 0.582865 0.0169009 9.996E-05 0.0179902
9.9937E-05 0.0532946 9.9937E-05 0.227282 0.00272185 9.9937E-05 0.0136097 9.9937E-05 0.702393 9.9937E-05 9.9937E-05 9.9937E-05
9.9937E-05 0.0146364 0.0128705 0.341202 9.9937E-05 9.9937E-05 0.012628 9.9937E-05 0.617963 9.9937E-05 9.9937E-05 9.9937E-05
9.9928E-05 9.9928E-05 9.9928E-05 0.272396 0.0296728 0.0190142 9.9928E-05 9.9928E-05 0.678117 9.9928E-05 9.9928E-05 9.9928E-05
9.9964E-05 0.0207693 0.010291 9.9964E-05 0.0178923 0.033651 0.0969163 0.00305871 9.9964E-05 0.0115198 0.805502 9.9964E-05
9.9928E-05 0.00659337 0.978907 9.9928E-05 0.00327056 9.9928E-05 9.9928E-05 9.9928E-05 9.9928E-05 9.9928E-05 0.0104295 9.9928E-05
9.9946E-05 0.0264784 0.0420415 0.0193438 0.89977 9.9946E-05 0.00780358 0.0039629 9.9946E-05 9.9946E-05 9.9946E-05 9.9946E-05
9.99461E-05 0.014006 0.0115738 9.99461E-05 0.00616052 9.99461E-05 9.99461E-05 9.99461E-05 0.116545 0.023775 0.82734 9.99461E-05
9.9964E-05 0.129485 0.0264212 9.9964E-05 0.0126083 0.0449248 0.00575921 0.0288318 0.213219 9.9964E-05 0.538351 9.9964E-05
9.9946E-05 9.9946E-05 0.0116435 0.0712154 0.0343187 9.9946E-05 9.9946E-05 0.0180163 0.538924 9.9946E-05 0.325283 9.9946E-05
9.9946E-05 0.047224 0.0411557 9.9946E-05 9.9946E-05 0.0696655 0.00492171 9.9946E-05 0.0766833 9.9946E-05 0.75975 9.9946E-05
0.00773048 9.99476E-05 0.0226308 9.99476E-05 9.99476E-05 9.99476E-05 0.0120639 0.00206229 0.920127 9.99476E-05 0.0347864 9.99476E-05
9.9946E-05 0.0144884 0.00499547 9.9946E-05 0.0208051 9.9946E-05 9.9946E-05 9.9946E-05 0.100514 0.0198622 0.838736 9.9946E-05
0.0386614 9.9946E-05 9.9946E-05 9.9946E-05 0.0149558 9.9946E-05 0.0515292 0.0133039 0.829539 9.9946E-05 0.0514114 9.9946E-05
9.9937E-05 0.0189541 9.9937E-05 0.00228663 9.9937E-05 9.9937E-05 9.9937E-05 9.9937E-05 0.939904 0.0331938 0.0049618 9.9937E-05
9.99371E-05 0.0159312 9.99371E-05 9.99371E-05 0.030728 0.0262031 9.99371E-05 9.99371E-05 0.0146627 9.99371E-05 0.911775 9.99371E-05
9.9937E-05 9.9937E-05 0.0138775 0.0117254 9.9937E-05 9.9937E-05 0.0269895 9.9937E-05 0.125284 9.9937E-05 0.821424 9.9937E-05
0.0485684 0.0326006 9.9964E-05 0.042216 9.9964E-05 0.0323847 9.9964E-05 0.0200055 0.25084 0.00677612 0.566209 9.9964E-05
9.9928E-05 9.9928E-05 0.0268024 9.9928E-05 9.9928E-05 9.9928E-05 9.9928E-05 0.0268371 0.0539452 9.9928E-05 0.891616 9.9928E-05
9.99461E-05 9.99461E-05 9.99461E-05 0.0410854 9.99461E-05 0.00204629 0.0215809 9.99461E-05 0.00924803 0.0140468 0.911393 9.99461E-05
0.00756437 0.0120493 9.99371E-05 0.0161291 9.99371E-05 9.99371E-05 9.99371E-05 0.0224056 0.941152 9.99371E-05 9.99371E-05 9.99371E-05
9.9919E-05 9.9919E-05 9.9919E-05 0.495851 0.0943702 9.9919E-05 9.9919E-05 9.9919E-05 0.40888 9.9919E-05 9.9919E-05 9.9919E-05
9.99281E-05 9.99281E-05 9.99281E-05 0.00291217 9.99281E-05 9.99281E-05 9.99281E-05 9.99281E-05 0.126086 0.0381582 0.832044 9.99281E-05
9.9955E-05 0.010976 0.0203262 0.0175874 0.0188298 0.0265205 9.9955E-05 9.9955E-05 0.78473 9.9955E-05 0.12053 9.9955E-05
9.9955E-05 0.0175995 0.00542225 0.00679844 9.9955E-05 9.9955E-05 9.9955E-05 9.9955E-05 0.0544596 0.000190023 0.899587 0.0154434
9.9919E-05 9.9919E-05 9.9919E-05 0.086801 9.9919E-05 0.00849248 9.9919E-05 9.9919E-05 0.903807 9.9919E-05 9.9919E-05 9.9919E-05
9.99281E-05 9.99281E-05 9.99281E-05 9.99281E-05 9.99281E-05 9.99281E-05 9.99281E-05 9.99281E-05 0.117853 0.00232434 0.85683 0.0221933
9.99371E-05 0.0118273 0.00292418 9.99371E-05 9.99371E-05 9.99371E-05 9.99371E-05 0.040881 0.930677 9.99371E-05 0.012991 9.99371E-05
0.0731249 9.9937E-05 9.9937E-05 9.9937E-05 9.9937E-05 0.120287 0.664725 0.0767451 9.9937E-05 9.9937E-05 9.9937E-05 0.0644184
0.365471 9.99191E-05 9.99191E-05 9.99191E-05 9.99191E-05 9.99191E-05 9.99191E-05 9.99191E-05 9.99191E-05 0.0108651 9.99191E-05 0.622765
9.99189E-05 9.99189E-05 9.99189E-05 0.963428 9.99189E-05 9.99189E-05 0.000560957 9.99189E-05 9.99189E-05 9.99189E-05 9.99189E-05 0.0351119
9.99371E-05 9.99371E-05 9.99371E-05 0.00558145 0.00896605 9.99371E-05 0.00100603 9.99371E-05 0.060483 9.99371E-05 0.923264 9.99371E-05
9.99281E-05 0.0136031 9.99281E-05 0.0149518 9.99281E-05 9.99281E-05 9.99281E-05 0.0311266 0.939519 9.99281E-05 9.99281E-05 9.99281E-05
0.572903 0.0185175 9.9973E-05 0.000161441 0.287209 9.9973E-05 0.0178041 0.0564972 0.0169418 0.0291932 0.000472852 9.9973E-05
9.9973E-05 0.118126 0.0502981 0.0550443 9.9973E-05 0.0118277 0.023952 0.0176405 0.185016 0.00667849 0.531117 9.9973E-05
9.9973E-05 0.0343069 0.0650577 0.218115 0.0330342 0.0102403 9.9973E-05 0.00010852 0.274946 0.0118815 0.35201 9.9973E-05
9.9955E-05 0.00191088 0.0266675 9.9955E-05 9.9955E-05 9.9955E-05 0.0341894 0.00619787 0.089923 9.9955E-05 0.807383 0.0332288
0.0889924 9.99189E-05 9.99189E-05 9.99189E-05 9.99189E-05 9.99189E-05 9.99189E-05 9.99189E-05 9.99189E-05 0.692272 9.99189E-05 0.217836
0.237976 9.9955E-05 9.9955E-05 0.037922 9.9955E-05 0.0739624 0.0320572 0.477538 9.9955E-05 0.039885 9.9955E-05 0.10016
9.9928E-05 0.374776 9.9928E-05 9.9928E-05 0.213347 0.00648296 0.404594 9.9928E-05 9.9928E-05 9.9928E-05 9.9928E-05 9.9928E-05
9.9919E-05 0.932963 9.9919E-05 0.0341795 9.9919E-05 9.9919E-05 9.9919E-05 9.9919E-05 0.0319579 9.9919E-05 9.9919E-05 9.9919E-05
0.00534785 0.709726 9.9964E-05 9.9964E-05 0.0202654 0.0202124 0.072907 9.9964E-05 0.121753 0.0341483 0.0152399 9.9964E-05
9.99009E-05 0.998901 9.99009E-05 9.99009E-05 9.99009E-05 9.99009E-05 9.99009E-05 9.99009E-05 9.99009E-05 9.99009E-05 9.99009E-05 9.99009E-05
0.00157473 9.9955E-05 0.927553 0.0131022 9.9955E-05 9.9955E-05 9.9955E-05 9.9955E-05 0.020459 0.0259117 0.00262028 0.00827908
9.9919E-05 9.9919E-05 0.939089 9.9919E-05 9.9919E-05 9.9919E-05 0.036439 9.9919E-05 0.0235723 9.9919E-05 9.9919E-05 9.9919E-05
9.9937E-05 9.9937E-05 0.0246593 0.605747 0.282933 9.9937E-05 9.9937E-05 9.9937E-05 0.0534668 9.9937E-05 0.0324944 9.9937E-05
9.9946E-05 9.9946E-05 0.00429901 0.106485 9.9946E-05 0.0026813 0.0167939 9.9946E-05 0.846878 9.9946E-05 0.0222635 9.9946E-05
9.99369E-05 0.0260358 9.99369E-05 9.99369E-05 9.99369E-05 0.744548 9.99369E-05 9.99369E-05 0.0784618 0.0103644 0.13989 9.99369E-05
9.99279E-05 9.99279E-05 9.99279E-05 9.99279E-05 9.99279E-05 0.0914458 9.99279E-05 0.00480583 9.99279E-05 0.107137 9.99279E-05 0.795811
0.201627 9.99279E-05 9.99279E-05 9.99279E-05 9.99279E-05 0.252145 9.99279E-05 0.195471 9.99279E-05 9.99279E-05 9.99279E-05 0.349958
0.0219586 0.0088685 9.9928E-05 9.9928E-05 0.965846 9.9928E-05 0.00252787 9.9928E-05 9.9928E-05 9.9928E-05 9.9928E-05 9.9928E-05
9.9955E-05 0.101397 0.0145125 0.0317173 0.642695 9.9955E-05 0.157128 9.9955E-05 9.9955E-05 9.9955E-05 0.0298161 0.0222348
9.9955E-05 0.030173 0.0078383 0.102861 0.607179 9.9955E-05 0.157133 0.0480231 9.9955E-05 0.0462923 9.9955E-05 9.9955E-05
9.9919E-05 0.0131348 0.977752 9.9919E-05 9.9919E-05 0.00821402 9.9919E-05 9.9919E-05 9.9919E-05 9.9919E-05 9.9919E-05 9.9919E-05
0.0953585 9.9928E-05 9.9928E-05 9.9928E-05 9.9928E-05 0.180284 9.9928E-05 9.9928E-05 9.9928E-05 0.00241508 9.9928E-05 0.721143
9.9928E-05 9.9928E-05 9.9928E-05 9.9928E-05 0.970592 9.9928E-05 9.9928E-05 0.00905281 0.0179321 9.9928E-05 0.00162378 9.9928E-05
0.0315414 9.99369E-05 9.99369E-05 9.99369E-05 9.99369E-05 0.143802 0.773315 9.99369E-05 9.99369E-05 0.0263228 9.99369E-05 0.0243199
9.9919E-05 9.9919E-05 9.9919E-05 0.141434 0.0151552 9.9919E-05 9.9919E-05 9.9919E-05 0.842512 9.9919E-05 9.9919E-05 9.9919E-05
9.99101E-05 9.99101E-05 9.99101E-05 0.385049 9.99101E-05 9.99101E-05 9.99101E-05 9.99101E-05 0.613952 9.99101E-05 9.99101E-05 9.99101E-05
9.9964E-05 0.0519988 0.783593 9.9964E-05 0.00692276 0.0109015 0.049368 0.0245936 9.9964E-05 9.9964E-05 0.0387011 0.0335217
9.9964E-05 0.0442816 0.79174 0.0068254 9.9964E-05 9.9964E-05 0.075327 0.0371429 0.000376782 9.9964E-05 0.033985 0.00992172
9.9982E-05 0.0429021 0.867019 0.0111822 0.00471986 0.00623065 0.00795145 0.0178898 0.0213288 0.0198615 9.9982E-05 0.000715173
9.99292E-05 0.0180279 0.939722 9.99292E-05 9.99292E-05 9.99292E-05 0.0148298 9.99292E-05 9.99292E-05 9.99292E-05 9.99292E-05 0.0266206
9.9946E-05 0.0279573 0.963487 9.9946E-05 0.00196062 0.00473998 0.000105019 0.00115045 9.9946E-05 9.9946E-05 9.9946E-05 9.9946E-05
9.9928E-05 9.9928E-05 0.972599 9.9928E-05 0.0214658 9.9928E-05 9.9928E-05 9.9928E-05 9.9928E-05 9.9928E-05 0.00338457 0.00175152
9.99281E-05 9.99281E-05 0.969503 9.99281E-05 0.00824604 9.99281E-05 0.0180428 9.99281E-05 9.99281E-05 9.99281E-05 0.00340913 9.99281E-05
9.9946E-05 0.010922 0.973817 0.00393473 9.9946E-05 9.9946E-05 9.9946E-05 0.00226116 0.000227571 9.9946E-05 9.9946E-05 0.00823805
0.0202025 9.9937E-05 0.952488 9.9937E-05 9.9937E-05 9.9937E-05 0.0024127 9.9937E-05 0.022822 0.00137559 9.9937E-05 9.9937E-05
0.00778754 9.99281E-05 0.985421 9.99281E-05 9.99281E-05 0.00500112 9.99281E-05 9.99281E-05 9.99281E-05 9.99281E-05 9.99281E-05 0.000990577
0.011785 9.9955E-05 0.926033 9.9955E-05 0.0016207 0.0262641 0.0233182 9.9955E-05 0.00400014 9.9955E-05 0.00647919 9.9955E-05
0.00103983 9.99371E-05 0.919071 9.99371E-05 9.99371E-05 0.0325873 0.0271256 9.99371E-05 0.0194765 9.99371E-05 9.99371E-05 9.99371E-05
0.0202324 9.9946E-05 0.928815 0.00332814 9.9946E-05 0.024669 0.0035104 0.0188451 9.9946E-05 9.9946E-05 9.9946E-05 9.9946E-05
9.99281E-05 9.99281E-05 0.53285 9.99281E-05 9.99281E-05 9.99281E-05 9.99281E-05 9.99281E-05 0.0503627 0.00324128 0.412746 9.99281E-05
9.99191E-05 9.99191E-05 0.562417 9.99191E-05 9.99191E-05 9.99191E-05 9.99191E-05 9.99191E-05 0.0273462 9.99191E-05 0.409337 9.99191E-05
9.9919E-05 0.00302007 0.985206 9.9919E-05 9.9919E-05 0.0108747 9.9919E-05 9.9919E-05 9.9919E-05 9.9919E-05 9.9919E-05 9.9919E-05
9.9937E-05 0.0246431 0.934026 0.00144843 9.9937E-05 0.00725734 0.0319257 9.9937E-05 9.9937E-05 9.9937E-05 9.9937E-05 9.9937E-05
9.9946E-05 0.0189661 0.902753 9.9946E-05 0.00787299 0.00368391 0.00549289 9.9946E-05 9.9946E-05 0.0606313 9.9946E-05 9.9946E-05
9.9955E-05 9.9955E-05 0.923121 0.0164326 0.00239253 9.9955E-05 0.00650513 0.021579 9.9955E-05 9.9955E-05 0.00436201 0.0251076
9.99105E-05 9.99105E-05 0.982855 9.99105E-05 9.99105E-05 9.99105E-05 9.99105E-05 9.99105E-05 9.99105E-05 0.0161456 9.99105E-05 9.99105E-05
9.99192E-05 9.99192E-05 0.545466 9.99192E-05 9.99192E-05 9.99192E-05 9.99192E-05 9.99192E-05 0.033096 9.99192E-05 0.420538 9.99192E-05
0.0163931 0.0086582 0.833662 9.9964E-05 0.00250172 9.9964E-05 9.9964E-05 0.0131788 0.0485134 9.9964E-05 0.0465851 0.0301078
0.0199331 9.9955E-05 0.897452 0.0465707 0.0099948 9.9955E-05 0.0196628 0.00563804 9.9955E-05 9.9955E-05 9.9955E-05 0.000249055
9.9946E-05 0.0341061 0.941432 0.00470142 0.00293712 9.9946E-05 0.00799215 9.9946E-05 9.9946E-05 9.9946E-05 9.9946E-05 0.00823128
0.0276593 0.0244475 0.923204 9.9946E-05 9.9946E-05 9.9946E-05 9.9946E-05 0.01853 9.9946E-05 9.9946E-05 0.00239414 0.00316514
9.996E-05 0.0176758 0.88966 9.996E-05 0.0177115 9.996E-05 0.00996526 0.00870053 0.0244513 9.996E-05 0.0222926 0.0091431
9.9928E-05 9.9928E-05 0.942601 9.9928E-05 0.00301683 9.9928E-05 0.0319456 9.9928E-05 9.9928E-05 0.0216374 9.9928E-05 9.9928E-05
9.9946E-05 9.9946E-05 9.9946E-05 0.0302271 0.124994 9.9946E-05 9.9946E-05 0.0159466 9.9946E-05 0.242263 0.545336 0.0406341
9.99371E-05 9.99371E-05 0.910984 9.99371E-05 9.99371E-05 0.0183824 9.99371E-05 0.00832917 9.99371E-05 0.0610195 0.00058514 9.99371E-05
9.9928E-05 9.9928E-05 0.967346 9.9928E-05 9.9928E-05 9.9928E-05 0.020051 9.9928E-05 9.9928E-05 0.00644295 0.00536082 9.9928E-05
0.111669 0.0269544 0.713043 9.9964E-05 0.0163729 0.0379915 9.9964E-05 9.9964E-05 0.0151026 0.00760097 0.0708662 9.9964E-05
9.99011E-05 9.99011E-05 0.998901 9.99011E-05 9.99011E-05 9.99011E-05 9.99011E-05 9.99011E-05 9.99011E-05 9.99011E-05 9.99011E-05 9.99011E-05
9.9919E-05 9.9919E-05 0.967698 0.00549433 9.9919E-05 9.9919E-05 9.9919E-05 9.9919E-05 9.9919E-05 9.9919E-05 0.0259088 9.9919E-05
9.9937E-05 9.9937E-05 0.958095 9.9937E-05 9.9937E-05 0.017186 9.9937E-05 0.00640753 0.0141058 0.00350635 9.9937E-05 9.9937E-05
9.9973E-05 0.0119831 0.937305 0.0108919 9.9973E-05 0.00415421 0.00119421 0.00345452 0.0196279 9.9973E-05 0.00722751 0.00386144
0.0211403 9.9937E-05 0.0312812 0.0402599 9.9937E-05 0.0141209 9.9937E-05 9.9937E-05 9.9937E-05 9.9937E-05 0.892498 9.9937E-05
9.99011E-05 9.99011E-05 0.998901 9.99011E-05 9.99011E-05 9.99011E-05 9.99011E-05 9.99011E-05 9.99011E-05 9.99011E-05 9.99011E-05 9.99011E-05
9.99191E-05 0.00824212 0.952086 9.99191E-05 9.99191E-05 9.99191E-05 0.0387723 9.99191E-05 9.99191E-05 9.99191E-05 9.99191E-05 9.99191E-05
9.99191E-05 9.99191E-05 0.987556 9.99191E-05 9.99191E-05 0.000823251 9.99191E-05 0.0107217 9.99191E-05 9.99191E-05 9.99191E-05 9.99191E-05
9.99279E-05 9.99279E-05 0.00120832 0.362441 9.99279E-05 9.99279E-05 9.99279E-05 9.99279E-05 9.99279E-05 0.0482822 0.587269 9.99279E-05
9.99461E-05 9.99461E-05 0.927957 9.99461E-05 9.99461E-05 9.99461E-05 0.0321177 0.00302223 0.0164512 9.99461E-05 0.0114781 0.00837368
9.9946E-05 9.9946E-05 0.929722 0.019183 9.9946E-05 9.9946E-05 0.0258767 0.00624838 0.00695527 0.0114146 9.9946E-05 9.9946E-05
0.0154244 9.9928E-05 0.95266 9.9928E-05 9.9928E-05 9.9928E-05 9.9928E-05 9.9928E-05 9.9928E-05 0.0275262 0.00359038 9.9928E-05
9.9919E-05 9.9919E-05 0.98237 9.9919E-05 9.9919E-05 9.9919E-05 9.9919E-05 9.9919E-05 0.0071057 0.00962529 9.9919E-05 9.9919E-05
9.9955E-05 0.0445979 0.035423 9.9955E-05 0.00638413 0.0360132 0.00101329 9.9955E-05 0.26586 9.9955E-05 0.610209 9.9955E-05
9.99191E-05 9.99191E-05 0.983535 9.99191E-05 0.0126057 9.99191E-05 9.99191E-05 9.99191E-05 9.99191E-05 0.00295979 9.99191E-05 9.99191E-05
0.00312715 0.00221461 0.898298 0.00325027 9.9964E-05 9.9964E-05 0.0223368 0.00927525 9.9964E-05 0.0579845 9.9964E-05 0.00311354
9.99281E-05 9.99281E-05 0.498144 9.99281E-05 0.00502694 9.99281E-05 9.99281E-05 9.99281E-05 0.0483177 9.99281E-05 0.447711 9.99281E-05
0.016326 9.99191E-05 0.979016 0.00375832 9.99191E-05 9.99191E-05 9.99191E-05 9.99191E-05 9.99191E-05 9.99191E-05 9.99191E-05 9.99191E-05
9.9937E-05 9.9937E-05 0.0108881 0.141334 9.9937E-05 0.0492415 9.9937E-05 9.9937E-05 0.627925 9.9937E-05 0.169912 9.9937E-05
9.9937E-05 9.9937E-05 9.9937E-05 0.0984665 9.9937E-05 0.0319082 9.9937E-05 9.9937E-05 0.595386 9.9937E-05 0.243146 0.0303939
0.0364382 0.0128508 9.9955E-05 0.163253 0.00548948 9.9955E-05 9.9955E-05 9.9955E-05 0.719377 0.0454644 9.9955E-05 0.0166279
0.0223618 9.9964E-05 0.0242427 0.0137591 0.0487922 9.9964E-05 0.00334319 9.9964E-05 0.0354393 9.9964E-05 0.850604 0.00105802
9.9964E-05 0.0535854 0.0611332 0.0132015 0.763326 9.9964E-05 0.0339138 0.0241659 0.0331023 9.9964E-05 9.9964E-05 0.0171716
0.0332995 9.9946E-05 0.0139487 0.0931659 0.00739474 9.9946E-05 9.9946E-05 9.9946E-05 0.811806 0.0397855 9.9946E-05 9.9946E-05
9.9964E-05 9.9964E-05 9.9964E-05 0.125236 0.334597 0.0581439 9.9964E-05 0.0227077 0.259829 0.00882675 0.183005 0.00725411
0.00398212 9.9955E-05 0.0287498 0.100614 9.9955E-05 9.9955E-05 9.9955E-05 0.0248407 0.692831 9.9955E-05 0.130922 0.0175606
9.9946E-05 9.9946E-05 9.9946E-05 0.0177734 0.0271496 0.0481419 9.9946E-05 0.0308879 0.654339 9.9946E-05 0.221108 9.9946E-05
9.9955E-05 0.00351505 0.00964551 0.100527 9.9955E-05 0.0302492 9.9955E-05 0.0327839 0.611868 9.9955E-05 0.210912 9.9955E-05
9.9955E-05 9.9955E-05 9.9955E-05 0.043943 9.9955E-05 0.0343231 9.9955E-05 0.0518366 0.57478 0.017679 0.249701 0.0272384
0.00154486 9.9955E-05 0.0228819 9.9955E-05 9.9955E-05 0.0218545 9.9955E-05 0.0635005 0.616148 9.9955E-05 0.257526 0.0160443
9.9937E-05 9.9937E-05 0.0238959 0.0780417 9.9937E-05 0.0290704 9.9937E-05 9.9937E-05 0.861685 9.9937E-05 9.9937E-05 0.0066073
0.013292 9.9946E-05 0.0179742 0.258913 0.0711457 9.9946E-05 9.9946E-05 0.0245887 0.613487 9.9946E-05 9.9946E-05 9.9946E-05
0.00326864 9.99551E-05 0.0110017 0.216077 0.0530258 9.99551E-05 9.99551E-05 9.99551E-05 0.67995 0.0162048 9.99551E-05 0.019972
0.0112526 0.0142812 0.0297021 0.0355776 0.00832094 0.0655287 9.9973E-05 0.0668541 0.0533404 9.9973E-05 0.714843 9.9973E-05
0.975722 9.991E-05 9.991E-05 9.991E-05 9.991E-05 0.0232784 9.991E-05 9.991E-05 9.991E-05 9.991E-05 9.991E-05 9.991E-05
0.902638 0.00519046 0.0130692 9.9946E-05 9.9946E-05 0.0242592 0.0526695 9.9946E-05 9.9946E-05 0.0015738 9.9946E-05 9.9946E-05
0.220708 0.0438423 9.9955E-05 0.00102457 9.9955E-05 0.0944686 0.00987806 0.020784 9.9955E-05 9.9955E-05 9.9955E-05 0.608794
9.9982E-05 0.0441223 0.0942778 0.077821 0.315661 0.0707024 0.0171595 0.0164275 0.0328066 0.0196237 0.311198 9.9982E-05
0.896738 9.9937E-05 0.000404415 9.9937E-05 9.9937E-05 9.9937E-05 0.0612181 0.00447269 9.9937E-05 0.0364673 9.9937E-05 9.9937E-05
0.867006 0.0173053 9.9955E-05 0.000696552 9.9955E-05 0.0315771 0.0272458 9.9955E-05 0.00675377 0.0489159 9.9955E-05 9.9955E-05
0.0184513 9.9973E-05 0.134119 0.52417 0.0984529 0.0114781 0.0133327 9.9973E-05 9.9973E-05 0.0178515 0.164905 0.0169399
0.227713 9.9946E-05 9.9946E-05 9.9946E-05 0.0130021 0.123776 0.0298086 0.230138 9.9946E-05 9.9946E-05 9.9946E-05 0.374963
0.132597 9.9955E-05 0.0203168 9.9955E-05 9.9955E-05 0.0932693 0.0290801 0.307537 9.9955E-05 9.9955E-05 0.0308733 0.385827
0.060153 9.9955E-05 9.9955E-05 9.9955E-05 0.019942 0.0747763 0.0437757 0.348941 9.9955E-05 0.00811975 9.9955E-05 0.443792
9.9964E-05 0.00190159 0.0152891 9.9964E-05 0.0550145 0.0189942 0.0660572 0.559052 9.9964E-05 9.9964E-05 0.0534024 0.229889
9.9973E-05 0.00584986 0.0128518 9.9973E-05 0.0450627 0.0409046 0.0515362 0.591143 0.0101697 9.9973E-05 0.00796289 0.234219
0.054986 0.0266325 9.9973E-05 9.9973E-05 9.9973E-05 0.00478176 0.0193947 0.39037 0.0253547 0.0335849 0.0150195 0.429576
9.99459E-05 0.102835 9.99459E-05 9.99459E-05 0.758108 0.00456502 0.0738057 0.0244166 9.99459E-05 0.0356703 9.99459E-05 9.99459E-05
0.297117 9.9937E-05 9.9937E-05 9.9937E-05 9.9937E-05 9.9937E-05 0.0314607 0.00814374 9.9937E-05 9.9937E-05 0.0307045 0.631875
0.00101128 0.00835697 0.00912117 0.0278407 0.0308508 9.9964E-05 0.0423452 9.9964E-05 0.0288721 9.9964E-05 0.851202 9.9964E-05
0.0303741 9.9964E-05 0.0128214 0.0370726 0.0119865 9.9964E-05 9.9964E-05 9.9964E-05 0.00677777 0.0108803 0.880603 0.00908451
0.0587816 0.00893396 0.00941108 9.9964E-05 9.9964E-05 0.0760269 0.013193 9.9964E-05 9.9964E-05 0.0280633 0.0214212 0.783769
0.120796 0.0635459 0.116757 0.107584 0.0206401 0.0291001 0.0799726 0.0693172 0.0517036 9.9991E-05 0.215808 0.124676
0.0370236 0.017916 0.00074235 9.9982E-05 0.793329 0.0332113 0.00753517 0.0168726 0.0270998 0.0157844 0.0502864 9.9982E-05
0.037799 0.00456387 9.9946E-05 0.907591 9.9946E-05 0.00131123 9.9946E-05 0.0312847 9.9946E-05 9.9946E-05 9.9946E-05 0.0168503
9.9955E-05 9.9955E-05 0.0169288 0.0267665 0.0476762 9.9955E-05 9.9955E-05 0.0439009 0.0597953 0.0386568 0.765776 9.9955E-05
0.2274 9.9946E-05 9.9946E-05 0.715489 9.9946E-05 9.9946E-05 9.9946E-05 0.0119383 9.9946E-05 0.01463 0.0158287 0.0141146
0.0826028 0.00310948 0.0146389 0.0903451 0.765177 0.0246983 9.9964E-05 0.00744459 9.9964E-05 9.9964E-05 0.0115836 9.9964E-05
0.694337 9.9946E-05 0.0220313 0.00682688 9.9946E-05 9.9946E-05 9.9946E-05 0.159766 9.9946E-05 0.0496368 0.0668023 9.9946E-05
0.00868983 0.0896257 0.00734206 9.9955E-05 0.846198 0.0175586 0.00817667 0.0219098 9.9955E-05 9.9955E-05 9.9955E-05 9.9955E-05
9.9964E-05 0.15396 0.0634891 0.0141025 9.9964E-05 0.360995 0.197687 0.000149339 0.106012 9.9964E-05 0.103204 9.9964E-05
9.9937E-05 9.9937E-05 0.0246988 0.0836335 9.9937E-05 9.9937E-05 9.9937E-05 0.00131194 9.9937E-05 0.00776211 0.881894 9.9937E-05
0.303902 9.9955E-05 0.0107329 9.9955E-05 0.0108828 9.9955E-05 0.0489057 9.9955E-05 0.0358152 9.9955E-05 0.000115918 0.589146
9.99459E-05 9.99459E-05 0.0202002 0.574305 9.99459E-05 0.00884285 9.99459E-05 0.0143976 9.99459E-05 0.000599898 9.99459E-05 0.381055
9.99373E-05 0.00216997 0.0228542 9.99373E-05 9.99373E-05 9.99373E-05 9.99373E-05 0.0409694 0.0444181 9.99373E-05 9.99373E-05 0.888889
0.0166509 0.0425234 0.0208423 0.25471 0.245754 9.9982E-05 9.9982E-05 0.00956122 0.106803 0.250724 0.0314832 0.0207483
9.9928E-05 0.00670996 0.0052201 9.9928E-05 9.9928E-05 9.9928E-05 9.9928E-05 0.024126 9.9928E-05 9.9928E-05 9.9928E-05 0.963145
9.9946E-05 0.000543502 9.9946E-05 0.00914817 0.892967 9.9946E-05 9.9946E-05 9.9946E-05 0.0513238 9.9946E-05 0.0026875 0.0427302
9.9955E-05 9.9955E-05 0.051086 0.000679643 0.0258776 9.9955E-05 9.9955E-05 0.0245373 0.0569014 9.9955E-05 0.0437967 0.796622
9.9955E-05 0.00781579 0.0481954 9.9955E-05 0.042861 9.9955E-05 0.0236199 9.9955E-05 0.0403442 9.9955E-05 0.0138459 0.822818
9.9946E-05 9.9946E-05 9.9946E-05 0.0156637 0.0376837 9.9946E-05 9.9946E-05 9.9946E-05 0.052859 0.0224844 0.798817 0.0718931
0.264763 0.0144015 9.9982E-05 0.0692104 0.0231898 0.0583664 0.0602676 9.9982E-05 0.0697128 0.0226008 0.391576 0.025711
0.0133675 9.996E-05 0.0207997 0.406461 0.137346 9.996E-05 9.996E-05 0.0291424 9.996E-05 0.0284942 0.329853 0.0341369
9.9964E-05 9.9964E-05 0.0029472 9.9964E-05 0.029892 0.0292778 9.9964E-05 0.791244 0.0321579 0.0304803 0.0199122 0.063689
9.9955E-05 9.9955E-05 9.9955E-05 0.0295071 0.0119746 0.0419259 0.0160545 0.894333 9.9955E-05 0.000753787 9.9955E-05 0.00495141
9.9955E-05 9.9955E-05 9.9955E-05 9.9955E-05 0.0120486 0.0857729 0.0114828 0.841027 0.00813683 0.0296203 9.9955E-05 0.0114118
9.996E-05 9.996E-05 0.0322525 9.996E-05 0.0374948 0.0479067 0.00277814 0.810279 0.0286662 9.996E-05 0.0147826 0.0254407
9.9937E-05 9.9937E-05 9.9937E-05 9.9937E-05 9.9937E-05 0.0162023 0.0273413 0.0100163 9.9937E-05 0.0139769 0.931764 9.9937E-05
9.996E-05 0.00404455 0.00486593 9.996E-05 9.996E-05 0.0500083 0.0227739 9.996E-05 0.0324143 0.0111601 0.855943 0.0183903
9.9955E-05 0.0778117 0.0250325 9.9955E-05 0.00790459 9.9955E-05 9.9955E-05 0.0278729 0.122946 0.0157011 0.722232 9.9955E-05
0.162307 0.0238421 9.9946E-05 9.9946E-05 9.9946E-05 9.9946E-05 0.0498013 0.415077 9.9946E-05 0.0625557 9.9946E-05 0.285817
0.0524133 0.043813 0.1088 9.9982E-05 0.174217 0.0522548 0.0796475 0.0834081 0.161812 9.9982E-05 0.142386 0.101048
9.9973E-05 0.0473446 0.127173 0.0119664 0.0101459 0.291996 0.130069 0.0361865 0.0063619 9.9973E-05 0.338457 9.9973E-05
9.996E-05 0.0518382 0.0109807 9.996E-05 9.996E-05 0.0598397 0.012047 9.996E-05 0.110296 0.0454748 0.696649 0.012475
0.00172028 0.0267594 0.0659892 9.9964E-05 9.9964E-05 0.138593 0.0525717 9.9964E-05 0.0718562 0.0128441 0.629267 9.9964E-05
0.00415456 9.9955E-05 0.0209301 9.9955E-05 9.9955E-05 0.163908 0.0668252 0.0290662 0.000430296 9.9955E-05 0.714186 9.9955E-05
0.031279 9.9955E-05 0.125705 0.0374658 9.9955E-05 0.246368 0.0878143 9.9955E-05 0.0143728 9.9955E-05 0.456496 9.9955E-05
0.0163148 9.9955E-05 9.9955E-05 0.0121799 9.9955E-05 9.9955E-05 0.813052 0.012998 0.0592782 0.0815218 0.00415592 9.9955E-05
9.9946E-05 0.0113997 9.9946E-05 0.325925 0.0174959 0.0313876 9.9946E-05 9.9946E-05 0.59841 9.9946E-05 0.0147825 9.9946E-05
9.9955E-05 0.0453372 0.0471451 0.292742 0.0382527 9.9955E-05 9.9955E-05 9.9955E-05 0.303023 0.0409227 0.232078 9.9955E-05
9.9946E-05 0.00479526 9.9946E-05 9.9946E-05 9.9946E-05 0.0289393 9.9946E-05 0.00779408 0.00564668 0.0408311 9.9946E-05 0.911394
9.9937E-05 9.9937E-05 9.9937E-05 9.9937E-05 9.9937E-05 0.0645189 0.00964152 9.9937E-05 0.0278413 0.0499371 9.9937E-05 0.847362
9.9955E-05 0.0136521 9.9955E-05 9.9955E-05 9.9955E-05 0.134926 0.00859669 9.9955E-05 0.0038128 0.0620749 0.00481509 0.771623
0.158509 0.0202723 9.9964E-05 9.9964E-05 0.0141037 0.182515 0.0517102 0.190697 9.9964E-05 0.0872618 9.9964E-05 0.294531
9.99188E-05 9.99188E-05 9.99188E-05 9.99188E-05 9.99188E-05 0.967866 9.99188E-05 9.99188E-05 9.99188E-05 0.00264193 9.99188E-05 0.028593
9.99097E-05 9.99097E-05 9.99097E-05 9.99097E-05 9.99097E-05 0.976488 9.99097E-05 9.99097E-05 9.99097E-05 9.99097E-05 9.99097E-05 0.0225134
0.00726182 9.99459E-05 9.99459E-05 9.99459E-05 9.99459E-05 0.0644093 0.0375726 0.0045291 0.0393076 9.99459E-05 0.84632 9.99459E-05
9.9955E-05 0.0242418 0.0199141 9.9955E-05 9.9955E-05 0.0528383 0.0680334 0.0267946 0.0375568 9.9955E-05 0.770121 9.9955E-05
0.0048006 9.99342E-05 9.99342E-05 9.99342E-05 9.99342E-05 9.99342E-05 0.0239457 9.99342E-05 0.0700314 9.99342E-05 0.900423 9.99342E-05
9.9946E-05 0.0564332 0.0119834 0.212348 0.684352 9.9946E-05 0.00652832 9.9946E-05 9.9946E-05 9.9946E-05 9.9946E-05 0.0277551
9.9937E-05 9.9937E-05 0.0153143 0.0408277 9.9937E-05 9.9937E-05 9.9937E-05 0.0274448 9.9937E-05 9.9937E-05 0.00188294 0.913831
0.0498924 9.9937E-05 0.0200181 9.9937E-05 9.9937E-05 9.9937E-05 0.0168008 0.00523833 9.9937E-05 9.9937E-05 9.9937E-05 0.907351
0.0859738 9.9937E-05 0.00685597 9.9937E-05 9.9937E-05 9.9937E-05 0.00833208 0.0176551 9.9937E-05 9.9937E-05 9.9937E-05 0.880483
0.117839 9.9946E-05 9.9946E-05 0.0647928 9.9946E-05 0.000197752 9.9946E-05 0.0130876 9.9946E-05 0.00310966 9.9946E-05 0.800374
0.0756024 0.0404438 0.00581553 0.0277123 9.9955E-05 9.9955E-05 9.9955E-05 0.0163989 9.9955E-05 0.0182281 9.9955E-05 0.815299
9.99189E-05 9.99189E-05 9.99189E-05 0.944394 9.99189E-05 9.99189E-05 0.010205 9.99189E-05 9.99189E-05 9.99189E-05 9.99189E-05 0.0445019
0.302877 9.9964E-05 0.0345348 9.9964E-05 0.0240712 0.286196 9.9964E-05 0.0821829 9.9964E-05 0.132757 0.0337746 0.103207
9.9928E-05 9.9928E-05 9.9928E-05 9.9928E-05 0.957762 0.0259742 9.9928E-05 9.9928E-05 0.00158476 0.0138793 9.9928E-05 9.9928E-05
9.99279E-05 0.0228284 9.99279E-05 0.931853 9.99279E-05 0.0242395 9.99279E-05 9.99279E-05 9.99279E-05 9.99279E-05 9.99279E-05 0.0202797
9.99279E-05 9.99279E-05 9.99279E-05 0.0182575 0.0474659 9.99279E-05 9.99279E-05 9.99279E-05 9.99279E-05 0.195123 0.738354 9.99279E-05
9.99098E-05 9.99098E-05 9.99098E-05 0.948351 9.99098E-05 9.99098E-05 9.99098E-05 9.99098E-05 0.0506501 9.99098E-05 9.99098E-05 9.99098E-05
9.99009E-05 9.99009E-05 9.99009E-05 0.998901 9.99009E-05 9.99009E-05 9.99009E-05 9.99009E-05 9.99009E-05 9.99009E-05 9.99009E-05 9.99009E-05
9.99008E-05 9.99008E-05 9.99008E-05 0.998901 9.99008E-05 9.99008E-05 9.99008E-05 9.99008E-05 9.99008E-05 9.99008E-05 9.99008E-05 9.99008E-05
9.9946E-05 9.9946E-05 0.0163958 0.0338046 0.0119101 9.9946E-05 9.9946E-05 9.9946E-05 0.00588106 9.9946E-05 0.010277 0.921132
0.00251796 9.9919E-05 9.9919E-05 0.0378003 9.9919E-05 9.9919E-05 9.9919E-05 9.9919E-05 9.9919E-05 9.9919E-05 9.9919E-05 0.958782
0.0474544 9.99189E-05 9.99189E-05 9.99189E-05 9.99189E-05 9.99189E-05 9.99189E-05 9.99189E-05 9.99189E-05 0.819993 9.99189E-05 0.131653
0.00766377 0.0069918 0.0169891 0.0153769 0.0120747 9.9955E-05 0.0198765 9.9955E-05 9.9955E-05 9.9955E-05 9.9955E-05 0.920527
9.99009E-05 9.99009E-05 9.99009E-05 9.99009E-05 9.99009E-05 9.99009E-05 9.99009E-05 9.99009E-05 9.99009E-05 9.99009E-05 9.99009E-05 0.998901
0.140839 9.9919E-05 9.9919E-05 0.626332 9.9919E-05 9.9919E-05 9.9919E-05 9.9919E-05 9.9919E-05 9.9919E-05 9.9919E-05 0.231929
0.0706505 0.00783462 9.9955E-05 9.9955E-05 9.9955E-05 0.115144 0.0046512 0.045116 9.9955E-05 9.9955E-05 0.00227884 0.753825
0.093827 0.012935 9.9946E-05 0.00632133 9.9946E-05 0.169936 9.9946E-05 9.9946E-05 9.9946E-05 9.9946E-05 0.00251203 0.713869
0.137527 0.1958 0.0157239 9.9964E-05 9.9964E-05 0.402586 0.0310148 9.9964E-05 9.9964E-05 0.0929479 0.0420758 0.081925
9.9937E-05 0.016367 9.9937E-05 0.130769 0.836009 0.0083344 9.9937E-05 0.00782164 9.9937E-05 9.9937E-05 9.9937E-05 9.9937E-05
0.166931 9.9946E-05 9.9946E-05 0.134763 0.0245347 9.9946E-05 9.9946E-05 0.00766907 9.9946E-05 0.0504258 9.9946E-05 0.615077
0.20141 9.9955E-05 0.389263 0.0240092 0.0522382 9.9955E-05 9.9955E-05 0.0604253 0.00403599 9.9955E-05 0.268118 9.9955E-05
0.278968 9.9919E-05 9.9919E-05 0.20268 9.9919E-05 9.9919E-05 9.9919E-05 9.9919E-05 9.9919E-05 9.9919E-05 9.9919E-05 0.517452
9.9928E-05 9.9928E-05 0.0175051 0.0420311 9.9928E-05 9.9928E-05 0.00356213 9.9928E-05 9.9928E-05 9.9928E-05 9.9928E-05 0.936102
9.991E-05 9.991E-05 9.991E-05 0.988887 9.991E-05 9.991E-05 9.991E-05 9.991E-05 0.010114 9.991E-05 9.991E-05 9.991E-05
9.9946E-05 0.028 9.9946E-05 0.596605 9.9946E-05 9.9946E-05 0.0466661 9.9946E-05 0.101064 9.9946E-05 0.00233787 0.224728
9.9937E-05 0.0914323 9.9937E-05 0.0299957 0.830601 9.9937E-05 0.0245552 9.9937E-05 9.9937E-05 9.9937E-05 0.0227161 9.9937E-05
9.99099E-05 0.0528195 9.99099E-05 9.99099E-05 9.99099E-05 9.99099E-05 0.946181 9.99099E-05 9.99099E-05 9.99099E-05 9.99099E-05 9.99099E-05
9.99281E-05 0.0103574 9.99281E-05 0.0182128 9.99281E-05 9.99281E-05 9.99281E-05 9.99281E-05 0.958898 9.99281E-05 0.011732 9.99281E-05
0.00143396 0.923331 9.9928E-05 0.053136 9.9928E-05 9.9928E-05 9.9928E-05 9.9928E-05 0.0212994 9.9928E-05 9.9928E-05 9.9928E-05
9.9937E-05 0.0336851 9.9937E-05 0.0344267 0.834468 9.9937E-05 9.9937E-05 9.9937E-05 0.053437 9.9937E-05 9.9937E-05 0.043284
9.9937E-05 9.9937E-05 9.9937E-05 0.0758838 0.845756 9.9937E-05 9.9937E-05 9.9937E-05 0.0253189 9.9937E-05 0.00752935 0.0448127
9.99099E-05 0.996046 9.99099E-05 9.99099E-05 9.99099E-05 9.99099E-05 9.99099E-05 9.99099E-05 9.99099E-05 0.0029551 9.99099E-05 9.99099E-05
0.00142978 9.99459E-05 9.99459E-05 0.216532 0.0529821 9.99459E-05 0.466482 9.99459E-05 0.131902 0.130073 9.99459E-05 9.99459E-05
9.9928E-05 0.0705549 0.00939771 0.0770026 0.842245 9.9928E-05 9.9928E-05 9.9928E-05 9.9928E-05 9.9928E-05 9.9928E-05 9.9928E-05
0.152881 0.199363 0.0259955 9.9964E-05 9.9964E-05 0.359267 0.0260741 9.9964E-05 9.9964E-05 0.0873125 0.0689567 0.0797503
9.9937E-05 9.9937E-05 0.00422914 9.9937E-05 0.0192003 9.9937E-05 0.0209564 9.9937E-05 0.0609104 9.9937E-05 0.894004 9.9937E-05
9.99279E-05 9.99279E-05 9.99279E-05 0.0265427 0.0484353 9.99279E-05 9.99279E-05 9.99279E-05 9.99279E-05 0.195742 0.728481 9.99279E-05
9.9901E-05 9.9901E-05 0.998901 9.9901E-05 9.9901E-05 9.9901E-05 9.9901E-05 9.9901E-05 9.9901E-05 9.9901E-05 9.9901E-05 9.9901E-05
9.9937E-05 9.9937E-05 9.9937E-05 9.9937E-05 0.148183 9.9937E-05 9.9937E-05 9.9937E-05 0.025398 0.164951 0.626039 0.0347296
9.9937E-05 9.9937E-05 0.0206574 0.0225625 0.0546157 9.9937E-05 9.9937E-05 9.9937E-05 0.0735412 9.9937E-05 0.827924 9.9937E-05
9.99371E-05 9.99371E-05 9.99371E-05 0.0160939 0.605507 9.99371E-05 9.99371E-05 9.99371E-05 0.0589684 9.99371E-05 0.30688 0.0118517
9.9946E-05 9.9946E-05 0.032803 0.0398565 0.0418912 9.9946E-05 9.9946E-05 0.00344908 0.0544651 9.9946E-05 0.826935 9.9946E-05
9.9982E-05 0.00183057 0.042418 0.0015532 0.00678142 9.9982E-05 0.0914982 0.0381748 0.568954 0.0298889 0.214092 0.00460842
0.0258277 0.0286449 9.9937E-05 9.9937E-05 9.9937E-05 0.0118699 9.9937E-05 9.9937E-05 9.9937E-05 9.9937E-05 0.924353 0.00860514
9.99459E-05 0.29707 0.0920457 9.99459E-05 9.99459E-05 0.312012 0.176565 9.99459E-05 0.0256819 9.99459E-05 0.096026 9.99459E-05
9.9946E-05 0.681223 9.9946E-05 0.0649049 9.9946E-05 0.069267 9.9946E-05 0.0423957 0.0761245 9.9946E-05 0.0654853 9.9946E-05
9.9973E-05 0.0454617 0.0241932 0.169274 0.0924819 0.173876 0.156364 9.9973E-05 0.134741 0.0369203 0.166388 9.9973E-05
9.9964E-05 0.00730727 0.01348 0.0111176 9.9964E-05 9.9964E-05 0.0178589 9.9964E-05 0.0478903 0.013071 0.865724 0.0231508
0.144666 0.0172074 0.00524318 9.9928E-05 9.9928E-05 9.9928E-05 9.9928E-05 9.9928E-05 9.9928E-05 9.9928E-05 9.9928E-05 0.832084
9.9928E-05 0.0117537 9.9928E-05 0.011836 9.9928E-05 9.9928E-05 9.9928E-05 9.9928E-05 0.962729 0.0128816 9.9928E-05 9.9928E-05
9.99459E-05 0.173959 0.059204 9.99459E-05 9.99459E-05 0.372849 0.274281 9.99459E-05 0.0187519 9.99459E-05 0.100356 9.99459E-05
9.9937E-05 0.0364603 9.9937E-05 0.0278046 9.9937E-05 9.9937E-05 0.0127003 9.9937E-05 0.90118 0.0211548 9.9937E-05 9.9937E-05
0.0678684 9.9928E-05 9.9928E-05 9.9928E-05 9.9928E-05 0.153044 9.9928E-05 9.9928E-05 9.9928E-05 0.00538643 9.9928E-05 0.772902
0.0069792 9.9937E-05 0.00899387 0.0465961 0.931236 9.9937E-05 9.9937E-05 9.9937E-05 9.9937E-05 9.9937E-05 0.00549495 9.9937E-05
0.0189062 9.99281E-05 0.963473 9.99281E-05 0.00514337 9.99281E-05 9.99281E-05 0.0116777 9.99281E-05 9.99281E-05 9.99281E-05 9.99281E-05
0.124169 0.0331516 0.701607 0.00288857 0.0448489 0.0413449 9.9955E-05 9.9955E-05 9.9955E-05 9.9955E-05 0.0514898 9.9955E-05
9.99281E-05 9.99281E-05 0.0124106 9.99281E-05 9.99281E-05 9.99281E-05 0.0387626 9.99281E-05 0.00339901 9.99281E-05 0.944628 9.99281E-05
9.9946E-05 9.9946E-05 0.0376053 0.337828 0.0685679 9.9946E-05 9.9946E-05 9.9946E-05 0.305243 0.00752363 0.242633 9.9946E-05
9.991E-05 9.991E-05 9.991E-05 9.991E-05 0.981265 9.991E-05 9.991E-05 9.991E-05 9.991E-05 0.0177356 9.991E-05 9.991E-05
9.991E-05 9.991E-05 9.991E-05 9.991E-05 0.998763 9.991E-05 9.991E-05 9.991E-05 9.991E-05 0.00023831 9.991E-05 9.991E-05
0.0631072 9.99729E-05 9.99729E-05 0.36952 0.0818023 0.00242464 0.0256656 0.0377416 0.26584 0.112064 9.99729E-05 0.0415348
9.9946E-05 9.9946E-05 0.0170677 0.253398 0.0579303 9.9946E-05 9.9946E-05 9.9946E-05 0.385912 0.0146848 0.270407 9.9946E-05
9.9928E-05 9.9928E-05 9.9928E-05 9.9928E-05 9.9928E-05 0.104779 0.00678867 9.9928E-05 9.9928E-05 0.0818961 9.9928E-05 0.805737
9.99007E-05 9.99007E-05 9.99007E-05 9.99007E-05 9.99007E-05 0.998901 9.99007E-05 9.99007E-05 9.99007E-05 9.99007E-05 9.99007E-05 9.99007E-05
0.106223 9.9928E-05 9.9928E-05 9.9928E-05 9.9928E-05 0.232315 9.9928E-05 0.208339 9.9928E-05 9.9928E-05 9.9928E-05 0.452324
0.205134 9.9946E-05 0.0503525 0.013877 9.9946E-05 0.439672 9.9946E-05 0.28325 9.9946E-05 9.9946E-05 0.00711483 9.9946E-05
0.176696 9.9937E-05 0.0299747 0.0226643 9.9937E-05 0.494452 9.9937E-05 0.275513 9.9937E-05 9.9937E-05 9.9937E-05 9.9937E-05
0.270951 9.9937E-05 9.9937E-05 9.9937E-05 0.017742 0.347407 9.9937E-05 0.176472 9.9937E-05 9.9937E-05 9.9937E-05 0.186729
9.99007E-05 9.99007E-05 9.99007E-05 9.99007E-05 9.99007E-05 0.998901 9.99007E-05 9.99007E-05 9.99007E-05 9.99007E-05 9.99007E-05 9.99007E-05
0.167828 9.9973E-05 0.0306714 9.9973E-05 0.0307847 0.36095 9.9973E-05 0.302593 0.0140693 0.0253926 0.000706517 0.0667046
0.358612 9.9937E-05 9.9937E-05 9.9937E-05 9.9937E-05 0.377536 9.9937E-05 0.155239 9.9937E-05 9.9937E-05 0.0157729 0.0921404
9.99549E-05 0.163512 0.0287648 0.0195188 0.0189257 0.560619 0.163606 9.99549E-05 9.99549E-05 9.99549E-05 0.0445538 9.99549E-05
0.211294 9.9955E-05 9.9955E-05 9.9955E-05 0.0059628 0.304475 9.9955E-05 0.173807 9.9955E-05 0.0443565 0.0155009 0.244103
9.9982E-05 0.115518 0.0436143 0.0137111 0.0132306 0.561429 0.13975 0.00606516 0.00314865 0.0157405 0.0875928 9.9982E-05
9.9946E-05 0.731638 0.00900285 9.9946E-05 0.0483082 9.9946E-05 0.107072 9.9946E-05 0.0554933 0.0478862 9.9946E-05 9.9946E-05
9.99278E-05 0.158635 0.0214945 0.00664876 9.99278E-05 9.99278E-05 9.99278E-05 9.99278E-05 9.99278E-05 0.812422 9.99278E-05 9.99278E-05
0.181571 9.9982E-05 0.00987349 0.00643247 0.0152432 0.351836 0.0990112 0.0920081 0.0352218 0.0156602 9.9982E-05 0.192943
0.13958 9.9973E-05 0.0152406 0.00116676 9.9973E-05 0.326223 0.153408 0.120829 0.0594228 0.0402821 9.9973E-05 0.143548
9.99008E-05 9.99008E-05 9.99008E-05 9.99008E-05 9.99008E-05 0.998901 9.99008E-05 9.99008E-05 9.99008E-05 9.99008E-05 9.99008E-05 9.99008E-05
0.210933 9.9946E-05 0.0132761 9.9946E-05 9.9946E-05 0.344043 9.9946E-05 0.180652 9.9946E-05 0.013643 9.9946E-05 0.236854
9.99281E-05 0.049718 9.99281E-05 9.99281E-05 9.99281E-05 0.00829141 9.99281E-05 9.99281E-05 0.844409 9.99281E-05 0.0967823 9.99281E-05
9.9928E-05 9.9928E-05 9.9928E-05 9.9928E-05 9.9928E-05 0.087554 9.9928E-05 9.9928E-05 0.00398544 0.059346 9.9928E-05 0.848315
0.143101 9.9955E-05 0.0243297 0.00882992 0.0261782 0.511281 9.9955E-05 0.27199 9.9955E-05 9.9955E-05 0.0137914 9.9955E-05
0.295247 9.99371E-05 9.99371E-05 9.99371E-05 9.99371E-05 0.398249 9.99371E-05 0.0446851 9.99371E-05 0.0371947 9.99371E-05 0.223925
0.176318 9.9955E-05 0.0224443 9.9955E-05 9.9955E-05 0.372215 9.9955E-05 0.298613 9.9955E-05 0.0163103 0.0224947 0.0911045
0.253301 9.9946E-05 0.019499 9.9946E-05 9.9946E-05 0.331416 9.9946E-05 0.25676 9.9946E-05 0.042294 9.9946E-05 0.0961308
9.99369E-05 0.0354089 9.99369E-05 0.0319717 0.0687484 9.99369E-05 9.99369E-05 9.99369E-05 9.99369E-05 0.19172 0.671451 9.99369E-05
9.9964E-05 9.9964E-05 0.0415548 9.9964E-05 0.00836519 9.9964E-05 0.0544703 0.0425516 0.466027 0.0646964 0.313632 0.00830314
0.10423 0.00684753 9.9946E-05 9.9946E-05 9.9946E-05 0.136498 9.9946E-05 0.0224328 9.9946E-05 0.00651058 9.9946E-05 0.722881
9.991E-05 9.991E-05 9.991E-05 9.991E-05 9.991E-05 9.991E-05 0.0444639 9.991E-05 0.954537 9.991E-05 9.991E-05 9.991E-05
9.99459E-05 0.0145354 9.99459E-05 0.0470844 0.0553879 9.99459E-05 9.99459E-05 9.99459E-05 9.99459E-05 0.219331 0.653381 0.00968063
9.9928E-05 0.0626923 9.9928E-05 9.9928E-05 0.0156204 0.0357736 0.885114 9.9928E-05 9.9928E-05 9.9928E-05 9.9928E-05 9.9928E-05
9.991E-05 9.991E-05 0.0101547 9.991E-05 9.991E-05 9.991E-05 9.991E-05 9.991E-05 9.991E-05 9.991E-05 9.991E-05 0.988846
9.99101E-05 9.99101E-05 0.0158128 9.99101E-05 9.99101E-05 9.99101E-05 9.99101E-05 9.99101E-05 9.99101E-05 9.99101E-05 9.99101E-05 0.983188
9.99371E-05 9.99371E-05 0.0151861 9.99371E-05 9.99371E-05 9.99371E-05 9.99371E-05 0.0471781 0.0286585 0.0109254 9.99371E-05 0.897352
9.99101E-05 9.99101E-05 0.0060434 9.99101E-05 9.99101E-05 9.99101E-05 9.99101E-05 9.99101E-05 9.99101E-05 9.99101E-05 9.99101E-05 0.992958
9.9937E-05 0.0502622 9.9937E-05 0.185485 0.690723 9.9937E-05 0.0360236 9.9937E-05 9.9937E-05 9.9937E-05 9.9937E-05 0.0368067
0.0626157 9.9955E-05 0.0433567 0.00944643 9.9955E-05 9.9955E-05 0.00570557 9.9955E-05 9.9955E-05 0.0141711 0.0719653 0.792239
0.00311553 9.99459E-05 9.99459E-05 0.0289613 0.0872834 9.99459E-05 9.99459E-05 0.00134902 9.99459E-05 0.19784 0.680852 9.99459E-05
9.9946E-05 0.00954026 9.9946E-05 9.9946E-05 9.9946E-05 0.0555576 0.00384689 0.00742483 9.9946E-05 0.00123346 0.921797 9.9946E-05
9.99279E-05 9.99279E-05 0.0314339 0.0906168 9.99279E-05 9.99279E-05 9.99279E-05 0.0457767 9.99279E-05 9.99279E-05 0.831373 9.99279E-05
0.0071515 0.00292786 0.026776 0.00813327 0.0459472 0.0125984 9.9964E-05 9.9964E-05 9.9964E-05 9.9964E-05 0.889868 0.00619832
0.00616087 9.9955E-05 0.027844 0.0304896 0.00634176 9.9955E-05 9.9955E-05 0.0146371 0.042929 9.9955E-05 0.871098 9.9955E-05
0.0493312 0.000875841 0.0548423 9.9973E-05 0.00165087 0.400971 9.9973E-05 0.412459 0.00853057 0.0055594 0.0654791 9.9973E-05
0.034678 9.9955E-05 0.0816192 0.00341464 9.9955E-05 0.370066 9.9955E-05 0.440582 0.0382897 9.9955E-05 0.0308507 9.9955E-05
9.996E-05 0.0276545 9.996E-05 0.0136006 0.014145 0.0256157 0.00388914 0.875561 0.0260331 9.996E-05 0.0131015 9.996E-05
0.0216996 9.9937E-05 9.9937E-05 9.9937E-05 9.9937E-05 9.9937E-05 9.9937E-05 0.839268 9.9937E-05 0.0272049 0.0336758 0.0774517
9.9937E-05 9.9937E-05 0.0239116 9.9937E-05 9.9937E-05 0.00196219 9.9937E-05 0.899818 9.9937E-05 0.0528568 9.9937E-05 0.0207514
9.9973E-05 0.552527 0.0230352 9.9973E-05 0.0364683 9.9973E-05 0.0374341 0.293645 0.00269997 0.0112928 0.0373187 0.00527911
9.9946E-05 9.9946E-05 0.0140655 9.9946E-05 9.9946E-05 0.0361103 0.00614518 0.910642 0.0246266 9.9946E-05 0.00781085 9.9946E-05
