0.282041 0.433076 0.0861779 0.198705
0.551997 0.208585 0.148241 0.0911771
0.503997 0.234134 0.154409 0.107459
0.295716 0.404942 0.0842892 0.215053
0.963439 0.00227115 0.0237102 0.0105793
0.512303 0.228128 0.170971 0.0885982
0.0403443 0.315012 9.9991E-05 0.644543
9.998E-05 9.998E-05 9.998E-05 0.9997
9.9982E-05 9.9982E-05 0.00638914 0.993411
9.998E-05 9.998E-05 9.998E-05 0.9997
0.0714826 0.915918 9.9991E-05 0.0124995
9.9982E-05 0.969458 9.9982E-05 0.0303416
9.9982E-05 0.994816 9.9982E-05 0.00498375
9.998E-05 0.9997 9.998E-05 9.998E-05
9.999E-05 0.835721 0.131519 0.0326594
9.998E-05 9.998E-05 9.998E-05 0.9997
0.075603 0.688204 9.9991E-05 0.236093
9.9982E-05 0.949443 0.0503572 9.9982E-05
9.9991E-05 0.85292 0.115201 0.0317795
9.9982E-05 0.981825 0.0179755 9.9982E-05
9.9991E-05 0.872638 0.0874495 0.0398124
9.9982E-05 0.995983 9.9982E-05 0.00381668
9.9982E-05 0.954555 0.045245 9.9982E-05
0.016731 0.951334 0.00665006 0.0252848
9.998E-05 0.9997 9.998E-05 9.998E-05
9.9982E-05 0.933464 0.0663362 9.9982E-05
9.9982E-05 0.946428 0.0533718 9.9982E-05
9.9982E-05 0.874068 0.125732 9.9982E-05
9.9982E-05 0.885279 0.114521 9.9982E-05
9.9982E-05 0.924206 0.075594 9.9982E-05
0.00242142 0.997379 9.9982E-05 9.9982E-05
9.9982E-05 0.987848 9.9982E-05 0.0119524
9.9982E-05 0.921697 0.0781029 9.9982E-05
0.00139115 0.987957 9.9991E-05 0.0105519
9.9982E-05 0.948101 0.0516994 9.9982E-05
0.00326038 0.99654 9.9982E-05 9.9982E-05
9.9982E-05 0.953037 0.0467628 9.9982E-05
0.0020997 0.988899 0.000689558 0.00831201
0.355797 0.293069 0.147612 0.203522
0.843587 9.9982E-05 0.156213 9.9982E-05
0.15176 0.84804 9.9982E-05 9.9982E-05
9.9982E-05 0.967438 0.032362 9.9982E-05
9.998E-05 0.9997 9.998E-05 9.998E-05
0.281323 0.246663 0.397876 0.0741383
9.9991E-05 0.84302 0.0916779 0.0652022
9.9991E-05 0.904851 0.0440317 0.0510172
9.9982E-05 0.895583 0.104217 9.9982E-05
0.541039 0.212392 0.187708 0.0588606
0.24537 0.0319789 0.685236 0.0374143
0.16639 0.543689 9.9991E-05 0.289822
0.126593 0.641455 9.9991E-05 0.231851
0.12812 0.628786 9.9991E-05 0.242994
0.142066 0.552177 9.9991E-05 0.305657
0.0266501 9.9982E-05 9.9982E-05 0.97315
9.9982E-05 9.9982E-05 0.00953075 0.990269
0.0242312 0.871044 9.9991E-05 0.104624
9.998E-05 0.9997 9.998E-05 9.998E-05
0.294971 0.469541 0.0680191 0.167468
0.990401 0.00121299 0.00561988 0.00276658
0.560772 0.0217986 0.417329 9.9991E-05
0.116594 0.700106 9.9991E-05 0.183199
0.152586 0.636107 9.9991E-05 0.211207
0.171669 0.61456 9.9991E-05 0.213671
9.998E-05 9.998E-05 9.998E-05 0.9997
0.958897 0.00439962 0.0330706 0.00363253
0.0883862 0.737683 9.9991E-05 0.173831
0.306605 0.386651 0.0430816 0.263663
9.998E-05 0.9997 9.998E-05 9.998E-05
9.998E-05 0.9997 9.998E-05 9.998E-05
0.043781 0.0423185 0.0494567 0.864444
0.0218045 0.0914841 0.0183005 0.868411
9.9991E-05 0.0377382 0.0398342 0.922328
0.000191695 9.9982E-05 9.9982E-05 0.999608
9.998E-05 9.998E-05 9.998E-05 0.9997
9.9982E-05 9.9982E-05 0.00305945 0.996741
9.998E-05 9.998E-05 9.998E-05 0.9997
9.998E-05 9.998E-05 9.998E-05 0.9997
9.9982E-05 9.9982E-05 0.0143741 0.985426
9.998E-05 9.998E-05 9.998E-05 0.9997
0.01564 0.00215165 0.000411413 0.981797
9.9991E-05 0.00863061 0.0202351 0.971034
9.998E-05 9.998E-05 9.998E-05 0.9997
9.9991E-05 0.445376 0.0273578 0.527166
9.9982E-05 0.418388 9.9982E-05 0.581412
9.998E-05 9.998E-05 9.998E-05 0.9997
9.998E-05 9.998E-05 9.998E-05 0.9997
0.0101514 9.9982E-05 9.9982E-05 0.989649
0.017355 0.000918299 0.0170109 0.964716
9.998E-05 9.998E-05 9.998E-05 0.9997
9.9991E-05 0.435147 0.0158075 0.548945
9.9991E-05 0.0781819 0.019331 0.902387
9.9982E-05 9.9982E-05 0.010229 0.989571
9.9982E-05 9.9982E-05 0.00336584 0.996434
9.9982E-05 9.9982E-05 0.0240575 0.975743
0.0108032 0.0712991 0.00520031 0.912697
9.9982E-05 9.9982E-05 0.00816758 0.991632
0.118203 0.741758 0.139939 9.9991E-05
0.00886862 9.9982E-05 9.9982E-05 0.990931
9.998E-05 9.998E-05 9.998E-05 0.9997
0.0398178 0.0924245 0.114234 0.753524
9.998E-05 9.998E-05 9.998E-05 0.9997
9.998E-05 9.998E-05 9.998E-05 0.9997
9.9982E-05 9.9982E-05 0.00416229 0.995638
9.9982E-05 9.9982E-05 0.00317994 0.99662
9.9982E-05 0.881012 0.118788 9.9982E-05
9.998E-05 9.998E-05 9.998E-05 0.9997
9.9982E-05 9.9982E-05 0.0142351 0.985565
9.998E-05 9.998E-05 9.998E-05 0.9997
9.9982E-05 0.944928 0.0548721 9.9982E-05
0.00939228 9.9991E-05 0.0292439 0.961264
9.9982E-05 9.9982E-05 0.0254845 0.974316
9.998E-05 9.998E-05 9.998E-05 0.9997
9.998E-05 9.998E-05 9.998E-05 0.9997
9.9991E-05 0.945213 0.00918713 0.0455003
9.998E-05 9.998E-05 9.998E-05 0.9997
0.00948041 9.9991E-05 0.0290898 0.96133
9.9991E-05 0.442674 0.0336237 0.523602
9.998E-05 9.998E-05 9.998E-05 0.9997
9.9991E-05 0.983228 0.0043973 0.0122745
0.043947 0.955853 9.9982E-05 9.9982E-05
0.0434159 0.952607 9.9991E-05 0.00387749
9.9991E-05 0.905403 0.0753337 0.0191636
0.135748 0.620049 9.9991E-05 0.244103
0.020992 0.948519 9.9991E-05 0.0303894
0.081089 0.818983 0.0479554 0.0519731
0.00484854 0.96852 9.9991E-05 0.0265319
0.011339 0.941829 0.0467324 9.9991E-05
9.99868E-05 0.984116 9.99868E-05 0.0156844
0.0305687 0.896659 0.0726722 9.9991E-05
0.0584108 0.91024 0.0312487 9.9991E-05
0.0254437 0.948437 9.9991E-05 0.0260188
0.0177626 0.934426 0.00552361 0.0422881
0.0335615 0.935694 9.9991E-05 0.0306441
9.9991E-05 0.843518 0.135356 0.0210257
0.429567 0.00882396 0.534304 0.0273055
0.432328 0.0101185 0.478036 0.0795179
0.785184 0.0326569 0.169442 0.0127165
0.061985 0.689576 0.0857395 0.1627
0.437242 0.0225227 0.497814 0.042421
0.4353 0.0220587 0.491751 0.0508905
0.0948047 0.744001 0.0158944 0.1453
0.560263 0.00694787 0.410088 0.0227015
0.480198 0.042133 0.456668 0.0210015
0.517098 9.9991E-05 0.456464 0.0263379
0.263589 0.0929135 0.59637 0.0471284
0.298673 0.0409772 0.617202 0.0431471
0.479226 0.0561698 0.464504 9.9991E-05
0.143712 0.621194 9.9991E-05 0.234994
0.806958 0.00971589 0.183226 9.9991E-05
9.9982E-05 0.935463 0.0643372 9.9982E-05
9.9982E-05 0.907194 0.0926064 9.9982E-05
0.947017 0.0142234 0.0362131 0.00254607
0.226977 0.459614 0.111523 0.201886
0.134439 0.681945 0.00720963 0.176407
0.136342 0.857238 0.000862817 0.00555719
9.9982E-05 0.889982 0.109818 9.9982E-05
0.155654 0.643845 0.141014 0.0594874
0.121645 0.691899 0.0183728 0.168083
0.257567 0.0782868 0.638179 0.0259673
0.140817 0.638326 9.9991E-05 0.220757
0.165371 0.524085 0.108167 0.202377
9.9982E-05 0.916134 0.0836658 9.9982E-05
0.804155 0.00929125 0.126739 0.0598146
0.467275 0.522306 0.00871546 0.00170309
0.918762 0.0405409 0.0292448 0.0114519
0.160556 0.667884 0.0423306 0.12923
0.9997 9.998E-05 9.998E-05 9.998E-05
0.150467 0.703444 9.9991E-05 0.145989
0.891296 0.101805 9.9991E-05 0.00679884
0.893768 0.0697821 9.9991E-05 0.0363499
0.0257358 0.899163 0.0750016 9.9991E-05
0.160347 0.607313 0.232241 9.9991E-05
0.0721861 0.794333 0.101147 0.0323341
0.059088 0.0577071 0.839297 0.0439081
0.0142051 0.0210696 0.964625 9.9991E-05
0.0115043 0.0642162 0.918886 0.005393
0.0389874 0.055647 0.844714 0.0606519
9.9982E-05 0.881681 0.118119 9.9982E-05
9.9982E-05 0.906003 0.093797 9.9982E-05
9.9982E-05 0.893614 0.106186 9.9982E-05
0.407683 0.0280519 0.526631 0.0376345
0.24942 0.433383 0.111647 0.205551
0.0859975 0.542327 0.149429 0.222247
0.00918289 0.861325 0.107556 0.0219366
0.0293207 0.767689 0.0986891 0.104302
0.00132243 0.762595 0.194105 0.0419776
0.0756276 0.609314 0.129027 0.186031
0.216236 0.520445 0.0249406 0.238378
0.0086618 0.984488 9.9991E-05 0.00674991
0.00596061 0.897028 0.0314768 0.0655351
0.9997 9.998E-05 9.998E-05 9.998E-05
0.980811 0.0189893 9.9982E-05 9.9982E-05
0.957306 0.0424942 9.9982E-05 9.9982E-05
0.536762 0.0612744 0.332675 0.0692885
0.473528 0.247577 0.117237 0.161658
0.478231 0.251568 0.0865452 0.183656
9.9982E-05 0.897716 0.102084 9.9982E-05
9.9991E-05 0.842082 0.147454 0.0103635
9.9982E-05 0.946143 0.0536571 9.9982E-05
0.120033 0.692072 9.9991E-05 0.187795
0.960301 9.9991E-05 0.0353624 0.00423696
0.9997 9.998E-05 9.998E-05 9.998E-05
0.975092 9.9982E-05 0.0247083 9.9982E-05
0.893998 9.9982E-05 0.105802 9.9982E-05
0.922767 0.0309976 0.044137 0.00209862
0.132521 0.867279 9.9982E-05 9.9982E-05
0.414611 0.11231 0.347465 0.125614
0.101176 0.715128 9.9991E-05 0.183597
0.13214 0.852126 9.9991E-05 0.0156348
0.0203184 0.8527 0.126881 9.9991E-05
9.9982E-05 0.972444 9.9982E-05 0.0273558
0.0377329 0.91649 9.9991E-05 0.045677
0.0288047 0.931127 9.9991E-05 0.039968
0.975462 9.9982E-05 0.0243376 9.9982E-05
0.9997 9.998E-05 9.998E-05 9.998E-05
0.493841 0.233847 0.192864 0.0794487
0.990386 9.9982E-05 9.9982E-05 0.00941444
0.9997 9.998E-05 9.998E-05 9.998E-05
0.426658 0.537849 0.0204931 0.0149998
0.906729 0.0223418 0.0708292 9.9991E-05
0.890984 0.0165155 0.0924 9.9991E-05
0.383143 0.287307 0.158417 0.171133
0.107973 0.707451 9.9991E-05 0.184476
0.801252 0.0962658 0.10201 0.000471877
0.00277116 0.302664 0.273682 0.420883
0.790961 0.12406 0.0848796 9.9991E-05
0.9997 9.998E-05 9.998E-05 9.998E-05
0.0677346 0.909413 9.9991E-05 0.0227526
0.315271 0.684529 9.9982E-05 9.9982E-05
0.090243 0.696723 9.9991E-05 0.212934
0.219383 0.492949 9.9991E-05 0.287568
9.998E-05 0.9997 9.998E-05 9.998E-05
0.12038 0.62981 9.9991E-05 0.24971
0.135822 0.696782 9.9991E-05 0.167296
0.152014 0.718245 9.9991E-05 0.129641
0.149621 0.565469 9.9991E-05 0.28481
0.180402 0.644636 0.0109437 0.164018
0.105061 0.696051 9.9991E-05 0.198788
0.36628 0.272474 0.171737 0.189509
9.9982E-05 0.96476 0.0350396 9.9982E-05
0.0279563 0.859854 0.11209 9.9991E-05
9.998E-05 9.998E-05 9.998E-05 0.9997
0.0643397 0.831149 0.104411 9.9991E-05
9.9991E-05 0.956705 0.0418797 0.00131552
0.0686179 0.85963 0.0166799 0.0550726
9.9982E-05 0.930193 0.0696072 9.9982E-05
0.0184622 0.902964 0.0342837 0.0442904
9.9982E-05 0.905129 0.0946708 9.9982E-05
0.154105 0.512988 0.0186827 0.314224
0.118742 0.665859 0.0469398 0.168459
0.106402 0.739578 0.00803394 0.145987
9.9982E-05 0.945276 0.054524 9.9982E-05
0.970827 9.9982E-05 0.028973 9.9982E-05
0.00362209 0.996178 9.9982E-05 9.9982E-05
0.132124 0.512434 0.0993647 0.256077
9.998E-05 0.9997 9.998E-05 9.998E-05
0.948008 9.9982E-05 0.0517925 9.9982E-05
0.103508 0.691814 9.9991E-05 0.204578
9.9982E-05 9.9982E-05 0.0123126 0.987487
0.029512 0.105394 0.125621 0.739473
9.9982E-05 0.964272 0.0355279 9.9982E-05
9.9982E-05 0.935553 9.9982E-05 0.0642466
0.102945 0.66975 9.9991E-05 0.227205
0.122837 0.696793 9.9991E-05 0.18027
0.169752 0.745871 0.0632788 0.0210986
9.9991E-05 0.972938 0.00347014 0.0234918
0.972466 0.0273345 9.9982E-05 9.9982E-05
0.484022 0.233059 0.105972 0.176948
0.660563 9.9991E-05 0.33462 0.00471748
0.216312 0.1229 0.54141 0.119378
0.181349 0.135147 0.577748 0.105756
0.442497 0.0446334 0.450972 0.0618971
0.497113 0.219229 0.0976704 0.185988
0.267038 0.142299 0.518833 0.0718304
0.429303 0.0723544 0.488284 0.0100593
0.258448 0.411244 0.088855 0.241453
0.515641 0.103852 0.380407 9.9991E-05
0.212863 0.407575 0.161284 0.218278
0.129449 0.598342 9.9991E-05 0.272109
0.242679 0.36769 0.166704 0.222927
0.47256 0.163964 0.259946 0.10353
0.391653 0.241444 0.263811 0.103093
0.441562 0.236371 0.152611 0.169456
0.491478 0.0412243 0.395619 0.0716783
9.998E-05 0.9997 9.998E-05 9.998E-05
0.989964 0.00983592 9.9982E-05 9.9982E-05
0.22179 0.13497 0.547847 0.0953922
0.538368 0.0448152 0.332351 0.0844652
0.296554 0.0593331 0.540541 0.103572
0.325672 0.054776 0.537 0.0825518
0.0440479 0.839468 0.116384 9.9991E-05
0.00993488 0.847866 0.0836303 0.0585693
0.889521 9.9991E-05 0.109778 0.000600831
9.998E-05 0.9997 9.998E-05 9.998E-05
0.0740737 0.841947 0.0838793 9.9991E-05
0.202482 0.487553 9.9991E-05 0.309865
0.9997 9.998E-05 9.998E-05 9.998E-05
0.9997 9.998E-05 9.998E-05 9.998E-05
0.949472 9.9991E-05 0.0373112 0.0131164
0.9997 9.998E-05 9.998E-05 9.998E-05
0.150063 0.682424 9.9991E-05 0.167413
0.89328 0.0654578 9.9991E-05 0.0411627
0.0507067 0.835151 0.114042 9.9991E-05
9.9982E-05 0.925349 0.0744512 9.9982E-05
9.9982E-05 0.914856 0.0849441 9.9982E-05
9.9982E-05 0.911035 0.0887651 9.9982E-05
9.9982E-05 0.904097 0.095703 9.9982E-05
0.124366 0.159856 0.591415 0.124363
0.106826 0.17044 0.610747 0.111987
9.9991E-05 0.0736219 0.920837 0.00544116
0.0726695 9.9991E-05 0.922371 0.00485974
9.998E-05 9.998E-05 0.9997 9.998E-05
0.0881724 0.410128 0.286915 0.214785
9.9991E-05 0.0322289 0.951714 0.0159567
0.265952 0.569676 0.114308 0.0500638
9.998E-05 9.998E-05 0.9997 9.998E-05
9.998E-05 9.998E-05 0.9997 9.998E-05
9.9982E-05 9.9982E-05 0.990057 0.00974309
0.301206 0.0303457 0.668348 9.9991E-05
9.998E-05 9.998E-05 0.9997 9.998E-05
0.0225402 0.0180576 0.945009 0.0143936
9.9991E-05 0.99066 0.00387426 0.00536546
0.0422162 0.860139 0.0419441 0.0557006
9.9991E-05 0.869711 0.122493 0.00769613
9.9991E-05 0.95065 0.0420459 0.00720438
0.116205 0.681278 0.00172523 0.200792
0.000617964 0.857513 0.11713 0.0247394
0.007762 0.992038 9.9982E-05 9.9982E-05
9.998E-05 0.9997 9.998E-05 9.998E-05
0.145631 0.57956 9.9991E-05 0.274709
9.9991E-05 0.799371 0.139657 0.0608714
0.0513252 0.730153 0.0790673 0.139454
0.154457 0.534959 0.0083798 0.302204
0.149165 0.568308 9.9991E-05 0.282428
0.148361 0.624885 0.000396091 0.226358
0.102402 0.847514 0.0418813 0.00820249
0.119429 0.611233 9.9991E-05 0.269238
0.00456128 0.992106 9.9991E-05 0.00323264
0.227359 0.490701 9.9991E-05 0.28184
0.206418 0.465247 9.9991E-05 0.328236
0.421441 0.182932 0.22333 0.172297
0.140047 0.576129 9.9991E-05 0.283724
0.155696 0.540229 9.9991E-05 0.303975
0.135265 0.590707 9.9991E-05 0.273928
0.163056 0.510672 0.0716338 0.254638
0.031629 0.968171 9.9982E-05 9.9982E-05
0.0522898 0.94751 9.9982E-05 9.9982E-05
0.022081 0.955391 9.9991E-05 0.0224283
9.998E-05 0.9997 9.998E-05 9.998E-05
0.966985 0.0328151 9.9982E-05 9.9982E-05
0.505869 0.224302 0.16892 0.10091
9.9991E-05 0.923588 0.0685847 0.00772687
0.0176119 0.926521 0.00951254 0.0463541
0.284278 0.40064 0.0920488 0.223034
0.265243 0.411026 0.0855575 0.238174
9.9982E-05 0.867323 0.132477 9.9982E-05
0.0229408 0.855396 0.112169 0.00949409
0.294124 0.334197 0.320903 0.0507762
0.192494 0.694047 0.0164725 0.0969869
9.9982E-05 0.951171 0.0486289 9.9982E-05
0.136855 0.518287 0.0632847 0.281573
0.238331 0.372562 0.12863 0.260478
0.121078 0.47887 0.106492 0.29356
0.126685 0.522753 0.135907 0.214655
9.9991E-05 0.879127 0.104409 0.0163643
9.9982E-05 0.876938 0.122862 9.9982E-05
9.9982E-05 0.903896 0.0959038 9.9982E-05
9.9982E-05 0.879087 0.120713 9.9982E-05
9.9982E-05 0.913037 0.0867628 9.9982E-05
9.9982E-05 0.950059 0.0497412 9.9982E-05
0.048278 0.621547 0.148831 0.181343
0.145408 0.46184 0.173082 0.219669
9.9982E-05 0.952024 0.0477763 9.9982E-05
0.141244 0.50887 0.123739 0.226147
0.164733 0.515867 0.0728334 0.246567
0.448226 9.9991E-05 0.523436 0.0282378
0.423908 0.0137967 0.559157 0.0031384
0.432169 0.00721595 0.543916 0.0166996
0.439432 9.9991E-05 0.516289 0.0441792
0.41516 9.9991E-05 0.555234 0.0295065
0.435231 9.9991E-05 0.537625 0.0270435
0.425674 9.9991E-05 0.529745 0.0444815
0.236083 0.487163 9.9991E-05 0.276654
0.173999 0.513512 9.9991E-05 0.312389
0.424411 0.254418 0.180327 0.140844
0.426505 0.236224 0.171444 0.165827
9.9982E-05 0.838733 0.161067 9.9982E-05
9.9991E-05 0.811593 0.134452 0.0538553
9.9982E-05 0.916871 0.082929 9.9982E-05
0.970097 9.9991E-05 0.0194922 0.0103111
0.894376 9.9982E-05 0.105424 9.9982E-05
0.986737 9.9982E-05 0.0130634 9.9982E-05
0.866262 9.9982E-05 0.133538 9.9982E-05
0.497766 0.373228 0.0847362 0.0442702
0.445999 0.177482 0.358148 0.0183709
0.445437 0.0448874 0.491078 0.0185976
0.826758 9.9982E-05 0.173042 9.9982E-05
0.865401 9.9982E-05 0.134399 9.9982E-05
0.9997 9.998E-05 9.998E-05 9.998E-05
0.869153 9.9982E-05 0.130647 9.9982E-05
0.0823853 0.574765 0.197668 0.145182
9.9982E-05 0.955281 0.0445189 9.9982E-05
0.258962 0.475137 9.9991E-05 0.265801
0.0123992 0.871821 0.0877847 0.0279948
0.137981 0.635766 0.00122176 0.225032
0.946541 0.0532592 9.9982E-05 9.9982E-05
0.426107 0.0170855 0.521614 0.0351933
0.756974 0.0573101 0.160593 0.0251236
0.153194 0.525942 0.064653 0.256211
0.177606 0.407098 0.116338 0.298958
9.9991E-05 0.854007 0.121756 0.0241367
0.122069 0.660287 9.9991E-05 0.217544
0.104115 0.0603902 0.786934 0.0485603
0.0583478 0.0220508 0.899446 0.0201555
9.9982E-05 9.9982E-05 0.994316 0.00548412
0.017842 9.9991E-05 0.963778 0.0182799
9.998E-05 9.998E-05 0.9997 9.998E-05
0.027581 0.0163395 0.926606 0.0294735
0.210597 0.478699 9.9991E-05 0.310603
0.493073 0.0591568 0.337154 0.110616
0.901642 0.0137984 0.0844594 9.9991E-05
0.9997 9.998E-05 9.998E-05 9.998E-05
0.9997 9.998E-05 9.998E-05 9.998E-05
0.857267 9.9982E-05 0.142533 9.9982E-05
9.998E-05 9.998E-05 0.9997 9.998E-05
9.9982E-05 9.9982E-05 0.990032 0.00976792
0.273485 9.9991E-05 0.714483 0.0119319
0.25737 0.00520156 0.706453 0.0309754
0.00741391 9.9982E-05 0.992386 9.9982E-05
0.344782 0.0536217 0.601497 9.9991E-05
0.235986 0.378887 0.38251 0.00261662
9.9982E-05 0.920449 0.0793515 9.9982E-05
9.9982E-05 0.890293 0.109507 9.9982E-05
9.9991E-05 0.913363 0.0810413 0.00549529
9.9982E-05 0.920095 0.0797046 9.9982E-05
9.998E-05 9.998E-05 0.9997 9.998E-05
9.998E-05 9.998E-05 0.9997 9.998E-05
0.225505 0.020866 0.745423 0.00820659
0.102609 0.0239253 0.873365 9.9991E-05
9.9982E-05 9.9982E-05 0.981475 0.018325
0.00265934 9.9991E-05 0.949072 0.0481685
9.998E-05 9.998E-05 0.9997 9.998E-05
0.264398 0.00557445 0.706229 0.0237989
0.106683 0.738932 9.9991E-05 0.154284
0.0997937 0.722647 9.9991E-05 0.177459
0.0681191 0.712946 9.9991E-05 0.218835
0.0989636 0.697529 0.0211963 0.182311
0.396173 0.102604 0.489232 0.0119907
0.50684 0.0267082 0.466352 9.9991E-05
0.604229 0.0320537 0.363618 9.9991E-05
0.630944 0.0408246 0.328131 9.9991E-05
0.139807 0.176639 0.54821 0.135345
0.638438 0.117767 0.0861801 0.157615
9.9982E-05 0.00172407 0.998076 9.9982E-05
0.345158 0.0335328 0.612082 0.00922785
0.342845 0.0364391 0.582994 0.0377212
0.113426 0.698941 0.0525558 0.135078
0.275964 0.466877 9.9991E-05 0.257059
9.9982E-05 0.95822 0.0415796 9.9982E-05
0.00294988 0.9804 9.9991E-05 0.0165497
9.9991E-05 0.955117 0.0165715 0.0282111
9.9982E-05 0.914162 0.0856382 9.9982E-05
0.102876 0.690103 0.0482605 0.158761
9.998E-05 0.9997 9.998E-05 9.998E-05
9.9982E-05 0.923672 0.0761285 9.9982E-05
9.9982E-05 0.855214 0.144586 9.9982E-05
9.9982E-05 0.937697 0.0621033 9.9982E-05
0.147757 0.239096 0.489868 0.123279
0.0670375 0.514615 0.34484 0.0735074
0.265021 0.289999 0.396817 0.0481629
0.254093 0.112268 0.527714 0.105924
0.0678888 0.739102 0.115534 0.077476
9.9982E-05 0.922557 0.0772426 9.9982E-05
0.462094 0.0103082 0.478381 0.0492173
9.9991E-05 0.811512 0.127548 0.0608401
0.0035058 0.988651 0.00774314 9.9991E-05
0.00437995 0.969024 9.9991E-05 0.026496
9.9982E-05 0.958606 0.0411944 9.9982E-05
0.0486687 0.234848 0.156376 0.560108
0.0253247 0.918916 0.0506523 0.00510668
9.998E-05 0.9997 9.998E-05 9.998E-05
9.9991E-05 0.847292 0.126246 0.0263619
0.0382339 0.269235 0.118326 0.574205
9.998E-05 9.998E-05 9.998E-05 0.9997
0.881465 0.0111894 0.107245 9.9991E-05
0.11784 0.840682 9.9991E-05 0.0413779
0.227499 0.416576 0.147556 0.208369
0.233062 0.469794 9.9991E-05 0.297043
0.202673 0.548987 9.9991E-05 0.24824
0.0175955 0.948829 9.9991E-05 0.0334759
0.957609 0.0401728 0.00211833 9.9991E-05
0.349401 0.239129 0.267535 0.143934
0.107483 0.699969 9.9991E-05 0.192449
9.998E-05 0.9997 9.998E-05 9.998E-05
0.118864 0.648718 9.9991E-05 0.232318
0.264503 0.39549 0.109985 0.230022
0.260943 0.357838 0.114094 0.267125
0.533808 0.198499 0.244496 0.0231971
0.759368 0.102642 0.119004 0.018986
0.359817 0.289669 0.198034 0.15248
0.285129 0.453873 9.9991E-05 0.260898
0.0163309 0.983469 9.9982E-05 9.9982E-05
0.00225018 0.99755 9.9982E-05 9.9982E-05
0.0878631 0.584733 0.099663 0.22774
0.509285 0.217279 0.167628 0.105809
0.249638 0.479319 9.9991E-05 0.270943
9.9982E-05 0.934194 0.0656058 9.9982E-05
0.441917 0.263475 0.131303 0.163305
0.171266 0.585893 0.160249 0.0825923
0.388491 0.0913336 0.344677 0.175499
0.0583309 0.634422 0.15259 0.154657
0.0981495 0.743956 9.9991E-05 0.157794
0.0993786 0.548683 0.0613549 0.290584
9.9982E-05 0.902242 0.0975582 9.9982E-05
9.9982E-05 0.866364 0.133436 9.9982E-05
0.000433497 0.999367 9.9982E-05 9.9982E-05
9.9982E-05 0.946051 0.0537495 9.9982E-05
0.0535649 0.691517 0.159495 0.0954225
9.9991E-05 0.893535 0.102807 0.00355798
0.0173402 0.918189 0.0643711 9.9991E-05
0.22868 0.417734 0.121008 0.232577
0.884483 0.0110299 0.104387 9.9991E-05
0.984761 9.9982E-05 0.0150386 9.9982E-05
0.0052707 0.987576 9.9991E-05 0.00705343
0.896067 9.9982E-05 0.103734 9.9982E-05
9.9991E-05 0.00829275 0.0302242 0.961383
9.9982E-05 9.9982E-05 0.0156462 0.984154
0.175264 0.27359 0.0520932 0.499053
0.0279736 0.860052 0.111875 9.9991E-05
9.998E-05 9.998E-05 9.998E-05 0.9997
9.998E-05 9.998E-05 9.998E-05 0.9997
9.998E-05 9.998E-05 9.998E-05 0.9997
9.998E-05 9.998E-05 9.998E-05 0.9997
9.998E-05 9.998E-05 9.998E-05 0.9997
0.0220601 0.97774 9.9982E-05 9.9982E-05
0.256539 0.45841 9.9991E-05 0.284951
0.100257 0.675592 0.00609719 0.218054
0.115066 0.679666 9.9991E-05 0.205168
0.0188236 0.963649 0.0107643 0.00676342
9.9982E-05 0.951095 9.9982E-05 0.0487049
0.245288 0.456391 9.9991E-05 0.29822
0.112048 0.627453 0.0155443 0.244955
0.143446 0.711261 9.9991E-05 0.145193
0.172346 0.514389 9.9991E-05 0.313165
0.00172213 9.9991E-05 0.00943441 0.988743
0.157825 0.792673 0.0267047 0.0227975
9.9982E-05 0.866498 0.133302 9.9982E-05
9.9991E-05 0.895975 0.0934527 0.0104724
9.9991E-05 0.786017 0.186726 0.0271563
0.0107646 0.989035 9.9982E-05 9.9982E-05
0.0461663 0.889735 9.9991E-05 0.0639989
0.872839 9.9982E-05 0.126961 9.9982E-05
0.191433 0.528505 0.232149 0.0479127
0.0963622 0.772143 9.9991E-05 0.131394
