9.9973E-05 0.00504668 9.9973E-05 0.0475446 0.171478 0.0559229 9.9973E-05 0.034359 0.685349
9.9982E-05 9.9982E-05 0.00817219 0.0523082 0.277913 0.317028 0.0228378 0.00232313 0.319218
0.0177931 9.9991E-05 0.0120412 0.100965 0.241798 0.305884 0.0133421 0.0413418 0.266735
9.9973E-05 0.00601101 9.9973E-05 0.048522 0.162929 0.0536418 9.9973E-05 0.0473465 0.68125
0.0256623 0.0280842 9.9964E-05 9.9964E-05 9.9964E-05 0.851793 0.0769514 0.0171095 9.9964E-05
9.9973E-05 9.9973E-05 0.0540789 0.031138 0.324498 0.245146 9.9973E-05 0.0334603 0.311379
0.521924 0.456986 0.00220232 9.9973E-05 9.9973E-05 0.00808924 0.00110115 9.9973E-05 0.00939737
0.966226 9.9946E-05 9.9946E-05 9.9946E-05 0.0159477 9.9946E-05 9.9946E-05 9.9946E-05 0.0172269
0.974469 0.00580194 9.9955E-05 9.9955E-05 0.0129512 9.9955E-05 0.00627827 9.9955E-05 9.9955E-05
0.988032 9.99461E-05 9.99461E-05 0.000265121 9.99461E-05 0.0111032 9.99461E-05 9.99461E-05 9.99461E-05
9.9973E-05 0.131867 9.9973E-05 0.795019 0.00254083 0.0281492 0.0337894 0.00833466 9.9973E-05
0.00522848 0.0377366 9.9955E-05 0.919713 9.9955E-05 9.9955E-05 9.9955E-05 9.9955E-05 0.0368218
0.0184838 0.0824459 9.9955E-05 0.87438 9.9955E-05 9.9955E-05 9.9955E-05 9.9955E-05 0.0241906
9.9946E-05 0.0803965 9.9946E-05 0.913151 9.9946E-05 9.9946E-05 0.00585302 9.9946E-05 9.9946E-05
0.0106732 9.9964E-05 0.83822 9.9964E-05 9.9964E-05 9.9964E-05 0.0442263 0.0309623 0.0755179
0.994879 9.9946E-05 9.9946E-05 9.9946E-05 9.9946E-05 9.9946E-05 0.00240353 0.00211798 9.9946E-05
0.0230392 0.895186 9.9955E-05 9.9955E-05 9.9955E-05 9.9955E-05 9.9955E-05 0.00552853 0.075747
0.0173566 9.99551E-05 0.896074 0.0797449 9.99551E-05 9.99551E-05 9.99551E-05 9.99551E-05 0.00632436
0.0170291 9.9973E-05 0.549835 0.204652 9.9973E-05 9.9973E-05 0.073661 0.0408819 0.113641
0.0106266 0.0225976 0.355848 0.59294 9.9964E-05 9.9964E-05 9.9964E-05 0.0175874 9.9964E-05
0.0375803 9.9964E-05 0.801888 0.0377219 9.9964E-05 9.9964E-05 0.0780463 9.9964E-05 0.0443638
0.0110691 9.9964E-05 0.0678999 0.912373 0.000920459 0.00733821 9.9964E-05 9.9964E-05 9.9964E-05
9.9955E-05 0.0225127 0.901091 0.0643353 0.011561 9.9955E-05 9.9955E-05 9.9955E-05 9.9955E-05
0.00730027 0.0250739 0.0776619 0.790097 0.0401603 9.9973E-05 9.9973E-05 9.9973E-05 0.0594065
9.9946E-05 9.9946E-05 0.0464972 0.940376 9.9946E-05 9.9946E-05 9.9946E-05 9.9946E-05 0.012527
9.9973E-05 0.0128282 0.923316 0.014452 0.00724879 9.9973E-05 0.0176897 9.9973E-05 0.0241655
0.0217994 9.9946E-05 0.881782 0.0958188 9.9946E-05 9.9946E-05 9.9946E-05 9.9946E-05 9.9946E-05
9.9964E-05 9.9964E-05 0.607495 0.28683 0.0236421 9.9964E-05 0.036839 0.0447941 9.9964E-05
0.0216793 9.9964E-05 0.920844 0.030108 9.9964E-05 9.9964E-05 9.9964E-05 0.0245171 0.00245224
9.99641E-05 9.99641E-05 0.953461 0.00734775 0.00999913 0.00373812 9.99641E-05 9.99641E-05 0.0250539
0.011829 9.9964E-05 0.0537967 0.913724 9.9964E-05 9.9964E-05 0.00482268 0.0154276 9.9964E-05
9.99371E-05 0.215149 9.99371E-05 0.784152 9.99371E-05 9.99371E-05 9.99371E-05 9.99371E-05 9.99371E-05
9.99641E-05 0.0198557 0.873558 0.0902671 0.0113422 0.0045767 9.99641E-05 9.99641E-05 9.99641E-05
0.024179 9.9964E-05 0.130257 0.782292 9.9964E-05 9.9964E-05 0.0485013 9.9964E-05 0.0143708
9.9955E-05 9.9955E-05 0.935891 0.0412 0.0179868 0.0044228 9.9955E-05 9.9955E-05 9.9955E-05
9.9964E-05 9.9964E-05 0.00587532 0.959352 0.0062926 9.9964E-05 0.0209355 9.9964E-05 0.00714461
9.99461E-05 9.99461E-05 0.899904 0.0902232 0.00927358 9.99461E-05 9.99461E-05 9.99461E-05 9.99461E-05
9.9964E-05 9.9964E-05 0.0130567 0.940919 9.9964E-05 9.9964E-05 0.0227366 0.0125103 0.010378
9.9964E-05 9.9964E-05 9.9964E-05 9.9964E-05 0.0865969 0.106376 0.145004 0.0803343 0.581289
9.9937E-05 9.9937E-05 9.9937E-05 9.9937E-05 0.344062 0.655239 9.9937E-05 9.9937E-05 9.9937E-05
9.99461E-05 0.20783 9.99461E-05 0.70588 9.99461E-05 0.0856908 9.99461E-05 9.99461E-05 9.99461E-05
9.9946E-05 0.0139326 0.953853 0.0316152 9.9946E-05 9.9946E-05 9.9946E-05 9.9946E-05 9.9946E-05
9.9955E-05 9.9955E-05 0.0456768 0.925669 0.0178938 9.9955E-05 9.9955E-05 0.0102604 9.9955E-05
9.9964E-05 0.267781 9.9964E-05 0.0211431 0.582248 9.9964E-05 9.9964E-05 0.0698696 0.0585585
0.0546573 9.9973E-05 0.561322 0.194223 9.9973E-05 9.9973E-05 0.0102275 0.0316752 0.147595
0.0439389 0.108531 0.375202 0.432217 9.9964E-05 9.9964E-05 0.039711 9.9964E-05 9.9964E-05
0.0213125 9.9973E-05 0.838917 0.0407398 9.9973E-05 0.0253436 9.9973E-05 0.0188497 0.0545377
9.9982E-05 9.9982E-05 0.0770564 0.0303455 0.319048 0.324362 0.0210483 0.0325979 0.195342
9.9964E-05 9.9964E-05 9.9964E-05 9.9964E-05 0.255634 0.0963476 0.0881342 0.508217 0.0512667
9.9946E-05 0.231291 9.9946E-05 9.9946E-05 9.9946E-05 9.9946E-05 0.0157154 9.9946E-05 0.752394
9.9946E-05 0.0731022 9.9946E-05 0.149811 9.9946E-05 9.9946E-05 9.9946E-05 9.9946E-05 0.776487
0.00856667 0.0693332 9.99639E-05 0.16285 9.99639E-05 9.99639E-05 0.00642924 9.99639E-05 0.752421
9.99459E-05 0.0641098 9.99459E-05 0.0321187 9.99459E-05 9.99459E-05 9.99459E-05 9.99459E-05 0.903172
0.939152 0.00311525 9.9973E-05 0.0114787 9.9973E-05 0.026096 0.00229374 9.9973E-05 0.0175643
0.953662 9.9955E-05 9.9955E-05 0.0134696 9.9955E-05 9.9955E-05 9.9955E-05 0.00637683 0.0259918
0.0225401 0.479686 9.99461E-05 0.497175 9.99461E-05 9.99461E-05 9.99461E-05 9.99461E-05 9.99461E-05
0.0128241 9.9964E-05 0.0495947 0.918059 9.9964E-05 9.9964E-05 0.0034828 9.9964E-05 0.0156391
0.0112435 9.99639E-05 0.141943 0.0499336 9.99639E-05 9.99639E-05 0.746284 9.99639E-05 0.0501963
9.9955E-05 9.9955E-05 9.9955E-05 9.9955E-05 0.00881675 0.847112 0.107835 9.9955E-05 0.0357372
9.99549E-05 9.99549E-05 9.99549E-05 9.99549E-05 0.171674 0.318562 0.328487 0.180778 9.99549E-05
9.9946E-05 0.95187 9.9946E-05 9.9946E-05 0.0184887 9.9946E-05 9.9946E-05 9.9946E-05 0.0290413
0.00598515 0.669752 0.0301391 0.0151333 9.9973E-05 0.0217884 9.9973E-05 9.9973E-05 0.256902
9.9973E-05 0.649526 9.9973E-05 0.0651264 0.0144983 0.00221448 9.9973E-05 0.0412053 0.22713
0.985172 9.9937E-05 9.9937E-05 9.9937E-05 9.9937E-05 9.9937E-05 9.9937E-05 9.9937E-05 0.0141281
9.9946E-05 9.9946E-05 9.9946E-05 9.9946E-05 0.0805361 0.740755 0.178109 9.9946E-05 9.9946E-05
9.9937E-05 0.982619 0.0166814 9.9937E-05 9.9937E-05 9.9937E-05 9.9937E-05 9.9937E-05 9.9937E-05
9.9964E-05 9.9964E-05 9.9964E-05 9.9964E-05 0.0730816 0.031901 0.163936 0.0139719 0.71671
9.9946E-05 0.0401363 0.0324457 0.926818 9.9946E-05 9.9946E-05 9.9946E-05 9.9946E-05 9.9946E-05
9.99371E-05 0.0522958 9.99371E-05 0.947005 9.99371E-05 9.99371E-05 9.99371E-05 9.99371E-05 9.99371E-05
0.784343 0.00215688 0.0313659 9.9982E-05 9.9982E-05 0.0305265 0.00703328 0.0334574 0.110917
0.791726 0.0047555 0.0530058 9.9973E-05 9.9973E-05 0.016845 9.9973E-05 0.0259399 0.107428
0.862628 0.0342374 0.010836 9.9973E-05 9.9973E-05 9.9973E-05 0.00600343 0.0244832 0.0615115
0.952624 9.9946E-05 9.9946E-05 9.9946E-05 9.9946E-05 0.0223719 9.9946E-05 9.9946E-05 0.0244041
0.972195 9.9946E-05 9.9946E-05 9.9946E-05 9.9946E-05 9.9946E-05 9.9946E-05 0.00307399 0.0241316
0.972348 9.9946E-05 9.9946E-05 0.00888884 9.9946E-05 0.0181637 9.9946E-05 9.9946E-05 9.9946E-05
0.978617 9.9937E-05 9.9937E-05 9.9937E-05 0.0206837 9.9937E-05 9.9937E-05 9.9937E-05 9.9937E-05
0.966976 9.9964E-05 0.00648866 0.00508353 9.9964E-05 0.0165098 0.00454167 9.9964E-05 9.9964E-05
0.956899 0.00273972 9.9955E-05 9.9955E-05 0.0300623 9.9955E-05 9.9955E-05 9.9955E-05 0.00979871
0.989335 9.9946E-05 0.00410283 9.9946E-05 0.00596265 9.9946E-05 9.9946E-05 9.9946E-05 9.9946E-05
0.923931 0.0107616 0.0204318 9.9982E-05 0.00459771 9.9982E-05 0.0249436 0.00880005 0.00633385
0.919896 0.0180512 0.0281389 0.0161565 9.99856E-05 0.00135078 0.00878527 9.99856E-05 0.00742117
0.958696 9.9955E-05 9.9955E-05 9.9955E-05 9.9955E-05 9.9955E-05 0.0206442 0.0109227 0.00923747
0.544281 9.9964E-05 0.424297 0.0266313 0.0040097 0.000381215 9.9964E-05 9.9964E-05 9.9964E-05
0.533239 9.99461E-05 0.441481 0.0246803 9.99461E-05 9.99461E-05 9.99461E-05 9.99461E-05 9.99461E-05
0.981273 9.9946E-05 9.9946E-05 9.9946E-05 0.0150196 9.9946E-05 0.00310771 9.9946E-05 9.9946E-05
0.962604 0.00401285 9.9955E-05 9.9955E-05 9.9955E-05 9.9955E-05 0.00985053 9.9955E-05 0.0230326
0.929316 9.9955E-05 9.9955E-05 9.9955E-05 0.0125668 9.9955E-05 0.01003 9.9955E-05 0.0475872
0.930298 9.9982E-05 0.0203175 0.00271197 9.9982E-05 0.0155044 0.0138051 0.00243401 0.0147286
0.987402 9.99373E-05 9.99373E-05 9.99373E-05 9.99373E-05 9.99373E-05 9.99373E-05 9.99373E-05 0.0118986
0.544822 9.99461E-05 0.452687 0.0018911 9.99461E-05 9.99461E-05 9.99461E-05 9.99461E-05 9.99461E-05
0.860009 9.9973E-05 0.064481 0.0102706 0.00932405 0.0384787 9.9973E-05 0.0171366 9.9973E-05
0.92697 0.054329 9.9964E-05 9.9964E-05 0.00422644 0.00578477 9.9964E-05 0.00829021 9.9964E-05
0.969709 0.00391628 9.9955E-05 9.9955E-05 9.9955E-05 0.00888833 9.9955E-05 9.9955E-05 0.0169866
0.920103 9.9955E-05 9.9955E-05 9.9955E-05 0.0334273 9.9955E-05 0.0118623 9.9955E-05 0.0341076
0.856876 0.00688451 0.0209738 0.0166197 9.9982E-05 0.0260142 9.9982E-05 0.011123 0.0613088
0.945538 0.000835967 0.00967884 9.9955E-05 9.9955E-05 9.9955E-05 9.9955E-05 9.9955E-05 0.0434477
9.9973E-05 0.179154 0.604877 9.9973E-05 0.044621 0.103874 9.9973E-05 0.0165219 0.0506529
0.955857 9.99641E-05 0.0304834 9.99641E-05 0.00480843 0.00751833 0.000932678 9.99641E-05 9.99641E-05
0.977983 9.9946E-05 9.9946E-05 0.00580024 9.9946E-05 9.9946E-05 9.9946E-05 9.9946E-05 0.0156175
0.726884 0.00794629 0.0634194 0.00195319 0.136453 9.9991E-05 0.0346229 0.00982828 0.0187932
0.993544 9.9937E-05 9.9937E-05 0.00575607 9.9937E-05 9.9937E-05 9.9937E-05 9.9937E-05 9.9937E-05
0.971157 0.0193736 0.0088699 9.9946E-05 9.9946E-05 9.9946E-05 9.9946E-05 9.9946E-05 9.9946E-05
0.967012 9.9964E-05 9.9964E-05 9.9964E-05 0.0094227 0.00741166 0.0119552 0.00379825 9.9964E-05
0.935578 9.9964E-05 0.0472967 0.00542597 9.9964E-05 0.0101142 9.9964E-05 0.00118553 9.9964E-05
0.0328687 0.0497521 0.897526 0.00569086 0.00458154 9.9973E-05 0.00928116 9.9973E-05 9.9973E-05
0.999201 9.993E-05 9.993E-05 9.993E-05 9.993E-05 9.993E-05 9.993E-05 9.993E-05 9.993E-05
0.939542 9.9946E-05 9.9946E-05 9.9946E-05 9.9946E-05 9.9946E-05 9.9946E-05 0.00897714 0.0508816
0.993206 9.9937E-05 9.9937E-05 9.9937E-05 9.9937E-05 9.9937E-05 9.9937E-05 0.00609462 9.9937E-05
0.00980619 0.119509 0.606763 0.240131 0.02339 9.9964E-05 9.9964E-05 9.9964E-05 9.9964E-05
0.930644 9.9964E-05 0.00388711 9.9964E-05 9.9964E-05 0.0153073 9.9964E-05 0.028673 0.0210891
0.950412 9.9946E-05 9.9946E-05 0.0310893 9.9946E-05 9.9946E-05 9.9946E-05 9.9946E-05 0.0178989
0.961086 9.99551E-05 0.00444254 9.99551E-05 0.0163324 9.99551E-05 9.99551E-05 9.99551E-05 0.0176393
0.999201 9.993E-05 9.993E-05 9.993E-05 9.993E-05 9.993E-05 9.993E-05 9.993E-05 9.993E-05
0.0337532 0.0367243 0.626493 0.233675 9.9973E-05 9.9973E-05 0.0358737 9.9973E-05 0.0331813
0.992472 9.9946E-05 9.9946E-05 9.9946E-05 0.000112237 9.9946E-05 9.9946E-05 0.00681654 9.9946E-05
0.911067 9.9955E-05 9.9955E-05 9.9955E-05 0.00394613 0.0125349 9.9955E-05 9.9955E-05 0.0719526
0.513602 9.99461E-05 0.484536 0.00126267 9.99461E-05 9.99461E-05 9.99461E-05 9.99461E-05 9.99461E-05
0.988967 9.99371E-05 9.99371E-05 0.0103332 9.99371E-05 9.99371E-05 9.99371E-05 9.99371E-05 9.99371E-05
0.0120316 0.0246851 0.185295 0.734348 9.9964E-05 9.9964E-05 0.0432398 9.9964E-05 9.9964E-05
9.9955E-05 9.9955E-05 0.28734 0.654437 9.9955E-05 0.0404591 0.0172641 9.9955E-05 9.9955E-05
0.00972392 9.9982E-05 0.00857079 0.872776 0.039704 0.0135427 0.0176108 9.9982E-05 0.0378721
0.0443095 0.0571712 0.842461 0.0472798 9.9964E-05 0.00837839 9.9964E-05 9.9964E-05 9.9964E-05
0.0474337 0.755954 9.9982E-05 0.0124553 9.9982E-05 0.0137162 0.0428333 0.0166134 0.110794
0.0760693 0.00403751 0.0396323 0.828411 0.0514496 9.9964E-05 9.9964E-05 9.9964E-05 9.9964E-05
9.9982E-05 0.341042 0.190055 0.354106 9.9982E-05 0.0327509 0.0287136 0.0489954 0.00413675
0.0485729 9.9964E-05 0.160338 0.759597 9.9964E-05 0.0137431 9.9964E-05 0.0173499 9.9964E-05
9.9973E-05 0.0064718 0.287189 0.647143 9.9973E-05 0.0290877 0.00038825 0.0294202 9.9973E-05
0.0241272 0.0127549 0.208255 0.70019 9.99883E-05 9.99883E-05 0.0287916 0.0213731 0.00430784
9.9964E-05 9.9964E-05 0.290497 0.577649 9.9964E-05 0.0377067 0.0651551 0.0285921 9.9964E-05
9.9964E-05 9.9964E-05 0.317122 0.584707 9.9964E-05 0.0406658 0.0277163 0.0293888 9.9964E-05
0.000779994 0.00742526 9.9964E-05 0.938625 9.9964E-05 0.0261993 0.026571 9.9964E-05 9.9964E-05
0.0398268 0.098433 9.9973E-05 0.81775 0.00598925 0.00926457 9.9973E-05 0.0284368 9.9973E-05
0.0438316 0.126207 9.99551E-05 0.818751 9.99551E-05 0.0107113 9.99551E-05 9.99551E-05 9.99551E-05
0.0381007 0.0390839 0.728486 0.0976243 9.9973E-05 9.9973E-05 0.0806347 0.0157709 9.9973E-05
9.9937E-05 9.9937E-05 9.9937E-05 9.9937E-05 0.991828 9.9937E-05 0.00747216 9.9937E-05 9.9937E-05
0.00484906 9.9964E-05 9.9964E-05 9.9964E-05 0.921244 0.00475242 0.0373977 9.9964E-05 0.0313565
0.00491028 0.0242189 9.9991E-05 0.0103658 0.227301 0.591971 0.0850481 0.0149313 0.041153
0.0996994 0.317919 0.349512 0.0845235 0.00966499 0.00758155 0.105711 0.00796763 0.0174206
9.9946E-05 9.9946E-05 9.9946E-05 9.9946E-05 0.949329 0.00813792 9.9946E-05 9.9946E-05 0.0419329
0.00742183 9.9964E-05 9.9964E-05 9.9964E-05 0.908535 0.00427148 0.025061 9.9964E-05 0.0543104
0.114018 0.245928 0.141243 0.409865 0.0280494 0.0533544 0.00734179 9.9982E-05 9.9982E-05
9.9964E-05 0.00609357 9.9964E-05 9.9964E-05 0.229359 0.386037 0.140386 0.237725 9.9964E-05
0.0277539 0.00199087 0.0205519 9.9991E-05 0.107308 0.390978 0.122118 0.315469 0.0137308
0.00300017 0.0149676 9.9991E-05 0.0011752 0.0757457 0.467236 0.046893 0.38553 0.00535221
0.0131341 0.0288455 0.042578 9.9982E-05 9.9982E-05 0.22397 0.0604218 0.581122 0.0497288
0.0112749 0.0430865 0.0275365 9.9982E-05 9.9982E-05 0.269824 0.045158 0.557807 0.0451127
9.9973E-05 9.9973E-05 0.0196358 0.0164884 0.119514 0.399845 9.9973E-05 0.388327 0.0558906
0.0101619 0.737028 9.99729E-05 9.99729E-05 0.0128775 9.99729E-05 0.00853378 0.0360561 0.195043
9.9964E-05 0.00343519 0.0157175 9.9964E-05 0.308209 0.65536 9.9964E-05 0.0168779 9.9964E-05
0.023245 0.0579478 0.898699 9.9973E-05 0.00444608 0.00382552 9.9973E-05 9.9973E-05 0.0115368
0.0304987 0.0347055 0.904191 0.00703525 0.017371 0.00589824 9.9973E-05 9.9973E-05 9.9973E-05
0.00535212 9.9973E-05 0.0191123 9.9973E-05 0.0741655 0.807219 0.0764648 9.9973E-05 0.0173869
0.104895 0.0715557 0.239594 0.167203 0.0905259 0.0847453 0.0212069 0.0713104 0.148963
9.9991E-05 0.777835 0.00773781 0.0396738 0.044876 0.00459783 0.0322074 0.00774714 0.0852247
9.9973E-05 0.14425 9.9973E-05 0.694995 0.0576298 0.0544157 9.9973E-05 0.0166122 0.0317971
9.9964E-05 0.0700738 0.804654 0.0646835 9.9964E-05 9.9964E-05 9.9964E-05 0.0514412 0.00874766
0.00495801 0.177006 9.9973E-05 0.499201 0.252477 0.026972 9.9973E-05 0.0390869 9.9973E-05
0.00228974 0.80688 0.0248478 0.0100572 0.0519135 9.9991E-05 0.0523801 0.0118959 0.0396361
9.9973E-05 0.0142994 0.040482 0.0270101 0.724136 9.9973E-05 9.9973E-05 0.192705 0.00106744
0.0318422 0.846412 9.9964E-05 9.9964E-05 9.9964E-05 9.9964E-05 0.00704473 0.0135902 0.100711
0.0546782 9.9982E-05 0.10913 0.0949214 9.9982E-05 0.019799 0.321912 0.00278996 0.39657
0.0146461 0.0453335 0.925675 9.9964E-05 9.9964E-05 0.00355995 9.9964E-05 0.0103861 9.9964E-05
0.00938794 0.0581463 0.0180764 9.9964E-05 0.327437 0.586552 9.9964E-05 9.9964E-05 9.9964E-05
0.00386052 0.108987 9.9973E-05 0.456078 9.9973E-05 0.413416 0.0125139 0.00484444 9.9973E-05
0.0199638 9.9964E-05 0.0333516 0.021972 9.9964E-05 0.888368 9.9964E-05 0.0359451 9.9964E-05
0.0392799 0.35149 0.0464545 0.294102 0.134741 0.0292356 9.9991E-05 0.00854807 0.0960494
0.0180455 9.9937E-05 9.9937E-05 9.9937E-05 9.9937E-05 0.981255 9.9937E-05 9.9937E-05 9.9937E-05
9.9964E-05 0.888917 0.00584161 0.0504592 9.9964E-05 0.0363152 9.9964E-05 9.9964E-05 0.0180667
0.0581144 0.045253 0.0447609 0.0361371 9.9982E-05 0.798653 0.000863688 0.0160183 9.9982E-05
0.0594563 0.0812273 0.00181573 0.0258033 9.9964E-05 0.831298 9.9964E-05 9.9964E-05 9.9964E-05
9.9973E-05 0.0428454 0.86504 0.013613 0.00193571 0.0548598 9.9973E-05 0.0214066 9.9973E-05
9.99731E-05 0.103651 0.377961 0.127295 0.280642 0.0295727 0.0805784 9.99731E-05 9.99731E-05
0.010122 0.289421 0.330548 0.258483 0.0323905 0.0600386 9.9982E-05 0.0187965 9.9982E-05
0.00990587 0.0138768 0.0297268 0.0235452 0.0138946 0.0662512 0.0547065 0.768025 0.0200683
9.9964E-05 9.9964E-05 9.9964E-05 0.0256592 9.9964E-05 0.0291153 0.0599861 0.876769 0.00807075
0.0167013 0.0250373 0.0315969 9.9982E-05 9.9982E-05 0.0150685 0.0644285 0.829356 0.0176119
0.0139695 0.0415403 0.0248442 0.0190239 9.9982E-05 0.011848 0.0503921 0.838182 9.9982E-05
9.9955E-05 9.9955E-05 0.932717 9.9955E-05 9.9955E-05 9.9955E-05 0.0179111 0.0195439 0.0293283
9.9955E-05 9.9955E-05 0.907958 9.9955E-05 9.9955E-05 0.0226662 0.0500515 9.9955E-05 0.0188246
0.0214742 0.0168403 0.752127 0.08401 0.00436137 9.9991E-05 0.0183925 0.0189025 0.0837919
9.9964E-05 9.9964E-05 0.0106409 9.9964E-05 0.207358 0.287801 9.9964E-05 0.398063 0.0957378
0.166316 0.0307985 0.190729 0.156034 0.0626283 0.119333 0.00911377 0.125197 0.13985
0.120732 0.0369294 0.359122 9.9973E-05 9.9973E-05 9.9973E-05 0.287759 0.022155 0.173003
0.00784278 9.9973E-05 0.733186 0.0912539 9.9973E-05 0.0108546 0.0450941 9.9973E-05 0.111469
0.0913803 9.9964E-05 0.634419 0.0600497 9.9964E-05 9.9964E-05 0.135547 9.9964E-05 0.0782041
0.0325117 9.9973E-05 0.743981 9.9973E-05 0.00399808 9.9973E-05 0.166949 0.0195442 0.0327158
0.133596 9.9973E-05 0.483121 0.0239382 0.0203373 9.9973E-05 0.278146 9.9973E-05 0.0605608
0.00650734 0.0419433 0.00921135 0.0345598 0.0595085 0.0176414 9.9991E-05 0.0359102 0.794618
9.9973E-05 0.0813428 0.0218258 0.857049 9.9973E-05 9.9973E-05 0.0226757 0.00548561 0.0113216
0.0419988 0.17361 0.219114 0.549596 9.9964E-05 9.9964E-05 9.9964E-05 0.0152814 9.9964E-05
9.9964E-05 9.9964E-05 9.9964E-05 0.00333758 0.00704022 0.918981 0.0669677 9.9964E-05 0.00327377
9.9946E-05 9.9946E-05 9.9946E-05 9.9946E-05 9.9946E-05 0.869785 0.0712989 9.9946E-05 0.0583162
9.9973E-05 9.9973E-05 0.00206974 0.00959876 0.0110902 0.806491 0.125281 9.9973E-05 0.0451699
9.9964E-05 9.9964E-05 9.9964E-05 9.9964E-05 0.193425 0.303643 0.229561 0.154206 0.118766
9.99458E-05 9.99458E-05 9.99458E-05 9.99458E-05 9.99458E-05 0.0247 0.946424 9.99458E-05 0.0282767
9.99368E-05 9.99368E-05 9.99368E-05 9.99368E-05 9.99368E-05 0.0089938 0.990307 9.99368E-05 9.99368E-05
9.9964E-05 9.9964E-05 0.899519 0.0131813 9.9964E-05 9.9964E-05 0.0464299 0.0047355 0.0357344
0.0136302 9.9982E-05 0.815434 9.9982E-05 0.00952162 0.0117007 0.0635378 0.0292283 0.0567473
9.9964E-05 0.0230601 0.936659 0.00938108 0.0012399 0.0292601 9.9964E-05 9.9964E-05 9.9964E-05
9.9955E-05 0.835118 9.9955E-05 0.0648735 9.9955E-05 0.0291624 9.9955E-05 9.9955E-05 0.0703467
0.0438711 0.00777353 0.00493563 9.9964E-05 9.9964E-05 0.91499 9.9964E-05 0.0280297 9.9964E-05
0.0191899 9.9955E-05 9.9955E-05 9.9955E-05 0.0233759 0.924538 9.9955E-05 0.0323967 9.9955E-05
9.9964E-05 0.00554734 9.9964E-05 0.00602674 0.0779902 0.875782 9.9964E-05 0.0342538 9.9964E-05
9.9973E-05 0.0210502 9.9973E-05 0.0179408 0.132773 0.819081 0.00484982 0.00400537 9.9973E-05
0.0358372 0.0137641 0.0170272 9.9973E-05 0.0655133 0.826814 9.9973E-05 0.0407443 9.9973E-05
9.99551E-05 0.21012 9.99551E-05 0.696427 0.0112117 0.0817409 9.99551E-05 9.99551E-05 9.99551E-05
0.0588687 0.0496302 0.0176152 9.9982E-05 0.336023 0.126398 0.32027 0.0909963 9.9982E-05
9.9946E-05 0.964502 9.9946E-05 9.9946E-05 9.9946E-05 9.9946E-05 0.0291148 9.9946E-05 0.0057831
9.9946E-05 0.213285 9.9946E-05 0.703816 9.9946E-05 0.0822993 9.9946E-05 9.9946E-05 9.9946E-05
9.9973E-05 0.119832 0.761443 9.9973E-05 0.0160511 0.0367549 9.9973E-05 0.0108691 0.0547505
9.9937E-05 0.219204 9.9937E-05 0.780096 9.9937E-05 9.9937E-05 9.9937E-05 9.9937E-05 9.9937E-05
9.9937E-05 0.276357 9.9937E-05 0.722943 9.9937E-05 9.9937E-05 9.9937E-05 9.9937E-05 9.9937E-05
9.9946E-05 0.269519 9.9946E-05 0.716082 9.9946E-05 9.9946E-05 9.9946E-05 0.0137991 9.9946E-05
0.0504869 9.9964E-05 0.00621454 0.0295393 9.9964E-05 0.90757 9.9964E-05 0.00578935 9.9964E-05
9.9946E-05 0.0195082 9.9946E-05 0.00741028 9.9946E-05 0.972482 9.9946E-05 9.9946E-05 9.9946E-05
9.9982E-05 9.9982E-05 0.0395067 0.025945 0.337162 0.253851 0.00786416 0.0343069 0.301165
0.0450672 0.00707543 9.9964E-05 9.9964E-05 0.00560367 0.91623 9.9964E-05 9.9964E-05 0.0256243
9.993E-05 9.993E-05 9.993E-05 9.993E-05 9.993E-05 0.999201 9.993E-05 9.993E-05 9.993E-05
9.99551E-05 0.072788 9.99551E-05 0.452063 0.17836 0.296288 9.99551E-05 9.99551E-05 9.99551E-05
9.9955E-05 9.9955E-05 9.9955E-05 9.9955E-05 0.0640598 0.765384 0.128958 0.0410993 9.9955E-05
9.9964E-05 9.9964E-05 0.00662409 9.9964E-05 0.0809392 0.741085 0.165415 0.00553687 9.9964E-05
0.00956427 9.9982E-05 0.0404526 9.9982E-05 0.183327 0.0941492 0.369176 0.015011 0.288121
0.0223978 0.918831 0.00731304 0.0249844 0.00218986 9.9982E-05 0.0140091 0.010075 9.9982E-05
9.9964E-05 0.125432 9.9964E-05 0.00222141 0.201985 0.663823 9.9964E-05 0.00613909 9.9964E-05
0.406421 0.0260494 0.293936 0.00380228 0.187322 9.9973E-05 9.9973E-05 0.0821699 9.9973E-05
9.9955E-05 0.0904373 9.9955E-05 0.054005 0.310519 0.544539 9.9955E-05 9.9955E-05 9.9955E-05
0.029687 9.9955E-05 9.9955E-05 0.0231427 9.9955E-05 0.946376 9.9955E-05 9.9955E-05 0.000294362
9.9955E-05 0.192094 9.9955E-05 0.752457 9.9955E-05 0.0401582 9.9955E-05 0.0147911 9.9955E-05
9.9973E-05 0.104243 9.9973E-05 0.563261 0.0159781 0.275672 9.9973E-05 0.000226928 0.0403193
9.9946E-05 0.845863 0.0273151 9.9946E-05 9.9946E-05 9.9946E-05 9.9946E-05 9.9946E-05 0.126222
9.9955E-05 9.9955E-05 9.9955E-05 9.9955E-05 0.00677323 0.0176125 0.0276198 9.9955E-05 0.947495
9.9955E-05 9.9955E-05 0.0341214 0.94005 9.9955E-05 9.9955E-05 0.0146458 9.9955E-05 0.0106825
0.00209555 0.0695203 9.9955E-05 0.139519 9.9955E-05 9.9955E-05 9.9955E-05 9.9955E-05 0.788365
9.9973E-05 0.853902 0.017603 0.0412231 0.0130767 0.0315672 9.9973E-05 9.9973E-05 0.0423276
9.9955E-05 0.877713 0.00159182 0.0756035 9.9955E-05 0.0445917 9.9955E-05 9.9955E-05 9.9955E-05
9.99459E-05 0.0407656 9.99459E-05 0.0184304 9.99459E-05 9.99459E-05 9.99459E-05 9.99459E-05 0.940204
9.9973E-05 0.126346 9.9973E-05 0.284726 0.0507748 0.0233242 9.9973E-05 0.0173242 0.497204
9.9955E-05 0.906754 0.00719404 9.9955E-05 9.9955E-05 9.9955E-05 0.00499943 9.9955E-05 0.0805531
0.0229225 9.9982E-05 0.0796537 9.9982E-05 0.146538 0.0962039 0.3519 0.0224068 0.280176
0.00205192 0.0473891 0.931605 0.00973593 9.9964E-05 9.9964E-05 9.9964E-05 9.9964E-05 0.00881826
9.9973E-05 0.141226 0.747596 9.9973E-05 0.0105326 0.0447191 9.9973E-05 0.0146176 0.0410088
0.999201 9.993E-05 9.993E-05 9.993E-05 9.993E-05 9.993E-05 9.993E-05 9.993E-05 9.993E-05
9.9973E-05 0.150225 0.679115 9.9973E-05 0.0169815 0.0646009 9.9973E-05 0.00996988 0.078808
0.0254673 0.0690949 0.832212 0.0727264 9.9955E-05 9.9955E-05 9.9955E-05 9.9955E-05 9.9955E-05
9.9946E-05 0.607002 0.356064 0.0363345 9.9946E-05 9.9946E-05 9.9946E-05 9.9946E-05 9.9946E-05
0.0317857 0.0574065 0.872472 0.0364234 0.00151276 9.9964E-05 9.9964E-05 9.9964E-05 9.9964E-05
0.0222042 0.00208695 0.248027 0.528616 9.9982E-05 0.00113952 9.9982E-05 0.0530208 0.144706
9.9964E-05 0.0169446 0.954209 9.9964E-05 9.9964E-05 0.0238771 9.9964E-05 0.00170896 0.00286067
0.100548 9.99639E-05 0.10416 0.038157 9.99639E-05 9.99639E-05 0.285331 9.99639E-05 0.471404
9.9973E-05 0.0865248 0.0535748 0.18083 9.9973E-05 9.9973E-05 0.0746609 0.0261012 0.578009
0.0184909 0.13347 0.16384 0.271714 9.99731E-05 9.99731E-05 0.188713 9.99731E-05 0.223472
9.9964E-05 0.00531573 0.870644 0.0447398 9.9964E-05 0.0325452 9.9964E-05 9.9964E-05 0.0463558
0.0223634 9.9946E-05 9.9946E-05 9.9946E-05 0.115344 0.861693 9.9946E-05 9.9946E-05 9.9946E-05
9.9946E-05 9.9946E-05 0.0212263 0.935948 9.9946E-05 9.9946E-05 9.9946E-05 9.9946E-05 0.0422257
0.0842456 9.9964E-05 0.127493 0.0225174 9.9964E-05 9.9964E-05 0.34839 9.9964E-05 0.416954
9.9946E-05 9.9946E-05 0.0201943 0.88176 9.9946E-05 9.9946E-05 9.9946E-05 9.9946E-05 0.0974463
9.9946E-05 9.9946E-05 9.9946E-05 9.9946E-05 0.0618561 0.764454 0.17309 9.9946E-05 9.9946E-05
0.00991848 0.96035 9.9973E-05 0.00301846 0.0109496 9.9973E-05 0.0100131 0.0054506 9.9973E-05
0.963484 0.013956 9.9955E-05 9.9955E-05 0.01302 9.9955E-05 9.9955E-05 0.00904005 9.9955E-05
0.687165 0.0384015 0.0454677 0.00884684 0.119988 9.9982E-05 0.0732837 9.9982E-05 0.0266481
0.0343879 0.0139907 0.951022 9.99461E-05 9.99461E-05 9.99461E-05 9.99461E-05 9.99461E-05 9.99461E-05
0.0422122 0.186302 0.225361 0.545625 9.9955E-05 9.9955E-05 9.9955E-05 9.9955E-05 9.9955E-05
0.000299725 0.999001 9.99369E-05 9.99369E-05 9.99369E-05 9.99369E-05 9.99369E-05 9.99369E-05 9.99369E-05
9.993E-05 0.999201 9.993E-05 9.993E-05 9.993E-05 9.993E-05 9.993E-05 9.993E-05 9.993E-05
9.9982E-05 0.167643 9.9982E-05 0.559524 0.0886809 0.0745471 0.00656281 0.0407098 0.0621314
0.00995753 0.127749 0.283826 0.574694 9.9964E-05 9.9964E-05 9.9964E-05 0.00337358 9.9964E-05
9.9955E-05 9.9955E-05 0.00882379 9.9955E-05 9.9955E-05 0.831171 0.154951 9.9955E-05 0.00455484
9.99458E-05 9.99458E-05 9.99458E-05 9.99458E-05 9.99458E-05 0.00908813 0.978011 9.99458E-05 0.012301
9.9955E-05 9.9955E-05 9.9955E-05 9.9955E-05 0.0814169 0.449029 0.290427 0.178628 9.9955E-05
0.0339134 9.9964E-05 0.027227 9.9964E-05 0.173704 9.9964E-05 0.498257 0.266499 9.9964E-05
0.0279015 0.0276127 9.9964E-05 9.9964E-05 0.141539 9.9964E-05 0.567075 0.235473 9.9964E-05
9.9964E-05 0.0228453 9.9964E-05 9.9964E-05 0.273155 0.187485 0.363972 0.152143 9.9964E-05
9.99368E-05 9.99368E-05 9.99368E-05 9.99368E-05 9.99368E-05 0.0184969 0.980804 9.99368E-05 9.99368E-05
0.0409879 9.9982E-05 0.0106948 0.0143412 0.186112 0.0385093 0.426019 0.283136 9.9982E-05
9.9964E-05 9.9964E-05 0.0107931 9.9964E-05 0.375967 0.081972 0.373701 0.157167 9.9964E-05
0.0460715 0.0703462 0.0341329 0.0176479 9.99729E-05 9.99729E-05 0.547256 9.99729E-05 0.284245
9.9964E-05 0.00749455 9.9964E-05 9.9964E-05 0.253434 0.231932 0.361937 0.144802 9.9964E-05
0.0397362 9.99639E-05 0.0787825 9.99639E-05 9.99639E-05 9.99639E-05 0.565789 0.0239702 0.291323
9.9946E-05 0.114105 9.9946E-05 0.096449 9.9946E-05 9.9946E-05 9.9946E-05 9.9946E-05 0.788847
0.0273116 9.9973E-05 9.9973E-05 0.0741396 0.184035 0.0264184 9.9973E-05 0.0902479 0.597548
0.0213051 9.9982E-05 9.9982E-05 0.0549755 0.211239 0.189481 0.41312 0.084721 0.0249586
0.0384282 9.9991E-05 0.023324 0.0603583 0.150433 0.148733 0.364018 0.115384 0.0992209
9.993E-05 9.993E-05 9.993E-05 9.993E-05 9.993E-05 9.993E-05 0.999201 9.993E-05 9.993E-05
9.99549E-05 9.99549E-05 9.99549E-05 9.99549E-05 0.22322 0.207572 0.405809 0.1629 9.99549E-05
9.9964E-05 9.9964E-05 0.137026 0.829527 0.0151251 9.9964E-05 0.00187435 9.9964E-05 0.0160481
9.9946E-05 9.9946E-05 9.9946E-05 9.9946E-05 0.0281006 0.831956 0.139344 9.9946E-05 9.9946E-05
0.0209513 0.0362491 0.00866841 9.9973E-05 0.134742 9.9973E-05 0.530826 0.268263 9.9973E-05
9.9955E-05 9.9955E-05 9.9955E-05 9.9955E-05 0.325034 0.205599 0.444662 0.024205 9.9955E-05
0.00601881 9.9964E-05 9.9964E-05 9.9964E-05 0.204209 0.0675806 0.442908 0.278884 9.9964E-05
0.0158652 9.9964E-05 9.9964E-05 9.9964E-05 0.292866 0.0696508 0.38475 0.236468 9.9964E-05
9.9973E-05 0.133802 0.724541 9.9973E-05 0.0276509 0.0339654 9.9973E-05 0.0101935 0.0695479
0.0525062 0.0206556 0.358242 0.432542 9.9982E-05 0.0255153 9.9982E-05 0.0454576 0.0648817
9.9955E-05 9.9955E-05 9.9955E-05 9.9955E-05 0.0804246 0.719171 0.161968 0.0379366 9.9955E-05
9.9955E-05 9.9955E-05 0.0416713 0.888142 9.9955E-05 9.9955E-05 9.9955E-05 0.00031851 0.0693682
9.9973E-05 0.151183 0.717235 9.9973E-05 0.0114179 0.072429 9.9973E-05 0.00349395 0.0439413
0.0126706 0.0300938 9.9955E-05 9.9955E-05 9.9955E-05 9.9955E-05 0.0780171 9.9955E-05 0.878719
0.00185299 9.9937E-05 9.9937E-05 9.9937E-05 9.9937E-05 0.997447 9.9937E-05 9.9937E-05 9.9937E-05
0.0126243 9.9937E-05 9.9937E-05 9.9937E-05 9.9937E-05 0.986676 9.9937E-05 9.9937E-05 9.9937E-05
0.0347612 9.9964E-05 9.9964E-05 0.00585761 0.0297734 0.885648 9.9964E-05 0.0435599 9.9964E-05
9.9937E-05 9.9937E-05 9.9937E-05 9.9937E-05 9.9937E-05 0.987367 9.9937E-05 0.0119332 9.9937E-05
0.0100219 0.785094 0.0031091 0.078974 9.9973E-05 0.0316697 9.9973E-05 9.9973E-05 0.090831
0.0448735 0.0127064 0.0665746 9.9964E-05 0.0520822 0.823363 9.9964E-05 9.9964E-05 9.9964E-05
9.9973E-05 0.173154 0.722076 9.9973E-05 0.0181344 0.0529677 9.9973E-05 0.00849922 0.0248685
9.9946E-05 9.9946E-05 0.932227 9.9946E-05 9.9946E-05 9.9946E-05 0.0365462 9.9946E-05 0.0306268
0.00286547 0.0593352 0.892675 0.0252957 9.9964E-05 9.9964E-05 9.9964E-05 0.0194292 9.9964E-05
0.0124945 0.0286299 0.931753 9.9964E-05 9.9964E-05 0.00513706 0.0215861 9.9964E-05 9.9964E-05
0.035381 0.00750798 0.891959 0.0520602 9.9964E-05 9.9964E-05 9.9964E-05 0.0126924 9.9964E-05
0.0644003 9.9964E-05 0.0427236 9.9964E-05 0.0407346 9.9964E-05 0.446457 0.405285 9.9964E-05
0.0871338 9.9964E-05 0.0462973 9.9964E-05 0.0214962 9.9964E-05 0.446972 0.397701 9.9964E-05
9.9964E-05 0.0319859 0.0216589 0.0125883 9.9964E-05 9.9964E-05 0.0384024 0.894965 9.9964E-05
0.000497997 9.9964E-05 0.026519 9.9964E-05 0.00223562 0.102779 9.9964E-05 0.867568 9.9964E-05
0.00178877 9.9973E-05 0.00378213 0.0167328 9.9973E-05 0.0314069 9.9973E-05 0.903972 0.0420171
0.00282233 0.10432 9.9982E-05 0.0391553 9.9982E-05 0.00503837 0.0163593 0.277692 0.554413
9.9946E-05 9.9946E-05 9.9946E-05 0.0285253 9.9946E-05 9.9946E-05 0.0303709 0.940504 9.9946E-05
0.0195454 0.111379 0.178856 0.240288 0.0263005 0.202512 0.081072 0.0739586 0.0660881
9.993E-05 9.993E-05 9.993E-05 9.993E-05 9.993E-05 9.993E-05 9.993E-05 0.999201 9.993E-05
9.9937E-05 9.9937E-05 9.9937E-05 9.9937E-05 0.00115656 9.9937E-05 9.9937E-05 0.998144 9.9937E-05
0.0128197 9.9955E-05 9.9955E-05 9.9955E-05 0.0280414 0.012214 9.9955E-05 0.946425 9.9955E-05
9.9955E-05 9.9955E-05 0.0370225 9.9955E-05 0.707155 0.0154586 9.9955E-05 0.239864 9.9955E-05
9.99371E-05 9.99371E-05 9.99371E-05 9.99371E-05 9.99371E-05 0.00994243 9.99371E-05 0.989358 9.99371E-05
0.0247552 9.9973E-05 0.0221144 9.9973E-05 0.113654 0.0315504 0.0133543 0.794272 9.9973E-05
9.9955E-05 9.9955E-05 0.0989944 0.874046 9.9955E-05 9.9955E-05 0.00844446 9.9955E-05 0.0180158
0.0480432 9.9964E-05 0.227781 0.56053 9.9964E-05 9.9964E-05 9.9964E-05 0.0805768 0.0826698
9.9964E-05 9.9964E-05 0.697375 0.123856 9.9964E-05 9.9964E-05 0.0662197 0.0148917 0.0972579
0.0308275 9.9964E-05 0.850931 0.0645625 9.9964E-05 0.00220338 9.9964E-05 9.9964E-05 0.0510756
9.9964E-05 0.0344883 0.0286965 0.155513 9.9964E-05 9.9964E-05 0.0668521 9.9964E-05 0.71405
0.0450208 9.9982E-05 0.770828 0.0783627 9.9982E-05 0.00346324 0.0025263 0.0364711 0.0631281
9.9955E-05 9.9955E-05 0.00672496 0.959442 9.9955E-05 9.9955E-05 0.0107093 9.9955E-05 0.0226242
9.9955E-05 9.9955E-05 0.0633011 0.905998 0.000368967 9.9955E-05 0.0298319 9.9955E-05 9.9955E-05
9.9946E-05 0.0670467 9.9946E-05 0.0340513 9.9946E-05 9.9946E-05 9.9946E-05 9.9946E-05 0.898302
0.0234782 9.9991E-05 0.724332 0.04701 0.00381273 0.0091968 0.0959236 0.0137628 0.0823842
0.119662 9.9991E-05 0.493013 0.154227 0.0191422 0.0179352 0.0468354 0.00344218 0.145643
0.0544013 0.108885 0.0259033 0.0191873 9.99731E-05 9.99731E-05 0.209994 9.99731E-05 0.581329
0.00473231 0.0362787 9.99639E-05 0.0692923 9.99639E-05 9.99639E-05 0.0193554 9.99639E-05 0.869941
9.99639E-05 0.0360437 0.054542 0.143421 9.99639E-05 9.99639E-05 0.0997953 9.99639E-05 0.665798
9.9973E-05 0.0400077 0.223713 0.553935 0.0319729 0.071081 9.9973E-05 9.9973E-05 0.0789907
0.00640322 0.120202 0.017292 0.0631091 9.9973E-05 9.9973E-05 9.9973E-05 0.0151699 0.777524
0.0108009 9.9982E-05 0.0120682 0.908282 9.9982E-05 0.000439024 0.0137263 0.0121394 0.0423442
9.9955E-05 0.0529202 9.9955E-05 9.9955E-05 0.00276935 0.015764 9.9955E-05 9.9955E-05 0.928047
0.0113075 9.9964E-05 9.9964E-05 9.9964E-05 0.0127536 0.0131971 0.00871916 9.9964E-05 0.953623
0.0305724 0.0483564 9.9982E-05 9.9982E-05 0.159393 0.158321 0.356031 0.0552875 0.191839
9.9937E-05 0.161435 9.9937E-05 9.9937E-05 9.9937E-05 9.9937E-05 9.9937E-05 9.9937E-05 0.837866
9.9937E-05 0.0878714 9.9937E-05 9.9937E-05 9.9937E-05 9.9937E-05 9.9937E-05 9.9937E-05 0.911429
9.9937E-05 0.124048 9.9937E-05 9.9937E-05 9.9937E-05 9.9937E-05 9.9937E-05 9.9937E-05 0.875253
0.0882988 9.9973E-05 0.180741 0.0648516 9.9973E-05 9.9973E-05 0.281134 0.00550637 0.379168
9.9964E-05 9.9964E-05 0.11588 0.778438 0.00366442 9.9964E-05 0.00950782 9.9964E-05 0.0921097
9.9973E-05 9.9973E-05 0.00183311 0.863881 9.9973E-05 0.0250471 0.00202486 0.0175336 0.0893806
9.9964E-05 9.9964E-05 0.0178312 0.861921 9.9964E-05 9.9964E-05 0.00775831 0.0019963 0.110093
9.9946E-05 9.9946E-05 0.060887 0.88886 9.9946E-05 9.9946E-05 9.9946E-05 9.9946E-05 0.049653
9.9946E-05 9.9946E-05 9.9946E-05 9.9946E-05 9.9946E-05 0.847112 0.115562 9.9946E-05 0.0367264
9.9982E-05 9.9982E-05 0.0134685 0.0426211 0.324861 0.255353 0.0121831 0.0243679 0.326946
0.00684863 0.0505636 0.744625 0.136449 0.0427842 9.9982E-05 0.00462754 9.9982E-05 0.0139021
0.0477021 0.179239 0.296936 0.438993 9.9973E-05 9.9973E-05 9.9973E-05 0.0273401 0.00948961
0.0172366 9.9973E-05 9.9973E-05 0.0703113 0.153266 0.0394741 9.9973E-05 0.0335143 0.685898
0.0376512 9.9973E-05 9.9973E-05 0.0696875 0.153361 0.064477 9.9973E-05 0.0434012 0.631122
9.99549E-05 9.99549E-05 0.879449 9.99549E-05 9.99549E-05 0.0339987 0.0678379 0.0182148 9.99549E-05
9.9964E-05 0.188868 0.72799 9.9964E-05 0.00807933 0.0368591 9.9964E-05 9.9964E-05 0.0378036
0.00430512 0.103844 9.9982E-05 0.216814 0.54038 0.0293266 9.9982E-05 0.061201 0.0439299
0.000138265 0.453221 9.9991E-05 0.307958 0.0156073 0.0752267 0.0408067 0.0419799 0.0649615
0.00504925 0.0200665 0.799556 0.104714 0.000652244 9.9982E-05 0.0230048 9.9982E-05 0.0467572
0.0774734 9.9964E-05 0.219191 0.00121748 9.9964E-05 9.9964E-05 0.36377 9.9964E-05 0.337949
0.0428642 0.00104869 9.9982E-05 0.0729836 0.14197 0.0291569 9.9982E-05 0.0854496 0.626327
0.116566 9.99639E-05 0.0949994 0.097338 9.99639E-05 9.99639E-05 0.393973 9.99639E-05 0.296724
0.087906 9.99731E-05 0.199063 0.0955264 9.99731E-05 9.99731E-05 0.328363 0.0142049 0.274637
0.07034 9.9973E-05 0.879579 0.00118714 0.0101052 9.9973E-05 0.018157 9.9973E-05 0.0203314
9.9964E-05 0.00143119 0.922883 9.9964E-05 0.0538011 0.0072754 9.9964E-05 9.9964E-05 0.0142093
0.0177184 9.9955E-05 0.957035 9.9955E-05 0.0230165 9.9955E-05 0.00173045 9.9955E-05 9.9955E-05
0.00197008 0.0287823 0.856689 0.0366183 9.9973E-05 9.9973E-05 0.0387202 0.0369202 9.9973E-05
0.0281002 0.0138706 0.936927 0.0105657 9.9964E-05 9.9964E-05 9.9964E-05 0.0101368 9.9964E-05
9.9955E-05 0.0647696 0.88428 0.0345053 0.0159451 9.9955E-05 9.9955E-05 9.9955E-05 9.9955E-05
0.151425 9.9973E-05 0.502195 0.00490994 0.0294763 9.9973E-05 0.265278 9.9973E-05 0.0464156
0.112297 9.9973E-05 0.239927 0.0152431 9.9973E-05 9.9973E-05 0.406386 0.0452624 0.180584
9.9946E-05 0.0171351 0.96528 9.9946E-05 0.0169851 9.9946E-05 9.9946E-05 9.9946E-05 9.9946E-05
0.0949559 0.0327084 0.229132 0.0483 9.9982E-05 9.9982E-05 0.380019 0.00807113 0.206614
0.0699996 9.9964E-05 0.116999 0.0603692 9.9964E-05 9.9964E-05 0.369047 9.9964E-05 0.383186
9.993E-05 9.993E-05 9.993E-05 9.993E-05 0.999201 9.993E-05 9.993E-05 9.993E-05 9.993E-05
9.99459E-05 9.99459E-05 9.99459E-05 9.99459E-05 0.938658 9.99459E-05 0.0495255 9.99459E-05 0.0112167
9.993E-05 9.993E-05 9.993E-05 9.993E-05 0.999201 9.993E-05 9.993E-05 9.993E-05 9.993E-05
9.9937E-05 9.9937E-05 9.9937E-05 9.9937E-05 0.974738 9.9937E-05 0.0245623 9.9937E-05 9.9937E-05
9.99369E-05 9.99369E-05 0.00302636 9.99369E-05 0.996274 9.99369E-05 9.99369E-05 9.99369E-05 9.99369E-05
9.993E-05 9.993E-05 9.993E-05 9.993E-05 0.999201 9.993E-05 9.993E-05 9.993E-05 9.993E-05
9.993E-05 9.993E-05 9.993E-05 9.993E-05 0.999201 9.993E-05 9.993E-05 9.993E-05 9.993E-05
9.9964E-05 9.9964E-05 0.0128969 9.9964E-05 0.020696 0.0241165 9.9964E-05 0.0132577 0.928633
0.020852 0.25981 9.9946E-05 9.9946E-05 9.9946E-05 9.9946E-05 9.9946E-05 9.9946E-05 0.718738
9.9973E-05 0.00734361 9.9973E-05 9.9973E-05 0.176609 0.133316 0.241728 0.0530563 0.387648
0.0126499 0.00100653 9.9991E-05 0.00847184 0.162498 0.135116 0.256466 0.0423011 0.381391
0.00396103 9.9982E-05 0.821001 0.060361 0.0339022 0.00818029 0.0490053 0.0233893 9.9982E-05
0.0619183 0.0478334 0.73386 9.9991E-05 0.0104153 0.00741833 0.12767 0.00246696 0.00831712
9.9964E-05 0.00564256 0.979994 0.000642552 9.9964E-05 0.00959893 9.9964E-05 9.9964E-05 0.00372186
0.0197446 9.9964E-05 9.9964E-05 0.0153094 0.0462871 0.902335 0.0159237 9.9964E-05 9.9964E-05
9.99369E-05 9.99369E-05 9.99369E-05 9.99369E-05 0.314369 0.684931 9.99369E-05 9.99369E-05 9.99369E-05
0.0135083 9.9946E-05 9.9946E-05 9.9946E-05 0.0520865 0.933806 9.9946E-05 9.9946E-05 9.9946E-05
9.9937E-05 9.9937E-05 9.9937E-05 9.9937E-05 0.329373 0.669927 9.9937E-05 9.9937E-05 9.9937E-05
9.9982E-05 0.399154 0.00725554 0.0749852 0.0936279 0.406429 0.0050499 0.0132976 9.9982E-05
9.9973E-05 0.182239 0.0219695 0.0221483 0.286192 0.287416 9.9973E-05 0.199734 9.9973E-05
0.0167404 0.0133569 0.00516564 0.00329792 0.825538 0.0857833 9.9991E-05 0.0400536 0.00996454
9.9937E-05 9.9937E-05 9.9937E-05 9.9937E-05 0.343758 0.655543 9.9937E-05 9.9937E-05 9.9937E-05
9.9937E-05 9.9937E-05 9.9937E-05 9.9937E-05 0.336323 0.662978 9.9937E-05 9.9937E-05 9.9937E-05
9.9964E-05 9.9964E-05 0.00477022 0.00952694 9.9964E-05 0.979221 0.000750683 9.9964E-05 0.005331
9.9964E-05 0.00509082 0.00538748 9.9964E-05 0.182053 0.76596 9.9964E-05 0.0411083 9.9964E-05
0.108785 0.100401 0.188928 0.257209 0.0620262 0.0185225 0.050629 0.151069 0.0624314
0.00478012 9.99551E-05 0.976473 9.99551E-05 0.0163041 0.00194314 9.99551E-05 9.99551E-05 9.99551E-05
9.9946E-05 9.9946E-05 0.00359181 9.9946E-05 9.9946E-05 0.0499498 9.9946E-05 9.9946E-05 0.945859
0.061178 0.0110747 0.633842 0.186324 9.9991E-05 0.0254642 0.0522304 0.00475056 0.0250362
9.9964E-05 0.0457062 0.00256547 0.148066 9.9964E-05 9.9964E-05 0.0755737 9.9964E-05 0.727689
9.9964E-05 9.9964E-05 0.00188209 0.0116827 9.9964E-05 0.832243 0.149517 9.9964E-05 0.00427594
9.9982E-05 0.0439227 0.00620348 9.9982E-05 0.837488 0.0345413 0.0192145 0.0439016 0.0145288
9.9973E-05 0.0219088 0.0302947 9.9973E-05 0.227864 0.531296 0.181063 0.00727347 9.9973E-05
0.0811512 9.9964E-05 0.214005 0.0322618 9.9964E-05 9.9964E-05 0.354459 9.9964E-05 0.317723
0.0974832 0.055759 0.0771637 0.0347945 9.9991E-05 0.0150109 0.387985 0.00851078 0.323193
0.024672 0.0531516 0.515846 0.29146 0.0390297 9.9982E-05 9.9982E-05 0.0168149 0.0588262
9.99369E-05 0.767597 9.99369E-05 9.99369E-05 9.99369E-05 9.99369E-05 9.99369E-05 9.99369E-05 0.231703
0.0741835 9.9973E-05 0.0393293 0.0178397 0.0714157 0.0860691 9.9973E-05 0.710863 9.9973E-05
9.9982E-05 0.0232088 0.0396626 9.9982E-05 0.0403299 0.0515351 0.0355843 0.79414 0.0153393
0.00646743 9.9946E-05 9.9946E-05 9.9946E-05 9.9946E-05 9.9946E-05 9.9946E-05 0.957775 0.0351578
0.0097423 0.00893136 9.9964E-05 9.9964E-05 0.0198995 0.0283088 9.9964E-05 0.932718 9.9964E-05
0.00127423 9.9955E-05 0.0127374 9.9955E-05 0.0522846 9.9955E-05 9.9955E-05 0.933204 9.9955E-05
0.0302266 9.9973E-05 0.0326079 9.9973E-05 0.0966839 0.024835 9.9973E-05 0.802034 0.0133129
0.010146 0.0122867 0.00835868 9.9973E-05 9.9973E-05 0.00470773 0.106277 9.9973E-05 0.857924
0.0414313 9.9973E-05 0.0144861 9.9973E-05 0.424537 0.170436 0.332533 0.0162759 9.9973E-05
9.9955E-05 9.9955E-05 9.9955E-05 9.9955E-05 0.119712 0.701442 0.174785 0.00356151 9.9955E-05
0.00278602 0.00139709 9.9955E-05 9.9955E-05 9.9955E-05 0.972709 9.9955E-05 9.9955E-05 0.0226081
0.00956377 9.9946E-05 9.9946E-05 9.9946E-05 9.9946E-05 0.975777 9.9946E-05 0.0140593 9.9946E-05
9.9955E-05 9.9955E-05 0.020257 9.9955E-05 0.214256 0.7542 9.9955E-05 0.010787 9.9955E-05
9.993E-05 9.993E-05 9.993E-05 9.993E-05 9.993E-05 9.993E-05 9.993E-05 0.999201 9.993E-05
9.9955E-05 9.9955E-05 0.00982162 9.9955E-05 0.0405573 0.000411766 9.9955E-05 0.948709 9.9955E-05
0.00787831 9.9955E-05 9.9955E-05 9.9955E-05 0.652566 0.035286 9.9955E-05 0.30377 9.9955E-05
0.0284238 9.9955E-05 9.9955E-05 0.00371881 0.684787 9.9955E-05 9.9955E-05 0.282571 9.9955E-05
9.9946E-05 9.9946E-05 9.9946E-05 9.9946E-05 0.0515298 0.0206726 9.9946E-05 0.927198 9.9946E-05
