0.133244 0.00903115 0.0925234 9.9955E-05 9.9955E-05 0.0673991 9.9955E-05 0.010558 9.9955E-05 0.0335697 0.653175 9.9955E-05
0.234365 9.99369E-05 0.209538 9.99369E-05 9.99369E-05 0.285286 9.99369E-05 9.99369E-05 0.0297855 9.99369E-05 0.240326 9.99369E-05
0.218548 0.0199992 0.15922 9.9973E-05 0.047962 0.301927 9.9973E-05 0.00811697 0.012416 0.00164749 0.229863 9.9973E-05
0.167118 9.9937E-05 0.0764712 9.9937E-05 9.9937E-05 0.0566293 9.9937E-05 9.9937E-05 9.9937E-05 0.0219577 0.677125 9.9937E-05
9.9946E-05 0.00106428 0.00512751 9.9946E-05 9.9946E-05 0.882646 0.015757 9.9946E-05 0.082171 0.0126345 9.9946E-05 9.9946E-05
0.307642 0.000148972 0.230689 9.9937E-05 9.9937E-05 0.24978 9.9937E-05 9.9937E-05 9.9937E-05 9.9937E-05 0.21104 9.9937E-05
9.99371E-05 0.522089 0.0190342 9.99371E-05 9.99371E-05 9.99371E-05 0.0155609 0.00822243 9.99371E-05 9.99371E-05 9.99371E-05 0.434394
0.00012094 0.960797 9.9928E-05 9.9928E-05 9.9928E-05 9.9928E-05 9.9928E-05 9.9928E-05 9.9928E-05 9.9928E-05 0.0173244 0.0209584
0.00251715 0.991392 9.9937E-05 9.9937E-05 9.9937E-05 0.00248568 0.00164903 9.9937E-05 0.00125653 9.9937E-05 9.9937E-05 9.9937E-05
0.00203211 0.988944 9.99281E-05 9.99281E-05 9.99281E-05 9.99281E-05 9.99281E-05 9.99281E-05 0.00147956 9.99281E-05 0.00674504 9.99281E-05
9.9946E-05 9.9946E-05 9.9946E-05 9.9946E-05 0.581592 0.0419505 0.260883 9.9946E-05 0.00495366 9.9946E-05 0.01859 0.0914311
9.9928E-05 9.9928E-05 9.9928E-05 9.9928E-05 0.713234 9.9928E-05 0.220681 9.9928E-05 9.9928E-05 9.9928E-05 0.0299171 0.0353684
9.99281E-05 9.99281E-05 9.99281E-05 9.99281E-05 0.60749 9.99281E-05 0.354203 9.99281E-05 9.99281E-05 9.99281E-05 0.0247446 0.0127629
9.9928E-05 9.9928E-05 9.9928E-05 9.9928E-05 0.670044 9.9928E-05 0.310482 9.9928E-05 0.00326953 9.9928E-05 9.9928E-05 0.0154051
9.9955E-05 9.9955E-05 0.105219 0.727398 9.9955E-05 9.9955E-05 0.00306926 0.108964 9.9955E-05 0.0392078 0.00855486 0.00708792
9.9928E-05 0.975991 9.9928E-05 9.9928E-05 9.9928E-05 9.9928E-05 9.9928E-05 0.0113653 0.0113791 9.9928E-05 0.000465037 9.9928E-05
9.9955E-05 0.0100436 0.0204214 9.9955E-05 0.0229785 9.9955E-05 0.0111236 9.9955E-05 9.9955E-05 0.00192083 0.0354968 0.897516
9.99551E-05 0.00186959 9.99551E-05 0.865632 0.0906238 0.000450059 0.00633058 9.99551E-05 9.99551E-05 9.99551E-05 0.0337429 0.000851111
9.9973E-05 0.00540341 0.0579287 0.502188 0.192671 9.9973E-05 9.9973E-05 0.0371718 0.0515023 0.0245349 0.114443 0.013857
9.9946E-05 0.00345364 9.9946E-05 0.346041 0.53089 9.9946E-05 0.0743491 9.9946E-05 9.9946E-05 0.0219876 9.9946E-05 0.022679
9.9946E-05 0.0262442 9.9946E-05 0.791937 0.062977 9.9946E-05 9.9946E-05 0.031615 0.0677584 9.9946E-05 0.018869 9.9946E-05
0.00879166 0.0132412 0.0119389 0.00663449 0.958694 9.9937E-05 9.9937E-05 9.9937E-05 9.9937E-05 9.9937E-05 9.9937E-05 9.9937E-05
9.9937E-05 9.9937E-05 0.057365 0.841424 0.060739 9.9937E-05 9.9937E-05 9.9937E-05 9.9937E-05 9.9937E-05 0.00238958 0.0373829
0.0292131 0.0045315 0.0235369 0.0160726 0.837501 9.9955E-05 9.9955E-05 0.0574792 9.9955E-05 9.9955E-05 9.9955E-05 0.0311659
0.0039122 9.99191E-05 9.99191E-05 9.99191E-05 0.963132 9.99191E-05 9.99191E-05 9.99191E-05 9.99191E-05 9.99191E-05 0.0320564 9.99191E-05
9.99281E-05 9.99281E-05 0.0577079 0.870222 9.99281E-05 9.99281E-05 9.99281E-05 9.99281E-05 0.0254359 9.99281E-05 9.99281E-05 0.0458352
9.9928E-05 9.9928E-05 9.9928E-05 0.870086 0.0558641 9.9928E-05 0.0506655 0.0225849 9.9928E-05 9.9928E-05 9.9928E-05 9.9928E-05
0.034493 9.9955E-05 0.0690477 0.551773 0.274831 9.9955E-05 9.9955E-05 9.9955E-05 0.0331796 0.0207067 0.0154687 9.9955E-05
9.9937E-05 0.0126483 0.0217079 0.849301 0.0735768 9.9937E-05 9.9937E-05 9.9937E-05 9.9937E-05 0.0420665 9.9937E-05 9.9937E-05
9.9946E-05 9.9946E-05 0.017974 0.896743 0.00398512 9.9946E-05 0.0464167 0.021769 9.9946E-05 0.0125128 9.9946E-05 9.9946E-05
0.0039955 9.99281E-05 9.99281E-05 9.99281E-05 0.93659 9.99281E-05 0.0150144 9.99281E-05 9.99281E-05 0.0436006 9.99281E-05 9.99281E-05
9.9919E-05 9.9919E-05 9.9919E-05 9.9919E-05 0.421359 9.9919E-05 0.483253 9.9919E-05 9.9919E-05 9.9919E-05 9.9919E-05 0.0944888
0.000603007 9.9946E-05 0.0494581 0.840371 0.0693815 9.9946E-05 0.0156316 9.9946E-05 9.9946E-05 9.9946E-05 0.0239556 9.9946E-05
9.9955E-05 0.027948 9.9955E-05 0.131832 0.718433 9.9955E-05 0.0456543 9.9955E-05 0.0152957 9.9955E-05 0.0364134 0.0239235
9.9928E-05 9.9928E-05 9.9928E-05 0.958094 0.000200861 9.9928E-05 0.0195433 9.9928E-05 9.9928E-05 9.9928E-05 0.0213619 9.9928E-05
0.00161989 9.9928E-05 9.9928E-05 9.9928E-05 0.930965 9.9928E-05 0.0580563 9.9928E-05 0.0085595 9.9928E-05 9.9928E-05 9.9928E-05
9.99191E-05 9.99191E-05 9.99191E-05 0.875422 0.101479 0.0221997 9.99191E-05 9.99191E-05 9.99191E-05 9.99191E-05 9.99191E-05 9.99191E-05
9.99281E-05 9.99281E-05 9.99281E-05 9.99281E-05 0.94407 9.99281E-05 0.0264159 9.99281E-05 9.99281E-05 0.027672 9.99281E-05 0.00104256
0.0627032 9.9937E-05 9.9937E-05 9.9937E-05 9.9937E-05 0.0882866 9.9937E-05 0.662905 0.117198 0.0682076 9.9937E-05 9.9937E-05
0.36741 9.991E-05 9.991E-05 9.991E-05 9.991E-05 0.631591 9.991E-05 9.991E-05 9.991E-05 9.991E-05 9.991E-05 9.991E-05
9.99189E-05 9.99189E-05 9.99189E-05 9.99189E-05 9.99189E-05 0.0426253 0.956237 0.000238281 9.99189E-05 9.99189E-05 9.99189E-05 9.99189E-05
9.9928E-05 9.9928E-05 0.0132802 0.908744 0.0405768 9.9928E-05 9.9928E-05 9.9928E-05 9.9928E-05 9.9928E-05 9.9928E-05 0.0365995
9.99371E-05 9.99371E-05 9.99371E-05 0.014259 0.941248 9.99371E-05 0.0128974 9.99371E-05 9.99371E-05 0.0130815 0.0178147 9.99371E-05
0.578274 9.9955E-05 9.9955E-05 9.9955E-05 9.9955E-05 0.00167862 0.0108229 0.0179068 9.9955E-05 0.0677959 0.0398458 0.283176
9.9973E-05 0.0340649 0.0898305 0.466265 0.205003 9.9973E-05 0.031404 0.0132012 0.0247593 0.0323059 0.102866 9.9973E-05
9.9964E-05 0.0216533 0.0605926 0.312286 0.297102 9.9964E-05 0.194439 9.9964E-05 0.00438334 9.9964E-05 0.0592431 0.0499007
0.00146874 0.0249304 9.9973E-05 0.826 0.045089 0.0204817 9.9973E-05 0.039367 9.9973E-05 0.0198674 0.0185337 0.00396258
0.27344 9.99459E-05 0.23485 9.99459E-05 9.99459E-05 0.300778 9.99459E-05 9.99459E-05 0.00779123 0.0329352 0.149606 9.99459E-05
0.255452 9.9964E-05 0.0174707 9.9964E-05 9.9964E-05 0.0838217 0.0314626 0.00212575 0.0810026 0.507027 0.0212379 9.9964E-05
9.9919E-05 9.9919E-05 9.9919E-05 9.9919E-05 9.9919E-05 9.9919E-05 9.9919E-05 0.441638 9.9919E-05 9.9919E-05 0.351398 0.206065
9.9919E-05 9.9919E-05 9.9919E-05 9.9919E-05 0.0467163 9.9919E-05 0.0412191 9.9919E-05 9.9919E-05 9.9919E-05 0.911165 9.9919E-05
9.99549E-05 0.0108226 9.99549E-05 0.00874526 0.101585 9.99549E-05 9.99549E-05 0.093942 0.0105038 9.99549E-05 0.715119 0.0587823
9.99099E-05 9.99099E-05 9.99099E-05 9.99099E-05 9.99099E-05 9.99099E-05 9.99099E-05 9.99099E-05 9.99099E-05 9.99099E-05 0.973546 0.0254549
0.000310721 0.947371 9.99371E-05 0.0178403 9.99371E-05 0.0220511 0.0117271 9.99371E-05 9.99371E-05 9.99371E-05 9.99371E-05 9.99371E-05
9.9955E-05 0.921576 9.9955E-05 9.9955E-05 0.0191668 0.00421167 9.9955E-05 0.0350305 9.9955E-05 0.00515972 0.0114446 0.00291063
9.9937E-05 0.0347051 0.04667 9.9937E-05 0.0380768 9.9937E-05 0.623033 9.9937E-05 9.9937E-05 9.9937E-05 9.9937E-05 0.256815
9.9937E-05 0.0188593 0.00715681 0.00409898 0.833663 9.9937E-05 0.135523 9.9937E-05 9.9937E-05 9.9937E-05 9.9937E-05 9.9937E-05
9.99459E-05 9.99459E-05 9.99459E-05 0.155601 0.0431314 9.99459E-05 0.0151505 0.0254726 0.732168 9.99459E-05 0.0278764 9.99459E-05
9.9928E-05 9.9928E-05 0.00466889 9.9928E-05 9.9928E-05 0.836349 9.9928E-05 9.9928E-05 0.142064 9.9928E-05 0.0161188 9.9928E-05
0.175874 9.99279E-05 9.99279E-05 9.99279E-05 9.99279E-05 0.337148 9.99279E-05 9.99279E-05 0.279102 0.207076 9.99279E-05 9.99279E-05
0.0250151 9.9937E-05 0.0202176 9.9937E-05 0.0101014 9.9937E-05 9.9937E-05 9.9937E-05 0.000259351 9.9937E-05 9.9937E-05 0.943707
9.9964E-05 9.9964E-05 0.00894026 0.00111854 0.0353335 0.0220273 0.00628239 0.182289 9.9964E-05 9.9964E-05 0.0772435 0.666365
0.00521238 9.9955E-05 9.9955E-05 9.9955E-05 9.9955E-05 0.0121828 0.0978224 0.186627 9.9955E-05 0.0612304 0.0199264 0.616499
9.9928E-05 0.96355 9.9928E-05 9.9928E-05 9.9928E-05 9.9928E-05 0.00914298 0.00862962 9.9928E-05 9.9928E-05 0.0178777 9.9928E-05
0.0846848 9.9919E-05 9.9919E-05 9.9919E-05 9.9919E-05 0.729253 9.9919E-05 9.9919E-05 0.185163 9.9919E-05 9.9919E-05 9.9919E-05
9.9928E-05 9.9928E-05 0.00825023 9.9928E-05 0.0317781 9.9928E-05 0.0108054 9.9928E-05 9.9928E-05 9.9928E-05 9.9928E-05 0.948367
0.0604409 9.99279E-05 9.99279E-05 9.99279E-05 9.99279E-05 0.0132104 9.99279E-05 0.76704 0.158509 9.99279E-05 9.99279E-05 9.99279E-05
9.9928E-05 9.9928E-05 0.00763925 9.9928E-05 0.807571 9.9928E-05 0.160916 9.9928E-05 9.9928E-05 9.9928E-05 9.9928E-05 0.0230741
9.99101E-05 9.99101E-05 9.99101E-05 9.99101E-05 0.603872 9.99101E-05 0.395129 9.99101E-05 9.99101E-05 9.99101E-05 9.99101E-05 9.99101E-05
9.9964E-05 0.787125 9.9964E-05 0.0475776 9.9964E-05 0.0244933 9.9964E-05 0.0510353 0.00511104 0.0356283 0.0388962 0.00973335
9.9964E-05 0.779024 0.00262095 0.0506026 9.9964E-05 0.0108645 9.9964E-05 0.0710216 9.9964E-05 0.00861137 0.0644856 0.0123696
9.9946E-05 0.865871 9.9946E-05 0.0128036 9.9946E-05 9.9946E-05 0.0149261 9.9946E-05 9.9946E-05 0.0030908 0.0789098 0.0237991
9.99191E-05 0.953144 9.99191E-05 9.99191E-05 9.99191E-05 0.0213337 9.99191E-05 9.99191E-05 9.99191E-05 9.99191E-05 9.99191E-05 0.0246227
9.9919E-05 0.960396 9.9919E-05 9.9919E-05 9.9919E-05 9.9919E-05 9.9919E-05 0.0121495 9.9919E-05 9.9919E-05 9.9919E-05 0.0265554
9.9937E-05 0.972844 0.0195808 9.9937E-05 9.9937E-05 0.00169626 0.00463791 0.000541609 9.9937E-05 9.9937E-05 9.9937E-05 9.9937E-05
0.00197715 0.979658 0.00963213 0.00793329 9.99281E-05 9.99281E-05 9.99281E-05 9.99281E-05 9.99281E-05 9.99281E-05 9.99281E-05 9.99281E-05
9.9928E-05 0.975667 9.9928E-05 0.00834238 9.9928E-05 0.00641134 9.9928E-05 9.9928E-05 9.9928E-05 0.0087801 9.9928E-05 9.9928E-05
0.0219207 0.949736 9.99371E-05 9.99371E-05 0.0214022 9.99371E-05 9.99371E-05 9.99371E-05 0.00253521 9.99371E-05 9.99371E-05 0.00370672
0.00691646 0.991634 9.99191E-05 9.99191E-05 9.99191E-05 9.99191E-05 9.99191E-05 9.99191E-05 0.000550339 9.99191E-05 9.99191E-05 9.99191E-05
0.00147302 0.895264 0.00233768 9.9964E-05 0.0176164 9.9964E-05 0.0111279 0.019184 0.0487455 0.00385145 9.9964E-05 9.9964E-05
9.9955E-05 0.919104 0.0084358 9.9955E-05 0.00595543 0.00101547 9.9955E-05 0.0157708 0.0180106 9.9955E-05 9.9955E-05 0.0312085
9.9937E-05 0.936278 0.000941526 9.9937E-05 9.9937E-05 9.9937E-05 0.0229801 0.0260216 0.0130797 9.9937E-05 9.9937E-05 9.9937E-05
9.99192E-05 0.541676 9.99192E-05 0.423624 0.0338012 9.99192E-05 9.99192E-05 9.99192E-05 9.99192E-05 9.99192E-05 9.99192E-05 9.99192E-05
9.99191E-05 0.554614 9.99191E-05 0.417825 0.0266617 9.99191E-05 9.99191E-05 9.99191E-05 9.99191E-05 9.99191E-05 9.99191E-05 9.99191E-05
0.0119772 0.975808 9.9919E-05 9.9919E-05 9.9919E-05 9.9919E-05 9.9919E-05 9.9919E-05 0.0113153 9.9919E-05 9.9919E-05 9.9919E-05
9.9937E-05 0.930951 9.9937E-05 9.9937E-05 9.9937E-05 9.9937E-05 0.0058891 0.0230273 0.000701411 9.9937E-05 0.0387313 9.9937E-05
0.00308382 0.929664 0.0123358 9.9946E-05 9.9946E-05 0.0162787 9.9946E-05 0.00928719 9.9946E-05 9.9946E-05 0.028751 9.9946E-05
9.9955E-05 0.935061 0.0017867 0.0244032 9.9955E-05 0.00984166 0.0055514 0.0112818 0.0115744 9.9955E-05 9.9955E-05 9.9955E-05
9.99105E-05 0.993638 9.99105E-05 9.99105E-05 9.99105E-05 9.99105E-05 9.99105E-05 0.00536311 9.99105E-05 9.99105E-05 9.99105E-05 9.99105E-05
9.99192E-05 0.532388 9.99192E-05 0.434082 0.0326308 9.99192E-05 9.99192E-05 9.99192E-05 9.99192E-05 9.99192E-05 9.99192E-05 9.99192E-05
9.9955E-05 0.867432 0.00664095 0.0312537 0.0247306 9.9955E-05 0.00430139 9.9955E-05 9.9955E-05 0.051275 0.0138671 9.9955E-05
0.0238898 0.925218 9.9937E-05 0.00240633 9.9937E-05 9.9937E-05 0.0293027 9.9937E-05 9.9937E-05 9.9937E-05 9.9937E-05 0.0184841
9.9946E-05 0.937959 9.9946E-05 9.9946E-05 9.9946E-05 0.0081252 0.0125211 0.00205449 9.9946E-05 0.00267187 0.0360683 9.9946E-05
0.0388583 0.918443 0.00993332 9.9946E-05 9.9946E-05 0.00503015 9.9946E-05 9.9946E-05 0.00263466 9.9946E-05 0.0245008 9.9946E-05
9.9946E-05 0.868936 9.9946E-05 0.0190864 0.0329186 0.0255696 9.9946E-05 0.0222947 9.9946E-05 9.9946E-05 0.0305945 9.9946E-05
9.9937E-05 0.931951 9.9937E-05 9.9937E-05 9.9937E-05 9.9937E-05 9.9937E-05 0.0124723 9.9937E-05 0.00344643 0.0270253 0.0244053
0.00909884 9.9955E-05 0.757571 0.0761312 9.9955E-05 0.0392019 9.9955E-05 9.9955E-05 9.9955E-05 0.034992 0.00435372 0.078152
9.99471E-05 0.933999 0.0401738 0.0129614 9.99471E-05 0.000367696 9.99471E-05 9.99471E-05 0.0108112 9.99471E-05 0.00108696 9.99471E-05
9.9937E-05 0.957757 0.0231016 9.9937E-05 0.0152308 9.9937E-05 9.9937E-05 0.000541642 9.9937E-05 9.9937E-05 0.00266947 9.9937E-05
0.138065 0.709986 9.9946E-05 0.0614354 9.9946E-05 9.9946E-05 9.9946E-05 9.9946E-05 0.0420137 0.0118146 9.9946E-05 0.0360855
9.9919E-05 0.997655 0.00123064 9.9919E-05 9.9919E-05 9.9919E-05 9.9919E-05 9.9919E-05 0.000215447 9.9919E-05 9.9919E-05 9.9919E-05
9.9919E-05 0.985392 9.9919E-05 9.9919E-05 9.9919E-05 9.9919E-05 0.00788423 9.9919E-05 9.9919E-05 9.9919E-05 9.9919E-05 0.00582474
0.00312958 0.942956 0.00233758 9.9946E-05 0.0220207 9.9946E-05 9.9946E-05 9.9946E-05 0.0178716 9.9946E-05 0.0110847 9.9946E-05
9.9946E-05 0.946827 0.00279738 0.00527503 9.9946E-05 9.9946E-05 9.9946E-05 9.9946E-05 0.0195866 0.00666323 9.9946E-05 0.0182514
9.99279E-05 0.0201369 0.323033 0.645945 9.99279E-05 9.99279E-05 9.99279E-05 9.99279E-05 0.0100859 9.99279E-05 9.99279E-05 9.99279E-05
0.00651359 0.992487 9.99101E-05 9.99101E-05 9.99101E-05 9.99101E-05 9.99101E-05 9.99101E-05 9.99101E-05 9.99101E-05 9.99101E-05 9.99101E-05
9.9928E-05 0.948586 9.9928E-05 9.9928E-05 9.9928E-05 9.9928E-05 9.9928E-05 0.0271135 9.9928E-05 0.019386 0.00411529 9.9928E-05
9.99101E-05 0.982568 9.99101E-05 9.99101E-05 9.99101E-05 9.99101E-05 9.99101E-05 9.99101E-05 9.99101E-05 0.0164332 9.99101E-05 9.99101E-05
9.99188E-05 9.99188E-05 0.407955 0.272454 9.99188E-05 9.99188E-05 0.318692 9.99188E-05 9.99188E-05 9.99188E-05 9.99188E-05 9.99188E-05
9.9955E-05 0.889894 0.0193173 0.0012289 0.0151921 0.0257502 9.9955E-05 0.024361 9.9955E-05 0.023757 9.9955E-05 9.9955E-05
9.9937E-05 0.926186 9.9937E-05 9.9937E-05 0.036328 9.9937E-05 0.00537049 0.01738 9.9937E-05 9.9937E-05 0.014036 9.9937E-05
0.013641 0.941942 9.9946E-05 0.0179997 9.9946E-05 9.9946E-05 9.9946E-05 0.0046773 9.9946E-05 0.000875742 0.0202646 9.9946E-05
0.00334035 0.989426 9.99191E-05 9.99191E-05 0.00633441 9.99191E-05 9.99191E-05 9.99191E-05 9.99191E-05 9.99191E-05 9.99191E-05 9.99191E-05
9.9964E-05 0.00869884 0.0160463 0.616421 0.270235 9.9964E-05 0.000810543 9.9964E-05 0.0167942 9.9964E-05 0.0422026 0.0283916
9.991E-05 0.977804 0.0211966 9.991E-05 9.991E-05 9.991E-05 9.991E-05 9.991E-05 9.991E-05 9.991E-05 9.991E-05 9.991E-05
0.00104554 0.905061 0.0169821 9.9964E-05 9.9964E-05 0.00214103 9.9964E-05 0.0247636 0.00421437 0.0196901 0.0257027 9.9964E-05
9.99281E-05 0.498458 9.99281E-05 0.44783 0.0326238 9.99281E-05 9.99281E-05 9.99281E-05 9.99281E-05 9.99281E-05 9.99281E-05 0.020289
0.00193124 0.980189 9.99322E-05 9.99322E-05 0.013931 9.99322E-05 9.99322E-05 9.99322E-05 9.99322E-05 9.99322E-05 9.99322E-05 0.00314912
9.9937E-05 0.0293246 9.9937E-05 0.177941 0.608073 9.9937E-05 0.14193 9.9937E-05 0.0420325 9.9937E-05 9.9937E-05 9.9937E-05
9.9937E-05 9.9937E-05 9.9937E-05 0.274839 0.605567 0.00103496 0.0910314 9.9937E-05 0.0268274 9.9937E-05 9.9937E-05 9.9937E-05
0.042638 9.9946E-05 0.0270983 9.9946E-05 0.748405 9.9946E-05 0.172293 0.00862913 9.9946E-05 9.9946E-05 0.000336952 9.9946E-05
9.9946E-05 0.0215079 0.117885 0.786143 0.0323927 9.9946E-05 0.0204893 9.9946E-05 9.9946E-05 9.9946E-05 9.9946E-05 0.0209824
9.9973E-05 0.0522569 9.9973E-05 0.011376 0.0373466 0.00126307 9.9973E-05 0.0119525 0.00571878 0.0278737 0.104958 0.746955
0.0385945 0.0372801 0.0254349 0.00912081 0.786623 0.00892669 0.0715888 9.9964E-05 9.9964E-05 9.9964E-05 9.9964E-05 0.0220311
9.9964E-05 9.9964E-05 0.0293766 0.189123 0.22855 0.00756833 0.154035 9.9964E-05 0.0452163 0.0424478 9.9964E-05 0.303284
9.9937E-05 0.0385504 9.9937E-05 0.137352 0.672514 0.0196155 0.131269 9.9937E-05 9.9937E-05 9.9937E-05 9.9937E-05 9.9937E-05
9.9964E-05 9.9964E-05 0.0295485 0.198694 0.667686 0.0365671 0.000208312 9.9964E-05 0.0010972 0.0303902 9.9964E-05 0.0354087
9.9946E-05 0.0179369 9.9946E-05 0.19978 0.653962 9.9946E-05 0.0950894 9.9946E-05 9.9946E-05 0.0244801 9.9946E-05 0.00815221
0.0254372 9.9964E-05 9.9964E-05 0.243027 0.590004 0.0246693 0.025566 9.9964E-05 0.0507747 0.0344959 9.9964E-05 0.0056259
9.9955E-05 0.00243526 9.9955E-05 0.281795 0.587231 0.0491502 9.9955E-05 9.9955E-05 0.0289596 0.0239227 9.9955E-05 0.0260074
9.9937E-05 0.0297219 0.0205652 9.9937E-05 0.843222 0.018958 0.0868336 9.9937E-05 9.9937E-05 9.9937E-05 9.9937E-05 9.9937E-05
0.00854454 0.0271257 0.00667984 9.9973E-05 0.612167 0.00817833 0.276643 0.00460929 9.9973E-05 0.00788403 9.9973E-05 0.0478685
9.9946E-05 0.021366 0.0234929 9.9946E-05 0.63425 9.9946E-05 0.282943 9.9946E-05 9.9946E-05 0.00322538 9.9946E-05 0.034123
0.00169021 0.0368809 0.0184838 0.708351 0.0809936 0.0050885 0.0176916 9.9991E-05 0.0165866 0.0631992 0.0414408 0.00949338
0.960313 9.9928E-05 9.9928E-05 0.0145679 9.9928E-05 9.9928E-05 9.9928E-05 9.9928E-05 0.0123568 9.9928E-05 9.9928E-05 0.0119631
0.906642 0.0152436 0.0224249 9.9937E-05 9.9937E-05 9.9937E-05 9.9937E-05 0.0251131 0.0298765 9.9937E-05 9.9937E-05 9.9937E-05
0.222084 9.99622E-05 9.99622E-05 9.99622E-05 9.99622E-05 0.610392 0.0330887 0.0139034 0.0944675 0.00706832 0.0184969 9.99622E-05
0.00674454 0.105604 0.0965695 0.25507 0.0474517 9.9982E-05 0.0640986 0.016627 0.0942815 0.023289 9.9982E-05 0.290065
0.9052 9.9928E-05 0.0106851 9.9928E-05 9.9928E-05 9.9928E-05 9.9928E-05 0.0811294 9.9928E-05 0.00218641 9.9928E-05 9.9928E-05
0.890325 9.9946E-05 0.000716274 9.9946E-05 0.00753666 9.9946E-05 9.9946E-05 0.0583942 0.0337504 9.9946E-05 0.0086774 9.9946E-05
0.019073 0.113945 0.120664 0.117018 9.9955E-05 0.0198798 0.527022 9.9955E-05 9.9955E-05 9.9955E-05 9.9955E-05 0.0818978
0.201457 9.9937E-05 9.9937E-05 9.9937E-05 9.9937E-05 0.370536 9.9937E-05 9.9937E-05 0.138452 0.271547 9.9937E-05 0.0173077
0.109789 9.9964E-05 0.00530077 0.0255173 9.9964E-05 0.37376 9.9964E-05 0.0237044 0.106311 0.337123 9.9964E-05 0.0180946
0.0998099 9.9955E-05 9.9955E-05 9.9955E-05 0.00644282 0.41624 9.9955E-05 0.0458627 0.0375479 0.380022 9.9955E-05 0.0135744
9.9964E-05 0.00551212 0.0212949 0.0312692 9.9964E-05 0.213546 9.9964E-05 0.0574845 0.0658396 0.549441 9.9964E-05 0.055212
9.9973E-05 0.00645241 0.00300623 0.0054938 0.0083098 0.226557 9.9973E-05 0.0487155 0.0524113 0.605509 9.9973E-05 0.0432455
0.0865318 9.99639E-05 9.99639E-05 0.0330434 9.99639E-05 0.422332 9.99639E-05 0.024301 0.0197544 0.378966 0.00244641 0.0322254
9.99279E-05 9.99279E-05 9.99279E-05 9.99279E-05 9.99279E-05 9.99279E-05 9.99279E-05 0.0705212 9.99279E-05 0.0287817 0.11956 0.780338
0.299985 0.00668869 9.9946E-05 0.0216468 9.9946E-05 0.636058 9.9946E-05 0.00861514 9.9946E-05 0.0264071 9.9946E-05 9.9946E-05
9.99371E-05 9.99371E-05 0.064989 0.823719 9.99371E-05 9.99371E-05 0.0227667 0.069673 9.99371E-05 9.99371E-05 9.99371E-05 0.0181528
9.9937E-05 0.0130542 0.31729 0.644097 0.0124446 9.9937E-05 0.0124149 9.9937E-05 9.9937E-05 9.9937E-05 9.9937E-05 9.9937E-05
0.0448589 0.0183294 9.9955E-05 0.0207474 9.9955E-05 0.814519 0.0162295 9.9955E-05 0.0722012 9.9955E-05 0.012615 9.9955E-05
0.0791789 0.0939976 0.0118439 0.114044 0.138032 0.118868 0.0400089 0.105346 0.0438459 0.124406 0.0325923 0.0978374
0.0387155 9.9973E-05 0.0299559 0.0287881 0.0426193 9.9973E-05 9.9973E-05 0.0069986 0.0234976 0.02939 0.0397303 0.760005
0.0406628 9.9937E-05 9.9937E-05 9.9937E-05 9.9937E-05 0.0237741 0.900494 9.9937E-05 9.9937E-05 0.0196885 0.014681 9.9937E-05
9.9973E-05 0.00802194 0.0990611 0.724859 0.0231395 0.00297695 0.0334377 9.9973E-05 9.9973E-05 0.0270874 0.0331023 0.048014
0.233329 0.00834712 9.9937E-05 0.0218956 9.9937E-05 9.9937E-05 0.700512 9.9937E-05 9.9937E-05 0.0352168 9.9937E-05 9.9937E-05
0.060367 0.014703 0.0147334 0.0273215 9.9955E-05 9.9955E-05 0.103275 9.9955E-05 0.0276472 9.9955E-05 9.9955E-05 0.751453
0.722876 0.0122347 9.9955E-05 0.061867 9.9955E-05 9.9955E-05 0.0321803 9.9955E-05 9.9955E-05 0.13532 0.0270921 0.00793024
9.9937E-05 0.00276566 9.9937E-05 9.9937E-05 9.9937E-05 9.9937E-05 9.9937E-05 0.0366923 0.0129806 9.9937E-05 0.0664303 0.880432
9.9973E-05 0.0786855 9.9973E-05 0.109516 0.0923916 9.9973E-05 0.0135973 0.241881 0.326859 0.0225025 0.107424 0.00684228
9.99279E-05 0.00829038 0.313263 0.671063 9.99279E-05 9.99279E-05 0.00658422 9.99279E-05 9.99279E-05 9.99279E-05 9.99279E-05 9.99279E-05
0.291335 0.0174266 0.00869132 0.017809 0.0221555 0.583506 9.9973E-05 0.0110817 9.9973E-05 0.0172381 9.9973E-05 0.0304564
0.0158313 9.99459E-05 9.99459E-05 9.99459E-05 0.0069049 0.352659 0.582077 9.99459E-05 0.0200104 0.0219176 9.99459E-05 9.99459E-05
9.9964E-05 0.0329486 0.0322018 0.00444793 0.0089578 0.890606 0.012834 9.9964E-05 9.9964E-05 0.0114341 9.9964E-05 0.00616987
0.0844995 0.0273833 0.154957 9.9964E-05 0.0848835 0.0449756 0.261165 9.9964E-05 9.9964E-05 9.9964E-05 0.12234 0.219396
9.99101E-05 9.99101E-05 9.99101E-05 0.0192126 9.99101E-05 0.979788 9.99101E-05 9.99101E-05 9.99101E-05 9.99101E-05 9.99101E-05 9.99101E-05
9.9928E-05 9.9928E-05 9.9928E-05 9.9928E-05 0.0719177 0.0256634 9.9928E-05 9.9928E-05 9.9928E-05 9.9928E-05 0.00547759 0.896142
9.9964E-05 0.0152821 0.035948 0.0399297 0.0327533 0.79827 9.9964E-05 0.0136174 9.9964E-05 0.00136389 9.9964E-05 0.0624361
9.9973E-05 0.0348313 9.9973E-05 0.0192777 0.0042065 0.832169 0.0461591 0.0146037 9.9973E-05 0.00435955 0.00201946 0.0420736
0.00224037 9.9946E-05 0.0938979 0.77874 9.9946E-05 0.0456606 9.9946E-05 9.9946E-05 9.9946E-05 0.0125666 9.9946E-05 0.0662952
0.29365 9.99641E-05 0.06862 0.333694 0.0560547 9.99641E-05 0.0838053 0.0591244 0.0767365 9.99641E-05 9.99641E-05 0.0279148
0.0380529 0.0214314 0.189272 0.184231 9.9964E-05 0.0304507 0.405429 9.9964E-05 9.9964E-05 0.0192722 9.9964E-05 0.111461
9.9964E-05 0.0208442 0.0217892 9.9964E-05 0.0264983 0.0842204 9.9964E-05 0.00955167 0.0230341 0.783134 9.9964E-05 0.0305281
9.9946E-05 9.9946E-05 9.9946E-05 9.9946E-05 0.0207448 0.0160829 0.00435234 0.0161503 0.0479944 0.894076 9.9946E-05 9.9946E-05
9.9973E-05 9.9973E-05 0.0297249 0.000164784 0.0065042 0.00226739 9.9973E-05 0.0165174 0.0897581 0.841369 0.00576861 0.00762538
9.9973E-05 0.0295277 0.010125 9.9973E-05 0.0146816 0.00699231 9.9973E-05 0.00297969 0.03797 0.838948 0.00471246 0.0537634
9.9928E-05 9.9928E-05 0.126908 0.837265 9.9928E-05 9.9928E-05 9.9928E-05 0.00270884 0.0323185 9.9928E-05 9.9928E-05 9.9928E-05
9.9955E-05 9.9955E-05 0.0486405 0.840155 0.0106783 0.000605574 9.9955E-05 0.0428076 0.0533533 9.9955E-05 0.00325966 9.9955E-05
9.99549E-05 0.00289785 0.139186 0.630437 0.0944741 9.99549E-05 9.99549E-05 9.99549E-05 9.99549E-05 0.0191165 0.107934 0.00545422
0.223718 0.00754062 0.000923481 9.9982E-05 0.00916444 0.270638 9.9982E-05 0.0201218 0.000788552 0.389209 0.0681017 0.00959424
0.0551658 0.121222 0.139671 0.122298 0.105321 0.115247 0.0840814 0.0726466 0.0577492 0.04783 0.0140669 0.0647016
9.9955E-05 0.139539 9.9955E-05 0.339795 9.9955E-05 9.9955E-05 0.0144229 0.16537 0.288763 0.0249032 9.9955E-05 0.0267079
0.00339429 0.0133916 9.9964E-05 0.726801 0.100678 0.0150864 9.9964E-05 0.0201635 0.0423595 9.9964E-05 0.0777255 9.9964E-05
0.0134356 0.0745094 9.9964E-05 0.645286 0.0675009 9.9964E-05 0.0026459 0.0470443 0.122 9.9964E-05 0.0271787 9.9964E-05
9.9955E-05 0.0226646 0.0119349 0.693467 9.9955E-05 9.9955E-05 0.00888466 0.0742101 0.130682 0.0576573 9.9955E-05 9.9955E-05
0.0113561 0.125331 9.9946E-05 0.471549 9.9946E-05 9.9946E-05 0.0406652 0.10766 0.24284 9.9946E-05 9.9946E-05 9.9946E-05
0.0184002 9.9946E-05 0.0620772 9.9946E-05 0.0667095 9.9946E-05 0.00080845 0.831731 9.9946E-05 0.0196739 9.9946E-05 9.9946E-05
9.99459E-05 9.99459E-05 9.99459E-05 0.00895073 0.585817 9.99459E-05 0.360803 0.0194256 0.0242853 9.99459E-05 9.99459E-05 0.000118058
9.9964E-05 0.0518659 0.0277987 0.223388 0.299034 9.9964E-05 0.315705 9.9964E-05 9.9964E-05 0.0051154 0.00406676 0.0726268
0.0187474 9.9937E-05 9.9937E-05 9.9937E-05 9.9937E-05 0.897599 9.9937E-05 9.9937E-05 0.0677276 0.000207926 0.0150188 9.9937E-05
9.9937E-05 9.9937E-05 9.9937E-05 9.9937E-05 0.00610119 0.851248 9.9937E-05 0.0283732 0.107225 9.9937E-05 0.00635369 9.9937E-05
9.9955E-05 9.9955E-05 9.9955E-05 0.00462569 0.0244569 0.796879 9.9955E-05 0.0181312 0.139244 9.9955E-05 0.00199624 0.0141667
0.187671 9.9964E-05 0.00294572 9.9964E-05 9.9964E-05 0.297069 9.9964E-05 0.0981996 0.2076 0.160676 0.0217838 0.0236547
9.99097E-05 9.99097E-05 9.99097E-05 9.99097E-05 9.99097E-05 0.0418515 9.99097E-05 9.99097E-05 0.957149 9.99097E-05 9.99097E-05 9.99097E-05
9.99097E-05 9.99097E-05 9.99097E-05 9.99097E-05 9.99097E-05 0.0213309 9.99097E-05 9.99097E-05 0.97767 9.99097E-05 9.99097E-05 9.99097E-05
9.9955E-05 9.9955E-05 0.0811514 0.796814 0.011941 9.9955E-05 9.9955E-05 0.0536914 0.0467731 0.0082429 0.000886089 9.9955E-05
9.99639E-05 9.99639E-05 0.0540617 0.771596 0.0187109 0.0110383 9.99639E-05 0.0548302 0.0577571 0.00877329 0.0228332 9.99639E-05
9.9946E-05 0.0135478 0.086869 0.869122 9.9946E-05 9.9946E-05 0.00279052 0.0124734 9.9946E-05 9.9946E-05 9.9946E-05 0.0145981
9.9937E-05 0.00358439 9.9937E-05 9.9937E-05 9.9937E-05 0.0121207 0.193258 0.0762057 9.9937E-05 9.9937E-05 9.9937E-05 0.714132
9.9946E-05 0.0319208 0.0177684 0.0148184 9.9946E-05 0.9024 0.00532498 9.9946E-05 9.9946E-05 0.0271677 9.9946E-05 9.9946E-05
0.0333491 0.0193031 0.0143675 0.00626677 0.000977651 0.914487 9.9955E-05 9.9955E-05 9.9955E-05 9.9955E-05 9.9955E-05 0.0107496
0.0956562 0.00748931 0.0169477 9.9946E-05 9.9946E-05 0.870329 9.9946E-05 0.00232509 9.9946E-05 0.00665264 9.9946E-05 9.9946E-05
0.139121 9.9937E-05 9.9937E-05 9.9937E-05 9.9937E-05 0.780905 0.0582989 9.9937E-05 9.9937E-05 0.0142739 0.00670205 9.9937E-05
0.0892923 0.0327767 0.0255279 9.9955E-05 9.9955E-05 0.819062 0.0228802 9.9955E-05 9.9955E-05 0.00112996 0.00883104 9.9955E-05
9.991E-05 9.991E-05 9.991E-05 9.991E-05 9.991E-05 0.0408004 0.9582 9.991E-05 9.991E-05 9.991E-05 9.991E-05 9.991E-05
0.326474 0.0588766 0.0235335 0.03524 9.9973E-05 0.121594 9.9973E-05 9.9973E-05 0.270416 0.0950604 0.0390907 0.0294152
9.9919E-05 9.9919E-05 9.9919E-05 9.9919E-05 0.0202805 9.9919E-05 9.9919E-05 9.9919E-05 0.0230081 9.9919E-05 9.9919E-05 0.955812
9.9928E-05 9.9928E-05 9.9928E-05 9.9928E-05 9.9928E-05 0.0257583 0.942559 9.9928E-05 0.011348 9.9928E-05 0.0195356 9.9928E-05
9.99009E-05 9.99009E-05 0.998901 9.99009E-05 9.99009E-05 9.99009E-05 9.99009E-05 9.99009E-05 9.99009E-05 9.99009E-05 9.99009E-05 9.99009E-05
9.99098E-05 9.99098E-05 9.99098E-05 9.99098E-05 0.0327047 9.99098E-05 0.966296 9.99098E-05 9.99098E-05 9.99098E-05 9.99098E-05 9.99098E-05
9.99098E-05 9.99098E-05 9.99098E-05 9.99098E-05 9.99098E-05 9.99098E-05 0.998158 9.99098E-05 9.99098E-05 9.99098E-05 9.99098E-05 0.000842414
9.99009E-05 9.99009E-05 9.99009E-05 9.99009E-05 9.99009E-05 9.99009E-05 0.998901 9.99009E-05 9.99009E-05 9.99009E-05 9.99009E-05 9.99009E-05
9.9946E-05 0.0225347 0.0154771 0.00317826 0.0458606 0.905677 9.9946E-05 9.9946E-05 9.9946E-05 0.00667254 9.9946E-05 9.9946E-05
0.00521541 9.9928E-05 9.9928E-05 9.9928E-05 9.9928E-05 0.960072 0.00146274 9.9928E-05 9.9928E-05 9.9928E-05 9.9928E-05 0.03245
0.266745 9.99459E-05 0.217405 9.99459E-05 9.99459E-05 0.247973 9.99459E-05 9.99459E-05 0.0362227 0.00993699 0.221117 9.99459E-05
0.0148267 0.0372033 9.9946E-05 0.00272362 9.9946E-05 0.884119 0.0184582 0.0420697 9.9946E-05 9.9946E-05 9.9946E-05 9.9946E-05
9.9901E-05 9.9901E-05 9.9901E-05 9.9901E-05 9.9901E-05 0.998901 9.9901E-05 9.9901E-05 9.9901E-05 9.9901E-05 9.9901E-05 9.9901E-05
0.139662 9.9919E-05 9.9919E-05 9.9919E-05 9.9919E-05 0.25882 0.600618 9.9919E-05 9.9919E-05 9.9919E-05 9.9919E-05 9.9919E-05
0.0591695 9.99371E-05 9.99371E-05 0.0223484 9.99371E-05 0.755467 9.99371E-05 9.99371E-05 0.143751 0.018564 9.99371E-05 9.99371E-05
0.0784333 9.9937E-05 9.9937E-05 0.0400286 9.9937E-05 0.718165 9.9937E-05 9.9937E-05 0.140877 0.0217964 9.9937E-05 9.9937E-05
0.141801 0.0118766 0.000599656 0.0672505 9.9973E-05 0.106444 9.9973E-05 0.0272642 0.381006 0.00454139 0.258917 9.9973E-05
9.9937E-05 0.0034558 0.0110838 9.9937E-05 9.9937E-05 9.9937E-05 0.140729 9.9937E-05 0.00966493 9.9937E-05 9.9937E-05 0.834367
0.178251 9.9937E-05 0.0397856 9.9937E-05 9.9937E-05 0.619491 0.140435 9.9937E-05 9.9937E-05 9.9937E-05 9.9937E-05 0.0213387
0.197562 0.391399 0.0370559 0.252683 0.0288214 9.9964E-05 0.00319008 9.9964E-05 9.9964E-05 0.070446 9.9964E-05 0.0184422
0.286343 9.9919E-05 9.9919E-05 9.9919E-05 9.9919E-05 0.52598 0.186777 9.9919E-05 9.9919E-05 9.9919E-05 9.9919E-05 9.9919E-05
9.9937E-05 0.0294097 0.000545027 9.9937E-05 9.9937E-05 0.935529 0.0209792 0.0128372 9.9937E-05 9.9937E-05 9.9937E-05 9.9937E-05
9.9901E-05 9.9901E-05 9.9901E-05 9.9901E-05 9.9901E-05 9.9901E-05 0.998901 9.9901E-05 9.9901E-05 9.9901E-05 9.9901E-05 9.9901E-05
0.0289494 9.9937E-05 9.9937E-05 9.9937E-05 0.0874788 0.214644 0.606979 0.0612488 9.9937E-05 9.9937E-05 9.9937E-05 9.9937E-05
9.9937E-05 9.9937E-05 9.9937E-05 0.0143127 9.9937E-05 9.9937E-05 0.0488432 0.0273579 9.9937E-05 9.9937E-05 0.0734544 0.835332
9.9919E-05 9.9919E-05 9.9919E-05 9.9919E-05 9.9919E-05 9.9919E-05 9.9919E-05 0.935643 0.0163384 9.9919E-05 0.0471195 9.9919E-05
9.99281E-05 9.99281E-05 9.99281E-05 0.0340195 0.928559 9.99281E-05 0.0343111 9.99281E-05 9.99281E-05 9.99281E-05 0.00231124 9.99281E-05
9.99279E-05 9.99279E-05 9.99279E-05 9.99279E-05 0.0486772 9.99279E-05 0.0219305 9.99279E-05 9.99279E-05 9.99279E-05 0.922819 0.00577354
0.000443392 9.9955E-05 9.9955E-05 0.00282894 0.0360603 0.0136624 0.0659511 0.00392761 9.9955E-05 9.9955E-05 9.9955E-05 0.876627
9.9937E-05 9.9937E-05 9.9937E-05 0.0189492 0.0176273 0.0363019 0.0888391 9.9937E-05 9.9937E-05 9.9937E-05 9.9937E-05 0.837583
9.99098E-05 9.99098E-05 9.99098E-05 9.99098E-05 9.99098E-05 9.99098E-05 9.99098E-05 0.0175347 9.99098E-05 9.99098E-05 0.981466 9.99098E-05
0.0220236 9.9973E-05 0.00238014 9.9973E-05 0.133261 0.00132889 0.212282 0.486293 9.9973E-05 0.0239248 0.0639274 0.0542782
9.9946E-05 0.00272152 0.00319338 9.9946E-05 9.9946E-05 9.9946E-05 0.0659817 0.00714997 9.9946E-05 9.9946E-05 0.0322875 0.888066
0.130672 0.0467209 9.9955E-05 0.0747455 9.9955E-05 0.0910869 9.9955E-05 9.9955E-05 0.377152 0.0157858 0.263337 9.9955E-05
9.9928E-05 9.9928E-05 0.116255 0.825271 0.0364688 9.9928E-05 9.9928E-05 0.0212058 9.9928E-05 9.9928E-05 9.9928E-05 9.9928E-05
9.99008E-05 9.99008E-05 0.998901 9.99008E-05 9.99008E-05 9.99008E-05 9.99008E-05 9.99008E-05 9.99008E-05 9.99008E-05 9.99008E-05 9.99008E-05
9.991E-05 0.992163 9.991E-05 9.991E-05 9.991E-05 0.00683743 9.991E-05 9.991E-05 9.991E-05 9.991E-05 9.991E-05 9.991E-05
9.9964E-05 9.9964E-05 0.327328 0.429944 0.035043 0.0364812 9.9964E-05 9.9964E-05 0.00545675 0.0256249 0.0435816 0.0961402
9.9946E-05 0.0180646 0.095562 0.733407 0.046044 9.9946E-05 0.0420039 9.9946E-05 9.9946E-05 9.9946E-05 9.9946E-05 0.0643192
9.9946E-05 9.9946E-05 0.00768802 0.315367 0.0562242 0.0212432 0.00820712 9.9946E-05 9.9946E-05 9.9946E-05 9.9946E-05 0.590671
9.9946E-05 0.0260117 0.0385936 0.811094 0.0466926 9.9946E-05 0.0490182 9.9946E-05 9.9946E-05 9.9946E-05 9.9946E-05 0.0279904
9.99475E-05 0.0358084 0.129373 0.124337 0.579655 9.99475E-05 9.99475E-05 0.0972137 9.99475E-05 0.0330132 9.99475E-05 9.99475E-05
9.9919E-05 9.9919E-05 0.296998 0.701623 9.9919E-05 9.9919E-05 9.9919E-05 9.9919E-05 0.000479764 9.9919E-05 9.9919E-05 9.9919E-05
9.99459E-05 0.0806798 9.99459E-05 0.117481 0.0149564 9.99459E-05 9.99459E-05 0.222305 0.310739 9.99459E-05 0.253239 9.99459E-05
9.9964E-05 9.9964E-05 9.9964E-05 0.0636628 0.119966 9.9964E-05 0.0518423 0.00529934 0.0502868 0.0186108 0.657883 0.0320493
9.9973E-05 0.0264516 0.0407045 0.135811 0.129714 9.9973E-05 0.206437 0.206469 0.167372 9.9973E-05 0.0412099 0.045531
9.9964E-05 9.9964E-05 0.100539 0.790388 0.0354165 0.00894581 0.0202722 0.0151088 9.9964E-05 9.9964E-05 0.00868583 0.0202447
0.129038 0.00968671 9.9928E-05 9.9928E-05 9.9928E-05 0.833583 9.9928E-05 9.9928E-05 9.9928E-05 9.9928E-05 0.0268928 9.9928E-05
9.9928E-05 9.9928E-05 9.9928E-05 9.9928E-05 0.932493 0.0121178 0.0238454 9.9928E-05 9.9928E-05 9.9928E-05 0.030744 9.9928E-05
9.99459E-05 0.0612671 9.99459E-05 0.116872 0.0212849 9.99459E-05 9.99459E-05 0.290711 0.359962 9.99459E-05 0.149303 9.99459E-05
9.99371E-05 9.99371E-05 0.00172337 9.99371E-05 0.932682 9.99371E-05 0.0147243 0.0243304 9.99371E-05 9.99371E-05 0.0258404 9.99371E-05
0.0732221 9.9919E-05 9.9919E-05 9.9919E-05 9.9919E-05 0.766788 9.9919E-05 9.9919E-05 0.159091 9.9919E-05 9.9919E-05 9.9919E-05
9.9937E-05 0.00789385 0.0156771 9.9937E-05 9.9937E-05 9.9937E-05 0.0199332 9.9937E-05 0.0220199 9.9937E-05 9.9937E-05 0.933776
9.9946E-05 0.949455 9.9946E-05 9.9946E-05 9.9946E-05 0.0120063 0.00452472 9.9946E-05 9.9946E-05 0.00880878 0.000811098 0.0237942
0.110289 0.677506 9.9973E-05 0.0642169 0.00527792 9.9973E-05 9.9973E-05 0.00301185 0.0484856 0.0114884 0.0185128 0.0609122
9.9946E-05 0.0155259 0.00877321 0.935129 0.00251882 9.9946E-05 9.9946E-05 0.00914512 9.9946E-05 9.9946E-05 9.9946E-05 0.0283084
9.9946E-05 0.0398721 0.0469371 0.220025 0.259059 9.9946E-05 0.345274 9.9946E-05 9.9946E-05 9.9946E-05 9.9946E-05 0.0882329
9.9901E-05 9.9901E-05 9.9901E-05 9.9901E-05 9.9901E-05 9.9901E-05 9.9901E-05 9.9901E-05 9.9901E-05 9.9901E-05 9.9901E-05 0.998901
9.9901E-05 9.9901E-05 9.9901E-05 9.9901E-05 9.9901E-05 9.9901E-05 9.9901E-05 9.9901E-05 9.9901E-05 9.9901E-05 9.9901E-05 0.998901
0.0991288 9.9982E-05 0.0240603 9.9982E-05 0.285499 0.0449401 0.365676 0.0360918 0.0149121 0.0429764 0.0280853 0.0584298
9.9955E-05 0.017092 0.0637255 0.212856 0.35045 9.9955E-05 0.283434 9.9955E-05 0.00853759 9.9955E-05 9.9955E-05 0.0634052
9.991E-05 9.991E-05 9.991E-05 9.991E-05 9.991E-05 0.835594 9.991E-05 9.991E-05 0.163407 9.991E-05 9.991E-05 9.991E-05
9.99008E-05 9.99008E-05 9.99008E-05 9.99008E-05 9.99008E-05 9.99008E-05 9.99008E-05 9.99008E-05 0.998901 9.99008E-05 9.99008E-05 9.99008E-05
0.0951696 9.9928E-05 9.9928E-05 9.9928E-05 9.9928E-05 0.455281 9.9928E-05 9.9928E-05 0.248543 0.200207 9.9928E-05 9.9928E-05
0.165027 0.0552741 9.9937E-05 9.9937E-05 9.9937E-05 9.9937E-05 0.0335092 9.9937E-05 0.431008 0.314483 9.9937E-05 9.9937E-05
0.15209 0.0308024 9.9946E-05 0.00318628 9.9946E-05 9.9946E-05 0.0503915 9.9946E-05 0.524186 0.238744 9.9946E-05 9.9946E-05
0.26969 9.9946E-05 9.9946E-05 0.0139328 9.9946E-05 0.174366 9.9946E-05 9.9946E-05 0.362885 0.165585 9.9946E-05 0.0129415
9.99097E-05 9.99097E-05 9.99097E-05 9.99097E-05 9.99097E-05 0.0185226 9.99097E-05 9.99097E-05 0.980478 9.99097E-05 9.99097E-05 9.99097E-05
0.170566 0.0271503 0.0735079 9.9955E-05 9.9955E-05 0.073386 9.9955E-05 9.9955E-05 0.381161 0.269224 9.9955E-05 0.00450402
0.366494 9.9937E-05 0.0210738 9.9937E-05 9.9937E-05 0.111035 9.9937E-05 9.9937E-05 0.355331 0.145367 9.9937E-05 9.9937E-05
9.99639E-05 0.0427188 0.00130999 0.0333087 9.99639E-05 9.99639E-05 0.00828812 0.146752 0.555539 9.99639E-05 0.162043 0.0496405
0.244558 9.99477E-05 0.0144055 9.99477E-05 9.99477E-05 0.237355 9.99477E-05 9.99477E-05 0.352572 0.14841 9.99477E-05 0.00210028
9.99639E-05 0.0474176 0.00716392 0.0682017 9.99639E-05 9.99639E-05 0.0199805 0.140888 0.577052 0.0127521 0.126144 9.99639E-05
9.9937E-05 9.9937E-05 9.9937E-05 9.9937E-05 0.0761208 9.9937E-05 0.00831391 0.122223 9.9937E-05 9.9937E-05 0.694516 0.0981265
0.180576 0.0286091 0.0528224 9.99549E-05 9.99549E-05 0.00233319 0.0231782 9.99549E-05 9.99549E-05 0.0573499 0.654632 9.99549E-05
0.177547 0.0232486 0.00530315 9.9964E-05 0.0635672 0.192129 9.9964E-05 0.0643884 0.388149 0.0852681 9.9964E-05 9.9964E-05
0.126775 0.0154096 0.0101188 9.9964E-05 0.0934259 0.15275 9.9964E-05 0.131954 0.347291 0.121875 9.9964E-05 9.9964E-05
9.99008E-05 9.99008E-05 9.99008E-05 9.99008E-05 9.99008E-05 9.99008E-05 9.99008E-05 9.99008E-05 0.998901 9.99008E-05 9.99008E-05 9.99008E-05
0.212729 0.0170455 9.9946E-05 9.9946E-05 9.9946E-05 0.217606 0.00320863 9.9946E-05 0.400495 0.148315 9.9946E-05 9.9946E-05
0.00846559 9.99371E-05 9.99371E-05 0.104277 0.8583 9.99371E-05 9.99371E-05 9.99371E-05 0.000638359 9.99371E-05 0.0276201 9.99371E-05
9.9937E-05 9.9937E-05 9.9937E-05 9.9937E-05 0.0189984 0.853547 9.9937E-05 0.000431574 0.123948 9.9937E-05 9.9937E-05 0.0023748
0.137085 0.0341543 0.0284685 9.9955E-05 9.9955E-05 9.9955E-05 0.026332 9.9955E-05 0.511416 0.258557 9.9955E-05 0.00348837
0.281517 0.00824312 0.0169185 9.99461E-05 9.99461E-05 0.204861 9.99461E-05 9.99461E-05 0.41908 0.068781 9.99461E-05 9.99461E-05
0.198584 0.0161023 0.0320644 9.9946E-05 9.9946E-05 0.066671 9.9946E-05 9.9946E-05 0.424335 0.261643 9.9946E-05 9.9946E-05
0.287735 0.0167812 0.000829297 9.9955E-05 9.9955E-05 0.064072 0.00506544 9.9955E-05 0.377887 0.24713 9.9955E-05 9.9955E-05
9.99282E-05 9.99282E-05 0.848892 0.0835539 9.99282E-05 9.99282E-05 0.0157178 9.99282E-05 9.99282E-05 9.99282E-05 0.0510366 9.99282E-05
9.99459E-05 0.0572975 0.206278 0.162078 0.456585 9.99459E-05 9.99459E-05 0.0647006 9.99459E-05 0.0524616 9.99459E-05 9.99459E-05
0.0742072 0.00694357 9.9937E-05 9.9937E-05 9.9937E-05 0.732082 9.9937E-05 9.9937E-05 0.143326 0.0427413 9.9937E-05 9.9937E-05
9.9928E-05 9.9928E-05 0.0120493 9.9928E-05 0.950471 9.9928E-05 9.9928E-05 0.0197573 9.9928E-05 9.9928E-05 0.0169233 9.9928E-05
9.99279E-05 9.99279E-05 0.825453 0.11543 9.99279E-05 9.99279E-05 0.0197569 9.99279E-05 9.99279E-05 9.99279E-05 0.0385605 9.99279E-05
9.9937E-05 9.9937E-05 9.9937E-05 9.9937E-05 0.00838641 9.9937E-05 9.9937E-05 0.868889 0.0318058 9.9937E-05 0.0668662 0.0233535
9.9901E-05 9.9901E-05 9.9901E-05 9.9901E-05 9.9901E-05 0.998901 9.9901E-05 9.9901E-05 9.9901E-05 9.9901E-05 9.9901E-05 9.9901E-05
9.99101E-05 0.0159968 9.99101E-05 9.99101E-05 9.99101E-05 0.983004 9.99101E-05 9.99101E-05 9.99101E-05 9.99101E-05 9.99101E-05 9.99101E-05
0.0186766 0.0256407 9.9946E-05 9.9946E-05 0.0330296 0.86073 9.9946E-05 0.0303237 9.9946E-05 0.0309994 9.9946E-05 9.9946E-05
9.9928E-05 0.0108116 9.9928E-05 9.9928E-05 9.9928E-05 0.975801 9.9928E-05 0.00661537 9.9928E-05 0.00597294 9.9928E-05 9.9928E-05
9.9946E-05 9.9946E-05 9.9946E-05 0.007562 9.9946E-05 0.0372183 0.175874 0.0677731 9.9946E-05 9.9946E-05 0.0180433 0.692929
0.0365581 0.0378592 0.0642632 0.0323343 9.9946E-05 0.80906 0.0193254 9.9946E-05 9.9946E-05 9.9946E-05 9.9946E-05 9.9946E-05
9.99008E-05 9.99008E-05 0.998901 9.99008E-05 9.99008E-05 9.99008E-05 9.99008E-05 9.99008E-05 9.99008E-05 9.99008E-05 9.99008E-05 9.99008E-05
9.9928E-05 9.9928E-05 0.148388 0.793176 9.9928E-05 9.9928E-05 9.9928E-05 9.9928E-05 0.0438765 9.9928E-05 0.0137607 9.9928E-05
9.9937E-05 0.0138986 0.305495 0.601851 9.9937E-05 9.9937E-05 0.0604522 9.9937E-05 9.9937E-05 0.0176036 9.9937E-05 9.9937E-05
9.9937E-05 0.00761279 0.169351 0.78938 9.9937E-05 9.9937E-05 0.0126621 9.9937E-05 0.0202935 9.9937E-05 9.9937E-05 9.9937E-05
0.00318593 0.0175994 0.199595 0.712173 0.0263516 9.99557E-05 0.0288915 9.99557E-05 9.99557E-05 0.0117046 9.99557E-05 9.99557E-05
0.0607877 0.0538236 0.0578063 0.00364269 9.9955E-05 9.9955E-05 0.0171794 9.9955E-05 0.392594 0.413667 9.9955E-05 9.9955E-05
0.0291518 0.0828106 0.0415829 0.0133675 0.0116878 9.9955E-05 9.9955E-05 9.9955E-05 0.426371 0.394528 9.9955E-05 9.9955E-05
9.9955E-05 9.9955E-05 9.9955E-05 0.0112741 0.0425877 9.9955E-05 0.00948107 0.0117615 0.0107474 0.897395 0.0162536 9.9955E-05
0.0196064 9.99281E-05 9.99281E-05 0.0310371 9.99281E-05 0.109284 9.99281E-05 9.99281E-05 9.99281E-05 0.839273 9.99281E-05 9.99281E-05
0.0153641 9.9946E-05 0.00858716 9.9946E-05 9.9946E-05 0.0180217 9.9946E-05 0.00181868 9.9946E-05 0.941762 0.013847 9.9946E-05
9.9964E-05 0.0142721 9.9964E-05 0.0535239 0.00868189 0.00530712 9.9964E-05 0.0470147 9.9964E-05 0.267027 0.519041 0.0847321
9.9937E-05 0.000389234 9.9937E-05 9.9937E-05 0.0580013 9.9937E-05 9.9937E-05 0.00933757 0.0193806 0.912192 9.9937E-05 9.9937E-05
