9.99369E-05 9.99369E-05 0.161762 9.99369E-05 9.99369E-05 9.99369E-05 9.99369E-05 9.99369E-05 0.00750669 0.040608 0.78064 0.008783
9.99189E-05 9.99189E-05 9.99189E-05 9.99189E-05 0.191458 9.99189E-05 9.99189E-05 0.0219696 9.99189E-05 9.99189E-05 0.785674 9.99189E-05
0.00266551 0.0139093 9.9964E-05 0.0457647 0.218112 9.9964E-05 0.00317639 0.081037 0.0563525 9.9964E-05 0.578583 9.9964E-05
9.99279E-05 9.99279E-05 0.146991 9.99279E-05 9.99279E-05 9.99279E-05 9.99279E-05 9.99279E-05 9.99279E-05 0.0389843 0.81299 0.00023536
9.9964E-05 0.020436 0.000462039 0.0700629 0.832071 0.02029 0.000178479 9.9964E-05 9.9964E-05 0.00828055 9.9964E-05 0.0478191
9.9919E-05 9.9919E-05 9.9919E-05 9.9919E-05 0.128456 9.9919E-05 9.9919E-05 0.0828683 9.9919E-05 9.9919E-05 0.787776 9.9919E-05
0.00394296 0.519799 0.0163846 0.0100751 9.99371E-05 9.99371E-05 9.99371E-05 9.99371E-05 9.99371E-05 0.449099 9.99371E-05 9.99371E-05
9.99101E-05 0.972966 9.99101E-05 9.99101E-05 9.99101E-05 9.99101E-05 9.99101E-05 9.99101E-05 9.99101E-05 9.99101E-05 0.0260346 9.99101E-05
9.9928E-05 0.971281 9.9928E-05 9.9928E-05 9.9928E-05 0.00574364 9.9928E-05 0.0163457 9.9928E-05 9.9928E-05 9.9928E-05 0.00583064
9.99281E-05 0.97151 9.99281E-05 9.99281E-05 9.99281E-05 9.99281E-05 0.00504713 9.99281E-05 0.00771403 9.99281E-05 9.99281E-05 0.0149294
9.9955E-05 9.9955E-05 9.9955E-05 0.011622 0.0231705 0.259407 9.9955E-05 9.9955E-05 0.584292 0.0959343 0.000232453 0.0248418
9.99369E-05 0.0114934 0.0339557 9.99369E-05 9.99369E-05 0.199339 9.99369E-05 9.99369E-05 0.730649 0.0238632 9.99369E-05 9.99369E-05
9.9937E-05 0.0151104 0.00752344 9.9937E-05 9.9937E-05 0.337499 9.9937E-05 9.9937E-05 0.619548 0.0196195 9.9937E-05 9.9937E-05
9.9928E-05 9.9928E-05 9.9928E-05 9.9928E-05 9.9928E-05 0.300716 9.9928E-05 9.9928E-05 0.657685 0.0385019 9.9928E-05 0.00229806
0.828635 0.00430569 0.0737455 0.00962719 9.9964E-05 9.9964E-05 0.0220252 9.9964E-05 9.9964E-05 0.015003 0.0155516 0.0307075
9.99191E-05 0.988443 9.99191E-05 9.99191E-05 0.00243724 9.99191E-05 9.99191E-05 9.99191E-05 9.99191E-05 9.99191E-05 9.99191E-05 0.00822097
9.9937E-05 0.0194471 0.0415628 9.9937E-05 9.9937E-05 0.0213896 9.9937E-05 9.9937E-05 9.9937E-05 0.910895 0.00600603 9.9937E-05
0.867081 0.00457651 0.00331872 9.99551E-05 9.99551E-05 9.99551E-05 0.00341531 9.99551E-05 0.101856 0.00810079 0.0111514 9.99551E-05
0.500688 0.0148025 0.109386 0.0616646 9.9964E-05 9.9964E-05 0.0245497 9.9964E-05 0.232331 0.0357358 9.9964E-05 0.0204432
0.315057 0.0233816 9.9946E-05 9.9946E-05 9.9946E-05 0.0707077 0.0144439 9.9946E-05 0.566674 0.00913692 9.9946E-05 9.9946E-05
0.746098 0.027163 0.0440421 0.0255339 9.9946E-05 9.9946E-05 9.9946E-05 9.9946E-05 0.101441 9.9946E-05 9.9946E-05 0.0551228
0.0338096 0.0228102 9.9946E-05 0.0052494 0.000258458 9.9946E-05 9.9946E-05 0.00328967 0.933983 9.9946E-05 9.9946E-05 9.9946E-05
0.851227 9.9928E-05 9.9928E-05 9.9928E-05 9.9928E-05 9.9928E-05 9.9928E-05 9.9928E-05 0.115728 0.00820365 0.0240412 9.9928E-05
0.0443757 0.013508 0.008478 0.00409556 9.9964E-05 9.9964E-05 0.012944 0.0397205 0.807396 0.0690821 9.9964E-05 9.9964E-05
9.991E-05 9.991E-05 9.991E-05 9.991E-05 9.991E-05 9.991E-05 9.991E-05 9.991E-05 0.969926 9.991E-05 0.0290747 9.991E-05
0.885838 9.9946E-05 9.9946E-05 9.9946E-05 9.9946E-05 9.9946E-05 9.9946E-05 0.0236774 0.0413058 0.0288838 0.00124126 0.0184538
0.828514 0.0269018 0.0132212 9.99371E-05 9.99371E-05 0.00138955 9.99371E-05 9.99371E-05 0.129273 9.99371E-05 9.99371E-05 9.99371E-05
0.563095 9.9955E-05 9.9955E-05 9.9955E-05 9.9955E-05 0.027234 0.044646 0.0247721 0.281166 9.9955E-05 0.0271585 0.0314293
0.877909 0.0205098 9.99281E-05 9.99281E-05 9.99281E-05 9.99281E-05 0.0338716 9.99281E-05 0.06691 9.99281E-05 9.99281E-05 9.99281E-05
0.916014 9.99551E-05 0.019431 9.99551E-05 0.00210234 0.0309381 0.013868 9.99551E-05 0.00932235 9.99551E-05 0.00782449 9.99551E-05
9.99371E-05 0.00864643 9.99371E-05 0.00737258 9.99371E-05 0.0181736 0.0330155 9.99371E-05 0.932092 9.99371E-05 9.99371E-05 9.99371E-05
9.9919E-05 9.9919E-05 9.9919E-05 9.9919E-05 9.9919E-05 0.475518 9.9919E-05 9.9919E-05 0.436372 0.0872105 9.9919E-05 9.9919E-05
0.847304 9.99281E-05 9.99281E-05 9.99281E-05 9.99281E-05 0.0135404 9.99281E-05 9.99281E-05 0.099138 9.99281E-05 0.0392181 9.99281E-05
0.107461 0.0153439 9.9955E-05 0.0309517 9.9955E-05 0.0167175 9.9955E-05 9.9955E-05 0.772497 0.0247753 9.9955E-05 0.0317536
0.898619 9.9937E-05 9.9937E-05 9.9937E-05 0.00667679 9.9937E-05 9.9937E-05 0.00145808 0.0696806 9.9937E-05 0.0228661 9.9937E-05
9.9937E-05 9.9937E-05 9.9937E-05 9.9937E-05 0.00118054 0.0654515 9.9937E-05 9.9937E-05 0.908624 9.9937E-05 0.0145046 0.00954014
0.860539 9.99281E-05 9.99281E-05 9.99281E-05 0.00817911 9.99281E-05 9.99281E-05 0.00695653 0.123526 9.99281E-05 9.99281E-05 9.99281E-05
9.99461E-05 9.99461E-05 0.00897262 0.000938235 9.99461E-05 0.0245517 0.0312141 9.99461E-05 0.928174 0.00555014 9.99461E-05 9.99461E-05
9.9937E-05 9.9937E-05 0.637229 0.183309 0.0826679 9.9937E-05 0.0156072 0.080487 9.9937E-05 9.9937E-05 9.9937E-05 9.9937E-05
9.9919E-05 9.9919E-05 9.9919E-05 9.9919E-05 0.648106 9.9919E-05 9.9919E-05 0.349834 9.9919E-05 9.9919E-05 0.0011615 9.9919E-05
9.99189E-05 9.99189E-05 0.0120269 9.99189E-05 0.0400865 0.946987 9.99189E-05 9.99189E-05 9.99189E-05 9.99189E-05 9.99189E-05 9.99189E-05
0.910393 9.99191E-05 9.99191E-05 9.99191E-05 9.99191E-05 9.99191E-05 9.99191E-05 9.99191E-05 0.0777085 0.0109996 9.99191E-05 9.99191E-05
9.99371E-05 9.99371E-05 9.99371E-05 0.0146629 9.99371E-05 0.00996206 0.0229449 0.000402026 0.951329 9.99371E-05 9.99371E-05 9.99371E-05
9.9955E-05 9.9955E-05 0.0624929 9.9955E-05 9.9955E-05 0.0108736 0.0775775 0.552919 0.0321189 0.240557 0.0229613 9.9955E-05
0.536259 0.0318096 0.145918 0.00549744 9.9982E-05 0.00563946 0.0197885 9.9982E-05 0.215427 0.0088904 0.0148779 0.0156924
0.350758 0.0343666 9.9955E-05 0.0449539 9.9955E-05 0.196489 9.9955E-05 9.9955E-05 0.294567 0.0702789 0.00808773 9.9955E-05
0.810756 0.0294578 0.0416017 9.9955E-05 0.00712017 9.9955E-05 0.0243583 0.00450326 0.0817034 9.9955E-05 9.9955E-05 9.9955E-05
9.99189E-05 9.99189E-05 9.99189E-05 9.99189E-05 0.209719 9.99189E-05 9.99189E-05 0.0971446 9.99189E-05 9.99189E-05 0.692237 9.99189E-05
9.9973E-05 0.00317323 0.0254381 0.116073 0.0588422 0.0155031 0.451039 0.25461 9.9973E-05 9.9973E-05 0.0508085 0.0242128
9.9919E-05 9.9919E-05 0.716382 9.9919E-05 9.9919E-05 9.9919E-05 9.9919E-05 9.9919E-05 9.9919E-05 0.265704 9.9919E-05 0.0170144
9.9946E-05 9.9946E-05 0.726914 0.00391136 9.9946E-05 0.00974483 9.9946E-05 9.9946E-05 0.160349 0.0811713 0.0173097 9.9946E-05
9.99369E-05 9.99369E-05 0.610904 9.99369E-05 9.99369E-05 9.99369E-05 9.99369E-05 9.99369E-05 0.172562 0.0896381 0.0951194 0.0310764
9.99279E-05 9.99279E-05 0.812283 9.99279E-05 9.99279E-05 9.99279E-05 9.99279E-05 9.99279E-05 0.0291485 0.137898 0.0198706 9.99279E-05
9.99461E-05 0.94418 9.99461E-05 9.99461E-05 0.019451 0.0110958 9.99461E-05 9.99461E-05 0.0166148 0.00441609 0.00364219 9.99461E-05
9.9928E-05 0.964201 0.0161822 9.9928E-05 9.9928E-05 9.9928E-05 9.9928E-05 9.9928E-05 0.00777613 9.9928E-05 0.0110412 9.9928E-05
0.0321008 0.0211455 9.9937E-05 9.9937E-05 9.9937E-05 0.606754 9.9937E-05 9.9937E-05 0.0511883 0.288111 9.9937E-05 9.9937E-05
9.9928E-05 0.0139786 0.00593649 9.9928E-05 9.9928E-05 0.147747 9.9928E-05 9.9928E-05 0.831538 9.9928E-05 9.9928E-05 9.9928E-05
0.156316 9.9937E-05 9.9937E-05 9.9937E-05 9.9937E-05 9.9937E-05 9.9937E-05 9.9937E-05 0.0247225 0.0219231 0.00367345 0.792665
9.9928E-05 9.9928E-05 9.9928E-05 0.0970926 0.790325 9.9928E-05 9.9928E-05 9.9928E-05 9.9928E-05 9.9928E-05 0.0709329 0.0408503
9.99279E-05 9.99279E-05 9.99279E-05 0.608995 0.288602 9.99279E-05 0.0431565 0.0584468 9.99279E-05 9.99279E-05 9.99279E-05 9.99279E-05
9.9919E-05 9.9919E-05 9.9919E-05 9.9919E-05 9.9919E-05 9.9919E-05 9.9919E-05 0.0159429 9.9919E-05 0.977521 9.9919E-05 0.00563639
9.9946E-05 0.0189742 0.23335 9.9946E-05 0.031119 0.0330963 9.9946E-05 9.9946E-05 0.0159165 0.666944 9.9946E-05 9.9946E-05
9.9955E-05 0.010281 0.181257 0.0019651 9.9955E-05 0.117014 0.0378123 9.9955E-05 9.9955E-05 0.619865 0.0313056 9.9955E-05
9.99191E-05 0.986354 0.00614156 9.99191E-05 9.99191E-05 9.99191E-05 9.99191E-05 9.99191E-05 9.99191E-05 9.99191E-05 9.99191E-05 0.00660512
9.9928E-05 9.9928E-05 9.9928E-05 0.192027 0.721937 9.9928E-05 9.9928E-05 0.041038 9.9928E-05 9.9928E-05 9.9928E-05 0.044198
0.0252747 9.991E-05 9.991E-05 9.991E-05 9.991E-05 9.991E-05 9.991E-05 9.991E-05 9.991E-05 0.973726 9.991E-05 9.991E-05
9.99459E-05 9.99459E-05 0.716153 0.0379997 0.0184887 9.99459E-05 9.99459E-05 0.0843236 9.99459E-05 9.99459E-05 0.0198281 0.122607
0.00794884 9.9928E-05 9.9928E-05 9.9928E-05 9.9928E-05 0.1547 9.9928E-05 9.9928E-05 0.822924 0.0136275 9.9928E-05 9.9928E-05
9.99101E-05 9.99101E-05 9.99101E-05 9.99101E-05 9.99101E-05 0.364352 9.99101E-05 9.99101E-05 0.634649 9.99101E-05 9.99101E-05 9.99101E-05
0.0096052 0.788085 0.0806419 0.0161216 0.0315543 9.9982E-05 0.0189836 9.9982E-05 0.00468162 0.0364015 0.00802371 0.00570153
0.0448887 0.800221 0.0988828 0.00399533 0.0211999 9.9964E-05 0.0176648 9.9964E-05 9.9964E-05 0.00472417 9.9964E-05 0.00802315
0.0264054 0.862063 0.00484282 9.9964E-05 9.9964E-05 0.028654 0.0107432 9.9964E-05 0.017985 0.0275042 0.0214026 9.9964E-05
9.99281E-05 0.944813 0.0059937 9.99281E-05 0.0465345 9.99281E-05 9.99281E-05 9.99281E-05 9.99281E-05 9.99281E-05 9.99281E-05 0.00185904
9.9928E-05 0.963911 0.0264496 9.9928E-05 9.9928E-05 9.9928E-05 9.9928E-05 9.9928E-05 0.00841747 0.000422328 9.9928E-05 9.9928E-05
9.9928E-05 0.971353 9.9928E-05 9.9928E-05 0.00598531 0.00554757 9.9928E-05 9.9928E-05 9.9928E-05 0.0163148 9.9928E-05 9.9928E-05
9.99101E-05 0.979541 9.99101E-05 9.99101E-05 9.99101E-05 9.99101E-05 9.99101E-05 0.0194594 9.99101E-05 9.99101E-05 9.99101E-05 9.99101E-05
9.99322E-05 0.954783 9.99322E-05 9.99322E-05 0.00348772 9.99322E-05 9.99322E-05 9.99322E-05 0.0216851 9.99322E-05 9.99322E-05 0.0192449
9.9928E-05 0.957194 9.9928E-05 0.0229089 9.9928E-05 9.9928E-05 0.00157564 0.0175219 9.9928E-05 9.9928E-05 9.9928E-05 9.9928E-05
9.99101E-05 0.988707 9.99101E-05 9.99101E-05 9.99101E-05 9.99101E-05 9.99101E-05 0.0102941 9.99101E-05 9.99101E-05 9.99101E-05 9.99101E-05
0.00491917 0.935751 0.00704207 0.0177955 9.9964E-05 0.00950213 0.0098988 9.9964E-05 9.9964E-05 9.9964E-05 0.00358197 0.01111
9.9955E-05 0.902906 0.0239284 0.00774015 9.9955E-05 0.00853078 0.0252734 9.9955E-05 0.0218223 9.9955E-05 9.9955E-05 0.00929939
9.9955E-05 0.948074 9.9955E-05 9.9955E-05 0.00456596 0.00905822 9.9955E-05 0.0114573 0.014548 9.9955E-05 0.00383144 0.00796487
0.396951 0.517123 9.99371E-05 0.00909861 9.99371E-05 9.99371E-05 9.99371E-05 9.99371E-05 0.0602022 9.99371E-05 9.99371E-05 0.0159252
0.400333 0.543749 9.99281E-05 0.00593927 9.99281E-05 9.99281E-05 9.99281E-05 9.99281E-05 0.0491798 9.99281E-05 9.99281E-05 9.99281E-05
9.991E-05 0.980919 9.991E-05 9.991E-05 9.991E-05 9.991E-05 9.991E-05 9.991E-05 9.991E-05 9.991E-05 9.991E-05 0.0180822
9.99371E-05 0.956776 0.0172663 9.99371E-05 9.99371E-05 9.99371E-05 9.99371E-05 9.99371E-05 9.99371E-05 0.00395053 0.00612169 0.0151856
9.9928E-05 0.929101 0.0114644 9.9928E-05 9.9928E-05 9.9928E-05 9.9928E-05 0.028087 9.9928E-05 9.9928E-05 0.0305478 9.9928E-05
0.0501748 0.91448 0.0072508 9.9937E-05 0.0191204 9.9937E-05 0.0082743 9.9937E-05 9.9937E-05 9.9937E-05 9.9937E-05 9.9937E-05
9.99105E-05 0.995654 9.99105E-05 9.99105E-05 9.99105E-05 9.99105E-05 9.99105E-05 9.99105E-05 9.99105E-05 9.99105E-05 0.00334667 9.99105E-05
0.414862 0.528324 9.99281E-05 0.00818643 9.99281E-05 9.99281E-05 9.99281E-05 9.99281E-05 0.0478278 9.99281E-05 9.99281E-05 9.99281E-05
0.0125514 0.847933 0.0144489 0.029307 0.0192229 0.0259899 0.00546135 9.9973E-05 0.0218706 0.0229149 9.9973E-05 9.9973E-05
9.9928E-05 0.924176 9.9928E-05 9.9928E-05 9.9928E-05 0.0177727 9.9928E-05 0.0221658 9.9928E-05 0.035086 9.9928E-05 9.9928E-05
9.9928E-05 0.94685 0.0302424 9.9928E-05 0.0152926 9.9928E-05 9.9928E-05 9.9928E-05 9.9928E-05 0.00681502 9.9928E-05 9.9928E-05
9.9955E-05 0.909499 0.00912832 0.0326768 9.9955E-05 9.9955E-05 9.9955E-05 0.0371043 0.000138495 0.00791829 9.9955E-05 0.00303543
0.0186955 0.871018 0.040992 9.9964E-05 0.0212348 9.9964E-05 0.00717303 9.9964E-05 0.0256233 0.0112175 9.9964E-05 0.00364622
9.9955E-05 0.946297 0.0150263 9.9955E-05 9.9955E-05 9.9955E-05 0.0157184 9.9955E-05 0.00932633 0.00155434 0.0103605 0.00121722
0.561191 9.9946E-05 9.9946E-05 9.9946E-05 0.0530372 0.0185444 0.0144291 9.9946E-05 9.9946E-05 0.0899985 0.2622 9.9946E-05
0.0205459 0.93087 9.99281E-05 9.99281E-05 9.99281E-05 9.99281E-05 9.99281E-05 9.99281E-05 9.99281E-05 9.99281E-05 0.0432461 0.0045384
9.9928E-05 0.98539 0.00371612 9.9928E-05 9.9928E-05 9.9928E-05 9.9928E-05 9.9928E-05 0.00305908 9.9928E-05 0.00703505 9.9928E-05
0.0664161 0.722301 0.00162414 0.0740106 9.9964E-05 9.9964E-05 9.9964E-05 0.0921142 0.01143 0.0243769 0.00732707 9.9964E-05
9.99191E-05 0.992079 9.99191E-05 0.00396063 9.99191E-05 9.99191E-05 0.00306086 9.99191E-05 9.99191E-05 9.99191E-05 9.99191E-05 9.99191E-05
9.9919E-05 0.962202 9.9919E-05 9.9919E-05 9.9919E-05 0.0301522 9.9919E-05 9.9919E-05 9.9919E-05 0.00674688 9.9919E-05 9.9919E-05
9.99191E-05 0.974948 0.00344537 0.0207078 9.99191E-05 9.99191E-05 9.99191E-05 9.99191E-05 9.99191E-05 9.99191E-05 9.99191E-05 9.99191E-05
0.031358 0.941296 9.9937E-05 0.00978998 0.00890668 9.9937E-05 9.9937E-05 9.9937E-05 0.00794936 9.9937E-05 9.9937E-05 9.9937E-05
0.882981 0.0275616 9.9946E-05 0.00343466 9.9946E-05 0.0577611 9.9946E-05 0.0209719 9.9946E-05 9.9946E-05 0.00669007 9.9946E-05
9.99101E-05 0.994079 9.99101E-05 0.00492235 9.99101E-05 9.99101E-05 9.99101E-05 9.99101E-05 9.99101E-05 9.99101E-05 9.99101E-05 9.99101E-05
9.9919E-05 0.937288 0.0518938 9.9919E-05 9.9919E-05 9.9919E-05 0.00991916 9.9919E-05 9.9919E-05 9.9919E-05 9.9919E-05 9.9919E-05
9.99101E-05 0.980511 9.99101E-05 9.99101E-05 9.99101E-05 9.99101E-05 0.0184897 9.99101E-05 9.99101E-05 9.99101E-05 9.99101E-05 9.99101E-05
0.581574 9.99189E-05 9.99189E-05 9.99189E-05 9.99189E-05 0.382725 9.99189E-05 9.99189E-05 9.99189E-05 9.99189E-05 0.0348016 9.99189E-05
0.0210729 0.932409 0.00444906 9.99371E-05 0.0235328 9.99371E-05 0.0178367 9.99371E-05 9.99371E-05 9.99371E-05 9.99371E-05 9.99371E-05
9.9937E-05 0.947467 0.00785729 9.9937E-05 9.9937E-05 9.9937E-05 0.00766383 9.9937E-05 0.0251577 9.9937E-05 0.0111548 9.9937E-05
0.00664628 0.959273 0.00101559 9.9937E-05 9.9937E-05 9.9937E-05 9.9937E-05 0.0152461 9.9937E-05 9.9937E-05 0.0171197 9.9937E-05
9.991E-05 0.98169 9.991E-05 9.991E-05 9.991E-05 9.991E-05 9.991E-05 9.991E-05 9.991E-05 9.991E-05 0.0173106 9.991E-05
0.584523 0.0250687 9.9937E-05 9.9937E-05 9.9937E-05 9.9937E-05 9.9937E-05 9.9937E-05 0.300196 0.0132528 9.9937E-05 0.0762591
9.9928E-05 0.982141 9.9928E-05 0.0125574 9.9928E-05 0.00253136 9.9928E-05 0.00197061 9.9928E-05 9.9928E-05 9.9928E-05 9.9928E-05
9.99281E-05 0.907759 0.0188005 9.99281E-05 0.00177593 9.99281E-05 9.99281E-05 9.99281E-05 9.99281E-05 9.99281E-05 0.070865 9.99281E-05
0.453753 0.496992 9.99281E-05 0.00843934 9.99281E-05 9.99281E-05 9.99281E-05 9.99281E-05 0.0400157 9.99281E-05 9.99281E-05 9.99281E-05
9.99191E-05 0.988053 9.99191E-05 9.99191E-05 9.99191E-05 9.99191E-05 9.99191E-05 0.00432399 0.00672391 9.99191E-05 9.99191E-05 9.99191E-05
0.140809 0.0224591 9.9955E-05 0.0119886 9.9955E-05 0.134487 9.9955E-05 9.9955E-05 0.662381 0.00940601 9.9955E-05 0.0179689
0.241406 9.9946E-05 9.9946E-05 0.036019 0.0290968 0.0776904 9.9946E-05 9.9946E-05 0.614611 9.9946E-05 9.9946E-05 0.000576669
0.000801078 0.0175996 9.9964E-05 0.0189209 9.9964E-05 0.176419 9.9964E-05 0.0266804 0.723953 0.000199077 0.0350274 9.9964E-05
0.833884 0.0395507 9.9955E-05 9.9955E-05 0.00596527 9.9955E-05 9.9955E-05 0.00233619 0.0554833 0.035639 9.9955E-05 0.0266422
9.9964E-05 0.0516117 0.0577298 9.9964E-05 0.00971472 0.0399388 0.0380922 9.9964E-05 0.00921303 0.758339 9.9964E-05 0.0349605
0.0384777 0.0467112 9.9946E-05 9.9946E-05 9.9946E-05 0.0900623 9.9946E-05 0.0175565 0.7937 0.012893 9.9946E-05 9.9946E-05
0.161137 9.9973E-05 9.9973E-05 9.9973E-05 0.0357542 0.128113 0.0137221 0.00162595 0.267995 0.311535 0.0621769 0.0176413
0.128898 0.00676557 9.9946E-05 9.9946E-05 0.0274586 0.108409 9.9946E-05 0.018468 0.709401 9.9946E-05 9.9946E-05 9.9946E-05
0.236694 9.9955E-05 9.9955E-05 9.9955E-05 0.0247244 9.9955E-05 0.0174898 9.9955E-05 0.632262 0.0505696 0.028209 0.0095515
0.172601 0.00787196 9.9964E-05 9.9964E-05 9.9964E-05 0.0695741 0.0115552 9.9964E-05 0.67431 0.0216414 0.00933976 0.032707
0.216177 9.9973E-05 9.9973E-05 0.0341367 0.0300483 0.0268034 0.0665103 9.9973E-05 0.583407 0.027865 0.0102057 0.00454625
0.289408 9.9982E-05 9.9982E-05 0.00913158 0.0155556 0.0212389 0.0259214 0.00702455 0.589071 0.0299961 0.0105225 0.00193001
9.99371E-05 9.99371E-05 9.99371E-05 0.0251803 0.00646184 0.0989773 9.99371E-05 9.99371E-05 0.84051 0.0281708 9.99371E-05 9.99371E-05
9.9955E-05 0.0210898 9.9955E-05 9.9955E-05 9.9955E-05 0.259432 0.0246087 9.9955E-05 0.634401 0.0488257 0.00642027 0.00472276
9.99461E-05 0.00836592 9.99461E-05 9.99461E-05 0.00387532 0.252887 9.99461E-05 0.0211855 0.628137 0.0849495 9.99461E-05 9.99461E-05
0.701476 0.0422812 0.0132616 0.0484326 0.013109 9.9982E-05 0.0196951 0.00145436 0.0986151 0.034654 9.9982E-05 0.0268211
9.9928E-05 9.9928E-05 9.9928E-05 9.9928E-05 9.9928E-05 9.9928E-05 9.9928E-05 0.969851 0.00169151 0.00101892 9.9928E-05 0.0266388
9.9937E-05 0.0150433 0.0517954 0.0312367 9.9937E-05 9.9937E-05 9.9937E-05 0.887922 9.9937E-05 9.9937E-05 9.9937E-05 0.0133028
9.9964E-05 9.9964E-05 0.0469909 0.0815183 0.540093 0.0247897 0.00899861 0.232275 9.9964E-05 0.00515506 9.9964E-05 0.0597796
0.32189 0.0703815 0.0365662 0.052703 9.9973E-05 0.11776 9.9973E-05 0.0166721 9.9973E-05 0.317291 0.0121338 0.054302
9.9919E-05 9.9919E-05 0.0570629 9.9919E-05 9.9919E-05 9.9919E-05 9.9919E-05 0.926943 9.9919E-05 9.9919E-05 0.0150951 9.9919E-05
0.00806189 9.9946E-05 0.0183656 0.0117146 9.9946E-05 9.9946E-05 9.9946E-05 0.877616 9.9946E-05 9.9946E-05 0.0376335 0.0460092
0.152334 0.107251 0.0500299 0.0375177 0.0110864 0.537465 9.9982E-05 0.00737788 0.0112197 0.0711525 0.0143655 9.9982E-05
9.9937E-05 9.9937E-05 9.9937E-05 0.111701 0.365173 9.9937E-05 0.215139 0.222585 9.9937E-05 9.9937E-05 9.9937E-05 0.0847026
0.029216 9.9964E-05 0.028766 0.120296 0.370832 9.9964E-05 0.28611 0.102991 9.9964E-05 0.0102354 9.9964E-05 0.0511543
9.9964E-05 9.9964E-05 0.00905129 0.0776613 0.422706 0.000991095 0.339561 0.0866472 9.9964E-05 0.0358497 9.9964E-05 0.027133
0.01453 0.0235201 0.043756 0.0800049 0.223566 9.9955E-05 0.54707 9.9955E-05 9.9955E-05 0.0670526 9.9955E-05 9.9955E-05
0.0238125 9.99459E-05 0.0712715 0.13474 0.262426 9.99459E-05 0.480277 9.99459E-05 9.99459E-05 0.0268735 9.99459E-05 9.99459E-05
0.0177594 9.9982E-05 0.0212679 0.0320073 0.392138 9.9982E-05 0.352783 0.0955065 0.0248706 0.00365986 0.0595703 0.000237521
9.99369E-05 9.99369E-05 0.113848 9.99369E-05 9.99369E-05 9.99369E-05 0.0311329 9.99369E-05 9.99369E-05 0.770146 0.0709779 0.0131952
0.0322531 0.00687352 9.9955E-05 9.9955E-05 0.594139 0.00846737 0.0274504 0.329663 9.9955E-05 0.000653638 9.9955E-05 9.9955E-05
0.855591 0.0119735 0.0622998 9.9955E-05 9.9955E-05 0.0518946 9.9955E-05 9.9955E-05 0.0046558 0.00875339 9.9955E-05 0.0043319
0.871177 0.033868 9.9955E-05 0.00369287 9.9955E-05 0.0214143 9.9955E-05 9.9955E-05 0.0305786 0.00796314 0.0308062 9.9955E-05
9.99371E-05 0.00504336 0.0367638 0.140081 0.763893 9.99371E-05 9.99371E-05 0.053519 9.99371E-05 9.99371E-05 9.99371E-05 9.99371E-05
0.232996 0.134147 0.0332772 9.9982E-05 0.142049 0.0946325 0.0589351 0.0629305 0.0706312 0.0926115 0.0775905 9.9982E-05
0.0101561 9.9982E-05 0.0240616 0.0331152 0.0158593 9.9982E-05 0.00150084 0.00710048 0.0558575 0.802276 0.0249728 0.0249001
9.9946E-05 9.9946E-05 9.9946E-05 0.0156906 9.9946E-05 0.891435 0.0137079 0.0491234 0.00105912 9.9946E-05 0.0283847 9.9946E-05
0.789069 0.00670501 9.9964E-05 0.00848626 9.9964E-05 0.0196171 0.0194949 9.9964E-05 0.0699442 0.0491564 0.0371275 9.9964E-05
0.00127167 9.9955E-05 9.9955E-05 0.0392499 0.00267994 0.727902 0.0145848 0.181247 9.9955E-05 9.9955E-05 0.0325652 9.9955E-05
0.0218059 0.0179772 9.9964E-05 0.0139871 9.9964E-05 0.0935253 9.9964E-05 0.0573383 9.9964E-05 0.777426 0.002267 0.0152733
0.0309605 9.9955E-05 9.9955E-05 0.0253602 9.9955E-05 0.0207173 0.151288 0.674806 9.9955E-05 0.0264712 0.0698973 9.9955E-05
9.9946E-05 9.9946E-05 0.0466184 9.9946E-05 0.000935669 9.9946E-05 0.015722 0.00113696 9.9946E-05 0.873618 9.9946E-05 0.061369
0.0654027 0.0723538 0.35838 0.0270426 9.9955E-05 9.9955E-05 0.0416737 9.9955E-05 0.133892 9.9955E-05 9.9955E-05 0.300756
0.913566 0.0212986 9.9937E-05 0.000968843 9.9937E-05 0.0293018 9.9937E-05 9.9937E-05 9.9937E-05 9.9937E-05 0.0341656 9.9937E-05
9.9937E-05 0.060717 9.9937E-05 9.9937E-05 0.54266 9.9937E-05 9.9937E-05 0.369646 0.0220478 0.00423025 9.9937E-05 9.9937E-05
0.00531947 9.99549E-05 9.99549E-05 0.0267009 0.368203 0.580234 0.0159515 9.99549E-05 0.00274523 9.99549E-05 9.99549E-05 0.000346343
0.0569267 0.0209202 9.9946E-05 9.9946E-05 0.860917 0.0087372 0.0386608 9.9946E-05 0.0132387 9.9946E-05 9.9946E-05 9.9946E-05
0.0299068 0.0251013 9.9973E-05 0.0463008 0.0124094 0.253155 9.9973E-05 0.0220817 0.0858141 0.280937 0.243994 9.9973E-05
9.9919E-05 0.0100088 9.9919E-05 9.9919E-05 0.962078 9.9919E-05 0.027014 9.9919E-05 9.9919E-05 9.9919E-05 9.9919E-05 9.9919E-05
0.0144991 9.9937E-05 9.9937E-05 9.9937E-05 0.0204378 0.00795117 9.9937E-05 9.9937E-05 0.0687126 0.8877 9.9937E-05 9.9937E-05
0.0612139 0.0489658 9.9946E-05 9.9946E-05 0.788942 0.0133818 9.9946E-05 9.9946E-05 0.0647511 0.0221455 9.9946E-05 9.9946E-05
0.0197811 0.0401465 0.00413617 9.9964E-05 0.798843 0.0158219 0.0233953 9.9964E-05 0.0243586 0.0731176 9.9964E-05 9.9964E-05
0.838669 0.00305738 9.9955E-05 9.9955E-05 0.0727444 0.0155976 9.9955E-05 0.0143227 0.025699 0.0294104 9.9955E-05 9.9955E-05
0.371976 9.99731E-05 0.0108896 0.0902446 9.99731E-05 0.101958 9.99731E-05 0.256183 0.0779686 0.0298918 0.0246035 0.0359859
0.32955 0.013882 9.9955E-05 9.9955E-05 0.0231531 0.396524 0.0339125 9.9955E-05 9.9955E-05 0.142518 0.0599605 9.9955E-05
0.0124861 9.9973E-05 9.9973E-05 0.0556375 0.0429614 9.9973E-05 0.748513 0.00532706 0.0279477 0.00436268 0.0693954 0.0330696
9.9919E-05 9.9919E-05 9.9919E-05 0.16179 9.9919E-05 0.0357751 0.801535 9.9919E-05 9.9919E-05 9.9919E-05 9.9919E-05 9.9919E-05
0.0163927 9.9964E-05 9.9964E-05 0.152045 9.9964E-05 0.00260598 0.781234 9.9964E-05 0.0016693 0.00466692 0.0247933 0.0161925
0.0135178 0.0179473 9.9955E-05 0.112473 9.9955E-05 9.9955E-05 0.785858 9.9955E-05 0.0163908 0.0507622 9.9955E-05 0.00255145
0.925812 9.9937E-05 0.0181789 9.9937E-05 9.9937E-05 9.9937E-05 0.0298446 9.9937E-05 9.9937E-05 9.9937E-05 0.00136462 0.0241006
0.865653 9.9955E-05 0.0105472 0.0351053 0.00798527 9.9955E-05 9.9955E-05 0.00254488 0.0411301 9.9955E-05 9.9955E-05 0.0365347
0.723144 0.0368894 0.0562695 0.0071093 9.9964E-05 9.9964E-05 0.0250294 9.9964E-05 0.13075 0.013057 0.00735188 9.9964E-05
0.00506664 9.9964E-05 0.0740983 0.0567231 0.264632 9.9964E-05 0.398751 0.168646 0.00583248 9.9964E-05 0.0258503 9.9964E-05
0.179167 0.116388 0.101815 0.0458136 0.0846545 0.038129 0.0646397 0.0972986 0.152411 0.0499281 0.03511 0.0346457
0.339136 0.129124 0.224737 0.0911513 9.9955E-05 0.018875 0.0293963 9.9955E-05 9.9955E-05 9.9955E-05 9.9955E-05 0.16708
0.720919 0.0200102 0.0474155 0.00998561 0.00233561 9.9964E-05 9.9964E-05 9.9964E-05 0.110876 9.9964E-05 0.0404267 0.0476317
0.600058 0.100901 0.0695817 0.0203012 9.9964E-05 9.9964E-05 0.0142951 0.0089459 0.0760978 9.9964E-05 9.9964E-05 0.10942
0.714952 0.0240094 0.0324814 0.0330955 9.9973E-05 0.0120779 0.0397902 0.0147314 0.00643181 9.9973E-05 9.9973E-05 0.12213
0.471878 0.126308 0.0900152 0.0497417 9.9955E-05 0.0247505 9.9955E-05 0.0333529 9.9955E-05 9.9955E-05 9.9955E-05 0.203454
9.9964E-05 9.9964E-05 0.73608 9.9964E-05 0.020746 0.0485773 0.03233 0.052374 0.0257912 0.0194128 0.0642889 9.9964E-05
0.0101433 9.9955E-05 0.0117201 0.0156434 9.9955E-05 0.343477 9.9955E-05 9.9955E-05 0.584203 0.0289079 9.9955E-05 0.00540551
0.246442 0.0480035 9.9955E-05 9.9955E-05 9.9955E-05 0.277313 0.000648496 9.9955E-05 0.318819 0.078611 0.0296627 9.9955E-05
9.991E-05 9.991E-05 9.991E-05 0.120387 0.878614 9.991E-05 9.991E-05 9.991E-05 9.991E-05 9.991E-05 9.991E-05 9.991E-05
9.9946E-05 9.9946E-05 0.0342528 0.020762 0.844598 9.9946E-05 9.9946E-05 9.9946E-05 0.0083346 9.9946E-05 0.0289629 0.0624897
9.9946E-05 9.9946E-05 9.9946E-05 0.0879529 0.779047 9.9946E-05 9.9946E-05 9.9946E-05 0.0269434 0.000102165 0.044228 0.0611273
9.9955E-05 9.9955E-05 0.111384 0.41244 0.283675 9.9955E-05 0.0583378 0.0865956 9.9955E-05 9.9955E-05 0.0454057 0.00166227
9.99098E-05 9.99098E-05 9.99098E-05 9.99098E-05 0.0360939 9.99098E-05 9.99098E-05 9.99098E-05 9.99098E-05 9.99098E-05 9.99098E-05 0.962907
9.99098E-05 9.99098E-05 9.99098E-05 9.99098E-05 0.0116294 9.99098E-05 9.99098E-05 9.99098E-05 9.99098E-05 9.99098E-05 9.99098E-05 0.987371
0.847807 9.9946E-05 0.0641616 0.0382893 9.9946E-05 9.9946E-05 9.9946E-05 0.00433538 0.0268827 9.9946E-05 9.9946E-05 0.0179238
0.781277 0.0117109 0.0652362 0.0645662 9.99639E-05 9.99639E-05 0.00166045 0.0186475 0.0199409 9.99639E-05 9.99639E-05 0.036561
0.920254 0.00631531 9.9937E-05 9.9937E-05 0.0107697 9.9937E-05 9.9937E-05 0.0083736 0.0535884 9.9937E-05 9.9937E-05 9.9937E-05
9.9928E-05 9.9928E-05 0.0926812 9.9928E-05 0.0212604 0.193571 9.9928E-05 9.9928E-05 9.9928E-05 0.691688 9.9928E-05 9.9928E-05
0.0081658 0.0171145 9.9937E-05 9.9937E-05 0.916398 0.0225178 0.0351044 9.9937E-05 9.9937E-05 9.9937E-05 9.9937E-05 9.9937E-05
0.00590017 9.9946E-05 9.9946E-05 9.9946E-05 0.901744 0.00166948 0.0131073 0.0623473 9.9946E-05 0.0146324 9.9946E-05 9.9946E-05
9.9928E-05 9.9928E-05 9.9928E-05 9.9928E-05 0.864339 9.9928E-05 0.0310416 0.0920075 0.0118129 9.9928E-05 9.9928E-05 9.9928E-05
9.9946E-05 9.9946E-05 9.9946E-05 0.00340657 0.777105 0.0528873 0.021704 0.138708 9.9946E-05 9.9946E-05 9.9946E-05 0.00558896
9.9946E-05 9.9946E-05 9.9946E-05 0.00548762 0.806212 9.9946E-05 0.0303489 0.0717459 9.9946E-05 0.0381471 0.0474587 9.9946E-05
9.9919E-05 9.9919E-05 9.9919E-05 9.9919E-05 0.0373565 0.948418 9.9919E-05 0.0133264 9.9919E-05 9.9919E-05 9.9919E-05 9.9919E-05
0.0178299 0.0696302 9.9964E-05 0.481103 0.0876786 9.9964E-05 9.9964E-05 0.192179 9.9964E-05 0.0375992 0.102415 0.0111647
9.9928E-05 9.9928E-05 9.9928E-05 9.9928E-05 9.9928E-05 9.9928E-05 9.9928E-05 9.9928E-05 0.00859006 0.957936 0.0109477 0.021727
9.9928E-05 9.9928E-05 9.9928E-05 9.9928E-05 0.0415222 0.94395 9.9928E-05 9.9928E-05 9.9928E-05 9.9928E-05 0.0110826 0.00264563
0.719565 9.99279E-05 9.99279E-05 9.99279E-05 9.99279E-05 0.0458219 9.99279E-05 9.99279E-05 9.99279E-05 0.0436575 0.190156 9.99279E-05
9.99098E-05 9.99098E-05 9.99098E-05 9.99098E-05 9.99098E-05 0.939695 9.99098E-05 9.99098E-05 0.059306 9.99098E-05 9.99098E-05 9.99098E-05
9.99008E-05 9.99008E-05 9.99008E-05 9.99008E-05 9.99008E-05 0.998901 9.99008E-05 9.99008E-05 9.99008E-05 9.99008E-05 9.99008E-05 9.99008E-05
9.99189E-05 0.00314118 9.99189E-05 9.99189E-05 9.99189E-05 0.991334 9.99189E-05 9.99189E-05 9.99189E-05 0.00462572 9.99189E-05 9.99189E-05
0.0115521 0.0205515 9.9946E-05 9.9946E-05 0.892414 9.9946E-05 0.0426455 9.9946E-05 0.0281422 9.9946E-05 9.9946E-05 0.00409517
9.99281E-05 9.99281E-05 9.99281E-05 9.99281E-05 0.949739 0.0271937 0.0023671 9.99281E-05 9.99281E-05 0.019901 9.99281E-05 9.99281E-05
9.99189E-05 9.99189E-05 9.99189E-05 9.99189E-05 0.119284 9.99189E-05 9.99189E-05 0.0843026 9.99189E-05 9.99189E-05 0.795514 9.99189E-05
9.9937E-05 0.0387805 0.0237876 9.9937E-05 0.896506 9.9937E-05 0.0143922 0.0258338 9.9937E-05 9.9937E-05 9.9937E-05 9.9937E-05
9.99009E-05 9.99009E-05 9.99009E-05 9.99009E-05 0.998901 9.99009E-05 9.99009E-05 9.99009E-05 9.99009E-05 9.99009E-05 9.99009E-05 9.99009E-05
9.9919E-05 9.9919E-05 9.9919E-05 9.9919E-05 0.240533 0.615463 9.9919E-05 0.143105 9.9919E-05 9.9919E-05 9.9919E-05 9.9919E-05
0.00162855 9.9946E-05 9.9946E-05 0.141472 0.734664 9.9946E-05 0.0086471 0.0464454 9.9946E-05 9.9946E-05 9.9946E-05 0.066543
0.00183686 9.9946E-05 9.9946E-05 0.220095 0.700798 0.0136825 9.9946E-05 0.0305961 9.9946E-05 9.9946E-05 9.9946E-05 0.0323923
0.02996 9.9964E-05 0.232365 0.277537 0.0733575 9.9964E-05 9.9964E-05 0.0888452 0.0350518 9.9964E-05 0.108598 0.153886
9.9937E-05 0.012338 9.9937E-05 9.9937E-05 9.9937E-05 0.122572 0.0136566 9.9937E-05 9.9937E-05 0.846387 9.9937E-05 0.00434751
9.99281E-05 9.99281E-05 9.99281E-05 9.99281E-05 0.606016 0.178263 9.99281E-05 0.169342 9.99281E-05 9.99281E-05 0.0455791 9.99281E-05
0.29321 0.420609 9.9955E-05 9.9955E-05 9.9955E-05 0.0241694 0.0563144 0.197099 0.00250854 0.00559068 9.9955E-05 9.9955E-05
9.9928E-05 9.9928E-05 9.9928E-05 9.9928E-05 0.509901 0.197007 9.9928E-05 0.291577 9.9928E-05 9.9928E-05 0.000715606 9.9928E-05
9.9937E-05 0.034019 9.9937E-05 9.9937E-05 0.928122 0.0246796 0.0104594 9.9937E-05 9.9937E-05 9.9937E-05 9.9937E-05 0.00202071
9.9919E-05 9.9919E-05 9.9919E-05 9.9919E-05 0.00205859 0.995472 0.00157029 9.9919E-05 9.9919E-05 9.9919E-05 9.9919E-05 9.9919E-05
9.9937E-05 9.9937E-05 0.0767238 9.9937E-05 0.226248 0.57536 9.9937E-05 0.00699605 0.113972 9.9937E-05 9.9937E-05 9.9937E-05
9.9919E-05 9.9919E-05 0.12232 9.9919E-05 9.9919E-05 0.0629118 9.9919E-05 9.9919E-05 9.9919E-05 0.813869 9.9919E-05 9.9919E-05
9.9919E-05 9.9919E-05 0.9443 9.9919E-05 9.9919E-05 9.9919E-05 9.9919E-05 0.0245941 9.9919E-05 9.9919E-05 9.9919E-05 0.0302068
0.012885 0.000132628 9.99371E-05 9.99371E-05 9.99371E-05 0.0208269 9.99371E-05 9.99371E-05 0.93769 9.99371E-05 9.99371E-05 0.027766
9.99369E-05 9.99369E-05 0.714897 0.0124907 9.99369E-05 9.99369E-05 9.99369E-05 9.99369E-05 0.146917 0.0968309 0.0281651 9.99369E-05
0.0155276 9.9955E-05 0.0164452 9.9955E-05 0.0364974 0.0486276 9.9955E-05 0.0137001 0.0268297 0.841873 9.9955E-05 9.9955E-05
0.0160263 9.9937E-05 9.9937E-05 9.9937E-05 0.0526023 0.0938023 9.9937E-05 9.9937E-05 0.00616674 0.830703 9.9937E-05 9.9937E-05
9.99279E-05 9.99279E-05 0.821235 9.99279E-05 9.99279E-05 9.99279E-05 9.99279E-05 9.99279E-05 0.0396355 0.0805748 0.0577553 9.99279E-05
9.9964E-05 9.9964E-05 0.447389 9.9964E-05 0.00357618 0.251072 0.0321447 0.0138291 0.0981932 0.0545771 0.0988188 9.9964E-05
9.9919E-05 9.9919E-05 0.0363936 9.9919E-05 9.9919E-05 0.0606081 9.9919E-05 9.9919E-05 9.9919E-05 0.902099 9.9919E-05 9.9919E-05
0.0634231 0.0161751 0.230199 0.259089 0.072151 9.9973E-05 9.9973E-05 0.0587823 9.9973E-05 0.000527241 0.125391 0.173962
0.907359 0.00915735 9.99281E-05 9.99281E-05 9.99281E-05 9.99281E-05 9.99281E-05 9.99281E-05 0.04942 0.0332647 9.99281E-05 9.99281E-05
0.722343 9.99279E-05 9.99279E-05 9.99279E-05 9.99279E-05 0.025459 9.99279E-05 9.99279E-05 9.99279E-05 0.072165 0.179234 9.99279E-05
9.9919E-05 0.989049 9.9919E-05 9.9919E-05 0.00942582 9.9919E-05 9.9919E-05 9.9919E-05 0.000626015 9.9919E-05 9.9919E-05 9.9919E-05
0.605565 9.9955E-05 9.9955E-05 9.9955E-05 0.0178482 9.9955E-05 0.00926147 9.9955E-05 0.0325515 0.129483 0.18077 0.0240204
0.813178 0.0129174 9.9937E-05 9.9937E-05 9.9937E-05 0.0276053 9.9937E-05 9.9937E-05 0.0820329 0.0635663 9.9937E-05 9.9937E-05
0.344259 9.99281E-05 9.99281E-05 9.99281E-05 9.99281E-05 0.00877826 9.99281E-05 9.99281E-05 0.042374 0.60379 9.99281E-05 9.99281E-05
0.849567 0.0319464 9.9946E-05 0.00150065 9.9946E-05 0.0313036 9.9946E-05 9.9946E-05 0.0489864 0.0360967 9.9946E-05 9.9946E-05
0.196545 0.0322789 0.0858052 9.99639E-05 9.99639E-05 0.0253751 0.0506286 9.99639E-05 0.55253 0.0223785 0.0340582 9.99639E-05
0.941607 9.9955E-05 0.00811118 0.00586882 0.0020678 0.00662655 9.9955E-05 9.9955E-05 9.9955E-05 9.9955E-05 0.0251606 0.0100579
0.1119 0.112873 0.465915 0.00382319 9.99459E-05 9.99459E-05 9.99459E-05 9.99459E-05 0.0577693 9.99459E-05 9.99459E-05 0.247119
0.046543 9.9964E-05 0.521639 9.9964E-05 9.9964E-05 0.0374435 0.0460717 9.9964E-05 0.153241 0.0909889 0.0165832 0.0870896
0.179703 0.0134784 0.254381 9.99641E-05 9.99641E-05 0.166902 9.99641E-05 9.99641E-05 0.167417 0.0494718 0.0297013 0.138546
0.8471 0.0203632 0.0290672 9.9964E-05 0.0293923 0.0151899 9.9964E-05 9.9964E-05 0.0334483 0.00523364 0.0198056 9.9964E-05
9.9937E-05 0.0323568 0.00693689 9.9937E-05 0.826615 0.00217814 9.9937E-05 0.131214 9.9937E-05 9.9937E-05 9.9937E-05 9.9937E-05
9.9928E-05 9.9928E-05 0.0292409 9.9928E-05 0.00420428 0.00489121 9.9928E-05 9.9928E-05 0.960864 9.9928E-05 9.9928E-05 9.9928E-05
0.122104 0.0710977 0.446212 9.9946E-05 9.9946E-05 9.9946E-05 0.00920363 9.9946E-05 0.0374697 9.9946E-05 9.9946E-05 0.313312
9.9937E-05 9.9937E-05 0.0572738 9.9937E-05 9.9937E-05 0.00499468 9.9937E-05 9.9937E-05 0.910826 0.0193306 0.0068758 9.9937E-05
9.9928E-05 9.9928E-05 9.9928E-05 0.209361 0.719637 9.9928E-05 9.9928E-05 0.0274928 9.9928E-05 9.9928E-05 9.9928E-05 0.0427094
9.9937E-05 0.00963684 9.9937E-05 0.0020358 9.9937E-05 0.0536985 9.9937E-05 0.0125082 9.9937E-05 0.921421 9.9937E-05 9.9937E-05
9.9919E-05 0.966338 9.9919E-05 0.0200047 9.9919E-05 9.9919E-05 9.9919E-05 0.0127575 9.9919E-05 9.9919E-05 9.9919E-05 9.9919E-05
0.0632608 0.680648 0.0523207 0.0364069 9.9982E-05 0.00990217 9.9982E-05 0.116831 0.00537984 0.0220275 0.0036629 0.00936028
0.921644 0.041797 9.99191E-05 9.99191E-05 9.99191E-05 9.99191E-05 9.99191E-05 9.99191E-05 9.99191E-05 0.0356601 9.99191E-05 9.99191E-05
0.234786 0.031367 9.9937E-05 9.9937E-05 9.9937E-05 0.335849 9.9937E-05 9.9937E-05 0.306619 0.0906796 9.9937E-05 9.9937E-05
9.9901E-05 9.9901E-05 9.9901E-05 9.9901E-05 9.9901E-05 9.9901E-05 9.9901E-05 9.9901E-05 9.9901E-05 0.998901 9.9901E-05 9.9901E-05
9.9901E-05 9.9901E-05 9.9901E-05 9.9901E-05 9.9901E-05 9.9901E-05 9.9901E-05 9.9901E-05 9.9901E-05 0.998901 9.9901E-05 9.9901E-05
9.99729E-05 9.99729E-05 9.99729E-05 0.0355766 0.0226047 0.385486 0.0298252 0.0555095 0.257175 0.0740497 0.138173 0.00130013
0.275313 0.0164092 9.9955E-05 9.9955E-05 9.9955E-05 0.267433 9.9955E-05 9.9955E-05 0.354715 0.0600786 0.0178975 0.00765318
9.9937E-05 9.9937E-05 0.00410401 0.0944528 0.786073 9.9937E-05 9.9937E-05 9.9937E-05 9.9937E-05 9.9937E-05 0.0325693 0.082101
9.99098E-05 9.99098E-05 9.99098E-05 9.99098E-05 0.00322231 9.99098E-05 9.99098E-05 9.99098E-05 9.99098E-05 9.99098E-05 9.99098E-05 0.995779
9.99189E-05 9.99189E-05 9.99189E-05 0.514222 0.430169 9.99189E-05 0.0547098 9.99189E-05 9.99189E-05 9.99189E-05 9.99189E-05 9.99189E-05
9.99369E-05 0.0504863 9.99369E-05 0.893987 9.99369E-05 0.0227497 0.0288502 0.00322742 9.99369E-05 9.99369E-05 9.99369E-05 9.99369E-05
9.9919E-05 0.0378135 9.9919E-05 0.941594 9.9919E-05 0.0196933 9.9919E-05 9.9919E-05 9.9919E-05 9.9919E-05 9.9919E-05 9.9919E-05
9.99459E-05 9.99459E-05 9.99459E-05 0.664239 0.148732 9.99459E-05 0.00350946 0.155695 9.99459E-05 0.00785781 9.99459E-05 0.019366
9.99098E-05 9.99098E-05 9.99098E-05 9.99098E-05 0.00784548 9.99098E-05 9.99098E-05 9.99098E-05 9.99098E-05 9.99098E-05 9.99098E-05 0.991155
9.9955E-05 0.0372559 9.9955E-05 0.84301 9.9955E-05 9.9955E-05 0.0626269 0.00699762 0.00538905 0.0144577 0.0297625 9.9955E-05
9.99279E-05 9.99279E-05 9.99279E-05 0.705883 0.0578227 9.99279E-05 9.99279E-05 0.230337 9.99279E-05 9.99279E-05 0.00515796 9.99279E-05
0.0326519 0.0464816 0.277239 0.150839 9.99549E-05 0.0102299 9.99549E-05 9.99549E-05 9.99549E-05 0.0671932 9.99549E-05 0.414866
9.99279E-05 9.99279E-05 9.99279E-05 0.698022 0.182099 9.99279E-05 9.99279E-05 0.0789351 9.99279E-05 9.99279E-05 0.0401444 9.99279E-05
0.0671186 0.0241451 0.249323 0.194755 9.9964E-05 0.0351909 9.9964E-05 9.9964E-05 9.9964E-05 0.00483364 0.00312804 0.421106
9.9928E-05 9.9928E-05 0.669295 9.9928E-05 9.9928E-05 9.9928E-05 9.9928E-05 9.9928E-05 0.124398 0.152988 0.0525188 9.9928E-05
9.99279E-05 0.0367245 0.0894516 9.99279E-05 9.99279E-05 0.00669611 9.99279E-05 9.99279E-05 9.99279E-05 9.99279E-05 0.866328 9.99279E-05
9.9964E-05 0.0188804 0.0629625 0.48003 0.171278 9.9964E-05 9.9964E-05 0.110616 0.0503343 9.9964E-05 0.0157706 0.0897279
0.0145856 0.0398595 0.142231 0.463251 0.13079 0.00222713 0.0244326 0.0561374 0.0545335 0.000788534 9.9991E-05 0.0710633
9.99009E-05 9.99009E-05 9.99009E-05 9.99009E-05 9.99009E-05 9.99009E-05 9.99009E-05 9.99009E-05 9.99009E-05 9.99009E-05 9.99009E-05 0.998901
9.99279E-05 9.99279E-05 9.99279E-05 0.656005 0.197484 9.99279E-05 9.99279E-05 0.0729027 9.99279E-05 9.99279E-05 9.99279E-05 0.072809
0.0713035 9.99281E-05 9.99281E-05 0.0121163 9.99281E-05 9.99281E-05 9.99281E-05 0.0282762 0.887505 9.99281E-05 9.99281E-05 9.99281E-05
9.9946E-05 9.9946E-05 9.9946E-05 0.0952681 0.809874 9.9946E-05 9.9946E-05 0.00284605 0.00143053 9.9946E-05 0.0300434 0.0599387
9.9928E-05 0.0161651 9.9928E-05 0.944069 9.9928E-05 0.0321208 9.9928E-05 9.9928E-05 9.9928E-05 0.00684592 9.9928E-05 9.9928E-05
9.9937E-05 9.9937E-05 9.9937E-05 0.480257 0.179589 9.9937E-05 9.9937E-05 0.186587 9.9937E-05 9.9937E-05 0.0367593 0.116108
9.9946E-05 0.0234439 9.9946E-05 0.823331 0.0396881 9.9946E-05 0.0581058 0.0331665 9.9946E-05 9.9946E-05 9.9946E-05 0.0216645
9.9946E-05 0.0110829 9.9946E-05 0.842023 0.00736674 0.00128911 9.9946E-05 0.124004 9.9946E-05 9.9946E-05 0.0136349 9.9946E-05
0.675039 9.99279E-05 9.99279E-05 9.99279E-05 9.99279E-05 0.0271964 9.99279E-05 9.99279E-05 9.99279E-05 0.082336 0.214629 9.99279E-05
0.310615 0.0524545 0.0379773 9.9964E-05 9.9964E-05 0.0280263 0.0445153 9.9964E-05 0.449654 0.0056814 0.0706764 9.9964E-05
9.9919E-05 9.9919E-05 9.9919E-05 0.270925 0.694595 9.9919E-05 9.9919E-05 0.0335808 9.9919E-05 9.9919E-05 9.9919E-05 9.9919E-05
9.9919E-05 9.9919E-05 0.0308382 9.9919E-05 9.9919E-05 9.9919E-05 0.000225903 9.9919E-05 0.968037 9.9919E-05 9.9919E-05 9.9919E-05
0.652997 9.99369E-05 9.99369E-05 9.99369E-05 0.013445 0.0451608 9.99369E-05 9.99369E-05 9.99369E-05 0.0698547 0.217842 9.99369E-05
9.9937E-05 0.0243669 0.911733 9.9937E-05 9.9937E-05 9.9937E-05 9.9937E-05 0.0199125 9.9937E-05 0.00573296 9.9937E-05 0.0375546
9.991E-05 0.00274545 9.991E-05 9.991E-05 0.996255 9.991E-05 9.991E-05 9.991E-05 9.991E-05 9.991E-05 9.991E-05 9.991E-05
9.9919E-05 0.0192393 9.9919E-05 9.9919E-05 0.978217 0.0016441 9.9919E-05 9.9919E-05 9.9919E-05 9.9919E-05 9.9919E-05 9.9919E-05
9.9946E-05 0.0299341 9.9946E-05 9.9946E-05 0.874306 9.9946E-05 0.0414013 0.0104467 0.0380208 0.00529142 9.9946E-05 9.9946E-05
9.99191E-05 9.99191E-05 9.99191E-05 9.99191E-05 0.960643 9.99191E-05 0.0318304 0.00662752 9.99191E-05 9.99191E-05 9.99191E-05 9.99191E-05
0.0113738 9.9955E-05 0.0903968 9.9955E-05 0.0347241 0.180844 9.9955E-05 0.000146251 9.9955E-05 0.680657 9.9955E-05 0.0013575
0.0509917 0.0373869 9.9964E-05 9.9964E-05 0.796825 0.0334399 9.9964E-05 0.0642846 9.9964E-05 0.00165493 0.00679943 0.00821731
0.66634 9.9937E-05 9.9937E-05 9.9937E-05 0.00446838 0.0203067 9.9937E-05 9.9937E-05 9.9937E-05 0.10014 0.208045 9.9937E-05
0.911021 9.99371E-05 0.0194293 9.99371E-05 9.99371E-05 9.99371E-05 9.99371E-05 9.99371E-05 0.0198988 9.99371E-05 0.00238549 0.0465663
0.880193 0.0023203 0.0047785 9.9937E-05 9.9937E-05 0.0873166 0.0246919 9.9937E-05 9.9937E-05 9.9937E-05 9.9937E-05 9.9937E-05
0.908401 0.0211441 9.9946E-05 9.9946E-05 9.9946E-05 0.029378 9.9946E-05 0.000203125 9.9946E-05 0.0196163 9.9946E-05 0.0206576
0.86207 0.0249114 9.9964E-05 9.9964E-05 9.9964E-05 0.037622 0.00676142 0.0086521 0.0417933 0.0114108 0.00637961 9.9964E-05
0.0177357 0.0523428 9.99369E-05 0.757167 9.99369E-05 9.99369E-05 0.158019 9.99369E-05 0.0140353 9.99369E-05 9.99369E-05 9.99369E-05
0.0052459 0.074108 9.9937E-05 0.769857 9.9937E-05 9.9937E-05 0.137351 9.9937E-05 0.0127379 9.9937E-05 9.9937E-05 9.9937E-05
0.0135895 9.9955E-05 0.00364389 0.0455922 9.9955E-05 0.0095201 0.882139 9.9955E-05 0.023717 0.0212987 9.9955E-05 9.9955E-05
0.0345798 9.9937E-05 9.9937E-05 9.9937E-05 0.102853 9.9937E-05 0.835815 0.0143818 9.9937E-05 9.9937E-05 9.9937E-05 0.0116703
9.9946E-05 0.0122018 9.9946E-05 9.9946E-05 0.0239274 9.9946E-05 0.888495 0.0101529 9.9946E-05 9.9946E-05 0.0455026 0.0191203
0.0294584 0.00878149 0.484655 9.9964E-05 9.9964E-05 9.9964E-05 0.272159 9.9964E-05 0.0457131 0.116484 0.0416563 0.000692589
