0.130618 0.648914 0.127533 0.0567277 0.0361071 9.9991E-05
0.169083 0.288928 0.46942 0.0412114 0.0169106 0.0144471
0.144403 0.254693 0.442921 0.0935207 0.0237213 0.0407403
0.174147 0.653882 0.109217 0.0367333 0.0180258 0.00799559
9.999E-05 0.00893969 0.951935 0.00965571 0.0144197 0.0149501
0.174854 0.256313 0.437836 0.0331777 0.0225008 0.0753192
9.9973E-05 0.368891 9.9973E-05 0.106564 0.524245 9.9973E-05
9.996E-05 9.996E-05 9.996E-05 9.996E-05 0.9995 9.996E-05
9.996E-05 9.996E-05 9.996E-05 9.996E-05 0.9995 9.996E-05
0.0105312 9.9964E-05 9.9964E-05 9.9964E-05 0.989069 9.9964E-05
0.012162 0.0872719 0.051875 0.848491 9.9982E-05 9.9982E-05
9.9973E-05 0.0521241 9.9973E-05 0.938425 0.00915108 9.9973E-05
9.9973E-05 0.0119573 9.9973E-05 0.959914 0.0278286 9.9973E-05
9.9964E-05 0.00565343 9.9964E-05 0.993947 9.9964E-05 9.9964E-05
0.0313088 0.105802 9.9982E-05 9.9982E-05 0.0110701 0.851619
9.996E-05 9.996E-05 9.996E-05 9.996E-05 0.9995 9.996E-05
9.9973E-05 0.76939 9.9973E-05 0.227082 0.00322797 9.9973E-05
9.99641E-05 9.99641E-05 9.99641E-05 0.0854102 9.99641E-05 0.91419
0.0541725 0.130737 9.9991E-05 0.186873 0.0274589 0.600659
9.9973E-05 9.9973E-05 9.9973E-05 0.616594 0.0184554 0.364651
0.00683261 0.0323504 9.9991E-05 0.0358639 0.0612944 0.863559
0.0108926 9.9991E-05 0.0100401 0.890819 0.00447246 0.0836757
9.9973E-05 9.9973E-05 9.9973E-05 0.053225 0.00935628 0.937119
0.0243215 0.0443526 9.9991E-05 0.810529 0.00899024 0.111707
9.9964E-05 9.9964E-05 9.9964E-05 0.922138 9.9964E-05 0.0774621
9.9964E-05 0.0387308 9.9964E-05 9.9964E-05 9.9964E-05 0.960869
9.9973E-05 9.9973E-05 9.9973E-05 0.0914148 0.0190187 0.889267
0.0824779 9.9982E-05 9.9982E-05 0.299243 0.010963 0.607116
0.0277862 9.9982E-05 9.9982E-05 0.00791959 0.0213606 0.942734
9.9973E-05 9.9973E-05 0.0114285 0.0342623 9.9973E-05 0.954009
0.0170054 9.9973E-05 9.9973E-05 0.940013 9.9973E-05 0.042682
9.9973E-05 0.0667676 9.9973E-05 0.930963 0.0019698 9.9973E-05
9.9964E-05 9.9964E-05 9.9964E-05 0.0928573 9.9964E-05 0.906743
0.0151974 0.012589 0.00202051 0.755815 0.0280553 0.186323
9.9973E-05 9.9973E-05 9.9973E-05 0.0518616 0.0193881 0.92845
9.9964E-05 9.9964E-05 9.9964E-05 0.952439 9.9964E-05 0.047161
9.9964E-05 9.9964E-05 9.9964E-05 0.0880931 9.9964E-05 0.911507
0.0260594 9.9973E-05 9.9973E-05 0.912988 9.9973E-05 0.0606526
0.1697 0.622486 0.200859 9.9982E-05 0.00675464 9.9982E-05
0.133248 9.9973E-05 0.861433 0.00501898 9.9973E-05 9.9973E-05
9.9973E-05 0.0338808 0.113797 0.852022 9.9973E-05 9.9973E-05
9.9964E-05 9.9964E-05 9.9964E-05 0.0250989 9.9964E-05 0.974501
0.0013506 9.9973E-05 9.9973E-05 0.92662 9.9973E-05 0.0717292
0.390447 0.32095 0.209758 0.0786442 9.9982E-05 9.9982E-05
0.0564937 0.0931399 9.9991E-05 0.226502 0.0517474 0.572017
0.0113047 0.0837864 0.00543663 0.495609 0.0280418 0.375822
9.9991E-05 0.0268579 0.0263736 0.0419036 0.0234012 0.881364
0.205888 0.221665 0.489845 0.0134613 9.9991E-05 0.0690409
0.692835 0.0938045 0.20757 9.9982E-05 9.9982E-05 0.00559022
9.996E-05 0.9995 9.996E-05 9.996E-05 9.996E-05 9.996E-05
9.9973E-05 0.849539 9.9973E-05 0.117775 9.9973E-05 0.0323865
9.9982E-05 0.8068 9.9982E-05 0.136438 0.0188937 0.0376681
9.996E-05 0.9995 9.996E-05 9.996E-05 9.996E-05 9.996E-05
9.9973E-05 9.9973E-05 0.0280627 0.0277942 0.943843 9.9973E-05
9.9973E-05 0.0111966 9.9973E-05 0.0285922 0.959911 9.9973E-05
9.99789E-05 0.245685 9.99789E-05 0.710749 0.0432661 9.99789E-05
9.9973E-05 9.9973E-05 9.9973E-05 0.935805 0.0132493 0.0506461
0.0725302 0.366978 0.230118 0.0328219 0.0492118 0.248341
9.9964E-05 0.0565752 0.943025 9.9964E-05 9.9964E-05 9.9964E-05
0.390586 0.0513328 0.518454 9.9982E-05 9.9982E-05 0.0394269
9.99639E-05 0.80016 9.99639E-05 0.19944 9.99639E-05 9.99639E-05
9.9991E-05 0.797332 0.0190991 0.163846 0.00813255 0.0114908
0.0447115 0.711354 0.0254912 0.218243 9.9982E-05 9.9982E-05
9.9964E-05 9.9964E-05 9.9964E-05 0.0120336 0.987567 9.9964E-05
0.0256577 0.0460214 0.926775 0.00134553 9.9982E-05 9.9982E-05
9.9964E-05 0.759681 9.9964E-05 0.239919 9.9964E-05 9.9964E-05
0.082639 0.754635 0.124273 9.9982E-05 0.0382532 9.9982E-05
9.9964E-05 9.9964E-05 9.9964E-05 0.964516 9.9964E-05 0.0350845
9.996E-05 9.996E-05 9.996E-05 0.9995 9.996E-05 9.996E-05
0.0148426 0.0969816 0.0335609 9.9991E-05 0.818377 0.0361381
0.0221886 0.0962704 0.0118612 0.0145273 0.808617 0.0465356
0.0222064 0.0633994 0.0275742 0.00418343 0.877104 0.0055326
9.9973E-05 0.0182371 0.0216912 9.9973E-05 0.959772 9.9973E-05
9.9964E-05 0.0122957 9.9964E-05 9.9964E-05 0.987304 9.9964E-05
9.9973E-05 0.0130154 0.0154789 9.9973E-05 0.971206 9.9973E-05
9.9964E-05 0.0197445 9.9964E-05 9.9964E-05 0.979856 9.9964E-05
9.9964E-05 9.9964E-05 9.9964E-05 9.9964E-05 0.988081 0.0115189
0.00480562 0.00285364 0.00120535 0.0188577 0.972178 9.9991E-05
9.996E-05 9.996E-05 9.996E-05 9.996E-05 0.9995 9.996E-05
9.9973E-05 0.0268881 9.9973E-05 9.9973E-05 0.938847 0.0339653
0.00368142 0.0339492 0.00967021 0.0226572 0.919674 0.0103676
9.9991E-05 0.00809257 0.00876603 0.0324578 0.941825 0.00875817
0.00797269 9.9982E-05 9.9982E-05 0.0438328 0.552376 0.395619
9.9964E-05 9.9964E-05 9.9964E-05 9.9964E-05 0.580466 0.419134
9.996E-05 9.996E-05 9.996E-05 9.996E-05 0.9995 9.996E-05
9.9964E-05 0.0510708 9.9964E-05 9.9964E-05 0.948529 9.9964E-05
9.9964E-05 0.0570402 9.9964E-05 9.9964E-05 0.94256 9.9964E-05
9.9991E-05 0.00392599 0.0341492 0.00218677 0.95213 0.00750782
9.996E-05 9.996E-05 9.996E-05 9.996E-05 0.9995 9.996E-05
9.9964E-05 9.9964E-05 9.9964E-05 9.9964E-05 0.549002 0.450598
0.00736284 9.9991E-05 0.0164959 0.0309251 0.893069 0.052047
0.00131507 0.0309498 0.00530464 0.023469 0.932977 0.00598446
0.0107286 0.0352244 0.00600056 9.9982E-05 0.947847 9.9982E-05
0.00672913 0.0269621 0.0281344 9.9982E-05 0.937974 9.9982E-05
0.0096782 0.0605895 0.00671244 0.00313453 0.881095 0.03879
9.9973E-05 0.0429199 9.9973E-05 0.00661473 0.950165 9.9973E-05
0.0554524 0.201355 0.120224 0.0230648 9.9991E-05 0.599803
9.9973E-05 9.9973E-05 0.0135533 9.9973E-05 0.948181 0.0379656
9.9973E-05 9.9973E-05 9.9973E-05 0.00679303 0.97866 0.0142474
0.0767346 0.0708209 0.0479854 9.9991E-05 0.734636 0.0697226
9.996E-05 9.996E-05 9.996E-05 9.996E-05 0.9995 9.996E-05
9.9964E-05 9.9964E-05 9.9964E-05 9.9964E-05 0.986848 0.0127523
9.9973E-05 0.00792324 9.9973E-05 0.02489 0.966887 9.9973E-05
9.9973E-05 9.9973E-05 0.00552065 9.9973E-05 0.984614 0.00956559
0.0084902 9.9991E-05 0.00264449 0.0415251 0.0205243 0.926716
9.996E-05 9.996E-05 9.996E-05 9.996E-05 0.9995 9.996E-05
0.019972 0.0171651 9.9973E-05 9.9973E-05 0.962563 9.9973E-05
0.00246616 9.9964E-05 9.9964E-05 9.9964E-05 0.997134 9.9964E-05
0.000664364 0.012724 9.9991E-05 0.330037 0.0223263 0.634149
0.0174516 0.00946541 0.0118057 9.9991E-05 0.942756 0.0184217
0.00269394 0.0224006 9.9982E-05 0.0306555 0.94405 9.9982E-05
0.0106328 0.00344148 9.9982E-05 9.9982E-05 0.974198 0.0115282
9.9964E-05 9.9964E-05 9.9964E-05 0.00646864 0.993132 9.9964E-05
9.9982E-05 0.0546222 9.9982E-05 0.247519 0.0363639 0.661295
9.996E-05 9.996E-05 9.996E-05 9.996E-05 0.9995 9.996E-05
0.00414778 0.0618213 0.0134294 9.9982E-05 0.920402 9.9982E-05
9.9964E-05 9.9964E-05 9.9964E-05 9.9964E-05 0.50755 0.492051
9.99702E-05 9.99702E-05 0.00269408 9.99702E-05 0.996906 9.99702E-05
9.9973E-05 9.9973E-05 9.9973E-05 0.73075 0.0320605 0.236889
9.9973E-05 9.9973E-05 0.0323065 0.689398 9.9973E-05 0.277995
0.00398347 0.0107085 0.0193319 0.910275 0.000712192 0.0549892
9.9991E-05 0.0197175 0.00124094 0.0373117 0.0341689 0.907461
0.00315433 0.723743 0.0266249 0.189962 0.0564154 9.9991E-05
0.0207341 9.9982E-05 9.9982E-05 0.857225 0.0574548 0.0643857
0.0379278 0.265744 0.0311178 0.44817 0.014813 0.202227
0.00246051 9.9991E-05 0.0246412 0.782047 0.0460511 0.1447
0.0221536 9.9982E-05 0.0274797 0.647923 9.9982E-05 0.302244
0.0143121 0.0075313 0.00974395 0.70781 0.0249752 0.235627
0.0813674 9.9982E-05 0.0442547 0.59628 9.9982E-05 0.277898
0.0255813 9.9991E-05 0.0414021 0.58982 0.00797467 0.335122
9.9982E-05 9.9982E-05 0.0341231 0.940557 0.0166703 0.00844926
0.0373499 9.9982E-05 0.0109934 0.910612 0.0408444 9.9982E-05
0.0122776 0.0184453 0.0210548 0.909407 0.0386924 0.000122619
0.0632098 0.0494347 9.9991E-05 0.0432256 0.0455705 0.798459
0.497102 0.067479 0.407291 0.00435121 0.0236774 9.9991E-05
0.462783 0.101585 0.391825 9.9991E-05 0.036046 0.00766129
0.129906 0.0930858 0.743086 0.0156161 0.0182066 9.9991E-05
0.0217967 0.291063 0.0309647 0.177085 0.105516 0.373575
0.495063 0.078358 0.415001 9.9991E-05 0.0066274 0.00485003
0.453361 0.111215 0.392163 9.9991E-05 0.0274777 0.0156838
0.0194287 0.138562 0.068226 0.485403 0.145411 0.14297
0.386698 0.0202056 0.540256 0.0158209 0.0344866 0.002533
0.369043 0.0558582 0.497896 0.0365726 0.0146079 0.0260224
0.429615 0.0362742 0.510831 0.0151284 0.00805222 9.9991E-05
0.558232 0.114891 0.225561 9.9991E-05 0.014054 0.0871618
0.576229 0.0874902 0.266479 9.9991E-05 0.0375441 0.0321577
0.407832 0.0359638 0.471091 0.0474861 9.9991E-05 0.0375272
0.0186275 0.882819 9.9991E-05 0.0748925 0.0117811 0.0117799
0.140984 0.00780858 0.804352 9.9991E-05 0.0197662 0.0269888
9.9982E-05 0.0403781 9.9982E-05 0.0398207 0.0285888 0.891012
0.000631749 9.9991E-05 0.0202705 0.0125115 0.0257018 0.940784
0.0454146 0.0211078 0.883223 9.9991E-05 0.0129302 0.037224
0.215478 0.255131 0.119979 0.157066 0.084468 0.167878
0.058459 0.71592 9.9973E-05 0.225321 9.9973E-05 9.9973E-05
0.0562004 0.0368888 0.0905314 0.816179 9.9982E-05 9.9982E-05
0.0576479 0.020499 9.9991E-05 0.0965148 0.0146854 0.810553
0.195054 0.0435098 0.121548 0.590209 0.0323445 0.0173341
0.0466869 0.672921 0.0140443 0.219723 0.0174878 0.0291369
0.568917 0.0812103 0.254582 0.0134441 0.0297376 0.0521085
9.9973E-05 0.851864 9.9973E-05 0.139952 0.00788392 9.9973E-05
0.147521 0.498774 0.0604809 0.0726818 0.0752148 0.145327
0.00479034 0.0259622 9.9991E-05 0.00746143 0.00333014 0.958356
0.147911 9.9991E-05 0.791738 0.00845961 0.0470449 0.00474682
0.00251638 9.9982E-05 0.43928 0.532906 0.0250968 9.9982E-05
9.9982E-05 9.9982E-05 0.92062 0.0240955 0.00289891 0.0521851
0.0784369 0.326836 0.0955057 0.425947 0.0315596 0.0417151
9.996E-05 9.996E-05 0.9995 9.996E-05 9.996E-05 9.996E-05
9.9982E-05 0.69292 0.0139204 0.286645 9.9982E-05 0.00631468
9.9991E-05 0.0408292 0.823198 0.0385064 0.047793 0.0495731
9.9991E-05 0.026061 0.878446 0.0434668 0.000377459 0.0515488
9.9991E-05 0.0166663 0.0744128 0.0113364 0.0156275 0.881857
0.178332 0.116307 0.157416 0.139827 9.9991E-05 0.408019
0.0417813 0.114727 0.0650972 0.388644 0.0352956 0.354455
0.839108 0.0313679 0.0623799 0.0353994 9.9991E-05 0.0316449
0.961544 0.00545873 9.9973E-05 0.0326972 9.9973E-05 9.9973E-05
0.91281 0.0139165 9.9991E-05 0.0240094 0.0128305 0.0363339
0.854389 0.0724285 9.9991E-05 0.0113331 0.0208442 0.040905
0.0228503 9.9964E-05 9.9964E-05 9.9964E-05 9.9964E-05 0.97675
9.9991E-05 0.0173521 0.0162905 0.00236845 0.0500031 0.913886
0.0240343 0.0735357 9.9991E-05 0.0785949 0.0313922 0.792343
0.563763 0.0657691 0.352953 0.0173146 9.9982E-05 9.9982E-05
0.170865 0.211886 0.215069 0.146051 0.113657 0.142472
0.126272 0.300734 0.0180703 9.9991E-05 0.169652 0.385172
0.00974251 0.0550921 0.0223577 0.0744479 0.0387752 0.799584
0.00294819 0.0956906 0.0402686 0.09858 0.0906604 0.671852
0.117029 0.0622856 9.9982E-05 9.9982E-05 0.0656747 0.754811
0.0410282 0.160793 0.101413 0.00762568 0.166842 0.522298
0.0714817 0.77785 0.0908925 0.0307407 0.0121141 0.0169213
0.0116724 0.0620494 9.9982E-05 0.880923 9.9982E-05 0.0451551
0.0034111 0.0764606 9.9991E-05 0.618207 0.0556853 0.246136
0.00418688 9.9973E-05 0.978092 9.9973E-05 0.0174214 9.9973E-05
9.9973E-05 0.0596081 0.934893 0.0051992 9.9973E-05 9.9973E-05
9.9982E-05 0.0429699 0.933347 0.0170269 9.9982E-05 0.00645592
0.332461 0.202274 0.456977 9.9982E-05 0.0080879 9.9982E-05
0.122383 0.400464 0.374112 9.9991E-05 0.0806065 0.0223344
0.118909 0.413646 0.375172 9.9991E-05 0.0680632 0.02411
0.0345347 0.0308448 9.9982E-05 9.9982E-05 0.0118077 0.922613
0.0378982 0.0636623 0.0248163 9.9991E-05 0.0319174 0.841606
9.9964E-05 9.9964E-05 9.9964E-05 0.0219142 9.9964E-05 0.977686
9.9973E-05 0.696311 0.0204187 0.282971 9.9973E-05 9.9973E-05
0.00690805 9.9982E-05 0.956948 0.0164267 0.0195175 9.9982E-05
9.9964E-05 9.9964E-05 0.979629 9.9964E-05 0.0199713 9.9964E-05
0.0213839 9.9973E-05 0.967761 0.0105552 9.9973E-05 9.9973E-05
0.0906024 9.9973E-05 0.864021 0.0450764 9.9973E-05 9.9973E-05
0.0175804 0.0172355 0.907737 0.00705622 0.0397609 0.0106295
9.9973E-05 0.0377613 0.0964355 0.865503 9.9973E-05 9.9973E-05
0.326287 0.164456 0.348872 9.9991E-05 0.0874563 0.0728289
9.99639E-05 0.765496 9.99639E-05 0.234104 9.99639E-05 9.99639E-05
9.9973E-05 0.0810701 0.0884224 0.830208 9.9973E-05 9.9973E-05
0.020105 0.144054 0.041365 9.9982E-05 9.9982E-05 0.794276
9.9964E-05 0.0284603 9.9964E-05 0.97114 9.9964E-05 9.9964E-05
9.9982E-05 0.105822 0.00408726 0.881683 0.00820786 9.9982E-05
0.00252528 0.12394 9.9982E-05 0.854396 0.0189389 9.9982E-05
9.9973E-05 9.9973E-05 0.955705 0.0118105 0.0321847 9.9973E-05
9.9964E-05 9.9964E-05 0.985033 0.0145671 9.9964E-05 9.9964E-05
0.210388 0.300482 0.435083 0.0310018 9.9991E-05 0.0229444
9.9973E-05 9.9973E-05 0.94796 0.0022451 0.0494951 9.9973E-05
9.996E-05 9.996E-05 0.9995 9.996E-05 9.996E-05 9.996E-05
0.0216515 9.9982E-05 0.410971 0.544345 0.0228316 9.9982E-05
0.0711546 0.0110887 0.87265 9.9982E-05 9.9982E-05 0.0449064
0.0658674 0.0381715 0.855478 9.9982E-05 9.9982E-05 0.0402831
0.191031 0.414671 0.261652 9.9991E-05 0.041344 0.0912021
9.9973E-05 0.719605 9.9973E-05 0.27725 0.00284502 9.9973E-05
0.105192 0.0732548 0.745335 0.0760189 9.9982E-05 9.9982E-05
0.181396 9.9991E-05 0.0317891 0.0191364 0.438028 0.329551
0.0650144 0.030043 0.743017 0.14747 0.0143554 9.9991E-05
9.9973E-05 9.9973E-05 0.979579 0.0187765 0.00134425 9.9973E-05
0.0318079 0.0156687 0.0428672 0.909456 9.9982E-05 9.9982E-05
9.9973E-05 0.0735342 0.292316 0.63385 9.9973E-05 9.9973E-05
9.9973E-05 0.825657 9.9973E-05 0.158052 9.9973E-05 0.0159918
9.9973E-05 0.950092 0.0317561 9.9973E-05 9.9973E-05 0.0178516
9.9964E-05 9.9964E-05 9.9964E-05 0.917044 9.9964E-05 0.0825561
9.9973E-05 0.847838 9.9973E-05 0.129106 0.0227562 9.9973E-05
9.9982E-05 0.684943 0.0176249 0.287666 9.9982E-05 0.00956565
9.9973E-05 0.663818 0.0166968 0.319185 9.9973E-05 9.9973E-05
9.9964E-05 0.997478 9.9964E-05 9.9964E-05 0.00212256 9.9964E-05
0.0592892 0.55602 0.0590335 0.318992 0.0065652 9.9991E-05
9.9964E-05 0.779873 9.9964E-05 0.219727 9.9964E-05 9.9964E-05
0.18121 0.398134 0.275979 9.9991E-05 0.0510902 0.093487
9.9964E-05 9.9964E-05 9.9964E-05 0.0532018 9.9964E-05 0.946398
0.0255842 0.151417 0.0318769 9.9982E-05 9.9982E-05 0.790922
9.996E-05 9.996E-05 9.996E-05 9.996E-05 0.9995 9.996E-05
0.0173017 0.170001 0.071084 0.0414426 9.9991E-05 0.700071
9.9973E-05 9.9973E-05 9.9973E-05 0.103551 0.0127522 0.883397
9.9973E-05 0.413009 9.9973E-05 0.235207 9.9973E-05 0.351484
9.9973E-05 9.9973E-05 9.9973E-05 0.0883309 0.0217329 0.889636
0.0210984 0.108455 0.0174646 0.527083 0.0528057 0.273093
0.00416594 0.0101712 9.9982E-05 9.9982E-05 0.00668659 0.978776
0.0514823 0.603125 0.0122293 0.0170377 0.130671 0.185455
0.0610102 0.694212 9.9982E-05 0.158321 9.9982E-05 0.0862569
0.0366177 0.375709 0.0180717 0.315694 0.051765 0.202143
9.9991E-05 0.0154758 0.0171409 0.0692739 0.0110245 0.886985
0.0276456 0.00245102 0.949003 9.9982E-05 0.0207003 9.9982E-05
9.9964E-05 9.9964E-05 9.9964E-05 0.94353 9.9964E-05 0.0560705
0.106285 0.615922 0.00726786 9.9991E-05 0.0953334 0.175092
9.9973E-05 0.0274053 9.9973E-05 0.931878 9.9973E-05 0.040417
0.0317579 0.0313789 0.932047 0.004616 9.9982E-05 9.9982E-05
9.9964E-05 0.758499 9.9964E-05 0.241101 9.9964E-05 9.9964E-05
0.00991953 0.0141332 0.00487421 9.9982E-05 0.970873 9.9982E-05
0.0934425 0.0863658 0.0437625 0.00838965 0.703883 0.0641568
9.9964E-05 9.9964E-05 9.9964E-05 9.9964E-05 0.0414775 0.958123
9.9982E-05 0.0833085 9.9982E-05 0.612454 0.0539603 0.250078
9.99639E-05 0.81514 9.99639E-05 0.18446 9.99639E-05 9.99639E-05
9.9964E-05 0.787805 9.9964E-05 0.211795 9.9964E-05 9.9964E-05
0.107769 0.151163 0.113938 0.623554 9.9991E-05 0.00347603
0.00607375 0.0210765 9.9991E-05 0.64718 0.037525 0.288045
9.9973E-05 0.0720797 0.921087 9.9973E-05 9.9973E-05 0.00653373
0.153735 0.414624 0.343155 9.9991E-05 0.0575574 0.0308284
0.32998 0.0164175 0.638209 0.0151941 9.9982E-05 9.9982E-05
0.568354 0.0252714 0.182257 0.0511993 0.111269 0.0616499
0.555579 0.110468 0.170548 0.0377318 0.0714947 0.0541787
0.410547 0.119216 0.414608 9.9991E-05 0.0164604 0.0390683
0.114498 0.431319 0.380755 9.9991E-05 0.0548572 0.0184706
0.532046 0.111459 0.243969 0.0134749 0.0417103 0.0573412
0.464771 0.0943572 0.37917 9.9982E-05 9.9982E-05 0.0615019
0.139386 0.57232 0.109815 9.9991E-05 0.0709515 0.107428
0.364053 0.103755 0.476201 9.9982E-05 9.9982E-05 0.0557911
0.177558 0.518958 0.0916966 9.9991E-05 0.0667575 0.14493
9.9973E-05 0.866787 9.9973E-05 0.122797 0.0101162 9.9973E-05
0.181826 0.525273 0.123845 0.0880797 0.0808764 9.9991E-05
0.279298 0.187673 0.396267 0.0541911 0.0523955 0.0301754
0.27219 0.227516 0.346064 0.0732106 0.0366149 0.0444049
0.173309 0.410879 0.335185 0.0126603 0.0506337 0.0173337
0.39631 0.0587756 0.453652 0.039685 0.0446076 0.00697002
0.0132516 0.00962852 9.9991E-05 0.827081 0.00283109 0.147108
9.9973E-05 0.0423349 0.954628 9.9973E-05 9.9973E-05 0.00273748
0.543509 0.128096 0.184572 0.0212909 0.0553831 0.0671488
0.313571 0.122612 0.488753 9.9991E-05 0.0445908 0.0303728
0.528448 0.0960195 0.27932 9.9991E-05 0.0510317 0.045081
0.509982 0.0780428 0.298171 0.044014 0.0484912 0.0212984
0.0302155 0.176204 0.027462 9.9982E-05 9.9982E-05 0.765919
0.0367639 0.0524596 0.0166896 0.452443 0.0580513 0.383592
0.119419 0.0108175 0.863582 9.9982E-05 0.00598195 9.9982E-05
9.9973E-05 0.0106541 9.9973E-05 0.896601 9.9973E-05 0.0924452
9.9982E-05 0.17061 0.0820185 0.0240306 9.9982E-05 0.723141
9.9973E-05 0.936983 0.0121777 9.9973E-05 0.0505395 9.9973E-05
9.996E-05 9.996E-05 0.9995 9.996E-05 9.996E-05 9.996E-05
9.996E-05 9.996E-05 0.9995 9.996E-05 9.996E-05 9.996E-05
9.9973E-05 9.9973E-05 0.933701 0.0330817 0.0329173 9.9973E-05
9.996E-05 9.996E-05 0.9995 9.996E-05 9.996E-05 9.996E-05
9.9973E-05 0.697652 0.0356875 0.26636 9.9973E-05 9.9973E-05
9.9973E-05 9.9973E-05 0.887217 9.9973E-05 0.0453416 0.0671414
0.0438229 0.153242 0.040925 9.9982E-05 9.9982E-05 0.76181
0.006825 0.00907917 0.00295113 9.9982E-05 9.9982E-05 0.980945
0.0189191 9.9982E-05 9.9982E-05 0.0310487 0.0404747 0.909358
9.9973E-05 9.9973E-05 0.00625338 9.9973E-05 0.0252038 0.968243
0.00130789 9.9982E-05 9.9982E-05 0.073757 0.0161971 0.908538
0.625461 0.102912 0.0880298 0.0191917 0.0786561 0.0857496
0.589359 0.0961529 0.0986702 0.0201466 0.104729 0.0909423
0.913878 0.0263509 9.9991E-05 0.0143102 0.00217484 0.0431866
0.90954 9.9973E-05 0.0573984 9.9973E-05 9.9973E-05 0.0327617
0.972638 0.00178451 9.9991E-05 0.00911316 0.011964 0.00440083
0.300589 0.603785 9.9991E-05 0.0340703 0.0245594 0.036896
0.918732 9.9982E-05 9.9982E-05 0.0396095 0.020677 0.0207817
0.134567 0.141026 0.239669 0.254894 0.00530284 0.224541
0.9995 9.996E-05 9.996E-05 9.996E-05 9.996E-05 9.996E-05
0.9995 9.996E-05 9.996E-05 9.996E-05 9.996E-05 9.996E-05
0.977283 9.99639E-05 9.99639E-05 9.99639E-05 0.022317 9.99639E-05
0.636056 0.00465264 0.282695 0.0341382 9.9991E-05 0.0423587
0.9995 9.996E-05 9.996E-05 9.996E-05 9.996E-05 9.996E-05
0.936955 9.9991E-05 0.00117081 0.0123479 0.0208802 0.0285462
0.00799696 9.9982E-05 9.9982E-05 0.863441 0.0103915 0.117971
0.0549232 0.0640532 0.00575424 0.561146 0.0469776 0.267146
0.028729 0.135178 9.9991E-05 0.104757 0.00702716 0.724209
9.9982E-05 0.0227943 9.9982E-05 0.052044 0.0347868 0.890175
0.0300424 0.791957 9.9982E-05 0.0944846 9.9982E-05 0.0833158
0.0610578 0.0215933 0.0113773 0.0701572 0.0485188 0.787296
9.9982E-05 9.9982E-05 0.00213687 0.961172 0.00891374 0.0275772
9.9964E-05 9.9964E-05 9.9964E-05 0.929958 9.9964E-05 0.0696422
9.9973E-05 0.954243 9.9973E-05 0.0346138 0.0108437 9.9973E-05
0.05703 0.1301 0.00369414 0.00287375 0.0506361 0.755666
0.0379731 0.12668 0.0331051 0.171454 0.109138 0.52165
0.0457717 0.763678 9.99821E-05 9.99821E-05 0.0917928 0.0985572
0.00571215 0.914126 9.9991E-05 0.0288087 0.0280297 0.0232236
0.00264106 0.773139 0.0212837 0.124679 0.00878285 0.0694738
9.9991E-05 0.0932263 0.101837 0.539709 0.0042139 0.260914
9.9982E-05 0.892763 9.9982E-05 0.0559252 0.0401276 0.0109846
9.9973E-05 9.9973E-05 9.9973E-05 0.945605 0.00351442 0.050581
9.9973E-05 0.943628 0.0515858 9.9973E-05 0.00448625 9.9973E-05
9.9973E-05 0.912583 0.0256002 9.9973E-05 0.0615172 9.9973E-05
0.216843 0.38354 0.336322 9.9982E-05 0.0630949 9.9982E-05
0.00209713 0.961604 9.9991E-05 0.00719384 0.0025941 0.0264105
9.9964E-05 0.998955 9.9964E-05 9.9964E-05 0.000645547 9.9964E-05
9.9964E-05 0.989324 9.9964E-05 0.0102759 9.9964E-05 9.9964E-05
0.105681 0.483371 0.0468257 0.0373936 0.132251 0.194478
0.00543258 0.0324374 0.00818621 0.792382 9.9991E-05 0.161461
0.00289228 0.0660654 0.0346632 0.871953 9.9991E-05 0.0243256
9.9991E-05 0.0975213 0.0173313 0.85337 0.00857995 0.0230974
9.9973E-05 9.9973E-05 9.9973E-05 0.875855 0.0378207 0.0860248
9.9964E-05 0.0700551 0.929545 9.9964E-05 9.9964E-05 9.9964E-05
0.183874 0.284313 0.424126 0.0449277 0.0230671 0.0396917
0.0148119 0.0211449 0.0170889 0.151731 0.0158494 0.779374
0.022581 0.103882 9.9991E-05 0.530782 0.0383434 0.304311
0.112504 0.612016 0.133985 0.0600382 0.0813571 9.9991E-05
0.141953 0.629049 0.130242 0.0509425 0.0476778 0.000136316
0.0202543 9.9973E-05 0.0220357 9.9973E-05 9.9973E-05 0.95741
0.0346021 0.166066 0.0263278 0.0226378 9.9991E-05 0.750266
0.322897 0.121557 0.264815 0.265241 0.0253902 9.9991E-05
0.065098 0.401614 0.0866616 0.436323 0.0102036 9.9991E-05
9.9982E-05 0.0637644 9.9982E-05 0.106805 0.0221056 0.807125
0.0488259 0.461101 0.0687736 9.9991E-05 0.144646 0.276554
0.155657 0.571819 0.114102 0.0624608 0.0958608 9.9991E-05
0.0907341 0.464617 0.0383766 0.0626497 0.170244 0.173378
0.0874109 0.386336 0.0434399 0.0575183 0.131876 0.293419
0.0256856 9.9982E-05 9.9982E-05 0.0153515 0.0592616 0.899501
0.00487464 0.00446271 0.0388504 9.9991E-05 0.0247905 0.926922
0.0210397 9.9973E-05 9.9973E-05 9.9973E-05 0.00356481 0.975096
0.030798 0.0270183 9.9991E-05 0.0591882 0.0360512 0.846844
9.9973E-05 0.00671605 9.9973E-05 9.9973E-05 0.0442503 0.948734
9.9964E-05 9.9964E-05 9.9964E-05 0.077419 9.9964E-05 0.922181
0.104064 0.162037 0.0482349 9.9991E-05 0.168194 0.517371
0.157947 0.333185 0.0910473 9.9991E-05 0.141302 0.276418
9.9964E-05 0.00767752 9.9964E-05 9.9964E-05 9.9964E-05 0.991923
0.119888 0.39093 0.0608533 0.0134815 0.141338 0.27351
0.0880961 0.518667 0.0654418 0.0317114 0.11742 0.178664
0.506389 0.0692482 0.422528 9.9982E-05 0.00163547 9.9982E-05
0.517608 0.089421 0.392671 9.9973E-05 9.9973E-05 9.9973E-05
0.536462 0.0541383 0.391713 9.9982E-05 0.0174876 9.9982E-05
0.521483 0.057408 0.405625 9.9982E-05 0.0152846 9.9982E-05
0.531799 0.0295092 0.384251 9.9982E-05 9.9982E-05 0.0542405
0.528724 0.0550066 0.415969 9.9973E-05 9.9973E-05 9.9973E-05
0.492617 0.0516705 0.439879 9.9982E-05 0.0156339 9.9982E-05
9.9982E-05 0.939831 0.0379675 9.9982E-05 0.0132781 0.0087235
9.9973E-05 0.975504 0.0015847 9.9973E-05 0.0226116 9.9973E-05
0.213135 0.457229 0.302069 9.9991E-05 0.0155758 0.0118907
0.18537 0.478807 0.295429 9.9991E-05 0.0381696 0.00212422
0.0623531 0.0244954 0.0242971 0.0299131 9.99913E-05 0.858841
0.0588587 0.0514705 0.0068008 9.9991E-05 0.0704299 0.81234
9.996E-05 9.996E-05 9.996E-05 9.996E-05 9.996E-05 0.9995
0.00993352 9.9982E-05 0.97138 0.012662 0.00582479 9.9982E-05
0.102339 9.9973E-05 0.888607 0.00875374 9.9973E-05 9.9973E-05
9.9964E-05 9.9964E-05 0.968093 9.9964E-05 9.9964E-05 0.0315067
0.119686 9.9964E-05 0.879914 9.9964E-05 9.9964E-05 9.9964E-05
0.0493569 0.280631 0.463113 0.172684 9.9991E-05 0.0341156
0.323038 0.129209 0.407617 0.0891748 9.9991E-05 0.0508614
0.446848 0.0751283 0.420536 0.0497768 0.0027027 0.00500811
0.162558 9.9964E-05 0.837042 9.9964E-05 9.9964E-05 9.9964E-05
0.130853 9.9964E-05 0.868747 9.9964E-05 9.9964E-05 9.9964E-05
9.9973E-05 9.9973E-05 0.994841 9.9973E-05 0.00172196 0.00313687
0.102959 9.9973E-05 0.866253 0.0304873 9.9973E-05 9.9973E-05
0.199473 0.11341 0.0693045 0.31497 0.123345 0.179498
9.9964E-05 9.9964E-05 9.9964E-05 9.9964E-05 0.0241928 0.975407
9.9973E-05 0.914905 0.0737408 9.9973E-05 9.9973E-05 0.0110541
0.0127346 0.0471021 0.0411226 0.188751 0.0618908 0.648399
0.0232165 0.813667 9.9982E-05 0.134296 9.9982E-05 0.0286206
9.9973E-05 0.0893816 0.893442 0.0168761 9.9973E-05 9.9973E-05
0.484589 0.0672694 0.370232 0.0125435 0.0193197 0.0460461
0.141234 0.0681273 0.714135 9.9991E-05 0.0129921 0.0634115
0.0361989 0.469251 0.0837049 9.9991E-05 0.130714 0.280031
0.14376 0.484048 0.0711457 0.0235315 0.149371 0.128144
0.0475446 0.035598 9.9991E-05 0.354745 0.0364052 0.525608
9.9973E-05 0.895836 9.9973E-05 0.0988668 9.9973E-05 0.00499697
0.762486 9.9991E-05 0.107138 0.0334757 0.0544488 0.0423522
0.847042 0.0143844 0.0516971 9.9991E-05 0.0263401 0.0604367
0.998725 9.9964E-05 9.9964E-05 9.9964E-05 0.000875336 9.9964E-05
0.98269 9.9964E-05 9.9964E-05 9.9964E-05 0.0169106 9.9964E-05
0.9995 9.996E-05 9.996E-05 9.996E-05 9.996E-05 9.996E-05
0.877874 9.9982E-05 0.0410381 9.9982E-05 0.033344 0.0475444
9.9982E-05 0.864853 0.0745085 9.9982E-05 0.0528407 0.00759809
0.323205 0.104013 0.452068 9.9991E-05 0.0645153 0.0560995
0.0829165 9.9982E-05 0.849651 0.029978 9.9982E-05 0.0372549
9.996E-05 9.996E-05 0.9995 9.996E-05 9.996E-05 9.996E-05
9.9964E-05 9.9964E-05 0.992678 9.9964E-05 0.0069226 9.9964E-05
0.110998 9.9991E-05 0.857359 0.010816 0.0119317 0.00879561
0.988973 9.9964E-05 9.9964E-05 9.9964E-05 0.0106274 9.9964E-05
0.9948 9.9973E-05 9.9973E-05 9.9973E-05 0.00302465 0.00187589
0.680791 9.9991E-05 0.278235 0.00448105 0.0133617 0.0230313
0.710423 9.9982E-05 0.226599 0.0350412 0.0277367 9.9982E-05
0.970435 9.9964E-05 0.0291652 9.9964E-05 9.9964E-05 9.9964E-05
0.597615 9.9982E-05 0.333276 0.0473293 9.9982E-05 0.0215803
0.334256 9.9991E-05 0.234171 0.0649795 0.0103197 0.356174
9.9982E-05 0.0555176 9.9982E-05 0.0845257 0.0293787 0.830378
0.063142 9.9973E-05 9.9973E-05 0.174008 9.9973E-05 0.76255
9.9973E-05 9.9973E-05 9.9973E-05 0.115734 0.0467281 0.837238
9.9982E-05 9.9982E-05 0.00870136 0.0361465 0.0371981 0.917754
0.986346 9.99639E-05 9.99639E-05 0.0132538 9.99639E-05 9.99639E-05
0.9995 9.996E-05 9.996E-05 9.996E-05 9.996E-05 9.996E-05
0.703334 9.9991E-05 0.228577 0.0264491 0.013149 0.0283912
0.860286 0.00534945 0.118202 0.00542416 9.9991E-05 0.0106388
0.979616 9.9964E-05 9.9964E-05 9.9964E-05 0.0199838 9.9964E-05
0.95653 0.013876 0.00264066 9.9982E-05 0.0267536 9.9982E-05
0.9995 9.996E-05 9.996E-05 9.996E-05 9.996E-05 9.996E-05
0.660502 0.0807657 0.24242 9.9982E-05 9.9982E-05 0.016112
9.9973E-05 0.713371 9.9973E-05 0.217289 9.9973E-05 0.0690395
9.9973E-05 0.618316 9.9973E-05 0.377836 0.00354874 9.9973E-05
9.99641E-05 0.727381 9.99641E-05 0.272219 9.99641E-05 9.99641E-05
0.0255589 0.66977 9.9982E-05 0.237806 9.9982E-05 0.0666652
0.484061 0.102397 0.373585 0.0118849 9.9991E-05 0.0279725
0.438689 0.0215572 0.49893 0.00393508 9.9991E-05 0.0367882
0.371541 0.0423426 0.569704 0.0162126 9.9982E-05 9.9982E-05
0.320566 0.0705013 0.588181 0.00704875 9.9991E-05 0.0136032
0.569537 0.102824 0.0754819 0.0375886 0.113357 0.101211
0.0823141 0.360663 0.531331 9.9982E-05 0.0254918 9.9982E-05
0.969147 0.0226534 9.99729E-05 0.00789998 9.99729E-05 9.99729E-05
0.596576 0.0431038 0.341666 0.0139644 9.9991E-05 0.00459037
0.562987 0.0690971 0.317064 0.0142214 0.0222989 0.0143309
0.0105646 0.462986 0.0412234 0.00882646 0.0239949 0.452404
0.0319718 0.716909 0.142163 9.9991E-05 0.0616252 0.0472309
9.9973E-05 0.0325167 9.9973E-05 0.11727 9.9973E-05 0.849913
0.00063045 9.9991E-05 0.00658163 0.894662 0.00725466 0.090771
9.9982E-05 9.9982E-05 0.0038702 0.68193 0.0218399 0.29216
0.0271912 0.00464923 9.9991E-05 0.445826 0.0121031 0.51013
0.0232318 0.488797 0.014976 0.0615246 0.0129368 0.398534
9.9964E-05 9.9964E-05 9.9964E-05 0.0935989 9.9964E-05 0.906001
0.0154355 9.9982E-05 0.0198526 0.00819679 9.9982E-05 0.956315
0.0361132 0.00651867 0.00552836 0.0514671 0.0306303 0.869742
9.9973E-05 9.9973E-05 9.9973E-05 0.0876643 0.0118342 0.900202
0.472851 0.173096 0.109623 0.0620902 0.0782481 0.104092
0.311517 0.154685 0.0516642 0.0424091 0.0285061 0.411219
0.332911 0.125224 0.258025 9.99821E-05 9.99821E-05 0.28364
0.564434 0.151945 0.191783 9.9991E-05 0.0365814 0.0551567
0.0339332 0.211715 0.0589678 0.102274 0.0569487 0.536161
9.9982E-05 0.0241422 0.00177444 9.9982E-05 0.0197269 0.954157
0.473445 0.0930765 0.419487 9.9982E-05 0.0137915 9.9982E-05
0.0432107 0.0398167 9.9991E-05 0.100239 0.0977187 0.718915
9.9964E-05 9.9964E-05 9.9964E-05 0.871082 9.9964E-05 0.128518
9.9982E-05 9.9982E-05 0.004399 0.945629 0.0263676 0.0234046
9.9964E-05 9.9964E-05 9.9964E-05 0.0718052 9.9964E-05 0.927795
0.115684 0.192424 0.0274799 9.9991E-05 0.49019 0.174122
0.0164041 0.0781672 0.0343276 0.35789 0.0167075 0.496504
9.9973E-05 9.9973E-05 0.00266136 0.93905 9.9973E-05 0.0579885
0.0647084 0.130262 9.9991E-05 0.138263 0.0163442 0.650322
0.104947 0.21404 0.0204426 0.0484453 0.510965 0.10116
0.0116503 9.9973E-05 9.9973E-05 9.9973E-05 0.980581 0.00746872
0.089456 0.0356002 0.842079 9.9982E-05 9.9982E-05 0.032665
0.00305975 0.150689 0.0837186 0.683048 0.0237817 0.0557029
0.19112 0.534796 0.12524 0.0596646 0.0664558 0.022723
0.0149785 0.826666 0.0531528 9.9991E-05 0.0564577 0.0486453
9.9982E-05 0.811262 0.0675149 9.9982E-05 0.0353796 0.0856434
0.0110412 0.0573773 9.9991E-05 0.904235 0.0103511 0.0168956
9.9973E-05 9.9973E-05 0.932909 0.0599399 0.00685156 9.9973E-05
0.296897 0.360938 0.224672 0.00718158 0.0654824 0.0448295
9.99639E-05 0.778041 9.99639E-05 0.22156 9.99639E-05 9.99639E-05
9.9973E-05 0.0155849 9.9973E-05 0.967883 9.9973E-05 0.0162321
0.00890925 0.791526 9.9982E-05 0.171801 0.027564 9.9982E-05
0.144812 0.577746 0.129567 0.063949 0.0838263 9.9991E-05
0.195326 0.556452 0.118521 0.0494759 0.0801252 9.9991E-05
0.241328 0.22722 0.445277 0.0247671 9.9991E-05 0.0613077
0.102914 0.0629393 0.73291 0.0508823 9.9991E-05 0.0502545
0.230551 0.486073 0.242137 9.9991E-05 0.00341301 0.0377263
0.00516573 0.804633 0.127013 9.9991E-05 0.0508592 0.0122291
9.9982E-05 0.0336381 9.9982E-05 0.928221 0.00556434 0.0323766
9.9973E-05 0.0659719 9.9973E-05 0.921643 9.9973E-05 0.0120853
0.0512604 0.288274 0.058765 0.0123887 0.163093 0.426219
0.203222 0.29119 0.409757 0.0536933 0.0136409 0.0284973
9.9973E-05 0.902733 0.0722722 9.9973E-05 0.0246952 9.9973E-05
9.9982E-05 0.0195378 0.000675478 9.9982E-05 0.00709758 0.972489
0.171449 0.435046 0.321429 9.9991E-05 0.0301938 0.0417823
0.121593 0.33305 0.11464 0.0203861 0.0241472 0.386184
0.296135 0.105417 0.387025 9.99911E-05 0.164729 0.046594
0.0859509 0.141869 0.067274 0.0557721 0.132649 0.516485
0.000502875 0.440227 0.0057406 0.506642 0.0467881 9.9991E-05
0.101528 0.61012 9.9982E-05 9.9982E-05 0.0979031 0.19025
0.00485368 9.9964E-05 9.9964E-05 9.9964E-05 9.9964E-05 0.994746
0.0538712 0.0333016 9.9982E-05 0.00354182 9.9982E-05 0.909085
9.9973E-05 0.0380086 9.9973E-05 0.948157 9.9973E-05 0.0135348
9.9964E-05 9.9964E-05 9.9964E-05 9.9964E-05 0.0114806 0.98812
0.0881378 0.146347 0.0616626 0.0218846 0.078713 0.603255
0.0194454 0.0204226 9.9991E-05 0.0331692 0.0607157 0.866147
9.9982E-05 0.109615 0.00995246 0.0764839 9.9982E-05 0.803749
0.181393 0.508572 0.122359 0.080852 0.0798782 0.0269446
0.0917691 0.0317627 0.851939 9.9982E-05 9.9982E-05 0.0243296
0.0293264 9.9973E-05 0.960486 9.9973E-05 0.00988718 9.9973E-05
9.99821E-05 0.0201448 0.00852274 0.834143 9.99821E-05 0.136989
0.0899786 9.9973E-05 0.897918 0.0118032 9.9973E-05 9.9973E-05
0.0163894 0.00934178 0.00715777 9.9991E-05 0.925533 0.0414784
9.9982E-05 0.00734999 0.0115593 0.00186896 0.979022 9.9982E-05
0.00134213 0.040112 0.184951 0.0807814 0.48645 0.206363
0.0301976 0.132604 0.0360323 9.9982E-05 9.9982E-05 0.800966
9.996E-05 9.996E-05 9.996E-05 9.996E-05 0.9995 9.996E-05
9.9964E-05 0.00197578 9.9964E-05 9.9964E-05 0.997624 9.9964E-05
0.012074 9.9964E-05 9.9964E-05 9.9964E-05 0.987526 9.9964E-05
9.9964E-05 9.9964E-05 9.9964E-05 0.0074476 0.992153 9.9964E-05
9.996E-05 9.996E-05 9.996E-05 9.996E-05 0.9995 9.996E-05
9.9973E-05 0.0289868 0.00807928 0.962634 9.9973E-05 9.9973E-05
9.9982E-05 0.850144 0.0821223 9.9982E-05 0.0423848 0.0251486
0.0143185 0.729035 9.9991E-05 0.244509 0.00833966 0.00369785
9.99639E-05 0.81466 9.99639E-05 0.18494 9.99639E-05 9.99639E-05
9.9973E-05 0.115987 9.9973E-05 0.420187 9.9973E-05 0.463525
9.9973E-05 9.9973E-05 9.9973E-05 0.935739 0.0546081 0.00935296
9.9982E-05 0.867355 0.0845541 9.9982E-05 0.0341439 0.0137475
0.00487497 0.794909 9.9982E-05 0.157298 0.0427178 9.9982E-05
9.9973E-05 0.665863 0.0255582 0.308278 9.9973E-05 9.9973E-05
9.9964E-05 0.949919 9.9964E-05 9.9964E-05 0.0496816 9.9964E-05
9.9982E-05 0.0504836 0.00911372 0.0197622 0.92044 9.9982E-05
0.0468121 0.10045 0.132045 0.569469 0.0126614 0.138563
0.0464906 0.0359424 0.00624987 0.0812568 0.0104863 0.819574
9.9991E-05 0.0362067 0.0238241 0.00722562 0.0475383 0.885105
0.111685 0.0809632 0.00359934 0.062589 0.038182 0.702982
9.9973E-05 0.0149164 9.9973E-05 0.885526 9.9973E-05 0.0992578
0.00193676 0.209566 0.00474176 0.752328 0.0146785 0.0167482
0.121495 9.9973E-05 0.866915 0.0112894 9.9973E-05 9.9973E-05
0.201775 0.135702 0.163458 0.266514 0.0175045 0.215047
9.9982E-05 0.447319 0.0284878 0.499096 0.0248965 9.9982E-05
