9.9964E-05 0.653881 0.0449959 0.0518313 9.9964E-05 9.9964E-05 0.0218946 0.160388 9.9964E-05 0.0666088
9.99755E-05 0.294609 0.301121 0.0741808 9.99755E-05 0.00384255 9.99755E-05 0.284554 0.0356887 0.00570462
0.00896371 0.270816 0.29148 0.0409626 9.9991E-05 0.00617302 0.0641865 0.232563 0.0530072 0.0317471
9.9964E-05 0.686723 0.0555581 0.0587505 0.000292362 9.9964E-05 9.9964E-05 0.165404 9.9964E-05 0.0328724
0.0252953 9.9955E-05 0.881461 9.9955E-05 9.9955E-05 9.9955E-05 0.00315739 9.9955E-05 0.0670335 0.0225533
9.9982E-05 0.290378 0.274943 0.00441443 9.9982E-05 0.0469447 0.0380809 0.323784 0.00536877 0.0158858
0.503712 0.00679507 9.99551E-05 0.00927213 0.470957 0.008764 9.99551E-05 9.99551E-05 9.99551E-05 9.99551E-05
0.973263 0.000113581 9.9937E-05 9.9937E-05 0.0259241 9.9937E-05 9.9937E-05 9.9937E-05 9.9937E-05 9.9937E-05
0.985987 9.9937E-05 9.9937E-05 0.00786731 9.9937E-05 9.9937E-05 9.9937E-05 0.00544661 9.9937E-05 9.9937E-05
0.981445 9.99281E-05 9.99281E-05 9.99281E-05 9.99281E-05 9.99281E-05 9.99281E-05 9.99281E-05 0.0177561 9.99281E-05
9.9973E-05 9.9973E-05 0.0215361 0.2798 0.0995399 9.9973E-05 0.557965 0.0198951 0.0180143 0.00294933
0.011212 0.0198155 9.9955E-05 0.200922 0.0270622 9.9955E-05 0.740489 9.9955E-05 9.9955E-05 9.9955E-05
0.00540782 9.9946E-05 9.9946E-05 0.362488 0.0136667 9.9946E-05 0.617838 9.9946E-05 9.9946E-05 9.9946E-05
9.9937E-05 9.9937E-05 9.9937E-05 0.318935 0.034343 9.9937E-05 0.646022 9.9937E-05 9.9937E-05 9.9937E-05
0.00413064 0.11577 9.9964E-05 0.000159708 9.9964E-05 0.817477 9.9964E-05 9.9964E-05 0.016156 0.0459065
0.99281 9.99281E-05 9.99281E-05 9.99281E-05 0.00639023 9.99281E-05 9.99281E-05 9.99281E-05 9.99281E-05 9.99281E-05
0.0139654 0.0310222 9.9964E-05 0.00955204 0.921617 9.9964E-05 0.0213506 9.9964E-05 9.9964E-05 0.00209304
0.00563149 9.99461E-05 9.99461E-05 9.99461E-05 9.99461E-05 0.859625 0.133057 9.99461E-05 9.99461E-05 0.00108718
9.9964E-05 0.108944 9.9964E-05 9.9964E-05 0.0326039 0.536125 0.222095 9.9964E-05 0.0635953 0.0362369
0.0163952 9.9964E-05 9.9964E-05 0.0621897 0.0148166 0.322193 0.550497 9.9964E-05 9.9964E-05 0.0335081
0.0301752 0.0313067 9.9955E-05 9.9955E-05 9.9955E-05 0.787214 0.0877948 9.9955E-05 0.0630093 9.9955E-05
0.0255973 9.9946E-05 9.9946E-05 9.9946E-05 9.9946E-05 0.0124989 0.941874 0.0194306 9.9946E-05 9.9946E-05
0.00246016 9.9946E-05 9.9946E-05 9.9946E-05 0.0118637 0.890616 0.09446 9.9946E-05 9.9946E-05 9.9946E-05
0.00913508 0.0207363 9.9973E-05 9.9973E-05 0.0499264 0.0447066 0.819608 0.028617 9.9973E-05 0.0269703
0.000238129 0.0330463 9.9937E-05 9.9937E-05 9.9937E-05 9.9937E-05 0.966016 9.9937E-05 9.9937E-05 9.9937E-05
9.99461E-05 9.99461E-05 9.99461E-05 9.99461E-05 0.0344852 0.907753 0.0222613 9.99461E-05 0.0349009 9.99461E-05
0.0044495 0.0120008 9.9955E-05 0.0103315 9.9955E-05 0.839281 0.133438 9.9955E-05 9.9955E-05 9.9955E-05
9.9973E-05 9.9973E-05 9.9973E-05 0.0166387 0.00225638 0.579543 0.284154 0.0549862 0.0362953 0.0258264
0.023585 9.9946E-05 9.9946E-05 9.9946E-05 9.9946E-05 0.872172 0.0897795 9.9946E-05 9.9946E-05 0.0138641
9.9964E-05 9.9964E-05 9.9964E-05 0.00453309 9.9964E-05 0.922618 0.0517338 0.00695901 0.00435825 0.00939754
9.99371E-05 9.99371E-05 9.99371E-05 0.0168695 9.99371E-05 9.99371E-05 0.944583 9.99371E-05 9.99371E-05 0.0378474
9.9937E-05 9.9937E-05 9.9937E-05 0.484271 0.0891647 9.9937E-05 0.425865 9.9937E-05 9.9937E-05 9.9937E-05
9.99371E-05 9.99371E-05 9.99371E-05 0.0381412 9.99371E-05 0.879669 0.0814902 9.99371E-05 9.99371E-05 9.99371E-05
0.0295586 9.9964E-05 9.9964E-05 0.0472516 0.0301196 0.123129 0.744613 9.9964E-05 0.0249282 9.9964E-05
0.00699354 0.00594392 0.00531588 0.00582681 9.9964E-05 0.921515 0.0540055 9.9964E-05 9.9964E-05 9.9964E-05
9.9937E-05 9.9937E-05 9.9937E-05 0.0661756 9.9937E-05 9.9937E-05 0.92316 9.9937E-05 0.00996495 9.9937E-05
9.99461E-05 9.99461E-05 0.0119151 9.99461E-05 9.99461E-05 0.861179 0.125538 0.00076744 9.99461E-05 9.99461E-05
9.99371E-05 9.99371E-05 9.99371E-05 0.0227232 9.99371E-05 9.99371E-05 0.941532 9.99371E-05 9.99371E-05 0.0350452
9.9955E-05 0.614747 0.083849 9.9955E-05 9.9955E-05 9.9955E-05 9.9955E-05 0.0869663 0.151357 0.0625811
9.9928E-05 9.9928E-05 0.632256 9.9928E-05 9.9928E-05 9.9928E-05 9.9928E-05 0.366944 9.9928E-05 9.9928E-05
9.99279E-05 9.99279E-05 0.0414146 0.957786 9.99279E-05 9.99279E-05 9.99279E-05 9.99279E-05 9.99279E-05 9.99279E-05
9.9937E-05 9.9937E-05 9.9937E-05 9.9937E-05 0.0334287 0.906378 0.0594937 9.9937E-05 9.9937E-05 9.9937E-05
9.9964E-05 9.9964E-05 9.9964E-05 0.00855968 0.0135514 0.00390978 0.950445 9.9964E-05 0.00489565 0.0182386
9.9955E-05 0.0497976 9.9955E-05 9.9955E-05 0.287365 9.9955E-05 0.00705296 0.592296 9.9955E-05 0.0629887
0.0511363 0.0983208 9.9973E-05 0.0366496 9.9973E-05 0.526911 0.244572 9.9973E-05 0.0120005 0.0301097
0.0180915 9.9964E-05 9.9964E-05 0.233678 0.0848379 0.37028 0.269189 9.9964E-05 0.0235235 9.9964E-05
0.0344831 0.0403663 0.0213683 9.9982E-05 9.9982E-05 0.790013 0.0959901 0.0027432 0.00872829 0.00610802
9.9973E-05 0.198441 0.316333 9.9973E-05 9.9973E-05 0.0632214 0.0389183 0.31031 0.0222407 0.0502357
9.9964E-05 0.0483864 0.0987323 0.0319008 9.9964E-05 9.9964E-05 9.9964E-05 0.239762 0.0747343 0.506084
0.00749437 0.717715 9.9946E-05 9.9946E-05 0.268543 9.9946E-05 9.9946E-05 9.9946E-05 0.00564804 9.9946E-05
9.9946E-05 0.727518 9.9946E-05 0.0156551 0.117874 9.9946E-05 0.138353 9.9946E-05 9.9946E-05 9.9946E-05
9.99459E-05 0.693961 9.99459E-05 9.99459E-05 0.0993968 9.99459E-05 0.171731 9.99459E-05 0.0343117 9.99459E-05
9.99369E-05 0.81927 9.99369E-05 9.99369E-05 0.152447 9.99369E-05 0.0275834 9.99369E-05 9.99369E-05 9.99369E-05
0.9428 9.99461E-05 0.0266643 0.00999584 9.99461E-05 9.99461E-05 0.0199406 9.99461E-05 9.99461E-05 9.99461E-05
0.939041 0.0331876 0.00446347 9.9955E-05 9.9955E-05 9.9955E-05 0.0180363 9.9955E-05 9.9955E-05 0.00477208
0.0452639 9.9955E-05 9.9955E-05 0.637514 0.260755 0.0151782 0.0407885 9.9955E-05 9.9955E-05 9.9955E-05
0.0043014 9.9946E-05 9.9946E-05 0.120465 9.9946E-05 9.9946E-05 0.873687 9.9946E-05 0.000946829 9.9946E-05
9.99459E-05 0.0486498 9.99459E-05 9.99459E-05 9.99459E-05 0.133829 0.0591741 9.99459E-05 0.757747 9.99459E-05
9.9937E-05 0.0169583 0.850759 9.9937E-05 9.9937E-05 9.9937E-05 9.9937E-05 9.9937E-05 0.131583 9.9937E-05
9.99459E-05 9.99459E-05 0.339452 9.99459E-05 9.99459E-05 9.99459E-05 9.99459E-05 0.194156 0.258411 0.207381
9.9937E-05 9.9937E-05 9.9937E-05 9.9937E-05 0.966554 9.9937E-05 0.00826372 0.0244826 9.9937E-05 9.9937E-05
0.00112326 0.228411 0.0337557 0.0164965 0.684772 0.00785935 0.027282 9.9973E-05 9.9973E-05 9.9973E-05
0.0035704 0.200945 0.00212314 0.10619 0.620094 9.9973E-05 9.9973E-05 0.00948312 9.9973E-05 0.0572945
0.966959 0.016202 9.9946E-05 9.9946E-05 0.0121216 9.9946E-05 0.00411756 9.9946E-05 9.9946E-05 9.9946E-05
9.99369E-05 9.99369E-05 0.744592 9.99369E-05 9.99369E-05 9.99369E-05 9.99369E-05 0.0778047 0.176903 9.99369E-05
9.9946E-05 9.9946E-05 9.9946E-05 0.00655508 0.952319 0.0125595 0.0279666 9.9946E-05 9.9946E-05 9.9946E-05
9.99459E-05 0.727814 0.0412226 9.99459E-05 9.99459E-05 9.99459E-05 9.99459E-05 0.0799198 0.150444 9.99459E-05
9.9946E-05 9.9946E-05 9.9946E-05 0.172556 0.0183695 0.00224361 0.806231 9.9946E-05 9.9946E-05 9.9946E-05
9.9937E-05 9.9937E-05 9.9937E-05 0.389936 0.00682528 9.9937E-05 0.60254 9.9937E-05 9.9937E-05 9.9937E-05
0.777434 0.0773978 0.0288104 9.9973E-05 0.0234629 0.0424769 9.9973E-05 9.9973E-05 0.0147263 0.0353918
0.797993 0.0838474 0.0214368 0.00935898 0.016804 0.0406118 0.0101125 9.9982E-05 9.9982E-05 0.0196355
0.874558 0.0482603 0.00173168 0.0343574 9.9973E-05 0.0127314 9.9973E-05 9.9973E-05 0.00426702 0.0237945
0.963046 0.00416334 0.0269161 9.99461E-05 9.99461E-05 9.99461E-05 9.99461E-05 9.99461E-05 0.00527456 9.99461E-05
0.965633 9.9937E-05 9.9937E-05 9.9937E-05 0.0150505 9.9937E-05 9.9937E-05 9.9937E-05 9.9937E-05 0.0186172
0.971465 9.9946E-05 0.00831095 0.017773 9.9946E-05 0.0018517 9.9946E-05 9.9946E-05 9.9946E-05 9.9946E-05
0.97558 0.00926822 9.99371E-05 9.99371E-05 9.99371E-05 0.0144521 9.99371E-05 9.99371E-05 9.99371E-05 9.99371E-05
0.972862 9.9937E-05 0.009247 9.9937E-05 9.9937E-05 9.9937E-05 9.9937E-05 9.9937E-05 0.0171914 9.9937E-05
0.968297 9.9946E-05 0.0217355 9.9946E-05 9.9946E-05 9.9946E-05 0.00261754 0.00675066 9.9946E-05 9.9946E-05
0.991015 9.9928E-05 9.9928E-05 9.9928E-05 9.9928E-05 9.9928E-05 9.9928E-05 0.00818553 9.9928E-05 9.9928E-05
0.900974 0.00943364 0.00644878 0.0215183 9.9973E-05 9.9973E-05 0.0347381 0.00473561 0.0218514 9.9973E-05
0.90994 0.0239276 9.9973E-05 0.0163426 0.0070567 9.9973E-05 0.0105544 9.9973E-05 0.0175155 0.014363
0.963293 9.9955E-05 0.0138378 9.9955E-05 9.9955E-05 0.00177851 0.0164721 9.9955E-05 0.00411863 9.9955E-05
0.537752 9.99371E-05 9.99371E-05 9.99371E-05 9.99371E-05 0.405679 0.0558696 9.99371E-05 9.99371E-05 9.99371E-05
0.549867 9.99371E-05 9.99371E-05 9.99371E-05 9.99371E-05 0.422461 0.026972 9.99371E-05 9.99371E-05 9.99371E-05
0.98746 9.9946E-05 0.00142192 9.9946E-05 9.9946E-05 9.9946E-05 9.9946E-05 0.00888103 0.0016369 9.9946E-05
0.948557 0.0449994 9.9937E-05 9.9937E-05 9.9937E-05 9.9937E-05 9.9937E-05 9.9937E-05 0.00574429 9.9937E-05
0.947067 0.0362866 9.99371E-05 9.99371E-05 9.99371E-05 9.99371E-05 9.99371E-05 0.0159466 9.99371E-05 9.99371E-05
0.920515 0.00167623 0.0304727 9.9973E-05 9.9973E-05 0.0263642 0.00286596 9.9973E-05 0.0130756 0.00473085
0.999101 9.99201E-05 9.99201E-05 9.99201E-05 9.99201E-05 9.99201E-05 9.99201E-05 9.99201E-05 9.99201E-05 9.99201E-05
0.537938 9.99371E-05 9.99371E-05 9.99371E-05 9.99371E-05 0.428227 0.0331348 9.99371E-05 9.99371E-05 9.99371E-05
0.859769 0.0012647 0.00275986 0.0199995 9.9973E-05 0.0637192 0.0100118 9.9973E-05 9.9973E-05 0.0421757
0.919528 9.9964E-05 0.00389568 0.0183913 0.0294187 0.0072269 9.9964E-05 0.0211397 9.9964E-05 9.9964E-05
0.940285 0.0420617 0.0169534 9.9937E-05 9.9937E-05 9.9937E-05 9.9937E-05 9.9937E-05 9.9937E-05 9.9937E-05
0.929392 0.0230511 0.00652329 9.9964E-05 9.9964E-05 9.9964E-05 9.9964E-05 0.0208853 0.0110536 0.00869522
0.87779 0.045326 0.00695196 0.000168059 9.9973E-05 0.0534169 0.0149839 9.9973E-05 9.9973E-05 0.00106285
0.936488 0.0340606 9.99371E-05 9.99371E-05 0.0287514 9.99371E-05 9.99371E-05 9.99371E-05 9.99371E-05 9.99371E-05
9.9973E-05 0.0134374 0.11831 0.0419788 0.174065 0.59423 9.9973E-05 0.0439052 9.9973E-05 0.0137735
0.932178 0.025159 9.9955E-05 9.9955E-05 9.9955E-05 0.00912167 9.9955E-05 0.0300066 0.00303453 9.9955E-05
0.973451 9.9937E-05 9.9937E-05 9.9937E-05 9.9937E-05 0.0118148 0.0140351 9.9937E-05 9.9937E-05 9.9937E-05
0.704054 0.0226872 9.9982E-05 9.9982E-05 0.0291873 0.0519054 0.0119516 0.12452 0.024543 0.0309518
0.98998 9.9928E-05 9.9928E-05 0.0092205 9.9928E-05 9.9928E-05 9.9928E-05 9.9928E-05 9.9928E-05 9.9928E-05
0.986164 9.9937E-05 9.9937E-05 0.00828575 9.9937E-05 9.9937E-05 9.9937E-05 9.9937E-05 9.9937E-05 0.00485092
0.955398 0.0146076 9.9955E-05 0.0121774 9.9955E-05 9.9955E-05 9.9955E-05 0.00377384 0.0135431 9.9955E-05
0.943331 9.9973E-05 0.0161429 9.9973E-05 0.0115061 0.0129861 0.00504568 9.9973E-05 0.0021906 0.00849761
0.0361175 9.9955E-05 9.9955E-05 0.0499189 0.0129701 0.897038 9.9955E-05 0.00345527 9.9955E-05 9.9955E-05
0.992863 9.9928E-05 9.9928E-05 9.9928E-05 9.9928E-05 9.9928E-05 9.9928E-05 0.00633795 9.9928E-05 9.9928E-05
0.953658 0.0280141 9.9937E-05 9.9937E-05 9.9937E-05 9.9937E-05 9.9937E-05 9.9937E-05 9.9937E-05 0.0176288
0.982732 9.9937E-05 9.9937E-05 9.9937E-05 9.9937E-05 9.9937E-05 9.9937E-05 9.9937E-05 0.00100414 0.0155646
9.99459E-05 9.99459E-05 9.99459E-05 0.384733 0.0264736 0.577366 9.99459E-05 0.0108283 9.99459E-05 9.99459E-05
0.919202 0.0157612 0.0219568 9.9964E-05 0.000865015 0.013004 9.9964E-05 9.9964E-05 9.9964E-05 0.0288106
0.918579 0.0365051 9.9946E-05 0.0197693 9.9946E-05 9.9946E-05 0.0245466 9.9946E-05 9.9946E-05 9.9946E-05
0.962062 0.0168473 9.9946E-05 9.9946E-05 9.9946E-05 0.000768289 9.9946E-05 0.0197227 9.9946E-05 9.9946E-05
0.995891 9.9937E-05 9.9937E-05 9.9937E-05 0.00113763 9.9937E-05 9.9937E-05 0.00227172 9.9937E-05 9.9937E-05
0.0198974 0.0173634 9.9964E-05 9.9964E-05 0.0373939 0.596417 0.291919 9.9964E-05 0.0366094 9.9964E-05
0.985357 9.9946E-05 0.00749593 9.9946E-05 9.9946E-05 9.9946E-05 9.9946E-05 0.00576478 9.9946E-05 0.000782434
0.903356 0.0663514 9.9955E-05 9.9955E-05 9.9955E-05 9.9955E-05 9.9955E-05 0.0179819 0.00434051 0.00747054
0.512559 9.99461E-05 9.99461E-05 9.99461E-05 0.01051 0.453904 0.022427 9.99461E-05 9.99461E-05 9.99461E-05
0.970574 9.9946E-05 9.9946E-05 9.9946E-05 9.9946E-05 0.0175686 9.9946E-05 0.00246854 0.00878888 9.9946E-05
0.0202305 9.9955E-05 9.9955E-05 0.14517 9.9955E-05 0.150505 0.644053 9.9955E-05 0.039542 9.9955E-05
9.9955E-05 9.9955E-05 0.0435932 0.0921783 9.9955E-05 0.22572 0.619554 9.9955E-05 0.0184545 9.9955E-05
0.0284125 0.0114963 0.00471751 0.145866 9.9973E-05 0.00255539 0.766554 0.0400984 9.9973E-05 9.9973E-05
0.0378438 9.9964E-05 0.0158518 9.9964E-05 0.0180559 0.872961 0.0538419 0.00104554 9.9964E-05 9.9964E-05
0.0627924 0.0420393 0.017925 0.0207291 0.773196 0.0148532 0.0143223 9.9991E-05 0.0491392 0.00490357
0.046305 9.9964E-05 9.9964E-05 0.0986519 0.0468962 0.0208409 0.746571 0.0403351 9.9964E-05 9.9964E-05
9.9982E-05 9.9982E-05 0.0237294 0.146961 0.310175 0.211296 0.23864 0.0181592 0.0322307 0.0186084
0.0390536 9.9955E-05 0.040999 0.0919086 9.9955E-05 0.123696 0.703844 9.9955E-05 9.9955E-05 9.9955E-05
9.9973E-05 9.9973E-05 0.018885 0.0121337 0.0326786 0.198138 0.702769 9.9973E-05 0.00665571 0.0284405
0.00979242 9.9973E-05 9.9973E-05 0.0900578 0.0169044 0.179216 0.659179 0.00244489 0.0421059 9.9973E-05
9.9964E-05 9.9964E-05 0.0386446 9.9964E-05 0.0607109 0.249045 0.600721 9.9964E-05 0.016447 0.0340315
0.0144977 9.9982E-05 0.0405295 0.0438844 0.0130989 0.249808 0.579744 0.00845362 9.9982E-05 0.0497834
0.00711729 9.9964E-05 0.0115103 0.0850228 0.0473992 9.9964E-05 0.82983 9.9964E-05 0.0187207 9.9964E-05
0.0260958 9.9955E-05 9.9955E-05 0.307528 0.0592144 9.9955E-05 0.597874 0.00878799 9.9955E-05 9.9955E-05
0.0417471 9.9955E-05 0.00115903 0.295382 0.0409001 9.9955E-05 0.620312 9.9955E-05 9.9955E-05 9.9955E-05
0.0591798 0.0223921 0.00893201 9.9982E-05 0.00111654 0.721165 0.105632 9.9982E-05 0.0214261 0.0599566
9.9928E-05 9.9928E-05 9.9928E-05 9.9928E-05 9.9928E-05 9.9928E-05 9.9928E-05 0.96918 0.0300203 9.9928E-05
0.0148288 0.00589331 9.9946E-05 9.9946E-05 9.9946E-05 9.9946E-05 9.9946E-05 0.936899 0.0417792 9.9946E-05
9.9964E-05 0.0412109 0.581433 0.0305899 9.9964E-05 9.9964E-05 9.9964E-05 0.207682 0.0973921 0.0412928
0.0781878 9.9982E-05 9.9982E-05 0.0647612 0.360891 0.311342 0.0652251 0.0167508 0.0710789 0.0315628
9.9937E-05 0.0595716 9.9937E-05 9.9937E-05 9.9937E-05 9.9937E-05 9.9937E-05 0.929603 9.9937E-05 0.010126
0.010807 0.0504927 9.9964E-05 0.00219318 0.00800842 9.9964E-05 9.9964E-05 0.91232 0.0157793 9.9964E-05
0.116695 0.00247903 0.0387892 0.542106 0.0910689 0.164123 9.9973E-05 0.0444389 9.9973E-05 9.9973E-05
9.9955E-05 9.9955E-05 0.37551 9.9955E-05 0.00669182 9.9955E-05 9.9955E-05 0.219171 0.12672 0.271407
0.00677454 0.0112188 0.393161 0.0246205 0.00501328 0.00152966 0.0145558 0.117443 0.118934 0.30675
9.9973E-05 0.0130407 0.434454 9.9973E-05 0.0140779 9.9973E-05 0.00638933 0.0927928 0.0560188 0.382927
0.0132207 0.0721411 0.249227 9.9973E-05 0.0702778 0.0316899 9.9973E-05 9.9973E-05 0.0164796 0.546664
9.9973E-05 0.0562117 0.258086 9.9973E-05 0.0381943 0.00994248 0.00336999 9.9973E-05 0.0339588 0.599937
9.9982E-05 0.0103069 0.417777 9.9982E-05 0.0132625 0.0189615 0.0303223 0.103624 0.0242395 0.381306
9.99459E-05 0.153303 9.99459E-05 9.99459E-05 0.794331 9.99459E-05 9.99459E-05 9.99459E-05 0.0135546 0.0382114
9.9955E-05 9.9955E-05 0.63776 9.9955E-05 0.0167878 0.00958775 9.9955E-05 0.307638 9.9955E-05 0.0277275
0.0172813 0.0433583 9.9964E-05 0.0398199 0.017836 0.866524 9.9964E-05 0.0147801 9.9964E-05 9.9964E-05
0.0332955 9.9955E-05 0.0210323 0.0355887 0.0210178 0.888566 9.9955E-05 9.9955E-05 9.9955E-05 9.9955E-05
0.0221756 0.0210414 0.812198 9.9964E-05 9.9964E-05 0.00121684 9.9964E-05 0.0683479 0.0746207 9.9964E-05
0.100081 0.097339 0.148236 0.038463 0.0816551 0.191621 0.11191 0.0599871 0.0816425 0.0890651
0.00537637 0.0566641 9.9991E-05 0.00768577 0.771864 0.0254888 0.0446071 0.0348492 0.013655 0.0397092
9.9955E-05 9.9955E-05 0.0055128 0.901705 9.9955E-05 9.9955E-05 0.0210539 0.0403845 9.9955E-05 0.030844
0.000108416 9.9964E-05 9.9964E-05 0.0428843 0.0654963 0.782309 0.0717504 9.9964E-05 9.9964E-05 0.0370515
0.0257627 9.9964E-05 0.00819597 0.689503 9.9964E-05 0.0269238 9.9964E-05 0.219645 9.9964E-05 0.0295688
9.9964E-05 0.020112 9.9964E-05 0.105309 0.755568 0.0148799 9.9964E-05 0.0759619 9.9964E-05 0.0277698
0.0195624 0.00751974 9.9964E-05 0.053271 9.9964E-05 0.028523 9.9964E-05 0.745951 9.9964E-05 0.144773
0.0114918 0.0856603 9.9946E-05 9.9946E-05 0.884076 9.9946E-05 9.9946E-05 9.9946E-05 0.0181719 9.9946E-05
0.0381197 0.352703 0.00496457 0.00154924 9.9982E-05 0.0630083 0.130075 9.9982E-05 0.368844 0.0405364
0.0224552 9.9955E-05 9.9955E-05 0.0510632 0.00395691 0.9158 9.9955E-05 9.9955E-05 9.9955E-05 0.00622493
0.00784406 9.9955E-05 0.6219 9.9955E-05 0.0162634 9.9955E-05 0.0489893 0.304504 9.9955E-05 9.9955E-05
9.9964E-05 9.9964E-05 0.389397 0.572556 9.9964E-05 0.0103673 0.0169043 9.9964E-05 0.00596282 0.004413
0.0133183 9.9964E-05 0.888551 0.0129724 9.9964E-05 0.0579687 0.0100659 9.9964E-05 9.9964E-05 0.0167238
0.0414933 0.115928 0.0488371 0.27795 0.279411 0.0434637 0.0857146 0.0978065 9.9991E-05 0.00929562
0.00196075 9.9937E-05 0.991808 9.9937E-05 9.9937E-05 0.00553156 9.9937E-05 9.9937E-05 9.9937E-05 9.9937E-05
9.9937E-05 9.9937E-05 0.0267927 9.9937E-05 0.898828 9.9937E-05 0.0736794 9.9937E-05 9.9937E-05 9.9937E-05
0.0187867 0.0418755 0.812366 9.9973E-05 0.0562914 0.0632806 0.00610352 9.9973E-05 0.000996721 9.9973E-05
0.0411711 9.9957E-05 0.856534 0.0336117 0.057349 0.0108341 9.9957E-05 9.9957E-05 9.9957E-05 9.9957E-05
9.9946E-05 9.9946E-05 0.0734375 9.9946E-05 0.0515288 0.840277 0.0341574 9.9946E-05 9.9946E-05 9.9946E-05
9.9991E-05 0.022285 0.000188074 0.103464 0.0400078 0.373296 0.0511443 0.306278 0.102648 0.000588418
0.0419325 9.9973E-05 0.0396784 0.435437 0.109764 0.332467 9.9973E-05 0.0354133 9.9973E-05 0.00500732
0.0111555 0.0331672 0.0702013 9.9982E-05 0.00662973 0.0101163 0.0401188 9.9982E-05 0.0472662 0.781145
9.9964E-05 0.000582763 0.014142 9.9964E-05 0.0248091 9.9964E-05 0.0363745 9.9964E-05 0.0511089 0.872583
0.0189439 0.0189287 0.00802845 9.9982E-05 0.00592004 0.0233071 0.0119099 9.9982E-05 0.0803202 0.832442
9.9973E-05 9.9973E-05 0.0177915 0.000275334 0.0407481 0.0176334 0.0425533 9.9973E-05 0.0576522 0.823046
9.9946E-05 0.0376429 9.9946E-05 9.9946E-05 9.9946E-05 0.924798 9.9946E-05 9.9946E-05 0.0313949 0.00556466
0.00174958 0.0105824 9.9955E-05 9.9955E-05 9.9955E-05 0.8663 0.0365671 9.9955E-05 0.0843013 9.9955E-05
0.0426783 0.0523754 9.9964E-05 9.9964E-05 0.0359155 0.7486 0.11214 9.9964E-05 9.9964E-05 0.00789109
9.9964E-05 0.0860377 0.289114 9.9964E-05 9.9964E-05 9.9964E-05 0.0280075 0.186228 0.012197 0.398016
0.171113 0.0369923 0.167368 0.023717 0.136116 0.14299 0.173001 0.0534383 0.0291863 0.0660779
0.130169 0.123129 9.9982E-05 0.0140245 0.0415945 0.324134 0.0120162 9.9982E-05 0.337539 0.0171931
0.0177871 0.0675228 9.9964E-05 9.9964E-05 9.9964E-05 0.711049 0.14356 9.9964E-05 0.0587648 0.000916595
0.0842419 0.0626974 9.9955E-05 9.9955E-05 9.9955E-05 0.619885 0.0845852 9.9955E-05 0.148091 9.9955E-05
0.0323118 0.0323947 9.9973E-05 0.0140579 9.9973E-05 0.725696 0.00805729 9.9973E-05 0.144515 0.0426674
0.125396 0.0899749 9.9973E-05 0.0193132 9.9973E-05 0.478847 0.00130202 0.0212774 0.26359 9.9973E-05
9.9973E-05 0.8053 0.0288722 0.0530383 9.9973E-05 0.0338028 0.00955516 0.0451499 9.9973E-05 0.023982
9.9946E-05 9.9946E-05 9.9946E-05 0.368648 0.0342902 9.9946E-05 0.581764 9.9946E-05 0.0146981 9.9946E-05
0.0549424 9.9964E-05 9.9964E-05 0.320216 0.0693679 0.227387 0.318327 9.9964E-05 9.9964E-05 0.00936029
9.9955E-05 9.9955E-05 0.912222 9.9955E-05 9.9955E-05 9.9955E-05 0.00139602 0.0141709 0.0658806 0.00583078
9.9946E-05 0.0336586 0.85647 9.9946E-05 9.9946E-05 9.9946E-05 0.012799 9.9946E-05 0.0964726 9.9946E-05
9.9955E-05 0.0191144 0.817042 9.9955E-05 9.9955E-05 0.00375553 0.0227184 9.9955E-05 0.13687 9.9955E-05
9.9955E-05 0.11156 0.311855 9.9955E-05 9.9955E-05 9.9955E-05 9.9955E-05 0.173883 0.206231 0.19597
9.99278E-05 9.99278E-05 0.0392484 9.99278E-05 9.99278E-05 9.99278E-05 9.99278E-05 9.99278E-05 0.959952 9.99278E-05
9.99278E-05 9.99278E-05 0.0324256 9.99278E-05 9.99278E-05 9.99278E-05 9.99278E-05 9.99278E-05 0.966775 9.99278E-05
9.99549E-05 0.0431844 9.99549E-05 9.99549E-05 9.99549E-05 0.850807 0.0316945 9.99549E-05 0.0642855 0.00952878
9.99652E-05 0.0581182 9.99652E-05 9.99652E-05 9.99652E-05 0.800671 0.0510453 0.0172564 0.0529708 0.019538
0.00364769 0.00372981 0.00350123 9.9973E-05 9.9973E-05 0.923215 0.040535 0.0232988 0.0017722 9.9973E-05
0.00160212 0.0656623 0.0232342 0.197989 0.711012 9.9955E-05 9.9955E-05 9.9955E-05 9.9955E-05 9.9955E-05
0.0200542 9.9955E-05 0.919576 9.9955E-05 9.9955E-05 0.00952729 0.0175356 9.9955E-05 9.9955E-05 0.0328073
0.0149578 9.9964E-05 0.899568 0.00234678 0.0287221 0.0323236 9.9964E-05 0.0216818 9.9964E-05 9.9964E-05
9.9955E-05 9.9955E-05 0.877963 0.0133017 9.9955E-05 9.9955E-05 0.00210808 0.0929637 9.9955E-05 0.0131637
9.9955E-05 0.00523347 0.792916 0.0595686 9.9955E-05 9.9955E-05 9.9955E-05 0.137114 9.9955E-05 0.0046675
0.0302645 9.9973E-05 0.808022 0.0263975 0.0124989 9.9973E-05 0.0189702 0.0948431 9.9973E-05 0.00870345
9.9928E-05 9.9928E-05 0.0420765 0.957124 9.9928E-05 9.9928E-05 9.9928E-05 9.9928E-05 9.9928E-05 9.9928E-05
0.0534592 0.00458636 0.13257 9.9982E-05 0.0506367 0.0363847 9.9982E-05 0.3445 0.261862 0.115802
9.9937E-05 9.9937E-05 9.9937E-05 0.0133247 0.947651 9.9937E-05 9.9937E-05 9.9937E-05 0.0383246 9.9937E-05
9.9937E-05 9.9937E-05 0.0436226 0.945837 9.9937E-05 9.9937E-05 9.9937E-05 9.9937E-05 0.00984121 9.9937E-05
9.9973E-05 0.0208586 0.049116 0.0545093 0.100168 0.750545 9.9973E-05 0.0205639 9.9973E-05 0.00393932
9.99278E-05 9.99278E-05 9.99278E-05 0.960787 9.99278E-05 9.99278E-05 0.0384134 9.99278E-05 9.99278E-05 9.99278E-05
9.99201E-05 9.99201E-05 9.99201E-05 0.999101 9.99201E-05 9.99201E-05 9.99201E-05 9.99201E-05 9.99201E-05 9.99201E-05
9.99201E-05 9.99201E-05 9.99201E-05 0.999101 9.99201E-05 9.99201E-05 9.99201E-05 9.99201E-05 9.99201E-05 9.99201E-05
0.0359863 9.9955E-05 0.902933 9.9955E-05 0.0220799 0.0351967 0.00330404 9.9955E-05 9.9955E-05 9.9955E-05
9.9946E-05 9.9946E-05 0.961507 0.014521 0.0229825 9.9946E-05 9.9946E-05 0.000389593 9.9946E-05 9.9946E-05
9.9973E-05 0.268583 0.242601 0.0446049 9.9973E-05 0.0267866 9.9973E-05 0.323956 0.0507909 0.0423776
0.057576 9.9964E-05 0.890354 0.0149172 0.00830417 9.9964E-05 9.9964E-05 0.0222137 9.9964E-05 0.0062355
9.99201E-05 9.99201E-05 0.999101 9.99201E-05 9.99201E-05 9.99201E-05 9.99201E-05 9.99201E-05 9.99201E-05 9.99201E-05
9.9937E-05 9.9937E-05 0.248095 0.603066 9.9937E-05 9.9937E-05 9.9937E-05 0.148139 9.9937E-05 9.9937E-05
9.9946E-05 9.9946E-05 0.760272 9.9946E-05 9.9946E-05 9.9946E-05 9.9946E-05 0.0572712 0.132898 0.0489591
9.99673E-05 9.99673E-05 0.738402 0.00178358 9.99673E-05 0.0171079 9.99673E-05 0.0816424 0.149928 0.0107367
0.0214638 0.266773 0.086858 9.9982E-05 9.9982E-05 0.0537109 0.00776706 0.142494 0.401769 0.0189651
0.00293143 9.9955E-05 9.9955E-05 0.12229 0.85691 9.9955E-05 9.9955E-05 9.9955E-05 0.00615153 0.0112178
9.9955E-05 9.9955E-05 0.635335 0.15485 0.0113674 9.9955E-05 9.9955E-05 0.192048 9.9955E-05 0.00589943
0.412356 9.9964E-05 9.9964E-05 9.9964E-05 0.021854 0.274575 0.0312017 0.174204 9.9964E-05 0.085409
9.9937E-05 9.9937E-05 0.51723 0.181152 9.9937E-05 9.9937E-05 9.9937E-05 0.300919 9.9937E-05 9.9937E-05
0.0101623 9.9937E-05 0.965416 0.0237219 9.9937E-05 9.9937E-05 9.9937E-05 9.9937E-05 9.9937E-05 9.9937E-05
9.99279E-05 9.99279E-05 9.99279E-05 0.993101 9.99279E-05 9.99279E-05 0.00609993 9.99279E-05 9.99279E-05 9.99279E-05
9.9955E-05 0.0485564 0.236307 0.604424 9.9955E-05 9.9955E-05 0.10106 0.00915188 9.9955E-05 9.9955E-05
9.9946E-05 0.108722 9.9946E-05 0.0426689 0.840011 0.00799837 9.9946E-05 9.9946E-05 9.9946E-05 9.9946E-05
9.9937E-05 0.970348 9.9937E-05 9.9937E-05 0.00748827 9.9937E-05 9.9937E-05 9.9937E-05 0.0214646 9.9937E-05
9.9946E-05 0.0104018 9.9946E-05 0.0230358 9.9946E-05 0.00647889 0.959484 9.9946E-05 9.9946E-05 9.9946E-05
9.99369E-05 0.733913 9.99369E-05 9.99369E-05 0.116128 9.99369E-05 0.14926 9.99369E-05 9.99369E-05 9.99369E-05
9.9946E-05 9.9946E-05 0.0345105 0.0372023 0.891514 9.9946E-05 0.0361737 9.9946E-05 9.9946E-05 9.9946E-05
9.9955E-05 9.9955E-05 0.0570751 0.0815413 0.838162 0.00639478 0.0163267 9.9955E-05 9.9955E-05 9.9955E-05
9.99369E-05 0.8646 9.99369E-05 9.99369E-05 0.100598 9.99369E-05 0.034102 9.99369E-05 9.99369E-05 9.99369E-05
9.9982E-05 0.549533 0.00589631 0.241884 0.0488243 0.0011723 0.0859199 0.0467742 9.9982E-05 0.019796
0.00763564 0.0355598 9.9964E-05 0.0672349 0.877103 0.00264148 9.9964E-05 9.9964E-05 0.00942481 9.9964E-05
0.0497285 0.225954 0.0990419 9.9973E-05 9.9973E-05 0.086133 9.9973E-05 0.135818 0.372668 0.0303563
9.9937E-05 9.9937E-05 9.9937E-05 9.9937E-05 0.0213327 0.917878 0.06009 9.9937E-05 9.9937E-05 9.9937E-05
9.9964E-05 0.0374219 0.0276248 0.0629138 0.114911 0.732759 9.9964E-05 0.0239696 9.9964E-05 9.9964E-05
0.995973 0.00148022 0.00184761 9.9937E-05 9.9937E-05 9.9937E-05 9.9937E-05 9.9937E-05 9.9937E-05 9.9937E-05
9.9973E-05 0.0832298 0.0543088 9.9973E-05 0.141024 0.65734 0.0386666 9.9973E-05 0.00928246 0.0158485
0.0204847 9.9955E-05 9.9955E-05 0.0478402 0.0540137 0.81414 0.063022 9.9955E-05 9.9955E-05 9.9955E-05
9.9955E-05 9.9955E-05 0.000116595 0.00108638 0.59546 0.324267 0.0785703 9.9955E-05 9.9955E-05 9.9955E-05
0.0282896 9.9955E-05 9.9955E-05 0.0343858 0.0389906 0.83668 0.0611545 9.9955E-05 9.9955E-05 9.9955E-05
0.0436585 0.124499 0.00504351 9.9964E-05 9.9964E-05 0.230154 0.562602 9.9964E-05 9.9964E-05 0.033643
9.9946E-05 9.9946E-05 9.9946E-05 0.014537 9.9946E-05 0.948599 9.9946E-05 0.0120167 0.0242479 9.9946E-05
0.0877248 0.441525 9.99549E-05 9.99549E-05 9.99549E-05 0.0983341 0.0424147 9.99549E-05 0.329502 9.99549E-05
9.9973E-05 0.565571 9.9973E-05 0.0230468 0.0933613 0.0261731 0.181146 9.9973E-05 0.0858004 0.0246016
0.0163489 0.244032 9.99731E-05 0.216948 0.0460846 0.16184 0.128572 9.99731E-05 0.185876 9.99731E-05
9.9946E-05 9.9946E-05 0.0368051 0.0121088 9.9946E-05 0.868195 0.0822919 9.9946E-05 9.9946E-05 9.9946E-05
0.0218201 9.9946E-05 0.839667 9.9946E-05 0.00715286 9.9946E-05 9.9946E-05 0.13076 9.9946E-05 9.9946E-05
9.9937E-05 0.0359306 0.0196207 9.9937E-05 9.9937E-05 9.9937E-05 0.943749 9.9937E-05 9.9937E-05 9.9937E-05
0.0506933 0.421514 9.99549E-05 9.99549E-05 9.99549E-05 0.0957255 0.0500359 9.99549E-05 0.381532 9.99549E-05
9.9937E-05 0.0588045 9.9937E-05 0.0139469 9.9937E-05 9.9937E-05 0.926549 9.9937E-05 9.9937E-05 9.9937E-05
9.9937E-05 9.9937E-05 0.76413 9.9937E-05 9.9937E-05 9.9937E-05 9.9937E-05 0.084236 0.150935 9.9937E-05
0.00603617 9.9955E-05 9.9955E-05 0.0214141 0.948338 9.9955E-05 9.9955E-05 9.9955E-05 0.0161161 0.00759569
0.946787 9.9955E-05 0.0166569 9.9955E-05 0.0264271 9.9955E-05 9.9955E-05 0.00481528 9.9955E-05 0.00481379
0.6874 9.9982E-05 9.9982E-05 0.0055413 0.0611887 0.0533411 0.0232557 0.119126 0.0487971 0.00115081
0.0142824 9.99371E-05 9.99371E-05 9.99371E-05 0.0284485 0.95657 9.99371E-05 9.99371E-05 9.99371E-05 9.99371E-05
0.0356931 9.9955E-05 9.9955E-05 0.372265 0.0865079 0.250469 0.254566 9.9955E-05 9.9955E-05 9.9955E-05
9.99201E-05 9.99201E-05 9.99201E-05 9.99201E-05 0.999101 9.99201E-05 9.99201E-05 9.99201E-05 9.99201E-05 9.99201E-05
9.99201E-05 9.99201E-05 9.99201E-05 9.99201E-05 0.999101 9.99201E-05 9.99201E-05 9.99201E-05 9.99201E-05 9.99201E-05
9.9982E-05 0.0568408 0.0460509 0.373129 0.0871585 9.9982E-05 0.295395 0.104866 0.000599149 0.0357616
0.0139696 9.9964E-05 9.9964E-05 0.305123 0.0655504 0.279348 0.308211 9.9964E-05 0.0273984 9.9964E-05
9.9937E-05 0.000370718 0.830367 9.9937E-05 9.9937E-05 9.9937E-05 9.9937E-05 9.9937E-05 0.168563 9.9937E-05
9.99278E-05 9.99278E-05 0.00633251 9.99278E-05 9.99278E-05 9.99278E-05 9.99278E-05 9.99278E-05 0.992868 9.99278E-05
9.9946E-05 9.9946E-05 0.469632 9.9946E-05 9.9946E-05 9.9946E-05 9.9946E-05 0.102279 0.241228 0.186261
0.0415763 9.9964E-05 9.9964E-05 0.0254438 9.9964E-05 0.000869593 9.9964E-05 0.171651 0.450777 0.309283
0.0285651 9.9964E-05 9.9964E-05 0.0374497 9.9964E-05 0.000196877 9.9964E-05 0.168851 0.50571 0.258827
9.9955E-05 9.9955E-05 0.16933 9.9955E-05 0.020427 9.9955E-05 9.9955E-05 0.271419 0.372521 0.165803
9.99277E-05 9.99277E-05 0.0211341 9.99277E-05 9.99277E-05 9.99277E-05 9.99277E-05 9.99277E-05 0.978067 9.99277E-05
0.0282137 9.9982E-05 0.0715232 9.9982E-05 0.017708 0.0112112 0.0260539 0.189357 0.350121 0.305612
9.9946E-05 9.9946E-05 0.113477 9.9946E-05 9.9946E-05 9.9946E-05 9.9946E-05 0.371418 0.363732 0.150774
0.0377817 0.314634 9.99639E-05 0.0113655 0.0514819 0.0288782 9.99639E-05 9.99639E-05 0.555459 9.99639E-05
9.9955E-05 9.9955E-05 0.257168 9.9955E-05 9.9955E-05 0.000904208 9.9955E-05 0.235561 0.33398 0.171887
0.0435087 0.251364 9.9973E-05 0.0216181 0.00110961 0.0822407 9.9973E-05 9.9973E-05 0.584875 0.014984
9.9937E-05 0.716566 9.9937E-05 9.9937E-05 0.153003 9.9937E-05 0.129731 9.9937E-05 9.9937E-05 9.9937E-05
0.0278958 0.606773 0.00847441 0.0863934 9.9973E-05 0.00242087 9.9973E-05 0.199755 9.9973E-05 0.0679885
0.0342035 0.0625157 0.214382 9.9982E-05 0.00976932 9.9982E-05 0.047279 0.201507 0.365208 0.0649351
0.02788 0.107144 0.164354 0.00363306 9.9991E-05 0.0108327 0.0672064 0.145408 0.34155 0.131892
9.99201E-05 9.99201E-05 9.99201E-05 9.99201E-05 9.99201E-05 9.99201E-05 9.99201E-05 9.99201E-05 0.999101 9.99201E-05
0.00166925 9.9964E-05 0.215584 9.9964E-05 9.9964E-05 9.9964E-05 0.00901519 0.233082 0.394829 0.145421
9.9955E-05 9.9955E-05 9.9955E-05 0.00345886 9.9955E-05 0.0923252 0.875851 0.0235161 9.9955E-05 0.00434926
9.9937E-05 9.9937E-05 0.85401 9.9937E-05 9.9937E-05 9.9937E-05 0.0148611 9.9937E-05 0.130429 9.9937E-05
0.0295145 9.9964E-05 9.9964E-05 0.019296 0.0319077 9.9964E-05 9.9964E-05 0.140575 0.502584 0.275723
9.9946E-05 9.9946E-05 0.219817 9.9946E-05 9.9946E-05 9.9946E-05 9.9946E-05 0.306927 0.419472 0.0531844
0.0134097 9.9955E-05 0.0727086 9.9955E-05 9.9955E-05 9.9955E-05 9.9955E-05 0.200421 0.438936 0.274025
0.020879 9.9964E-05 0.0695754 0.00742482 9.9964E-05 9.9964E-05 9.9964E-05 0.295108 0.347439 0.259174
9.9964E-05 0.0591791 0.0265584 0.0652102 0.108082 0.70634 9.9964E-05 0.0342297 9.9964E-05 9.9964E-05
0.0609439 0.0542317 0.0200006 0.0285519 0.0266366 0.323135 0.442448 0.014791 9.9991E-05 0.0291611
0.00285424 9.9955E-05 0.742128 9.9955E-05 9.9955E-05 9.9955E-05 9.9955E-05 0.0760368 0.138231 0.0402504
9.9928E-05 0.0447395 9.9928E-05 9.9928E-05 9.9928E-05 9.9928E-05 0.954461 9.9928E-05 9.9928E-05 9.9928E-05
9.99639E-05 0.0737583 0.0589733 0.0813792 0.0968524 0.677382 9.99639E-05 0.0112553 9.99639E-05 9.99639E-05
0.00361212 0.888834 9.9946E-05 9.9946E-05 0.0280616 9.9946E-05 9.9946E-05 9.9946E-05 0.0788927 9.9946E-05
9.99201E-05 9.99201E-05 0.999101 9.99201E-05 9.99201E-05 9.99201E-05 9.99201E-05 9.99201E-05 9.99201E-05 9.99201E-05
0.0227331 9.9928E-05 0.976467 9.9928E-05 9.9928E-05 9.9928E-05 9.9928E-05 9.9928E-05 9.9928E-05 9.9928E-05
0.0439166 9.9955E-05 0.872528 9.9955E-05 0.0217711 9.9955E-05 0.0181492 9.9955E-05 9.9955E-05 0.0431351
0.00284807 9.9946E-05 0.98055 9.9946E-05 9.9946E-05 9.9946E-05 9.9946E-05 0.014781 9.9946E-05 0.00122179
9.9964E-05 0.0671121 0.0172532 0.183268 0.727377 0.00315152 9.9964E-05 0.00143854 9.9964E-05 9.9964E-05
0.0317138 9.9955E-05 0.794877 0.0379866 9.9955E-05 0.0934404 9.9955E-05 0.0414822 9.9955E-05 9.9955E-05
9.9973E-05 0.0182314 0.0371172 0.0305223 0.142335 0.727403 9.9973E-05 0.0329532 9.9973E-05 0.0111379
9.9937E-05 0.0505847 9.9937E-05 9.9937E-05 9.9937E-05 0.899691 9.9937E-05 9.9937E-05 0.0490245 9.9937E-05
0.0280847 9.9946E-05 9.9946E-05 0.0841497 9.9946E-05 0.857476 9.9946E-05 9.9946E-05 9.9946E-05 0.0296903
0.00499743 9.9973E-05 0.000339305 0.00754223 0.024593 0.934241 9.9973E-05 0.000208069 0.0277791 9.9973E-05
0.013295 9.9973E-05 9.9973E-05 0.0355934 0.00309861 0.886354 0.0418439 0.00619287 9.9973E-05 0.0133226
0.0410641 9.99593E-05 9.99593E-05 9.99593E-05 9.99593E-05 0.0746807 9.99593E-05 0.0600984 0.397104 0.426553
0.0778798 9.9982E-05 9.9982E-05 0.000196215 0.0392893 0.0321201 0.00132028 0.0244134 0.408939 0.415642
9.9964E-05 9.9964E-05 9.9964E-05 0.0156123 0.0254616 0.0181108 0.015061 9.9964E-05 0.0298786 0.895476
0.0149035 9.9955E-05 0.0818628 9.9955E-05 9.9955E-05 0.0330053 9.9955E-05 0.0254251 9.9955E-05 0.844303
9.9964E-05 0.00480511 0.000841271 9.9964E-05 0.00612631 9.9964E-05 0.0065503 0.0354331 9.9964E-05 0.945844
0.0424545 0.50093 9.9973E-05 9.9973E-05 0.10494 0.0106972 0.0459664 9.9973E-05 0.0167675 0.277945
9.9937E-05 9.9937E-05 9.9937E-05 9.9937E-05 9.9937E-05 9.9937E-05 0.0627643 9.9937E-05 0.0176833 0.918853
0.00978937 0.0508404 0.195525 0.129035 0.0785481 0.195458 0.17443 0.0505837 0.0341146 0.0816762
9.9928E-05 9.9928E-05 9.9928E-05 0.0246746 9.9928E-05 9.9928E-05 9.9928E-05 9.9928E-05 9.9928E-05 0.974526
9.9928E-05 9.9928E-05 9.9928E-05 9.9928E-05 9.9928E-05 9.9928E-05 9.9928E-05 0.0140816 9.9928E-05 0.985119
0.0205181 9.9946E-05 0.00236887 9.9946E-05 9.9946E-05 9.9946E-05 9.9946E-05 0.0501852 9.9946E-05 0.926328
9.9955E-05 9.9955E-05 0.00145721 0.0316058 9.9955E-05 0.0199401 9.9955E-05 0.712525 9.9955E-05 0.233972
9.99281E-05 9.99281E-05 9.99281E-05 0.0256819 9.99281E-05 9.99281E-05 9.99281E-05 9.99281E-05 9.99281E-05 0.973519
0.0337556 9.9955E-05 0.0236151 0.0129796 9.9955E-05 9.9955E-05 9.9955E-05 0.129019 9.9955E-05 0.800131
9.9946E-05 0.00938814 9.9946E-05 9.9946E-05 9.9946E-05 0.0571267 0.907009 9.9946E-05 0.0258763 9.9946E-05
0.0590677 0.0447475 0.0262 9.9982E-05 0.0276037 0.180425 0.606841 9.9982E-05 0.00966446 0.0452506
0.00787015 0.116787 9.9973E-05 0.0135545 9.9973E-05 0.692852 0.133055 9.9973E-05 0.0118428 0.0237384
0.039863 0.022928 0.00737518 9.9955E-05 9.9955E-05 0.837997 0.0913368 9.9955E-05 9.9955E-05 9.9955E-05
9.9964E-05 0.660936 9.9964E-05 0.02322 0.106645 0.0306284 0.130243 9.9964E-05 0.0479278 9.9964E-05
0.0417418 0.0595515 9.9964E-05 9.9964E-05 9.9964E-05 0.726547 0.103166 9.9964E-05 0.0274133 0.0411807
0.0016727 9.9955E-05 0.00372405 0.0562103 9.9955E-05 9.9955E-05 0.911601 9.9955E-05 0.0262918 9.9955E-05
9.99492E-05 9.99492E-05 9.99492E-05 0.0333903 9.99492E-05 0.0296667 0.922098 9.99492E-05 0.0142457 9.99492E-05
9.9937E-05 0.807922 9.9937E-05 9.9937E-05 0.151964 9.9937E-05 0.039414 9.9937E-05 9.9937E-05 9.9937E-05
0.0408473 0.0878404 9.9964E-05 9.9964E-05 9.9964E-05 0.706661 0.0519166 9.9964E-05 0.0818842 0.0304507
0.105521 0.129611 0.00587339 0.0598142 9.9991E-05 0.480649 0.120445 0.0159411 0.0753731 0.00667239
0.0551839 0.519633 9.99642E-05 9.99642E-05 0.130661 0.0026941 0.0594331 9.99642E-05 0.231995 9.99642E-05
0.00555398 0.744075 9.99639E-05 9.99639E-05 0.137584 9.99639E-05 0.0592649 9.99639E-05 0.0459211 0.00720159
9.9955E-05 0.596992 9.9955E-05 9.9955E-05 0.121363 0.0561236 0.110917 9.9955E-05 0.114106 9.9955E-05
9.9982E-05 0.0693658 0.0774122 0.010494 0.0787297 0.189305 0.532935 0.0260644 9.9982E-05 0.015494
0.0172239 0.734121 9.9964E-05 9.9964E-05 0.153995 0.00475444 0.0810535 9.9964E-05 0.0084523 9.9964E-05
9.9946E-05 0.0384904 9.9946E-05 9.9946E-05 0.0135713 9.9946E-05 0.919467 9.9946E-05 9.9946E-05 0.0278717
9.9937E-05 0.923599 0.0382416 9.9937E-05 0.0374594 9.9937E-05 9.9937E-05 9.9937E-05 9.9937E-05 9.9937E-05
0.0167064 0.981813 0.000780645 9.99371E-05 9.99371E-05 9.99371E-05 9.99371E-05 9.99371E-05 9.99371E-05 9.99371E-05
0.0282071 0.206126 0.160917 9.9973E-05 0.0464012 9.9973E-05 9.9973E-05 0.150268 0.331295 0.0764856
9.9946E-05 0.766443 9.9946E-05 9.9946E-05 0.207263 9.9946E-05 0.0132848 9.9946E-05 0.0124095 9.9946E-05
9.99279E-05 0.840041 9.99279E-05 9.99279E-05 0.159159 9.99279E-05 9.99279E-05 9.99279E-05 9.99279E-05 9.99279E-05
9.9946E-05 0.76785 9.9946E-05 9.9946E-05 0.207735 9.9946E-05 0.0194194 9.9946E-05 0.00439564 9.9946E-05
0.101875 0.348566 9.9964E-05 9.9964E-05 9.9964E-05 0.136501 0.107009 9.9964E-05 0.298424 0.00722448
9.9946E-05 0.0737044 0.00694688 9.9946E-05 9.9946E-05 0.0909958 0.827753 9.9946E-05 9.9946E-05 9.9946E-05
9.9955E-05 0.0530462 0.0154695 9.9955E-05 0.056027 9.9955E-05 0.866006 9.9955E-05 9.9955E-05 0.00895133
9.9955E-05 0.0876798 9.9955E-05 9.9955E-05 0.026784 9.9955E-05 0.863196 9.9955E-05 0.00723923 0.0146014
0.00368169 0.014709 9.9955E-05 9.9955E-05 9.9955E-05 0.0299677 0.919044 9.9955E-05 9.9955E-05 0.0320976
9.9946E-05 0.0260359 0.867039 9.9946E-05 9.9946E-05 9.9946E-05 0.00159285 9.9946E-05 0.104732 9.9946E-05
9.9982E-05 0.291847 0.249186 0.0345045 9.9982E-05 0.0415189 0.00456569 0.313335 0.0579108 0.00693142
0.0349818 9.9973E-05 9.9973E-05 0.0213483 0.0355676 0.753172 0.115917 0.0204881 0.0182256 9.9973E-05
0.0278456 0.0267862 9.9973E-05 0.459779 0.0751681 0.314548 0.0935352 9.9973E-05 9.9973E-05 0.00203821
0.0374411 0.645834 0.0368527 0.0568166 0.00732656 9.9982E-05 0.0142921 0.148009 9.9982E-05 0.0532276
0.025446 0.639149 0.0282486 0.0459985 9.9982E-05 9.9982E-05 0.0288543 0.177635 0.0074816 0.0469873
9.99549E-05 9.99549E-05 0.0378352 9.99549E-05 9.99549E-05 0.884122 0.00235265 9.99549E-05 0.0659507 0.00923959
9.9964E-05 0.0140741 0.0356749 0.072199 0.147133 0.717998 9.9964E-05 0.0125209 9.9964E-05 9.9964E-05
0.0152476 9.9964E-05 0.0298525 9.9964E-05 0.122623 9.9964E-05 0.230651 0.548333 9.9964E-05 0.052893
9.9982E-05 0.0653606 0.0770057 0.148793 0.39818 9.9982E-05 0.222045 0.0014524 0.0461254 0.0408384
9.9966E-05 0.0486047 9.9966E-05 0.0556389 0.00615454 0.793562 0.0726355 9.9966E-05 0.023004 9.9966E-05
0.0956886 0.323395 9.9964E-05 0.011843 0.00312747 0.215408 9.9964E-05 9.9964E-05 0.350137 9.9964E-05
0.0449748 0.602522 0.0304578 0.0738617 9.9973E-05 9.9973E-05 0.0121722 0.170638 9.9973E-05 0.0650734
0.119385 0.295624 9.99729E-05 9.99729E-05 0.0160625 0.0963507 0.0861725 9.99729E-05 0.371908 0.0141973
0.104747 0.207232 9.9973E-05 0.00893613 9.9973E-05 0.211524 0.0957951 9.9973E-05 0.354914 0.0165523
0.0833023 0.0349075 9.9955E-05 9.9955E-05 9.9955E-05 0.84928 0.024863 9.9955E-05 0.00714722 9.9955E-05
0.00950185 0.00776838 0.00288483 9.9982E-05 9.9982E-05 0.903063 0.00867514 0.0399017 0.0164157 0.0115892
0.0099927 0.0298448 9.9955E-05 9.9955E-05 9.9955E-05 0.937946 0.0171904 0.00452662 9.9955E-05 9.9955E-05
0.00858495 9.9964E-05 9.9964E-05 9.9964E-05 0.0227828 0.825231 0.0708886 9.9964E-05 0.0406771 0.0314353
0.0466917 9.9955E-05 9.9955E-05 9.9955E-05 0.00134829 0.905654 0.0441193 9.9955E-05 9.9955E-05 0.00168734
9.99371E-05 9.99371E-05 9.99371E-05 0.0599423 0.0428218 0.896536 9.99371E-05 9.99371E-05 9.99371E-05 9.99371E-05
0.140251 0.0699537 9.9973E-05 0.0358012 9.9973E-05 0.476574 0.00855838 0.0305571 0.238004 9.9973E-05
0.0937017 0.188906 9.9964E-05 9.9964E-05 9.9964E-05 0.196521 0.0458276 9.9964E-05 0.41689 0.0577544
9.9946E-05 9.9946E-05 9.9946E-05 9.9946E-05 0.0159485 0.932023 0.0264882 0.0249409 9.9946E-05 9.9946E-05
0.0693524 0.236669 9.9973E-05 9.9973E-05 0.0630397 0.197642 0.0163555 9.9973E-05 0.380159 0.0364823
0.0697719 0.369334 9.9955E-05 9.9955E-05 9.9955E-05 0.0888079 0.0924148 9.9955E-05 0.379171 9.9955E-05
9.99201E-05 9.99201E-05 9.99201E-05 9.99201E-05 9.99201E-05 9.99201E-05 9.99201E-05 0.999101 9.99201E-05 9.99201E-05
9.99369E-05 0.02868 9.99369E-05 9.99369E-05 9.99369E-05 9.99369E-05 9.99369E-05 0.933589 0.0370312 9.99369E-05
9.99201E-05 9.99201E-05 9.99201E-05 9.99201E-05 9.99201E-05 9.99201E-05 9.99201E-05 0.999101 9.99201E-05 9.99201E-05
9.99279E-05 9.99279E-05 9.99279E-05 9.99279E-05 9.99279E-05 9.99279E-05 9.99279E-05 0.973785 0.0254158 9.99279E-05
9.99201E-05 9.99201E-05 9.99201E-05 9.99201E-05 9.99201E-05 9.99201E-05 9.99201E-05 0.999101 9.99201E-05 9.99201E-05
9.99201E-05 9.99201E-05 9.99201E-05 9.99201E-05 9.99201E-05 9.99201E-05 9.99201E-05 0.999101 9.99201E-05 9.99201E-05
