0.320066 0.523044 0.15679 9.9991E-05
0.642656 0.252708 0.0754139 0.029222
0.617314 0.252694 0.0709613 0.0590314
0.31001 0.529357 0.160533 9.9991E-05
0.9997 9.998E-05 9.998E-05 9.998E-05
0.624605 0.220469 0.0857364 0.0691892
0.00213054 0.389407 0.596838 0.0116247
9.998E-05 9.998E-05 0.9997 9.998E-05
0.0104159 9.9982E-05 0.989384 9.9982E-05
9.998E-05 9.998E-05 0.9997 9.998E-05
0.034085 0.905416 9.9991E-05 0.0603987
9.9982E-05 0.901664 9.9982E-05 0.098136
9.9982E-05 0.90391 9.9982E-05 0.0958905
9.9982E-05 0.926399 9.9982E-05 0.073401
0.0268564 0.00963794 0.0544134 0.909092
9.998E-05 9.998E-05 0.9997 9.998E-05
0.0422416 0.822633 0.135025 9.9991E-05
9.9991E-05 0.0468413 0.00124769 0.951811
0.0327857 0.270026 0.0345921 0.662596
9.9982E-05 0.518991 9.9982E-05 0.480809
9.9991E-05 0.0536692 0.0622657 0.883965
9.9982E-05 0.757173 9.9982E-05 0.242627
9.9982E-05 0.0458857 9.9982E-05 0.953914
9.9982E-05 0.762267 9.9982E-05 0.237533
9.9982E-05 0.809561 9.9982E-05 0.190239
9.9982E-05 0.0151414 9.9982E-05 0.984659
9.9991E-05 0.0534244 0.000764924 0.945711
0.0427631 0.256379 9.9991E-05 0.700758
9.9982E-05 9.9982E-05 0.0199606 0.979839
0.0232295 9.9982E-05 9.9982E-05 0.976571
9.9982E-05 0.826688 9.9982E-05 0.173112
9.9982E-05 0.913266 9.9982E-05 0.0865339
0.0032684 0.0437108 9.9991E-05 0.952921
9.9982E-05 0.725872 9.9982E-05 0.273928
0.000648511 9.9991E-05 0.00848451 0.990767
9.9982E-05 0.858799 9.9982E-05 0.141001
0.00732343 0.0267417 9.9991E-05 0.965835
9.9982E-05 0.80258 9.9982E-05 0.19722
0.441115 0.394059 0.164726 9.9991E-05
0.9997 9.998E-05 9.998E-05 9.998E-05
0.059006 0.940794 9.9982E-05 9.9982E-05
9.998E-05 9.998E-05 9.998E-05 0.9997
9.9982E-05 0.818382 9.9982E-05 0.181418
0.560897 0.353238 0.0724064 0.0134583
0.0267042 0.269723 0.0974731 0.606099
9.9991E-05 0.566668 0.0133643 0.419867
0.0350086 0.0442862 0.0181777 0.902527
0.695224 0.187454 0.0637896 0.0535323
0.719752 0.0900571 0.124867 0.0653238
0.0946258 0.733798 0.171476 9.9991E-05
0.0814731 0.761116 0.157311 9.9991E-05
0.0952117 0.761234 0.143454 9.9991E-05
0.0560107 0.761365 0.182525 9.9991E-05
0.00642525 0.000665672 0.97768 0.0152286
9.9982E-05 0.0121076 0.987692 9.9982E-05
9.9991E-05 0.870547 0.0582291 0.0711238
9.9982E-05 0.833924 9.9982E-05 0.165876
0.340379 0.256056 0.127859 0.275707
0.995466 0.00433365 9.9982E-05 9.9982E-05
0.872945 0.0220699 0.0305783 0.0744063
0.057422 0.839368 0.10311 9.9991E-05
0.103983 0.771919 0.123997 9.9991E-05
0.128658 0.750677 0.120565 9.9991E-05
9.9982E-05 0.00267761 0.997122 9.9982E-05
0.995254 0.00454592 9.9982E-05 9.9982E-05
0.0581504 0.847449 0.0933163 0.00108432
0.30807 0.496988 0.194842 9.9991E-05
9.9982E-05 0.849513 9.9982E-05 0.150287
9.9982E-05 0.894814 9.9982E-05 0.104986
0.0655078 0.0320187 0.845139 0.0573348
0.0218862 0.0807109 0.835959 0.0614438
0.0122971 0.0574863 0.897574 0.0326428
0.014388 9.9982E-05 0.985412 9.9982E-05
9.9982E-05 0.0105716 0.989228 9.9982E-05
9.998E-05 9.998E-05 0.9997 9.998E-05
9.998E-05 9.998E-05 0.9997 9.998E-05
9.998E-05 9.998E-05 0.9997 9.998E-05
0.00401056 9.9982E-05 0.995789 9.9982E-05
9.998E-05 9.998E-05 0.9997 9.998E-05
0.00454375 0.00176432 0.967736 0.0259564
9.9991E-05 0.0218445 0.960707 0.0173488
9.9991E-05 0.0177398 0.981468 0.000692515
9.9982E-05 9.9982E-05 0.561691 0.438109
9.9982E-05 9.9982E-05 0.561589 0.438211
9.998E-05 9.998E-05 0.9997 9.998E-05
9.9982E-05 0.0188883 0.980912 9.9982E-05
0.0172156 9.9991E-05 0.972585 0.0100993
0.00240915 9.9991E-05 0.933736 0.0637549
9.998E-05 9.998E-05 0.9997 9.998E-05
9.9982E-05 9.9982E-05 0.519682 0.480118
0.0410575 0.037133 0.870275 0.0515346
0.00794363 0.034799 0.957157 9.9991E-05
0.00811694 0.00425893 0.985152 0.00247175
0.0278655 9.9982E-05 0.971935 9.9982E-05
9.9991E-05 0.0339779 0.934277 0.0316455
9.9982E-05 0.0117563 0.988044 9.9982E-05
0.189089 0.143096 0.00321306 0.664601
0.00838643 9.9991E-05 0.961247 0.0302666
9.9982E-05 9.9982E-05 0.987538 0.0122624
0.107662 0.0460194 0.761635 0.0846833
9.998E-05 9.998E-05 0.9997 9.998E-05
9.998E-05 9.998E-05 0.9997 9.998E-05
0.00400202 9.9982E-05 0.995798 9.9982E-05
9.9982E-05 9.9982E-05 0.968206 0.031594
0.00255488 9.9991E-05 0.0209393 0.976406
9.998E-05 9.998E-05 0.9997 9.998E-05
9.998E-05 9.998E-05 0.9997 9.998E-05
9.998E-05 9.998E-05 0.9997 9.998E-05
9.9991E-05 0.311541 0.0178651 0.670494
0.0186298 9.9991E-05 0.954295 0.0269747
9.9982E-05 0.0336269 0.966173 9.9982E-05
9.9982E-05 9.9982E-05 0.994188 0.00561231
9.998E-05 9.998E-05 0.9997 9.998E-05
9.9991E-05 0.25051 0.0233699 0.72602
9.998E-05 9.998E-05 0.9997 9.998E-05
0.00757112 0.024422 0.955142 0.0128648
9.9982E-05 9.9982E-05 0.513395 0.486405
9.998E-05 9.998E-05 0.9997 9.998E-05
9.9982E-05 0.681184 9.9982E-05 0.318616
9.9982E-05 0.577061 9.9982E-05 0.422739
9.9982E-05 0.812969 9.9982E-05 0.186831
0.0197615 0.0398713 0.0245625 0.915805
0.0761773 0.751458 0.172264 9.9991E-05
9.9982E-05 0.812237 9.9982E-05 0.187563
0.0685417 0.635079 0.0235006 0.272879
9.9982E-05 0.671097 9.9982E-05 0.328703
9.9982E-05 0.599027 9.9982E-05 0.400773
9.9982E-05 0.679665 9.9982E-05 0.320135
0.0610257 0.552808 9.9991E-05 0.386066
0.0430374 0.494953 9.9991E-05 0.461909
9.9982E-05 0.838858 9.9982E-05 0.160942
9.9991E-05 0.869045 0.00926732 0.121588
0.00591122 0.852352 0.00912108 0.132615
0.0416259 0.0618471 0.0707837 0.825743
0.828608 0.0453382 0.0938928 0.0321611
0.808387 0.0385017 0.102341 0.0507701
0.911195 0.0723671 0.0163383 9.9991E-05
0.0970662 0.413693 0.141939 0.347301
0.813939 0.0457651 0.0962472 0.044049
0.761413 0.1004 0.111276 0.0269105
0.0870042 0.567815 0.144066 0.201115
0.854113 0.021075 0.0869194 0.0378927
0.801786 0.0342504 0.0832426 0.0807211
0.834972 0.0626467 0.0575825 0.0447989
0.657715 0.0844687 0.116552 0.141265
0.697021 0.0424807 0.128401 0.132097
0.823261 0.039424 0.0445008 0.0928146
0.11308 0.749971 0.136848 9.9991E-05
0.957908 9.9991E-05 0.00373075 0.0382612
0.000122527 0.0415736 0.0204427 0.937861
0.00211971 0.0236676 0.0277927 0.94642
0.985973 9.9991E-05 0.00628173 0.00764511
0.279966 0.347822 0.187338 0.184873
0.124312 0.760409 0.100911 0.0143675
0.10792 0.84701 9.9991E-05 0.0449696
0.0158403 0.0739086 0.0391129 0.871138
0.234117 0.664444 0.023773 0.0776662
0.127049 0.747149 0.125702 9.9991E-05
0.702734 0.0592925 0.120108 0.117866
0.0929417 0.776098 0.130861 9.9991E-05
0.24248 0.4631 0.163147 0.131273
9.9982E-05 9.9982E-05 0.0276935 0.972107
0.909091 0.0740045 0.0168046 9.9991E-05
0.445772 0.511009 9.9991E-05 0.0431188
0.961317 0.00124237 9.9991E-05 0.0373405
0.172847 0.686176 0.0930637 0.0479132
0.9997 9.998E-05 9.998E-05 9.998E-05
0.0926176 0.829755 0.0744115 0.00321632
0.874716 0.0187573 0.042385 0.0641419
0.913879 0.081891 0.00412994 9.9991E-05
0.0637389 0.0142683 0.00612643 0.915866
0.311438 0.207577 0.0268556 0.454129
0.10068 0.47903 0.0460198 0.374271
0.645013 0.0379308 0.167713 0.149343
0.674239 0.070235 0.159981 0.0955448
0.626575 0.0669638 0.169081 0.137379
0.600992 0.0875397 0.173224 0.138245
9.998E-05 9.998E-05 9.998E-05 0.9997
0.0493122 9.9991E-05 0.0039117 0.946676
0.0121724 0.113138 0.0364311 0.838258
0.777046 0.0891944 0.0901912 0.0435688
0.271452 0.348048 0.168556 0.211944
0.13184 0.237484 0.232512 0.398164
0.0330601 0.0869337 0.0550501 0.824956
0.0771419 0.130666 0.111598 0.680595
0.100747 9.9991E-05 0.0954659 0.803687
0.162593 0.128496 0.189014 0.519898
0.221014 0.604643 0.174243 9.9991E-05
9.9982E-05 0.879967 9.9982E-05 0.119833
9.9991E-05 0.63355 0.0412383 0.325112
0.9997 9.998E-05 9.998E-05 9.998E-05
0.993156 0.00664418 9.9982E-05 9.9982E-05
0.968851 0.0309492 9.9982E-05 9.9982E-05
0.780724 0.140742 0.0784344 9.9991E-05
0.530061 0.275464 0.157018 0.037457
0.566176 0.243716 0.140863 0.0492456
0.0137035 9.9991E-05 0.0215355 0.964661
0.0852678 9.9991E-05 0.0527569 0.861875
9.998E-05 9.998E-05 9.998E-05 0.9997
0.0641627 0.836998 0.0987397 9.9991E-05
0.9997 9.998E-05 9.998E-05 9.998E-05
0.9997 9.998E-05 9.998E-05 9.998E-05
0.9997 9.998E-05 9.998E-05 9.998E-05
0.9997 9.998E-05 9.998E-05 9.998E-05
0.975741 0.0240591 9.9982E-05 9.9982E-05
0.0632961 0.936504 9.9982E-05 9.9982E-05
0.671836 0.0618366 0.159778 0.106549
0.0723562 0.854772 0.0727716 9.9991E-05
0.0590027 0.940797 9.9982E-05 9.9982E-05
0.0979809 0.088058 9.9991E-05 0.813861
9.998E-05 0.9997 9.998E-05 9.998E-05
9.998E-05 0.9997 9.998E-05 9.998E-05
9.998E-05 0.9997 9.998E-05 9.998E-05
0.990423 0.00937656 9.9982E-05 9.9982E-05
0.9997 9.998E-05 9.998E-05 9.998E-05
0.622792 0.215127 0.0918828 0.0701984
0.997272 0.00252841 9.9982E-05 9.9982E-05
0.9997 9.998E-05 9.998E-05 9.998E-05
0.435133 0.564667 9.9982E-05 9.9982E-05
0.975378 9.9982E-05 9.9982E-05 0.0244217
0.981763 9.9982E-05 9.9982E-05 0.018037
0.495395 0.275008 0.124394 0.105204
0.0594018 0.81831 0.122188 9.9991E-05
0.890721 0.109079 9.9982E-05 9.9982E-05
0.168399 0.0353161 0.445846 0.350439
0.836281 0.163519 9.9982E-05 9.9982E-05
0.9997 9.998E-05 9.998E-05 9.998E-05
0.0193779 0.940041 9.9991E-05 0.0404807
0.278671 0.698678 9.9991E-05 0.0225516
0.0102644 0.854314 0.135322 9.9991E-05
0.182134 0.60999 0.207776 9.9991E-05
9.9982E-05 0.803193 9.9982E-05 0.196607
0.0754271 0.75612 0.168353 9.9991E-05
0.0994076 0.842383 0.0581095 9.9991E-05
0.0873882 0.849273 0.0632391 9.9991E-05
0.069526 0.759829 0.170545 9.9991E-05
0.159439 0.752679 0.0856626 0.00221929
0.0405819 0.851976 0.107342 9.9991E-05
0.471712 0.275342 0.135688 0.117257
9.9991E-05 0.0104223 0.00245287 0.987025
0.0925625 0.113823 9.9991E-05 0.793514
9.998E-05 9.998E-05 0.9997 9.998E-05
0.102021 0.198168 0.00323831 0.696573
9.9991E-05 0.071931 0.0199391 0.90803
0.0325861 0.574227 0.0263227 0.366865
9.9991E-05 0.0551067 0.0212457 0.923548
0.0171133 0.577448 0.017619 0.38782
0.00527205 9.9991E-05 0.015341 0.979287
0.129346 0.46402 0.264367 0.142267
0.117246 0.689036 0.108552 0.0851654
0.0767796 0.567654 0.109074 0.246492
0.0171518 0.0591983 0.0153182 0.908332
0.9997 9.998E-05 9.998E-05 9.998E-05
9.9982E-05 0.823126 9.9982E-05 0.176674
0.16722 0.4375 0.23673 0.15855
9.9982E-05 0.851491 9.9982E-05 0.148309
0.9997 9.998E-05 9.998E-05 9.998E-05
0.053145 0.82794 0.118815 9.9991E-05
0.0126893 9.9982E-05 0.987111 9.9982E-05
0.11072 0.0735261 0.751186 0.0645678
9.9982E-05 9.9982E-05 0.0132117 0.986588
9.9991E-05 0.625118 0.013386 0.361396
0.0345872 0.850186 0.115127 9.9991E-05
0.052967 0.851529 0.0954045 9.9991E-05
0.17472 0.724352 9.9991E-05 0.100828
9.9982E-05 0.611639 9.9982E-05 0.388161
0.990257 0.00954292 9.9982E-05 9.9982E-05
0.540307 0.280899 0.152264 0.026529
0.912185 0.0517177 0.0313327 0.00476477
0.590031 0.0675235 0.204596 0.137849
0.559944 0.117868 0.200671 0.121517
0.763079 0.0463923 0.0934114 0.0971177
0.543952 0.273046 0.167534 0.0154677
0.636714 0.111044 0.155435 0.0968075
0.765443 0.0458789 0.070177 0.118502
0.301883 0.401515 0.195293 0.101308
0.787213 0.0690091 0.0518272 0.0919509
0.303984 0.363774 0.201851 0.13039
0.0675163 0.767581 0.164803 9.9991E-05
0.321403 0.478084 0.19746 0.00305301
0.660428 0.182334 0.1382 0.0190371
0.574587 0.237678 0.103731 0.0840043
0.539718 0.275284 0.160886 0.0241118
0.792207 0.0726855 0.112585 0.0225232
9.9982E-05 0.725084 9.9982E-05 0.274716
0.999015 0.00078511 9.9982E-05 9.9982E-05
0.586621 0.113184 0.155715 0.144479
0.778466 0.025647 0.136205 0.0596816
0.670907 0.0473453 0.173179 0.108568
0.716851 0.06029 0.143751 0.0791075
0.0941158 0.12713 9.9991E-05 0.778654
0.0222441 0.464136 0.0566019 0.457018
0.993311 0.00178776 0.00480149 9.9991E-05
9.9982E-05 0.83311 9.9982E-05 0.16669
0.114783 0.154634 9.9991E-05 0.730483
0.156286 0.620693 0.222921 9.9991E-05
0.9997 9.998E-05 9.998E-05 9.998E-05
0.9997 9.998E-05 9.998E-05 9.998E-05
0.9997 9.998E-05 9.998E-05 9.998E-05
0.9997 9.998E-05 9.998E-05 9.998E-05
0.0874194 0.824798 0.0876826 9.9991E-05
0.929427 0.0155969 9.9991E-05 0.0548758
0.079124 0.140371 9.9991E-05 0.780405
0.0014571 9.9982E-05 9.9982E-05 0.998343
9.9991E-05 0.001245 0.0268625 0.971793
0.00490125 9.9991E-05 0.0246543 0.970344
9.9991E-05 0.0201276 0.0237085 0.956064
0.526812 0.089142 0.220746 0.1633
0.506115 0.0950822 0.244316 0.154487
0.582502 0.0805186 0.173354 0.163625
0.695247 9.9991E-05 0.15449 0.150163
0.655758 0.022724 0.181634 0.139884
0.277839 0.503513 0.178885 0.0397642
0.619145 0.0371847 0.181406 0.162264
0.310379 0.402771 0.0414607 0.24539
0.695014 0.0402759 0.154525 0.110185
0.708306 9.9991E-05 0.171917 0.119677
0.685763 9.9991E-05 0.189 0.125138
0.752225 0.0471302 0.0939872 0.106658
0.713516 0.015041 0.195996 0.0754469
0.648339 9.9991E-05 0.194721 0.15684
9.9982E-05 0.734336 9.9982E-05 0.265464
0.0190971 0.583425 0.0493392 0.348138
0.0133409 0.166284 0.0396763 0.780699
9.9991E-05 0.0527412 0.0351332 0.912026
0.0874241 0.708732 0.137398 0.0664456
0.0482208 0.0395958 0.0689493 0.843234
9.9982E-05 0.85103 9.9982E-05 0.14877
9.9982E-05 0.804239 9.9982E-05 0.195561
0.0758745 0.739905 0.184121 9.9991E-05
0.0377926 0.0632477 0.0776409 0.821319
0.0744329 0.230823 0.139117 0.555627
0.129978 0.565642 0.248562 0.055818
0.104835 0.699703 0.195362 9.9991E-05
0.114089 0.668195 0.156486 0.0612293
0.0786556 0.567316 0.00370388 0.350325
0.0858667 0.74169 0.172344 9.9991E-05
9.9982E-05 0.844185 9.9982E-05 0.155615
0.175623 0.626002 0.198275 9.9991E-05
0.182765 0.592346 0.22479 9.9991E-05
0.578207 0.264179 0.157514 9.9991E-05
0.0859409 0.728613 0.185346 9.9991E-05
0.0786589 0.733123 0.188118 9.9991E-05
0.113412 0.717502 0.168985 9.9991E-05
0.183253 0.389125 0.230412 0.19721
9.9982E-05 0.716884 9.9982E-05 0.282916
9.9982E-05 0.848227 9.9982E-05 0.151573
9.9982E-05 0.875921 9.9982E-05 0.123879
9.9982E-05 0.764904 9.9982E-05 0.234896
0.946181 0.0536188 9.9982E-05 9.9982E-05
0.617102 0.241562 0.0991966 0.0421391
0.00280009 0.15623 0.0205232 0.820447
9.9991E-05 0.596677 0.0345724 0.368651
0.312014 0.513303 0.174583 9.9991E-05
0.319119 0.489288 0.191493 9.9991E-05
0.0586808 9.9982E-05 9.9982E-05 0.941119
0.0650478 0.156755 0.0043209 0.773877
0.506048 0.36879 0.0599739 0.0651887
0.160381 0.711863 0.0718908 0.0558655
9.9982E-05 0.125241 9.9982E-05 0.874559
0.189705 0.292515 0.226891 0.290889
0.297863 0.501809 0.200228 9.9991E-05
0.15769 0.384847 0.275454 0.182008
0.167054 0.346462 0.215386 0.271097
9.9982E-05 9.9982E-05 0.0810238 0.918776
0.0422885 9.9991E-05 0.00676863 0.950843
9.9982E-05 9.9982E-05 0.00215863 0.997641
0.00258118 0.020248 0.0336236 0.943547
9.9982E-05 9.9982E-05 0.035497 0.964303
9.9982E-05 0.0376059 9.9982E-05 0.962194
0.140513 0.0828347 0.211735 0.564918
0.251123 0.225053 0.208908 0.314916
9.998E-05 9.998E-05 9.998E-05 0.9997
0.203273 0.311634 0.183434 0.301659
0.203406 0.414534 0.208481 0.17358
0.829109 0.0366154 0.0885699 0.0457056
0.83626 0.0379976 0.0941543 0.0315882
0.826894 0.0387854 0.0822629 0.0520574
0.82955 0.00663358 0.099451 0.0643659
0.807808 0.0228951 0.0919288 0.077368
0.849609 0.039633 0.0862531 0.024505
0.848303 0.018532 0.10139 0.0317751
0.204963 0.586943 0.207993 9.9991E-05
0.1093 0.674674 0.215926 9.9991E-05
0.55078 0.31302 0.12901 0.00719067
0.534325 0.32737 0.138205 9.9991E-05
0.0716497 0.0391235 0.00463742 0.884589
0.0752969 9.9991E-05 0.0977696 0.826834
9.998E-05 9.998E-05 9.998E-05 0.9997
0.9997 9.998E-05 9.998E-05 9.998E-05
0.9997 9.998E-05 9.998E-05 9.998E-05
0.9997 9.998E-05 9.998E-05 9.998E-05
0.9997 9.998E-05 9.998E-05 9.998E-05
0.550379 0.420082 9.9991E-05 0.029439
0.701473 0.196965 0.0434889 0.058073
0.797198 0.063244 0.0722554 0.0673022
0.9997 9.998E-05 9.998E-05 9.998E-05
0.9997 9.998E-05 9.998E-05 9.998E-05
0.9997 9.998E-05 9.998E-05 9.998E-05
0.9997 9.998E-05 9.998E-05 9.998E-05
0.195634 0.394498 0.144617 0.26525
9.9982E-05 9.9982E-05 0.00111895 0.998681
0.196691 0.569336 0.233873 9.9991E-05
0.0284726 0.215273 0.06337 0.692884
0.0999871 0.712924 0.162264 0.0248244
0.957151 0.0353626 9.9991E-05 0.00738664
0.787771 0.0445083 0.10529 0.0624304
0.888299 0.02747 0.0388575 0.0453732
0.177575 0.31001 0.229435 0.28298
0.294511 0.302523 0.255434 0.147533
0.0307929 0.351217 0.0429773 0.575013
0.0684082 0.797228 0.134264 9.9991E-05
0.657185 0.00148902 0.189995 0.15133
0.680769 0.0129707 0.167297 0.138963
0.655283 0.0110016 0.180569 0.153146
0.688619 0.0297658 0.1826 0.0990158
0.680271 9.9991E-05 0.17265 0.14698
0.659566 9.9991E-05 0.201225 0.139109
0.158923 0.592048 0.248929 9.9991E-05
0.744789 0.00865395 0.139549 0.107007
0.956743 0.0048555 9.9991E-05 0.0383013
0.9997 9.998E-05 9.998E-05 9.998E-05
0.9997 9.998E-05 9.998E-05 9.998E-05
0.993723 9.9982E-05 9.9982E-05 0.00607654
0.690626 9.9991E-05 0.176915 0.132359
0.652891 9.9991E-05 0.178014 0.168995
0.776365 0.0210401 0.0893808 0.113214
0.745624 0.0431007 0.136299 0.0749764
0.740648 0.00823409 0.142634 0.108484
0.773133 0.0349122 0.0741701 0.117785
0.507985 0.0602162 0.0277565 0.404042
9.9991E-05 0.125497 0.0326093 0.841794
0.0350028 0.145774 9.9991E-05 0.819123
9.9991E-05 0.0603457 0.0297598 0.909795
9.9982E-05 9.9982E-05 0.0319819 0.967818
0.654352 0.0588504 0.170968 0.11583
0.643564 0.00834023 0.190524 0.157572
0.738521 0.0258708 0.120973 0.114635
0.735749 0.0341409 0.129521 0.100589
0.647846 0.0265441 0.194377 0.131232
0.652074 0.0179017 0.196566 0.133458
0.725153 9.9991E-05 0.171707 0.103039
0.763619 0.0277788 0.121583 0.0870197
0.0480889 0.810892 0.0927974 0.0482221
0.0508859 0.843698 0.105316 9.9991E-05
0.0432596 0.817001 0.13964 9.9991E-05
0.0839542 0.800424 0.11276 0.0028626
0.756798 0.0674265 0.0663742 0.109401
0.858651 0.0550413 0.0174497 0.0688581
0.885871 0.0649894 0.0244048 0.0247351
0.894094 0.0649879 0.0191199 0.0217983
0.49575 0.111801 0.222408 0.170041
0.687249 0.198195 0.114456 9.9991E-05
0.657338 0.0612541 0.154642 0.126766
0.786087 0.0942433 0.0586221 0.0610478
0.765228 0.0696539 0.0952366 0.0698812
0.146007 0.27467 0.121275 0.458049
0.266689 0.528217 0.204366 0.000727521
9.9982E-05 0.0931904 9.9982E-05 0.90661
9.9982E-05 0.782494 9.9982E-05 0.217306
9.9991E-05 0.609988 0.00929153 0.380621
9.9982E-05 0.425993 9.9982E-05 0.573807
0.0952602 0.425159 0.11992 0.359661
9.9982E-05 0.0569547 9.9982E-05 0.942845
0.0050242 9.9982E-05 9.9982E-05 0.994776
0.0354222 0.0141607 0.0308192 0.919598
9.9991E-05 0.0322064 0.0100702 0.957623
0.476068 0.117416 0.193996 0.21252
0.293759 0.130867 0.0928365 0.482538
0.535069 0.0397581 0.0928235 0.332349
0.627299 0.106355 0.16484 0.101507
0.111409 0.261262 0.0732455 0.554083
9.9982E-05 9.9982E-05 0.0325254 0.967275
0.826747 0.0483871 0.105197 0.0196684
0.0387609 0.120473 0.0790423 0.761723
9.9982E-05 0.765693 9.9982E-05 0.234107
9.9982E-05 0.885798 9.9982E-05 0.114002
9.9982E-05 0.00269681 9.9982E-05 0.997103
0.14438 0.12286 0.543945 0.188816
0.0512662 0.395281 0.0083287 0.545124
9.9982E-05 0.818558 9.9982E-05 0.181242
0.0130657 0.226562 0.0495317 0.71084
0.125749 0.220524 0.547008 0.106719
9.9982E-05 9.9982E-05 0.995837 0.00396291
0.969401 0.000400375 9.9991E-05 0.0300989
0.0758117 0.755985 0.00654693 0.161656
0.314706 0.477421 0.207773 9.9991E-05
0.200356 0.55524 0.222199 0.0222053
0.177973 0.56198 0.184513 0.0755336
9.9982E-05 0.931363 9.9982E-05 0.0684372
0.970865 0.0289352 9.9982E-05 9.9982E-05
0.507994 0.272984 0.172796 0.0462263
0.0397529 0.854939 0.105208 9.9991E-05
9.9982E-05 0.866276 9.9982E-05 0.133524
0.0557124 0.811439 0.132749 9.9991E-05
0.31896 0.472463 0.208477 9.9991E-05
0.318846 0.469728 0.211325 9.9991E-05
0.693208 0.182751 0.0496377 0.0744033
0.866567 0.0668472 9.9991E-05 0.0664854
0.498183 0.304442 0.133976 0.0634001
0.278837 0.538085 0.182977 9.9991E-05
9.9982E-05 0.881294 9.9982E-05 0.118506
9.9982E-05 0.861946 9.9982E-05 0.137854
0.136311 0.231377 0.213781 0.418532
0.629097 0.251082 0.0881567 0.0316641
0.209829 0.591313 0.198758 9.9991E-05
0.00460749 9.9991E-05 0.0176971 0.977595
0.537058 0.277666 0.158416 0.02686
0.252856 0.286486 0.0807516 0.379906
0.632212 0.0593086 0.206374 0.102105
0.154634 0.153783 0.15372 0.537863
0.0592907 0.833686 0.08615 0.0208734
0.147635 0.397165 0.252898 0.202302
9.998E-05 9.998E-05 9.998E-05 0.9997
0.0529353 9.9982E-05 9.9982E-05 0.946865
9.9982E-05 0.881738 9.9982E-05 0.118062
9.998E-05 9.998E-05 9.998E-05 0.9997
0.145895 0.100071 0.12048 0.633554
0.0215882 0.0395314 0.0591104 0.87977
0.0286922 0.124225 0.00553213 0.841551
0.299074 0.499739 0.201087 9.9991E-05
0.981885 9.9982E-05 9.9982E-05 0.0179151
0.9997 9.998E-05 9.998E-05 9.998E-05
9.9982E-05 0.74843 9.9982E-05 0.25137
0.99021 9.9982E-05 9.9982E-05 0.00958955
0.00603454 0.0186051 0.934533 0.0408271
9.9982E-05 9.9982E-05 0.991794 0.00800646
0.197655 0.103063 0.498303 0.200979
0.0742766 0.108672 0.000756364 0.816295
9.998E-05 9.998E-05 0.9997 9.998E-05
9.998E-05 9.998E-05 0.9997 9.998E-05
9.998E-05 9.998E-05 0.9997 9.998E-05
9.998E-05 9.998E-05 0.9997 9.998E-05
9.998E-05 9.998E-05 0.9997 9.998E-05
9.9982E-05 0.912162 9.9982E-05 0.0876379
0.203443 0.587115 0.209342 9.9991E-05
0.0736674 0.793891 0.132342 9.9991E-05
0.0359614 0.858976 0.104962 9.9991E-05
9.9982E-05 0.484899 9.9982E-05 0.514901
9.9982E-05 0.893157 9.9982E-05 0.106643
0.212557 0.597049 0.190294 9.9991E-05
0.0675752 0.752542 0.179783 9.9991E-05
0.114071 0.819888 0.0659405 9.9991E-05
0.110143 0.688517 0.20124 9.9991E-05
0.0141594 0.0104474 0.971017 0.0043764
0.148613 0.632753 0.00233149 0.216302
0.0380376 0.0701411 0.0252987 0.866523
0.0378124 0.0345088 0.0426826 0.884996
0.0679717 0.107995 0.0886747 0.735359
9.9982E-05 0.808116 9.9982E-05 0.191684
9.9991E-05 0.895293 0.0289293 0.0756781
0.9997 9.998E-05 9.998E-05 9.998E-05
0.335582 0.349949 0.062498 0.251971
0.0561137 0.863674 0.0688956 0.0113166
