0.516017 0.168421 0.192563 0.122899 9.9991E-05
0.241878 0.194351 0.499576 0.0640947 9.9991E-05
0.269811 0.187544 0.44382 0.0563667 0.0424581
0.519118 0.177608 0.185924 0.11725 9.9991E-05
0.00825299 0.0137977 0.944919 0.0329298 9.9991E-05
0.197199 0.219919 0.462108 0.0584785 0.0622954
0.358221 9.9991E-05 0.0257664 0.608598 0.00731439
9.997E-05 9.997E-05 9.997E-05 0.9996 9.997E-05
9.9982E-05 0.000433231 0.00135564 0.998011 9.9982E-05
9.997E-05 9.997E-05 9.997E-05 0.9996 9.997E-05
0.920896 0.0126263 0.0105704 9.9991E-05 0.0558077
0.915952 9.9973E-05 9.9973E-05 9.9973E-05 0.083748
0.885434 9.9973E-05 9.9973E-05 9.9973E-05 0.114266
0.932826 9.9973E-05 9.9973E-05 9.9973E-05 0.0668738
0.0163224 0.0759808 9.9991E-05 0.0462845 0.861312
9.997E-05 9.997E-05 9.997E-05 0.9996 9.997E-05
0.808032 0.0468014 0.00128969 0.143777 9.9991E-05
0.0509447 9.9982E-05 9.9982E-05 0.00711554 0.94174
0.276283 0.0895241 9.9991E-05 0.0162978 0.617795
0.529778 9.9973E-05 9.9973E-05 9.9973E-05 0.469923
0.0413078 0.0268471 9.9991E-05 0.0767172 0.855028
0.774384 9.9973E-05 9.9973E-05 9.9973E-05 0.225316
0.0306589 9.9982E-05 9.9982E-05 0.000836008 0.968305
0.773674 9.9973E-05 9.9973E-05 9.9973E-05 0.226026
0.812177 9.9973E-05 9.9973E-05 9.9973E-05 0.187523
0.0109515 0.008365 9.9982E-05 9.9982E-05 0.980484
0.0588884 9.9982E-05 9.9982E-05 0.0252294 0.915682
0.24027 0.0874797 9.9982E-05 9.9982E-05 0.672051
9.9982E-05 0.0214073 9.9982E-05 0.0167654 0.961627
9.9982E-05 0.0167094 0.0104623 9.9982E-05 0.972628
0.825425 9.9973E-05 9.9973E-05 9.9973E-05 0.174275
0.892657 9.9973E-05 9.9973E-05 9.9973E-05 0.107043
0.0531248 9.9973E-05 9.9973E-05 9.9973E-05 0.946575
0.719476 9.9973E-05 9.9973E-05 9.9973E-05 0.280224
9.997E-05 9.997E-05 9.997E-05 9.997E-05 0.9996
0.820896 9.9973E-05 9.9973E-05 9.9973E-05 0.178804
0.0532052 9.9982E-05 0.00490345 9.9982E-05 0.941691
0.8223 9.9973E-05 9.9973E-05 9.9973E-05 0.1774
0.363657 0.22982 0.258831 0.147592 9.9991E-05
9.9973E-05 0.164468 0.835232 9.9973E-05 9.9973E-05
0.926673 9.9973E-05 0.073027 9.9973E-05 9.9973E-05
9.997E-05 9.997E-05 9.997E-05 9.997E-05 0.9996
0.810431 9.9973E-05 9.9973E-05 9.9973E-05 0.189269
0.333576 0.433589 0.21747 0.0152645 9.9991E-05
0.269932 0.0719462 9.9991E-05 0.0568807 0.601141
0.497339 0.00566976 9.9991E-05 0.0349952 0.461896
0.0248699 0.0243571 0.0157191 0.0368564 0.898198
0.189201 0.243914 0.492956 0.026865 0.0470642
0.0708517 0.694858 0.212196 0.0144576 0.00763624
0.705636 0.00487815 0.104661 0.184725 9.9991E-05
0.757455 0.0427972 0.0417024 0.157946 9.9991E-05
0.731953 0.0327376 0.070264 0.164946 9.9991E-05
0.712281 0.00177784 0.0751553 0.210686 9.9991E-05
0.0106352 0.000735424 0.0181549 0.963407 0.00706782
0.0135446 9.9973E-05 9.9973E-05 0.986155 9.9973E-05
0.879853 0.00552289 9.9991E-05 0.0349696 0.0795545
0.805596 9.9973E-05 9.9973E-05 9.9973E-05 0.194105
0.279901 0.0727855 0.267785 0.14096 0.238569
0.000954552 0.00982101 0.962856 0.0046882 0.0216804
0.0102438 0.427933 0.521556 9.9991E-05 0.0401678
0.831502 0.0536071 0.0318717 0.0829189 9.9991E-05
0.76295 9.9982E-05 0.0858435 0.151007 9.9982E-05
0.753824 0.0566774 0.0635063 0.125892 9.9991E-05
9.997E-05 9.997E-05 9.997E-05 0.9996 9.997E-05
0.00805677 0.0294599 0.938533 0.017102 0.00684805
0.835067 0.0298204 0.0277936 0.0974451 0.00987383
0.480412 0.106329 0.22696 0.186198 9.9991E-05
0.828469 9.99729E-05 9.99729E-05 9.99729E-05 0.171231
0.891977 9.9973E-05 9.9973E-05 9.9973E-05 0.107724
0.0406405 0.0339975 0.0516275 0.837662 0.0360726
0.0670032 0.0123186 0.012277 0.851335 0.0570658
0.0536094 0.0368867 9.9991E-05 0.89357 0.0158335
9.9982E-05 9.9982E-05 0.0169957 0.980544 0.00226079
9.9973E-05 9.9973E-05 9.9973E-05 0.9995 0.000200266
9.9973E-05 9.9973E-05 0.011447 0.988253 9.9973E-05
9.997E-05 9.997E-05 9.997E-05 0.9996 9.997E-05
9.9991E-05 0.000169614 0.00920822 0.968547 0.0219755
9.9982E-05 0.0106912 0.00358629 0.985523 9.9982E-05
9.997E-05 9.997E-05 9.997E-05 0.9996 9.997E-05
0.0209909 9.9991E-05 0.0134975 0.957235 0.00817613
0.0112173 0.000351799 0.00943371 0.958305 0.0206919
9.9973E-05 9.9973E-05 9.9973E-05 0.993381 0.00631915
0.0137035 0.00656264 9.9991E-05 0.538007 0.441627
9.9973E-05 9.9973E-05 9.9973E-05 0.566043 0.433657
9.997E-05 9.997E-05 9.997E-05 0.9996 9.997E-05
0.00628495 0.0103666 0.0110567 0.972192 9.9991E-05
0.0118489 9.9982E-05 0.016793 0.971158 9.9982E-05
9.9991E-05 0.0050891 0.0134334 0.946532 0.0348458
9.997E-05 9.997E-05 9.997E-05 0.9996 9.997E-05
9.9973E-05 9.9973E-05 9.9973E-05 0.524534 0.475166
9.9982E-05 0.0213618 9.9982E-05 0.905634 0.0728045
9.9991E-05 0.00729497 0.00615021 0.955765 0.0306897
0.00315238 0.00220822 0.00985007 0.980994 0.0037955
9.9991E-05 0.0236125 0.00416437 0.970654 0.00146913
0.0623696 0.00126053 0.0307237 0.878582 0.0270644
0.0251203 0.00557746 9.9991E-05 0.966372 0.00282979
0.146263 0.0691809 0.136423 9.9991E-05 0.648033
9.9982E-05 0.00946893 9.9982E-05 0.960513 0.0298185
9.997E-05 9.997E-05 9.997E-05 0.9996 9.997E-05
0.0410607 0.0985551 0.0424938 0.740824 0.0770664
9.997E-05 9.997E-05 9.997E-05 0.9996 9.997E-05
9.9973E-05 9.9973E-05 9.9973E-05 0.984945 0.0147546
9.9973E-05 0.0153104 9.9973E-05 0.98439 9.9973E-05
9.9973E-05 9.9973E-05 9.9973E-05 0.981287 0.0184132
9.9982E-05 0.0441471 9.9982E-05 0.0244207 0.931232
9.997E-05 9.997E-05 9.997E-05 0.9996 9.997E-05
9.9973E-05 0.0251901 9.9973E-05 0.97451 9.9973E-05
9.997E-05 9.997E-05 9.997E-05 0.9996 9.997E-05
0.314827 9.9973E-05 9.9973E-05 9.9973E-05 0.684873
9.9991E-05 0.0192251 0.0174956 0.944252 0.0189271
0.0187661 0.00525645 9.9982E-05 0.975777 9.9982E-05
9.9973E-05 9.9973E-05 9.9973E-05 0.977835 0.0218655
9.997E-05 9.997E-05 9.997E-05 0.9996 9.997E-05
0.263423 9.9982E-05 9.9982E-05 0.0351758 0.701202
9.997E-05 9.997E-05 9.997E-05 0.9996 9.997E-05
0.00262166 0.0330027 0.0159542 0.942517 0.0059042
9.9973E-05 9.9973E-05 9.9973E-05 0.528024 0.471676
9.9973E-05 9.9973E-05 9.9973E-05 0.985868 0.0138321
0.672628 9.9973E-05 9.9973E-05 9.9973E-05 0.327072
0.614958 9.9973E-05 9.9973E-05 9.9973E-05 0.384742
0.796019 9.9982E-05 0.00990121 9.9982E-05 0.19388
0.0316486 9.9991E-05 0.019761 0.042438 0.906052
0.732015 0.0394051 0.067998 0.160481 9.9991E-05
0.795701 0.00617804 9.9991E-05 0.0060764 0.191945
0.643081 0.04044 0.0382825 0.019289 0.258907
0.69542 9.9973E-05 9.9973E-05 9.9973E-05 0.30428
0.587074 0.0161524 9.9982E-05 9.9982E-05 0.396573
0.686733 0.00114772 9.9982E-05 9.9982E-05 0.311919
0.557289 0.0671699 0.0138236 9.9991E-05 0.361617
0.543257 0.02302 9.9982E-05 9.9982E-05 0.433523
0.810645 9.9973E-05 9.9973E-05 9.9973E-05 0.189055
0.875029 0.0214278 9.9982E-05 9.9982E-05 0.103344
0.876879 9.9973E-05 9.9973E-05 9.9973E-05 0.122821
0.0984015 0.0790797 9.9991E-05 0.0511897 0.771229
0.0284291 0.536445 0.405698 0.0293275 9.9991E-05
0.026347 0.524002 0.404385 0.0433944 0.00187136
0.0857765 0.161014 0.753009 9.9982E-05 9.9982E-05
0.361233 0.0634376 0.0509099 0.136769 0.38765
0.0253922 0.562699 0.376029 0.0357794 9.9991E-05
0.0467528 0.505274 0.389138 0.0368425 0.0219936
0.606463 0.019371 0.0605457 0.112215 0.201405
9.9991E-05 0.394878 0.556528 0.028502 0.019992
0.0385939 0.429373 0.48549 0.00882497 0.0377182
0.050644 0.450521 0.483004 0.0157305 9.9991E-05
0.0441836 0.598946 0.247114 0.0449451 0.0648111
0.0411299 0.600423 0.271772 0.042758 0.0439178
0.0242302 0.451543 0.463749 9.9991E-05 0.0603781
0.724773 0.0663229 0.0734987 0.135306 9.9991E-05
9.9982E-05 0.167661 0.790022 9.9982E-05 0.0421168
0.0314237 9.9991E-05 0.0152901 0.0204775 0.932709
9.9991E-05 0.00264288 0.00968373 0.0258608 0.961713
9.9991E-05 0.0372767 0.898174 0.032441 0.0320081
0.274964 0.161296 0.171697 0.168098 0.223945
0.750315 0.0712538 0.0634289 0.0980216 0.0169809
0.865585 0.0588956 0.0497868 9.9991E-05 0.0256321
0.10443 0.032439 0.0177861 0.00315547 0.842189
0.659398 0.157104 0.122731 0.00623044 0.0545365
0.729067 0.0947149 0.0646878 0.0867254 0.0248053
0.0322896 0.607646 0.255583 0.0239994 0.0804817
0.756589 0.0338514 0.0540219 0.155437 9.9991E-05
0.451722 0.128252 0.128973 0.18036 0.110694
0.0150164 0.0171066 9.9991E-05 0.0240096 0.943767
0.0257419 0.139113 0.781349 0.0333709 0.0204251
0.514029 9.9982E-05 0.43489 9.9982E-05 0.0508804
0.0337344 0.0106187 0.899886 0.0366359 0.0191248
0.668388 0.103357 0.106882 0.0564816 0.0648917
9.9973E-05 9.9973E-05 0.992166 9.9973E-05 0.00753361
0.828443 9.9982E-05 0.0897637 0.0815934 9.9982E-05
0.0625798 9.9991E-05 0.832193 0.0151011 0.0900263
0.0903276 9.9991E-05 0.85031 0.0205543 0.0387084
0.0169692 9.9991E-05 0.0592558 0.0293472 0.894328
0.20616 0.196144 0.176035 0.000696903 0.420965
0.431703 0.0512831 0.0553489 0.0303475 0.431317
0.07168 0.858153 0.0311162 0.020927 0.0181236
0.0575416 0.942159 9.9973E-05 9.9973E-05 9.9973E-05
0.0402741 0.908177 9.9991E-05 0.0132697 0.0381789
0.0493347 0.87757 9.9991E-05 0.0375938 0.0354011
9.9973E-05 0.0311085 9.9973E-05 9.9973E-05 0.968592
9.9982E-05 9.9982E-05 0.0466185 0.0303636 0.922818
0.0937434 0.0425382 9.9991E-05 0.0439555 0.819663
0.0457575 0.545471 0.394507 0.0141652 9.9991E-05
0.216187 0.123882 0.244627 0.133712 0.281592
0.198725 0.11997 0.0889477 0.207928 0.38443
0.0947771 0.0114553 0.0409289 0.0434921 0.809347
0.121956 0.0483255 0.0374765 0.118674 0.673569
0.0196132 0.12506 0.0367355 0.0510662 0.767526
0.128876 0.0711394 0.0908116 0.198297 0.510876
0.604307 0.0690977 0.15115 0.175345 9.9991E-05
0.856924 9.9973E-05 9.9973E-05 9.9973E-05 0.142777
0.627649 0.000822376 9.9991E-05 0.0317011 0.339728
9.9973E-05 9.9973E-05 0.999483 0.000217381 9.9973E-05
0.0405196 9.9982E-05 0.941634 9.9982E-05 0.017646
0.0338216 9.9982E-05 0.935755 9.9982E-05 0.0302238
0.136017 0.35499 0.484769 0.0241239 9.9991E-05
0.272034 0.132949 0.422713 0.146779 0.0255252
0.288623 0.12805 0.430669 0.152558 9.9991E-05
0.00315036 0.0332173 0.00697118 0.0132219 0.943439
0.0323547 0.0505837 0.0267897 0.0501851 0.840087
9.9973E-05 9.9973E-05 9.9973E-05 0.00690803 0.992792
0.817821 9.9982E-05 0.0765147 0.105465 9.9982E-05
9.9991E-05 0.0118207 0.963058 0.00674256 0.0182784
9.9973E-05 9.9973E-05 0.985723 0.0139766 9.9973E-05
9.9973E-05 0.0305752 0.969125 9.9973E-05 9.9973E-05
0.0245912 0.0948296 0.872696 9.9991E-05 0.00778366
0.0268929 0.0479156 0.909877 0.00764319 0.00767147
0.927762 9.9973E-05 0.0719377 9.9973E-05 9.9973E-05
0.0674603 0.369465 0.379434 0.10257 0.0810697
0.866264 0.0107203 0.042404 0.0805112 9.9991E-05
0.944815 9.9973E-05 0.0548847 9.9973E-05 9.9973E-05
0.111405 0.0209735 0.0758821 0.00162334 0.790116
0.9996 9.997E-05 9.997E-05 9.997E-05 9.997E-05
0.9996 9.997E-05 9.997E-05 9.997E-05 9.997E-05
0.9996 9.997E-05 9.997E-05 9.997E-05 9.997E-05
0.00486909 9.9991E-05 0.940956 0.0149245 0.0391507
9.997E-05 9.997E-05 0.9996 9.997E-05 9.997E-05
0.214602 0.223766 0.461556 0.051486 0.0485909
0.00803926 9.9991E-05 0.971858 0.0173362 0.00266621
9.997E-05 9.997E-05 0.9996 9.997E-05 9.997E-05
0.553885 0.0445563 0.382025 9.9991E-05 0.0194344
9.9982E-05 0.0771882 0.88358 9.9982E-05 0.0390321
9.9982E-05 0.0807324 0.865376 9.9982E-05 0.0536921
0.259869 0.207697 0.308136 0.147768 0.0765298
0.81933 0.0348639 0.0198928 0.125813 9.9991E-05
0.127115 0.0991407 0.773544 9.9982E-05 9.9982E-05
0.00163773 0.222382 0.0125239 0.423804 0.339652
0.157492 0.0948067 0.747502 9.9982E-05 9.9982E-05
0.0127302 9.9991E-05 0.974659 0.00413028 0.00838045
0.923795 0.00241481 0.00981052 9.9991E-05 0.0638796
0.699817 9.9982E-05 0.259033 9.9982E-05 0.04095
0.835072 9.9982E-05 0.034831 0.129897 9.9982E-05
0.608259 0.0103511 0.173244 0.208046 9.9991E-05
0.81212 9.9973E-05 9.9973E-05 9.9973E-05 0.18758
0.764911 0.0187934 0.0483529 0.167842 9.9991E-05
0.837671 9.9982E-05 0.0772237 0.0849058 9.9982E-05
0.826891 9.9991E-05 0.0953401 0.0654574 0.0122111
0.739172 9.9982E-05 0.0729239 0.187704 9.9982E-05
0.73471 0.0672834 0.109814 0.0880931 9.9991E-05
0.830585 9.9982E-05 0.0514948 0.117721 9.9982E-05
0.240872 0.190161 0.320425 0.153991 0.0945501
0.0178503 9.9982E-05 9.9982E-05 0.0107663 0.971183
0.0844951 0.0433828 0.0655864 9.9991E-05 0.806436
9.997E-05 9.997E-05 9.997E-05 0.9996 9.997E-05
0.167093 0.0597149 0.0830125 9.9991E-05 0.69008
0.0671435 9.9982E-05 9.9982E-05 0.0255903 0.907066
0.56731 9.9991E-05 0.0398384 0.0279647 0.364787
0.0567935 0.00192893 9.9991E-05 0.0303575 0.91082
0.586953 0.0328511 9.9991E-05 0.0327201 0.347376
9.9982E-05 0.00337061 9.9982E-05 0.00689215 0.989537
0.445204 0.064407 0.102492 0.248685 0.139212
0.678019 0.137336 0.0318717 0.0890605 0.063713
0.575328 0.0348277 0.055136 0.105078 0.229631
0.0478528 9.9991E-05 0.0118802 0.0185433 0.921624
9.9982E-05 0.0302778 0.955336 0.0141862 9.9982E-05
0.810925 9.9973E-05 9.9973E-05 9.9973E-05 0.188775
0.391706 0.124465 0.0842507 0.231211 0.168367
0.854428 9.9973E-05 9.9973E-05 9.9973E-05 0.145272
0.0109855 0.042532 0.946283 9.9982E-05 9.9982E-05
0.819066 0.0272815 0.0185803 0.134972 9.9991E-05
9.9973E-05 0.0137221 9.9973E-05 0.985978 9.9973E-05
0.0520138 0.0931856 0.0478148 0.72203 0.084956
9.9973E-05 9.9973E-05 9.9973E-05 0.0181275 0.981573
0.63874 9.9982E-05 9.9982E-05 0.0279702 0.33309
0.82158 0.0213107 0.0506236 0.106386 9.9991E-05
0.852438 9.9982E-05 0.0489945 0.0983679 9.9982E-05
0.746633 0.115658 0.0745846 9.9991E-05 0.0630243
0.645694 9.99809E-05 9.99809E-05 9.99809E-05 0.354006
0.0222344 9.9982E-05 0.951121 9.9982E-05 0.0264446
0.283034 0.140296 0.428728 0.131436 0.0165051
0.0367988 0.346649 0.614028 0.00242406 9.9991E-05
0.0422857 0.552448 0.18242 0.120969 0.101878
0.0856417 0.590816 0.159146 0.0967341 0.0676626
0.0344297 0.445766 0.426109 0.0496437 0.0440517
0.264803 0.114692 0.454324 0.129368 0.0368134
0.0825942 0.535848 0.242311 0.0893832 0.0498639
0.0285627 0.506712 0.394091 0.00452058 0.066114
0.423568 0.145704 0.190788 0.17533 0.0646096
0.0563683 0.404861 0.476322 9.9991E-05 0.0623489
0.359317 0.183508 0.172913 0.17472 0.109543
0.758361 9.9982E-05 0.0648995 0.176539 9.9982E-05
0.446515 0.212373 0.173229 0.167783 9.9991E-05
0.193269 0.306329 0.411101 0.0860749 0.00322668
0.224701 0.295747 0.34304 0.0726001 0.0639128
0.250009 0.195988 0.393404 0.152917 0.00768178
0.0755353 0.419717 0.447111 0.0575367 9.9991E-05
0.732778 9.9973E-05 9.9973E-05 9.9973E-05 0.266922
0.0364258 9.9973E-05 0.963274 9.9973E-05 9.9973E-05
0.0957703 0.565207 0.191001 0.0824483 0.0655742
0.0326772 0.358354 0.491739 0.0765469 0.0406829
0.0248285 0.561911 0.271335 0.0786906 0.0632346
0.0690518 0.552624 0.307344 0.0541252 0.0168544
0.123757 0.0532911 0.0510862 9.9991E-05 0.771766
0.474282 0.0507824 0.00293415 0.0424204 0.429581
9.9982E-05 0.115061 0.868389 0.0163504 9.9982E-05
0.813202 9.99729E-05 9.99729E-05 9.99729E-05 0.186498
0.160634 0.0155292 0.0914281 9.9991E-05 0.732309
0.622484 0.0287185 0.127233 0.221464 9.9991E-05
9.997E-05 9.997E-05 0.9996 9.997E-05 9.997E-05
9.997E-05 9.997E-05 0.9996 9.997E-05 9.997E-05
0.0249608 9.9982E-05 0.951398 0.0234417 9.9982E-05
9.997E-05 9.997E-05 0.9996 9.997E-05 9.997E-05
0.809286 9.9982E-05 0.0984084 0.0921056 9.9982E-05
0.0135022 9.9991E-05 0.874819 0.0429763 0.0686021
0.101774 0.0326108 0.0800795 0.0237667 0.761769
9.9973E-05 0.0204025 9.9973E-05 9.9973E-05 0.979298
0.0124687 0.0225679 9.9991E-05 0.0314277 0.933436
9.9982E-05 9.9982E-05 0.0192529 0.0325277 0.948019
0.0128059 0.0284878 9.9991E-05 0.0236203 0.934986
0.075427 0.605795 0.101673 0.124155 0.0929507
0.104219 0.616917 0.0834712 0.106446 0.0889467
0.0547512 0.90368 9.9982E-05 9.9982E-05 0.0413684
9.9982E-05 0.90383 0.057785 9.9982E-05 0.0381849
9.9973E-05 0.980718 9.9973E-05 9.9973E-05 0.0189824
0.447865 0.341383 0.0481033 0.162549 9.9991E-05
0.0157314 0.941112 9.9991E-05 0.022906 0.0201506
0.361067 0.134813 0.22935 0.0340876 0.240682
9.997E-05 0.9996 9.997E-05 9.997E-05 9.997E-05
9.997E-05 0.9996 9.997E-05 9.997E-05 9.997E-05
9.9982E-05 0.983893 0.00200917 0.0138976 9.9982E-05
0.00456105 0.698996 0.245494 9.9991E-05 0.050849
9.9973E-05 0.99603 9.9973E-05 0.00367028 9.9973E-05
0.00292983 0.938033 0.00922086 0.00417383 0.0456422
0.745378 9.9973E-05 9.9973E-05 9.9973E-05 0.254322
0.587551 0.0547196 9.9991E-05 0.0287517 0.328877
0.179627 0.0655814 9.9991E-05 0.0199495 0.734742
0.0627695 9.9982E-05 9.9982E-05 0.0169751 0.920055
0.693389 0.0822484 0.0281344 0.147376 0.0488526
0.0729197 0.0328029 0.0324743 0.0626641 0.799139
0.85499 9.9973E-05 9.9973E-05 9.9973E-05 0.14471
0.783335 9.9973E-05 9.9973E-05 9.9973E-05 0.216365
0.714622 9.9982E-05 0.088208 0.19697 9.9982E-05
0.0582878 0.0678737 0.00564807 0.0824301 0.78576
0.251554 0.062164 0.0265162 0.123036 0.536729
0.53484 0.0708663 0.0901063 0.26151 0.0426768
0.687334 0.0442562 0.0746501 0.193659 9.9991E-05
0.649153 0.0815128 0.0597891 0.144439 0.0651058
0.577382 0.0408042 0.065704 9.9991E-05 0.31601
0.707607 0.0572258 0.0696688 0.165398 9.9991E-05
0.857805 9.9973E-05 9.9973E-05 9.9973E-05 0.141895
0.621941 0.00145804 0.15973 0.21677 9.9991E-05
0.601143 0.00744453 0.150028 0.241284 9.9991E-05
0.230648 0.262537 0.383148 0.123567 9.9991E-05
0.730456 0.00264438 0.0831549 0.183645 9.9991E-05
0.719189 9.9982E-05 0.0783023 0.202309 9.9982E-05
0.733205 9.9982E-05 0.0872623 0.179332 9.9982E-05
0.379798 0.111123 0.114755 0.204945 0.189379
0.708255 9.9973E-05 9.9973E-05 9.9973E-05 0.291445
0.832899 9.9982E-05 0.0101683 9.9982E-05 0.156732
0.86536 0.00511503 9.9982E-05 9.9982E-05 0.129325
0.778438 9.99729E-05 9.99729E-05 9.99729E-05 0.221262
0.0498369 9.9991E-05 0.936413 0.00883812 0.00481211
0.253975 0.224492 0.451038 0.0590228 0.0114726
0.133292 0.0114089 9.9991E-05 0.0230518 0.832147
0.580552 0.00935221 9.9991E-05 0.0251774 0.384818
0.49369 0.148596 0.196647 0.160967 9.9991E-05
0.49463 0.146834 0.196218 0.162218 9.9991E-05
9.9982E-05 0.0479298 0.0398157 9.9982E-05 0.912055
0.123787 0.0338002 0.0621091 0.0119945 0.768309
0.353029 0.375128 0.224537 0.0104717 0.0368335
0.739987 0.0866518 0.100364 0.0481317 0.0248657
0.147602 9.9982E-05 9.9982E-05 0.0189722 0.833226
0.278081 0.0917797 0.121257 0.217384 0.291498
0.457929 0.183002 0.169956 0.189012 9.9991E-05
0.347512 0.144372 0.0946933 0.245704 0.167719
0.294764 0.0936363 0.10688 0.236 0.26872
9.9982E-05 0.00904908 9.9982E-05 0.0461511 0.9446
9.9982E-05 0.01962 0.0377698 9.9982E-05 0.94241
9.9991E-05 0.00641171 0.00534795 0.0093178 0.978823
0.036065 0.0395266 0.00174614 0.0249053 0.897757
9.9982E-05 0.00621959 9.9982E-05 0.0244392 0.969141
0.0354518 9.9982E-05 0.00292143 9.9982E-05 0.961427
0.0874642 0.109801 0.0588511 0.207357 0.536527
0.255266 0.128538 0.143274 0.209945 0.262976
9.9973E-05 9.9973E-05 0.00256369 9.9973E-05 0.997136
0.307423 0.145937 0.0977246 0.207569 0.241346
0.391474 0.118601 0.126018 0.218372 0.145534
0.0132498 0.549951 0.418979 0.0177202 9.9991E-05
0.0254991 0.57342 0.392065 0.00891633 9.9991E-05
0.0197051 0.570341 0.395768 9.9991E-05 0.0140855
0.00100411 0.559142 0.408322 0.0314322 9.9991E-05
9.9991E-05 0.577227 0.39053 0.0166088 0.0155338
0.00475777 0.572452 0.393923 0.0147161 0.0141513
0.0287273 0.556169 0.380374 0.0346297 9.9991E-05
0.588574 0.0650162 0.141798 0.204512 9.9991E-05
0.668314 9.9982E-05 0.105198 0.226288 9.9982E-05
0.319834 0.213585 0.363424 0.103057 9.9991E-05
0.300373 0.210562 0.369837 0.119128 9.9991E-05
0.0409983 0.0750296 0.00985695 9.9991E-05 0.874015
0.0190129 0.0414564 0.0306971 0.0965592 0.812274
9.997E-05 9.997E-05 9.997E-05 9.997E-05 0.9996
0.00620192 0.0101271 0.966407 0.0171638 9.9991E-05
9.9973E-05 0.136886 0.862814 9.9973E-05 9.9973E-05
9.9973E-05 9.9973E-05 0.986003 9.9973E-05 0.0136974
9.9973E-05 0.13432 0.86538 9.9973E-05 9.9973E-05
0.383494 0.103159 0.469532 9.9991E-05 0.0437156
0.187385 0.331706 0.43428 0.00144294 0.0451858
0.0687766 0.499967 0.411205 0.0162059 0.00384601
9.9973E-05 0.180593 0.819107 9.9973E-05 9.9973E-05
9.9973E-05 0.157797 0.841903 9.9973E-05 9.9973E-05
9.997E-05 9.997E-05 0.9996 9.997E-05 9.997E-05
9.9982E-05 0.124805 0.83932 9.9982E-05 0.0356744
0.384736 0.189221 0.0583211 0.129173 0.238549
9.9982E-05 9.9982E-05 0.00611279 0.00136916 0.992318
0.572202 0.00610113 0.19015 0.225418 0.00612903
0.213418 0.0146796 0.0325129 0.0649459 0.674444
0.732136 0.0715095 0.0530136 0.132304 0.0110374
0.065887 9.9982E-05 0.920102 9.9982E-05 0.0138112
0.0437276 0.517225 0.375906 0.0461939 0.016947
0.049344 0.172968 0.719785 0.0258852 0.032018
0.321225 0.0494098 0.146421 0.223677 0.259268
0.353181 0.114027 0.198643 0.223305 0.110843
0.371017 0.0667373 9.9991E-05 0.0148753 0.54727
0.8087 0.00479875 0.0494069 0.136995 9.9991E-05
9.9991E-05 0.785381 0.101072 0.052884 0.060563
0.0171191 0.901778 0.033085 0.0103151 0.0377023
9.9973E-05 0.994088 9.9973E-05 9.9973E-05 0.00561197
0.00223532 0.967248 0.0303172 9.9982E-05 9.9982E-05
9.9973E-05 0.986276 9.9973E-05 9.9973E-05 0.0134242
9.9991E-05 0.941442 0.0157682 0.00250139 0.0401887
0.59873 0.0193728 0.161041 0.220756 9.9991E-05
0.0185579 0.325756 0.483433 0.103433 0.0688202
9.9982E-05 0.0893179 0.865557 9.9982E-05 0.0449248
9.997E-05 9.997E-05 0.9996 9.997E-05 9.997E-05
9.997E-05 9.997E-05 0.9996 9.997E-05 9.997E-05
9.9991E-05 0.120651 0.855505 0.00442751 0.0193162
9.997E-05 0.9996 9.997E-05 9.997E-05 9.997E-05
9.9982E-05 0.982775 9.9982E-05 0.00186631 0.0151584
9.9982E-05 0.703083 0.257512 9.9982E-05 0.0392047
9.9991E-05 0.745867 0.217617 0.0134438 0.022972
9.9973E-05 0.990795 0.00890523 9.9973E-05 9.9973E-05
0.0292735 0.609807 0.32129 9.9991E-05 0.0395304
0.0457061 0.376336 0.235375 9.9991E-05 0.342482
0.11882 9.9991E-05 0.014389 0.0247978 0.841893
0.14013 0.0689278 9.9982E-05 9.9982E-05 0.790742
0.0536395 9.9982E-05 9.9982E-05 0.0493474 0.896813
9.9982E-05 0.0175297 9.9982E-05 0.0302701 0.952
0.0244538 0.975246 9.9973E-05 9.9973E-05 9.9973E-05
9.997E-05 0.9996 9.997E-05 9.997E-05 9.997E-05
0.00595179 0.741999 0.199268 9.9991E-05 0.0526804
0.0117177 0.869394 0.104639 9.9991E-05 0.0141489
9.9973E-05 0.975753 9.9973E-05 0.0239467 9.9973E-05
0.0113088 0.957334 9.9982E-05 0.0311571 9.9982E-05
9.997E-05 0.9996 9.997E-05 9.997E-05 9.997E-05
0.00681607 0.71893 0.237337 0.00689257 0.0300243
0.777009 0.0295548 0.0365155 0.104276 0.0526447
0.847676 9.9982E-05 0.0255826 0.126541 9.9982E-05
0.833977 0.0444175 9.9982E-05 0.121406 9.9982E-05
0.755765 0.0708942 0.0285882 0.131994 0.0127588
0.0789387 0.479556 0.391784 0.0092183 0.0405026
0.0182702 0.471726 0.469847 9.9991E-05 0.0400575
0.0654179 0.370614 0.560756 9.9991E-05 0.00311169
0.0727974 0.341429 0.585573 9.9982E-05 9.9982E-05
0.110567 0.55888 0.0829829 0.125143 0.122427
0.197569 0.100317 0.581829 0.120185 9.9991E-05
0.0243047 0.975395 9.9973E-05 9.9973E-05 9.9973E-05
0.0438396 0.634679 0.319963 9.9991E-05 0.00141906
0.0446752 0.613461 0.303594 0.0220033 0.0162674
0.295007 0.00639003 0.12766 0.122765 0.448178
0.520901 0.0377934 0.207754 0.211698 0.0218537
0.074543 9.9982E-05 9.9982E-05 0.0120214 0.913236
0.807175 9.9973E-05 9.9973E-05 9.9973E-05 0.192525
0.605056 9.9982E-05 9.9982E-05 0.0049861 0.389757
0.400943 0.026893 0.00528951 9.9991E-05 0.566775
0.406999 0.0167396 0.0724742 0.114574 0.389213
0.0486761 9.9973E-05 9.9973E-05 9.9973E-05 0.951024
0.00334381 0.025661 0.0112174 9.9991E-05 0.959678
0.00339606 0.0384417 0.0175102 0.0207059 0.919946
0.00763538 9.9991E-05 0.00593146 0.0040895 0.982244
0.175172 0.507296 0.0978864 0.0925479 0.127098
0.123915 0.349007 0.0726947 0.0506995 0.403684
0.0490378 0.362848 0.25566 0.0396896 0.292765
0.0824819 0.570832 0.207954 0.0767603 0.0619711
0.235784 0.0777174 0.0782844 0.0780115 0.530203
9.9982E-05 9.9982E-05 0.00154225 0.0346046 0.963653
0.0241477 0.515626 0.404809 0.0232833 0.0321338
0.0999701 0.0614125 0.00879639 0.0866228 0.743198
0.742236 9.9973E-05 9.9973E-05 9.9973E-05 0.257464
0.873719 9.9973E-05 9.9973E-05 9.9973E-05 0.125981
0.00127385 9.9973E-05 9.9973E-05 9.9973E-05 0.998426
0.103373 0.157684 0.0420856 0.550553 0.146305
0.442428 9.9982E-05 0.0273952 9.9982E-05 0.529977
0.8055 9.99729E-05 9.99729E-05 9.99729E-05 0.1942
0.246251 0.0570069 9.9991E-05 0.0249312 0.67171
0.203535 0.104052 0.0518995 0.538025 0.102488
9.9973E-05 9.9973E-05 9.9973E-05 0.987953 0.0117468
9.9982E-05 0.118688 0.845403 9.9982E-05 0.0357089
0.752931 0.0262138 0.0657426 0.0111901 0.143923
0.467585 0.185658 0.171975 0.155714 0.0190674
0.601167 0.0485505 0.155369 0.194814 9.9991E-05
0.586049 0.0091725 0.162811 0.187084 0.0548842
0.921574 9.9973E-05 9.9973E-05 9.9973E-05 0.0781261
0.0402565 9.9991E-05 0.939892 0.00445521 0.0152958
0.27846 0.307023 0.287529 0.10934 0.0176485
0.831504 9.9982E-05 0.0567428 0.111554 9.9982E-05
0.865229 9.99729E-05 9.99729E-05 9.99729E-05 0.134471
0.777841 0.0139909 0.0519963 0.156072 9.9991E-05
0.449559 0.177969 0.182848 0.189525 9.9991E-05
0.45555 0.196037 0.17506 0.173253 9.9991E-05
0.178937 0.285578 0.482406 0.0118069 0.0412728
0.0840607 0.11143 0.739606 0.009907 0.0549971
0.299954 0.253414 0.304087 0.108025 0.0345198
0.535678 0.060281 0.19458 0.209361 9.9991E-05
0.856908 9.99729E-05 9.99729E-05 9.99729E-05 0.142792
0.846582 9.9973E-05 9.9973E-05 9.9973E-05 0.153118
0.211649 0.0802191 0.0726389 0.217791 0.417702
0.248123 0.229278 0.429095 0.0653164 0.0281883
0.59052 0.0353801 0.163544 0.210456 9.9991E-05
0.00504306 9.9991E-05 0.00500941 0.0201589 0.969689
0.309676 0.169409 0.38044 0.127472 0.0130032
0.289724 0.163469 0.130836 0.0649605 0.35101
0.0454351 0.3224 0.379813 0.179841 0.072512
0.117686 0.115186 0.0747796 0.158704 0.533645
0.841452 9.9991E-05 0.0618878 0.0921852 0.00437531
0.41518 0.0856898 0.0852791 0.23761 0.176241
9.997E-05 9.997E-05 9.997E-05 9.997E-05 0.9996
9.9973E-05 0.0588919 9.9973E-05 9.9973E-05 0.940808
0.853994 9.99729E-05 9.99729E-05 9.99729E-05 0.145706
9.9973E-05 9.9973E-05 9.9973E-05 0.00738883 0.992311
0.0969414 0.0948738 0.0733737 0.117562 0.617249
0.025899 0.00805859 0.0153782 0.051869 0.898795
0.115589 9.9991E-05 0.0565507 0.0155484 0.812212
0.496149 0.194122 0.148194 0.161435 9.9991E-05
9.9982E-05 0.113299 0.836241 9.9982E-05 0.0502609
9.9982E-05 0.016656 0.977895 9.9982E-05 0.00524932
0.766357 9.99731E-05 9.99731E-05 9.99731E-05 0.233343
0.0233837 0.109365 0.865721 9.9991E-05 0.00143016
9.9982E-05 0.03106 9.9982E-05 0.943047 0.0256932
0.00138788 0.00757205 9.9991E-05 0.98422 0.00671979
0.0745086 0.00514252 0.204694 0.503202 0.212453
0.0997388 0.041384 0.054939 9.9991E-05 0.803838
9.997E-05 9.997E-05 9.997E-05 0.9996 9.997E-05
9.997E-05 9.997E-05 9.997E-05 0.9996 9.997E-05
9.997E-05 9.997E-05 9.997E-05 0.9996 9.997E-05
9.997E-05 9.997E-05 9.997E-05 0.9996 9.997E-05
9.997E-05 9.997E-05 9.997E-05 0.9996 9.997E-05
0.930905 9.9973E-05 9.9973E-05 9.9973E-05 0.068795
0.59022 0.00318833 0.201183 0.203604 0.00180523
0.779345 0.0653393 0.0316489 0.123567 9.9991E-05
0.855122 9.9982E-05 0.0385967 0.106082 9.9982E-05
0.482108 9.9973E-05 9.9973E-05 9.9973E-05 0.517592
0.886802 9.9973E-05 9.9973E-05 9.9973E-05 0.112898
0.590449 9.9982E-05 0.19646 0.212892 9.9982E-05
0.747306 0.0895771 0.0178859 0.144894 0.000337409
0.853785 9.9982E-05 0.0860236 0.0599916 9.9982E-05
0.672155 0.0223961 0.0688551 0.236494 9.9991E-05
0.00955189 0.023466 0.00796091 0.956541 0.00247975
0.633398 0.0372922 0.106579 9.9991E-05 0.222631
0.0591841 0.0461317 0.0143719 0.0272333 0.853079
0.0304806 0.0211145 0.0189405 0.0416627 0.887802
0.106595 0.12083 9.9991E-05 0.0358216 0.736653
0.835569 9.99729E-05 9.99729E-05 9.99729E-05 0.164131
0.900415 9.9991E-05 0.00630951 0.0191947 0.0739807
9.9982E-05 0.125155 0.862723 9.9982E-05 0.0119221
0.355063 0.228207 0.164311 0.0208036 0.231616
0.854359 0.0109169 0.0526673 0.0709082 0.0111482
