0.317579 9.9991E-05 0.159465 0.522855
0.642939 0.0278536 0.0829486 0.246258
0.623349 0.0419494 0.0807639 0.253937
0.333701 9.9991E-05 0.158706 0.507493
0.998479 9.9982E-05 9.9982E-05 0.00132125
0.62355 0.0944084 0.0775521 0.20449
9.9982E-05 9.9982E-05 0.595939 0.403861
9.998E-05 9.998E-05 0.9997 9.998E-05
9.9982E-05 0.00492162 0.994878 9.9982E-05
9.998E-05 9.998E-05 0.9997 9.998E-05
0.0207852 0.0790814 9.9991E-05 0.900033
9.9982E-05 0.0828097 9.9982E-05 0.91699
9.9982E-05 0.101582 9.9982E-05 0.898218
9.9982E-05 0.0689984 9.9982E-05 0.930802
0.0324243 0.893871 0.0500477 0.0236572
9.998E-05 9.998E-05 0.9997 9.998E-05
0.0250124 9.9991E-05 0.157575 0.817312
9.9991E-05 0.947873 0.0105526 0.0414741
0.0239351 0.67846 0.0359561 0.261649
9.9982E-05 0.46964 9.9982E-05 0.53016
9.9991E-05 0.878609 0.0695694 0.0517218
9.9982E-05 0.249481 9.9982E-05 0.750319
9.9982E-05 0.952195 9.9982E-05 0.0476046
9.9982E-05 0.22746 9.9982E-05 0.77234
9.9982E-05 0.199616 9.9982E-05 0.800184
9.9982E-05 0.989899 9.9982E-05 0.00990116
9.9991E-05 0.926237 0.0180693 0.0555939
0.0393935 0.703026 9.9991E-05 0.257481
9.9982E-05 0.979152 0.0206476 9.9982E-05
9.998E-05 0.9997 9.998E-05 9.998E-05
9.9982E-05 0.183242 9.9982E-05 0.816558
9.9982E-05 0.105667 9.9982E-05 0.894133
9.9982E-05 0.957135 9.9982E-05 0.042665
9.9982E-05 0.306241 9.9982E-05 0.69356
9.998E-05 0.9997 9.998E-05 9.998E-05
9.9982E-05 0.16694 9.9982E-05 0.83286
9.99846E-05 0.974388 9.99846E-05 0.0254117
9.9982E-05 0.178835 9.9982E-05 0.820966
0.432377 9.9991E-05 0.181609 0.385914
0.9997 9.998E-05 9.998E-05 9.998E-05
0.0643891 9.9982E-05 9.9982E-05 0.935411
9.9982E-05 0.998781 9.9982E-05 0.00101872
9.9982E-05 0.178066 9.9982E-05 0.821734
0.574473 0.00749557 0.066214 0.351818
0.0127391 0.639778 0.0819488 0.265534
9.9991E-05 0.490905 0.0175668 0.491428
0.0231705 0.90049 0.0326156 0.0437236
0.704199 0.0832554 0.0368314 0.175714
0.733324 0.0634519 0.116186 0.0870378
0.0994556 9.9991E-05 0.19268 0.707765
0.0762539 9.9991E-05 0.151866 0.77178
0.0912226 9.9991E-05 0.166633 0.742045
0.0687699 9.9991E-05 0.209239 0.721892
9.9991E-05 0.0114168 0.978016 0.0104677
0.00852284 9.9991E-05 0.972316 0.0190608
9.9991E-05 0.092578 0.0338744 0.873448
9.9982E-05 0.191987 9.9982E-05 0.807813
0.350533 0.259692 0.131118 0.258657
0.9997 9.998E-05 9.998E-05 9.998E-05
0.861365 0.0756732 0.0274242 0.0355377
0.0726526 9.9991E-05 0.0874227 0.839825
0.0984171 9.9991E-05 0.134652 0.766831
0.130952 9.9991E-05 0.122785 0.746163
9.9982E-05 9.9982E-05 0.995754 0.00404598
0.9997 9.998E-05 9.998E-05 9.998E-05
0.0482037 0.0111663 0.0997465 0.840884
0.291392 9.9991E-05 0.204375 0.504133
9.9982E-05 0.166587 9.9982E-05 0.833213
9.9982E-05 0.100609 9.9982E-05 0.899191
0.0689511 0.055428 0.83942 0.0362008
0.0179945 0.0449019 0.867625 0.069479
0.00380374 0.0252202 0.905602 0.0653741
0.0186306 9.9991E-05 0.974836 0.00643338
9.9982E-05 0.00737359 0.992426 9.9982E-05
0.00392742 0.00884496 0.985873 0.00135416
9.998E-05 9.998E-05 0.9997 9.998E-05
9.9982E-05 0.00425782 0.995542 9.9982E-05
9.9982E-05 9.9982E-05 0.999058 0.000741917
9.998E-05 9.998E-05 0.9997 9.998E-05
0.0051534 0.0176748 0.95766 0.0195121
9.9991E-05 0.0268924 0.970523 0.00248503
9.9991E-05 0.011339 0.982271 0.00629
9.9982E-05 0.448169 0.551631 9.9982E-05
9.9982E-05 0.444189 0.555611 9.9982E-05
9.998E-05 9.998E-05 0.9997 9.998E-05
9.9982E-05 9.9982E-05 0.98999 0.00981018
0.0180461 9.9982E-05 0.981754 9.9982E-05
0.0229124 0.0369776 0.94001 9.9991E-05
9.998E-05 9.998E-05 0.9997 9.998E-05
9.9982E-05 0.451174 0.548626 9.9982E-05
0.00902485 0.0631745 0.890486 0.0373146
9.9991E-05 0.0278169 0.964723 0.00736023
9.998E-05 9.998E-05 0.9997 9.998E-05
0.0267649 0.00556172 0.967573 9.9991E-05
0.0334974 0.0449915 0.875035 0.0464757
9.9982E-05 9.9982E-05 0.980246 0.0195536
0.189887 0.643485 9.9991E-05 0.166528
0.00914587 0.0121279 0.978626 9.9991E-05
9.9982E-05 0.00649489 0.993305 9.9982E-05
0.106405 0.0771788 0.771068 0.0453484
9.998E-05 9.998E-05 0.9997 9.998E-05
9.9982E-05 0.00167123 0.998129 9.9982E-05
9.998E-05 9.998E-05 0.9997 9.998E-05
9.9982E-05 0.016108 0.983692 9.9982E-05
0.0275067 0.945413 0.0269807 9.9991E-05
9.998E-05 9.998E-05 0.9997 9.998E-05
9.998E-05 9.998E-05 0.9997 9.998E-05
9.9982E-05 0.000240012 0.99956 9.9982E-05
0.00118589 0.661419 0.014261 0.323134
0.0278574 0.0456054 0.926437 9.9991E-05
9.9982E-05 9.9982E-05 0.97027 0.0295304
9.9982E-05 0.0227099 0.97709 9.9982E-05
9.998E-05 9.998E-05 0.9997 9.998E-05
9.9991E-05 0.740085 0.0307856 0.229029
9.998E-05 9.998E-05 0.9997 9.998E-05
0.0231785 0.00471698 0.959979 0.0121254
9.9982E-05 0.483019 0.516781 9.9982E-05
9.9982E-05 0.0210452 0.978755 9.9982E-05
9.9982E-05 0.310171 9.9982E-05 0.689629
9.9982E-05 0.412676 9.9982E-05 0.587124
0.0019121 0.178434 9.9991E-05 0.819554
0.0091162 0.938821 0.0399699 0.0120928
0.0878728 9.9991E-05 0.178838 0.733189
0.00873659 0.219932 9.9991E-05 0.771232
0.0725152 0.250176 0.0147999 0.662509
9.9982E-05 0.289797 9.9982E-05 0.710003
9.9982E-05 0.381519 9.9982E-05 0.618281
9.9982E-05 0.333679 9.9982E-05 0.666121
0.0419688 0.404222 9.9991E-05 0.553709
0.043121 0.433713 9.9991E-05 0.523066
9.9982E-05 0.161879 9.9982E-05 0.837921
0.00563371 0.141351 9.9991E-05 0.852915
9.9991E-05 0.123603 0.00107106 0.875226
0.0747043 0.83045 0.0421357 0.0527098
0.831508 0.0628023 0.0799548 0.0257353
0.798363 0.0536502 0.123028 0.0249589
0.912005 9.9991E-05 0.00498511 0.0829101
0.125389 0.361575 0.134608 0.378428
0.804187 0.0467603 0.116381 0.0326718
0.74773 0.0741041 0.114704 0.063462
0.0688896 0.207721 0.133557 0.589833
0.855715 0.05329 0.0743082 0.0166864
0.810981 0.0913683 0.0591119 0.0385387
0.852446 0.0415467 0.0785417 0.0274653
0.675532 0.146727 0.111752 0.0659896
0.728664 0.105559 0.116704 0.0490739
0.816914 0.0973725 0.0312484 0.0544655
0.117895 9.9991E-05 0.151541 0.730464
0.961599 0.038201 9.9982E-05 9.9982E-05
0.0110943 0.941739 0.018621 0.0285459
0.00359874 0.971359 0.0249421 9.9991E-05
0.981133 0.0135216 0.00524571 9.9991E-05
0.274837 0.235474 0.149794 0.339895
0.102704 0.0209527 0.126566 0.749777
0.0894038 0.0360972 9.9991E-05 0.874399
0.00912135 0.864417 0.0404884 0.0859736
0.222685 0.0645722 0.0346402 0.678103
0.114514 0.0100452 0.105956 0.769485
0.704446 0.145789 0.12498 0.0247849
0.089038 9.9991E-05 0.150409 0.760453
0.246807 0.125082 0.154358 0.473753
9.9982E-05 0.973002 0.0267979 9.9982E-05
0.933782 0.0144989 0.0337201 0.017999
0.45559 0.024317 9.9991E-05 0.519993
0.960261 0.0178124 9.9991E-05 0.0218265
0.166407 0.0743423 0.0867358 0.672514
0.9997 9.998E-05 9.998E-05 9.998E-05
0.0788395 9.9991E-05 0.0472826 0.873778
0.876666 0.0771244 9.9991E-05 0.0461096
0.908617 9.9991E-05 0.0193915 0.0718913
0.0683606 0.918385 0.0131541 9.9991E-05
0.29464 0.474604 0.0207524 0.210003
0.0985983 0.39395 0.0495494 0.457902
0.647025 0.130878 0.157468 0.0646285
0.675721 0.113988 0.150484 0.0598067
0.634227 0.121549 0.167391 0.0768325
0.60569 0.169786 0.151887 0.0726376
9.998E-05 0.9997 9.998E-05 9.998E-05
0.024118 0.953759 0.0220232 9.9991E-05
0.00113005 0.854026 0.0460513 0.0987923
0.784419 0.023012 0.1158 0.0767693
0.323137 0.274954 0.170502 0.231406
0.136386 0.408067 0.239731 0.215816
0.0351392 0.824538 0.0668648 0.0734576
0.0674016 0.690838 0.131132 0.110628
0.0831563 0.819225 0.081421 0.0161975
0.13523 0.549601 0.194481 0.120689
0.24059 9.9991E-05 0.170235 0.589075
9.9982E-05 0.119593 9.9982E-05 0.880207
9.9991E-05 0.31641 0.0343153 0.649175
0.9997 9.998E-05 9.998E-05 9.998E-05
0.964711 9.9982E-05 9.9982E-05 0.0350891
0.957131 9.9982E-05 9.9982E-05 0.0426688
0.763292 9.9991E-05 0.0925101 0.144098
0.548539 0.0375425 0.136216 0.277703
0.556449 0.0330094 0.151592 0.258949
0.0236431 0.950233 0.0260239 9.9991E-05
0.0689372 0.869987 0.0503678 0.010708
9.9982E-05 0.994605 0.0051946 9.9982E-05
0.0649083 9.9991E-05 0.1122 0.822792
0.9997 9.998E-05 9.998E-05 9.998E-05
0.9997 9.998E-05 9.998E-05 9.998E-05
0.9997 9.998E-05 9.998E-05 9.998E-05
0.992091 9.9982E-05 9.9982E-05 0.00770877
0.987953 9.9982E-05 9.9982E-05 0.0118469
0.0846533 0.00254289 9.9991E-05 0.912704
0.672461 0.0999934 0.147886 0.0796595
0.0346043 9.9991E-05 0.0972172 0.868078
0.0816774 9.9982E-05 9.9982E-05 0.918123
0.0857333 0.811466 9.9991E-05 0.1027
9.9982E-05 0.00645754 9.9982E-05 0.993342
9.998E-05 9.998E-05 9.998E-05 0.9997
9.998E-05 9.998E-05 9.998E-05 0.9997
0.979915 0.0123716 0.00761357 9.9991E-05
0.9997 9.998E-05 9.998E-05 9.998E-05
0.626069 0.0595471 0.0865921 0.227792
0.99646 9.9991E-05 0.00172503 0.00171518
0.9997 9.998E-05 9.998E-05 9.998E-05
0.433317 9.9982E-05 9.9982E-05 0.566483
0.96278 0.0370196 9.99835E-05 9.99835E-05
0.971067 0.021295 9.9991E-05 0.0075381
0.482001 0.070555 0.150318 0.297126
0.0427984 9.9991E-05 0.123922 0.833179
0.889567 9.9982E-05 9.9982E-05 0.110233
0.152226 0.334185 0.458134 0.0554549
0.834005 9.9982E-05 9.9982E-05 0.165795
0.9997 9.998E-05 9.998E-05 9.998E-05
0.0115116 0.0673738 9.9991E-05 0.921015
0.271138 0.0421772 9.9991E-05 0.686585
0.0308097 9.9991E-05 0.131201 0.837889
0.173943 9.9991E-05 0.214062 0.611895
9.9982E-05 0.208619 9.9982E-05 0.791181
0.0605446 9.9991E-05 0.174586 0.764769
0.100372 0.00171487 0.0670949 0.830818
0.0997963 9.9991E-05 0.0640966 0.836007
0.0805984 9.9991E-05 0.185197 0.734104
0.162965 9.9991E-05 0.0925173 0.744418
0.0275279 9.9991E-05 0.114544 0.857828
0.473187 0.118773 0.16462 0.24342
9.9982E-05 0.993451 9.9982E-05 0.00634931
0.097681 0.791042 0.0235949 0.0876823
9.998E-05 9.998E-05 0.9997 9.998E-05
0.117258 0.715179 9.9991E-05 0.167463
9.9991E-05 0.918066 0.0222815 0.0595527
0.0262432 0.369523 0.0349461 0.569288
9.9991E-05 0.941021 0.0099492 0.0489297
0.0205473 0.34217 0.0272883 0.609994
0.0174975 0.979997 0.00240533 9.9991E-05
0.144324 0.155559 0.270583 0.429535
0.112497 0.078083 0.117846 0.691574
0.0759193 0.23925 0.115722 0.569109
0.0186158 0.913004 0.0106097 0.0577707
0.9997 9.998E-05 9.998E-05 9.998E-05
9.9982E-05 0.186888 9.9982E-05 0.812912
0.169906 0.177846 0.240082 0.412166
9.9982E-05 0.170247 9.9982E-05 0.829553
0.9997 9.998E-05 9.998E-05 9.998E-05
0.0306459 9.9991E-05 0.129864 0.83939
9.998E-05 9.998E-05 0.9997 9.998E-05
0.0991181 0.0787268 0.761444 0.060711
9.9982E-05 0.990291 0.00950888 9.9982E-05
9.9991E-05 0.352656 0.0141282 0.633116
0.0449593 9.9991E-05 0.120459 0.834482
0.0286929 9.9991E-05 0.107778 0.863429
0.176887 0.0759641 9.9991E-05 0.747049
9.9982E-05 0.392376 9.9982E-05 0.607424
0.996483 9.9982E-05 9.9982E-05 0.00331672
0.544169 0.0164766 0.149652 0.289703
0.932497 0.00580151 0.0152527 0.0464492
0.606875 0.154677 0.182766 0.0556825
0.60766 0.106201 0.177544 0.108595
0.774025 0.0973444 0.0846784 0.0439521
0.548177 0.0131617 0.160715 0.277946
0.62941 0.0812285 0.159908 0.129453
0.75367 0.124168 0.0742295 0.047932
0.297698 0.0796378 0.213132 0.409532
0.817314 0.0913866 0.0429002 0.0483991
0.287487 0.13832 0.197002 0.377191
0.0579616 9.9991E-05 0.17595 0.765989
0.34109 0.00556034 0.191436 0.461914
0.665594 0.0394773 0.119296 0.175632
0.607842 0.0671196 0.113149 0.211889
0.534731 0.0373667 0.17229 0.255613
0.773223 0.0472943 0.0948855 0.0845968
9.9982E-05 0.282998 9.9982E-05 0.716802
0.983706 9.9982E-05 9.9982E-05 0.0160945
0.586349 0.144836 0.170555 0.0982599
0.793085 0.0785115 0.093505 0.034898
0.672424 0.10972 0.163009 0.0548477
0.685593 0.0824864 0.153079 0.0788414
0.0959878 0.770872 9.9991E-05 0.13304
0.0303883 0.462672 0.0493665 0.457574
0.9997 9.998E-05 9.998E-05 9.998E-05
9.9982E-05 0.171564 9.9982E-05 0.828236
0.0891231 0.743568 9.9991E-05 0.167209
0.149369 9.9991E-05 0.241082 0.609448
0.9997 9.998E-05 9.998E-05 9.998E-05
0.9997 9.998E-05 9.998E-05 9.998E-05
0.991609 9.9982E-05 0.00819055 9.9982E-05
0.9997 9.998E-05 9.998E-05 9.998E-05
0.0780866 9.9991E-05 0.105063 0.81675
0.940099 0.0410669 0.018734 9.9991E-05
0.113022 0.773195 9.9991E-05 0.113683
9.998E-05 0.9997 9.998E-05 9.998E-05
0.00870429 0.959144 0.0308596 0.00129212
9.9982E-05 0.987742 0.0120585 9.9982E-05
9.9991E-05 0.938834 0.0200928 0.0409737
0.534575 0.174924 0.218429 0.0720715
0.518439 0.178774 0.207497 0.0952893
0.593138 0.162495 0.1695 0.0748664
0.710432 0.154628 0.134839 9.9991E-05
0.684085 0.12938 0.161516 0.025019
0.277242 0.04597 0.193466 0.483323
0.615906 0.148819 0.182631 0.0526439
0.332104 0.280969 0.0248269 0.3621
0.695185 0.13113 0.158975 0.0147096
0.708843 0.131733 0.155639 0.00378468
0.674945 0.125306 0.199649 9.9991E-05
0.767964 0.107035 0.102199 0.0228022
0.693954 0.0991674 0.190722 0.0161571
0.675519 0.133263 0.191118 9.9991E-05
9.9982E-05 0.266632 9.9982E-05 0.733168
0.0251902 0.376058 0.0479252 0.550827
0.0388025 0.770706 0.0326795 0.157812
9.9991E-05 0.938658 0.0187557 0.0424863
0.118409 0.0517054 0.125044 0.704841
0.0534611 0.814577 0.0793018 0.0526599
9.9982E-05 0.155968 9.9982E-05 0.843832
9.9982E-05 0.204849 9.9982E-05 0.794951
0.0602277 9.9991E-05 0.179195 0.760477
0.0465328 0.79961 0.0752647 0.0785922
0.0644259 0.566812 0.150662 0.2181
0.145942 0.0272548 0.256068 0.570735
0.10763 9.9991E-05 0.189932 0.702337
0.123446 0.044316 0.155062 0.677177
0.0975881 0.317522 9.9991E-05 0.58479
0.0832017 9.9991E-05 0.199994 0.716704
9.9982E-05 0.157285 9.9982E-05 0.842515
0.177385 9.9991E-05 0.196394 0.626121
0.163085 9.9991E-05 0.231974 0.604841
0.575796 9.9991E-05 0.162093 0.262011
0.0716231 9.9991E-05 0.198732 0.729545
0.0882595 9.9991E-05 0.187959 0.723682
0.0760384 9.9991E-05 0.196699 0.727163
0.193625 0.19298 0.238371 0.375023
9.9982E-05 0.292496 9.9982E-05 0.707304
9.9982E-05 0.164594 9.9982E-05 0.835206
9.9982E-05 0.152303 9.9982E-05 0.847497
9.9982E-05 0.21164 9.9982E-05 0.78816
0.975958 9.9982E-05 9.9982E-05 0.0238416
0.623402 0.0346003 0.110506 0.231492
0.0335961 0.820283 0.0461587 0.099962
9.9991E-05 0.365821 0.0162082 0.617871
0.283294 0.0162572 0.197707 0.502743
0.32131 9.9991E-05 0.197593 0.480997
0.0523443 0.947456 9.9982E-05 9.9982E-05
0.0705817 0.777862 0.0175363 0.13402
0.535775 0.0605009 0.0503512 0.353373
0.188753 0.022629 0.0488267 0.739792
9.9982E-05 0.88307 9.9982E-05 0.11673
0.177352 0.261632 0.260497 0.300519
0.296314 9.9991E-05 0.199275 0.504311
0.165095 0.184282 0.244369 0.406254
0.180515 0.291437 0.224587 0.303461
9.9982E-05 0.937047 0.0627529 9.9982E-05
0.0396601 0.959595 0.000644846 9.9991E-05
9.9982E-05 0.985561 0.0142386 9.9982E-05
0.0113625 0.916903 0.0360189 0.035716
9.998E-05 0.9997 9.998E-05 9.998E-05
9.9982E-05 0.950999 9.9982E-05 0.0488006
0.138685 0.567009 0.219159 0.0751478
0.254922 0.275865 0.216443 0.252769
9.998E-05 0.9997 9.998E-05 9.998E-05
0.200667 0.273938 0.204016 0.321379
0.190612 0.1846 0.222782 0.402006
0.853871 0.0676912 0.0743071 0.00413103
0.835923 0.0538236 0.0882409 0.0220127
0.821629 0.0431499 0.0812411 0.0539797
0.839522 0.0485361 0.0976006 0.0143411
0.806027 0.100616 0.0932572 9.9991E-05
0.834817 0.0586711 0.0857995 0.0207123
0.838418 0.0447881 0.0985563 0.0182377
0.221231 9.9991E-05 0.193732 0.584936
0.111327 9.9991E-05 0.241164 0.647409
0.510449 0.00138444 0.141128 0.347039
0.537837 9.9991E-05 0.152165 0.309898
0.057758 0.911303 0.00995073 0.0209883
0.0714951 0.831279 0.0745404 0.0226856
9.998E-05 0.9997 9.998E-05 9.998E-05
0.9997 9.998E-05 9.998E-05 9.998E-05
0.9997 9.998E-05 9.998E-05 9.998E-05
0.9997 9.998E-05 9.998E-05 9.998E-05
0.9997 9.998E-05 9.998E-05 9.998E-05
0.564979 0.0131111 0.00489704 0.417013
0.712806 0.0430037 0.048461 0.19573
0.808339 0.0510843 0.0868489 0.0537282
0.9997 9.998E-05 9.998E-05 9.998E-05
0.9997 9.998E-05 9.998E-05 9.998E-05
0.9997 9.998E-05 9.998E-05 9.998E-05
0.9997 9.998E-05 9.998E-05 9.998E-05
0.178734 0.248368 0.167515 0.405382
9.9982E-05 0.995986 0.00381412 9.9982E-05
0.2153 9.9991E-05 0.196637 0.587962
0.0378865 0.699072 0.0658775 0.197163
0.0901052 0.0232922 0.161133 0.72547
0.960045 9.9982E-05 9.9982E-05 0.0397548
0.785801 0.0802724 0.118241 0.015686
0.865091 0.0517817 0.0378092 0.0453181
0.177939 0.273845 0.216628 0.331588
0.271535 0.122453 0.271009 0.335004
0.0299287 0.597149 0.00990638 0.363016
0.0498534 9.9991E-05 0.142731 0.807316
0.629992 0.165425 0.202449 0.00213324
0.677697 0.146784 0.148479 0.0270404
0.66431 0.146907 0.182889 0.00589378
0.692508 0.0876533 0.182004 0.0378345
0.680619 0.139428 0.179853 9.9991E-05
0.672638 0.158479 0.168783 9.9991E-05
0.185342 9.9991E-05 0.232543 0.582015
0.73566 0.0813303 0.137353 0.045657
0.973979 0.0258206 9.9982E-05 9.9982E-05
0.9997 9.998E-05 9.998E-05 9.998E-05
0.9997 9.998E-05 9.998E-05 9.998E-05
0.988296 0.0115037 9.9982E-05 9.9982E-05
0.703234 0.106127 0.19054 9.9991E-05
0.67032 0.155562 0.174018 9.9991E-05
0.777184 0.105318 0.112856 0.00464129
0.754738 0.109855 0.135223 0.00018447
0.737157 0.124675 0.138068 9.9991E-05
0.787965 0.112104 0.0859858 0.0139451
0.506444 0.3865 0.0483536 0.0587022
0.0130693 0.857856 0.0146711 0.114404
0.00943131 0.853128 9.9991E-05 0.137341
9.9991E-05 0.931399 0.0314719 0.037029
9.9982E-05 0.971893 0.0279069 9.9982E-05
0.652415 0.106783 0.176592 0.06421
0.649461 0.131269 0.204559 0.0147114
0.716809 0.129597 0.126821 0.0267723
0.728497 0.106022 0.120275 0.0452063
0.645852 0.0947759 0.218767 0.0406052
0.666829 0.0922344 0.187381 0.0535554
0.71182 0.103459 0.184621 9.9991E-05
0.753157 0.0883511 0.126459 0.0320326
0.0514275 0.045141 0.105636 0.797796
0.0445034 9.9991E-05 0.12598 0.829416
0.00550455 9.9991E-05 0.156895 0.8375
0.0858681 0.0378481 0.122487 0.753797
0.762521 0.0956724 0.062423 0.0793839
0.851443 0.0693401 0.0378676 0.0413491
0.893773 0.0431552 0.0168357 0.046236
0.873105 9.9991E-05 0.0213086 0.105486
0.479513 0.191664 0.212193 0.11663
0.698266 9.9991E-05 0.0815573 0.220077
0.621828 0.124324 0.166221 0.0876267
0.771849 0.0583178 0.0891184 0.0807151
0.755954 0.0687909 0.108227 0.0670281
0.107211 0.464957 0.115748 0.312084
0.271374 9.9991E-05 0.204937 0.523589
9.9991E-05 0.919985 0.00509434 0.0748202
9.9982E-05 0.206786 9.9982E-05 0.793014
9.9982E-05 0.390091 9.9982E-05 0.609709
0.0169663 0.59577 0.0287811 0.358483
0.0967136 0.37983 0.103548 0.419908
9.9982E-05 0.958406 9.9982E-05 0.0413945
0.0219697 0.97783 9.9982E-05 9.9982E-05
0.0319124 0.925684 0.0222019 0.0202016
0.00250284 0.955827 0.0415702 9.9991E-05
0.487274 0.168474 0.179519 0.164733
0.298858 0.466962 0.0996203 0.13456
0.525213 0.309227 0.0936602 0.0718999
0.638682 0.0913641 0.15246 0.117493
0.107323 0.575781 0.104052 0.212844
0.000598805 0.952577 0.0467239 9.9991E-05
0.809448 0.0373851 0.106656 0.0465111
0.032988 0.771009 0.0968444 0.0991583
9.9982E-05 0.250812 9.9982E-05 0.748988
9.9982E-05 0.113212 9.9982E-05 0.886588
9.998E-05 0.9997 9.998E-05 9.998E-05
0.119105 0.174259 0.560727 0.145909
0.0303439 0.549868 0.00797215 0.411816
9.9982E-05 0.195555 9.9982E-05 0.804245
0.0115217 0.716047 0.0631974 0.209234
0.119154 0.109047 0.583028 0.188771
9.9982E-05 0.00939839 0.990402 9.9982E-05
0.974905 0.0248953 9.9982E-05 9.9982E-05
0.0882248 0.142591 0.0144799 0.754704
0.335964 0.0119607 0.199064 0.453011
0.20277 0.0206489 0.224759 0.551822
0.178854 0.0545644 0.199136 0.567446
9.9982E-05 0.105244 9.9982E-05 0.894556
0.978347 0.0118301 9.9991E-05 0.00972312
0.512567 0.0497645 0.170478 0.26719
0.048698 9.9991E-05 0.110824 0.840378
9.9982E-05 0.126407 9.9982E-05 0.873393
0.0715297 9.9991E-05 0.155906 0.772464
0.295402 0.0109114 0.20565 0.488036
0.318454 9.9991E-05 0.200105 0.48134
0.672601 0.0900758 0.0501671 0.187156
0.858329 0.04967 0.00811806 0.0838827
0.522743 0.0472689 0.110323 0.319665
0.281982 9.9991E-05 0.18644 0.531478
9.99819E-05 0.140592 9.99819E-05 0.859208
9.9982E-05 0.127929 9.9982E-05 0.871871
0.127774 0.422629 0.195556 0.25404
0.633174 0.0518461 0.0773342 0.237646
0.197624 9.9991E-05 0.19083 0.611446
0.00241416 0.989657 0.00782851 9.9991E-05
0.516787 0.0402905 0.136705 0.306217
0.255117 0.391281 0.0899297 0.263672
0.634408 0.0942559 0.219405 0.0519313
0.155955 0.555206 0.168287 0.120552
0.0574068 9.9991E-05 0.0981567 0.844336
0.156851 0.18434 0.238689 0.42012
9.998E-05 0.9997 9.998E-05 9.998E-05
0.0409234 0.957545 9.9991E-05 0.0014314
9.9982E-05 0.141312 9.9982E-05 0.858488
9.998E-05 0.9997 9.998E-05 9.998E-05
0.1282 0.627619 0.129325 0.114855
0.00222644 0.908599 0.0655309 0.0236437
0.0388144 0.830864 0.00551243 0.124809
0.318392 9.9991E-05 0.199225 0.482283
0.979751 0.0200489 9.9982E-05 9.9982E-05
0.9997 9.998E-05 9.998E-05 9.998E-05
9.9982E-05 0.221548 9.9982E-05 0.778252
0.999519 9.9982E-05 9.9982E-05 0.000280615
0.00805053 0.0527773 0.939072 9.9991E-05
9.9991E-05 0.0206536 0.956727 0.0225199
0.19139 0.215079 0.503876 0.0896549
0.0803952 0.817549 9.9991E-05 0.101956
9.998E-05 9.998E-05 0.9997 9.998E-05
9.998E-05 9.998E-05 0.9997 9.998E-05
9.998E-05 9.998E-05 0.9997 9.998E-05
9.998E-05 9.998E-05 0.9997 9.998E-05
9.998E-05 9.998E-05 0.9997 9.998E-05
9.9982E-05 0.0838229 9.9982E-05 0.915977
0.191854 9.9991E-05 0.203717 0.604329
0.0635039 0.0188131 0.132438 0.785245
0.0341669 9.9991E-05 0.0890533 0.87668
9.9982E-05 0.521088 9.9982E-05 0.478713
9.9982E-05 0.13012 9.9982E-05 0.869681
0.207289 9.9991E-05 0.202682 0.589929
0.0659226 9.9991E-05 0.184322 0.749655
0.0909824 9.9991E-05 0.0534763 0.855441
0.110595 9.9991E-05 0.199733 0.689572
9.9982E-05 9.9982E-05 0.958543 0.0412571
0.138589 0.211654 0.0154152 0.634342
0.0466453 0.85829 0.0385645 0.0565006
0.0286471 0.905064 0.032143 0.0341455
0.0763787 0.734435 0.0767431 0.112443
9.9982E-05 0.192153 9.9982E-05 0.807647
9.9991E-05 0.082522 0.0234201 0.893958
0.9997 9.998E-05 9.998E-05 9.998E-05
0.328425 0.263375 0.0675311 0.340669
0.0594394 9.9991E-05 0.0856407 0.85482
