9.99459E-05 9.99459E-05 9.99459E-05 9.99459E-05 0.0568373 0.173219 0.769344 9.99459E-05 9.99459E-05
9.9946E-05 9.9946E-05 0.0312245 9.9946E-05 9.9946E-05 9.9946E-05 0.762944 0.205232 9.9946E-05
0.0311548 0.0560524 0.0643068 0.00594623 9.9973E-05 9.9973E-05 0.597486 0.244754 9.9973E-05
9.9946E-05 9.9946E-05 9.9946E-05 9.9946E-05 0.0511244 0.149941 0.798335 9.9946E-05 9.9946E-05
0.0202158 0.0263159 0.0226415 0.0222814 9.9991E-05 0.00544718 0.00716325 0.887877 0.00795786
9.99459E-05 9.99459E-05 0.0926793 9.99459E-05 9.99459E-05 9.99459E-05 0.75617 0.150551 9.99459E-05
9.99551E-05 9.99551E-05 9.99551E-05 0.522397 0.460843 9.99551E-05 0.00257922 9.99551E-05 0.0136811
9.9946E-05 9.9946E-05 0.0064817 0.971699 9.9946E-05 9.9946E-05 0.0212193 9.9946E-05 9.9946E-05
9.9946E-05 9.9946E-05 9.9946E-05 0.977696 9.9946E-05 0.0115291 9.9946E-05 0.0101748 9.9946E-05
9.993E-05 9.993E-05 9.993E-05 0.999201 9.993E-05 9.993E-05 9.993E-05 9.993E-05 9.993E-05
0.0109381 0.813354 0.0138433 9.9973E-05 0.114387 0.00618366 9.9973E-05 0.0409937 9.9973E-05
9.9955E-05 0.901886 9.9955E-05 0.0161067 0.0516896 0.0298179 9.9955E-05 9.9955E-05 9.9955E-05
9.9964E-05 0.905475 9.9964E-05 0.000617112 0.0698435 0.0192934 0.00437105 9.9964E-05 9.9964E-05
9.9937E-05 0.923064 9.9937E-05 9.9937E-05 0.0762369 9.9937E-05 9.9937E-05 9.9937E-05 9.9937E-05
0.0281061 9.9973E-05 9.9973E-05 0.0188371 0.0105711 0.125261 0.0159641 9.9973E-05 0.800961
9.9946E-05 9.9946E-05 9.9946E-05 0.991548 9.9946E-05 0.00440252 9.9946E-05 9.9946E-05 0.00344949
0.013788 9.9964E-05 9.9964E-05 0.023032 0.919599 0.0381206 0.00506039 9.9964E-05 9.9964E-05
9.9964E-05 0.0900578 9.9964E-05 0.000550732 0.00681319 9.9964E-05 0.0375899 9.9964E-05 0.864589
0.0453936 0.214353 9.9964E-05 0.00948364 9.9964E-05 0.186177 9.9964E-05 9.9964E-05 0.544194
0.00190558 0.591121 9.9964E-05 0.027109 0.0202373 9.9964E-05 9.9964E-05 9.9964E-05 0.359227
0.00280482 0.0531194 9.9964E-05 0.0245755 9.9964E-05 0.131695 9.9964E-05 9.9964E-05 0.787405
0.00253312 0.907151 9.9955E-05 0.0274634 9.9955E-05 9.9955E-05 9.9955E-05 9.9955E-05 0.0623531
9.9946E-05 0.0722937 9.9946E-05 9.9946E-05 9.9946E-05 9.9946E-05 0.0443373 9.9946E-05 0.882769
9.9982E-05 0.810139 0.0317017 0.0171241 0.0106714 0.0445072 0.00406397 9.9982E-05 0.0815928
9.9946E-05 0.931835 9.9946E-05 9.9946E-05 9.9946E-05 9.9946E-05 0.0298928 9.9946E-05 0.0376723
9.99574E-05 9.99574E-05 9.99574E-05 9.99574E-05 0.0160898 0.0237662 0.0434268 9.99574E-05 0.916217
9.9955E-05 0.12046 9.9955E-05 0.0343608 9.9955E-05 0.00495795 9.9955E-05 9.9955E-05 0.839721
0.0517887 0.268251 0.0307904 0.0312241 9.9973E-05 9.9973E-05 0.0400933 9.9973E-05 0.577552
0.0270913 0.0178563 9.9955E-05 0.0409744 9.9955E-05 9.9955E-05 9.9955E-05 9.9955E-05 0.913578
9.9955E-05 0.0509101 0.00751299 9.9955E-05 9.9955E-05 9.9955E-05 0.0107227 9.9955E-05 0.930354
0.0244521 0.922647 9.9955E-05 9.9955E-05 9.9955E-05 0.02438 9.9955E-05 9.9955E-05 0.028021
9.9937E-05 0.810836 9.9937E-05 9.9937E-05 0.188464 9.9937E-05 9.9937E-05 9.9937E-05 9.9937E-05
9.9955E-05 0.0813854 9.9955E-05 9.9955E-05 0.00503782 9.9955E-05 0.0538032 9.9955E-05 0.859274
9.9973E-05 0.763233 9.9973E-05 0.0304656 0.0130414 0.0199686 0.00685482 9.9973E-05 0.166137
9.9964E-05 0.0317927 9.9964E-05 9.9964E-05 9.9964E-05 0.00197265 0.00235456 0.0120321 0.951448
9.9946E-05 0.973357 9.9946E-05 9.9946E-05 9.9946E-05 9.9946E-05 0.00393726 9.9946E-05 0.0221061
9.9955E-05 0.106514 0.00804489 9.9955E-05 9.9955E-05 9.9955E-05 9.9955E-05 0.00695172 0.87799
0.0267332 0.913965 9.9964E-05 0.00222174 9.9964E-05 0.0253635 9.9964E-05 9.9964E-05 0.0313163
0.0912384 9.9955E-05 0.135603 9.9955E-05 9.9955E-05 0.682102 9.9955E-05 0.0905573 9.9955E-05
9.9937E-05 9.9937E-05 0.378615 9.9937E-05 9.9937E-05 9.9937E-05 9.9937E-05 0.620685 9.9937E-05
9.99551E-05 0.755121 0.00465103 9.99551E-05 0.154422 9.99551E-05 9.99551E-05 0.0853057 9.99551E-05
9.9937E-05 0.0460316 9.9937E-05 9.9937E-05 9.9937E-05 9.9937E-05 9.9937E-05 9.9937E-05 0.953269
0.0100011 0.931004 0.0129513 9.9964E-05 9.9964E-05 0.0144657 9.9964E-05 9.9964E-05 0.0311776
0.0416188 0.0151102 0.587024 9.9973E-05 0.289393 0.0442936 0.0222604 9.9973E-05 9.9973E-05
0.0332596 0.229634 9.9973E-05 0.0280702 9.9973E-05 0.16578 0.0163297 9.9973E-05 0.526627
0.0176416 0.415084 9.9973E-05 0.0397737 0.121728 9.9973E-05 0.0486885 9.9973E-05 0.356785
0.014618 0.046645 0.00275096 0.025098 9.9982E-05 0.0777635 9.9982E-05 0.0176905 0.815234
9.99459E-05 9.99459E-05 0.11818 9.99459E-05 9.99459E-05 9.99459E-05 0.653889 0.227332 9.99459E-05
0.494052 9.9973E-05 0.265985 0.0113765 9.9973E-05 0.0821491 0.0479463 0.0981915 9.9973E-05
9.99459E-05 9.99459E-05 9.99459E-05 9.99459E-05 0.288719 0.706978 0.00370405 9.99459E-05 9.99459E-05
9.99549E-05 0.122396 9.99549E-05 9.99549E-05 0.16808 0.681666 0.0273584 9.99549E-05 9.99549E-05
9.99639E-05 0.156986 9.99639E-05 0.00705272 0.158129 0.608739 0.0686931 9.99639E-05 9.99639E-05
9.99459E-05 9.99459E-05 9.99459E-05 9.99459E-05 0.199755 0.774567 0.0250775 9.99459E-05 9.99459E-05
9.99632E-05 0.0195056 9.99632E-05 0.935798 0.0212011 9.99632E-05 9.99632E-05 0.0229952 9.99632E-05
9.9955E-05 0.0132399 9.9955E-05 0.960104 0.0104816 9.9955E-05 0.0156745 9.9955E-05 9.9955E-05
9.9955E-05 0.546182 9.9955E-05 0.0259612 0.413779 9.9955E-05 9.9955E-05 9.9955E-05 0.0135787
9.9955E-05 0.924148 9.9955E-05 0.0106655 9.9955E-05 0.00927529 9.9955E-05 9.9955E-05 0.0554112
0.0769577 0.0260626 9.9982E-05 0.0109622 9.9982E-05 0.489741 0.0183266 0.172658 0.205092
9.9946E-05 9.9946E-05 9.9946E-05 9.9946E-05 9.9946E-05 0.0229636 0.105154 0.871283 9.9946E-05
0.291865 9.9973E-05 0.186816 9.9973E-05 9.9973E-05 0.0372325 0.0106698 0.446349 0.0267682
9.9937E-05 9.9937E-05 0.0385097 9.9937E-05 0.960791 9.9937E-05 9.9937E-05 9.9937E-05 9.9937E-05
9.9973E-05 0.0124435 9.9973E-05 0.0120272 0.732065 0.209785 9.9973E-05 0.0188417 0.014538
0.013442 0.0221974 0.0256967 0.0272068 0.708208 0.154193 0.0434312 0.00552483 9.9991E-05
9.9946E-05 0.00784774 9.9946E-05 0.97105 9.9946E-05 0.0205029 9.9946E-05 9.9946E-05 9.9946E-05
9.9964E-05 9.9964E-05 0.114314 0.00176501 9.9964E-05 0.0430095 0.019849 0.820662 9.9964E-05
0.00586053 9.9946E-05 9.9946E-05 9.9946E-05 0.967375 9.9946E-05 9.9946E-05 9.9946E-05 0.0261645
0.0147051 9.99639E-05 0.107776 9.99639E-05 9.99639E-05 0.818505 0.00585664 0.0527569 9.99639E-05
9.9946E-05 0.913611 9.9946E-05 9.9946E-05 0.0219985 9.9946E-05 9.9946E-05 9.9946E-05 0.0637907
9.99461E-05 0.944019 9.99461E-05 0.0217922 0.0335889 9.99461E-05 9.99461E-05 9.99461E-05 9.99461E-05
0.0316822 9.9982E-05 9.9982E-05 0.80496 0.0244633 0.050721 0.0198505 0.0450642 0.023059
0.0106772 9.9973E-05 9.9973E-05 0.788839 0.0197223 0.107764 9.9973E-05 0.0285418 0.0441553
0.0266252 0.0308375 0.00367667 0.869085 0.0131551 0.0314326 0.0232915 0.00179638 9.9991E-05
9.9964E-05 9.9964E-05 9.9964E-05 0.959665 0.0173086 0.000728165 0.00458831 0.0173097 9.9964E-05
9.9955E-05 0.0105416 9.9955E-05 0.965234 9.9955E-05 0.0207852 0.0029398 9.9955E-05 9.9955E-05
9.9964E-05 9.9964E-05 9.9964E-05 0.97018 0.00174683 0.00596631 9.9964E-05 0.00836736 0.0133395
9.9964E-05 9.9964E-05 0.00334725 0.965276 0.006183 0.0123556 9.9964E-05 9.9964E-05 0.012438
0.0101043 0.0121864 9.9964E-05 0.96764 9.9964E-05 9.9964E-05 9.9964E-05 0.00484155 0.00482752
9.9964E-05 9.9964E-05 0.0127851 0.953299 0.00539617 9.9964E-05 0.0156767 0.012443 9.9964E-05
9.9937E-05 9.9937E-05 0.00903097 0.990269 9.9937E-05 9.9937E-05 9.9937E-05 9.9937E-05 9.9937E-05
9.9973E-05 0.0118596 9.9973E-05 0.932194 0.0108844 0.023206 9.9973E-05 0.0158666 0.00568957
0.0363899 0.00193697 9.9964E-05 0.917557 0.0116668 0.0320493 9.9964E-05 9.9964E-05 9.9964E-05
9.9955E-05 9.9955E-05 9.9955E-05 0.94765 9.9955E-05 0.0364283 9.9955E-05 0.00824002 0.00718208
9.9964E-05 0.0454671 9.9964E-05 0.536236 9.9964E-05 9.9964E-05 0.0021591 0.00550866 0.410229
9.99461E-05 0.0122377 9.99461E-05 0.567495 9.99461E-05 9.99461E-05 9.99461E-05 9.99461E-05 0.419668
9.993E-05 9.993E-05 9.993E-05 0.999201 9.993E-05 9.993E-05 9.993E-05 9.993E-05 9.993E-05
9.9946E-05 9.9946E-05 9.9946E-05 0.939855 9.9946E-05 0.0583927 0.00115283 9.9946E-05 9.9946E-05
9.9955E-05 9.9955E-05 9.9955E-05 0.915751 0.0121223 0.013343 0.0582844 9.9955E-05 9.9955E-05
9.9973E-05 0.0176364 9.9973E-05 0.944437 9.9973E-05 0.00613556 0.00585022 0.0199617 0.00567933
9.99463E-05 9.99463E-05 9.99463E-05 0.979062 9.99463E-05 0.00158145 0.0187573 9.99463E-05 9.99463E-05
9.99461E-05 0.0176549 9.99461E-05 0.549772 9.99461E-05 9.99461E-05 9.99461E-05 9.99461E-05 0.431973
0.0216444 0.0174371 9.9982E-05 0.852227 0.0208989 9.9982E-05 0.0193527 0.0108472 0.0573927
9.9955E-05 9.9955E-05 0.0201317 0.945075 0.0312981 9.9955E-05 9.9955E-05 9.9955E-05 0.00299587
0.000102238 0.00573995 9.9964E-05 0.952987 9.9964E-05 0.0236043 9.9964E-05 0.0171669 9.9964E-05
9.9964E-05 9.9964E-05 0.0304391 0.928763 0.00738754 0.0321074 9.9964E-05 9.9964E-05 0.000903104
0.0111328 0.019633 9.9982E-05 0.861508 0.0362057 0.020986 9.9982E-05 0.0192023 0.0311325
0.00514544 0.00338839 9.9973E-05 0.923694 0.0346058 0.0189328 0.0139333 9.9973E-05 9.9973E-05
0.00713474 9.9964E-05 9.9964E-05 9.9964E-05 0.134677 9.9964E-05 0.249773 0.0397842 0.568232
9.9955E-05 9.9955E-05 9.9955E-05 0.935109 9.9955E-05 0.00605579 0.0552001 9.9955E-05 0.0031351
9.9937E-05 9.9937E-05 9.9937E-05 0.969965 9.9937E-05 9.9937E-05 0.0293353 9.9937E-05 9.9937E-05
0.0182804 0.0151236 0.107067 0.700861 0.0322497 0.0328172 0.0160518 0.0182861 0.0592628
9.993E-05 9.993E-05 9.993E-05 0.999201 9.993E-05 9.993E-05 9.993E-05 9.993E-05 9.993E-05
9.9937E-05 9.9937E-05 9.9937E-05 0.988075 0.0112256 9.9937E-05 9.9937E-05 9.9937E-05 9.9937E-05
9.9946E-05 9.9946E-05 9.9946E-05 0.960364 9.9946E-05 0.0240753 0.0149615 9.9946E-05 9.9946E-05
0.00497573 9.9973E-05 9.9973E-05 0.974666 0.00242793 0.00144027 9.9973E-05 0.00463979 0.0115503
0.0223081 0.0338584 0.0144435 0.00846342 0.0313742 9.9982E-05 0.00198228 9.9982E-05 0.88737
9.993E-05 9.993E-05 9.993E-05 0.999201 9.993E-05 9.993E-05 9.993E-05 9.993E-05 9.993E-05
0.004669 9.9946E-05 9.9946E-05 0.945117 9.9946E-05 0.0496139 9.9946E-05 9.9946E-05 9.9946E-05
9.993E-05 9.993E-05 9.993E-05 0.999201 9.993E-05 9.993E-05 9.993E-05 9.993E-05 9.993E-05
9.9955E-05 0.251997 9.9955E-05 9.9955E-05 0.0939031 9.9955E-05 0.0503651 9.9955E-05 0.603235
0.031911 9.9964E-05 9.9964E-05 0.920778 9.9964E-05 9.9964E-05 0.0146574 0.0317205 0.000533156
0.000807375 0.0159775 9.9964E-05 0.946183 9.9964E-05 0.019039 0.0175937 9.9964E-05 9.9964E-05
9.9973E-05 9.9973E-05 0.00223661 0.970402 0.00210993 0.00227852 0.014377 9.9973E-05 0.00829567
9.9937E-05 9.9937E-05 9.9937E-05 0.989308 9.9937E-05 9.9937E-05 0.00999241 9.9937E-05 9.9937E-05
9.9964E-05 0.264669 9.9964E-05 0.0131262 0.00292502 0.0950954 9.9964E-05 9.9964E-05 0.623784
9.99371E-05 9.99371E-05 0.00275995 0.99654 9.99371E-05 9.99371E-05 9.99371E-05 9.99371E-05 9.99371E-05
0.00263279 9.9973E-05 0.000618201 0.924848 0.00447958 0.0156742 0.0514477 9.9973E-05 9.9973E-05
9.99461E-05 0.00966377 9.99461E-05 0.528804 9.99461E-05 9.99461E-05 9.99461E-05 9.99461E-05 0.460932
9.9946E-05 0.0231615 0.00153897 0.9747 9.9946E-05 9.9946E-05 9.9946E-05 9.9946E-05 9.9946E-05
0.0170314 0.73285 9.9964E-05 0.0129512 9.9964E-05 0.0393077 9.9964E-05 9.9964E-05 0.19746
9.9964E-05 0.657507 9.9964E-05 0.00547832 9.9964E-05 9.9964E-05 0.0319922 0.0342233 0.270399
9.9991E-05 0.856385 0.016193 0.0327466 0.00320943 0.00440013 0.0299405 0.0252466 0.0317785
9.9973E-05 0.0341932 0.0255123 0.0315848 0.0409555 9.9973E-05 9.9973E-05 0.0151929 0.852261
0.0196355 0.0308996 9.9973E-05 0.059874 0.768688 0.0878559 9.9973E-05 0.0327468 9.9973E-05
9.9973E-05 0.831878 0.0340931 0.0261468 0.0277735 9.9973E-05 9.9973E-05 0.0163042 0.0635046
0.040646 0.363883 9.9982E-05 0.00190163 0.33224 9.9982E-05 0.0365577 0.0228614 0.201711
9.9955E-05 0.763999 9.9955E-05 0.0237655 9.9955E-05 9.9955E-05 9.9955E-05 0.0460898 0.165646
0.0269536 0.64135 9.9973E-05 9.9973E-05 0.0171278 9.9973E-05 0.0335329 0.022622 0.258114
0.0395502 0.709811 9.9964E-05 0.0124968 9.9964E-05 0.045372 9.9964E-05 9.9964E-05 0.19237
0.0406143 0.599979 0.00678487 9.9982E-05 0.00185117 9.9982E-05 0.0437466 0.0211845 0.28564
0.0435886 0.590649 9.9964E-05 0.02952 9.9964E-05 9.9964E-05 9.9964E-05 0.0365743 0.299269
9.9955E-05 0.949892 9.9955E-05 0.016119 0.0114804 9.9955E-05 9.9955E-05 0.0220089 9.9955E-05
0.0101357 0.838511 9.9955E-05 0.0500999 0.100753 9.9955E-05 9.9955E-05 9.9955E-05 9.9955E-05
9.9964E-05 0.863681 0.00157981 0.0279909 0.0992924 9.9964E-05 9.9964E-05 0.00705608 9.9964E-05
0.0290382 0.0643536 9.9982E-05 0.0691484 0.0340908 0.0523608 9.9982E-05 0.00112006 0.749688
9.9946E-05 9.9946E-05 0.990537 0.00474058 9.9946E-05 0.00412253 9.9946E-05 9.9946E-05 9.9946E-05
9.9955E-05 9.9955E-05 0.908373 0.0186437 9.9955E-05 0.0559314 0.0165527 9.9955E-05 9.9955E-05
0.0460367 0.0139003 0.228257 0.00674339 9.9973E-05 0.0803197 9.9973E-05 0.624443 9.9973E-05
0.0282779 0.0456852 9.9991E-05 0.0935865 0.336995 0.0516767 0.0449171 0.0420439 0.356718
0.0121797 9.9955E-05 0.93644 9.9955E-05 9.9955E-05 0.0348539 0.0160262 9.9955E-05 9.9955E-05
9.9973E-05 0.000697234 0.9006 0.00534289 9.9973E-05 0.0699428 9.9973E-05 0.0057377 0.017379
0.0263823 0.397349 0.0178719 0.117334 0.244517 9.9991E-05 0.0260189 0.0508805 0.119546
0.273745 0.0102426 0.237831 9.9973E-05 0.000860958 0.0462297 9.9973E-05 0.430791 9.9973E-05
0.369702 0.0189582 0.148936 0.0135443 0.0125796 0.0227681 9.9991E-05 0.391784 0.0216287
0.410775 0.0063241 0.0738716 0.00061208 0.005171 0.0311133 0.0225845 0.43176 0.0177893
0.601886 9.9973E-05 9.9973E-05 0.0190381 0.0462581 0.0575948 9.9973E-05 0.237807 0.0371161
0.594014 9.9973E-05 9.9973E-05 0.0133029 0.0590433 0.0476789 9.9973E-05 0.258643 0.0270176
0.402129 0.000464436 0.0793302 9.9991E-05 0.0296936 0.0386206 0.0277201 0.400652 0.0212906
0.027694 9.99639E-05 9.99639E-05 0.00359674 0.759876 0.181158 0.0272755 9.99639E-05 9.99639E-05
0.00866918 9.9973E-05 0.349832 0.0031184 0.0366896 9.9973E-05 9.9973E-05 0.59818 0.00321096
9.99551E-05 0.0413708 0.0167475 9.99551E-05 9.99551E-05 0.0536101 9.99551E-05 9.99551E-05 0.887772
0.00688284 9.9964E-05 0.0313594 0.0125799 0.0206865 9.9964E-05 9.9964E-05 9.9964E-05 0.928092
0.00112902 9.9973E-05 0.097064 0.011461 9.9973E-05 0.0136507 0.0302955 0.8461 9.9973E-05
0.0586673 0.102728 0.0749124 0.120173 0.0948302 0.146711 0.0212191 0.153123 0.227636
0.0229039 0.0433668 0.0663733 9.9982E-05 0.75882 0.0820022 0.0124324 9.9982E-05 0.0139015
9.9964E-05 0.700157 0.0466892 9.9964E-05 0.158141 9.9964E-05 0.0458048 0.0488083 9.9964E-05
0.0191638 0.0856686 9.9973E-05 0.0136143 0.0555297 9.9973E-05 0.0618552 9.9973E-05 0.763869
0.0139671 0.506324 0.239539 9.9973E-05 0.172125 9.9973E-05 0.0290418 0.0387019 9.9973E-05
0.0304738 0.013121 0.0701084 9.9982E-05 0.778104 0.0294788 0.0303795 9.9982E-05 0.0481347
0.179201 0.00770757 0.68201 0.0085046 0.0199737 0.0105759 0.0282202 9.9991E-05 0.0637079
0.0207256 9.9964E-05 9.9964E-05 9.9964E-05 0.870996 0.0726621 0.0145543 0.0206623 9.9964E-05
0.0930185 0.0631748 9.9973E-05 0.0259716 9.9973E-05 0.63406 9.9973E-05 0.0297277 0.153747
9.9964E-05 0.00717816 9.9964E-05 0.0212641 0.0353688 9.9964E-05 0.0274906 9.9964E-05 0.908299
9.9964E-05 9.9964E-05 0.332423 0.00133607 0.0333347 9.9964E-05 9.9964E-05 0.607932 0.0245743
0.0266722 0.462171 0.000525162 0.0192113 0.0667454 9.9973E-05 9.9973E-05 0.424375 9.9973E-05
0.0178977 0.0528978 9.9964E-05 0.0129938 9.9964E-05 9.9964E-05 9.9964E-05 0.892691 0.0231201
0.0174022 0.301221 0.0269694 0.0373757 0.333164 9.9991E-05 0.228239 0.0323831 0.0231459
9.9964E-05 9.9964E-05 0.00800467 0.0154319 0.00211231 9.9964E-05 9.9964E-05 0.972992 0.00105936
9.9955E-05 0.0654541 9.9955E-05 9.9955E-05 0.882739 9.9955E-05 9.9955E-05 0.0394901 0.0118168
0.0257458 0.0150361 9.9973E-05 0.0531526 0.0421143 9.9973E-05 9.9973E-05 0.813502 0.0501492
9.9982E-05 0.0305089 0.0328419 0.0327129 0.058103 0.0156065 0.0330812 0.796946 9.9982E-05
9.9964E-05 0.00454638 9.9964E-05 9.9964E-05 0.0791981 9.9964E-05 0.0102256 0.0738008 0.831829
0.00271793 0.1369 0.300563 9.9991E-05 0.0344385 0.0705502 0.0537831 0.0237539 0.377193
0.0202228 0.253333 0.0221621 0.0151485 0.239526 9.9991E-05 0.0608257 0.0525951 0.336086
0.826296 0.0185524 0.00221424 0.00884294 0.0322721 0.0067672 0.0295567 0.0619243 0.0135746
0.910588 0.0018852 9.9973E-05 9.9973E-05 0.0146017 0.0263028 0.0134913 0.0328308 9.9973E-05
0.881341 9.9982E-05 9.9982E-05 0.00329607 0.0251811 0.0359438 0.0339292 0.0129414 0.00716764
0.850373 9.9973E-05 9.9973E-05 0.0183151 0.0453604 0.0241018 9.9973E-05 0.028898 0.0326521
0.018886 9.9955E-05 9.9955E-05 9.9955E-05 9.9955E-05 0.023376 0.030586 9.9955E-05 0.926652
9.9955E-05 9.9955E-05 9.9955E-05 0.0102401 9.9955E-05 0.0578208 9.9955E-05 0.0458416 0.885598
0.0211086 0.0690825 9.9982E-05 0.0242429 0.0328447 0.0295055 0.0480155 9.9982E-05 0.775
0.405504 9.9982E-05 0.207807 0.00553899 0.0118167 0.0641359 0.0482635 0.256733 9.9982E-05
0.0929049 0.136172 0.0608335 0.105974 0.0930252 0.152176 0.0533085 0.140507 0.165099
0.0930621 0.0145039 9.9973E-05 0.101094 9.9973E-05 0.402955 9.9973E-05 0.0300645 0.358021
0.0108617 0.0801508 9.9982E-05 0.0276533 9.9982E-05 0.0964004 0.0342461 0.00685268 0.743635
9.9973E-05 0.081302 0.0220683 0.0822896 9.9973E-05 0.171768 9.9973E-05 0.00448613 0.637786
0.0636684 9.9973E-05 0.0229645 0.0264959 9.9973E-05 0.157304 0.00834815 9.9973E-05 0.720919
0.0152669 0.00552448 0.0608583 0.151115 9.9982E-05 0.25072 9.9982E-05 0.0299713 0.486344
0.0053453 0.0591451 0.0690307 9.9982E-05 0.111479 0.65941 0.0838175 9.9982E-05 0.011573
0.00502419 0.863802 9.9973E-05 0.00218429 0.07954 0.024591 9.9973E-05 9.9973E-05 0.0245584
0.00772184 0.557676 9.9973E-05 0.0510472 0.119677 9.9973E-05 0.0406517 9.9973E-05 0.222927
9.9964E-05 0.00359076 0.00791276 9.9964E-05 9.9964E-05 0.0124434 0.0234247 0.952228 9.9964E-05
9.9955E-05 9.9955E-05 9.9955E-05 9.9955E-05 0.00564341 0.0321736 0.0526303 0.909053 9.9955E-05
9.9973E-05 0.017013 0.0151453 9.9973E-05 0.00928602 0.0312298 0.0749613 0.852065 9.9973E-05
0.210114 9.9964E-05 0.154734 9.9964E-05 9.9964E-05 0.199772 0.0505355 0.384445 9.9964E-05
0.0778396 9.9946E-05 9.9946E-05 9.9946E-05 9.9946E-05 0.581542 9.9946E-05 0.340019 9.9946E-05
0.0891137 9.99549E-05 9.99549E-05 0.00161634 9.99549E-05 0.581612 9.99549E-05 0.327158 9.99549E-05
0.000810227 9.9964E-05 9.9964E-05 0.00215842 9.9964E-05 0.10761 9.9964E-05 0.00142448 0.887597
0.0475605 0.0291653 9.9982E-05 0.0100452 0.0118025 0.110909 9.9982E-05 0.0154217 0.774896
9.9973E-05 0.0231332 0.003184 0.00586603 0.0205184 9.9973E-05 9.9973E-05 0.020604 0.926394
9.9964E-05 0.0628443 9.9964E-05 0.0203716 0.820329 0.0624628 9.9964E-05 0.0335924 9.9964E-05
0.0177862 9.9964E-05 9.9964E-05 0.0274244 0.0284276 9.9964E-05 9.9964E-05 0.911304 0.0146577
9.9955E-05 9.9955E-05 0.0335487 0.0119488 0.0195187 9.9955E-05 9.9955E-05 0.934484 9.9955E-05
9.9955E-05 9.9955E-05 0.103039 0.00939582 0.00764055 9.9955E-05 9.9955E-05 0.879425 9.9955E-05
0.0375661 0.0192007 0.15156 9.9964E-05 9.9964E-05 9.9964E-05 0.00642309 0.784851 9.9964E-05
0.0271988 0.0214732 0.0779025 0.0247053 0.011433 9.9982E-05 0.0113908 0.825696 9.9982E-05
9.9955E-05 0.701194 0.0236781 9.9955E-05 0.193869 9.9955E-05 9.9955E-05 0.0807585 9.9955E-05
0.150609 9.9991E-05 0.29512 0.0678487 0.0155761 0.0846114 0.146414 0.197546 0.0421754
9.9955E-05 0.00216215 9.9955E-05 9.9955E-05 0.98594 0.00930634 0.00209132 9.9955E-05 9.9955E-05
9.9955E-05 0.704768 9.9955E-05 9.9955E-05 0.198107 9.9955E-05 0.0143806 0.0822448 9.9955E-05
9.9946E-05 9.9946E-05 9.9946E-05 9.9946E-05 0.0406306 9.9946E-05 0.223271 9.9946E-05 0.735499
9.9937E-05 0.795466 9.9937E-05 9.9937E-05 0.203834 9.9937E-05 9.9937E-05 9.9937E-05 9.9937E-05
9.9946E-05 0.751962 9.9946E-05 9.9946E-05 0.24089 9.9946E-05 9.9946E-05 0.00654928 9.9946E-05
0.0139138 0.73743 9.9946E-05 9.9946E-05 0.248056 9.9946E-05 9.9946E-05 9.9946E-05 9.9946E-05
0.0210327 0.0147496 9.9964E-05 0.0288829 9.9964E-05 9.9964E-05 9.9964E-05 0.898266 0.0366685
9.9937E-05 9.9937E-05 9.9937E-05 9.9937E-05 0.0439606 9.9937E-05 9.9937E-05 0.95534 9.9937E-05
9.99459E-05 9.99459E-05 0.0788613 9.99459E-05 9.99459E-05 9.99459E-05 0.767351 0.153188 9.99459E-05
9.9973E-05 0.00987083 0.0421596 0.0298307 0.0133961 0.0154361 9.9973E-05 0.889007 9.9973E-05
9.993E-05 9.993E-05 9.993E-05 9.993E-05 9.993E-05 9.993E-05 9.993E-05 0.999201 9.993E-05
9.9964E-05 0.466333 0.179358 9.9964E-05 0.0656017 9.9964E-05 0.0114958 0.276812 9.9964E-05
0.0641193 9.9964E-05 0.0563068 9.9964E-05 9.9964E-05 0.0608955 9.9964E-05 0.804203 0.0140761
0.0520652 9.9964E-05 0.102885 9.9964E-05 9.9964E-05 0.0414311 9.9964E-05 0.772904 0.030315
0.0752198 0.00443209 0.112545 0.015225 9.9991E-05 0.464359 0.107971 0.166806 0.0533416
0.005561 0.0533204 0.0106157 0.0348032 0.88618 9.9973E-05 0.00922005 9.9973E-05 9.9973E-05
0.00578633 0.0224468 0.170181 9.9973E-05 0.10793 9.9973E-05 0.0560063 0.63735 9.9973E-05
0.0650507 0.00761755 0.183863 0.416939 0.0227925 9.9973E-05 9.9973E-05 9.9973E-05 0.303437
9.9955E-05 0.0620347 0.316016 9.9955E-05 0.0673734 9.9955E-05 9.9955E-05 0.554076 9.9955E-05
9.9946E-05 0.0140189 9.9946E-05 0.0135727 9.9946E-05 9.9946E-05 9.9946E-05 0.971809 9.9946E-05
0.0305942 0.767008 9.9955E-05 9.9955E-05 0.166427 9.9955E-05 9.9955E-05 0.0354706 9.9955E-05
9.9973E-05 0.570542 0.0258482 9.9973E-05 0.141131 0.0077683 0.000916448 0.253495 9.9973E-05
9.9946E-05 9.9946E-05 9.9946E-05 9.9946E-05 0.870219 0.111375 9.9946E-05 9.9946E-05 0.0178063
9.9946E-05 9.9946E-05 0.0267188 9.9946E-05 0.0558246 0.916857 9.9946E-05 9.9946E-05 9.9946E-05
9.9946E-05 0.901941 9.9946E-05 9.9946E-05 9.9946E-05 0.0467058 9.9946E-05 9.9946E-05 0.0507534
9.99549E-05 0.128295 9.99549E-05 9.99549E-05 0.154919 0.679219 0.0370665 9.99549E-05 9.99549E-05
9.9964E-05 0.0340964 9.9964E-05 9.9964E-05 0.902017 0.0104042 9.9964E-05 0.0392924 0.0137905
9.9955E-05 0.055798 9.9955E-05 9.9955E-05 0.870481 9.9955E-05 9.9955E-05 0.0470612 0.0261601
9.99458E-05 9.99458E-05 9.99458E-05 9.99458E-05 0.189217 0.752317 0.0578662 9.99458E-05 9.99458E-05
9.9964E-05 0.264853 0.0219241 9.9964E-05 0.179273 0.37732 0.156229 9.9964E-05 9.9964E-05
9.9973E-05 0.00167409 9.9973E-05 0.0324338 0.892351 0.0561361 9.9973E-05 0.00356125 0.0135443
0.0755987 9.9982E-05 0.11551 0.0396529 9.9982E-05 0.436221 0.10738 0.155534 0.0699042
9.9955E-05 0.0315233 9.9955E-05 0.0113435 0.0288225 9.9955E-05 9.9955E-05 9.9955E-05 0.927811
9.99459E-05 9.99459E-05 9.99459E-05 9.99459E-05 0.0926175 9.99459E-05 0.1901 9.99459E-05 0.716683
9.9937E-05 9.9937E-05 9.9937E-05 0.998322 9.9937E-05 9.9937E-05 0.000977958 9.9937E-05 9.9937E-05
0.000320491 0.00557993 9.9973E-05 9.9973E-05 0.134347 9.9973E-05 0.191048 0.01261 0.655795
9.9955E-05 0.0796862 9.9955E-05 0.0115503 0.0714041 9.9955E-05 9.9955E-05 9.9955E-05 0.83686
9.9964E-05 0.0436343 0.00395609 9.9964E-05 0.604321 9.9964E-05 9.9964E-05 0.0118433 0.335845
9.99551E-05 0.0804058 9.99551E-05 0.0414954 0.032101 9.99551E-05 9.99551E-05 9.99551E-05 0.845498
0.0290126 0.578988 9.9973E-05 0.0313191 9.9973E-05 0.0797354 0.0432124 9.9973E-05 0.237433
0.00790775 9.9973E-05 9.9973E-05 0.0113486 0.0261455 0.00398899 0.0094986 9.9973E-05 0.940811
0.0239116 0.0527237 9.9964E-05 0.0947169 9.9964E-05 0.710273 9.9964E-05 9.9964E-05 0.117975
0.0429763 0.171014 9.9973E-05 9.9973E-05 0.148661 0.562745 0.0329781 9.9973E-05 0.0413255
0.0120363 0.297114 9.9982E-05 0.0236212 0.105048 0.356238 0.0389368 9.9982E-05 0.166805
9.9973E-05 0.050776 9.9973E-05 0.0196358 0.0231542 9.9973E-05 0.0220219 0.0127235 0.871389
9.9946E-05 9.9946E-05 0.13953 0.0224061 9.9946E-05 9.9946E-05 9.9946E-05 0.837464 9.9946E-05
9.9964E-05 0.947873 9.9964E-05 9.9964E-05 9.9964E-05 0.0204832 0.00129703 0.00409567 0.0258508
0.065667 0.0210618 9.9964E-05 0.0433898 9.9964E-05 0.730721 9.9964E-05 9.9964E-05 0.138761
9.9955E-05 0.911029 9.9955E-05 9.9955E-05 9.9955E-05 0.0565825 0.00847266 9.9955E-05 0.0234162
9.9955E-05 9.9955E-05 0.0985455 9.9955E-05 9.9955E-05 0.0458537 0.0114904 0.843611 9.9955E-05
9.9946E-05 9.9946E-05 0.00861281 0.0114079 0.97938 9.9946E-05 9.9946E-05 9.9946E-05 9.9946E-05
0.00941097 9.9955E-05 0.0144487 0.959556 0.0160844 9.9955E-05 9.9955E-05 9.9955E-05 9.9955E-05
0.0352505 0.00839352 0.117117 0.684654 0.0234427 0.0777123 9.9982E-05 9.9982E-05 0.0532301
9.99461E-05 9.99461E-05 9.99461E-05 9.99461E-05 0.00848641 0.0485201 9.99461E-05 9.99461E-05 0.942394
9.9955E-05 0.518269 9.9955E-05 0.0560692 0.171029 9.9955E-05 9.9955E-05 9.9955E-05 0.254133
9.99369E-05 9.99369E-05 9.99369E-05 0.0019284 0.997372 9.99369E-05 9.99369E-05 9.99369E-05 9.99369E-05
9.9937E-05 9.9937E-05 9.9937E-05 9.9937E-05 0.9928 9.9937E-05 0.00650041 9.9937E-05 9.9937E-05
0.0422912 0.521466 0.0822094 9.9973E-05 0.198001 9.9973E-05 0.118027 0.0377057 9.9973E-05
9.9964E-05 0.568953 9.9964E-05 0.00719154 0.116462 9.9964E-05 0.0383159 9.9964E-05 0.268678
9.9955E-05 9.9955E-05 9.9955E-05 9.9955E-05 9.9955E-05 0.048922 0.0511293 0.889609 0.00983999
0.0827874 9.9946E-05 9.9946E-05 9.9946E-05 9.9946E-05 0.588272 9.9946E-05 0.328341 9.9946E-05
0.301522 9.9955E-05 0.0828724 9.9955E-05 9.9955E-05 0.0453394 9.9955E-05 0.569766 9.9955E-05
0.41805 0.0210428 0.182479 0.079018 9.9982E-05 0.121288 9.9982E-05 0.126027 0.0518945
0.444198 0.00619978 0.161965 0.0625401 9.9991E-05 0.140461 0.00849961 0.120675 0.0553614
0.249331 9.9973E-05 0.277984 0.0141453 9.9973E-05 0.136214 9.9973E-05 0.292395 0.0296305
0.084282 9.9946E-05 9.9946E-05 9.9946E-05 9.9946E-05 0.600242 9.9946E-05 0.314876 9.9946E-05
0.410796 0.0207962 0.153832 0.0513906 0.0275097 0.101851 0.037651 0.172743 0.0234315
0.236891 9.9973E-05 0.380542 9.9973E-05 9.9973E-05 0.10908 0.0273672 0.214714 0.0311059
0.105777 0.0270432 9.9991E-05 0.0261228 0.0210236 0.664187 0.0188287 0.0837632 0.053155
0.253926 9.9973E-05 0.227613 9.9973E-05 9.9973E-05 0.0842233 0.0465963 0.352474 0.0348677
0.133329 0.00364357 9.9982E-05 0.045836 9.9982E-05 0.612232 0.023613 0.0853724 0.0957746
9.99639E-05 0.0823926 9.99639E-05 0.0023879 0.208239 0.662287 0.0442942 9.99639E-05 9.99639E-05
9.99459E-05 9.99459E-05 9.99459E-05 0.0142535 9.99459E-05 0.0654914 0.919655 9.99459E-05 9.99459E-05
0.17109 0.0530494 0.184488 0.0346082 0.00866778 0.210745 0.0326642 0.304587 9.9991E-05
0.202419 0.0567323 0.128487 0.0286094 9.9991E-05 0.278958 0.0257863 0.239499 0.039409
0.151689 9.9946E-05 9.9946E-05 9.9946E-05 9.9946E-05 0.589836 9.9946E-05 0.257876 9.9946E-05
0.251555 0.0198442 0.202967 0.0383694 9.9982E-05 0.103845 0.0302424 0.352976 9.9982E-05
9.9955E-05 0.825626 0.0197435 9.9955E-05 9.9955E-05 0.02502 9.9955E-05 9.9955E-05 0.129111
9.9964E-05 0.00634755 0.0124661 9.9964E-05 9.9964E-05 0.0297421 0.0657912 0.885253 9.9964E-05
0.443575 0.00961723 0.135996 0.0476271 0.0190615 0.179382 9.9991E-05 0.129889 0.0347535
0.15923 9.9982E-05 0.281688 0.023114 9.9982E-05 0.146032 0.0447673 0.333511 0.0114566
0.407479 9.9982E-05 0.167089 0.0332757 9.9982E-05 0.159557 0.00461054 0.197904 0.0298856
0.36203 0.0425929 0.263221 0.0351845 9.9991E-05 0.0639269 0.0292791 0.199614 0.00405155
9.9946E-05 9.9946E-05 9.9946E-05 9.9946E-05 0.121365 9.9946E-05 0.199256 9.9946E-05 0.67878
0.042621 0.427615 9.9982E-05 0.041981 0.0386264 0.0402023 0.0646283 9.9982E-05 0.344126
0.0790117 9.9973E-05 0.106762 0.0188119 9.9973E-05 0.0184815 0.00414393 0.772489 9.9973E-05
9.9964E-05 0.900342 0.00146586 9.9964E-05 9.9964E-05 0.0391726 0.00903946 9.9964E-05 0.0495806
9.99549E-05 9.99549E-05 9.99549E-05 9.99549E-05 0.106092 9.99549E-05 0.206642 0.0245194 0.662247
9.99549E-05 9.99549E-05 0.00497252 0.00844102 0.101962 0.884125 9.99549E-05 9.99549E-05 9.99549E-05
9.993E-05 9.993E-05 9.993E-05 9.993E-05 9.993E-05 9.993E-05 9.993E-05 0.999201 9.993E-05
0.00382206 9.9964E-05 0.0027833 0.00130965 0.00965693 9.9964E-05 9.9964E-05 0.982028 9.9964E-05
0.048753 9.9973E-05 0.00301302 0.0262438 0.0208657 9.9973E-05 9.9973E-05 0.8874 0.0134241
9.9946E-05 9.9946E-05 0.0121125 0.0161882 9.9946E-05 9.9946E-05 9.9946E-05 0.9711 9.9946E-05
9.9973E-05 0.0610897 0.000559157 9.9973E-05 0.816683 0.0761044 9.9973E-05 0.0343733 0.0108904
9.9964E-05 9.9964E-05 0.0578455 0.035826 0.0183761 9.9964E-05 9.9964E-05 0.813571 0.073981
9.99459E-05 9.99459E-05 9.99459E-05 9.99459E-05 0.0961195 9.99459E-05 0.186435 9.99459E-05 0.716846
9.995E-05 9.995E-05 9.995E-05 9.995E-05 9.995E-05 0.0432234 0.0340986 9.995E-05 0.922078
0.0198743 0.000339727 9.9964E-05 0.0333341 0.084917 9.9964E-05 9.9964E-05 9.9964E-05 0.861135
9.9955E-05 9.9955E-05 0.0454054 0.0131648 0.0268632 9.9955E-05 9.9955E-05 9.9955E-05 0.914067
0.00720412 0.0496436 0.00478784 0.0111231 0.0373932 9.9973E-05 9.9973E-05 9.9973E-05 0.889548
0.541939 0.00533087 0.011786 0.0776731 9.9982E-05 0.163587 9.9982E-05 0.121206 0.0782788
0.562629 0.0395781 0.0160482 0.0837787 9.9991E-05 0.143492 0.00541043 0.0841624 0.064801
0.921638 0.0221015 9.99549E-05 9.99549E-05 0.0299596 9.99549E-05 9.99549E-05 9.99549E-05 0.0258016
0.873421 9.9964E-05 0.0195577 9.9964E-05 9.9964E-05 9.9964E-05 0.0260053 0.0631167 0.0174993
0.941539 9.9946E-05 0.00537401 9.9946E-05 9.9946E-05 9.9946E-05 0.0524873 9.9946E-05 9.9946E-05
0.268207 0.0348545 9.9973E-05 0.0281306 0.167859 0.460729 0.0399204 9.9973E-05 9.9973E-05
0.935795 0.0394903 9.9955E-05 0.0237485 0.000466469 9.9955E-05 9.9955E-05 9.9955E-05 9.9955E-05
0.0872687 0.24353 9.9982E-05 0.0200418 0.109917 9.9982E-05 0.161895 0.201142 0.176005
0.999201 9.993E-05 9.993E-05 9.993E-05 9.993E-05 9.993E-05 9.993E-05 9.993E-05 9.993E-05
0.988847 9.9937E-05 0.0104538 9.9937E-05 9.9937E-05 9.9937E-05 9.9937E-05 9.9937E-05 9.9937E-05
0.950799 9.9946E-05 0.0314907 9.9946E-05 9.9946E-05 9.9946E-05 9.9946E-05 0.0171104 9.9946E-05
0.229975 0.0272338 0.703559 9.9955E-05 9.9955E-05 9.9955E-05 0.0387318 9.9955E-05 9.9955E-05
0.986497 9.9946E-05 0.00785106 0.00505258 9.9946E-05 9.9946E-05 9.9946E-05 9.9946E-05 9.9946E-05
0.788883 9.9964E-05 0.133689 0.0261247 9.9964E-05 9.9964E-05 0.0254232 9.9964E-05 0.0254798
0.0138252 0.842013 9.9964E-05 0.00474696 9.9964E-05 0.0504137 9.9964E-05 9.9964E-05 0.0886015
0.059501 0.580623 9.9991E-05 0.0635468 0.0129427 0.0407455 0.0229987 0.0119854 0.207557
0.0416558 0.124456 9.9964E-05 9.9964E-05 9.9964E-05 0.129024 0.0148426 9.9964E-05 0.689622
9.9973E-05 0.069207 9.9973E-05 0.0255213 9.9973E-05 0.0246019 0.00563235 0.0240699 0.850668
0.00269892 0.121666 9.9964E-05 9.9964E-05 0.126952 0.716254 9.9964E-05 9.9964E-05 0.0320291
0.0188984 0.0649263 9.9982E-05 0.0254869 9.9982E-05 0.0954985 0.0410201 0.00598217 0.747988
9.9955E-05 0.947578 9.9955E-05 0.00797341 9.9955E-05 0.0236053 9.9955E-05 9.9955E-05 0.0203432
9.9937E-05 0.950411 9.9937E-05 9.9937E-05 9.9937E-05 9.9937E-05 9.9937E-05 9.9937E-05 0.0488899
9.99459E-05 0.033656 9.99459E-05 9.99459E-05 0.189161 0.776584 9.99459E-05 9.99459E-05 9.99459E-05
0.0527491 0.0338531 9.9973E-05 0.0361012 9.9973E-05 0.147048 9.9973E-05 0.00270113 0.727247
0.0302236 0.14999 0.00781973 0.0944921 9.9991E-05 0.171515 0.0424871 0.0141914 0.489182
0.0158136 0.0450371 9.99732E-05 0.0537346 0.122984 0.733142 9.99732E-05 9.99732E-05 0.0289888
9.99549E-05 0.0261194 9.99549E-05 9.99549E-05 0.184837 0.72014 0.068404 9.99549E-05 9.99549E-05
9.9964E-05 0.10508 9.9964E-05 9.9964E-05 0.129589 0.668537 0.0173703 9.9964E-05 0.0790231
0.00915296 0.491001 0.024042 9.9991E-05 0.0569703 0.022073 0.144796 0.0314367 0.220428
9.99549E-05 0.0518908 9.99549E-05 9.99549E-05 0.219327 0.671799 0.0564833 9.99549E-05 9.99549E-05
0.00229579 0.936081 9.9973E-05 0.0116626 9.9973E-05 0.00608415 0.0345304 9.9973E-05 0.00904664
9.99459E-05 9.99459E-05 0.0190176 9.99459E-05 0.12455 0.855833 9.99459E-05 9.99459E-05 9.99459E-05
9.9946E-05 9.9946E-05 0.00912403 9.9946E-05 0.0904681 0.899808 9.9946E-05 9.9946E-05 9.9946E-05
0.144228 9.9982E-05 0.137401 0.0238965 0.0416764 0.368516 0.0453752 0.238707 9.9982E-05
9.9946E-05 9.9946E-05 9.9946E-05 9.9946E-05 0.246669 0.731125 0.021606 9.9946E-05 9.9946E-05
9.99459E-05 9.99459E-05 9.99459E-05 9.99459E-05 0.218748 0.75534 0.0253122 9.99459E-05 9.99459E-05
9.9946E-05 9.9946E-05 9.9946E-05 9.9946E-05 0.245586 0.724824 0.0289897 9.9946E-05 9.9946E-05
0.0703486 0.0797333 9.9982E-05 0.095125 9.9982E-05 0.566933 0.00308816 0.0186217 0.16595
9.9955E-05 0.780412 9.9955E-05 9.9955E-05 9.9955E-05 0.0739958 9.9955E-05 0.00503027 0.140062
0.0190798 0.862156 9.9964E-05 9.9964E-05 9.9964E-05 0.0531777 0.0446451 0.0205417 9.9964E-05
0.0314983 0.854049 9.9973E-05 9.9973E-05 9.9973E-05 0.0881977 0.00611254 0.00613677 0.0137058
9.9955E-05 0.892261 9.9955E-05 0.00234778 9.9955E-05 0.0183773 9.9955E-05 9.9955E-05 0.0865139
9.9955E-05 0.00128425 9.9955E-05 9.9955E-05 9.9955E-05 0.048706 0.0565286 0.892981 9.9955E-05
9.99459E-05 9.99459E-05 0.0847796 9.99459E-05 9.99459E-05 9.99459E-05 0.764752 0.149869 9.99459E-05
9.9982E-05 0.127763 0.010818 0.0360302 0.0369966 9.9982E-05 0.0150676 0.00568828 0.767436
0.0022089 0.466993 9.9973E-05 0.03048 0.181216 9.9973E-05 0.0360926 9.9973E-05 0.28271
9.99639E-05 0.00166478 9.99639E-05 0.0157867 0.0394506 0.171232 0.771466 9.99639E-05 9.99639E-05
9.99549E-05 9.99549E-05 9.99549E-05 0.00421145 0.0422321 0.147179 0.805878 9.99549E-05 9.99549E-05
0.0150964 9.99549E-05 9.99549E-05 9.99549E-05 9.99549E-05 0.0478442 9.99549E-05 0.0398728 0.896687
9.9946E-05 9.9946E-05 9.9946E-05 9.9946E-05 0.118773 9.9946E-05 0.20048 9.9946E-05 0.680147
0.0305793 0.231817 0.496561 0.00310069 0.0622225 9.9982E-05 0.153492 0.0220273 9.9982E-05
0.0595602 0.292792 9.9973E-05 9.9973E-05 0.428887 0.0625279 0.0978157 0.0581181 9.9973E-05
9.99641E-05 0.100797 9.99641E-05 9.99641E-05 0.0370154 0.0426102 0.0272439 9.99641E-05 0.791933
0.0317565 9.9973E-05 0.00597305 0.0867218 9.9973E-05 0.588318 9.9973E-05 0.035595 0.251336
9.99549E-05 9.99549E-05 9.99549E-05 0.0479637 0.0734942 0.0934783 0.784564 9.99549E-05 9.99549E-05
0.0850868 0.079552 9.9964E-05 0.0945273 9.9964E-05 0.620614 9.9964E-05 9.9964E-05 0.11982
0.0646145 0.0635833 9.9973E-05 0.0971642 9.9973E-05 0.496286 9.9973E-05 0.0338844 0.244167
0.005101 9.9964E-05 0.00950562 0.0665226 9.9964E-05 0.021137 9.9964E-05 9.9964E-05 0.897334
0.000850396 0.00379945 0.0637868 0.00812173 9.9973E-05 0.030365 9.9973E-05 9.9973E-05 0.892777
9.9946E-05 9.9946E-05 0.0182655 9.9946E-05 9.9946E-05 0.042703 9.9946E-05 9.9946E-05 0.938432
0.0481749 0.0387523 9.9973E-05 0.0242939 0.0256271 0.0353948 9.9973E-05 9.9973E-05 0.827457
9.9973E-05 0.0202677 0.0109275 0.0163349 0.00797116 0.00681931 9.9973E-05 9.9973E-05 0.93738
9.9964E-05 0.0455546 0.00794986 9.9964E-05 0.0458113 9.9964E-05 0.0163902 9.9964E-05 0.883894
0.0451022 0.0209705 0.0600227 0.156275 9.9982E-05 0.22923 9.9982E-05 0.00317473 0.485025
0.0966566 0.00750335 0.0126681 0.133628 9.9982E-05 0.433422 9.9982E-05 0.0734266 0.242495
9.99461E-05 9.99461E-05 0.0105734 9.99461E-05 0.04513 9.99461E-05 9.99461E-05 9.99461E-05 0.943697
0.109187 0.0242383 9.9973E-05 0.0803562 9.9973E-05 0.505686 9.9973E-05 0.0470138 0.233219
0.0652766 0.0597736 0.0100239 0.0561865 9.9982E-05 0.683981 9.9982E-05 0.000343977 0.124214
9.993E-05 9.993E-05 0.999201 9.993E-05 9.993E-05 9.993E-05 9.993E-05 9.993E-05 9.993E-05
9.99459E-05 9.99459E-05 0.948757 9.99459E-05 9.99459E-05 0.017039 0.0336047 9.99459E-05 9.99459E-05
9.993E-05 9.993E-05 0.999201 9.993E-05 9.993E-05 9.993E-05 9.993E-05 9.993E-05 9.993E-05
9.9937E-05 9.9937E-05 0.989496 0.00980437 9.9937E-05 9.9937E-05 9.9937E-05 9.9937E-05 9.9937E-05
9.99459E-05 9.99459E-05 0.99549 0.00257758 9.99459E-05 9.99459E-05 9.99459E-05 9.99459E-05 0.00133291
9.993E-05 9.993E-05 0.999201 9.993E-05 9.993E-05 9.993E-05 9.993E-05 9.993E-05 9.993E-05
9.99459E-05 9.99459E-05 0.988565 0.01059 9.99459E-05 0.000245206 9.99459E-05 9.99459E-05 9.99459E-05
9.9946E-05 9.9946E-05 0.03456 9.9946E-05 0.062018 0.902822 9.9946E-05 9.9946E-05 9.9946E-05
9.99459E-05 9.99459E-05 9.99459E-05 0.0120395 0.340055 0.647305 9.99459E-05 9.99459E-05 9.99459E-05
0.0774233 9.9991E-05 0.168063 0.00373806 0.0298103 0.478393 0.0413221 0.197665 0.00348501
0.0871892 9.9964E-05 0.194796 9.9964E-05 9.9964E-05 0.508154 0.0511516 0.15831 9.9964E-05
0.0352172 0.0808116 0.0623183 9.9982E-05 9.9982E-05 0.0246013 0.000973848 0.0058696 0.790008
0.0281058 9.9973E-05 0.0114594 0.0529142 9.9973E-05 0.10137 9.9973E-05 0.0301886 0.775662
9.9955E-05 0.00352413 0.0196806 9.9955E-05 9.9955E-05 0.00852389 9.9955E-05 9.9955E-05 0.967772
9.9973E-05 0.00235462 0.0455967 0.0233766 0.0346641 9.9973E-05 0.00356227 0.890146 9.9973E-05
9.99369E-05 9.99369E-05 0.319105 9.99369E-05 9.99369E-05 9.99369E-05 9.99369E-05 0.680196 9.99369E-05
9.9955E-05 9.9955E-05 0.0456384 9.9955E-05 9.9955E-05 9.9955E-05 0.00632018 0.930235 0.0173071
9.9937E-05 9.9937E-05 0.337626 9.9937E-05 9.9937E-05 9.9937E-05 9.9937E-05 0.661674 9.9937E-05
0.0153684 0.0460076 0.13551 9.9973E-05 0.419398 9.9973E-05 9.9973E-05 0.365445 0.0179715
0.185446 9.9964E-05 0.27867 9.9964E-05 0.195667 9.9964E-05 9.9964E-05 0.293844 0.0459726
0.0418764 0.0184948 0.829367 9.9964E-05 0.0427798 9.9964E-05 9.9964E-05 0.0670817 9.9964E-05
9.9937E-05 9.9937E-05 0.368809 9.9937E-05 9.9937E-05 9.9937E-05 9.9937E-05 0.630491 9.9937E-05
9.9937E-05 9.9937E-05 0.341489 9.9937E-05 9.9937E-05 9.9937E-05 9.9937E-05 0.657811 9.9937E-05
0.00292936 9.9955E-05 9.9955E-05 0.00242128 9.9955E-05 9.9955E-05 9.9955E-05 0.980284 0.0138656
0.0320157 9.9964E-05 0.215564 9.9964E-05 0.0111535 9.9964E-05 9.9964E-05 0.724665 0.0162022
0.146752 0.315079 0.05918 0.13111 0.0906558 0.0283665 0.0217455 0.0430783 0.164034
9.9964E-05 9.9964E-05 0.0125496 0.000406491 0.012635 0.00593815 9.9964E-05 9.9964E-05 0.968071
9.99549E-05 9.99549E-05 0.0291333 9.99549E-05 0.0767084 0.880303 9.99549E-05 0.0133555 9.99549E-05
0.0268168 0.223977 9.9982E-05 0.0664421 0.0193042 0.049053 9.9982E-05 0.0312872 0.58292
9.9964E-05 0.157499 9.9964E-05 9.9964E-05 0.117794 0.709674 0.0131749 9.9964E-05 0.00145816
9.9973E-05 0.0231996 9.9973E-05 9.9973E-05 0.0389789 0.0273457 0.0496018 0.847911 0.0126636
0.0429595 9.9982E-05 0.82148 0.0220176 0.0366741 0.00730257 9.9982E-05 0.0538449 0.0155214
0.0287478 9.9982E-05 0.187593 9.9982E-05 0.00341002 0.0670739 0.0881603 0.584933 0.0398821
0.0606247 9.9964E-05 9.9964E-05 0.0941828 9.9964E-05 0.602328 9.9964E-05 0.0339725 0.208492
0.13556 0.0322583 9.9991E-05 0.108938 0.020211 0.528344 0.00491501 0.0597498 0.109924
0.0306065 0.34622 0.0257163 0.0281776 0.0492266 0.0353169 9.9982E-05 9.9982E-05 0.484536
9.9937E-05 9.9937E-05 9.9937E-05 9.9937E-05 0.785092 0.214208 9.9937E-05 9.9937E-05 9.9937E-05
0.717879 0.0156371 0.0450905 0.058508 9.9982E-05 9.9982E-05 0.0480666 0.0892775 0.025341
0.811516 9.9991E-05 0.0424936 0.00153469 0.00173559 0.016068 0.0380697 0.0529059 0.0355767
0.957827 9.99459E-05 9.99459E-05 9.99459E-05 9.99459E-05 0.00192694 0.039646 9.99459E-05 9.99459E-05
0.916687 9.9973E-05 0.0191698 0.0171683 0.00531106 9.9973E-05 0.00833917 0.0330248 9.9973E-05
0.928613 9.9937E-05 0.0706873 9.9937E-05 9.9937E-05 9.9937E-05 9.9937E-05 9.9937E-05 9.9937E-05
0.822477 0.0023004 0.11123 0.0322417 9.9973E-05 9.9973E-05 0.00402351 9.9973E-05 0.0274272
9.9955E-05 9.9955E-05 0.0200351 0.0228735 0.0968028 0.859789 9.9955E-05 9.9955E-05 9.9955E-05
0.0943807 9.9982E-05 0.384562 0.0532464 9.9982E-05 0.134477 0.0477414 0.252668 0.0327245
0.0359868 9.9964E-05 0.124387 9.9964E-05 9.9964E-05 0.0172021 9.9964E-05 0.78503 0.0369945
9.9937E-05 9.9937E-05 9.9937E-05 9.9937E-05 0.00335255 9.9937E-05 9.9937E-05 0.995948 9.9937E-05
0.008043 9.9955E-05 0.00780736 0.0156112 9.9955E-05 9.9955E-05 9.9955E-05 0.968039 9.9955E-05
0.00250563 9.9964E-05 0.272491 0.0175548 9.9964E-05 9.9964E-05 9.9964E-05 0.688767 0.0182821
0.999103 9.9937E-05 9.9937E-05 9.9937E-05 0.000197882 9.9937E-05 9.9937E-05 9.9937E-05 9.9937E-05
0.950648 0.0156191 0.009011 0.00105259 0.00986139 9.9982E-05 9.9982E-05 0.0125674 0.00104007
0.291764 9.9964E-05 0.671411 0.00617828 9.9964E-05 9.9964E-05 9.9964E-05 0.0176129 0.0126343
0.281604 0.0242507 0.67815 0.0134689 9.9964E-05 9.9964E-05 0.00212653 9.9964E-05 9.9964E-05
0.944218 9.9946E-05 0.0130216 9.9946E-05 9.9946E-05 9.9946E-05 9.9946E-05 0.042161 9.9946E-05
0.150561 0.0425073 0.801403 9.9964E-05 9.9964E-05 9.9964E-05 9.9964E-05 0.00108701 0.00404236
