0.0435412 0.039617 9.9991E-05 0.057627 0.0210167 0.197043 0.641055
0.0308974 9.9982E-05 0.0308137 0.305723 9.9982E-05 0.348174 0.284192
0.103698 0.035481 0.0327029 0.33906 0.0345836 0.252771 0.201703
0.0450458 0.0374274 9.9991E-05 0.0377547 0.00285793 0.2269 0.649914
0.0234902 0.0175056 9.9982E-05 0.916306 0.015119 9.9982E-05 0.0273788
0.0361273 0.00153689 0.0903656 0.268389 9.9991E-05 0.379045 0.224436
0.0942387 9.9973E-05 0.0254873 9.9973E-05 0.524877 9.9973E-05 0.355097
9.9964E-05 9.9964E-05 9.9964E-05 9.9964E-05 0.985635 0.00703553 0.00692981
9.9955E-05 9.9955E-05 9.9955E-05 9.9955E-05 0.989639 0.00986084 9.9955E-05
9.9973E-05 9.9973E-05 9.9973E-05 0.00534859 0.981596 0.00403029 0.00872569
0.824436 0.0223636 9.9982E-05 0.0340407 9.9982E-05 0.0265922 0.0923673
0.948775 9.9964E-05 9.9964E-05 9.9964E-05 0.0209133 9.9964E-05 0.0299119
0.942269 9.9973E-05 0.0179051 9.9973E-05 0.0259933 9.9973E-05 0.0135328
0.991701 9.9955E-05 9.9955E-05 9.9955E-05 9.9955E-05 9.9955E-05 0.00779965
9.9964E-05 0.0391893 0.857279 9.9964E-05 9.9964E-05 9.9964E-05 0.103132
9.9955E-05 9.9955E-05 9.9955E-05 9.9955E-05 0.968374 9.9955E-05 0.0311259
0.227787 9.9964E-05 9.9964E-05 9.9964E-05 0.00675736 9.9964E-05 0.765056
0.0900395 9.99641E-05 0.902254 9.99641E-05 0.00730652 9.99641E-05 9.99641E-05
0.20085 0.0551122 0.595468 9.9982E-05 0.0265301 9.9982E-05 0.12184
0.619505 0.0166005 0.357542 9.9973E-05 0.00605333 9.9973E-05 9.9973E-05
0.0317536 0.00101934 0.850845 9.9982E-05 0.0483205 9.9982E-05 0.0678617
0.88314 0.00255202 0.0848653 0.00472622 0.0245168 9.9982E-05 9.9982E-05
0.0774111 9.9964E-05 0.910698 9.9964E-05 9.9964E-05 0.0114907 9.9964E-05
0.789882 0.00701684 0.134514 9.9991E-05 0.0307823 0.036958 0.000746523
0.915618 9.9955E-05 0.0838823 9.9955E-05 9.9955E-05 9.9955E-05 9.9955E-05
0.00426965 9.9973E-05 0.943692 9.9973E-05 9.9973E-05 0.000441283 0.0512974
0.109386 9.9964E-05 0.873876 9.9964E-05 0.0163377 9.9964E-05 9.9964E-05
0.296018 0.0401446 0.610563 9.9973E-05 9.9973E-05 0.0529741 9.9973E-05
0.0141195 0.0124318 0.948293 9.9973E-05 0.0248558 9.9973E-05 9.9973E-05
0.0272218 0.0114366 0.952241 9.9973E-05 9.9973E-05 0.00880084 9.9973E-05
0.911999 0.0114666 0.0761345 9.9964E-05 9.9964E-05 9.9964E-05 9.9964E-05
0.928899 9.99551E-05 9.99551E-05 9.99551E-05 9.99551E-05 9.99551E-05 0.0706014
0.0838072 9.99551E-05 0.915693 9.99551E-05 9.99551E-05 9.99551E-05 9.99551E-05
0.771941 0.000850304 0.182951 0.00630291 0.0286819 9.9991E-05 0.00917238
0.0376407 9.9964E-05 0.954102 0.00785768 9.9964E-05 9.9964E-05 9.9964E-05
0.966877 0.00113619 0.0315873 9.9964E-05 9.9964E-05 9.9964E-05 9.9964E-05
0.0893595 9.9955E-05 0.910141 9.9955E-05 9.9955E-05 9.9955E-05 9.9955E-05
0.911389 0.0361829 0.0500204 9.9973E-05 0.00210766 9.9973E-05 9.9973E-05
9.9982E-05 0.117642 9.9982E-05 0.13988 0.0122529 0.121172 0.608853
9.9955E-05 9.9955E-05 9.9955E-05 0.611155 9.9955E-05 0.388345 9.9955E-05
0.841178 9.9964E-05 9.9964E-05 0.105133 9.9964E-05 9.9964E-05 0.0532889
0.0534238 9.9955E-05 0.946076 9.9955E-05 9.9955E-05 9.9955E-05 9.9955E-05
0.916065 0.0172054 0.0663297 9.9964E-05 9.9964E-05 9.9964E-05 9.9964E-05
0.0760994 0.0814601 9.9973E-05 9.9973E-05 9.9973E-05 0.580459 0.261681
0.236962 0.0441795 0.546943 9.9982E-05 0.0557233 9.9982E-05 0.115992
0.496392 0.0278252 0.395642 0.0017356 0.0137351 9.9991E-05 0.0645702
0.0424035 0.015798 0.86431 0.0204963 0.0249217 9.9991E-05 0.0319705
0.0284735 0.0429039 0.0704915 0.319227 9.9991E-05 0.362098 0.176706
9.9973E-05 0.532117 9.9973E-05 0.115093 9.9973E-05 0.275297 0.0771922
0.0111258 9.9973E-05 9.9973E-05 9.9973E-05 0.018182 0.00344594 0.966946
0.128928 0.00580539 9.9973E-05 9.9973E-05 0.00825271 9.9973E-05 0.856714
0.140469 9.9982E-05 0.00960821 9.9982E-05 0.0264074 0.0144936 0.808822
0.00952932 9.9955E-05 9.9955E-05 9.9955E-05 9.9955E-05 9.9955E-05 0.989971
0.0259692 0.0170494 9.9973E-05 0.0177136 0.938968 9.9973E-05 9.9973E-05
0.0225873 0.00471785 9.9982E-05 9.9982E-05 0.955274 0.00201302 0.0152074
0.725071 9.9973E-05 0.000379279 9.9973E-05 0.0425588 9.9973E-05 0.231691
0.93961 9.9964E-05 0.0494766 9.9964E-05 0.0105132 9.9964E-05 9.9964E-05
0.015948 0.0964785 0.250405 0.225605 0.0643961 9.9991E-05 0.347068
9.9982E-05 0.00524237 0.0203258 0.901322 9.9982E-05 0.0428001 0.0301099
9.9982E-05 0.3015 0.0339912 0.445567 9.9982E-05 0.173712 0.0450309
0.187831 9.9964E-05 9.9964E-05 9.9964E-05 9.9964E-05 0.0152176 0.796552
0.170908 9.9982E-05 0.0045933 0.0211533 0.00578314 9.9982E-05 0.797362
0.205551 0.0529888 9.9973E-05 9.9973E-05 9.9973E-05 0.0248876 0.716273
9.9955E-05 9.9955E-05 9.9955E-05 9.9955E-05 0.987184 9.9955E-05 0.012316
9.9982E-05 9.9982E-05 0.00481493 0.834558 0.00247778 0.125764 0.0321851
0.239962 9.99639E-05 0.0184133 9.99639E-05 9.99639E-05 9.99639E-05 0.741225
9.9982E-05 0.0528061 9.9982E-05 0.092261 0.0321772 0.0710209 0.751535
0.953461 9.9955E-05 0.0460388 9.9955E-05 9.9955E-05 9.9955E-05 9.9955E-05
0.991617 9.99551E-05 9.99551E-05 9.99551E-05 0.00788275 9.99551E-05 9.99551E-05
9.9982E-05 0.0254508 0.0393041 0.0428911 0.805432 9.9982E-05 0.0867224
9.9982E-05 0.0287023 0.0402322 0.0252267 0.812448 9.9982E-05 0.0931903
0.0258452 0.014935 0.0176327 9.9982E-05 0.883339 9.9982E-05 0.058048
9.9964E-05 9.9964E-05 9.9964E-05 0.0288778 0.958945 9.9964E-05 0.0117776
9.9973E-05 9.9973E-05 0.00253045 9.9973E-05 0.956929 0.00184818 0.0383923
0.0110177 9.9973E-05 9.9973E-05 0.00687924 0.973894 9.9973E-05 0.00790946
9.9955E-05 9.9955E-05 9.9955E-05 9.9955E-05 0.988819 0.010681 9.9955E-05
9.9955E-05 9.9955E-05 9.9955E-05 0.0172274 0.982273 9.9955E-05 9.9955E-05
0.000799522 9.9973E-05 9.9973E-05 9.9973E-05 0.964845 0.0134132 0.0206422
9.995E-05 9.995E-05 9.995E-05 9.995E-05 0.9994 9.995E-05 9.995E-05
0.0149909 0.0125658 9.9982E-05 9.9982E-05 0.944544 0.0140614 0.0136381
0.0169829 0.0125143 9.9973E-05 9.9973E-05 0.940229 9.9973E-05 0.0299741
9.9991E-05 0.00982517 0.00851577 0.0125908 0.936973 0.00447416 0.0275208
0.0440512 9.9973E-05 0.416573 9.9973E-05 0.537958 0.00111808 9.9973E-05
0.00893917 9.9964E-05 0.423526 9.9964E-05 0.567135 9.9964E-05 9.9964E-05
9.995E-05 9.995E-05 9.995E-05 9.995E-05 0.9994 9.995E-05 9.995E-05
9.9955E-05 9.9955E-05 9.9955E-05 9.9955E-05 0.955687 9.9955E-05 0.0438135
9.9964E-05 9.9964E-05 9.9964E-05 9.9964E-05 0.901629 0.0334922 0.0644794
9.9982E-05 0.003803 0.010292 0.0147714 0.942563 9.9982E-05 0.0283704
9.995E-05 9.995E-05 9.995E-05 9.995E-05 0.9994 9.995E-05 9.995E-05
0.00790943 9.99641E-05 0.432 9.99641E-05 0.559691 9.99641E-05 9.99641E-05
0.0271102 0.0283866 0.0198635 0.0200557 0.882173 0.0223107 9.9991E-05
0.00851966 0.0043629 0.000175093 9.9982E-05 0.94381 0.042932 9.9982E-05
0.00259006 0.0044467 0.00264414 0.00126449 0.951705 9.9991E-05 0.0372498
9.9982E-05 0.00689595 9.9982E-05 0.00375141 0.94166 0.0297086 0.0177844
0.0329541 0.0273991 0.0240359 0.00825757 0.86542 9.9991E-05 0.0418335
0.00629288 0.00321059 0.000439526 9.9982E-05 0.957615 9.9982E-05 0.0322419
0.00450247 0.0332979 0.632505 0.0804816 9.9991E-05 0.0565696 0.192544
9.9982E-05 9.9982E-05 0.0235798 0.0196527 0.948462 0.00282478 0.00528063
9.9955E-05 9.9955E-05 0.0108329 9.9955E-05 0.988667 9.9955E-05 9.9955E-05
0.00823176 0.00552232 0.0758153 0.0266015 0.717729 0.117256 0.0488448
9.995E-05 9.995E-05 9.995E-05 9.995E-05 0.9994 9.995E-05 9.995E-05
9.9955E-05 9.9955E-05 0.019278 9.9955E-05 0.980222 9.9955E-05 9.9955E-05
0.00784062 0.00415113 0.0141734 0.0079662 0.965242 9.9991E-05 0.000526875
0.000574913 0.0114117 0.00798174 0.00506651 0.974765 9.9982E-05 9.9982E-05
0.00792546 0.0183389 0.937676 9.9982E-05 0.0302752 0.00558401 9.9982E-05
9.995E-05 9.995E-05 9.995E-05 9.995E-05 0.9994 9.995E-05 9.995E-05
9.9973E-05 0.022751 0.0146432 9.9973E-05 0.956192 9.9973E-05 0.00611377
9.9955E-05 0.0126951 9.9955E-05 9.9955E-05 0.986805 9.9955E-05 9.9955E-05
0.285398 9.9982E-05 0.61455 9.9982E-05 0.0303355 0.0161746 0.0533419
0.0155737 0.0175867 0.0265677 0.021523 0.915694 9.9991E-05 0.00295465
0.0231655 0.0197355 9.9973E-05 9.9973E-05 0.931096 9.9973E-05 0.0257029
9.9964E-05 9.9964E-05 9.9964E-05 9.9964E-05 0.958445 0.0183791 0.0227755
9.9955E-05 9.9955E-05 9.9955E-05 9.9955E-05 0.980692 9.9955E-05 0.0188086
0.25499 9.9973E-05 0.665996 9.9973E-05 0.0269409 9.9973E-05 0.051774
9.9955E-05 9.9955E-05 9.9955E-05 9.9955E-05 0.996031 0.00346902 9.9955E-05
9.9973E-05 9.9973E-05 9.9973E-05 0.0224421 0.912951 0.0172287 0.0470779
0.0300278 9.9964E-05 0.453464 9.9964E-05 0.516109 9.9964E-05 9.9964E-05
0.00325877 9.9964E-05 9.9964E-05 9.9964E-05 0.989721 0.00662071 9.9964E-05
0.737213 0.0166119 0.21761 0.00299634 0.0253688 9.9982E-05 9.9982E-05
0.66637 9.9964E-05 0.300801 0.0324288 9.9964E-05 9.9964E-05 9.9964E-05
0.86292 9.9964E-05 0.0754954 9.9964E-05 9.9964E-05 0.0611843 9.9964E-05
0.0645297 9.9982E-05 0.877813 0.0191125 0.0304507 9.9982E-05 0.00789403
0.19221 0.0177656 9.9982E-05 9.9982E-05 0.0633559 0.00804324 0.718426
0.856859 9.9982E-05 0.0717473 0.0189802 0.010748 0.0414656 9.9982E-05
0.435911 0.0338621 0.209045 0.0423162 9.9982E-05 9.9982E-05 0.278666
0.74637 0.00738795 0.20002 0.0110382 0.034424 0.000660058 9.9991E-05
0.677912 0.0344275 0.27361 0.0137506 9.9973E-05 9.9973E-05 9.9973E-05
0.714603 0.0330348 0.231009 9.9982E-05 0.0127323 9.9982E-05 0.00842162
0.623018 0.0723879 0.273127 0.0308409 9.9982E-05 0.00042588 9.9982E-05
0.590544 0.0206015 0.313747 0.0316025 0.0168172 0.0265883 9.9991E-05
0.910536 9.9973E-05 0.0155284 0.0317205 0.0419154 9.9973E-05 9.9973E-05
0.910813 0.0140112 9.9982E-05 0.0222182 0.045697 0.00706081 9.9982E-05
0.922485 9.9973E-05 9.9973E-05 0.0253377 0.0376424 0.0142352 9.9973E-05
0.0645904 0.0491171 0.795273 0.00904883 0.0359641 0.00252457 0.0434816
9.995E-05 9.995E-05 9.995E-05 9.995E-05 9.995E-05 0.9994 9.995E-05
9.9973E-05 9.9973E-05 0.00840056 0.00262469 0.047809 0.940866 9.9973E-05
0.0217127 0.0530642 9.9982E-05 0.609456 9.9982E-05 0.215505 0.100063
0.140322 0.0408519 0.363642 0.00664219 0.105529 0.0358618 0.307151
9.9964E-05 0.0175915 9.9964E-05 9.9964E-05 9.9964E-05 0.961224 0.0207848
0.00070129 9.9991E-05 0.0223945 0.0142573 0.00554465 0.913824 0.0431783
0.503296 0.0193262 0.135658 0.0556672 0.116219 0.0269191 0.142915
9.9991E-05 0.293023 0.0120018 0.442299 0.00244552 0.214451 0.0356792
0.0389913 0.332604 0.0455459 0.451999 0.016732 0.0756552 0.0384725
0.00505802 0.397281 9.9982E-05 0.475056 9.9982E-05 0.0853888 0.0370161
9.9982E-05 0.571103 0.0326365 0.257826 0.0116123 9.9982E-05 0.126622
9.9982E-05 0.595283 0.0131755 0.266443 0.0129427 9.9982E-05 0.111956
9.9982E-05 0.395716 0.0213702 0.428892 9.9982E-05 0.107583 0.0462386
0.0825145 0.0291957 9.99729E-05 9.99729E-05 9.99729E-05 0.023971 0.864019
9.9973E-05 0.0231731 0.0455945 0.627507 9.9973E-05 0.303426 9.9973E-05
0.000300524 9.9982E-05 0.915707 0.00320039 0.0279631 9.9982E-05 0.0526287
9.9982E-05 0.00733639 0.94567 0.00748551 0.0274407 0.0118671 9.9982E-05
0.0171673 0.0287046 9.9991E-05 0.862059 0.00487842 0.0554887 0.0316025
0.161622 0.087085 0.221367 0.108291 0.108879 0.13191 0.180847
0.230484 9.9982E-05 0.0256536 9.9982E-05 0.00131121 0.0434249 0.698926
0.8394 0.00506041 9.9982E-05 0.0659347 9.9982E-05 0.0665402 0.0228644
0.124491 0.0353216 0.810353 9.9982E-05 0.0106589 9.9982E-05 0.0189756
0.613802 0.0470198 9.9991E-05 0.0533467 0.019177 0.250363 0.0161921
0.217136 0.0188238 0.0291977 9.9982E-05 9.9982E-05 0.0664513 0.668191
0.037656 0.163378 0.0429238 9.9982E-05 0.0154413 0.740401 9.9982E-05
0.130602 0.00183115 0.00893817 9.9991E-05 0.00939276 0.00882806 0.840307
0.0820893 0.152788 0.139768 0.0558606 0.0761762 0.0155081 0.47781
0.0134852 9.9964E-05 0.955913 9.9964E-05 0.0302018 9.9964E-05 9.9964E-05
9.9982E-05 9.9982E-05 0.0387199 0.616181 0.0259899 0.318027 0.000882245
0.529915 0.0390731 9.9973E-05 0.421324 9.9973E-05 0.00938848 9.9973E-05
0.0193638 0.0345016 0.0561253 0.86168 0.0281296 9.9982E-05 9.9982E-05
0.405652 0.0254198 0.0498082 0.0467621 0.021556 0.112419 0.338383
9.995E-05 9.995E-05 9.995E-05 0.9994 9.995E-05 9.995E-05 9.995E-05
0.295065 9.9964E-05 9.9964E-05 0.0191764 9.9964E-05 9.9964E-05 0.685358
0.0748039 0.0201306 0.0251005 0.815426 0.0454367 0.0129496 0.00615317
0.0342423 9.9991E-05 0.0214264 0.846261 0.0344218 0.0355698 0.0279786
0.0339625 9.9991E-05 0.876079 0.0681046 0.00899816 0.00822696 0.00452909
0.116432 0.023036 0.420938 0.0421924 9.9991E-05 0.307676 0.0896243
0.408129 0.0153099 0.334004 0.0541838 0.0308046 0.0521644 0.105404
0.00574264 0.839178 0.0356733 0.0782508 0.015303 9.9991E-05 0.0257517
0.00671593 0.94973 9.9973E-05 0.0288228 9.9973E-05 9.9973E-05 0.0144314
0.00351305 0.904633 9.9973E-05 0.0202786 9.9973E-05 9.9973E-05 0.0712756
0.0142157 0.881419 0.00798488 9.9982E-05 0.00753502 9.9982E-05 0.0886459
9.9955E-05 0.0360893 0.963411 9.9955E-05 9.9955E-05 9.9955E-05 9.9955E-05
9.9973E-05 9.9973E-05 0.932844 0.0261649 0.0176706 9.9973E-05 0.0230208
0.0566369 0.0326565 0.797774 9.9982E-05 0.0171512 9.9982E-05 0.0955813
9.9982E-05 0.421714 9.9982E-05 0.276811 0.00704235 0.227134 0.0670985
0.146318 0.097826 0.175929 0.143418 0.158045 0.0903158 0.18815
0.000554575 0.131847 0.390855 0.0409852 0.142442 9.9991E-05 0.293216
0.108112 9.9991E-05 0.76063 0.0318648 0.0331308 0.015778 0.0503843
0.0514425 0.00455371 0.681318 0.0240117 0.102774 0.0379125 0.0979874
9.9982E-05 0.0761015 0.771169 9.9982E-05 0.0590236 0.0403178 0.0531887
0.020652 0.0473808 0.515948 0.0696746 0.170489 0.0149388 0.160916
0.0375913 9.9991E-05 0.0310116 0.0581608 0.0279439 0.0965414 0.748651
0.921979 0.0201108 0.0241311 9.9973E-05 9.9973E-05 9.9973E-05 0.0334794
0.614912 9.9973E-05 0.251273 9.9973E-05 0.0590881 9.9973E-05 0.0744262
0.0040853 0.00553621 9.9991E-05 0.944295 0.00705765 0.0259791 0.0129466
9.9955E-05 9.9955E-05 9.9955E-05 0.918618 9.9955E-05 9.9955E-05 0.0808821
0.00533171 0.004706 0.0241557 0.864241 0.0094562 0.025332 0.0667775
9.9973E-05 0.216054 9.9973E-05 0.392353 9.9973E-05 0.179944 0.21135
9.9982E-05 0.150984 0.0149119 0.377009 0.051999 9.9982E-05 0.404896
9.9982E-05 0.15647 0.0307785 0.374438 0.0501979 9.9982E-05 0.387916
9.9982E-05 0.0332094 0.911943 9.9982E-05 0.00986229 0.00610504 0.0386807
0.0190589 0.0261602 0.82095 0.0159365 0.0203996 0.0285097 0.0689845
0.0181949 9.9964E-05 0.975919 9.9964E-05 9.9964E-05 0.0054858 9.9964E-05
0.292925 9.9973E-05 9.9973E-05 0.0138475 0.00843499 9.9973E-05 0.684493
9.9973E-05 0.0276455 0.018287 0.939021 0.0147465 9.9973E-05 9.9973E-05
0.00339854 9.9973E-05 9.9973E-05 0.915207 0.0305342 0.0505601 9.9973E-05
0.00226983 9.9964E-05 9.9964E-05 0.890938 9.9964E-05 0.106392 9.9964E-05
0.0413928 0.000191344 9.9973E-05 0.8164 9.9973E-05 0.141716 9.9973E-05
0.0259595 0.00663086 9.9982E-05 0.827845 0.0154356 0.123929 9.9982E-05
0.853723 9.9973E-05 9.9973E-05 0.0720808 9.9973E-05 0.0152401 0.058656
9.9991E-05 0.184837 0.0879917 0.218714 0.076714 0.334621 0.0970235
0.194954 9.99549E-05 9.99549E-05 9.99549E-05 9.99549E-05 9.99549E-05 0.804546
0.830438 0.00543171 9.9973E-05 0.0820335 9.9973E-05 9.9973E-05 0.0817971
9.9973E-05 9.9973E-05 0.802796 0.0220856 9.9973E-05 0.0635867 0.111232
0.956498 9.9955E-05 9.9955E-05 9.9955E-05 9.9955E-05 9.9955E-05 0.0430023
0.888254 0.0119528 9.9973E-05 9.9973E-05 0.00249961 9.9973E-05 0.0969936
0.86444 0.0164292 9.9982E-05 0.00140916 0.0121712 9.9982E-05 0.105351
0.0221601 9.9973E-05 9.9973E-05 0.926749 0.0301577 0.020633 9.9973E-05
0.00518838 9.9973E-05 9.9973E-05 0.974195 9.9973E-05 0.0142654 0.00605155
0.0254106 0.0279568 0.0460845 0.254524 0.00756988 0.390596 0.247857
0.00566891 9.9973E-05 9.9973E-05 0.910952 0.0473082 0.0357713 9.9973E-05
9.995E-05 9.995E-05 9.995E-05 0.9994 9.995E-05 9.995E-05 9.995E-05
0.529144 9.9964E-05 9.9964E-05 0.290112 9.9964E-05 0.180344 9.9964E-05
9.9982E-05 0.0694122 0.0333168 0.798811 9.9982E-05 0.0844824 0.0137774
9.9982E-05 0.0612277 0.0447639 0.785759 9.9982E-05 0.0973331 0.0107161
9.9991E-05 0.107931 0.083522 0.220487 0.0298365 0.137164 0.42096
0.264272 9.9973E-05 9.9973E-05 9.9973E-05 0.00187416 0.0279569 0.705597
0.0956343 9.9973E-05 9.9973E-05 0.65846 9.9973E-05 0.212645 0.0329609
0.0345642 0.0578147 0.301892 9.9982E-05 0.407473 0.198056 9.9982E-05
0.138188 9.9964E-05 9.9964E-05 0.53804 9.9964E-05 0.323372 9.9964E-05
0.0174456 9.9964E-05 9.9964E-05 0.974351 0.00780318 9.9964E-05 9.9964E-05
0.910912 0.0214491 9.9973E-05 0.0466732 9.9973E-05 9.9973E-05 0.0206663
0.619031 9.9973E-05 9.9973E-05 0.260945 9.9973E-05 0.0454448 0.0742784
0.166626 9.9964E-05 0.0227675 9.9964E-05 9.9964E-05 9.9964E-05 0.810206
9.9964E-05 9.9964E-05 9.9964E-05 0.0436435 9.9964E-05 0.00942866 0.946528
0.906764 9.9955E-05 0.0927364 9.9955E-05 9.9955E-05 9.9955E-05 9.9955E-05
0.117755 9.9973E-05 0.0118022 9.9973E-05 0.00316995 9.9973E-05 0.866973
0.265855 9.9964E-05 9.9964E-05 0.0316824 9.9964E-05 9.9964E-05 0.702062
0.299146 9.9964E-05 9.9964E-05 0.026799 9.9964E-05 9.9964E-05 0.673655
9.995E-05 9.995E-05 9.995E-05 9.995E-05 9.995E-05 9.995E-05 0.9994
0.310901 0.0301878 9.9982E-05 0.0107067 9.9982E-05 0.0863229 0.561682
0.223842 9.9955E-05 9.9955E-05 9.9955E-05 9.9955E-05 9.9955E-05 0.775658
9.9991E-05 0.123077 0.0983552 0.200537 0.039882 0.144979 0.39307
0.0419164 9.9964E-05 0.95432 9.9964E-05 0.00336328 9.9964E-05 9.9964E-05
9.9973E-05 9.9973E-05 0.783346 0.027132 9.9973E-05 0.0475665 0.141656
9.995E-05 9.995E-05 9.995E-05 9.995E-05 0.9994 9.995E-05 9.995E-05
0.0395776 0.0251056 0.703953 0.043954 9.9991E-05 0.0260191 0.161291
0.104228 9.9964E-05 0.876278 9.9964E-05 0.0190948 9.9964E-05 9.9964E-05
0.226257 9.9964E-05 0.336459 9.9964E-05 9.9964E-05 9.9964E-05 0.436885
0.0820406 9.9964E-05 0.86507 9.9964E-05 0.0524898 9.9964E-05 9.9964E-05
0.544505 0.0423348 0.285068 0.00733426 0.036264 9.9991E-05 0.084394
9.9973E-05 0.0252013 0.95289 0.016029 0.00557998 9.9973E-05 9.9973E-05
0.00199568 0.067219 0.174035 0.0018824 0.151505 9.9991E-05 0.603263
0.189982 0.0841997 0.0513343 9.9973E-05 9.9973E-05 9.9973E-05 0.674184
0.28883 0.0437785 0.192232 0.0196378 0.0379153 9.9991E-05 0.417506
0.0474107 9.9982E-05 0.90381 0.0175526 0.0171209 9.9982E-05 0.0139059
9.9964E-05 9.9964E-05 9.9964E-05 0.843889 0.0166855 0.139025 9.9964E-05
0.952069 9.9964E-05 0.0467017 9.9964E-05 9.9964E-05 0.000829012 9.9964E-05
9.9982E-05 0.114142 0.142525 0.0350578 0.10855 9.9982E-05 0.599524
0.914915 9.9964E-05 0.0414903 9.9964E-05 9.9964E-05 9.9964E-05 0.0431947
0.000645712 9.9973E-05 9.9973E-05 0.861039 9.9973E-05 0.10408 0.0339357
0.23508 9.99549E-05 9.99549E-05 9.99549E-05 9.99549E-05 9.99549E-05 0.76442
9.9964E-05 9.9964E-05 9.9964E-05 0.000897673 0.981341 0.0173612 9.9964E-05
0.00107046 0.0197713 0.0674575 9.9991E-05 0.700466 0.144433 0.0667021
9.9964E-05 9.9964E-05 0.980592 9.9964E-05 0.0149313 9.9964E-05 0.00407691
0.633875 9.9973E-05 0.248544 9.9973E-05 0.0523107 9.9973E-05 0.0649704
0.175546 9.99549E-05 9.99549E-05 9.99549E-05 9.99549E-05 9.99549E-05 0.823954
0.205649 9.99549E-05 9.99549E-05 9.99549E-05 9.99549E-05 9.99549E-05 0.793851
0.64133 0.0514224 9.9982E-05 0.0652665 9.9982E-05 0.105764 0.136017
0.66051 0.00583815 0.300561 9.9982E-05 0.0182397 9.9982E-05 0.0146506
9.9982E-05 0.0118948 0.0110391 0.889914 9.9982E-05 0.0190216 0.0679302
9.9982E-05 0.158712 0.0122647 0.36006 0.0261779 9.9982E-05 0.442585
0.0210141 0.315069 9.9982E-05 0.561928 9.9982E-05 0.10063 0.00115842
0.0282063 0.420898 0.065929 0.163033 0.107958 0.166651 0.0473245
0.0361447 0.441391 0.0624685 0.132155 0.0733852 0.160123 0.0943319
9.9991E-05 0.276395 0.0345951 0.307749 0.0260627 0.250823 0.104276
9.9982E-05 0.161057 0.00443768 0.393167 0.0387265 9.9982E-05 0.402411
0.0157913 0.437785 0.0518321 0.159689 0.0537444 0.166799 0.11436
9.9982E-05 0.278295 0.0655935 0.235603 9.9982E-05 0.366578 0.0537308
9.9982E-05 0.161326 0.0833016 0.118542 0.0396127 9.9982E-05 0.597018
9.9982E-05 0.243139 0.0570094 0.353631 9.9982E-05 0.260914 0.0851063
9.9982E-05 0.171284 0.140149 0.113477 0.0646468 9.9982E-05 0.510244
0.119185 9.9964E-05 9.9964E-05 9.9964E-05 0.00277046 9.9964E-05 0.877644
0.0584552 0.100422 9.9991E-05 0.00921005 0.0548515 0.249221 0.527741
0.0677967 0.185003 0.0110998 0.299475 0.0578961 0.202344 0.176386
0.071548 0.210939 0.0297664 0.279126 0.04686 0.146337 0.215423
9.9982E-05 0.209666 0.0391528 0.320357 0.0479128 9.9982E-05 0.382711
0.0172499 0.30612 9.9991E-05 0.335553 0.0463045 0.219031 0.0756411
0.823659 9.9973E-05 0.157018 9.9973E-05 0.017582 0.0014409 9.9973E-05
0.0216961 9.9973E-05 9.9973E-05 0.916587 9.9973E-05 0.0309285 0.0304888
0.0290598 0.441922 0.0723995 0.150318 0.0583566 0.130918 0.117026
9.9991E-05 0.182065 0.0504397 0.370783 0.0208243 0.297669 0.0781198
9.9991E-05 0.42926 0.0533337 0.209749 0.0553782 0.165513 0.0866661
0.0319984 0.378484 0.00720845 0.181115 0.0691968 0.285558 0.0464403
9.9982E-05 0.0184234 0.74944 0.0184758 9.9982E-05 0.0456665 0.167795
0.456454 0.0564354 0.361863 0.000819335 0.0511153 0.00309938 0.0702133
9.9973E-05 0.0936846 9.9973E-05 0.800622 0.0116726 0.0937211 9.9973E-05
0.895814 9.9973E-05 0.0951566 9.9973E-05 0.00234166 9.9973E-05 0.00638826
0.0137641 9.9982E-05 0.72205 0.0559139 9.9982E-05 0.0320925 0.175979
9.9973E-05 0.0149952 9.9973E-05 9.9973E-05 0.0507142 0.008396 0.925595
9.995E-05 9.995E-05 9.995E-05 0.9994 9.995E-05 9.995E-05 9.995E-05
9.9955E-05 9.9955E-05 9.9955E-05 0.989053 0.0104469 9.9955E-05 9.9955E-05
0.00797189 0.039821 9.9982E-05 0.895687 0.05121 0.00511017 9.9982E-05
9.9964E-05 0.00355901 9.9964E-05 0.993172 9.9964E-05 0.00286958 9.9964E-05
0.277485 9.9964E-05 9.9964E-05 0.0195413 9.9964E-05 9.9964E-05 0.702573
0.0078251 9.9982E-05 0.0597418 0.835656 0.0286951 0.0678818 9.9982E-05
9.9973E-05 9.9973E-05 0.764045 0.0288218 9.9973E-05 0.0535591 0.153274
9.9955E-05 0.0365297 0.962971 9.9955E-05 9.9955E-05 9.9955E-05 9.9955E-05
0.0401919 0.0340119 0.889408 9.9973E-05 0.0360886 9.9973E-05 9.9973E-05
9.9982E-05 9.9982E-05 0.972941 0.00200195 0.0163817 0.000246782 0.00822816
0.0428697 9.9973E-05 0.91317 9.9973E-05 0.0221449 0.0215152 9.9973E-05
0.00537622 0.592661 0.10212 0.0937367 0.0760087 0.0251218 0.104976
0.00983648 0.565858 0.0809294 0.106854 0.0940014 0.0278849 0.114636
0.0295116 0.924172 0.0204768 9.9973E-05 9.9973E-05 9.9973E-05 0.0255394
9.9982E-05 0.863776 0.0103617 0.103284 0.00324541 0.0191327 9.9982E-05
0.00538893 0.942125 9.999E-05 0.00792355 0.0049885 0.0393738 9.999E-05
0.0527525 0.297591 0.00296345 9.9991E-05 0.0232286 0.00841994 0.614944
0.035769 0.963731 9.9955E-05 9.9955E-05 9.9955E-05 9.9955E-05 9.9955E-05
0.298135 0.110366 0.180511 0.22386 0.00788305 0.0291304 0.150114
9.995E-05 0.9994 9.995E-05 9.995E-05 9.995E-05 9.995E-05 9.995E-05
9.995E-05 0.9994 9.995E-05 9.995E-05 9.995E-05 9.995E-05 9.995E-05
9.9973E-05 0.963975 9.9973E-05 0.00144009 0.00259907 0.031686 9.9973E-05
9.9982E-05 0.2415 0.0270717 0.0183588 0.00803331 0.704836 9.9982E-05
9.9955E-05 0.991275 9.9955E-05 9.9955E-05 9.9955E-05 0.008225 9.9955E-05
9.9973E-05 0.833999 0.0287683 9.9973E-05 0.00571978 0.131213 9.9973E-05
0.860635 0.0232601 0.115705 9.9964E-05 9.9964E-05 9.9964E-05 9.9964E-05
0.569061 0.0600452 0.237508 0.00998172 0.0683651 9.9991E-05 0.0549395
0.118316 0.040687 0.746498 9.9982E-05 0.00622188 9.9982E-05 0.0880775
0.0748559 9.9964E-05 0.885653 9.9964E-05 0.0390911 9.9964E-05 9.9964E-05
0.0997156 0.0445699 0.0588835 9.9973E-05 9.9973E-05 9.9973E-05 0.796531
0.0763674 0.0336701 0.809644 0.0015641 0.0494364 9.9991E-05 0.0292182
0.94484 9.9973E-05 0.0378171 0.0057228 0.0113202 9.9973E-05 9.9973E-05
0.902009 9.9955E-05 0.0974916 9.9955E-05 9.9955E-05 9.9955E-05 9.9955E-05
0.0373349 9.9955E-05 9.9955E-05 9.9955E-05 9.9955E-05 9.9955E-05 0.962165
0.0453238 0.0212325 0.736218 0.0199942 0.0761033 9.9991E-05 0.101028
0.16073 0.0326959 0.522614 0.0224881 0.109304 0.0208141 0.131353
9.99732E-05 0.0576514 0.092887 9.99732E-05 0.0625648 9.99732E-05 0.786597
0.0220651 0.0351743 0.00411494 9.9982E-05 0.0185231 9.9982E-05 0.919923
0.099731 0.0330226 0.0839815 9.9982E-05 0.00287361 9.9982E-05 0.780191
0.543536 9.9991E-05 0.248148 0.0578959 0.00502137 0.0566069 0.088691
0.0598429 0.0147472 0.0182966 9.9982E-05 0.00559611 9.9982E-05 0.901317
0.954152 0.0132485 0.0242586 0.00149042 0.00665068 9.9982E-05 9.9982E-05
9.9973E-05 9.9973E-05 9.9973E-05 0.0255966 0.0069084 0.0195099 0.947685
9.9973E-05 9.9973E-05 9.9973E-05 0.0351008 0.0297179 0.0169125 0.917969
9.9982E-05 0.180108 9.9982E-05 0.263579 0.0664505 0.132686 0.356977
0.00707057 9.9964E-05 9.9964E-05 9.9964E-05 0.0206918 9.9964E-05 0.971838
9.9955E-05 9.9955E-05 9.9955E-05 9.9955E-05 0.00213568 9.9955E-05 0.997365
9.9964E-05 9.9964E-05 0.0173654 9.9964E-05 0.00288991 9.9964E-05 0.979345
0.0312999 0.0877585 0.232861 0.0560313 0.109341 9.9991E-05 0.482609
0.776035 9.9982E-05 0.166934 0.0149059 9.9982E-05 0.00215758 0.0397676
0.875712 0.0245401 0.0446941 0.0227046 9.9982E-05 9.9982E-05 0.0321495
0.850289 9.9982E-05 0.0443276 0.0279234 0.00228438 9.9982E-05 0.0749761
0.874212 9.9973E-05 0.102604 9.9973E-05 0.0128996 0.00998439 9.9973E-05
9.9964E-05 9.9964E-05 0.00617084 0.941994 9.9964E-05 9.9964E-05 0.0514358
0.0532199 0.0171135 0.0461464 0.246987 0.0152663 0.38671 0.234557
0.156625 9.9982E-05 0.779608 0.00787335 0.020264 0.0354303 9.9982E-05
0.515149 0.0280783 0.301891 9.9991E-05 0.00162448 0.006466 0.146692
0.0644711 0.0381532 0.00610415 0.0366975 0.0448338 0.202904 0.606836
0.0673659 0.0394314 0.0114739 0.0492782 0.0405388 0.190281 0.60163
9.9982E-05 0.0106648 0.926843 0.0427703 0.0109725 9.9982E-05 0.00854921
0.00266076 9.9982E-05 0.770827 0.0271608 9.9982E-05 0.0347066 0.164445
0.283306 0.0530272 9.9991E-05 0.023195 0.0123082 0.553478 0.0745853
0.458764 0.0279835 0.0131672 0.0873971 9.9991E-05 0.0176383 0.39495
0.106398 9.99641E-05 0.860854 9.99641E-05 9.99641E-05 9.99641E-05 0.0323483
9.9982E-05 0.0551093 0.273417 0.0908594 0.128916 9.9982E-05 0.451498
0.0764816 0.0908147 9.9991E-05 0.00243665 0.0659436 0.196094 0.56813
0.0467078 0.126533 0.163614 0.0474719 0.148738 9.9991E-05 0.466835
0.0460334 0.10951 0.297273 0.0654825 0.130659 9.9991E-05 0.350943
0.0141684 9.9973E-05 0.905192 9.9973E-05 0.0713324 0.00900729 9.9973E-05
9.9973E-05 9.9973E-05 0.936363 0.0187878 0.0200682 0.0244813 9.9973E-05
9.9964E-05 9.9964E-05 0.967611 9.9964E-05 0.00554536 0.026444 9.9964E-05
0.0390112 0.0203227 0.874197 0.0159831 0.034008 9.9991E-05 0.0163775
0.00313386 9.9973E-05 0.973119 9.9973E-05 0.0221915 0.00125579 9.9973E-05
0.0706604 9.9973E-05 0.926414 9.9973E-05 9.9973E-05 0.00116275 0.00146263
9.9991E-05 0.0299826 0.548817 0.0493951 0.154412 0.080964 0.136329
0.00317564 0.172454 0.250712 0.0906873 0.140015 9.9991E-05 0.342856
9.9964E-05 9.9964E-05 0.957862 9.9964E-05 9.9964E-05 0.0256514 0.0160872
0.00264196 0.128463 0.294103 0.0772012 0.105856 9.9991E-05 0.391635
0.0578822 0.080082 0.177807 0.0508657 0.0960784 0.00874239 0.528542
9.995E-05 9.995E-05 9.995E-05 9.995E-05 9.995E-05 0.9994 9.995E-05
9.9964E-05 0.0109446 9.9964E-05 9.9964E-05 9.9964E-05 0.97963 0.00902527
9.995E-05 9.995E-05 9.995E-05 9.995E-05 9.995E-05 0.9994 9.995E-05
9.995E-05 9.995E-05 9.995E-05 9.995E-05 9.995E-05 0.9994 9.995E-05
9.995E-05 9.995E-05 9.995E-05 9.995E-05 9.995E-05 0.9994 9.995E-05
9.995E-05 9.995E-05 9.995E-05 9.995E-05 9.995E-05 0.9994 9.995E-05
9.995E-05 9.995E-05 9.995E-05 9.995E-05 9.995E-05 0.9994 9.995E-05
9.9982E-05 9.9982E-05 0.00805141 0.0267922 0.0315113 0.0302111 0.903234
9.9964E-05 9.9964E-05 9.9964E-05 9.9964E-05 0.0364459 0.004865 0.958289
9.9991E-05 0.116857 0.000581605 0.220641 0.013711 0.161314 0.486795
9.9982E-05 0.139956 9.9982E-05 0.206508 0.0283745 0.162558 0.462404
0.0523962 0.0236901 0.844966 0.0147311 0.00196996 0.0558014 0.00644546
9.9991E-05 0.0504087 0.78339 0.0194937 0.0385127 0.00659855 0.101497
9.99551E-05 9.99551E-05 0.987561 9.99551E-05 9.99551E-05 0.0119392 9.99551E-05
0.01323 9.9973E-05 9.9973E-05 0.891057 0.0113243 0.0840889 9.9973E-05
9.9955E-05 9.9955E-05 9.9955E-05 0.675217 9.9955E-05 0.324283 9.9955E-05
9.9982E-05 0.00593875 0.00688192 0.899966 0.00203917 0.0849746 9.9982E-05
9.9955E-05 9.9955E-05 9.9955E-05 0.63928 9.9955E-05 0.36022 9.9955E-05
0.201104 9.9973E-05 9.9973E-05 0.378593 9.9973E-05 0.14295 0.277053
0.057124 0.189613 0.0406771 0.29436 9.9991E-05 0.290689 0.127437
0.0454745 0.0460794 9.9991E-05 0.0912988 0.0117705 0.797512 0.0077648
9.9955E-05 9.9955E-05 9.9955E-05 0.621984 9.9955E-05 0.377516 9.9955E-05
9.9955E-05 9.9955E-05 9.9955E-05 0.670535 9.9955E-05 0.328966 9.9955E-05
9.9955E-05 9.9955E-05 0.00431925 0.995181 9.9955E-05 9.9955E-05 9.9955E-05
9.9982E-05 0.0163349 0.0103031 0.738543 0.00491434 0.229704 9.9982E-05
0.347197 0.157044 0.163979 0.0385553 0.118065 0.0715551 0.103605
9.9955E-05 9.9955E-05 0.992474 9.9955E-05 9.9955E-05 0.00702651 9.9955E-05
9.9982E-05 9.9982E-05 0.0219197 0.0413844 0.0223639 0.021233 0.892899
0.174583 0.0109301 0.663752 0.0427543 0.0553507 9.9991E-05 0.0525299
0.0888677 0.0186489 0.0673019 9.9982E-05 0.00109798 9.9982E-05 0.823884
9.9973E-05 9.9973E-05 0.0389377 0.879261 9.9973E-05 0.0201198 0.0613816
9.9991E-05 0.080912 0.0238575 0.0545683 0.00420664 0.835771 0.000584894
9.9991E-05 0.0693863 0.0279068 0.604473 0.00514025 0.234514 0.0584794
9.9982E-05 0.0511177 0.274364 0.0852496 0.1293 9.9982E-05 0.459768
0.054987 0.145557 0.0982266 0.0978066 0.143984 9.9991E-05 0.459339
0.31985 0.027942 0.525819 0.0268322 0.0437901 0.00547421 0.0502918
0.103937 9.99549E-05 9.99549E-05 9.99549E-05 9.99549E-05 9.99549E-05 0.895563
0.0216349 0.717429 0.0533932 0.0904017 0.0529847 0.0640562 9.9991E-05
9.9991E-05 0.807451 0.019748 0.0800374 0.0287677 0.0393162 0.0245794
9.9973E-05 0.971784 9.9973E-05 9.9973E-05 0.00232614 0.0225013 0.00308876
9.9982E-05 0.928287 9.9982E-05 0.0294272 0.00808884 0.0273429 0.00665402
9.9955E-05 0.960509 9.9955E-05 9.9955E-05 9.9955E-05 0.0389914 9.9955E-05
9.9982E-05 0.802771 0.0299195 0.00386152 0.0349771 0.128271 9.9982E-05
9.9982E-05 9.9982E-05 0.00719051 0.0393957 0.0542845 0.0397518 0.859178
9.9991E-05 0.155053 0.0689783 0.280226 0.065526 0.375056 0.0550606
0.0190932 0.0427833 0.0288751 0.80339 0.0132216 0.0921625 0.000473837
9.995E-05 9.995E-05 9.995E-05 0.9994 9.995E-05 9.995E-05 9.995E-05
0.00161411 9.9973E-05 9.9973E-05 0.963657 0.0131396 0.0212897 9.9973E-05
9.9964E-05 9.9964E-05 0.0129238 0.691303 9.9964E-05 0.295373 9.9964E-05
9.995E-05 0.9994 9.995E-05 9.995E-05 9.995E-05 9.995E-05 9.995E-05
9.9973E-05 0.956609 0.0198696 9.9973E-05 0.0066079 0.0166138 9.9973E-05
9.9973E-05 0.315602 0.00211189 0.0385969 9.9973E-05 0.64339 9.9973E-05
0.00673059 0.311169 9.9973E-05 9.9973E-05 0.0114637 0.670337 9.9973E-05
9.9964E-05 0.949694 9.9964E-05 0.0197908 9.9964E-05 0.0301149 9.9964E-05
0.0219384 0.168009 0.00251053 0.00614343 9.9982E-05 0.801198 9.9982E-05
0.0332386 0.0763379 0.344542 0.0501104 9.9982E-05 0.495572 9.9982E-05
0.0711405 9.9982E-05 0.812914 9.9982E-05 0.0181425 0.003828 0.0937747
0.174856 0.0338294 0.761771 9.9973E-05 9.9973E-05 0.0292436 9.9973E-05
0.0702626 9.9973E-05 0.884284 9.9973E-05 0.0389024 0.00625058 9.9973E-05
0.0391614 9.9973E-05 0.916166 9.9973E-05 0.0281193 0.0162534 9.9973E-05
9.995E-05 0.9994 9.995E-05 9.995E-05 9.995E-05 9.995E-05 9.995E-05
9.995E-05 0.9994 9.995E-05 9.995E-05 9.995E-05 9.995E-05 9.995E-05
0.00544554 0.304754 0.00252994 9.9973E-05 9.9973E-05 0.686971 9.9973E-05
9.9964E-05 0.552064 0.0149701 9.9964E-05 9.9964E-05 0.432566 9.9964E-05
9.9955E-05 0.978335 9.9955E-05 9.9955E-05 0.0211654 9.9955E-05 9.9955E-05
0.0051011 0.924206 0.00061636 0.0345605 0.0203558 9.9991E-05 0.0150598
9.99549E-05 0.974027 9.99549E-05 9.99549E-05 9.99549E-05 0.0254734 9.99549E-05
9.9973E-05 0.220358 0.00823725 9.9973E-05 0.00302012 0.768085 9.9973E-05
0.221822 9.9964E-05 0.0611785 9.9964E-05 9.9964E-05 9.9964E-05 0.7166
0.365172 9.9973E-05 9.9973E-05 9.9973E-05 0.0153481 0.0446047 0.574576
0.279843 9.99641E-05 9.99641E-05 9.99641E-05 0.000381997 9.99641E-05 0.719375
0.20393 0.0206872 0.0322141 9.9991E-05 0.0155394 0.0273308 0.700198
0.00453488 0.394225 0.0270063 0.315461 9.9991E-05 0.149142 0.109531
9.9982E-05 0.33957 0.0178435 0.408638 9.9982E-05 0.201352 0.0323959
0.0482797 0.288272 9.9973E-05 0.482642 9.9973E-05 0.180506 9.9973E-05
0.0245252 0.268121 9.9982E-05 0.532376 9.9982E-05 0.12113 0.0536478
9.9991E-05 0.516433 0.100762 0.100021 0.101731 0.0412324 0.139722
9.9982E-05 0.0367862 9.9982E-05 0.455044 0.0457449 0.110018 0.352207
0.0123697 0.972825 9.9964E-05 9.9964E-05 9.9964E-05 9.9964E-05 0.0144051
0.012605 0.0886608 9.9964E-05 9.9964E-05 9.9964E-05 0.898334 9.9964E-05
0.0252441 0.116387 9.9973E-05 9.9973E-05 0.0129462 0.845123 9.9973E-05
0.0154676 0.0193154 0.464711 0.0553132 0.0348426 9.99911E-05 0.41025
0.0043966 0.0228394 0.0473881 0.102237 0.0608657 0.0707473 0.691526
0.118928 9.9973E-05 0.870051 9.9973E-05 0.00978488 9.9973E-05 0.000936531
0.917167 9.9973E-05 0.0432143 9.9973E-05 0.0294598 0.00985884 9.9973E-05
0.673856 0.00331959 0.275077 9.9982E-05 0.035235 0.0123124 9.9982E-05
0.423581 0.0254087 0.492025 0.0329164 0.00404927 9.9991E-05 0.0219197
0.0497733 0.0505224 0.389892 0.0040524 0.0216185 0.00720576 0.476936
0.0777704 9.9955E-05 0.92173 9.9955E-05 9.9955E-05 9.9955E-05 9.9955E-05
0.0201153 0.00782917 0.9606 0.0111561 9.9973E-05 9.9973E-05 9.9973E-05
0.0277731 0.0474335 0.880645 0.0114805 9.9982E-05 9.9982E-05 0.0324677
0.0597309 9.9973E-05 0.912335 0.00670037 0.0209343 9.9973E-05 9.9973E-05
0.0416957 0.453007 0.101176 0.107071 0.0632099 0.0485056 0.185335
0.039012 0.27399 0.41118 0.0456803 0.0168384 0.0665718 0.146728
9.99911E-05 0.250593 0.284709 0.17315 0.0105616 0.160521 0.120365
9.9991E-05 0.466532 0.0345267 0.156511 0.0379287 0.146636 0.157765
0.112131 9.9991E-05 0.537684 0.0261514 0.0559357 0.0907955 0.177203
9.9973E-05 9.9973E-05 0.938037 0.0108177 0.0321903 0.0186554 9.9973E-05
9.9982E-05 0.0311747 0.00717201 0.0650413 9.9982E-05 0.859019 0.037393
0.0787414 0.0469213 0.724858 9.9991E-05 0.0832022 0.0063321 0.0598456
0.862358 0.0140254 0.114855 0.00846215 9.9973E-05 9.9973E-05 9.9973E-05
0.949051 9.9973E-05 0.00433413 0.0189166 0.0273985 9.9973E-05 9.9973E-05
0.0435232 9.9964E-05 0.951105 9.9964E-05 9.9964E-05 0.0049721 9.9964E-05
0.00387847 0.117108 0.143236 0.0168036 0.507687 0.0259316 0.185356
0.381988 0.00326453 0.491236 0.0175282 9.9991E-05 0.0231523 0.0827308
0.901754 0.0040766 0.09377 9.9964E-05 9.9964E-05 9.9964E-05 9.9964E-05
0.177732 0.0544105 0.646019 9.9991E-05 0.0127523 0.00771877 0.101267
0.0516507 0.0843038 0.0978313 0.0151728 0.493216 0.0507691 0.207056
9.9964E-05 9.9964E-05 0.0132136 0.00723943 0.979147 9.9964E-05 9.9964E-05
9.9982E-05 0.0640473 0.021109 0.759046 9.9982E-05 0.122088 0.0335102
0.679395 0.00407593 0.0788394 0.0729242 0.0146172 0.0306837 0.119465
0.0443509 0.073967 0.0148653 0.0150371 0.0705709 0.233493 0.547716
9.9991E-05 0.02849 0.0322211 0.0482109 0.0432224 0.0204917 0.827264
9.9982E-05 9.9982E-05 0.0802716 0.0141642 0.0372342 0.0570234 0.811107
0.90898 0.019191 9.9973E-05 9.9973E-05 0.0222823 9.9973E-05 0.0492466
0.0367417 0.00296223 9.9991E-05 0.916123 0.000412377 0.00550439 0.0381565
0.0232766 0.0508203 0.0399836 0.0375442 0.0541459 0.486861 0.307369
0.194514 9.9955E-05 9.9955E-05 9.9955E-05 9.9955E-05 9.9955E-05 0.804986
0.966217 9.9973E-05 0.0133214 9.9973E-05 9.9973E-05 0.00107314 0.0190886
0.164813 9.9973E-05 9.9973E-05 9.9973E-05 0.0280777 0.000590475 0.806219
0.0692905 0.0503788 0.015562 0.0516674 0.0585531 0.224764 0.529784
0.0723156 0.0482164 0.00611353 0.0269207 0.0766025 0.250673 0.519159
9.9982E-05 0.0455336 0.0780291 0.29766 9.9982E-05 0.368314 0.210263
0.0340909 0.050052 0.0593499 0.653651 0.0199097 0.132657 0.0502892
9.9991E-05 0.0375483 0.0379996 0.103683 0.00445269 0.408802 0.407415
9.9991E-05 0.0183179 0.0251682 0.0960568 0.0221454 0.0553171 0.782895
0.951685 9.9964E-05 0.0159205 9.9964E-05 9.9964E-05 9.9964E-05 0.0319944
0.927733 9.9964E-05 0.0303398 9.9964E-05 9.9964E-05 9.9964E-05 0.0415277
0.0314243 0.070594 0.410999 0.0580797 0.127962 9.9991E-05 0.300841
0.0500013 9.9991E-05 0.0399439 0.242194 0.0294104 0.390831 0.24752
9.9973E-05 9.9973E-05 9.9973E-05 0.0625847 0.012175 0.0232807 0.90166
9.9982E-05 9.9982E-05 0.951252 0.0149776 0.0103109 0.00116208 0.022098
9.9982E-05 0.185522 0.027649 0.337559 0.0315106 9.9982E-05 0.417559
0.024059 0.109414 0.386515 0.0929413 0.00904548 0.0353417 0.342684
9.99911E-05 0.283927 0.0396115 0.354512 0.148269 0.0768093 0.0967721
0.0450284 0.0531964 0.519965 0.0577074 0.136029 0.0464262 0.141648
0.502754 9.9973E-05 9.9973E-05 0.0157635 0.0399736 9.9973E-05 0.441209
9.9982E-05 0.0859394 0.203755 0.0360309 0.0724237 9.9982E-05 0.601651
9.9955E-05 0.00582855 0.993672 9.9955E-05 9.9955E-05 9.9955E-05 9.9955E-05
0.00379443 0.0608825 0.924854 9.9973E-05 9.9973E-05 9.9973E-05 0.0101687
0.940658 9.9964E-05 0.0324943 9.9964E-05 9.9964E-05 9.9964E-05 0.0264475
0.00148834 9.9964E-05 0.98061 9.9964E-05 0.0175022 9.9964E-05 9.9964E-05
0.0126319 0.0657541 0.61992 0.0584183 0.0674834 0.0499174 0.125874
0.0584761 0.0209918 0.852544 9.9991E-05 0.0378102 0.0274094 0.00266876
0.0580151 9.9982E-05 0.828856 0.0171953 9.9982E-05 0.0317532 0.0639804
0.0586471 0.0385542 0.0349764 0.049336 0.083541 0.231732 0.503214
9.9982E-05 0.0668258 0.00878299 0.787979 9.9982E-05 0.129254 0.00695783
9.9973E-05 0.0199789 9.9973E-05 0.923276 0.000997051 0.0554484 9.9973E-05
0.84028 9.99731E-05 0.117334 9.99731E-05 0.0183243 9.99731E-05 0.0237623
0.0215656 0.0699005 0.0140857 0.781341 9.9982E-05 0.112907 9.9982E-05
9.9982E-05 0.0133017 0.0221713 0.00325774 0.922213 9.9982E-05 0.0388566
0.0264695 0.022212 9.9964E-05 9.9964E-05 0.950919 9.9964E-05 9.9964E-05
0.083754 0.0315542 0.197767 0.174587 0.512138 9.9982E-05 9.9982E-05
9.9982E-05 0.0111022 0.802816 0.0253953 9.9982E-05 0.0214665 0.13902
9.9955E-05 9.9955E-05 9.9955E-05 9.9955E-05 0.977234 0.0222659 9.9955E-05
9.9955E-05 0.0155852 9.9955E-05 9.9955E-05 0.983915 9.9955E-05 9.9955E-05
9.9964E-05 0.00725931 9.9964E-05 9.9964E-05 0.986251 0.00608983 9.9964E-05
0.000907073 9.9973E-05 0.00111717 9.9973E-05 0.991216 0.00645938 9.9973E-05
9.9955E-05 9.9955E-05 9.9955E-05 0.00155487 0.997945 9.9955E-05 9.9955E-05
0.970795 9.9964E-05 9.9964E-05 9.9964E-05 9.9964E-05 0.0208582 0.00794681
9.9982E-05 9.9982E-05 0.0056453 0.079506 0.0375759 0.0303543 0.846719
0.239513 0.0280959 9.9982E-05 9.9982E-05 0.0227562 0.0186622 0.690773
0.16502 9.99549E-05 9.99549E-05 9.99549E-05 9.99549E-05 9.99549E-05 0.834481
0.418004 9.9964E-05 0.482709 9.9964E-05 9.9964E-05 9.9964E-05 0.0988867
0.923022 9.9964E-05 9.9964E-05 9.9964E-05 0.0442131 9.9964E-05 0.0323646
9.9973E-05 9.9973E-05 9.9973E-05 0.0788016 0.0377424 0.0286107 0.854545
0.127546 9.9982E-05 0.00902245 9.9982E-05 0.0314043 0.0322963 0.799531
0.340221 9.9964E-05 9.9964E-05 0.0280213 9.9964E-05 9.9964E-05 0.631358
9.9964E-05 9.9964E-05 9.9964E-05 9.9964E-05 0.0406024 0.0264924 0.932505
0.00484728 9.9973E-05 9.9973E-05 0.00491802 0.941445 9.9973E-05 0.0484898
0.569443 9.9991E-05 0.133374 0.0773744 0.0199784 0.0980049 0.101725
0.0810944 0.052464 0.806903 0.0208429 0.0171012 9.9991E-05 0.0214947
0.0024185 0.00479142 0.888466 0.00617593 0.0396054 0.025169 0.033374
0.0698326 0.104316 0.688038 0.015695 0.0298191 9.9991E-05 0.0921997
0.894166 9.9964E-05 0.090435 9.9964E-05 9.9964E-05 9.9964E-05 0.0149996
0.742072 9.9982E-05 9.9982E-05 0.00899284 0.0199929 0.0296666 0.199076
9.99551E-05 9.99551E-05 9.99551E-05 0.712424 9.99551E-05 0.287076 9.99551E-05
0.260112 0.0464087 0.19923 0.0285561 0.00109815 0.363852 0.100742
0.500332 9.9982E-05 9.9982E-05 0.0055673 0.019622 0.0103052 0.463974
