9.9946E-05 9.9946E-05 0.712002 9.9946E-05 9.9946E-05 9.9946E-05 0.0909831 9.9946E-05 0.0977123 0.0138704 0.0848324
9.99459E-05 0.0045845 0.261299 9.99459E-05 9.99459E-05 9.99459E-05 0.235739 9.99459E-05 0.283306 9.99459E-05 0.214472
9.9982E-05 0.0529692 0.226433 9.9982E-05 0.0113453 0.00142822 0.188892 0.0114837 0.288111 0.0337174 0.185421
9.9955E-05 9.9955E-05 0.710608 9.9955E-05 0.000843644 9.9955E-05 0.152501 9.9955E-05 0.0568657 0.000915396 0.0777673
9.9955E-05 0.0849877 9.9955E-05 9.9955E-05 0.0117875 9.9955E-05 0.0162422 9.9955E-05 0.865178 0.00485468 0.0164496
9.99459E-05 0.0055203 0.262187 9.99459E-05 9.99459E-05 9.99459E-05 0.268312 9.99459E-05 0.256634 9.99459E-05 0.206747
0.460967 9.99371E-05 9.99371E-05 0.0158499 0.518749 9.99371E-05 9.99371E-05 0.00373512 9.99371E-05 9.99371E-05 9.99371E-05
9.9928E-05 9.9928E-05 0.0245411 9.9928E-05 0.970375 9.9928E-05 0.00428462 9.9928E-05 9.9928E-05 9.9928E-05 9.9928E-05
9.99281E-05 9.99281E-05 9.99281E-05 9.99281E-05 0.968759 9.99281E-05 0.0191518 9.99281E-05 0.0112894 9.99281E-05 9.99281E-05
9.99191E-05 9.99191E-05 9.99191E-05 9.99191E-05 0.998634 9.99191E-05 9.99191E-05 9.99191E-05 9.99191E-05 0.00046719 9.99191E-05
0.158367 0.0122195 0.015026 9.9964E-05 9.9964E-05 0.772956 0.00863874 9.9964E-05 0.0321551 0.000237696 9.9964E-05
0.0576424 9.9946E-05 0.0274738 9.9946E-05 0.00944763 0.894458 9.9946E-05 0.0103782 9.9946E-05 9.9946E-05 9.9946E-05
0.0573573 9.99371E-05 0.0258355 9.99371E-05 9.99371E-05 0.909373 9.99371E-05 0.00673509 9.99371E-05 9.99371E-05 9.99371E-05
0.097343 9.99281E-05 9.99281E-05 9.99281E-05 9.99281E-05 0.892182 0.00967603 9.99281E-05 9.99281E-05 9.99281E-05 9.99281E-05
9.9964E-05 0.0275415 0.0121993 0.723935 0.00931854 9.9964E-05 9.9964E-05 0.0880391 9.9964E-05 0.0392455 0.0993216
9.99101E-05 9.99101E-05 9.99101E-05 9.99101E-05 0.999001 9.99101E-05 9.99101E-05 9.99101E-05 9.99101E-05 9.99101E-05 9.99101E-05
0.878308 9.9955E-05 0.056795 9.9955E-05 0.0235782 9.9955E-05 9.9955E-05 0.0185497 9.9955E-05 0.00712379 0.0151457
0.0152475 9.99551E-05 0.0133116 0.889713 9.99551E-05 0.0725852 9.99551E-05 9.99551E-05 0.0018551 0.00678736 9.99551E-05
0.0241718 0.0589368 0.0945667 0.523051 0.0141458 0.166454 9.9982E-05 0.0185709 9.9982E-05 0.0538839 0.0460193
0.00934097 9.9946E-05 9.9946E-05 0.37872 0.0209232 0.578091 9.9946E-05 9.9946E-05 9.9946E-05 0.012325 9.9946E-05
9.9955E-05 0.0811805 0.0290635 0.797476 0.0225703 0.0281084 9.9955E-05 0.0411019 9.9955E-05 9.9955E-05 9.9955E-05
9.99459E-05 9.99459E-05 9.99459E-05 0.0686922 0.0271581 0.875375 9.99459E-05 0.0229578 9.99459E-05 9.99459E-05 0.0052168
0.0226154 9.9955E-05 0.0185817 0.840919 9.9955E-05 0.0453332 0.0111306 9.9955E-05 9.9955E-05 9.9955E-05 0.0609208
9.9955E-05 9.9955E-05 9.9955E-05 0.0821527 0.0171385 0.816302 0.0173182 0.0627954 9.9955E-05 9.9955E-05 0.00379341
9.9928E-05 9.9928E-05 0.0360459 0.0677976 9.9928E-05 0.895357 9.9928E-05 9.9928E-05 9.9928E-05 9.9928E-05 9.9928E-05
0.0248511 0.0230586 0.0235708 0.870654 9.9946E-05 9.9946E-05 9.9946E-05 9.9946E-05 9.9946E-05 9.9946E-05 0.0572661
9.9937E-05 9.9937E-05 9.9937E-05 0.857503 0.00992122 0.105569 9.9937E-05 0.0263078 9.9937E-05 9.9937E-05 9.9937E-05
9.9964E-05 0.0387436 0.0426867 0.53359 9.9964E-05 0.269134 0.0219831 9.9964E-05 9.9964E-05 0.0228964 0.0705669
9.9946E-05 9.9946E-05 9.9946E-05 0.900467 0.00320182 0.0224868 9.9946E-05 9.9946E-05 9.9946E-05 0.0435537 0.0296911
9.99461E-05 9.99461E-05 9.99461E-05 0.930105 9.99461E-05 0.0330668 9.99461E-05 0.00625457 9.99461E-05 0.0165902 0.0133842
9.9955E-05 0.00396362 0.00817166 0.0738824 9.9955E-05 0.892348 0.00772329 9.9955E-05 9.9955E-05 0.0134116 9.9955E-05
0.179338 9.99281E-05 9.99281E-05 9.99281E-05 9.99281E-05 0.815587 9.99281E-05 9.99281E-05 9.99281E-05 9.99281E-05 0.00427519
0.00504259 9.99461E-05 0.0212304 0.842965 9.99461E-05 0.0646121 9.99461E-05 9.99461E-05 9.99461E-05 9.99461E-05 0.0655504
9.9955E-05 0.0322202 0.0326411 0.167426 0.0124461 0.753544 0.00122276 9.9955E-05 9.9955E-05 9.9955E-05 9.9955E-05
9.9937E-05 9.9937E-05 0.0195136 0.961375 9.9937E-05 0.0125544 0.00585792 9.9937E-05 9.9937E-05 9.9937E-05 9.9937E-05
9.9937E-05 0.0182339 0.00115456 0.042004 9.9937E-05 0.937908 9.9937E-05 9.9937E-05 9.9937E-05 9.9937E-05 9.9937E-05
9.99371E-05 9.99371E-05 9.99371E-05 0.884493 9.99371E-05 0.0971148 0.00284826 9.99371E-05 0.0148447 9.99371E-05 9.99371E-05
9.9937E-05 9.9937E-05 0.00705621 0.060936 9.9937E-05 0.907326 9.9937E-05 9.9937E-05 9.9937E-05 0.0239821 9.9937E-05
9.9946E-05 0.112707 9.9946E-05 9.9946E-05 9.9946E-05 9.9946E-05 0.0699252 0.671398 0.0851052 0.0602647 9.9946E-05
9.9919E-05 9.9919E-05 9.9919E-05 9.9919E-05 9.9919E-05 9.9919E-05 0.364275 9.9919E-05 0.634826 9.9919E-05 9.9919E-05
0.147172 9.99371E-05 9.99371E-05 9.99371E-05 9.99371E-05 0.75681 9.99371E-05 0.00332378 0.0919955 9.99371E-05 9.99371E-05
0.0071673 9.9937E-05 9.9937E-05 0.909281 9.9937E-05 0.0445192 9.9937E-05 9.9937E-05 9.9937E-05 9.9937E-05 0.0383328
9.9946E-05 0.00635838 0.00332934 0.0645392 9.9946E-05 0.901129 9.9946E-05 9.9946E-05 9.9946E-05 0.0240449 9.9946E-05
0.29524 9.9955E-05 0.0345789 9.9955E-05 9.9955E-05 0.00487657 0.549124 0.0323017 9.9955E-05 0.083379 9.9955E-05
9.9973E-05 0.000125444 0.097267 0.462251 0.0582239 0.230646 9.9973E-05 0.0352527 9.9973E-05 0.0302895 0.0856444
0.0863257 0.0258488 0.039418 0.320259 0.0272287 0.428198 9.9973E-05 9.9973E-05 9.9973E-05 0.00465947 0.0677623
9.9964E-05 9.9964E-05 0.0352528 0.865501 0.0196543 0.0198259 9.9964E-05 0.0205823 0.0300651 0.00871902 9.9964E-05
9.99459E-05 0.00637375 0.15124 9.99459E-05 9.99459E-05 9.99459E-05 0.265712 9.99459E-05 0.337933 9.99459E-05 0.238141
9.9973E-05 0.0614192 0.0193895 9.9973E-05 0.00538001 9.9973E-05 0.247496 0.0432826 0.107128 0.493004 0.0225999
0.204536 9.9928E-05 0.358619 9.9928E-05 9.9928E-05 9.9928E-05 9.9928E-05 0.436046 9.9928E-05 9.9928E-05 9.9928E-05
0.0173174 9.9937E-05 0.901069 0.00158707 9.9937E-05 0.0793274 9.9937E-05 9.9937E-05 9.9937E-05 9.9937E-05 9.9937E-05
0.0591168 0.0105521 0.721814 0.0208941 9.99549E-05 0.109396 9.99549E-05 0.0777271 9.99549E-05 9.99549E-05 9.99549E-05
0.0263234 9.99189E-05 0.972777 9.99189E-05 9.99189E-05 9.99189E-05 9.99189E-05 9.99189E-05 9.99189E-05 9.99189E-05 9.99189E-05
9.99281E-05 9.99281E-05 9.99281E-05 9.99281E-05 0.925211 0.0414882 9.99281E-05 9.99281E-05 0.0325013 9.99281E-05 9.99281E-05
9.9946E-05 9.9946E-05 9.9946E-05 9.9946E-05 0.936972 0.0142945 0.00881081 0.0277214 9.9946E-05 0.011602 9.9946E-05
0.401808 9.99371E-05 9.99371E-05 9.99371E-05 0.030601 0.510259 9.99371E-05 9.99371E-05 9.99371E-05 9.99371E-05 0.0566326
9.9955E-05 9.9955E-05 0.00559109 0.0453179 0.00301157 0.905586 9.9955E-05 0.0217909 9.9955E-05 9.9955E-05 0.0182029
9.99459E-05 0.740807 0.0541582 0.138933 9.99459E-05 0.0529746 9.99459E-05 9.99459E-05 9.99459E-05 9.99459E-05 0.0125269
9.9955E-05 0.120003 0.0204385 9.9955E-05 9.9955E-05 9.9955E-05 0.0215635 0.00706747 0.820907 9.9955E-05 0.00952
9.99459E-05 0.269522 9.99459E-05 0.00529507 9.99459E-05 9.99459E-05 0.205572 9.99459E-05 0.339321 0.17969 9.99459E-05
0.930726 9.9937E-05 0.0359549 9.9937E-05 9.9937E-05 9.9937E-05 0.0190651 0.0135549 9.9937E-05 9.9937E-05 9.9937E-05
0.669243 9.9964E-05 0.0750859 0.00496351 9.9964E-05 0.00635827 9.9964E-05 0.167591 0.034571 9.9964E-05 0.0417876
0.658509 9.9973E-05 0.0727514 9.9973E-05 0.00493773 0.046381 0.00467289 0.159205 0.00608668 0.0471563 9.9973E-05
0.0353109 0.00345391 0.00735216 9.9946E-05 0.946482 9.9946E-05 9.9946E-05 0.00680122 9.9946E-05 9.9946E-05 9.9946E-05
9.9928E-05 0.153196 9.9928E-05 9.9928E-05 9.9928E-05 9.9928E-05 0.0965379 9.9928E-05 0.749467 9.9928E-05 9.9928E-05
0.96279 9.9919E-05 9.9919E-05 9.9919E-05 9.9919E-05 9.9919E-05 9.9919E-05 9.9919E-05 9.9919E-05 9.9919E-05 0.0363103
9.9946E-05 0.141647 9.9946E-05 9.9946E-05 9.9946E-05 9.9946E-05 0.0364653 0.802262 0.00816206 0.0108638 9.9946E-05
0.0414471 9.9937E-05 9.9937E-05 0.0291295 9.9937E-05 0.919881 9.9937E-05 9.9937E-05 9.9937E-05 9.9937E-05 0.00884307
0.0576532 9.99281E-05 9.99281E-05 9.99281E-05 9.99281E-05 0.905512 9.99281E-05 9.99281E-05 9.99281E-05 9.99281E-05 0.036035
0.0164098 9.9973E-05 0.0603693 0.0253773 0.802303 9.9973E-05 9.9973E-05 0.0371308 0.0216104 0.0202991 0.0162006
0.00280139 9.9973E-05 0.0532149 0.015084 0.796112 9.9973E-05 9.9973E-05 0.0570382 0.0198213 0.0394494 0.0161787
0.0341688 9.9955E-05 0.0491695 0.0203671 0.862056 9.9955E-05 9.9955E-05 9.9955E-05 9.9955E-05 0.0206977 0.0130412
9.9928E-05 9.9928E-05 0.0178405 9.9928E-05 0.948792 9.9928E-05 9.9928E-05 9.9928E-05 0.0325684 9.9928E-05 9.9928E-05
9.99422E-05 9.99422E-05 0.0249742 9.99422E-05 0.956774 9.99422E-05 9.99422E-05 0.0128233 0.00472908 9.99422E-05 9.99422E-05
9.9955E-05 0.00584085 0.00515786 9.9955E-05 0.962289 9.9955E-05 0.00595284 9.9955E-05 9.9955E-05 0.00271335 0.0175465
0.00686846 9.99371E-05 9.99371E-05 9.99371E-05 0.98718 9.99371E-05 0.00265588 9.99371E-05 9.99371E-05 9.99371E-05 0.00259629
9.9955E-05 0.000726375 9.9955E-05 9.9955E-05 0.956956 0.0116288 9.9955E-05 9.9955E-05 0.00901456 0.00921817 0.0119559
0.00855165 9.9964E-05 0.0103611 9.9964E-05 0.955475 9.9964E-05 0.0135133 0.00608973 9.9964E-05 0.00492945 0.0006802
9.99101E-05 9.99101E-05 9.99101E-05 9.99101E-05 0.999001 9.99101E-05 9.99101E-05 9.99101E-05 9.99101E-05 9.99101E-05 9.99101E-05
0.0152231 0.0372782 9.9946E-05 9.9946E-05 0.926872 0.0122118 9.9946E-05 9.9946E-05 9.9946E-05 0.00781484 9.9946E-05
9.9946E-05 0.021671 9.9946E-05 9.9946E-05 0.923575 0.017498 9.9946E-05 0.0334565 9.9946E-05 9.9946E-05 0.00320005
9.9955E-05 0.0241221 9.9955E-05 9.9955E-05 0.926016 0.0242319 9.9955E-05 0.00786882 0.00832111 0.0089406 9.9955E-05
9.99281E-05 9.99281E-05 9.99281E-05 0.42257 0.542419 0.0342115 9.99281E-05 9.99281E-05 9.99281E-05 9.99281E-05 9.99281E-05
9.99281E-05 9.99281E-05 9.99281E-05 0.436879 0.553257 0.00906388 9.99281E-05 9.99281E-05 9.99281E-05 9.99281E-05 9.99281E-05
9.9919E-05 0.00180676 9.9919E-05 9.9919E-05 0.997294 9.9919E-05 9.9919E-05 9.9919E-05 9.9919E-05 9.9919E-05 9.9919E-05
9.9928E-05 9.9928E-05 0.021923 9.9928E-05 0.94102 9.9928E-05 9.9928E-05 0.0362579 9.9928E-05 9.9928E-05 9.9928E-05
9.99371E-05 9.99371E-05 0.0583836 9.99371E-05 0.913906 9.99371E-05 0.0134235 9.99371E-05 9.99371E-05 9.99371E-05 0.0135868
9.9964E-05 0.0105372 9.9964E-05 0.00210554 0.933786 9.9964E-05 9.9964E-05 0.00313411 0.00857674 0.0252145 0.0162461
0.00142774 9.99284E-05 9.99284E-05 9.99284E-05 0.984298 9.99284E-05 9.99284E-05 0.0134748 9.99284E-05 9.99284E-05 9.99284E-05
9.99281E-05 9.99281E-05 9.99281E-05 0.430533 0.537526 0.0311412 9.99281E-05 9.99281E-05 9.99281E-05 9.99281E-05 9.99281E-05
9.9955E-05 9.9955E-05 0.00937155 0.063432 0.873884 0.0138103 9.9955E-05 9.9955E-05 0.00492108 0.0340817 9.9955E-05
0.0260573 9.9955E-05 9.9955E-05 9.9955E-05 0.932698 0.0173145 0.0169251 0.00616765 0.000337962 9.9955E-05 9.9955E-05
9.9937E-05 9.9937E-05 0.0195929 9.9937E-05 0.938968 9.9937E-05 9.9937E-05 0.024072 0.0166677 9.9937E-05 9.9937E-05
9.9964E-05 0.00656459 9.9964E-05 9.9964E-05 0.92602 9.9964E-05 0.0210265 0.0081373 0.0137892 0.00772189 0.0163405
0.0186006 9.9964E-05 0.0459739 0.01299 0.879106 0.0155735 9.9964E-05 0.0178093 0.00954722 9.9964E-05 9.9964E-05
9.9946E-05 9.9946E-05 0.0230258 0.0100872 0.930531 9.9946E-05 9.9946E-05 0.0270154 9.9946E-05 0.00874137 9.9946E-05
0.051488 0.00047125 0.0292168 0.0717196 9.9973E-05 9.9973E-05 0.00865938 9.9973E-05 0.0602831 0.0131912 0.764671
9.99461E-05 0.0224099 9.99461E-05 0.0104769 0.935716 9.99461E-05 0.029066 0.00173172 9.99461E-05 9.99461E-05 9.99461E-05
9.9928E-05 9.9928E-05 0.00768558 9.9928E-05 0.982113 9.9928E-05 9.9928E-05 9.9928E-05 9.9928E-05 9.9928E-05 0.00940214
0.0143344 0.0244169 0.0392187 0.0626437 0.710851 0.000196988 0.106782 0.0137949 0.00150657 0.0240456 0.00220921
9.99101E-05 9.99101E-05 9.99101E-05 9.99101E-05 0.999001 9.99101E-05 9.99101E-05 9.99101E-05 9.99101E-05 9.99101E-05 9.99101E-05
0.0266629 9.9919E-05 9.9919E-05 9.9919E-05 0.972438 9.9919E-05 9.9919E-05 9.9919E-05 9.9919E-05 9.9919E-05 9.9919E-05
9.99191E-05 9.99191E-05 0.0363448 9.99191E-05 0.962756 9.99191E-05 9.99191E-05 9.99191E-05 9.99191E-05 9.99191E-05 9.99191E-05
0.00314296 0.0137167 9.9955E-05 0.0244128 0.942933 9.9955E-05 9.9955E-05 9.9955E-05 0.00471526 0.0105793 9.9955E-05
9.99279E-05 9.99279E-05 9.99279E-05 0.641191 0.0333731 9.99279E-05 9.99279E-05 9.99279E-05 9.99279E-05 9.99279E-05 0.324636
9.99101E-05 9.99101E-05 9.99101E-05 9.99101E-05 0.999001 9.99101E-05 9.99101E-05 9.99101E-05 9.99101E-05 9.99101E-05 9.99101E-05
9.9937E-05 9.9937E-05 0.0209659 9.9937E-05 0.933013 9.9937E-05 9.9937E-05 0.0272032 9.9937E-05 0.0181181 9.9937E-05
9.99281E-05 9.99281E-05 9.99281E-05 9.99281E-05 0.982881 9.99281E-05 9.99281E-05 9.99281E-05 9.99281E-05 0.0132954 0.00302405
0.00995346 9.9946E-05 9.9946E-05 0.279442 0.0101709 0.263976 9.9946E-05 9.9946E-05 9.9946E-05 9.9946E-05 0.435857
9.99461E-05 9.99461E-05 9.99461E-05 0.0354295 0.900997 9.99461E-05 9.99461E-05 0.0118229 0.0295412 0.02161 9.99461E-05
9.99281E-05 9.99281E-05 0.02118 9.99281E-05 0.95287 0.0251503 9.99281E-05 9.99281E-05 9.99281E-05 9.99281E-05 9.99281E-05
9.9937E-05 9.9937E-05 0.0187613 0.0129046 0.948475 9.9937E-05 0.0191594 9.9937E-05 9.9937E-05 9.9937E-05 9.9937E-05
0.000842535 9.9946E-05 0.00730533 9.9946E-05 0.986532 0.00378927 0.000931036 9.9946E-05 9.9946E-05 9.9946E-05 9.9946E-05
0.00548748 0.0259159 0.0544051 0.647926 0.0231391 0.227649 9.9964E-05 9.9964E-05 9.9964E-05 9.9964E-05 0.0150777
9.99281E-05 0.00459383 9.99281E-05 9.99281E-05 0.991193 9.99281E-05 9.99281E-05 9.99281E-05 9.99281E-05 0.00341392 9.99281E-05
9.9955E-05 9.9955E-05 0.0406142 9.9955E-05 0.90363 9.9955E-05 0.0147878 0.0295918 0.00825017 9.9955E-05 0.00262637
9.99281E-05 9.99281E-05 9.99281E-05 0.463378 0.510398 0.0254241 9.99281E-05 9.99281E-05 9.99281E-05 9.99281E-05 9.99281E-05
9.99191E-05 9.99191E-05 9.99191E-05 9.99191E-05 0.993341 9.99191E-05 0.00575958 9.99191E-05 9.99191E-05 9.99191E-05 9.99191E-05
0.00992405 0.0444927 9.99459E-05 0.204288 0.0249487 0.715747 9.99459E-05 9.99459E-05 9.99459E-05 9.99459E-05 9.99459E-05
9.9937E-05 0.0482908 9.9937E-05 0.307329 9.9937E-05 0.627033 9.9937E-05 9.9937E-05 0.0166478 9.9937E-05 9.9937E-05
9.9964E-05 9.9964E-05 0.0235372 0.0646502 0.014687 0.834138 0.0435535 0.0112637 9.9964E-05 9.9964E-05 0.00777072
0.0315597 9.9964E-05 9.9964E-05 0.80916 9.9964E-05 0.0205715 0.00263984 0.00393694 0.0143361 9.9964E-05 0.117396
0.801857 0.0240152 0.0376097 0.00671424 0.0620256 0.0190724 9.9982E-05 0.0384029 0.00757914 0.00252377 9.9982E-05
9.9955E-05 9.9955E-05 9.9955E-05 0.0225178 0.0606233 0.847391 0.0267029 9.9955E-05 0.00385896 9.9955E-05 0.038406
0.333954 0.0364053 0.0225252 0.168171 9.9982E-05 0.326717 0.01495 9.9982E-05 0.0169176 0.021365 0.058795
9.9964E-05 9.9964E-05 9.9964E-05 0.168068 0.018893 0.736423 0.0376306 9.9964E-05 0.0114934 0.0162954 0.010797
0.0324962 0.0155658 9.9964E-05 0.273309 9.9964E-05 0.649974 0.00383177 9.9964E-05 0.00274314 0.0216797 9.9964E-05
9.9964E-05 0.0181955 0.00102788 0.223391 0.012739 0.704785 9.9964E-05 0.0127038 9.9964E-05 0.0267577 9.9964E-05
9.99549E-05 0.0406856 9.99549E-05 0.27575 9.99549E-05 0.592982 0.0155597 9.99549E-05 0.0343828 0.0401401 9.99549E-05
0.00130162 9.9964E-05 9.9964E-05 0.307144 0.00655663 0.605822 0.0132703 9.9964E-05 0.0203076 0.0451976 9.9964E-05
9.9955E-05 0.000275538 9.9955E-05 0.0139985 0.0088455 0.934812 0.00761226 9.9955E-05 0.0339566 9.9955E-05 9.9955E-05
0.0931464 9.9964E-05 9.9964E-05 9.9964E-05 0.0265581 0.805855 0.00693116 9.9964E-05 0.015485 0.0239701 0.0276545
0.101377 9.9955E-05 9.9955E-05 9.9955E-05 0.0301267 0.801245 9.9955E-05 9.9955E-05 0.00179969 0.017059 0.0478932
0.0321962 0.0388257 0.00302351 0.745402 0.0429515 0.0612754 9.9982E-05 9.9982E-05 0.00488689 0.0592209 0.0120178
9.9928E-05 0.00771581 9.9928E-05 9.9928E-05 9.9928E-05 0.00288964 0.988595 9.9928E-05 9.9928E-05 9.9928E-05 9.9928E-05
9.9955E-05 0.0124149 9.9955E-05 9.9955E-05 0.0278841 9.9955E-05 0.903969 0.0440051 0.00130955 9.9955E-05 0.00991725
9.9964E-05 0.0724466 0.0481761 9.9964E-05 9.9964E-05 0.0219541 0.208522 0.0208897 0.598383 0.0292286 9.9964E-05
0.297399 0.0825892 9.9982E-05 0.24696 0.114612 0.0969647 0.0024683 0.00359261 9.9982E-05 0.0337022 0.121512
9.9928E-05 9.9928E-05 9.9928E-05 9.9928E-05 0.00867835 9.9928E-05 0.913067 0.0774548 9.9928E-05 9.9928E-05 9.9928E-05
9.9946E-05 0.00601905 9.9946E-05 0.0187374 9.9946E-05 9.9946E-05 0.904788 0.0625689 0.00728736 9.9946E-05 9.9946E-05
0.192382 0.0180523 9.9982E-05 0.0148938 0.1015 0.400413 0.0381154 0.0232181 0.0316516 9.9982E-05 0.179574
9.9955E-05 0.126359 9.9955E-05 9.9955E-05 9.9955E-05 9.9955E-05 0.18625 0.0321452 0.40706 0.245739 0.00194592
0.0112304 0.117247 9.9973E-05 0.0214102 9.9973E-05 0.00681104 0.0860139 0.0443756 0.385012 0.3276 9.9973E-05
0.0178042 0.0367746 9.9964E-05 0.0111316 9.9964E-05 9.9964E-05 0.0770362 0.0260683 0.453624 0.377162 9.9964E-05
0.0404 0.000864696 9.99549E-05 0.0698016 9.99549E-05 9.99549E-05 9.99549E-05 0.0918334 0.232859 0.563741 9.99549E-05
0.0146863 0.00708511 9.9982E-05 0.00392488 0.0364203 9.9982E-05 0.00567461 0.0813501 0.255025 0.594887 0.000746162
0.0208067 0.00273205 9.9973E-05 0.0306847 9.9973E-05 0.00257787 0.0759128 0.0412467 0.411769 0.413971 9.9973E-05
0.738883 0.00543776 0.107571 9.99459E-05 9.99459E-05 9.99459E-05 9.99459E-05 0.0979991 9.99459E-05 0.0495093 9.99459E-05
9.9955E-05 9.9955E-05 9.9955E-05 0.0272052 9.9955E-05 9.9955E-05 0.283953 0.0302489 0.624119 0.0218506 0.0121244
0.0206162 9.9955E-05 9.9955E-05 0.843879 0.00126805 0.0083325 9.9955E-05 0.0539245 9.9955E-05 9.9955E-05 0.0714804
9.9928E-05 9.9928E-05 9.9928E-05 0.618485 0.0219625 9.9928E-05 9.9928E-05 9.9928E-05 9.9928E-05 9.9928E-05 0.358753
9.9955E-05 0.0641691 9.9955E-05 0.0410331 0.0098676 9.9955E-05 0.067771 0.00721675 0.809443 9.9955E-05 9.9955E-05
0.0634556 0.108552 0.0477153 0.196604 0.106671 0.142067 0.0667029 0.057761 0.0970201 0.0841379 0.0293129
0.718334 0.0197576 0.0958078 0.0122289 9.9982E-05 0.0195171 0.0357763 0.0273136 9.9982E-05 0.0432502 0.0278145
0.121307 9.9955E-05 9.9955E-05 9.9955E-05 9.9955E-05 0.705135 0.0572901 9.9955E-05 0.0636477 0.0171244 0.0349955
0.0482526 9.9955E-05 0.0246157 0.732761 9.9955E-05 0.0513136 9.9955E-05 9.9955E-05 9.9955E-05 0.0301038 0.112453
0.188272 9.9964E-05 9.9964E-05 9.9964E-05 0.0162408 0.51015 0.204358 9.9964E-05 0.0494756 0.0220072 0.00909754
0.83025 0.0208794 0.0151323 0.0362264 9.9982E-05 0.00606024 0.069846 0.00494011 9.9982E-05 0.00610867 0.0103574
0.00796559 9.9946E-05 0.0527701 0.0528583 9.9946E-05 9.9946E-05 0.731022 9.9946E-05 9.9946E-05 0.154784 9.9946E-05
0.846398 0.0261881 0.0996015 9.9946E-05 0.0235531 9.9946E-05 9.9946E-05 9.9946E-05 0.0036595 9.9946E-05 9.9946E-05
9.9964E-05 0.345209 0.169546 0.158113 0.0404603 0.065796 9.9964E-05 0.213942 9.9964E-05 0.00653403 9.9964E-05
9.99279E-05 9.99279E-05 9.99279E-05 0.661976 0.00498394 9.99279E-05 9.99279E-05 9.99279E-05 9.99279E-05 9.99279E-05 0.332241
0.0375565 9.9973E-05 9.9973E-05 0.00824052 0.0355129 0.00528619 0.279926 0.0308983 0.599491 9.9973E-05 0.00278966
0.0722362 0.005274 9.9964E-05 9.9964E-05 0.026043 0.466566 9.9964E-05 9.9964E-05 0.414012 0.00402243 0.0114462
9.9955E-05 9.9955E-05 9.9955E-05 0.0646239 0.0304692 0.0123692 9.9955E-05 9.9955E-05 0.867386 0.0136529 0.0109994
0.324556 9.9973E-05 0.0998846 9.9973E-05 0.0111672 0.285039 0.0716903 9.9973E-05 0.0229881 0.0293655 0.155009
9.9946E-05 9.9946E-05 0.000220738 0.0134884 0.000879497 9.9946E-05 9.9946E-05 9.9946E-05 0.984712 9.9946E-05 9.9946E-05
0.881872 9.9955E-05 0.0267381 0.0213716 9.9955E-05 0.0415871 0.00863467 9.9955E-05 0.0192967 9.9955E-05 9.9955E-05
0.0344842 9.9973E-05 0.0145832 0.0505018 0.03022 0.0417917 9.9973E-05 9.9973E-05 0.789579 0.0292759 0.00926405
0.0427229 9.9955E-05 0.0246994 0.017873 0.0571975 0.020398 9.9955E-05 9.9955E-05 0.836609 9.9955E-05 9.9955E-05
0.0575143 9.9955E-05 9.9955E-05 0.791635 0.00735642 0.0140677 9.9955E-05 9.9955E-05 0.0585081 9.9955E-05 0.0704184
0.0436056 0.0733504 0.000379944 0.34469 9.9982E-05 0.114963 0.29243 0.0500243 0.0153648 9.9982E-05 0.0649926
0.222798 9.9973E-05 9.9973E-05 0.156632 0.02703 0.294001 0.0228331 9.9973E-05 0.0329284 0.0252516 0.218226
0.00832284 0.0526318 0.00204358 0.0137251 0.0274301 0.00153242 9.9991E-05 0.0330346 0.0595446 0.783439 0.0181956
0.00607423 0.0677838 9.9955E-05 9.9955E-05 9.9955E-05 0.00121377 9.9955E-05 0.0104629 0.0117846 0.902181 9.9955E-05
0.0193666 0.0823487 0.0138167 9.9982E-05 0.00270889 0.00538415 9.9982E-05 0.00897983 0.000822066 0.849944 0.0164295
0.0503418 0.0572 0.0028739 0.0118761 0.0168988 0.00402557 9.9973E-05 9.9973E-05 9.9973E-05 0.835284 0.0211998
9.9946E-05 0.0149203 0.0146128 0.847405 9.9946E-05 9.9946E-05 9.9946E-05 9.9946E-05 9.9946E-05 0.0155417 0.106921
9.9955E-05 0.0748577 0.0045722 0.837084 0.00852855 9.9955E-05 9.9955E-05 9.9955E-05 0.00347402 9.9955E-05 0.0709834
0.0305835 9.9964E-05 0.0741182 0.701285 0.0285638 0.0218887 9.9964E-05 9.9964E-05 9.9964E-05 0.0145393 0.128622
0.00559867 9.9964E-05 0.0876508 9.9964E-05 0.0022148 9.9964E-05 0.202816 0.0147248 0.287301 0.399295 9.9964E-05
0.085168 0.079339 0.0495107 0.163905 0.147829 0.164568 0.106939 9.9991E-05 0.120808 0.0753295 0.00650263
0.0449274 0.296937 0.00453915 0.363275 0.117263 0.00418509 9.9973E-05 0.15818 9.9973E-05 0.0103942 9.9973E-05
9.9973E-05 0.0390813 0.094014 0.728919 0.00782372 0.0742443 9.9973E-05 0.0264913 0.0218075 9.9973E-05 0.00731896
9.9964E-05 0.115475 0.0600968 0.644828 0.0764119 0.0560663 0.00542823 0.0412944 9.9964E-05 9.9964E-05 9.9964E-05
9.9964E-05 0.120701 9.9964E-05 0.688415 0.0194147 9.9964E-05 0.00382687 0.0967361 9.9964E-05 0.0312107 0.0392958
9.9955E-05 0.231376 9.9955E-05 0.480354 0.132322 0.016052 0.0294161 0.10998 9.9955E-05 9.9955E-05 9.9955E-05
9.99549E-05 9.99549E-05 9.99549E-05 9.99549E-05 9.99549E-05 0.0818051 0.00413974 0.828228 0.021094 0.0184137 0.0458201
0.0869068 0.0178804 0.0045424 0.0188112 9.9973E-05 0.8518 9.9973E-05 0.00383109 0.0108997 9.9973E-05 0.00502812
0.124178 9.9964E-05 0.00768284 0.184354 0.039907 0.54313 9.9964E-05 9.9964E-05 9.9964E-05 0.0288973 0.0714504
9.9937E-05 0.0638068 0.00766383 9.9937E-05 9.9937E-05 9.9937E-05 0.0376001 9.9937E-05 0.89023 9.9937E-05 9.9937E-05
0.00808743 0.0990713 0.0238098 9.9946E-05 9.9946E-05 9.9946E-05 9.9946E-05 0.00979434 0.858638 9.9946E-05 9.9946E-05
0.0105906 0.116795 0.0102897 0.0284445 9.9964E-05 9.9964E-05 0.00624347 0.00936122 0.817875 9.9964E-05 9.9964E-05
9.9964E-05 0.192879 0.0394731 9.9964E-05 9.9964E-05 9.9964E-05 0.187341 0.090447 0.305626 0.16645 0.0173845
9.99187E-05 0.969332 9.99187E-05 9.99187E-05 9.99187E-05 9.99187E-05 9.99187E-05 9.99187E-05 0.0297687 9.99187E-05 9.99187E-05
9.99187E-05 0.981096 9.99187E-05 9.99187E-05 9.99187E-05 9.99187E-05 9.99187E-05 9.99187E-05 0.0180049 9.99187E-05 9.99187E-05
9.99459E-05 0.0523497 0.00829105 0.845835 9.99459E-05 9.99459E-05 9.99459E-05 0.0385677 9.99459E-05 9.99459E-05 0.0543569
9.9982E-05 0.0538344 9.9982E-05 0.783123 0.010804 0.00121082 0.00886546 0.0389105 0.0218131 0.036278 0.0449603
9.9946E-05 9.9946E-05 9.9946E-05 0.876578 9.9946E-05 0.0128735 9.9946E-05 0.0250984 0.00186226 9.9946E-05 0.082988
0.792192 9.9955E-05 0.0244106 0.000279722 9.9955E-05 0.0991833 9.9955E-05 0.0495056 0.0339292 9.9955E-05 9.9955E-05
0.0201181 9.9955E-05 9.9955E-05 0.00830367 0.013224 9.9955E-05 9.9955E-05 9.9955E-05 0.91143 0.0431458 0.00327831
9.9937E-05 9.9937E-05 9.9937E-05 9.9937E-05 0.0238259 9.9937E-05 0.0347234 9.9937E-05 0.917314 9.9937E-05 0.0234371
9.9955E-05 9.9955E-05 9.9955E-05 9.9955E-05 0.00669038 0.00121972 0.0782368 0.0108839 0.895072 0.00739734 9.9955E-05
9.9946E-05 0.00922889 9.9946E-05 9.9946E-05 9.9946E-05 0.0347297 0.153771 9.9946E-05 0.788829 0.0128411 9.9946E-05
0.0142356 9.9955E-05 9.9955E-05 9.9955E-05 9.9955E-05 0.0241588 0.0880719 9.9955E-05 0.827232 0.0151933 0.0306084
0.187711 9.99371E-05 9.99371E-05 9.99371E-05 9.99371E-05 0.716426 0.00672747 9.99371E-05 0.0884357 9.99371E-05 9.99371E-05
0.0122427 0.278113 0.05184 0.0127946 0.0617985 9.9982E-05 0.338211 9.9982E-05 0.153382 0.061206 0.0302127
0.941181 0.0539492 9.9928E-05 0.00407043 9.9928E-05 9.9928E-05 9.9928E-05 9.9928E-05 9.9928E-05 9.9928E-05 9.9928E-05
0.192233 9.9955E-05 0.00636847 9.9955E-05 9.9955E-05 0.692706 9.9955E-05 9.9955E-05 0.0705738 0.0211958 0.0164236
9.99189E-05 9.99189E-05 9.99189E-05 0.000865141 9.99189E-05 9.99189E-05 9.99189E-05 9.99189E-05 9.99189E-05 9.99189E-05 0.998236
0.185974 9.9919E-05 9.9919E-05 9.9919E-05 9.9919E-05 0.813126 9.9919E-05 9.9919E-05 9.9919E-05 9.9919E-05 9.9919E-05
0.248223 9.9919E-05 9.9919E-05 9.9919E-05 9.9919E-05 0.750878 9.9919E-05 9.9919E-05 9.9919E-05 9.9919E-05 9.9919E-05
0.237809 9.99281E-05 9.99281E-05 9.99281E-05 9.99281E-05 0.738752 9.99281E-05 9.99281E-05 9.99281E-05 0.0226401 9.99281E-05
0.00654981 9.9964E-05 9.9964E-05 0.000283226 0.0311817 0.0169994 9.9964E-05 9.9964E-05 0.934271 0.00259818 0.00771683
0.0313493 9.9937E-05 0.00763451 9.9937E-05 9.9937E-05 0.00146609 9.9937E-05 9.9937E-05 0.958851 9.9937E-05 9.9937E-05
9.9946E-05 0.00105447 0.269362 9.9946E-05 9.9946E-05 9.9946E-05 0.274907 9.9946E-05 0.237587 9.9946E-05 0.216489
9.9937E-05 9.9937E-05 9.9937E-05 9.9937E-05 0.0349956 9.9937E-05 0.014374 0.0215574 0.928373 9.9937E-05 9.9937E-05
9.99101E-05 9.99101E-05 9.99101E-05 9.99101E-05 9.99101E-05 9.99101E-05 9.99101E-05 9.99101E-05 0.999001 9.99101E-05 9.99101E-05
0.0409563 9.99551E-05 9.99551E-05 9.99551E-05 0.00276244 0.467041 0.164314 9.99551E-05 0.295831 9.99551E-05 0.0285957
9.9946E-05 0.103716 9.9946E-05 0.0357577 9.9946E-05 9.9946E-05 0.067318 9.9946E-05 0.743323 0.0492851 9.9946E-05
9.9946E-05 0.138009 9.9946E-05 0.0200367 9.9946E-05 9.9946E-05 0.101004 9.9946E-05 0.732961 0.00738982 9.9946E-05
9.9973E-05 0.371654 0.269702 0.0548553 0.0208686 9.9973E-05 0.138136 0.0262766 0.103776 9.9973E-05 0.014432
0.878551 0.0340749 0.0103446 9.9964E-05 0.0102184 0.0497391 0.00802588 9.9964E-05 9.9964E-05 9.9964E-05 0.00864601
0.0972559 9.9955E-05 9.9955E-05 9.9955E-05 9.9955E-05 0.0035499 0.186596 9.9955E-05 0.623837 0.0145883 0.0736732
0.000860386 9.9964E-05 9.9964E-05 0.260017 0.422326 0.00418378 0.174623 9.9964E-05 9.9964E-05 0.0571076 0.0804821
0.0837493 9.9937E-05 9.9937E-05 9.9937E-05 9.9937E-05 0.0709071 0.308265 9.9937E-05 0.536379 9.9937E-05 9.9937E-05
9.9946E-05 9.9946E-05 9.9946E-05 0.00656138 0.00589591 0.00945622 9.9946E-05 0.00259228 0.974895 9.9946E-05 9.9946E-05
0.137934 9.9946E-05 9.9946E-05 9.9946E-05 9.9946E-05 0.791057 9.9946E-05 9.9946E-05 0.0207962 0.0210923 0.0285209
0.0691606 9.9955E-05 9.9955E-05 9.9955E-05 9.9955E-05 0.573666 0.0195549 0.0497725 0.255785 9.9955E-05 0.0315616
0.862849 9.9937E-05 0.0804544 0.022717 9.9937E-05 9.9937E-05 9.9937E-05 0.0332802 9.9937E-05 9.9937E-05 9.9937E-05
9.9919E-05 9.9919E-05 0.0453572 9.9919E-05 9.9919E-05 9.9919E-05 9.9919E-05 0.953744 9.9919E-05 9.9919E-05 9.9919E-05
9.99281E-05 9.99281E-05 0.00835772 0.0707242 9.99281E-05 0.920119 9.99281E-05 9.99281E-05 9.99281E-05 9.99281E-05 9.99281E-05
0.0596033 9.9928E-05 0.869763 9.9928E-05 9.9928E-05 0.0698343 9.9928E-05 9.9928E-05 9.9928E-05 9.9928E-05 9.9928E-05
0.887107 9.9955E-05 0.0249862 0.00548122 9.9955E-05 0.0357208 9.9955E-05 0.0138794 0.0323252 9.9955E-05 9.9955E-05
0.856868 9.9937E-05 9.9937E-05 0.0322082 9.9937E-05 0.0694266 9.9937E-05 9.9937E-05 0.0407976 9.9937E-05 9.9937E-05
9.99188E-05 9.99188E-05 0.990069 9.99188E-05 9.99188E-05 9.99188E-05 9.99188E-05 0.00903178 9.99188E-05 9.99188E-05 9.99188E-05
0.100805 9.9973E-05 0.0544597 9.9973E-05 9.9973E-05 0.272028 0.0168171 0.493927 0.0218783 0.0146328 0.0251523
0.919875 9.9946E-05 0.0700524 0.000571823 9.9946E-05 9.9946E-05 9.9946E-05 0.00100285 9.9946E-05 9.9946E-05 0.00789795
9.9973E-05 0.368364 0.269598 0.0519823 0.02109 9.9973E-05 0.141498 0.0304498 0.0974152 9.9973E-05 0.0193035
0.0146686 9.9937E-05 9.9937E-05 0.850842 9.9937E-05 0.00362534 9.9937E-05 9.9937E-05 9.9937E-05 9.9937E-05 0.130164
9.99188E-05 9.99188E-05 9.99188E-05 0.00860465 9.99188E-05 9.99188E-05 9.99188E-05 9.99188E-05 9.99188E-05 9.99188E-05 0.990496
9.99101E-05 9.99101E-05 9.99101E-05 9.99101E-05 0.999001 9.99101E-05 9.99101E-05 9.99101E-05 9.99101E-05 9.99101E-05 9.99101E-05
0.0985574 9.9964E-05 0.0785672 0.449373 9.9964E-05 9.9964E-05 0.00610647 9.9964E-05 0.0235763 0.00586326 0.337557
0.0543898 9.9964E-05 9.9964E-05 0.736571 0.00870084 0.0828119 0.00304063 9.9964E-05 0.00102379 9.9964E-05 0.113062
0.586645 9.99281E-05 9.99281E-05 0.363489 9.99281E-05 0.0490657 9.99281E-05 9.99281E-05 9.99281E-05 9.99281E-05 9.99281E-05
0.052398 9.9946E-05 9.9946E-05 0.856197 0.0157328 0.0505591 9.9946E-05 9.9946E-05 9.9946E-05 9.9946E-05 0.024513
9.9964E-05 9.9964E-05 0.0351081 0.159212 0.022467 0.545829 9.9964E-05 0.0971664 9.9964E-05 0.0326218 0.107196
9.9928E-05 0.00518078 9.9928E-05 0.681694 9.9928E-05 9.9928E-05 9.9928E-05 9.9928E-05 9.9928E-05 9.9928E-05 0.312325
9.99549E-05 0.321153 0.28003 0.106035 0.0802115 0.00447709 9.99549E-05 0.207594 9.99549E-05 9.99549E-05 9.99549E-05
0.0321127 0.0822058 0.635198 0.0868233 9.9955E-05 0.132163 9.9955E-05 9.9955E-05 9.9955E-05 0.0309973 9.9955E-05
0.174901 0.177278 0.0182773 0.141655 0.0218126 0.286491 9.99731E-05 0.141788 9.99731E-05 9.99731E-05 0.0374986
9.9955E-05 9.9955E-05 0.0261264 0.818569 9.9955E-05 0.0517196 9.9955E-05 0.0066394 0.0243966 9.9955E-05 0.0720487
9.9937E-05 9.9937E-05 0.0116561 9.9937E-05 0.00415406 9.9937E-05 0.145165 9.9937E-05 0.838325 9.9937E-05 9.9937E-05
9.9928E-05 9.9928E-05 0.0329813 0.0509261 9.9928E-05 0.915293 9.9928E-05 9.9928E-05 9.9928E-05 9.9928E-05 9.9928E-05
9.99549E-05 0.379519 0.160182 0.116277 0.0566857 0.00789724 9.99549E-05 0.278939 9.99549E-05 9.99549E-05 9.99549E-05
9.99369E-05 9.99369E-05 0.0438941 0.0454581 9.99369E-05 0.885375 9.99369E-05 0.0245733 9.99369E-05 9.99369E-05 9.99369E-05
9.9928E-05 0.160344 9.9928E-05 9.9928E-05 9.9928E-05 9.9928E-05 0.0844738 9.9928E-05 0.754383 9.9928E-05 9.9928E-05
0.95431 0.00373032 9.9946E-05 9.9946E-05 0.00886356 9.9946E-05 0.0136763 9.9946E-05 9.9946E-05 9.9946E-05 0.0188203
0.0192337 9.9928E-05 9.9928E-05 9.9928E-05 0.960399 9.9928E-05 0.0195678 9.9928E-05 9.9928E-05 9.9928E-05 9.9928E-05
0.0393503 0.051388 0.030378 0.0453044 0.693163 0.0115204 0.128496 9.9964E-05 9.9964E-05 9.9964E-05 9.9964E-05
0.0109896 9.99371E-05 9.99371E-05 0.945903 0.0262706 9.99371E-05 9.99371E-05 0.0161371 9.99371E-05 9.99371E-05 9.99371E-05
0.162051 9.9946E-05 9.9946E-05 0.184589 0.0281371 0.529869 9.9946E-05 9.9946E-05 9.9946E-05 9.9946E-05 0.0947546
0.97898 9.99279E-05 0.019924 9.99279E-05 9.99279E-05 9.99279E-05 9.99279E-05 0.000296292 9.99279E-05 9.99279E-05 9.99279E-05
0.999001 9.99101E-05 9.99101E-05 9.99101E-05 9.99101E-05 9.99101E-05 9.99101E-05 9.99101E-05 9.99101E-05 9.99101E-05 9.99101E-05
0.159494 0.0152129 0.00726395 9.9982E-05 9.9982E-05 0.523648 0.115691 0.0581828 0.058181 0.0236715 0.0384554
0.0924913 9.9946E-05 9.9946E-05 0.23318 0.00421686 0.576301 9.9946E-05 9.9946E-05 9.9946E-05 9.9946E-05 0.0932112
9.9937E-05 0.149664 0.0154712 9.9937E-05 9.9937E-05 9.9937E-05 9.9937E-05 0.00952409 0.824641 9.9937E-05 9.9937E-05
9.99187E-05 0.989322 9.99187E-05 9.99187E-05 9.99187E-05 9.99187E-05 9.99187E-05 9.99187E-05 0.00977873 9.99187E-05 9.99187E-05
9.9937E-05 0.219508 9.9937E-05 9.9937E-05 9.9937E-05 9.9937E-05 0.105696 9.9937E-05 0.456892 0.217205 9.9937E-05
9.9964E-05 0.449989 9.9964E-05 0.0202171 0.0447082 0.00547033 0.166998 9.9964E-05 0.00494167 0.307275 9.9964E-05
0.018836 0.528196 9.9946E-05 9.9946E-05 0.0336517 9.9946E-05 0.166423 9.9946E-05 9.9946E-05 0.252294 9.9946E-05
0.00472809 0.355737 9.9946E-05 9.9946E-05 9.9946E-05 9.9946E-05 0.278064 9.9946E-05 0.171054 0.189817 9.9946E-05
9.99187E-05 0.995111 9.99187E-05 9.99187E-05 9.99187E-05 9.99187E-05 9.99187E-05 9.99187E-05 0.0039897 9.99187E-05 9.99187E-05
9.9955E-05 0.389091 9.9955E-05 9.9955E-05 0.00886167 9.9955E-05 0.168345 9.9955E-05 0.0556417 0.31502 0.0625401
9.9946E-05 0.363926 9.9946E-05 9.9946E-05 9.9946E-05 9.9946E-05 0.372405 9.9946E-05 0.110171 0.11548 0.0374185
0.0365627 0.540212 0.175452 0.045926 0.0332874 9.99729E-05 9.99729E-05 0.14983 9.99729E-05 0.00230441 0.0161265
9.9946E-05 0.301542 9.9946E-05 9.9946E-05 9.9946E-05 9.9946E-05 0.239068 9.9946E-05 0.273789 0.154358 0.0306437
0.0167693 0.606069 0.136165 0.0651388 0.061904 9.9973E-05 9.9973E-05 0.10463 9.9973E-05 0.00577306 0.00325121
0.0909199 9.9946E-05 0.712677 0.00343634 9.9946E-05 0.0511187 9.9946E-05 0.141248 9.9946E-05 9.9946E-05 9.9946E-05
9.9955E-05 9.9955E-05 0.697032 9.9955E-05 0.00387671 9.9955E-05 0.139792 9.9955E-05 0.0530506 0.0663823 0.0393662
9.9973E-05 0.35056 9.9973E-05 9.9973E-05 0.0385663 0.0324028 0.199527 0.0889259 0.203103 0.0855924 0.0010227
9.9982E-05 0.289379 9.9982E-05 0.0116486 0.00558513 0.0689589 0.142133 0.167738 0.160047 0.139375 0.014935
9.99101E-05 0.999001 9.99101E-05 9.99101E-05 9.99101E-05 9.99101E-05 9.99101E-05 9.99101E-05 9.99101E-05 9.99101E-05 9.99101E-05
9.9964E-05 0.366192 9.9964E-05 9.9964E-05 0.0141975 0.00401841 0.244855 9.9964E-05 0.218652 0.148202 0.00348436
9.99371E-05 9.99371E-05 0.0287962 0.140129 9.99371E-05 0.822425 0.00795057 9.99371E-05 9.99371E-05 9.99371E-05 9.99371E-05
9.9937E-05 0.141366 9.9937E-05 0.00477093 9.9937E-05 9.9937E-05 0.0192918 9.9937E-05 0.833871 9.9937E-05 9.9937E-05
0.0110463 0.546459 9.9955E-05 9.9955E-05 0.00179432 9.9955E-05 0.146965 9.9955E-05 9.9955E-05 0.265026 0.0282088
9.99461E-05 0.428804 9.99461E-05 9.99461E-05 9.99461E-05 9.99461E-05 0.300493 9.99461E-05 0.223619 0.0402516 0.00623256
9.9955E-05 0.419653 9.9955E-05 9.9955E-05 0.0137717 9.9955E-05 0.157299 9.9955E-05 0.0909322 0.29495 0.0228949
9.9946E-05 0.376442 9.9946E-05 9.9946E-05 0.0271337 9.9946E-05 0.271651 9.9946E-05 0.0775559 0.246617 9.9946E-05
0.00399034 9.99369E-05 0.0318997 0.137371 9.99369E-05 9.99369E-05 9.99369E-05 9.99369E-05 9.99369E-05 9.99369E-05 0.826039
9.99549E-05 9.99549E-05 9.99549E-05 0.197358 0.0634823 0.419438 9.99549E-05 0.0714959 9.99549E-05 0.0367115 0.211015
9.9946E-05 0.149974 9.9946E-05 9.9946E-05 0.000247399 9.9946E-05 0.105482 9.9946E-05 0.711981 0.0317157 9.9946E-05
9.99369E-05 9.99369E-05 0.0187172 0.0582725 9.99369E-05 0.874151 9.99369E-05 0.0481602 9.99369E-05 9.99369E-05 9.99369E-05
0.00755834 9.99369E-05 0.0539405 0.115784 9.99369E-05 9.99369E-05 9.99369E-05 9.99369E-05 9.99369E-05 9.99369E-05 0.822018
0.0295931 0.0482853 0.0739041 9.99459E-05 9.99459E-05 0.000251843 9.99459E-05 0.847366 9.99459E-05 9.99459E-05 9.99459E-05
9.99101E-05 9.99101E-05 9.99101E-05 9.99101E-05 9.99101E-05 9.99101E-05 9.99101E-05 9.99101E-05 0.999001 9.99101E-05 9.99101E-05
9.9919E-05 9.9919E-05 9.9919E-05 9.9919E-05 0.0146877 9.9919E-05 9.9919E-05 9.9919E-05 0.984413 9.9919E-05 9.9919E-05
0.0300319 9.9955E-05 9.9955E-05 0.00145396 0.0263241 0.00519262 9.9955E-05 9.9955E-05 0.895359 0.0411383 9.9955E-05
9.9937E-05 9.9937E-05 9.9937E-05 9.9937E-05 0.0144488 9.9937E-05 9.9937E-05 0.00205614 0.95563 0.0271651 9.9937E-05
0.79988 9.9955E-05 0.00412902 9.9955E-05 0.00817084 0.0747539 9.9955E-05 0.0716359 0.0409307 9.9955E-05 9.9955E-05
0.0203702 9.9964E-05 9.9964E-05 0.00913048 0.0418273 0.00378375 0.0472118 9.9964E-05 0.820997 9.9964E-05 0.0562798
9.99101E-05 9.99101E-05 9.99101E-05 9.99101E-05 9.99101E-05 9.99101E-05 9.99101E-05 9.99101E-05 9.99101E-05 9.99101E-05 0.999001
9.9937E-05 0.0240788 0.0116858 0.825325 9.9937E-05 9.9937E-05 9.9937E-05 9.9937E-05 9.9937E-05 9.9937E-05 0.138211
9.9937E-05 9.9937E-05 9.9937E-05 0.634454 9.9937E-05 0.0309926 9.9937E-05 9.9937E-05 9.9937E-05 0.00572037 0.328133
0.0075981 0.00118223 9.9946E-05 0.791024 0.023349 9.9946E-05 9.9946E-05 9.9946E-05 9.9946E-05 9.9946E-05 0.176247
9.9937E-05 9.9937E-05 9.9937E-05 0.710047 0.0283886 0.0418185 9.9937E-05 9.9937E-05 9.9937E-05 9.9937E-05 0.219046
9.9964E-05 0.408852 9.9964E-05 0.00447405 0.064928 0.00835548 0.0410596 9.9964E-05 9.9964E-05 0.414249 0.0576827
9.9946E-05 0.462798 9.9946E-05 9.9946E-05 0.073425 9.9946E-05 0.039247 9.9946E-05 9.9946E-05 0.370738 0.0531931
0.0422307 0.0289098 0.0143207 0.00401387 9.9964E-05 0.0165583 9.9964E-05 9.9964E-05 9.9964E-05 0.886747 0.00682002
9.9946E-05 0.00360012 9.9946E-05 0.035029 9.9946E-05 9.9946E-05 0.00734535 9.9946E-05 0.092543 0.860883 9.9946E-05
9.9946E-05 9.9946E-05 0.0199175 9.9946E-05 9.9946E-05 9.9946E-05 0.00273962 9.9946E-05 0.0356921 0.921235 0.0198161
0.0476539 0.00436829 0.553349 0.022401 0.0164739 0.0126069 9.9973E-05 0.0665782 9.9973E-05 0.276269 9.9973E-05
9.9946E-05 0.0294918 9.9946E-05 9.9946E-05 0.0223573 0.0308129 9.9946E-05 0.0126158 9.9946E-05 0.904123 9.9946E-05
0.103509 0.0420211 0.0840555 0.151434 9.9982E-05 0.20861 0.0266364 9.9982E-05 0.196539 0.102621 0.0843753
9.99101E-05 9.99101E-05 9.99101E-05 9.99101E-05 9.99101E-05 9.99101E-05 9.99101E-05 9.99101E-05 9.99101E-05 0.999001 9.99101E-05
9.9919E-05 9.9919E-05 9.9919E-05 9.9919E-05 9.9919E-05 9.9919E-05 0.00778397 9.9919E-05 9.9919E-05 0.991317 9.9919E-05
9.9946E-05 0.00900781 9.9946E-05 0.00130965 0.0256339 9.9946E-05 9.9946E-05 9.9946E-05 0.0468178 0.916631 9.9946E-05
9.9946E-05 9.9946E-05 9.9946E-05 0.0333421 9.9946E-05 0.0245048 0.675836 9.9946E-05 0.0146809 0.251036 9.9946E-05
9.99281E-05 9.99281E-05 9.99281E-05 9.99281E-05 0.00322227 9.99281E-05 9.99281E-05 9.99281E-05 0.0197668 0.976212 9.99281E-05
9.9964E-05 9.9964E-05 0.0118981 0.0256323 0.0201948 0.00466203 0.101301 9.9964E-05 0.0270706 0.808841 9.9964E-05
9.9937E-05 0.0286637 9.9937E-05 0.106814 9.9937E-05 0.859262 9.9937E-05 0.00456046 9.9937E-05 9.9937E-05 9.9937E-05
0.00115894 0.0279709 0.0529231 0.254479 0.0330264 0.556491 9.9982E-05 0.00989503 0.0222812 0.0415751 9.9982E-05
9.9964E-05 0.0258461 0.133605 0.657154 9.9964E-05 0.0997976 9.9964E-05 0.00772855 9.9964E-05 0.0212851 0.0541841
0.0282375 9.9955E-05 9.9955E-05 0.882375 0.0197063 0.0541096 9.9955E-05 0.00222535 0.0128466 9.9955E-05 9.9955E-05
0.0151572 0.0303527 0.736134 0.0810062 9.9964E-05 0.0819461 9.9964E-05 0.0481748 9.9964E-05 0.00682922 9.9964E-05
9.9964E-05 9.9964E-05 0.0971478 0.747811 0.0260117 0.06078 9.9964E-05 0.000648729 9.9964E-05 0.0338135 0.033387
9.9946E-05 0.00925676 9.9946E-05 0.0057079 9.9946E-05 0.966863 9.9946E-05 0.0171662 0.000406966 9.9946E-05 9.9946E-05
9.99281E-05 0.00583132 9.99281E-05 0.0491812 9.99281E-05 0.944188 9.99281E-05 9.99281E-05 9.99281E-05 9.99281E-05 9.99281E-05
0.0268452 9.9919E-05 0.972256 9.9919E-05 9.9919E-05 9.9919E-05 9.9919E-05 9.9919E-05 9.9919E-05 9.9919E-05 9.9919E-05
9.9982E-05 0.0829 0.0621335 0.729981 0.0390372 0.0305821 0.00628568 0.00403389 0.00252407 0.0423229 9.9982E-05
9.9982E-05 0.0571018 0.0590407 0.435691 0.092961 0.157662 0.0154375 0.0882622 9.9982E-05 0.0467492 0.0468949
0.0935383 0.267744 0.294713 0.0498712 0.0398702 9.99552E-05 9.99552E-05 0.253763 9.99552E-05 9.99552E-05 9.99552E-05
0.0451458 0.00522622 0.909025 9.99369E-05 9.99369E-05 9.99369E-05 9.99369E-05 0.0399039 9.99369E-05 9.99369E-05 9.99369E-05
0.0148812 0.0889184 0.758115 0.0908458 9.99459E-05 0.0466401 9.99459E-05 9.99459E-05 9.99459E-05 9.99459E-05 9.99459E-05
9.9982E-05 0.00111658 0.048608 0.0899942 9.9982E-05 0.528951 0.019103 0.0414905 0.0622678 0.00789057 0.200378
0.110271 9.9946E-05 0.798538 0.0459939 0.00805791 9.9946E-05 9.9946E-05 0.0365399 9.9946E-05 9.9946E-05 9.9946E-05
9.99549E-05 0.0271318 9.99549E-05 0.0311333 0.0102291 0.888858 9.99549E-05 0.0392637 9.99549E-05 0.00288466 9.99549E-05
0.0216995 9.9919E-05 9.9919E-05 9.9919E-05 9.9919E-05 9.9919E-05 9.9919E-05 0.977401 9.9919E-05 9.9919E-05 9.9919E-05
9.99191E-05 9.99191E-05 0.0466434 9.99191E-05 9.99191E-05 9.99191E-05 9.99191E-05 0.952457 9.99191E-05 9.99191E-05 9.99191E-05
0.00887967 0.322017 9.9964E-05 9.9964E-05 0.0352851 9.9964E-05 0.121606 0.263441 0.181008 0.0673632 9.9964E-05
0.0840392 9.9928E-05 0.909813 0.00534808 9.9928E-05 9.9928E-05 9.9928E-05 9.9928E-05 9.9928E-05 9.9928E-05 9.9928E-05
0.0164819 9.99189E-05 0.982619 9.99189E-05 9.99189E-05 9.99189E-05 9.99189E-05 9.99189E-05 9.99189E-05 9.99189E-05 9.99189E-05
