0.0573535 9.99459E-05 9.99459E-05 9.99459E-05 9.99459E-05 9.99459E-05 9.99459E-05 0.827836 0.114211
9.99459E-05 9.99459E-05 0.234095 0.0293301 9.99459E-05 9.99459E-05 9.99459E-05 0.735976 9.99459E-05
9.9982E-05 9.9982E-05 0.248977 0.0933442 0.00127161 0.0507805 0.0231187 0.577046 0.00526216
0.0329537 9.9946E-05 9.9946E-05 9.9946E-05 9.9946E-05 9.9946E-05 9.9946E-05 0.851254 0.115192
0.00620861 0.0127848 0.901286 0.00993316 0.0118903 9.9982E-05 0.0258726 9.9982E-05 0.0318246
9.9946E-05 9.9946E-05 0.148449 0.0844853 9.9946E-05 9.9946E-05 9.9946E-05 0.766466 9.9946E-05
0.455012 0.0161528 9.9964E-05 9.9964E-05 9.9964E-05 9.9964E-05 0.514582 0.00154202 0.0123118
0.015187 9.9955E-05 9.9955E-05 0.00708317 9.9955E-05 9.9955E-05 0.96712 0.0101097 9.9955E-05
9.9946E-05 9.9946E-05 0.0135574 0.00161029 9.9946E-05 9.9946E-05 0.984233 9.9946E-05 9.9946E-05
9.99461E-05 9.99461E-05 0.00307846 9.99461E-05 9.99461E-05 9.99461E-05 0.993525 9.99461E-05 0.00279666
0.145299 9.9964E-05 0.0542116 0.00442036 9.9964E-05 0.787829 9.9964E-05 0.00784008 9.9964E-05
0.0432508 9.9955E-05 9.9955E-05 9.9955E-05 9.9955E-05 0.912714 0.0108381 9.9955E-05 0.0326977
0.0746678 9.99551E-05 9.99551E-05 9.99551E-05 9.99551E-05 0.905785 0.00292866 0.0161185 9.99551E-05
0.0897372 9.99371E-05 9.99371E-05 9.99371E-05 9.99371E-05 0.909563 9.99371E-05 9.99371E-05 9.99371E-05
0.0171782 0.827669 9.9964E-05 9.9964E-05 0.0371268 9.9964E-05 9.9964E-05 0.00146505 0.116161
9.9937E-05 9.9937E-05 9.9937E-05 9.9937E-05 9.9937E-05 9.9937E-05 0.993043 9.9937E-05 0.00625781
0.92968 9.9964E-05 9.9964E-05 9.9964E-05 9.9964E-05 0.00767849 0.0137533 0.00434086 0.0441473
0.00351872 0.879281 9.99641E-05 9.99641E-05 9.99641E-05 0.101467 0.00578778 0.00954526 9.99641E-05
0.0133788 0.549552 9.9973E-05 9.9973E-05 0.0348345 0.205085 9.9973E-05 0.0173963 0.179454
0.0154169 0.347299 9.9964E-05 9.9964E-05 0.0253289 0.588757 0.0227986 9.9964E-05 9.9964E-05
9.9964E-05 0.81131 9.9964E-05 9.9964E-05 0.0007675 0.0401926 0.0297835 9.9964E-05 0.117547
9.9973E-05 0.0678762 9.9973E-05 0.0066812 0.00457298 0.899561 0.0207804 9.9973E-05 0.000228133
0.0321029 0.876563 9.9955E-05 9.9955E-05 9.9955E-05 0.0583489 9.9955E-05 0.0324856 9.9955E-05
0.0244576 0.0726241 9.9973E-05 0.0411485 9.9973E-05 0.826967 0.0123763 9.9973E-05 0.0221265
9.9955E-05 0.0126831 9.9955E-05 9.9955E-05 9.9955E-05 0.944628 9.9955E-05 0.0350737 0.00711508
0.038835 0.91161 9.9955E-05 9.9955E-05 9.9955E-05 9.9955E-05 9.9955E-05 0.0245243 0.0245313
9.9946E-05 0.84802 9.9946E-05 9.9946E-05 9.9946E-05 0.131027 0.0203538 9.9946E-05 9.9946E-05
0.00117732 0.594324 9.9973E-05 0.0473976 0.0341442 0.28248 9.9973E-05 0.0401766 9.9973E-05
9.9955E-05 0.900637 9.9955E-05 9.9955E-05 0.0366531 0.039526 0.0226846 9.9955E-05 9.9955E-05
9.9964E-05 0.902348 9.9964E-05 9.9964E-05 0.0149279 0.0442435 9.9964E-05 0.0177087 0.0203718
9.9946E-05 0.0339547 9.9946E-05 9.9946E-05 0.035381 0.930065 9.9946E-05 9.9946E-05 9.9946E-05
0.187605 9.9946E-05 9.9946E-05 9.9946E-05 0.000928387 0.810867 9.9946E-05 9.9946E-05 9.9946E-05
9.99461E-05 0.86765 9.99461E-05 9.99461E-05 9.99461E-05 0.0849637 9.99461E-05 0.0467867 9.99461E-05
9.9964E-05 0.164141 0.00175463 9.9964E-05 9.9964E-05 0.75405 0.0253904 9.9964E-05 0.0542635
9.99551E-05 0.93873 9.99551E-05 9.99551E-05 9.99551E-05 0.0391074 0.00384573 0.0178175 9.99551E-05
9.9964E-05 0.00690101 0.0020961 0.00802185 9.9964E-05 0.969385 9.9964E-05 9.9964E-05 0.0131964
9.99461E-05 0.881397 0.0261141 9.99461E-05 9.99461E-05 0.0918895 9.99461E-05 9.99461E-05 9.99461E-05
9.9964E-05 0.0134944 9.9964E-05 0.00476458 0.0200679 0.955591 9.9964E-05 9.9964E-05 0.00568263
9.9955E-05 9.9955E-05 0.102799 0.117935 0.0901301 9.9955E-05 9.9955E-05 9.9955E-05 0.688637
9.9937E-05 9.9937E-05 0.627844 0.371456 9.9937E-05 9.9937E-05 9.9937E-05 9.9937E-05 9.9937E-05
0.159629 9.99551E-05 0.0903709 0.0109884 9.99551E-05 0.738511 9.99551E-05 9.99551E-05 9.99551E-05
0.0238586 0.940656 9.9946E-05 9.9946E-05 9.9946E-05 0.0348853 9.9946E-05 9.9946E-05 9.9946E-05
9.9955E-05 0.0416151 9.9955E-05 9.9955E-05 9.9955E-05 0.934482 0.00358768 9.9955E-05 0.0198157
0.293481 9.9973E-05 9.9973E-05 0.584644 0.0290572 0.00361603 9.9973E-05 0.0349411 0.0539604
9.9973E-05 0.531022 9.9973E-05 9.9973E-05 0.0344902 0.247678 0.046734 0.0281726 0.111603
0.102618 0.360845 9.9964E-05 9.9964E-05 9.9964E-05 0.462752 0.0318635 0.0415212 9.9964E-05
9.9973E-05 0.818658 0.0229312 9.9973E-05 0.00778696 0.0564725 0.0378288 9.9973E-05 0.0560225
9.99459E-05 9.99459E-05 0.237626 0.109043 9.99459E-05 9.99459E-05 9.99459E-05 0.652731 9.99459E-05
9.9964E-05 9.9964E-05 0.0986547 0.249683 0.524828 9.9964E-05 9.9964E-05 0.0636977 0.0627376
0.296368 9.99459E-05 9.99459E-05 9.99459E-05 9.99459E-05 9.99459E-05 0.00680192 9.99459E-05 0.69623
0.168445 9.99549E-05 9.99549E-05 9.99549E-05 9.99549E-05 0.13902 9.99549E-05 0.0429913 0.649043
0.163343 9.99549E-05 9.99549E-05 9.99549E-05 9.99549E-05 0.121548 9.99549E-05 0.104447 0.610161
0.227881 9.99459E-05 9.99459E-05 9.99459E-05 9.99459E-05 9.99459E-05 9.99459E-05 0.0414271 0.730092
9.9964E-05 0.0198754 0.0139811 9.9964E-05 9.9964E-05 0.0217786 0.94276 0.00120462 9.9964E-05
0.0113048 9.9982E-05 0.000548725 0.00469823 0.0028743 0.0100341 0.948632 0.021708 9.9982E-05
0.434127 9.99551E-05 9.99551E-05 9.99551E-05 9.99551E-05 0.506724 0.0441805 0.0144689 9.99551E-05
9.9946E-05 0.025422 9.9946E-05 9.9946E-05 9.9946E-05 0.943274 9.9946E-05 9.9946E-05 0.0307038
9.9982E-05 0.187633 0.194099 9.9982E-05 0.0760237 0.0511435 0.01151 0.0154785 0.463912
9.9955E-05 9.9955E-05 0.872762 9.9955E-05 0.0116079 9.9955E-05 9.9955E-05 0.108028 0.00710266
9.9973E-05 0.0104102 0.438281 0.179649 0.303569 9.9973E-05 9.9973E-05 0.0139455 0.0538463
0.955553 9.9946E-05 9.9946E-05 0.0325643 9.9946E-05 9.9946E-05 9.9946E-05 0.0112827 9.9946E-05
0.709989 0.0158316 0.0276244 9.9973E-05 9.9973E-05 0.0097635 0.0104133 9.9973E-05 0.226078
0.687452 9.9973E-05 9.9973E-05 9.9973E-05 0.0537777 0.0338557 0.0243791 0.074662 0.125573
9.9937E-05 9.9937E-05 9.9937E-05 9.9937E-05 9.9937E-05 9.9937E-05 0.958556 9.9937E-05 0.0407444
9.9955E-05 9.9955E-05 0.829948 0.102301 9.9955E-05 9.9955E-05 9.9955E-05 0.0171425 0.0501087
0.964973 0.0190429 9.9955E-05 9.9955E-05 0.00419692 0.0112871 9.9955E-05 9.9955E-05 9.9955E-05
9.99639E-05 9.99639E-05 0.0553383 0.0923239 0.0148028 9.99639E-05 9.99639E-05 0.0141264 0.823009
0.0203606 0.0202726 9.9946E-05 9.9946E-05 9.9946E-05 0.958767 9.9946E-05 9.9946E-05 9.9946E-05
0.0666402 9.99461E-05 9.99461E-05 9.99461E-05 9.99461E-05 0.928872 0.0038881 9.99461E-05 9.99461E-05
0.0250468 0.0298583 0.0269102 9.9982E-05 0.0470182 9.9982E-05 0.78203 0.0136879 0.075249
0.034851 0.0595202 0.00372314 9.9982E-05 0.0178181 0.0045158 0.784453 9.9982E-05 0.0949185
0.0254646 0.00891126 9.9973E-05 9.9973E-05 0.00786844 0.0164703 0.854818 9.9973E-05 0.086167
0.0200813 9.9946E-05 0.0259042 9.9946E-05 9.9946E-05 9.9946E-05 0.953415 9.9946E-05 9.9946E-05
0.029445 0.00853706 9.9955E-05 9.9955E-05 9.9955E-05 9.9955E-05 0.953929 9.9955E-05 0.00758904
0.00786358 9.9955E-05 9.9955E-05 9.9955E-05 9.9955E-05 0.00932804 0.96878 0.0135283 9.9955E-05
9.99371E-05 0.011319 9.99371E-05 9.99371E-05 9.99371E-05 9.99371E-05 0.987981 9.99371E-05 9.99371E-05
9.9955E-05 0.00489969 0.0128758 9.9955E-05 0.00952774 9.9955E-05 0.972197 9.9955E-05 9.9955E-05
9.99728E-05 9.99728E-05 0.0080746 0.0291195 9.99728E-05 0.00365164 0.958091 0.000663314 9.99728E-05
9.993E-05 9.993E-05 9.993E-05 9.993E-05 9.993E-05 9.993E-05 0.999201 9.993E-05 9.993E-05
9.9982E-05 0.025669 0.00564417 9.9982E-05 0.00282355 0.0183486 0.920851 0.00437046 0.0220932
0.019693 9.9964E-05 9.9964E-05 9.9964E-05 0.013836 0.0157995 0.919739 9.9964E-05 0.0305331
0.0147265 0.0135079 0.0128398 9.9964E-05 9.9964E-05 9.9964E-05 0.944008 9.9964E-05 0.0145185
9.99461E-05 0.40237 9.99461E-05 9.99461E-05 9.99461E-05 0.0404583 0.556572 9.99461E-05 9.99461E-05
9.99461E-05 0.412853 9.99461E-05 9.99461E-05 9.99461E-05 0.0265323 0.560015 9.99461E-05 9.99461E-05
9.9937E-05 9.9937E-05 9.9937E-05 0.0109729 9.9937E-05 9.9937E-05 0.988328 9.9937E-05 9.9937E-05
9.9937E-05 9.9937E-05 9.9937E-05 9.9937E-05 9.9937E-05 9.9937E-05 0.945121 9.9937E-05 0.0541794
9.9955E-05 9.9955E-05 9.9955E-05 0.00385423 9.9955E-05 9.9955E-05 0.917948 0.0442924 0.0334055
9.9973E-05 0.0419255 0.0228042 9.9973E-05 0.00952698 0.00560985 0.916293 9.9973E-05 0.00354011
9.99373E-05 9.99373E-05 9.99373E-05 0.00241828 9.99373E-05 9.99373E-05 0.996882 9.99373E-05 9.99373E-05
9.99461E-05 0.428685 9.99461E-05 9.99461E-05 9.99461E-05 0.0126149 0.5581 9.99461E-05 9.99461E-05
9.9973E-05 0.0492068 0.0254617 9.9973E-05 0.0231514 0.0494013 0.844595 0.00788343 9.9973E-05
0.0391243 0.00223993 9.9964E-05 0.0195992 9.9964E-05 0.0176463 0.92099 9.9964E-05 9.9964E-05
0.00477278 9.9955E-05 0.0168535 9.9955E-05 9.9955E-05 9.9955E-05 0.954794 9.9955E-05 0.0230803
9.9964E-05 9.9964E-05 0.00516577 0.0273646 9.9964E-05 9.9964E-05 0.919979 0.00140444 0.0456865
0.0195463 0.0284991 0.0147993 9.9973E-05 9.9973E-05 0.00973633 0.88328 9.9973E-05 0.0438388
0.0205597 9.9955E-05 9.9955E-05 9.9955E-05 9.9955E-05 9.9955E-05 0.948967 0.00286879 0.0271044
0.142707 0.560849 0.0620786 9.9964E-05 0.0192766 9.9964E-05 9.9964E-05 0.214689 9.9964E-05
9.99551E-05 0.0175016 9.99551E-05 0.00779733 9.99551E-05 9.99551E-05 0.924818 0.0493837 9.99551E-05
9.9946E-05 9.9946E-05 9.9946E-05 9.9946E-05 9.9946E-05 0.0108711 0.960081 0.0284478 9.9946E-05
0.0306365 0.0611912 0.00507592 0.120379 0.0369813 9.9991E-05 0.731606 0.00567148 0.00835902
9.9946E-05 9.9946E-05 9.9946E-05 9.9946E-05 9.9946E-05 0.000654844 0.998499 0.000246881 9.9946E-05
0.00718521 9.9937E-05 9.9937E-05 9.9937E-05 9.9937E-05 9.9937E-05 0.992115 9.9937E-05 9.9937E-05
9.9946E-05 9.9946E-05 9.9946E-05 0.00707395 9.9946E-05 9.9946E-05 0.949322 9.9946E-05 0.0430047
9.9964E-05 0.0202943 0.0168978 9.9964E-05 0.00285762 0.000498038 0.959052 9.9964E-05 9.9964E-05
0.0156814 0.899963 9.9973E-05 0.0226445 9.9973E-05 0.0277153 0.0250936 0.00860282 9.9973E-05
9.99371E-05 9.99371E-05 9.99371E-05 0.00156316 9.99371E-05 9.99371E-05 0.997737 9.99371E-05 9.99371E-05
9.9946E-05 9.9946E-05 9.9946E-05 9.9946E-05 0.0111665 9.9946E-05 0.942174 9.9946E-05 0.0460597
9.9937E-05 9.9937E-05 9.9937E-05 9.9937E-05 0.0173721 9.9937E-05 0.981928 9.9937E-05 9.9937E-05
0.140322 0.591789 9.9955E-05 9.9955E-05 9.9955E-05 0.234979 9.9955E-05 0.0324096 9.9955E-05
9.9982E-05 0.012993 0.0326703 9.9982E-05 0.0352473 0.00130382 0.896233 0.00486688 0.0164862
9.9964E-05 9.9964E-05 9.9964E-05 9.9964E-05 0.00573229 0.0465699 0.918946 0.0249426 0.0034091
0.00970056 0.00972687 9.9973E-05 0.011848 0.00565742 9.9973E-05 0.943535 0.019232 9.9973E-05
0.00293898 9.9937E-05 9.9937E-05 9.9937E-05 9.9937E-05 9.9937E-05 0.996361 9.9937E-05 9.9937E-05
0.0195169 0.64003 9.9964E-05 9.9964E-05 9.9964E-05 0.246875 0.0212492 9.9964E-05 0.0719294
9.9946E-05 9.9946E-05 0.00424013 9.9946E-05 0.00759478 9.9946E-05 0.987565 9.9946E-05 9.9946E-05
9.9946E-05 9.9946E-05 9.9946E-05 9.9946E-05 9.9946E-05 9.9946E-05 0.912706 0.0555041 0.0311899
0.0226333 0.467752 9.99551E-05 9.99551E-05 9.99551E-05 0.00132449 0.507791 9.99551E-05 9.99551E-05
9.9946E-05 0.0200006 9.9946E-05 0.00716877 9.9946E-05 9.9946E-05 0.972231 9.9946E-05 9.9946E-05
0.00362609 0.189924 9.9982E-05 9.9982E-05 0.0078054 0.733256 0.0466047 0.0181482 0.000434944
9.9946E-05 0.27583 0.0174084 9.9946E-05 9.9946E-05 0.706162 9.9946E-05 9.9946E-05 9.9946E-05
0.0269306 0.00160442 9.9982E-05 0.0440855 9.9982E-05 0.891788 0.0114307 0.021349 0.00261141
0.0251636 0.869405 0.00587066 0.0258293 9.9982E-05 0.0476717 0.025613 9.9982E-05 0.000247055
0.773824 0.00043565 0.0243918 9.9982E-05 0.0227576 0.0146163 0.0443863 9.9982E-05 0.119388
9.9955E-05 0.0282223 9.9955E-05 0.0318306 9.9955E-05 0.869871 0.0695759 9.9955E-05 9.9955E-05
0.3394 0.175994 0.0252982 9.9973E-05 0.0577404 0.365914 9.9973E-05 0.0353524 9.9973E-05
9.9973E-05 0.156831 0.0200666 9.9973E-05 0.000771083 0.766561 0.0455259 0.00994481 9.9973E-05
0.0187438 0.244103 0.0189541 0.00139581 0.0208355 0.64854 9.9982E-05 0.0472275 9.9982E-05
9.9973E-05 0.201473 9.9973E-05 0.00583736 0.00860329 0.734858 0.00905826 9.9973E-05 0.0398694
9.9973E-05 0.260672 0.0511512 0.0190223 0.037559 0.613577 9.9973E-05 9.9973E-05 0.0177187
9.9982E-05 0.290939 0.0344213 0.00657424 0.0366401 0.596466 0.0330174 0.00174281 9.9982E-05
9.9955E-05 0.0130995 0.0464922 9.9955E-05 9.9955E-05 0.932562 0.00734679 9.9955E-05 9.9955E-05
0.119693 9.9964E-05 0.00871135 9.9964E-05 9.9964E-05 0.820561 0.0438221 0.00681237 9.9964E-05
0.0708645 9.99461E-05 9.99461E-05 9.99461E-05 9.99461E-05 0.871738 0.0567982 9.99461E-05 9.99461E-05
9.9991E-05 0.741959 0.0111351 0.00639008 0.0654734 0.106806 0.0430208 0.0195874 0.00552823
9.9955E-05 0.0043631 0.00440231 0.971874 9.9955E-05 9.9955E-05 9.9955E-05 9.9955E-05 0.0188607
9.9946E-05 9.9946E-05 0.00591127 0.914808 9.9946E-05 9.9946E-05 9.9946E-05 9.9946E-05 0.078681
0.0358417 9.9973E-05 0.621918 0.23832 0.0138136 0.0170574 9.9973E-05 9.9973E-05 0.0727492
0.288339 0.334366 0.0277867 9.9991E-05 0.0453813 0.11469 0.110718 0.00370991 0.0749087
9.9964E-05 9.9964E-05 9.9964E-05 0.915515 0.00983133 9.9964E-05 0.0100862 0.0350494 0.0291181
9.9946E-05 9.9946E-05 9.9946E-05 0.887073 9.9946E-05 9.9946E-05 9.9946E-05 0.039633 0.0726943
0.253487 0.156866 0.0519144 0.0402991 9.9982E-05 0.384216 0.108957 0.00406063 9.9982E-05
9.9964E-05 9.9964E-05 0.421289 0.23649 0.290077 9.9964E-05 0.0103461 9.9964E-05 0.0413973
9.9973E-05 0.0364781 0.399652 0.122593 0.357175 9.9973E-05 0.0155861 9.9973E-05 0.068216
0.010988 9.9982E-05 0.459291 0.0881561 0.368157 0.0199531 9.9982E-05 0.0120087 0.0412463
0.0516493 0.0493106 0.23766 9.9973E-05 0.573615 9.9973E-05 0.00304136 9.9973E-05 0.0844235
0.0239243 0.0297185 0.256419 9.9973E-05 0.613395 9.9973E-05 0.00187227 9.9973E-05 0.0743705
0.0211064 0.0452147 0.411872 0.0719035 0.398855 9.9982E-05 9.9982E-05 0.0493844 0.00146414
0.773692 9.99549E-05 9.99549E-05 9.99549E-05 0.0368406 9.99549E-05 9.99549E-05 0.0511606 0.137807
0.00985167 0.0257139 0.611087 0.335581 0.00831226 9.9973E-05 0.00915465 9.9973E-05 9.9973E-05
0.0151147 0.880883 9.9973E-05 0.00235286 9.9973E-05 0.0334736 0.00279699 9.9973E-05 0.0650787
0.0529343 0.882985 0.0019565 0.0101927 9.9973E-05 9.9973E-05 0.0351714 0.0164603 9.9973E-05
0.00471138 0.0155566 0.85668 0.0572604 0.000908598 0.00246572 0.0154969 0.0032992 0.0436215
0.0998718 0.234189 0.124391 0.0479309 0.104933 0.0985266 0.0881003 0.106197 0.0958597
0.778528 0.0495012 9.9991E-05 0.0446773 0.0362205 0.0251936 0.00914997 0.0129855 0.0436445
0.127652 9.9973E-05 0.0384851 0.0523854 0.0282386 0.718914 9.9973E-05 0.0340249 9.9973E-05
0.0496877 0.806492 9.9973E-05 9.9973E-05 0.0092533 0.0759815 0.00936062 0.0489248 9.9973E-05
0.168516 9.9982E-05 0.0188954 0.213558 0.0460242 0.521334 0.00851912 0.0229534 9.9982E-05
0.798154 0.0541674 9.9982E-05 0.0861956 0.024922 0.0172062 9.9982E-05 0.00422754 0.0149273
0.00495007 0.026239 9.9982E-05 0.734941 0.138182 0.00115902 0.0345888 0.0597405 9.9982E-05
0.890768 9.9964E-05 9.9964E-05 0.0149274 9.9964E-05 9.9964E-05 0.0150524 0.000618533 0.0782335
9.9982E-05 0.0840995 0.031139 0.0340798 0.102941 0.085271 0.0539599 9.9982E-05 0.60831
0.0497794 0.914403 9.9955E-05 9.9955E-05 9.9955E-05 9.9955E-05 0.0248678 0.0104498 9.9955E-05
0.038755 0.00651686 0.580733 0.312058 9.9973E-05 0.0303311 0.0313065 9.9973E-05 9.9973E-05
0.0675308 9.9982E-05 0.41948 0.00722005 0.00512795 0.469138 0.0245832 0.00672071 9.9982E-05
9.9964E-05 0.00873581 0.903129 9.9964E-05 0.0284571 0.0244342 0.0348437 9.9964E-05 9.9964E-05
0.319881 0.0384558 0.0492844 0.0251375 0.00428287 0.294146 0.0204121 0.248301 9.9991E-05
9.9946E-05 9.9946E-05 0.988218 0.00501582 9.9946E-05 9.9946E-05 0.00616683 9.9946E-05 9.9946E-05
0.917482 9.9946E-05 0.0393883 9.9946E-05 9.9946E-05 0.0425296 9.9946E-05 9.9946E-05 9.9946E-05
0.0521876 0.0544728 0.786623 9.9973E-05 0.0355143 0.0146467 0.0562552 9.9973E-05 9.9973E-05
0.0697025 0.0127403 0.825624 0.00950739 0.00745569 0.0355219 0.0392481 9.9982E-05 9.9982E-05
0.074033 0.841711 0.0456281 9.9964E-05 0.0315804 9.9964E-05 9.9964E-05 0.00664811 9.9964E-05
0.0522627 0.374943 0.0496138 0.281782 0.0185715 0.135856 9.9991E-05 0.0132445 0.0736264
0.238043 0.292746 0.0420551 0.0407644 0.0218638 0.309121 0.0213044 0.0340015 9.9991E-05
0.0191819 0.0213982 0.0709846 9.9991E-05 0.799129 0.0124725 0.0136526 0.0335481 0.0295328
0.0103518 9.9964E-05 0.0338541 9.9964E-05 0.921775 0.0165598 9.9964E-05 9.9964E-05 0.0170591
0.0117946 0.00966066 0.0305147 9.9982E-05 0.854669 9.9982E-05 0.012372 0.0438954 0.0368937
0.0425409 0.0273072 0.0265227 9.9973E-05 0.853318 0.0311727 0.018839 9.9973E-05 9.9973E-05
9.9955E-05 0.918707 9.9955E-05 9.9955E-05 0.00729551 9.9955E-05 9.9955E-05 0.0268777 0.0466199
9.9964E-05 0.907766 0.0340017 9.9964E-05 9.9964E-05 9.9964E-05 0.00958932 0.00314938 0.0450941
0.0480165 0.739734 9.9982E-05 9.9982E-05 0.0278714 0.0731885 0.0341786 0.0345911 0.0422201
0.0278108 9.9982E-05 0.266557 0.204838 0.398463 0.000112632 9.9982E-05 0.0619329 0.0400857
0.0182816 0.187821 0.135779 0.0839992 0.0736706 0.179704 0.129045 0.0701549 0.121544
9.9973E-05 0.349592 0.00110826 0.007701 0.0943277 9.9973E-05 0.121702 9.9973E-05 0.425269
9.9973E-05 0.712761 0.0163375 9.9973E-05 9.9973E-05 0.0997035 0.0253665 0.0481167 0.0974153
9.9973E-05 0.624985 0.0456486 9.9973E-05 0.0128215 0.0852966 0.0755066 9.9973E-05 0.155441
9.9982E-05 0.722706 9.9982E-05 0.0255879 0.0662497 0.00413008 0.0343784 0.00834182 0.138406
9.9973E-05 0.478122 0.0318407 0.0556552 0.0323683 9.9973E-05 0.12011 9.9973E-05 0.281604
0.0953608 0.0291345 9.9982E-05 0.0478512 9.9982E-05 0.035172 0.00513428 0.1192 0.667947
0.10251 0.00989964 9.9955E-05 9.9955E-05 9.9955E-05 0.881987 9.9955E-05 0.00510372 9.9955E-05
0.144084 0.236714 9.9973E-05 9.9973E-05 0.0123888 0.53811 0.0453229 0.0230799 9.9973E-05
9.9964E-05 9.9964E-05 0.940148 0.00315138 0.00771648 9.9964E-05 9.9964E-05 0.0348192 0.0137648
0.00964945 9.9964E-05 0.888004 9.9964E-05 9.9964E-05 0.000271415 9.9964E-05 0.0628336 0.0388419
9.9955E-05 0.0101115 0.847271 9.9955E-05 9.9955E-05 9.9955E-05 9.9955E-05 0.0753003 0.0668175
0.00943622 9.9973E-05 0.349582 0.182471 0.221692 9.9973E-05 9.9973E-05 0.071545 0.164973
9.9946E-05 9.9946E-05 0.313952 9.9946E-05 0.118477 9.9946E-05 9.9946E-05 9.9946E-05 0.566971
9.9955E-05 9.9955E-05 0.34067 9.9955E-05 0.0772162 9.9955E-05 9.9955E-05 0.0120758 0.569539
9.9964E-05 0.87182 9.9964E-05 0.00572405 0.0282547 0.00446549 9.9964E-05 9.9964E-05 0.0893359
9.9982E-05 0.794397 0.00423126 0.0124377 0.0387498 0.0249475 0.0314595 9.9982E-05 0.0935767
0.0206242 0.923976 9.9973E-05 0.0107556 9.9973E-05 0.0145715 0.0292989 0.000473618 9.9973E-05
0.822149 9.9964E-05 0.0225072 9.9964E-05 9.9964E-05 0.0731244 0.013109 9.9964E-05 0.0687106
0.00153509 0.0201132 0.924438 9.9964E-05 0.0231987 9.9964E-05 0.030315 9.9964E-05 9.9964E-05
0.0265382 0.0173275 0.867759 0.0649984 9.9973E-05 0.00661545 0.0164612 9.9973E-05 9.9973E-05
0.00823886 9.9964E-05 0.862641 0.107068 0.00601606 0.0156364 9.9964E-05 9.9964E-05 9.9964E-05
9.9964E-05 9.9964E-05 0.801219 0.132892 0.0219898 0.0361752 9.9964E-05 0.00732401 9.9964E-05
0.0369254 9.9982E-05 0.821195 0.0858123 0.00464952 0.00683935 0.0230676 0.0213105 9.9982E-05
0.194028 9.99551E-05 0.0786452 0.00391416 9.99551E-05 0.722913 9.99551E-05 9.99551E-05 9.99551E-05
0.0146044 0.0601159 0.193954 0.321634 0.150879 9.9991E-05 0.0632227 0.115708 0.0797822
0.94705 9.9946E-05 9.9946E-05 9.9946E-05 9.9946E-05 9.9946E-05 9.9946E-05 0.0184736 0.0338769
0.217224 9.99461E-05 0.0884962 9.99461E-05 9.99461E-05 0.69368 9.99461E-05 9.99461E-05 9.99461E-05
0.0908461 0.72859 0.000288771 9.9955E-05 9.9955E-05 9.9955E-05 9.9955E-05 0.179775 9.9955E-05
0.208392 9.9937E-05 9.9937E-05 9.9937E-05 9.9937E-05 0.790908 9.9937E-05 9.9937E-05 9.9937E-05
0.266346 9.9964E-05 0.000590567 9.9964E-05 0.00198903 0.730092 0.000582076 9.9964E-05 9.9964E-05
0.266325 9.9955E-05 0.000500016 9.9955E-05 0.00375159 0.728923 9.9955E-05 9.9955E-05 9.9955E-05
0.00961862 0.0301885 0.918284 0.000641485 0.00917564 0.0206799 0.0112119 9.9982E-05 9.9982E-05
0.0202539 9.9955E-05 0.950627 9.9955E-05 9.9955E-05 0.00982096 9.9955E-05 0.0187986 9.9955E-05
9.99459E-05 9.99459E-05 0.167988 0.0936894 9.99459E-05 9.99459E-05 9.99459E-05 0.737723 9.99459E-05
9.9964E-05 0.00598688 0.894356 0.0445818 9.9964E-05 0.0157879 0.0388877 9.9964E-05 9.9964E-05
9.993E-05 9.993E-05 0.999201 9.993E-05 9.993E-05 9.993E-05 9.993E-05 9.993E-05 9.993E-05
0.064773 9.9964E-05 0.286718 0.191431 9.9964E-05 0.439929 0.0167489 9.9964E-05 9.9964E-05
9.9964E-05 0.0101935 0.791968 0.0868039 0.0886947 9.9964E-05 9.9964E-05 9.9964E-05 0.0219398
9.9964E-05 0.0288979 0.77705 0.0947804 0.0472825 9.9964E-05 9.9964E-05 9.9964E-05 0.051589
9.9982E-05 0.0509256 0.165574 0.123024 0.0785443 9.9982E-05 0.00852854 0.132346 0.440858
0.922698 0.00647906 9.9973E-05 9.9973E-05 0.0211766 0.041559 0.00460319 9.9973E-05 0.00318458
0.117784 9.9973E-05 0.640374 0.179911 0.0126028 0.00427069 9.9973E-05 0.0447572 9.9973E-05
0.0306728 0.278184 9.9982E-05 0.17654 0.09141 0.0114621 0.406168 0.00536294 9.9982E-05
0.0867875 9.9964E-05 0.542658 0.30897 9.9964E-05 0.0568628 9.9964E-05 0.00432124 9.9964E-05
0.0100899 9.9955E-05 0.957413 9.9955E-05 9.9955E-05 0.0230396 0.0089574 9.9955E-05 9.9955E-05
0.152733 9.99551E-05 0.033591 9.99551E-05 0.0123624 0.800814 9.99551E-05 9.99551E-05 9.99551E-05
0.133542 9.9964E-05 0.250348 0.0283534 9.9964E-05 0.582832 9.9964E-05 0.00452499 9.9964E-05
0.885765 0.0178832 9.9946E-05 9.9946E-05 9.9946E-05 9.9946E-05 9.9946E-05 9.9946E-05 0.0957524
0.0642063 9.9946E-05 9.9946E-05 0.00696809 9.9946E-05 9.9946E-05 9.9946E-05 9.9946E-05 0.928226
9.9946E-05 0.0559853 9.9946E-05 9.9946E-05 9.9946E-05 0.912286 9.9946E-05 9.9946E-05 0.0311295
0.164169 9.99549E-05 9.99549E-05 9.99549E-05 9.99549E-05 0.105879 9.99549E-05 0.0644127 0.665039
0.902485 0.00271862 0.0203248 0.0170044 9.9973E-05 0.0458107 9.9973E-05 9.9973E-05 0.0113561
0.875573 0.00365212 0.0550026 9.9955E-05 9.9955E-05 0.0652722 9.9955E-05 9.9955E-05 9.9955E-05
0.165074 9.99459E-05 9.99459E-05 9.99459E-05 9.99459E-05 9.99459E-05 9.99459E-05 0.0913222 0.743005
0.20039 9.9964E-05 9.9964E-05 0.0202843 9.9964E-05 0.259016 9.9964E-05 0.155355 0.364555
0.913622 0.0160628 9.9964E-05 9.9964E-05 9.9964E-05 0.013628 0.000222688 9.9964E-05 0.0560647
9.9982E-05 0.0849706 0.149128 0.130478 0.0900057 9.9982E-05 0.038289 0.113244 0.393685
0.036807 0.926317 9.9946E-05 9.9946E-05 9.9946E-05 0.0362762 9.9946E-05 9.9946E-05 9.9946E-05
0.111623 0.706752 9.99459E-05 9.99459E-05 9.99459E-05 9.99459E-05 9.99459E-05 0.181025 9.99459E-05
9.9937E-05 9.9937E-05 0.0033311 9.9937E-05 9.9937E-05 9.9937E-05 0.995969 9.9937E-05 9.9937E-05
0.115286 0.658122 0.0223754 9.9964E-05 9.9964E-05 0.00922254 9.9964E-05 0.194594 9.9964E-05
0.0830149 0.835948 0.0048574 9.9964E-05 9.9964E-05 0.0505469 0.0252329 9.9964E-05 9.9964E-05
0.610467 0.317977 9.9955E-05 0.00178441 9.9955E-05 0.0692713 9.9955E-05 9.9955E-05 9.9955E-05
0.0626259 0.821724 9.9973E-05 0.000678732 0.00183093 0.0844398 0.0284008 9.9973E-05 9.9973E-05
9.9973E-05 0.251094 9.9973E-05 9.9973E-05 0.0322085 0.565779 0.0219147 0.0196979 0.109006
9.9964E-05 0.937088 9.9964E-05 0.0141121 0.0210428 9.9964E-05 0.00110795 9.9964E-05 0.0262488
9.9964E-05 0.111063 9.9964E-05 9.9964E-05 0.0377725 0.0302971 0.072115 9.9964E-05 0.748353
0.125901 0.0253136 9.9973E-05 9.9973E-05 0.0384846 0.183845 9.9973E-05 0.0391455 0.58701
0.102801 0.173406 0.0156348 9.9991E-05 0.019552 0.278386 0.0148599 0.0108948 0.384365
0.0177798 0.868298 0.037051 9.9973E-05 9.9973E-05 0.0413788 0.0197809 9.9973E-05 0.015412
9.9946E-05 9.9946E-05 0.841141 0.146836 9.9946E-05 9.9946E-05 0.0114235 9.9946E-05 9.9946E-05
9.9955E-05 0.0271877 9.9955E-05 0.0039568 9.9955E-05 0.930811 9.9955E-05 9.9955E-05 0.0375449
9.9964E-05 0.121904 9.9964E-05 9.9964E-05 0.0819722 0.00446802 0.0370504 9.9964E-05 0.754206
9.9955E-05 0.0142708 9.9955E-05 9.9955E-05 9.9955E-05 0.937721 9.9955E-05 0.00975918 0.0377496
9.9973E-05 9.9973E-05 0.8487 0.0823905 0.0208638 0.00667818 9.9973E-05 0.0282724 0.0127951
0.955187 9.9955E-05 9.9955E-05 0.00608774 0.0162516 9.9955E-05 0.0219736 9.9955E-05 9.9955E-05
0.0242765 9.9955E-05 0.0167082 9.9955E-05 0.00544487 9.9955E-05 0.953071 9.9955E-05 9.9955E-05
0.0496408 0.0669395 9.9973E-05 0.123159 0.0328576 9.9973E-05 0.66309 9.9973E-05 0.0640127
0.0222102 0.947134 9.9955E-05 9.9955E-05 9.9955E-05 0.00503366 0.0251227 9.9955E-05 9.9955E-05
0.180719 0.248698 9.9964E-05 9.9964E-05 9.9964E-05 0.518468 0.0319072 0.0198081 9.9964E-05
0.999201 9.993E-05 9.993E-05 9.993E-05 9.993E-05 9.993E-05 9.993E-05 9.993E-05 9.993E-05
0.999201 9.993E-05 9.993E-05 9.993E-05 9.993E-05 9.993E-05 9.993E-05 9.993E-05 9.993E-05
0.151896 9.9982E-05 0.0517576 0.0773539 0.0433448 0.552837 9.9982E-05 0.109291 0.013319
0.109717 0.279001 9.9973E-05 9.9973E-05 0.00797497 0.555493 0.0278186 0.0196954 9.9973E-05
9.9946E-05 9.9946E-05 0.888082 9.9946E-05 9.9946E-05 9.9946E-05 9.9946E-05 0.0425986 0.0687198
9.9946E-05 9.9946E-05 0.314377 9.9946E-05 0.117141 9.9946E-05 9.9946E-05 9.9946E-05 0.567882
0.00896604 9.9964E-05 0.56306 0.114472 0.291058 0.022045 9.9964E-05 9.9964E-05 9.9964E-05
9.9982E-05 0.0394109 0.111519 0.193217 0.436505 0.03566 0.0719189 9.9982E-05 0.111569
0.00169201 0.0622722 0.107603 0.176078 0.409611 0.00959697 0.0746401 9.9991E-05 0.158408
0.00381716 0.0355936 0.273845 0.280396 0.269593 9.9982E-05 0.0238436 9.9982E-05 0.112713
9.9946E-05 9.9946E-05 0.32289 9.9946E-05 0.0970569 9.9946E-05 9.9946E-05 9.9946E-05 0.579453
9.9991E-05 0.045917 0.184883 0.127333 0.414238 0.00651403 0.0460021 0.0734523 0.10156
9.9973E-05 0.0250712 0.216256 0.366872 0.261742 9.9973E-05 9.9973E-05 0.0145989 0.11516
9.9973E-05 0.0514214 0.075618 9.9973E-05 0.124601 0.0189408 0.033482 9.9973E-05 0.695637
9.9973E-05 0.0443243 0.328382 0.221387 0.251737 9.9973E-05 9.9973E-05 0.0698834 0.0839864
9.9973E-05 0.0787616 0.066182 9.9973E-05 0.168274 9.9973E-05 0.0333152 0.00205095 0.651116
0.210749 9.99549E-05 9.99549E-05 9.99549E-05 9.99549E-05 0.11562 9.99549E-05 0.0537272 0.619403
0.0114498 9.99639E-05 9.99639E-05 9.99639E-05 9.99639E-05 0.0153906 0.03709 0.902868 0.032802
9.9991E-05 0.00393929 0.287044 0.179162 0.177152 0.0339354 0.0358224 0.0303807 0.252465
9.9991E-05 0.0470656 0.234673 0.153014 0.18636 0.0480366 0.031063 0.00750395 0.292184
9.9955E-05 9.9955E-05 0.279538 9.9955E-05 0.147145 9.9955E-05 9.9955E-05 0.000540179 0.572276
9.9982E-05 9.9982E-05 0.328102 0.208144 0.268603 0.0183527 0.0191892 0.0493156 0.108093
9.9955E-05 0.127653 9.9955E-05 0.00143353 9.9955E-05 0.837244 9.9955E-05 9.9955E-05 0.0331705
9.9964E-05 0.00372144 0.883755 9.9964E-05 9.9964E-05 0.0193971 9.9964E-05 0.0535966 0.03913
0.0228634 0.0812553 0.121446 0.129445 0.421949 9.9982E-05 0.0578191 9.9982E-05 0.165022
9.9982E-05 0.0248429 0.324876 0.286746 0.143286 9.9982E-05 0.0181908 0.0285108 0.173348
9.9982E-05 0.0356567 0.194554 0.162228 0.428508 9.9982E-05 0.0318014 0.0117984 0.135254
0.00350167 9.9991E-05 0.17255 0.264261 0.358387 0.0107381 0.0539129 0.0739681 0.0625812
0.124297 0.667285 0.000102321 9.9955E-05 9.9955E-05 9.9955E-05 9.9955E-05 0.207816 9.9955E-05
0.0273797 0.335969 9.9982E-05 9.9982E-05 0.0422914 0.442437 0.0527432 0.0636346 0.0353454
9.9964E-05 9.9964E-05 0.782203 0.0897962 0.0704171 9.9964E-05 9.9964E-05 0.00767294 0.0495108
9.9946E-05 0.0342034 9.9946E-05 9.9946E-05 9.9946E-05 0.91328 9.9946E-05 9.9946E-05 0.0519168
0.0900931 0.66855 9.99459E-05 9.99459E-05 9.99459E-05 9.99459E-05 9.99459E-05 0.240757 9.99459E-05
0.101592 9.99459E-05 9.99459E-05 0.000158063 9.99459E-05 9.99459E-05 9.99459E-05 9.99459E-05 0.89765
9.993E-05 9.993E-05 0.999201 9.993E-05 9.993E-05 9.993E-05 9.993E-05 9.993E-05 9.993E-05
9.9946E-05 9.9946E-05 0.969671 0.00964254 9.9946E-05 9.9946E-05 0.0200867 9.9946E-05 9.9946E-05
9.9964E-05 9.9964E-05 0.883185 0.0272702 0.0124158 0.0263621 0.0503665 9.9964E-05 9.9964E-05
9.9937E-05 9.9937E-05 0.984315 0.0149859 9.9937E-05 9.9937E-05 9.9937E-05 9.9937E-05 9.9937E-05
0.823558 9.9964E-05 0.052342 9.9964E-05 9.9964E-05 0.0528857 0.000156636 9.9964E-05 0.0706576
0.00544476 0.0760604 0.80061 0.0580304 9.9982E-05 0.0252002 0.0301004 0.0043544 9.9982E-05
0.116701 0.698887 9.99459E-05 9.99459E-05 9.99459E-05 9.99459E-05 9.99459E-05 0.183812 9.99459E-05
9.9946E-05 0.92434 9.9946E-05 9.9946E-05 9.9946E-05 9.9946E-05 9.9946E-05 0.0331026 0.0419574
0.0423409 0.87313 9.9964E-05 9.9964E-05 0.0283726 0.0166088 0.0391474 9.9964E-05 9.9964E-05
0.0503757 0.906129 9.9964E-05 0.0204543 9.9964E-05 9.9964E-05 0.0068454 9.9964E-05 0.0157954
0.018134 0.87783 9.9982E-05 0.00237508 0.0137551 0.0527734 0.0324077 0.00252481 9.9982E-05
0.00305231 0.0757443 0.0776646 0.0542402 0.56179 0.0159727 0.06665 9.9991E-05 0.144786
0.0171355 0.0680133 0.0686575 0.0235556 0.534272 0.00382318 0.105855 9.9991E-05 0.178588
0.0135924 0.013521 9.9964E-05 9.9964E-05 0.920498 0.0206823 9.9964E-05 9.9964E-05 0.0313064
9.9964E-05 0.0195138 0.0927972 0.0152505 0.853648 9.9964E-05 9.9964E-05 0.0183904 9.9964E-05
9.9955E-05 9.9955E-05 9.9955E-05 0.0319659 0.910188 0.0135729 9.9955E-05 0.0437739 9.9955E-05
0.141476 9.9973E-05 9.9973E-05 9.9973E-05 0.25501 0.0564407 0.0304938 0.0574571 0.458822
9.9946E-05 9.9946E-05 9.9946E-05 9.9946E-05 0.954112 0.0296029 9.9946E-05 9.9946E-05 0.0156859
0.102312 0.178975 0.204593 9.9982E-05 0.108903 0.269734 0.00175331 0.13353 9.9982E-05
9.9937E-05 9.9937E-05 9.9937E-05 9.9937E-05 0.995207 0.00409321 9.9937E-05 9.9937E-05 9.9937E-05
9.9937E-05 9.9937E-05 9.9937E-05 0.0272207 0.97208 9.9937E-05 9.9937E-05 9.9937E-05 9.9937E-05
9.9955E-05 9.9955E-05 0.0028714 0.0351456 0.942546 9.9955E-05 0.0189374 9.9955E-05 9.9955E-05
9.9964E-05 0.0150741 9.9964E-05 0.68183 0.237174 0.0152719 9.9964E-05 0.0502503 9.9964E-05
9.99371E-05 9.99371E-05 9.99371E-05 9.99371E-05 0.994718 9.99371E-05 9.99371E-05 0.00458271 9.99371E-05
9.9973E-05 0.00902362 0.00990866 0.138753 0.812381 9.9973E-05 0.020699 0.00893562 9.9973E-05
9.9946E-05 0.0983032 9.9946E-05 9.9946E-05 9.9946E-05 0.844826 9.9946E-05 9.9946E-05 0.0562713
9.9982E-05 0.197318 0.000619477 9.9982E-05 0.0717245 0.587576 0.0399308 0.0519507 0.0506797
0.00472498 0.689478 9.9982E-05 0.00633563 0.0315801 0.146161 9.9982E-05 0.0199288 0.101592
9.99551E-05 0.867181 9.99551E-05 9.99551E-05 9.99551E-05 0.0671425 0.0229524 9.99551E-05 0.0422248
0.123402 0.0304661 9.9973E-05 9.9973E-05 0.0127688 0.137834 9.9973E-05 0.00755205 0.687677
9.9982E-05 0.75389 0.00951209 9.9982E-05 0.0200336 0.0923382 0.0432249 0.0407959 0.0400051
9.9973E-05 0.00509312 0.0192775 9.9973E-05 9.9973E-05 0.933436 0.00076263 0.00205584 0.0390746
9.9946E-05 0.0412307 9.9946E-05 9.9946E-05 9.9946E-05 0.92893 9.9946E-05 9.9946E-05 0.0292396
0.205284 9.99549E-05 9.99549E-05 9.99549E-05 9.99549E-05 0.0214803 9.99549E-05 0.0283656 0.74437
9.9964E-05 0.72062 9.9964E-05 9.9964E-05 0.0443308 0.0271506 0.039664 9.9964E-05 0.167834
9.9982E-05 0.49283 0.0230696 0.0120711 0.0277979 0.155595 0.0955686 9.9982E-05 0.192868
0.128453 0.0587545 9.99642E-05 9.99642E-05 9.99642E-05 0.0188377 0.0504881 9.99642E-05 0.743067
0.218052 9.99639E-05 9.99639E-05 9.99639E-05 9.99639E-05 0.0210901 0.00870541 0.0666354 0.685118
0.141202 0.0465272 9.9973E-05 9.9973E-05 0.00687514 0.109666 9.9973E-05 0.0367748 0.658655
0.0896591 0.236759 0.0312384 9.9973E-05 0.0292952 0.484381 9.9973E-05 0.128368 9.9973E-05
0.22276 9.99639E-05 9.99639E-05 9.99639E-05 9.99639E-05 0.0436271 0.0154693 0.0457951 0.671948
9.9964E-05 0.00984131 9.9964E-05 9.9964E-05 0.0109694 0.910404 9.9964E-05 0.0230716 0.0453136
0.0961468 9.99459E-05 9.99459E-05 0.0185623 9.99459E-05 9.99459E-05 9.99459E-05 9.99459E-05 0.884691
0.0703422 9.9955E-05 9.9955E-05 0.00729113 9.9955E-05 9.9955E-05 0.0110081 9.9955E-05 0.910859
0.0469346 9.9982E-05 0.23678 0.144918 0.137782 9.9982E-05 0.0242445 0.00993581 0.399205
0.240963 9.99459E-05 9.99459E-05 9.99459E-05 9.99459E-05 9.99459E-05 9.99459E-05 0.0269602 0.731477
0.21356 9.99459E-05 9.99459E-05 9.99459E-05 9.99459E-05 9.99459E-05 9.99459E-05 0.0538355 0.732005
0.243823 9.9946E-05 9.9946E-05 9.9946E-05 9.9946E-05 9.9946E-05 9.9946E-05 0.0381252 0.717452
9.9973E-05 0.158811 0.022123 9.9973E-05 0.100834 0.0577127 0.071079 9.9973E-05 0.58914
9.9964E-05 0.123026 0.00301494 9.9964E-05 9.9964E-05 0.787369 9.9964E-05 0.0185402 0.0676502
0.00392261 9.9973E-05 0.00187164 9.9973E-05 0.00611631 0.877193 9.9973E-05 0.0368948 0.0737014
9.9964E-05 0.00326823 9.9964E-05 9.9964E-05 0.0116575 0.859464 9.9964E-05 0.035152 0.090058
9.9973E-05 0.0902174 9.9973E-05 0.000935114 0.00262552 0.879356 0.00842863 9.9973E-05 0.0181372
9.9955E-05 0.0062334 0.88751 9.9955E-05 9.9955E-05 9.9955E-05 9.9955E-05 0.0194542 0.0863027
9.9946E-05 9.9946E-05 0.162282 0.0624877 9.9946E-05 9.9946E-05 9.9946E-05 0.77463 9.9946E-05
0.0503598 0.731581 9.9982E-05 0.0346376 9.9982E-05 0.101345 0.0309162 0.0387324 0.0122276
0.200959 0.306082 9.9973E-05 9.9973E-05 0.0141536 0.414045 0.0559308 0.00852915 9.9973E-05
0.0756036 9.99549E-05 9.99549E-05 9.99549E-05 9.99549E-05 9.99549E-05 0.0130907 0.794789 0.116017
0.0410701 9.99549E-05 9.99549E-05 9.99549E-05 9.99549E-05 9.99549E-05 0.0244872 0.826411 0.107532
9.9955E-05 0.869338 0.0405834 9.9955E-05 0.0223143 9.9955E-05 9.9955E-05 9.9955E-05 0.0672648
0.146968 0.684973 9.9946E-05 9.9946E-05 9.9946E-05 9.9946E-05 9.9946E-05 0.16746 9.9946E-05
0.0883965 9.9973E-05 0.000387533 0.510141 0.0638824 0.21703 9.9973E-05 0.119863 9.9973E-05
0.410482 9.9973E-05 0.0628076 9.9973E-05 0.0706339 0.308159 9.9973E-05 0.102963 0.0446549
0.0240605 0.777906 9.99641E-05 9.99641E-05 9.99641E-05 0.115438 9.99641E-05 0.05568 0.0265152
9.9973E-05 0.23762 0.0151423 0.000130062 0.0462263 9.9973E-05 0.0668863 9.9973E-05 0.633695
0.0414802 9.99639E-05 9.99639E-05 9.99639E-05 9.99639E-05 0.0331711 0.0463216 0.82886 0.0497674
9.9973E-05 0.114982 0.00764356 9.9973E-05 0.088262 0.0627915 0.126832 9.9973E-05 0.59919
9.9973E-05 0.218908 0.0198044 9.9973E-05 0.0935997 0.0497318 0.0721933 9.9973E-05 0.545462
9.9973E-05 0.873436 9.9973E-05 0.00134018 0.00797736 0.0141645 0.064316 9.9973E-05 0.038466
9.99551E-05 0.909174 9.99551E-05 0.0398435 9.99551E-05 9.99551E-05 0.00714901 9.99551E-05 0.0433334
9.9973E-05 0.924237 9.9973E-05 0.0244128 9.9973E-05 0.00388271 0.00518797 0.00944752 0.0325323
0.0333475 0.829098 0.00298867 9.9982E-05 0.0204463 0.0555023 0.0148172 9.9982E-05 0.0435998
0.0221171 0.928686 9.9964E-05 0.00288181 9.9964E-05 0.0237325 0.0221823 9.9964E-05 9.9964E-05
0.0724238 0.919427 9.99461E-05 9.99461E-05 9.99461E-05 0.00754909 9.99461E-05 9.99461E-05 9.99461E-05
9.9973E-05 0.504336 0.0026538 0.0763532 0.0295696 9.9973E-05 0.113625 9.9973E-05 0.273162
9.9982E-05 0.249399 0.072186 0.001655 0.129382 0.00832026 0.0904784 9.9982E-05 0.448379
0.0380047 0.936174 9.9946E-05 0.0252218 9.9946E-05 9.9946E-05 9.9946E-05 9.9946E-05 9.9946E-05
0.000984676 0.243562 0.0240541 0.00471532 0.117742 0.00309272 0.0608849 9.9991E-05 0.544865
9.9982E-05 0.121204 0.0165391 0.0282492 0.0523132 0.0738981 0.0406709 9.9982E-05 0.666926
9.993E-05 9.993E-05 9.993E-05 0.999201 9.993E-05 9.993E-05 9.993E-05 9.993E-05 9.993E-05
9.9946E-05 9.9946E-05 9.9946E-05 0.911998 9.9946E-05 9.9946E-05 9.9946E-05 0.0798622 0.00754062
9.993E-05 9.993E-05 9.993E-05 0.999201 9.993E-05 9.993E-05 9.993E-05 9.993E-05 9.993E-05
9.99369E-05 9.99369E-05 9.99369E-05 0.992287 9.99369E-05 9.99369E-05 9.99369E-05 9.99369E-05 0.00701298
9.99369E-05 0.0106074 9.99369E-05 0.988693 9.99369E-05 9.99369E-05 9.99369E-05 9.99369E-05 9.99369E-05
9.993E-05 9.993E-05 9.993E-05 0.999201 9.993E-05 9.993E-05 9.993E-05 9.993E-05 9.993E-05
9.99369E-05 9.99369E-05 9.99369E-05 0.998736 9.99369E-05 9.99369E-05 9.99369E-05 9.99369E-05 0.000564416
0.0653829 9.9946E-05 9.9946E-05 0.0417127 9.9946E-05 9.9946E-05 9.9946E-05 9.9946E-05 0.892305
0.369751 9.99459E-05 9.99459E-05 9.99459E-05 9.99459E-05 9.99459E-05 0.0130241 9.99459E-05 0.616625
0.014271 9.9982E-05 0.153368 0.17105 0.080167 9.9982E-05 0.0208253 0.0368827 0.523236
9.9964E-05 9.9964E-05 0.193086 0.163376 0.0797702 9.9964E-05 9.9964E-05 0.0519888 0.51138
9.9982E-05 0.825696 0.00459541 0.0517005 0.0342792 0.0523397 0.000495743 9.9982E-05 0.030693
9.9973E-05 0.75918 0.0341462 0.0170985 0.0170208 9.9973E-05 0.0431683 9.9973E-05 0.129087
9.99371E-05 0.972729 9.99371E-05 9.99371E-05 9.99371E-05 9.99371E-05 9.99371E-05 9.99371E-05 0.0265715
9.9964E-05 9.9964E-05 0.885693 0.0630379 9.9964E-05 0.0309718 0.0185374 0.00136022 9.9964E-05
0.00292589 9.9946E-05 0.685409 0.311065 9.9946E-05 9.9946E-05 9.9946E-05 9.9946E-05 9.9946E-05
9.9955E-05 0.00821276 0.898101 0.0790151 9.9955E-05 9.9955E-05 9.9955E-05 0.0141718 9.9955E-05
9.9937E-05 9.9937E-05 0.647157 0.352144 9.9937E-05 9.9937E-05 9.9937E-05 9.9937E-05 9.9937E-05
0.42105 0.026529 0.386625 0.11753 9.9964E-05 0.0478662 9.9964E-05 9.9964E-05 9.9964E-05
0.172921 0.0438083 0.296905 0.29207 0.167849 0.0261461 9.9973E-05 9.9973E-05 9.9973E-05
0.0405824 9.9973E-05 0.0825313 0.830215 0.0265835 0.00695296 0.0128346 9.9973E-05 9.9973E-05
9.9937E-05 9.9937E-05 0.617299 0.382002 9.9937E-05 9.9937E-05 9.9937E-05 9.9937E-05 9.9937E-05
9.9937E-05 9.9937E-05 0.655262 0.344039 9.9937E-05 9.9937E-05 9.9937E-05 9.9937E-05 9.9937E-05
9.9955E-05 0.00208791 0.970434 9.9955E-05 0.0240954 9.9955E-05 0.00288269 9.9955E-05 9.9955E-05
9.99695E-05 0.0234765 0.7206 0.242347 0.0096116 9.99695E-05 0.00356557 9.99695E-05 9.99695E-05
0.0921398 0.153818 0.0183726 0.0463463 0.172386 0.296108 0.10936 0.0386591 0.0728113
0.0145924 0.96061 0.00256761 0.0203707 9.9964E-05 9.9964E-05 0.00145983 9.9964E-05 9.9964E-05
0.066577 9.99549E-05 0.00647237 0.0127291 9.99549E-05 9.99549E-05 9.99549E-05 9.99549E-05 0.913722
0.00468906 0.614716 0.0448307 9.9982E-05 0.0281549 0.208409 0.0528876 9.9982E-05 0.0461121
0.137587 0.00628954 9.9964E-05 9.9964E-05 9.9964E-05 0.115936 9.9964E-05 0.0164926 0.723295
0.0238361 0.00901978 0.850213 9.9973E-05 9.9973E-05 0.026024 9.9973E-05 0.057628 0.0329795
0.0223223 0.00199507 0.0283441 0.829111 0.0778839 9.9991E-05 0.00931612 0.0272821 0.00364574
9.9982E-05 0.0321148 0.588399 0.189437 0.0337134 9.9982E-05 0.0100585 0.108692 0.0373847
9.9964E-05 0.218677 0.0437011 9.9964E-05 0.0463604 9.9964E-05 0.0679334 9.9964E-05 0.622928
0.0712358 0.105403 0.0992124 0.00338592 0.105568 0.0162014 0.118515 9.9991E-05 0.480379
0.0498116 0.495741 0.00142357 0.0114721 0.0324559 0.338517 0.0319894 9.9991E-05 0.0384891
0.811809 9.9946E-05 9.9946E-05 9.9946E-05 9.9946E-05 9.9946E-05 9.9946E-05 0.00494663 0.182645
9.9982E-05 0.0384604 0.0860226 0.0610093 0.715479 0.0335614 0.0552605 0.0100066 9.9982E-05
0.0249829 0.0231958 0.0462779 0.0325575 0.811286 9.9982E-05 0.00784941 0.0536507 9.9982E-05
9.9955E-05 0.00548908 9.9955E-05 9.9955E-05 0.934984 9.9955E-05 0.00973376 0.0492935 9.9955E-05
0.00408553 9.9964E-05 0.0477229 0.025399 0.920403 9.9964E-05 9.9964E-05 0.00198989 9.9964E-05
9.9955E-05 0.000982503 9.9955E-05 0.0547502 0.927159 9.9955E-05 9.9955E-05 0.0166082 9.9955E-05
9.9964E-05 0.0288053 0.0096542 0.0934747 0.821511 9.9964E-05 0.0461546 9.9964E-05 9.9964E-05
0.0683326 9.99639E-05 9.99639E-05 0.0312623 9.99639E-05 0.0081241 0.0218486 9.99639E-05 0.870032
0.000627788 0.0603615 0.260721 0.429126 0.0981026 9.9991E-05 0.0471732 0.0338892 0.0698981
0.00294833 0.0551132 0.757824 0.111093 0.065505 9.9973E-05 9.9973E-05 9.9973E-05 0.00721646
9.993E-05 9.993E-05 0.999201 9.993E-05 9.993E-05 9.993E-05 9.993E-05 9.993E-05 9.993E-05
9.9955E-05 9.9955E-05 0.944599 0.0251006 9.9955E-05 0.00567015 0.0241301 9.9955E-05 9.9955E-05
9.9955E-05 0.0301818 0.693601 0.275383 9.9955E-05 9.9955E-05 0.000334415 9.9955E-05 9.9955E-05
0.000246117 9.9955E-05 9.9955E-05 0.0014921 0.994247 9.9955E-05 0.00351539 9.9955E-05 9.9955E-05
9.9955E-05 0.0189273 9.9955E-05 0.021743 0.944816 9.9955E-05 0.0140135 9.9955E-05 9.9955E-05
9.9964E-05 0.0191546 0.0143392 0.656288 0.298304 0.0115152 9.9964E-05 9.9964E-05 9.9964E-05
9.9964E-05 9.9964E-05 9.9964E-05 0.674807 0.28309 0.0166837 0.0127222 0.0122978 9.9964E-05
