0.331727 9.9991E-05 0.506281 0.161892
0.652788 0.0232492 0.242008 0.0819552
0.599014 0.0443207 0.277401 0.0792643
0.337458 9.9991E-05 0.509187 0.153255
0.995059 9.9982E-05 0.00474108 9.9982E-05
0.621542 0.0914165 0.2094 0.0776424
0.0122596 9.9991E-05 0.387254 0.600386
9.998E-05 9.998E-05 9.998E-05 0.9997
9.998E-05 9.998E-05 9.998E-05 0.9997
9.998E-05 9.998E-05 9.998E-05 0.9997
0.0564766 0.0357881 0.907635 9.9991E-05
9.9982E-05 0.0890452 0.910755 9.9982E-05
9.9982E-05 0.127622 0.872178 9.9982E-05
9.9982E-05 0.0764959 0.923304 9.9982E-05
0.0503981 0.888297 0.00108785 0.0602166
9.998E-05 9.998E-05 9.998E-05 0.9997
0.0333684 9.9991E-05 0.81313 0.153401
9.9982E-05 0.951394 0.0484059 9.9982E-05
0.0207838 0.650291 0.277313 0.0516126
9.9982E-05 0.471193 0.528607 9.9982E-05
9.9991E-05 0.901734 0.0289725 0.0691933
9.9982E-05 0.229548 0.770252 9.9982E-05
9.9982E-05 0.943286 0.056514 9.9982E-05
9.9982E-05 0.25393 0.74587 9.9982E-05
9.9982E-05 0.189458 0.810342 9.9982E-05
0.00791406 0.969341 0.0226452 9.9991E-05
9.9991E-05 0.938978 0.0559515 0.0049709
0.0383932 0.685853 0.262954 0.0128002
9.9982E-05 0.968163 9.9982E-05 0.031637
0.0176158 0.982184 9.9982E-05 9.9982E-05
9.9982E-05 0.201031 0.798769 9.9982E-05
9.9982E-05 0.0900794 0.909721 9.9982E-05
9.9982E-05 0.954699 0.0451009 9.9982E-05
9.9982E-05 0.28214 0.71766 9.9982E-05
9.9991E-05 0.993916 0.000903763 0.0050806
9.9982E-05 0.158923 0.840877 9.9982E-05
9.9982E-05 0.956257 0.0435427 9.9982E-05
9.9982E-05 0.177702 0.822098 9.9982E-05
0.430615 9.9991E-05 0.395263 0.174023
0.9997 9.998E-05 9.998E-05 9.998E-05
0.0551851 9.9982E-05 0.944615 9.9982E-05
9.9982E-05 0.993443 0.00635734 9.9982E-05
9.9982E-05 0.204427 0.795373 9.9982E-05
0.557433 0.0248097 0.33699 0.0807665
0.0205711 0.608852 0.284249 0.0863285
9.9991E-05 0.470211 0.521797 0.00789209
0.0337531 0.900843 0.0243714 0.0410325
0.7 0.0732298 0.187475 0.0392956
0.726248 0.0675709 0.0790122 0.127169
0.116909 9.9991E-05 0.709076 0.173915
0.0666475 9.9991E-05 0.768672 0.164581
0.0980515 9.9991E-05 0.721962 0.179887
0.0644269 9.9991E-05 0.739824 0.195649
9.9991E-05 0.0138655 0.0149688 0.971066
9.9982E-05 9.9982E-05 0.0242038 0.975596
9.9991E-05 0.0703307 0.880576 0.048993
9.9982E-05 0.178861 0.820939 9.9982E-05
0.330037 0.246736 0.274549 0.148678
0.9997 9.998E-05 9.998E-05 9.998E-05
0.858206 0.0846981 0.0216297 0.0354667
0.0592277 9.9991E-05 0.839301 0.101372
0.10024 9.9991E-05 0.758297 0.141362
0.117133 9.9991E-05 0.774689 0.108079
9.998E-05 9.998E-05 9.998E-05 0.9997
0.9997 9.998E-05 9.998E-05 9.998E-05
0.0471085 0.00855599 0.832343 0.111993
0.315653 9.9991E-05 0.483854 0.200393
9.9982E-05 0.156277 0.843523 9.9982E-05
9.9982E-05 0.105607 0.894193 9.9982E-05
0.060662 0.0720408 0.0202091 0.847088
0.0208994 0.0436753 0.0600395 0.875386
0.00958785 0.00734961 0.0715547 0.911508
0.00813485 9.9982E-05 9.9982E-05 0.991665
9.9982E-05 9.9982E-05 0.00812647 0.991674
9.9991E-05 0.00179481 0.000376714 0.997728
9.9982E-05 0.0126014 9.9982E-05 0.987199
9.9982E-05 0.0124179 9.9982E-05 0.987382
9.998E-05 9.998E-05 9.998E-05 0.9997
9.998E-05 9.998E-05 9.998E-05 0.9997
9.9982E-05 0.0186772 9.9982E-05 0.981123
9.9982E-05 9.9982E-05 0.0461682 0.953632
9.9982E-05 0.0185992 9.9982E-05 0.981201
9.9982E-05 0.435918 9.9982E-05 0.563882
9.9982E-05 0.433501 9.9982E-05 0.566299
9.998E-05 9.998E-05 9.998E-05 0.9997
9.998E-05 9.998E-05 9.998E-05 0.9997
0.0106299 0.0254892 0.00478722 0.959094
9.9982E-05 0.0304591 9.9982E-05 0.969341
9.998E-05 9.998E-05 9.998E-05 0.9997
9.9982E-05 0.4576 9.9982E-05 0.5422
0.0352187 0.0451973 0.0103303 0.909254
0.0120809 0.00475291 0.0062208 0.976945
9.9991E-05 0.00453305 0.00855334 0.986814
0.0289726 9.9982E-05 9.9982E-05 0.970827
0.0129254 0.0463179 0.037611 0.903146
9.9991E-05 0.00682076 0.00925142 0.983828
0.202417 0.619705 0.177778 9.9991E-05
0.010505 0.02414 9.9991E-05 0.965255
9.998E-05 9.998E-05 9.998E-05 0.9997
0.107173 0.0965174 0.0404233 0.755886
9.998E-05 9.998E-05 9.998E-05 0.9997
9.9982E-05 0.0127681 9.9982E-05 0.987032
9.9982E-05 0.0121701 9.9982E-05 0.98763
9.9982E-05 0.0143357 9.9982E-05 0.985464
0.00960898 0.965782 9.9991E-05 0.0245088
9.998E-05 9.998E-05 9.998E-05 0.9997
9.9982E-05 0.0120375 9.9982E-05 0.987762
9.998E-05 9.998E-05 9.998E-05 0.9997
9.9991E-05 0.675512 0.30529 0.0190979
0.0288045 0.0222107 0.00302534 0.94596
9.9982E-05 9.9982E-05 0.0294102 0.97039
9.9982E-05 0.000680067 9.9982E-05 0.99912
9.998E-05 9.998E-05 9.998E-05 0.9997
9.9991E-05 0.731483 0.243581 0.024836
9.998E-05 9.998E-05 9.998E-05 0.9997
0.0240579 9.9991E-05 0.0139503 0.961892
9.9982E-05 0.484582 9.9982E-05 0.515219
9.998E-05 9.998E-05 9.998E-05 0.9997
9.9982E-05 0.319776 0.680024 9.9982E-05
9.9982E-05 0.387788 0.612012 9.9982E-05
0.0161019 0.182702 0.801096 9.9991E-05
0.0332588 0.921195 0.00598022 0.0395662
0.0812267 9.9991E-05 0.736651 0.182022
0.00725079 0.209922 0.773955 0.00887215
0.0695878 0.240472 0.649301 0.040639
9.9982E-05 0.324414 0.675386 9.9982E-05
9.9982E-05 0.38646 0.61334 9.9982E-05
9.9982E-05 0.331139 0.668661 9.9982E-05
0.047772 0.403034 0.549094 9.9991E-05
0.0530274 0.453676 0.493196 9.9991E-05
9.9982E-05 0.189313 0.810487 9.9982E-05
9.9982E-05 0.120143 0.879657 9.9982E-05
9.9982E-05 0.113794 0.886006 9.9982E-05
0.0281051 0.832729 0.0671104 0.0720552
0.786184 0.025143 0.0716822 0.116991
0.794013 0.0376178 0.048683 0.119686
0.884359 9.9991E-05 0.10746 0.0080817
0.0964061 0.396185 0.361118 0.146291
0.768676 0.0624887 0.0711489 0.0976865
0.770714 0.0473992 0.0747329 0.107154
0.0822962 0.191764 0.595084 0.130856
0.868053 0.0194502 0.0242875 0.0882092
0.776418 0.075483 0.0852765 0.0628222
0.851759 0.0148761 0.0766383 0.0567269
0.696364 0.136346 0.0633836 0.103906
0.698234 0.11613 0.064604 0.121033
0.817602 0.0881572 0.060585 0.0336555
0.106632 9.9991E-05 0.74216 0.151108
0.963228 0.0359211 0.000751294 9.9991E-05
9.9991E-05 0.92826 0.0294411 0.042199
0.0369746 0.946816 9.9991E-05 0.0161093
0.991541 0.00740839 0.000950817 9.9991E-05
0.25632 0.248172 0.312696 0.182811
0.132528 9.9991E-05 0.73553 0.131842
0.0797146 0.0612666 0.858919 9.9991E-05
0.0135572 0.877759 0.0917412 0.0169431
0.24277 0.1032 0.633902 0.0201279
0.148562 0.0137425 0.741438 0.096257
0.703096 0.105737 0.0686329 0.122535
0.092927 9.9991E-05 0.762799 0.144174
0.195567 0.176282 0.445221 0.182929
9.9982E-05 0.98127 9.9982E-05 0.0185304
0.92054 0.0183231 0.035581 0.0255563
0.457648 0.0380367 0.504215 9.9991E-05
0.914365 0.0722437 0.013291 9.9991E-05
0.171064 0.077753 0.690382 0.0608008
0.9997 9.998E-05 9.998E-05 9.998E-05
0.0948713 9.9991E-05 0.83809 0.0669392
0.88898 0.0375277 0.0733925 9.9991E-05
0.897805 0.0139028 0.0790006 0.00929147
0.0630704 0.926139 0.00772743 0.00306301
0.307123 0.460629 0.199839 0.0324096
0.115628 0.36891 0.48804 0.0274211
0.662509 0.13017 0.0409226 0.166399
0.656283 0.114862 0.0766037 0.152251
0.648246 0.119221 0.0663457 0.166187
0.583554 0.149962 0.0638076 0.202676
0.0140785 0.985721 9.9982E-05 9.9982E-05
0.0274018 0.957921 9.9991E-05 0.0145772
0.00967165 0.863212 0.0817263 0.0453896
0.778758 0.0453624 0.0661859 0.109693
0.239241 0.246855 0.315135 0.198769
0.162423 0.41269 0.200132 0.224756
0.0488405 0.780977 0.0906863 0.0794958
0.0603929 0.699677 0.1274 0.112531
0.0905431 0.811997 0.0143147 0.0831454
0.142157 0.545245 0.109975 0.202623
0.23062 9.9991E-05 0.585339 0.18394
9.9982E-05 0.12181 0.87799 9.9982E-05
9.9991E-05 0.328445 0.634982 0.0364732
0.9997 9.998E-05 9.998E-05 9.998E-05
0.966418 9.9982E-05 0.0333816 9.9982E-05
0.970196 0.000337996 0.0293661 9.9991E-05
0.763421 9.9991E-05 0.147407 0.0890729
0.542787 0.0275697 0.27957 0.150073
0.545345 0.021999 0.26818 0.164475
0.0276285 0.954697 0.000837617 0.0168366
0.0476811 0.865218 0.048792 0.0383093
0.00636529 0.993435 9.9982E-05 9.9982E-05
0.089708 9.9991E-05 0.81146 0.0987315
0.9997 9.99809E-05 9.99809E-05 9.99809E-05
0.9997 9.998E-05 9.998E-05 9.998E-05
0.9997 9.998E-05 9.998E-05 9.998E-05
0.996165 9.9982E-05 0.00363541 9.9982E-05
0.97298 0.00422361 0.0226962 9.9991E-05
0.066903 9.9982E-05 0.932897 9.9982E-05
0.669201 0.118319 0.0620155 0.150465
0.0410122 9.9991E-05 0.856436 0.102452
0.0759545 9.9982E-05 0.923846 9.9982E-05
0.0938272 0.803134 0.102939 9.9991E-05
9.9982E-05 0.00860987 0.99119 9.9982E-05
9.998E-05 9.998E-05 0.9997 9.998E-05
9.9982E-05 9.9982E-05 0.994909 0.00489138
0.985293 0.00483 9.9991E-05 0.00977746
0.9997 9.998E-05 9.998E-05 9.998E-05
0.646653 0.0488268 0.233211 0.0713098
0.9997 9.998E-05 9.998E-05 9.998E-05
0.9997 9.998E-05 9.998E-05 9.998E-05
0.436932 9.9982E-05 0.562868 9.9982E-05
0.971633 0.0266145 0.00165208 9.9991E-05
0.956382 0.0139561 0.0295615 9.9991E-05
0.471708 0.091537 0.279443 0.157311
0.0682758 9.9991E-05 0.823184 0.10844
0.883019 9.9982E-05 0.116781 9.9982E-05
0.148906 0.35661 0.0250345 0.469449
0.832716 9.9982E-05 0.167084 9.9982E-05
0.9997 9.998E-05 9.998E-05 9.998E-05
0.00112707 0.0583244 0.940449 9.9991E-05
0.283273 0.0250922 0.691535 9.9991E-05
0.0354027 9.9991E-05 0.843179 0.121318
0.157514 9.9991E-05 0.63814 0.204246
9.9982E-05 0.207283 0.792517 9.9982E-05
0.0761791 0.00647609 0.765009 0.152336
0.0900966 9.9991E-05 0.832248 0.0775554
0.0953887 9.9991E-05 0.842749 0.0617624
0.0696078 9.9991E-05 0.744435 0.185857
0.15002 0.0226908 0.744758 0.0825311
0.0566955 9.9991E-05 0.814948 0.128256
0.479171 0.13177 0.235381 0.153678
9.9982E-05 0.987985 0.0118151 9.9982E-05
0.101278 0.824636 0.073986 9.9991E-05
9.998E-05 9.998E-05 9.998E-05 0.9997
0.103981 0.726138 0.169781 9.9991E-05
9.9991E-05 0.91617 0.0662192 0.0175108
0.0628511 0.3652 0.559222 0.0127264
9.9991E-05 0.894908 0.0872639 0.0177276
0.0310374 0.375857 0.554989 0.0381172
0.0212998 0.976717 9.9991E-05 0.00188295
0.116823 0.145536 0.448263 0.289378
0.119171 0.0680265 0.705581 0.107221
0.0835184 0.234643 0.583539 0.0982992
0.0105768 0.940004 0.0337948 0.0156249
0.9997 9.998E-05 9.998E-05 9.998E-05
9.9982E-05 0.16837 0.83143 9.9982E-05
0.166617 0.135222 0.447558 0.250604
9.9982E-05 0.142061 0.857739 9.9982E-05
0.996021 9.9982E-05 0.00377914 9.9982E-05
0.0452537 9.9991E-05 0.837306 0.11734
0.010403 9.9982E-05 9.9982E-05 0.989397
0.106967 0.0818629 0.0645845 0.746585
9.9982E-05 0.977432 9.9982E-05 0.0223676
9.9982E-05 0.350967 0.648833 9.9982E-05
0.0363233 9.9991E-05 0.847931 0.115646
0.0554843 9.9991E-05 0.843936 0.10048
0.179528 0.0609988 0.759373 9.9991E-05
9.9982E-05 0.378287 0.621513 9.9982E-05
0.981139 9.9982E-05 0.0186608 9.9982E-05
0.550913 0.0237788 0.27875 0.146558
0.908796 9.9991E-05 0.0674066 0.0236974
0.581601 0.147411 0.0701515 0.200836
0.600642 0.109589 0.110299 0.17947
0.770529 0.0668832 0.0396033 0.122985
0.559397 0.0408117 0.255179 0.144612
0.607903 0.113759 0.11295 0.165388
0.761875 0.119824 0.0535572 0.0647442
0.301088 0.0851146 0.415808 0.19799
0.787156 0.0929192 0.0816626 0.038262
0.296488 0.147547 0.346619 0.209346
0.0705749 9.9991E-05 0.769947 0.159378
0.333155 9.9991E-05 0.47007 0.196674
0.637852 0.0563369 0.177796 0.128015
0.573911 0.0711144 0.252779 0.102196
0.544509 0.0424195 0.245166 0.167906
0.76274 0.0422101 0.0552705 0.139779
9.9982E-05 0.258259 0.741541 9.9982E-05
0.984495 9.9982E-05 0.015305 9.9982E-05
0.592924 0.132138 0.11214 0.162797
0.79719 0.0664898 0.0468794 0.0894411
0.669651 0.122451 0.0548412 0.153056
0.696542 0.0586508 0.0894791 0.155328
0.117681 0.757856 0.124363 9.9991E-05
0.032497 0.463814 0.475245 0.0284437
0.997607 9.9982E-05 9.9982E-05 0.00219284
9.9982E-05 0.176311 0.823489 9.9982E-05
0.128378 0.717087 0.154436 9.9991E-05
0.144486 9.9991E-05 0.6198 0.235614
0.9997 9.998E-05 9.998E-05 9.998E-05
0.9997 9.998E-05 9.998E-05 9.998E-05
0.988669 9.9982E-05 9.9982E-05 0.0111305
0.9997 9.998E-05 9.998E-05 9.998E-05
0.0921938 9.9991E-05 0.812929 0.0947769
0.94073 0.0352534 0.00956365 0.0144526
0.0929908 0.770564 0.133098 0.0033472
0.014924 0.984876 9.9982E-05 9.9982E-05
9.9991E-05 0.93565 0.00478261 0.0594678
0.0057651 0.967493 9.9991E-05 0.0266421
9.9982E-05 0.964825 9.9982E-05 0.0349753
0.532309 0.172714 0.0836395 0.211338
0.529391 0.165316 0.0922436 0.213049
0.574976 0.165628 0.0860305 0.173365
0.700457 0.162815 9.9991E-05 0.136628
0.681905 0.129959 0.0207147 0.167421
0.281436 0.0159519 0.487756 0.214856
0.610674 0.165698 0.04074 0.182887
0.337529 0.252724 0.383141 0.0266059
0.678439 0.12463 0.0182761 0.178655
0.718548 0.135062 9.9991E-05 0.14629
0.695954 0.109759 9.9991E-05 0.194187
0.762854 0.122083 0.0285931 0.0864699
0.707476 0.0893163 0.0147115 0.188496
0.672709 0.147841 9.9991E-05 0.17935
9.9982E-05 0.252864 0.746936 9.9982E-05
0.0302515 0.357479 0.577844 0.0344256
0.0352603 0.780617 0.164379 0.0197439
9.9991E-05 0.924298 0.0521344 0.0234674
0.0912732 0.0363865 0.74073 0.13161
0.020807 0.834701 0.0620621 0.0824303
9.9982E-05 0.163334 0.836466 9.9982E-05
9.9982E-05 0.230159 0.769641 9.9982E-05
0.0698986 9.9991E-05 0.749591 0.18041
0.053025 0.777895 0.0911318 0.0779477
0.0736 0.562782 0.227697 0.135921
0.148295 0.0456599 0.552062 0.253983
0.106152 9.9991E-05 0.709111 0.184638
0.104102 0.0898626 0.661933 0.144102
0.0899937 0.331959 0.577948 9.9991E-05
0.0972922 9.9991E-05 0.728495 0.174113
9.9982E-05 0.142859 0.856941 9.9982E-05
0.19544 9.9991E-05 0.620703 0.183757
0.163505 9.9991E-05 0.609646 0.226748
0.549435 9.9991E-05 0.281535 0.16893
0.0772262 9.9991E-05 0.707637 0.215037
0.0758878 9.9991E-05 0.730426 0.193586
0.0975732 9.9991E-05 0.695176 0.207151
0.193146 0.193586 0.390238 0.22303
9.9982E-05 0.27691 0.72289 9.9982E-05
9.9982E-05 0.138182 0.861619 9.9982E-05
9.9982E-05 0.13947 0.86033 9.9982E-05
9.9982E-05 0.212026 0.787774 9.9982E-05
0.973125 9.9982E-05 0.0266747 9.9982E-05
0.626709 0.0361246 0.251049 0.086118
0.0240031 0.811061 0.14452 0.0204163
9.9991E-05 0.349074 0.637853 0.0129728
0.290324 9.9991E-05 0.529437 0.180139
0.301693 0.0110671 0.495882 0.191359
0.0704445 0.929356 9.9982E-05 9.9982E-05
0.0791691 0.796556 0.115237 0.00903769
0.499161 0.0677067 0.366324 0.0668082
0.152855 0.0291531 0.7691 0.0488921
0.00437905 0.893722 0.101799 9.9991E-05
0.180593 0.301004 0.288383 0.23002
0.29513 9.9991E-05 0.492468 0.212302
0.174612 0.173954 0.385385 0.266049
0.168321 0.325381 0.295653 0.210646
9.9982E-05 0.936147 9.9982E-05 0.0636534
0.0338209 0.965979 9.9982E-05 9.9982E-05
9.998E-05 0.9997 9.998E-05 9.998E-05
0.0230139 0.911063 0.0321994 0.0337234
9.9982E-05 0.972856 9.9982E-05 0.0269436
9.9982E-05 0.93393 0.0658705 9.9982E-05
0.141725 0.563005 0.0767964 0.218474
0.265959 0.272233 0.239081 0.222728
0.00375144 0.990252 0.00589626 9.9991E-05
0.220618 0.276702 0.271325 0.231355
0.198481 0.151673 0.41479 0.235055
0.828308 0.0416423 0.0457956 0.0842537
0.83679 0.0363939 0.0399628 0.0868537
0.820126 0.03738 0.0529319 0.0895624
0.82928 0.0482084 0.0215377 0.100974
0.827835 0.0746118 0.00519606 0.0923567
0.839977 0.014862 0.0543637 0.0907975
0.842638 0.0316442 0.00928999 0.116428
0.190333 9.9991E-05 0.588087 0.22148
0.113946 9.9991E-05 0.658452 0.227502
0.531446 9.9991E-05 0.337662 0.130792
0.527108 9.9991E-05 0.31486 0.157932
0.0709353 0.885314 0.0436504 9.9991E-05
0.0676414 0.828088 0.00761748 0.0966534
0.00217758 0.997622 9.9982E-05 9.9982E-05
0.9997 9.998E-05 9.998E-05 9.998E-05
0.9997 9.998E-05 9.998E-05 9.998E-05
0.9997 9.998E-05 9.998E-05 9.998E-05
0.9997 9.998E-05 9.998E-05 9.998E-05
0.54673 0.0072345 0.444321 0.00171431
0.702335 0.0631404 0.18898 0.0455444
0.781549 0.0524729 0.0837204 0.0822581
0.9997 9.998E-05 9.998E-05 9.998E-05
0.9997 9.998E-05 9.998E-05 9.998E-05
0.9997 9.998E-05 9.998E-05 9.998E-05
0.988386 9.9982E-05 0.0114139 9.9982E-05
0.21386 0.223641 0.390897 0.171602
9.9982E-05 0.996356 9.9982E-05 0.00344418
0.215739 9.9991E-05 0.567637 0.216523
0.0648425 0.747732 0.153022 0.0344041
0.0897197 0.035164 0.730268 0.144849
0.954104 0.0149856 0.0308104 9.9991E-05
0.786433 0.0651629 0.0633742 0.0850299
0.901772 0.0483476 0.032776 0.0171044
0.199773 0.264797 0.318216 0.217214
0.22913 0.124049 0.410735 0.236086
0.032758 0.590752 0.345595 0.030895
0.0673694 9.9991E-05 0.791233 0.141297
0.639227 0.167906 9.9991E-05 0.192768
0.677686 0.142611 0.0149733 0.16473
0.682379 0.1126 0.00431595 0.200705
0.689682 0.096611 0.0397663 0.173941
0.689888 0.143815 9.9991E-05 0.166197
0.661712 0.153033 0.000811848 0.184443
0.173049 9.9991E-05 0.5966 0.230251
0.741557 0.0992649 0.0196483 0.13953
0.960932 0.0388682 9.9982E-05 9.9982E-05
0.9997 9.998E-05 9.998E-05 9.998E-05
0.9997 9.998E-05 9.998E-05 9.998E-05
0.976232 0.0235685 9.9982E-05 9.9982E-05
0.706337 0.108302 9.9991E-05 0.185261
0.689148 0.125777 9.9991E-05 0.184975
0.809544 0.0988612 9.9991E-05 0.091495
0.743638 0.0910357 0.0332549 0.132071
0.743443 0.0979503 0.0100089 0.148598
0.80543 0.0753779 0.0342428 0.0849496
0.523576 0.383381 0.0526533 0.0403896
0.0122956 0.847937 0.112447 0.0273211
0.0307083 0.809946 0.159246 9.9991E-05
9.9991E-05 0.901013 0.0565157 0.0423717
9.9991E-05 0.95804 0.0110249 0.0308346
0.640961 0.105889 0.0696187 0.183531
0.646317 0.130075 0.0327155 0.190893
0.742762 0.126573 0.0157232 0.114941
0.736039 0.132229 0.00989456 0.121837
0.659206 0.120716 0.0299328 0.190145
0.658985 0.109385 0.0409373 0.190692
0.710007 0.109593 9.9991E-05 0.1803
0.745972 0.108641 0.0266376 0.118749
0.0705741 0.0366057 0.786747 0.106073
0.0345175 9.9991E-05 0.871591 0.0937913
0.00709012 9.9991E-05 0.855637 0.137173
0.0835141 0.0271311 0.777545 0.11181
0.775445 0.0878707 0.0830409 0.0536433
0.846135 0.085069 0.0265646 0.0422316
0.880179 0.00854898 0.0942347 0.0170374
0.85952 0.0255662 0.0736127 0.0413014
0.50624 0.157153 0.112699 0.223907
0.674245 9.9991E-05 0.222303 0.103351
0.629102 0.130055 0.0587087 0.182134
0.808074 0.0657194 0.0534587 0.0727476
0.758978 0.0537786 0.0929817 0.0942619
0.134074 0.42325 0.326598 0.116077
0.276097 0.0076439 0.512884 0.203375
9.9991E-05 0.91392 0.085297 0.000683201
9.9982E-05 0.192314 0.807486 9.9982E-05
9.9982E-05 0.395632 0.604168 9.9982E-05
0.018762 0.581531 0.399607 9.9991E-05
0.0823119 0.370341 0.417967 0.12938
9.9982E-05 0.947195 0.0526052 9.9982E-05
0.0098371 0.975292 0.0147707 9.9991E-05
0.0229574 0.941619 0.0274311 0.00799227
9.9991E-05 0.95656 0.040641 0.00269884
0.456019 0.169487 0.183124 0.191371
0.298276 0.449528 0.143024 0.109172
0.534626 0.327477 0.0422473 0.0956499
0.614236 0.127026 0.106546 0.152192
0.110885 0.555518 0.230039 0.103558
0.00293821 0.968744 9.9991E-05 0.0282179
0.806181 0.0398779 0.0760892 0.0778522
0.0462725 0.762645 0.0948625 0.0962202
9.9982E-05 0.24841 0.751391 9.9982E-05
9.9982E-05 0.114189 0.885611 9.9982E-05
9.9982E-05 0.992207 0.00759294 9.9982E-05
0.124362 0.158957 0.144225 0.572456
0.0410739 0.540012 0.416833 0.00208074
9.9982E-05 0.208137 0.791663 9.9982E-05
0.0193176 0.711248 0.223003 0.0464317
0.128193 0.118509 0.173926 0.579372
9.998E-05 9.998E-05 9.998E-05 0.9997
0.967756 0.0320443 9.9982E-05 9.9982E-05
0.0979809 0.117163 0.780837 0.00401944
0.321542 0.0217082 0.450435 0.206315
0.18887 0.0091037 0.575807 0.226219
0.168184 0.0771536 0.561045 0.193617
9.9982E-05 0.0658535 0.933947 9.9982E-05
0.987639 9.9982E-05 0.0121606 9.9982E-05
0.528965 0.0339995 0.282825 0.154211
0.0607829 9.9991E-05 0.826334 0.112783
9.9982E-05 0.14495 0.85485 9.9982E-05
0.0635237 9.9991E-05 0.795753 0.140623
0.319408 0.00442901 0.485873 0.19029
0.323293 9.9991E-05 0.484062 0.192545
0.688014 0.0566047 0.204097 0.0512841
0.861887 0.0602061 0.0677222 0.0101852
0.508013 0.0343532 0.344452 0.113182
0.252316 9.9991E-05 0.565427 0.182156
9.9982E-05 0.111007 0.888793 9.9982E-05
9.9982E-05 0.144873 0.854927 9.9982E-05
0.143546 0.421659 0.223946 0.210849
0.607359 0.0588669 0.250306 0.0834686
0.195227 9.9991E-05 0.599028 0.205645
9.9982E-05 0.976674 9.9982E-05 0.0231264
0.545236 0.0425992 0.274426 0.137739
0.256918 0.38417 0.263157 0.0957548
0.633405 0.0933346 0.0589275 0.214333
0.147818 0.527572 0.154424 0.170186
0.055157 0.0428779 0.797862 0.104103
0.167501 0.207899 0.386012 0.238587
9.998E-05 0.9997 9.998E-05 9.998E-05
0.0371213 0.955977 0.00680117 9.9991E-05
9.9982E-05 0.136773 0.863027 9.9982E-05
9.9982E-05 0.996665 9.9982E-05 0.00313514
0.149576 0.645276 0.0845005 0.120648
0.0135205 0.897246 0.0422027 0.0470308
0.0473297 0.853716 0.0988547 9.9991E-05
0.309141 9.9991E-05 0.471698 0.219061
0.982147 0.0176526 9.9982E-05 9.9982E-05
0.9997 9.998E-05 9.998E-05 9.998E-05
9.9982E-05 0.222199 0.777601 9.9982E-05
0.9997 9.998E-05 9.998E-05 9.998E-05
0.00640018 0.0372694 9.9991E-05 0.95623
0.0131104 0.0245284 9.9991E-05 0.962261
0.194658 0.237219 0.0848697 0.483253
0.0781697 0.805026 0.116704 9.9991E-05
9.998E-05 9.998E-05 9.998E-05 0.9997
9.998E-05 9.998E-05 9.998E-05 0.9997
9.998E-05 9.998E-05 9.998E-05 0.9997
9.9982E-05 0.00349143 9.9982E-05 0.996309
9.998E-05 9.998E-05 9.998E-05 0.9997
9.9982E-05 0.0775896 0.92221 9.9982E-05
0.204425 9.9991E-05 0.597407 0.198068
0.0597943 9.9991E-05 0.79528 0.144826
0.0312586 9.9991E-05 0.849193 0.119448
9.9982E-05 0.534352 0.465448 9.9982E-05
9.9982E-05 0.0896343 0.910166 9.9982E-05
0.21932 9.9991E-05 0.573856 0.206724
0.069943 9.9991E-05 0.747433 0.182524
0.094173 9.9991E-05 0.8653 0.0404274
0.121233 9.9991E-05 0.66737 0.211297
0.00972095 9.9991E-05 0.0203246 0.969854
0.150001 0.183016 0.657038 0.00994397
0.0431302 0.853201 0.070881 0.0327879
0.0213586 0.92886 0.00528859 0.0444931
0.0795107 0.737428 0.115875 0.0671859
9.9982E-05 0.173236 0.826564 9.9982E-05
0.0203481 0.078644 0.893552 0.00745569
0.9997 9.998E-05 9.998E-05 9.998E-05
0.328793 0.254124 0.362895 0.0541873
0.0545043 9.9991E-05 0.851046 0.0943501
