9.9937E-05 9.9937E-05 0.798298 9.9937E-05 9.9937E-05 9.9937E-05 9.9937E-05 0.105986 0.0127472 9.9937E-05 0.0206837 0.0615852
9.9928E-05 0.094956 0.413706 9.9928E-05 9.9928E-05 9.9928E-05 9.9928E-05 0.215174 9.9928E-05 9.9928E-05 9.9928E-05 0.275364
9.9964E-05 0.0625443 0.366464 9.9964E-05 0.0283798 9.9964E-05 0.00707595 0.196054 0.0413491 9.9964E-05 0.00883085 0.288902
9.9937E-05 9.9937E-05 0.80433 9.9937E-05 9.9937E-05 0.0016833 9.9937E-05 0.11944 9.9937E-05 9.9937E-05 0.0160029 0.0578438
0.0214327 0.0462907 9.9964E-05 9.9964E-05 0.00356483 0.0409943 0.0172455 9.9964E-05 0.012527 9.9964E-05 0.00540846 0.852137
9.9937E-05 0.0721453 0.398905 9.9937E-05 0.0341273 9.9937E-05 9.9937E-05 0.258207 9.9937E-05 9.9937E-05 9.9937E-05 0.235916
0.51984 0.0161856 9.9946E-05 0.00644245 0.00883838 9.9946E-05 0.0154621 9.9946E-05 9.9946E-05 0.432632 9.9946E-05 9.9946E-05
0.962149 9.99191E-05 0.03449 9.99191E-05 9.99191E-05 9.99191E-05 9.99191E-05 0.00246202 9.99191E-05 9.99191E-05 9.99191E-05 9.99191E-05
0.978451 9.9928E-05 9.9928E-05 9.9928E-05 9.9928E-05 0.00601085 0.0121812 0.00255761 9.9928E-05 9.9928E-05 9.9928E-05 9.9928E-05
0.988668 9.99101E-05 9.99101E-05 9.99101E-05 9.99101E-05 0.0103332 9.99101E-05 9.99101E-05 9.99101E-05 9.99101E-05 9.99101E-05 9.99101E-05
9.9955E-05 0.0385252 0.0410898 9.9955E-05 9.9955E-05 9.9955E-05 0.294619 0.00539482 0.570902 0.0440648 9.9955E-05 0.004905
0.00847383 9.9946E-05 0.0286529 9.9946E-05 9.9946E-05 0.00348002 0.218613 9.9946E-05 0.721671 0.0185103 9.9946E-05 9.9946E-05
0.0127125 9.99371E-05 9.99371E-05 9.99371E-05 9.99371E-05 0.00465104 0.384562 9.99371E-05 0.588919 0.00845546 9.99371E-05 9.99371E-05
9.9928E-05 9.9928E-05 9.9928E-05 9.9928E-05 9.9928E-05 0.0095308 0.313288 9.9928E-05 0.665026 0.0113563 9.9928E-05 9.9928E-05
0.00311251 9.9946E-05 0.0277225 0.0972985 0.813929 0.0272731 9.9946E-05 9.9946E-05 9.9946E-05 9.9946E-05 0.030065 9.9946E-05
0.984684 9.99191E-05 9.99191E-05 9.99191E-05 9.99191E-05 0.00268093 9.99191E-05 9.99191E-05 9.99191E-05 0.0117362 9.99191E-05 9.99191E-05
0.0361948 9.9946E-05 0.0251384 0.0195595 9.9946E-05 9.9946E-05 0.0218347 9.9946E-05 9.9946E-05 0.892401 0.00427222 9.9946E-05
0.00432347 9.9964E-05 0.00154446 0.0110441 0.860772 9.9964E-05 9.9964E-05 9.9964E-05 0.101471 0.017095 0.000565176 0.00278456
0.0109189 0.059338 0.0887496 0.0498245 0.516543 0.0300585 9.9964E-05 9.9964E-05 0.234922 9.9964E-05 0.00924543 9.9964E-05
0.0145985 9.9955E-05 9.9955E-05 0.0147401 0.340254 9.9955E-05 0.0544376 9.9955E-05 0.546136 0.0151744 0.0141597 9.9955E-05
0.0549037 0.00196791 9.9946E-05 0.0174941 0.752884 0.0829987 9.9946E-05 9.9946E-05 0.0891518 9.9946E-05 9.9946E-05 9.9946E-05
0.0214118 9.9928E-05 9.9928E-05 9.9928E-05 0.0218522 9.9928E-05 9.9928E-05 9.9928E-05 0.951103 9.9928E-05 0.00483355 9.9928E-05
9.9928E-05 9.9928E-05 0.0146342 9.9928E-05 0.881054 9.9928E-05 9.9928E-05 9.9928E-05 0.0993951 0.00411729 9.9928E-05 9.9928E-05
0.00950953 9.9946E-05 9.9946E-05 0.0501225 0.0365809 9.9946E-05 9.9946E-05 0.0282588 0.825034 0.0498949 9.9946E-05 9.9946E-05
9.991E-05 9.991E-05 0.0324254 9.991E-05 9.991E-05 9.991E-05 9.991E-05 9.991E-05 0.966575 9.991E-05 9.991E-05 9.991E-05
9.99371E-05 9.99371E-05 0.0333616 9.99371E-05 0.896126 0.0185467 9.99371E-05 9.99371E-05 0.034653 0.0166134 9.99371E-05 9.99371E-05
0.0201211 9.9937E-05 9.9937E-05 0.0226678 0.822967 9.9937E-05 0.0256774 9.9937E-05 0.107867 9.9937E-05 9.9937E-05 9.9937E-05
9.9964E-05 0.00315084 0.0250456 9.9964E-05 0.53366 0.0497942 0.00708745 0.0299058 0.304548 9.9964E-05 0.0464085 9.9964E-05
0.0257468 9.9928E-05 9.9928E-05 9.9928E-05 0.885022 9.9928E-05 9.9928E-05 9.9928E-05 0.0612518 9.9928E-05 0.0271803 9.9928E-05
9.99371E-05 9.99371E-05 9.99371E-05 0.0141875 0.892912 9.99371E-05 0.0530435 9.99371E-05 0.0290049 9.99371E-05 9.99371E-05 0.010153
9.99281E-05 9.99281E-05 9.99281E-05 9.99281E-05 9.99281E-05 9.99281E-05 0.0169361 9.99281E-05 0.938104 0.0215196 0.0226411 9.99281E-05
9.9928E-05 9.9928E-05 9.9928E-05 9.9928E-05 0.0131417 9.9928E-05 0.508184 9.9928E-05 0.416378 0.0614966 9.9928E-05 9.9928E-05
9.99461E-05 9.99461E-05 0.0195579 9.99461E-05 0.863951 9.99461E-05 0.00897559 0.0054316 0.0996057 0.00187872 9.99461E-05 9.99461E-05
0.0357234 0.0208529 0.00475741 9.9955E-05 0.118757 9.9955E-05 0.0387683 9.9955E-05 0.759181 0.0214602 9.9955E-05 9.9955E-05
0.0104221 9.99281E-05 9.99281E-05 0.0117585 0.923129 9.99281E-05 9.99281E-05 9.99281E-05 0.0538906 9.99281E-05 9.99281E-05 9.99281E-05
9.9928E-05 9.9928E-05 9.9928E-05 9.9928E-05 9.9928E-05 0.0156035 0.0609201 0.00185304 0.920824 9.9928E-05 9.9928E-05 9.9928E-05
9.99371E-05 9.99371E-05 9.99371E-05 9.99371E-05 0.844839 0.00264289 9.99371E-05 0.00050063 0.137797 9.99371E-05 9.99371E-05 0.0135203
0.00586266 9.99461E-05 9.99461E-05 0.00839885 9.99461E-05 9.99461E-05 9.99461E-05 0.00085528 0.93224 0.022624 0.0294194 9.99461E-05
9.9937E-05 0.176874 9.9937E-05 0.70094 9.9937E-05 9.9937E-05 9.9937E-05 0.031738 9.9937E-05 9.9937E-05 0.0308875 0.0588613
9.99101E-05 9.99101E-05 9.99101E-05 9.99101E-05 9.99101E-05 9.99101E-05 9.99101E-05 0.365381 9.99101E-05 9.99101E-05 9.99101E-05 0.633619
9.991E-05 9.991E-05 9.991E-05 9.991E-05 9.991E-05 9.991E-05 0.962806 9.991E-05 9.991E-05 9.991E-05 9.991E-05 0.0361947
9.99191E-05 9.99191E-05 9.99191E-05 9.99191E-05 0.934285 9.99191E-05 9.99191E-05 9.99191E-05 0.0645294 0.000285803 9.99191E-05 9.99191E-05
9.99371E-05 9.99371E-05 9.99371E-05 9.99371E-05 0.00310147 9.99371E-05 0.0252908 0.00626397 0.938862 9.99371E-05 0.0257819 9.99371E-05
9.9946E-05 9.9946E-05 0.00438316 0.0196444 9.9946E-05 9.9946E-05 0.0292699 0.577061 9.9946E-05 0.305371 0.0636702 9.9946E-05
0.0419515 0.0409887 0.0697166 0.0661344 0.506747 0.0104981 9.9964E-05 9.9964E-05 0.24327 9.9964E-05 0.0202939 9.9964E-05
0.0382843 0.0211665 0.0367397 9.9955E-05 0.345908 9.9955E-05 0.204146 9.9955E-05 0.285407 0.0678486 9.9955E-05 9.9955E-05
0.0435869 9.9964E-05 9.9964E-05 0.0214523 0.810145 0.00411906 9.9964E-05 9.9964E-05 0.0789892 0.00418175 0.0209867 0.0161389
9.9946E-05 0.0652627 0.328534 9.9946E-05 0.023886 9.9946E-05 9.9946E-05 0.263856 9.9946E-05 9.9946E-05 0.0113312 0.306531
0.0176498 0.126583 0.0298467 9.9964E-05 9.9964E-05 0.0257857 0.0286873 0.246759 9.9964E-05 9.9964E-05 0.436138 0.0881504
9.9928E-05 9.9928E-05 0.306791 0.444417 9.9928E-05 0.011456 9.9928E-05 9.9928E-05 9.9928E-05 0.236536 9.9928E-05 9.9928E-05
9.99279E-05 9.99279E-05 0.78882 0.0134275 9.99279E-05 9.99279E-05 9.99279E-05 9.99279E-05 0.065382 0.131572 9.99279E-05 9.99279E-05
9.99369E-05 9.99369E-05 0.604315 0.127484 9.99369E-05 0.0243541 9.99369E-05 9.99369E-05 0.115839 0.127309 9.99369E-05 9.99369E-05
9.99188E-05 9.99188E-05 0.8289 0.0614949 9.99188E-05 9.99188E-05 9.99188E-05 9.99188E-05 9.99188E-05 0.108706 9.99188E-05 9.99188E-05
0.935584 9.99371E-05 9.99371E-05 9.99371E-05 0.00571906 9.99371E-05 0.0209763 9.99371E-05 0.00740397 9.99371E-05 9.99371E-05 0.0296173
0.942395 9.9937E-05 9.9937E-05 0.00996451 9.9937E-05 9.9937E-05 9.9937E-05 9.9937E-05 0.0192207 9.9937E-05 0.0212478 0.00647224
0.0402867 9.9937E-05 9.9937E-05 9.9937E-05 0.0290018 9.9937E-05 0.630214 9.9937E-05 0.0420931 0.257704 9.9937E-05 9.9937E-05
0.0150525 9.9928E-05 9.9928E-05 9.9928E-05 9.9928E-05 0.00838687 0.130038 9.9928E-05 0.845723 9.9928E-05 9.9928E-05 9.9928E-05
9.9928E-05 9.9928E-05 0.00642095 9.9928E-05 0.135199 0.80414 9.9928E-05 9.9928E-05 0.0534408 9.9928E-05 9.9928E-05 9.9928E-05
9.9928E-05 0.122816 0.021491 9.9928E-05 9.9928E-05 0.049656 9.9928E-05 9.9928E-05 9.9928E-05 9.9928E-05 9.9928E-05 0.805238
9.99279E-05 0.636324 9.99279E-05 9.99279E-05 9.99279E-05 9.99279E-05 9.99279E-05 0.051597 9.99279E-05 9.99279E-05 0.0312866 0.279993
9.9919E-05 9.9919E-05 9.9919E-05 9.9919E-05 9.9919E-05 9.9919E-05 9.9919E-05 0.0174972 0.00252817 0.979075 9.9919E-05 9.9919E-05
0.0104508 9.9964E-05 0.0416253 0.194953 9.9964E-05 0.0013206 0.0334465 9.9964E-05 0.00788219 0.691249 9.9964E-05 0.0186734
0.00685974 0.0175173 0.0566232 0.174588 9.9973E-05 9.9973E-05 0.0905262 0.00184751 9.9973E-05 0.632767 0.0110687 0.00790237
0.972055 9.9928E-05 0.00265081 9.9928E-05 9.9928E-05 9.9928E-05 9.9928E-05 9.9928E-05 0.00497406 0.0195208 9.9928E-05 9.9928E-05
9.9928E-05 0.183352 9.9928E-05 9.9928E-05 9.9928E-05 0.0408427 9.9928E-05 0.061581 9.9928E-05 9.9928E-05 9.9928E-05 0.713425
9.9919E-05 9.9919E-05 9.9919E-05 9.9919E-05 9.9919E-05 9.9919E-05 0.000874538 9.9919E-05 0.0292126 0.969014 9.9919E-05 9.9919E-05
9.99279E-05 0.044516 9.99279E-05 0.781583 9.99279E-05 0.129002 9.99279E-05 0.0440998 9.99279E-05 9.99279E-05 9.99279E-05 9.99279E-05
9.9928E-05 9.9928E-05 9.9928E-05 9.9928E-05 0.0220597 9.9928E-05 0.162453 9.9928E-05 0.803841 0.0108464 9.9928E-05 9.9928E-05
9.99101E-05 9.99101E-05 9.99101E-05 9.99101E-05 9.99101E-05 9.99101E-05 0.371229 9.99101E-05 0.627772 9.99101E-05 9.99101E-05 9.99101E-05
0.808883 9.9955E-05 0.040812 0.0310117 0.017376 9.9955E-05 9.9955E-05 9.9955E-05 9.9955E-05 0.0246736 0.026007 0.050737
0.796555 9.9964E-05 0.000638568 0.0719893 0.0488914 9.9964E-05 9.9964E-05 9.9964E-05 0.0399188 0.0121079 0.0140883 0.0154112
0.863479 9.9946E-05 0.0601754 9.9946E-05 0.0338369 9.9946E-05 0.0212335 9.9946E-05 9.9946E-05 0.00118092 0.0194943 9.9946E-05
0.958644 9.99439E-05 0.00115752 0.0030703 9.99439E-05 0.0169697 9.99439E-05 9.99439E-05 9.99439E-05 9.99439E-05 9.99439E-05 0.0194593
0.977061 9.99458E-05 0.00764619 9.99458E-05 9.99458E-05 9.99458E-05 9.99458E-05 9.99458E-05 0.00615806 0.00797926 0.000456078 9.99458E-05
0.9734 9.9937E-05 9.9937E-05 9.9937E-05 0.0100939 0.0105042 9.9937E-05 9.9937E-05 9.9937E-05 0.00364282 9.9937E-05 0.00165962
0.975958 9.9937E-05 9.9937E-05 0.0124848 9.9937E-05 9.9937E-05 9.9937E-05 0.00430311 0.00589265 0.000661759 9.9937E-05 9.9937E-05
0.967197 0.00305061 9.9937E-05 9.9937E-05 9.9937E-05 0.0235017 9.9937E-05 9.9937E-05 9.9937E-05 0.00377112 9.9937E-05 0.00178012
0.950009 0.028957 9.9946E-05 9.9946E-05 9.9946E-05 9.9946E-05 9.9946E-05 0.00929201 0.000182854 0.0103643 9.9946E-05 0.000595476
0.986494 9.991E-05 9.991E-05 9.991E-05 9.991E-05 9.991E-05 9.991E-05 0.0125067 9.991E-05 9.991E-05 9.991E-05 9.991E-05
0.922328 0.0125877 9.9955E-05 9.9955E-05 0.0154913 0.0166378 0.00508842 9.9955E-05 0.0258794 0.00148745 9.9955E-05 9.9955E-05
0.913377 0.0221295 9.9973E-05 0.0403754 0.000554387 0.00175951 0.0114985 9.9973E-05 0.00420335 0.00415598 0.00164655 9.9973E-05
0.954353 0.0119665 9.99371E-05 0.0239568 9.99371E-05 0.00505334 0.00397073 9.99371E-05 9.99371E-05 9.99371E-05 9.99371E-05 9.99371E-05
0.514869 0.00390303 9.99346E-05 9.99346E-05 0.402853 9.99346E-05 9.99346E-05 9.99346E-05 0.0775757 9.99346E-05 9.99346E-05 9.99346E-05
0.567796 9.99191E-05 9.99191E-05 9.99191E-05 0.414266 9.99191E-05 9.99191E-05 9.99191E-05 0.0170387 9.99191E-05 9.99191E-05 9.99191E-05
0.994372 9.99101E-05 9.99101E-05 9.99101E-05 9.99101E-05 9.99101E-05 0.00462897 9.99101E-05 9.99101E-05 9.99101E-05 9.99101E-05 9.99101E-05
0.914408 9.9928E-05 0.052094 0.0312419 9.9928E-05 0.0014563 9.9928E-05 9.9928E-05 9.9928E-05 9.9928E-05 9.9928E-05 9.9928E-05
0.912921 9.9937E-05 0.0713073 0.00460741 9.9937E-05 9.9937E-05 9.9937E-05 0.00757278 9.9937E-05 9.9937E-05 9.9937E-05 0.00289178
0.941207 9.9946E-05 9.9946E-05 0.00399182 0.0184676 9.9946E-05 9.9946E-05 9.9946E-05 0.00283701 9.9946E-05 0.0264027 0.00649438
0.989122 9.99284E-05 9.99284E-05 0.00215091 9.99284E-05 9.99284E-05 9.99284E-05 0.00299824 9.99284E-05 0.00492978 9.99284E-05 9.99284E-05
0.54703 9.99192E-05 9.99192E-05 9.99192E-05 0.418809 9.99192E-05 9.99192E-05 9.99192E-05 0.0332611 9.99192E-05 9.99192E-05 9.99192E-05
0.87192 0.0127711 9.9964E-05 9.9964E-05 0.0434387 9.9964E-05 0.00175807 9.9964E-05 0.00957566 0.0303837 0.00644326 0.0233097
0.938369 9.9937E-05 9.9937E-05 9.9937E-05 9.9937E-05 9.9937E-05 0.0139461 0.0050569 9.9937E-05 0.022585 9.9937E-05 0.0193439
0.945079 9.9937E-05 0.0144384 0.0193553 9.9937E-05 9.9937E-05 0.00431114 9.9937E-05 9.9937E-05 9.9937E-05 9.9937E-05 0.0161168
0.925886 0.0174011 0.0227633 9.99461E-05 0.00212834 9.99461E-05 9.99461E-05 0.0243397 9.99461E-05 0.00688201 9.99461E-05 9.99461E-05
0.866325 9.99675E-05 9.99675E-05 0.0196601 0.00219471 0.000915128 9.99675E-05 9.99675E-05 0.0404607 0.039142 0.000164885 0.0307379
0.921201 9.99442E-05 0.0199738 0.0339578 9.99442E-05 0.00359072 9.99442E-05 9.99442E-05 9.99442E-05 9.99442E-05 0.0205776 9.99442E-05
9.9955E-05 9.9955E-05 0.0937829 9.9955E-05 0.602961 9.9955E-05 0.0253562 0.0341295 9.9955E-05 0.106792 0.0320051 0.104474
0.933698 9.99371E-05 9.99371E-05 9.99371E-05 0.0221121 0.0259459 9.99371E-05 0.0152327 9.99371E-05 9.99371E-05 9.99371E-05 0.00231186
0.973475 9.9919E-05 0.00418085 0.0214454 9.9919E-05 9.9919E-05 9.9919E-05 9.9919E-05 9.9919E-05 9.9919E-05 9.9919E-05 9.9919E-05
0.702102 0.0718757 0.0281334 0.00928159 0.049865 9.9964E-05 9.9964E-05 0.0820968 0.0187519 0.0374936 9.9964E-05 9.9964E-05
0.998901 9.99011E-05 9.99011E-05 9.99011E-05 9.99011E-05 9.99011E-05 9.99011E-05 9.99011E-05 9.99011E-05 9.99011E-05 9.99011E-05 9.99011E-05
0.969071 9.9919E-05 9.9919E-05 9.9919E-05 9.9919E-05 9.9919E-05 0.00572667 9.9919E-05 9.9919E-05 0.0243034 9.9919E-05 9.9919E-05
0.972248 0.00443535 0.0224173 9.99191E-05 9.99191E-05 9.99191E-05 9.99191E-05 9.99191E-05 9.99191E-05 9.99191E-05 9.99191E-05 9.99191E-05
0.959601 9.9937E-05 9.9937E-05 9.9937E-05 0.0268066 9.9937E-05 0.00411683 9.9937E-05 9.9937E-05 0.0061143 0.00266137 9.9937E-05
0.0373853 0.014117 9.9955E-05 9.9955E-05 0.867336 0.00550522 0.0413589 0.0210023 9.9955E-05 9.9955E-05 0.0127951 9.9955E-05
0.995342 9.99101E-05 9.99101E-05 9.99101E-05 9.99101E-05 9.99101E-05 9.99101E-05 9.99101E-05 0.00365862 9.99101E-05 9.99101E-05 9.99101E-05
0.93911 9.9928E-05 9.9928E-05 0.0411848 9.9928E-05 0.00450766 9.9928E-05 9.9928E-05 9.9928E-05 9.9928E-05 0.014398 9.9928E-05
0.992547 9.9919E-05 9.9919E-05 9.9919E-05 9.9919E-05 0.00115415 9.9919E-05 9.9919E-05 9.9919E-05 9.9919E-05 0.00539941 9.9919E-05
9.99279E-05 0.0115782 0.0203136 9.99279E-05 0.595834 9.99279E-05 0.371475 9.99279E-05 9.99279E-05 9.99279E-05 9.99279E-05 9.99279E-05
0.906882 9.9955E-05 9.9955E-05 0.0268252 0.0252681 9.9955E-05 0.0014914 9.9955E-05 0.00124219 9.9955E-05 0.0189528 0.0188382
0.93475 9.9937E-05 0.0198192 9.9937E-05 9.9937E-05 0.00589205 0.0255515 9.9937E-05 9.9937E-05 9.9937E-05 0.0132879 9.9937E-05
0.96223 9.9928E-05 0.0205239 9.9928E-05 0.00801371 0.00843272 9.9928E-05 9.9928E-05 9.9928E-05 9.9928E-05 9.9928E-05 9.9928E-05
0.995505 9.9919E-05 9.9919E-05 9.9919E-05 0.00109271 9.9919E-05 9.9919E-05 9.9919E-05 0.00250346 9.9919E-05 9.9919E-05 9.9919E-05
0.0290162 9.9955E-05 0.0193021 0.0171974 0.59172 0.0553306 9.9955E-05 9.9955E-05 0.272457 0.0144767 9.9955E-05 9.9955E-05
0.991785 9.99191E-05 9.99191E-05 9.99191E-05 9.99191E-05 0.00389904 9.99191E-05 0.00341714 9.99191E-05 9.99191E-05 9.99191E-05 9.99191E-05
0.904225 9.9937E-05 0.0545284 0.0105362 9.9937E-05 9.9937E-05 9.9937E-05 9.9937E-05 9.9937E-05 9.9937E-05 0.0115224 0.0184883
0.515178 9.99191E-05 9.99191E-05 9.99191E-05 0.444706 9.99191E-05 9.99191E-05 9.99191E-05 0.0392175 9.99191E-05 9.99191E-05 9.99191E-05
0.978473 9.99371E-05 9.99371E-05 9.99371E-05 0.00453809 9.99371E-05 9.99371E-05 0.00583969 0.00578534 0.00466445 9.99371E-05 9.99371E-05
0.0103744 0.00988506 9.99549E-05 9.99549E-05 0.165612 0.0438796 0.146106 9.99549E-05 0.614035 0.00960768 9.99549E-05 9.99549E-05
9.9955E-05 0.0294374 0.00951638 9.9955E-05 0.233332 0.0258373 0.0986398 9.9955E-05 0.597695 9.9955E-05 9.9955E-05 0.00504296
0.0424193 9.9946E-05 0.0292111 9.9946E-05 0.00304192 9.9946E-05 0.143444 0.0428397 0.738444 9.9946E-05 9.9946E-05 9.9946E-05
0.0526844 9.9973E-05 9.9973E-05 0.0251631 0.832268 0.0113298 0.0220997 0.0161192 0.0188599 0.00859395 9.9973E-05 0.0125824
0.0619787 9.9973E-05 0.0143952 0.0342147 9.9973E-05 0.0351614 0.0215931 9.9973E-05 0.0311701 0.7687 0.0227464 0.00974031
0.0366474 9.9955E-05 9.9955E-05 9.9955E-05 9.9955E-05 9.9955E-05 0.0984991 0.0345594 0.777694 0.0336606 0.0173258 0.00111429
9.99551E-05 9.99551E-05 9.99551E-05 9.99551E-05 0.181146 0.0677219 0.16972 9.99551E-05 0.21271 0.323266 0.0347484 0.0101878
0.0142505 9.9955E-05 9.9955E-05 9.9955E-05 0.127942 0.0137826 0.125522 9.9955E-05 0.688237 0.00667462 9.9955E-05 0.0230914
9.9955E-05 0.0305024 9.9955E-05 9.9955E-05 0.211131 0.0156245 0.00682117 9.9955E-05 0.665172 0.0415761 0.0286732 9.9955E-05
9.99371E-05 9.99371E-05 9.99371E-05 9.99371E-05 0.176172 0.0330352 0.118263 9.99371E-05 0.6516 9.99371E-05 0.0202299 9.99371E-05
9.9973E-05 0.0430177 9.9973E-05 9.9973E-05 0.225989 0.0163592 0.0155342 0.00218173 0.617146 0.0212703 0.0336113 0.0245909
0.0116997 9.9964E-05 9.9964E-05 9.9964E-05 0.272412 0.0361702 0.0535935 0.0119187 0.577111 9.9964E-05 0.0187846 0.0179106
0.0416401 0.000630859 9.9946E-05 9.9946E-05 9.9946E-05 0.00804638 0.0670142 9.9946E-05 0.858498 9.9946E-05 9.9946E-05 0.0235712
0.024986 9.9937E-05 9.9937E-05 9.9937E-05 9.9937E-05 9.9937E-05 0.276291 9.9937E-05 0.628442 0.053241 0.0163408 9.9937E-05
0.040389 0.00358887 9.9946E-05 9.9946E-05 9.9946E-05 9.9946E-05 0.307838 9.9946E-05 0.58041 0.0638902 0.00328494 9.9946E-05
0.0340891 0.0276742 0.00407707 0.00394842 0.690583 0.0227397 0.0128713 9.9982E-05 0.0844129 0.0713019 0.0481027 9.9982E-05
9.991E-05 9.991E-05 9.991E-05 9.991E-05 9.991E-05 0.00868256 9.991E-05 0.990318 9.991E-05 9.991E-05 9.991E-05 9.991E-05
0.0354049 0.027131 9.9937E-05 0.0402455 9.9937E-05 0.00229456 9.9937E-05 0.894225 9.9937E-05 9.9937E-05 9.9937E-05 9.9937E-05
9.99639E-05 0.107483 0.0506764 0.00129415 9.99639E-05 0.0290471 9.99639E-05 0.21913 9.99639E-05 0.011228 0.0241341 0.556608
0.0995082 0.0419066 0.0149847 9.9982E-05 0.34929 0.0510092 0.10804 0.017456 0.0249337 0.290442 0.00222931 9.9982E-05
0.0140313 9.9919E-05 9.9919E-05 0.0532449 9.9919E-05 9.9919E-05 9.9919E-05 0.931825 9.9919E-05 9.9919E-05 9.9919E-05 9.9919E-05
0.0272286 9.9928E-05 9.9928E-05 0.0309993 9.9928E-05 0.0588997 9.9928E-05 0.882073 9.9928E-05 9.9928E-05 9.9928E-05 9.9928E-05
0.111962 0.0229749 9.9973E-05 0.00409977 0.140946 0.0195572 0.543584 0.0462241 9.9973E-05 0.106948 9.9973E-05 0.00340531
0.00119282 0.100613 9.9964E-05 0.00820119 9.9964E-05 0.0667447 9.9964E-05 0.215958 9.9964E-05 0.00490703 0.211934 0.390048
0.0139352 0.101585 9.9982E-05 0.0455002 0.0177461 0.0402263 9.9982E-05 0.100715 0.00931076 0.00240173 0.309564 0.358815
0.00289644 0.120488 9.9964E-05 0.0154906 9.9964E-05 0.0361709 0.0167367 0.0801446 9.9964E-05 9.9964E-05 0.33982 0.387853
0.0156844 0.0976015 9.9955E-05 0.0703552 0.0411164 9.9955E-05 9.9955E-05 9.9955E-05 9.9955E-05 0.0470022 0.509819 0.217922
0.00727823 0.11778 9.9955E-05 0.0578686 0.03508 9.9955E-05 9.9955E-05 9.9955E-05 9.9955E-05 0.0441431 0.513188 0.224162
9.9964E-05 0.0731979 0.000976059 0.0295352 0.0156828 9.9964E-05 9.9964E-05 0.0883216 0.0210393 9.9964E-05 0.370255 0.400592
0.00310488 9.99639E-05 0.0928315 0.0807482 9.99639E-05 0.0150386 9.99639E-05 0.0115599 9.99639E-05 0.763044 0.0292789 0.0039946
0.0153889 9.9955E-05 9.9955E-05 0.00856248 0.0123052 9.9955E-05 0.00712469 0.342778 9.9955E-05 9.9955E-05 0.018836 0.594505
9.99281E-05 9.99281E-05 9.99281E-05 0.0625231 0.86474 9.99281E-05 0.0687251 0.00321205 9.99281E-05 9.99281E-05 9.99281E-05 9.99281E-05
0.0308682 9.9955E-05 0.0105538 9.9955E-05 0.919465 9.9955E-05 0.0232966 9.9955E-05 9.9955E-05 0.00337469 0.00488587 0.00705553
0.00718652 0.154729 0.00260412 9.9946E-05 0.0133732 9.9946E-05 9.9946E-05 0.0405727 9.9946E-05 9.9946E-05 9.9946E-05 0.780935
0.139017 0.0696917 0.064523 0.101542 0.21903 0.0227784 0.0572773 0.115249 0.0500684 0.0436131 0.0328008 0.0844088
9.9973E-05 0.014164 0.056491 9.9973E-05 0.026651 0.0257316 9.9973E-05 0.0422524 0.0452859 0.780054 0.000819501 0.00825107
9.9919E-05 0.0280482 9.9919E-05 9.9919E-05 9.9919E-05 9.9919E-05 0.921212 0.0498403 9.9919E-05 9.9919E-05 9.9919E-05 9.9919E-05
0.0110815 9.9955E-05 0.022441 9.9955E-05 0.767226 9.9955E-05 0.0387346 9.9955E-05 0.0787894 0.0282225 0.0530051 9.9955E-05
9.9946E-05 0.0456099 9.9946E-05 9.9946E-05 0.0100631 9.9946E-05 0.702063 0.215822 9.9946E-05 9.9946E-05 0.0190372 0.0068044
0.00622951 0.0394944 9.9955E-05 9.9955E-05 0.0367483 0.00712906 0.101817 0.0628574 9.9955E-05 0.745225 9.9955E-05 9.9955E-05
0.00489473 9.9946E-05 0.00532637 9.9946E-05 0.0697537 9.9946E-05 0.0323831 0.712082 9.9946E-05 9.9946E-05 0.17496 9.9946E-05
0.016715 9.9946E-05 0.0373283 0.0324836 9.9946E-05 0.0307976 9.9946E-05 9.9946E-05 9.9946E-05 0.865329 0.0167472 9.9946E-05
0.0364604 9.9982E-05 0.0654399 0.282471 0.0837544 0.365295 0.00215891 0.00701729 0.0795796 0.0267884 0.0508352 9.9982E-05
0.0223548 9.9937E-05 9.9937E-05 9.9937E-05 0.87295 9.9937E-05 0.0878333 9.9937E-05 9.9937E-05 0.00373994 0.0124221 9.9937E-05
0.0301752 9.9946E-05 9.9946E-05 9.9946E-05 9.9946E-05 0.00480716 9.9946E-05 0.330136 0.0108824 0.0316865 9.9946E-05 0.591713
0.00632462 0.023644 9.99459E-05 9.99459E-05 9.99459E-05 9.99459E-05 0.559795 9.99459E-05 0.0133388 9.99459E-05 0.0164596 0.379838
0.0314741 9.9946E-05 9.9946E-05 9.9946E-05 0.0359866 9.9946E-05 0.0279045 9.9946E-05 0.0178978 9.9946E-05 0.0218763 0.864261
0.0255755 0.0386389 0.187269 9.9973E-05 0.0632765 9.9973E-05 0.261115 0.0602099 0.0802414 0.254793 9.9973E-05 0.0285804
9.9919E-05 9.9919E-05 9.9919E-05 9.9919E-05 9.9919E-05 9.9919E-05 9.9919E-05 9.9919E-05 0.00616016 9.9919E-05 0.026202 0.966739
9.9937E-05 9.9937E-05 9.9937E-05 9.9937E-05 0.00984758 9.9937E-05 0.0189205 9.9937E-05 0.0677831 0.880332 9.9937E-05 0.0224172
0.00469481 9.9973E-05 9.9973E-05 0.00655549 0.0400169 0.00987413 0.00169421 9.9973E-05 0.0611807 0.0675172 0.00855075 0.799616
0.0577351 9.9955E-05 0.00944791 9.9955E-05 0.0371005 9.9955E-05 0.0102533 9.9955E-05 9.9955E-05 0.077523 0.0217045 0.785736
0.00125501 9.9955E-05 9.9955E-05 9.9955E-05 0.818285 0.00855502 0.021313 9.9955E-05 9.9955E-05 0.0600753 0.00264314 0.0873739
9.99731E-05 0.0734182 9.99731E-05 0.0941359 0.379937 0.00357424 0.0830315 0.270678 0.064779 0.0138751 9.99731E-05 0.0162708
0.0257536 9.9955E-05 9.9955E-05 9.9955E-05 0.352557 9.9955E-05 0.424724 0.0188927 9.9955E-05 0.0894028 0.0432572 0.0449134
0.0131107 0.0466147 9.9973E-05 0.0103979 0.00656646 0.0228489 9.9973E-05 9.9973E-05 0.038175 0.0214613 0.783144 0.0573807
9.9937E-05 0.138647 9.9937E-05 0.0145453 9.9937E-05 9.9937E-05 9.9937E-05 9.9937E-05 9.9937E-05 0.0126064 0.825983 0.0075189
9.9964E-05 0.160824 0.00950431 0.00175807 0.0182135 0.0186503 9.9964E-05 9.9964E-05 0.00645606 0.0226614 0.761532 9.9964E-05
9.9964E-05 0.104121 9.9964E-05 0.0295124 0.0181112 0.0171802 9.9964E-05 9.9964E-05 0.00134165 0.0465243 0.763792 0.0190174
9.9928E-05 9.9928E-05 0.0222874 9.9928E-05 0.912534 0.0391756 9.9928E-05 9.9928E-05 9.9928E-05 9.9928E-05 0.0252031 9.9928E-05
9.9937E-05 9.9937E-05 9.9937E-05 0.0246787 0.853712 0.0412859 9.9937E-05 9.9937E-05 0.0365889 9.9937E-05 9.9937E-05 0.0430349
0.033447 0.00818023 0.0934783 9.9964E-05 0.734749 0.00160532 9.9964E-05 9.9964E-05 0.109124 0.0156647 0.00335201 9.9964E-05
9.9946E-05 0.0980561 0.0714093 0.0229298 9.9946E-05 9.9946E-05 9.9946E-05 0.193133 9.9946E-05 9.9946E-05 0.345508 0.268365
0.127787 0.0899298 0.0181068 0.0718189 0.198597 0.0314667 0.0120575 0.00966236 0.166574 0.040577 0.104757 0.128666
0.118098 0.0613187 9.9973E-05 0.146566 0.332788 0.257292 0.00948929 9.9973E-05 0.0338872 0.0370933 0.00316695 9.9973E-05
0.0135834 9.9946E-05 0.0573477 0.0350895 0.718755 0.0641722 9.9946E-05 9.9946E-05 0.110452 9.9946E-05 9.9946E-05 9.9946E-05
0.104465 0.0198557 0.0118342 0.0549884 0.596633 0.110483 9.9955E-05 9.9955E-05 0.10124 9.9955E-05 9.9955E-05 9.9955E-05
0.0210059 9.9955E-05 9.9955E-05 0.0611975 0.699249 0.15091 0.0176707 0.00552566 9.9955E-05 9.9955E-05 0.0439407 9.9955E-05
0.136399 0.0343032 9.9955E-05 0.0754433 0.440042 0.222853 0.062256 0.0282034 9.9955E-05 9.9955E-05 9.9955E-05 9.9955E-05
9.9955E-05 9.9955E-05 9.9955E-05 0.855052 0.0132369 9.9955E-05 0.0115578 0.0256078 0.0523734 0.00112883 0.0405432 9.9955E-05
9.99369E-05 0.0162009 9.99369E-05 9.99369E-05 9.99369E-05 0.0139051 0.351913 9.99369E-05 0.587905 0.0293757 9.99369E-05 9.99369E-05
0.040293 0.0092886 0.0158845 9.9964E-05 0.218049 9.9964E-05 0.317893 9.9964E-05 0.315509 0.0478187 0.0348643 9.9964E-05
9.9928E-05 0.0940896 0.00941749 9.9928E-05 9.9928E-05 9.9928E-05 9.9928E-05 9.9928E-05 0.0180633 9.9928E-05 9.9928E-05 0.87763
9.9946E-05 0.096277 0.0337291 0.00939871 9.9946E-05 0.0314071 9.9946E-05 9.9946E-05 0.00941029 9.9946E-05 9.9946E-05 0.819178
9.99549E-05 0.116447 0.0093015 0.000221292 9.99549E-05 0.0555632 9.99549E-05 9.99549E-05 0.0310821 0.00637526 9.99549E-05 0.78051
9.9946E-05 0.433916 0.0328044 0.11959 9.9946E-05 9.9946E-05 9.9946E-05 0.0984128 9.9946E-05 9.9946E-05 0.0402098 0.274467
9.99098E-05 9.99098E-05 9.99098E-05 9.99098E-05 9.99098E-05 0.953885 9.99098E-05 9.99098E-05 9.99098E-05 9.99098E-05 9.99098E-05 0.0451163
9.99097E-05 9.99097E-05 9.99097E-05 9.99097E-05 9.99097E-05 0.960144 9.99097E-05 9.99097E-05 9.99097E-05 9.99097E-05 9.99097E-05 0.0388569
9.9937E-05 0.051802 9.9937E-05 0.0477845 0.854825 0.0248349 9.9937E-05 9.9937E-05 0.0200543 9.9937E-05 9.9937E-05 9.9937E-05
0.0162237 0.0504461 0.0100575 0.0547263 0.767358 0.0465433 9.9973E-05 9.9973E-05 0.0351832 9.9973E-05 0.0187191 0.000442638
9.99191E-05 9.99191E-05 9.99191E-05 0.0353476 0.913222 9.99191E-05 9.99191E-05 9.99191E-05 0.0505311 9.99191E-05 9.99191E-05 9.99191E-05
0.0147502 9.9937E-05 9.9937E-05 0.0493993 9.9937E-05 9.9937E-05 0.213641 9.9937E-05 9.9937E-05 0.711222 9.9937E-05 0.0102874
0.019378 0.0242389 9.9955E-05 0.00912285 0.0127525 9.9955E-05 0.0258738 9.9955E-05 9.9955E-05 9.9955E-05 0.0109101 0.897224
0.0240296 9.9964E-05 0.00453859 9.9964E-05 0.007918 9.9964E-05 0.011194 0.0327367 0.00112181 9.9964E-05 0.000681309 0.91738
9.9946E-05 0.00153874 9.9946E-05 9.9946E-05 9.9946E-05 9.9946E-05 0.00352071 0.0948365 9.9946E-05 0.0118408 0.00507431 0.882589
9.9937E-05 0.00444163 9.9937E-05 9.9937E-05 9.9937E-05 9.9937E-05 0.04333 0.164692 9.9937E-05 9.9937E-05 0.0345557 0.752281
0.0105509 0.0169397 0.0152188 9.9964E-05 9.9964E-05 9.9964E-05 0.0217517 0.0975121 9.9964E-05 0.0247235 0.00783872 0.805065
9.9919E-05 9.9919E-05 9.9919E-05 9.9919E-05 9.9919E-05 9.9919E-05 0.972662 0.00375857 9.9919E-05 9.9919E-05 9.9919E-05 0.0226798
0.0528101 0.48551 0.0986813 9.9955E-05 0.0308843 9.9955E-05 9.9955E-05 0.226327 9.9955E-05 0.00243091 9.9955E-05 0.102857
9.9919E-05 9.9919E-05 9.9919E-05 9.9919E-05 9.9919E-05 0.0227864 0.00796783 9.9919E-05 9.9919E-05 0.968347 9.9919E-05 9.9919E-05
9.991E-05 9.991E-05 9.991E-05 9.991E-05 9.991E-05 9.991E-05 0.984271 9.991E-05 9.991E-05 9.991E-05 9.991E-05 0.0147299
9.9955E-05 0.00714069 0.0935676 9.9955E-05 0.748229 9.9955E-05 0.0450294 0.0148546 9.9955E-05 0.049291 9.9955E-05 0.0413875
9.99098E-05 9.99098E-05 9.99098E-05 9.99098E-05 9.99098E-05 9.99098E-05 0.945084 9.99098E-05 0.053917 9.99098E-05 9.99098E-05 9.99098E-05
9.99008E-05 9.99008E-05 9.99008E-05 9.99008E-05 9.99008E-05 9.99008E-05 0.998901 9.99008E-05 9.99008E-05 9.99008E-05 9.99008E-05 9.99008E-05
9.99009E-05 9.99009E-05 9.99009E-05 9.99009E-05 9.99009E-05 9.99009E-05 0.998901 9.99009E-05 9.99009E-05 9.99009E-05 9.99009E-05 9.99009E-05
0.0173979 9.9937E-05 9.9937E-05 9.9937E-05 0.010192 9.9937E-05 9.9937E-05 9.9937E-05 0.0366862 9.9937E-05 0.0463996 0.888625
9.9928E-05 9.9928E-05 0.00539979 9.9928E-05 9.9928E-05 9.9928E-05 0.0207119 9.9928E-05 9.9928E-05 0.0334636 9.9928E-05 0.939625
9.9946E-05 0.0773945 0.395857 9.9946E-05 0.0143968 9.9946E-05 9.9946E-05 0.248281 9.9946E-05 9.9946E-05 0.0206987 0.242773
0.0162272 9.9955E-05 9.9955E-05 0.0156358 0.0104458 9.9955E-05 0.0277873 0.0216264 9.9955E-05 9.9955E-05 0.0204061 0.887372
9.99009E-05 9.99009E-05 9.99009E-05 9.99009E-05 9.99009E-05 9.99009E-05 9.99009E-05 9.99009E-05 9.99009E-05 9.99009E-05 9.99009E-05 0.998901
9.9919E-05 9.9919E-05 9.9919E-05 9.9919E-05 9.9919E-05 9.9919E-05 0.624244 0.153209 9.9919E-05 9.9919E-05 9.9919E-05 0.221649
9.9946E-05 0.119651 9.9946E-05 9.9946E-05 0.00588008 0.0649786 9.9946E-05 0.0454088 9.9946E-05 9.9946E-05 0.0291939 0.734288
9.9937E-05 0.226188 9.9937E-05 9.9937E-05 0.0219093 0.0181576 9.9937E-05 0.0407624 9.9937E-05 9.9937E-05 9.9937E-05 0.692283
0.0107708 0.265169 0.285066 0.0475908 0.0270679 0.212044 9.9964E-05 0.0914316 9.9964E-05 9.9964E-05 9.9964E-05 0.0604595
0.0287603 9.9946E-05 9.9946E-05 9.9946E-05 9.9946E-05 0.00544869 0.113671 0.00616455 9.9946E-05 0.8422 0.00315641 9.9946E-05
9.99371E-05 9.99371E-05 9.99371E-05 9.99371E-05 9.99371E-05 9.99371E-05 0.167734 0.187053 9.99371E-05 0.0219069 0.0136219 0.608984
0.422501 9.9955E-05 9.9955E-05 9.9955E-05 0.273068 9.9955E-05 0.0173754 0.182113 0.00967406 0.0286084 0.06616 9.9955E-05
9.9919E-05 9.9919E-05 9.9919E-05 9.9919E-05 9.9919E-05 9.9919E-05 0.173963 0.287883 9.9919E-05 9.9919E-05 9.9919E-05 0.537255
0.0103442 9.9928E-05 9.9928E-05 0.0142327 9.9928E-05 9.9928E-05 0.0411954 9.9928E-05 9.9928E-05 9.9928E-05 9.9928E-05 0.933428
9.99099E-05 9.99099E-05 9.99099E-05 9.99099E-05 9.99099E-05 9.99099E-05 0.980151 9.99099E-05 9.99099E-05 9.99099E-05 0.0188502 9.99099E-05
9.9955E-05 9.9955E-05 0.00969329 0.0524057 9.9955E-05 9.9955E-05 0.578825 0.0173513 0.123704 9.9955E-05 0.00730058 0.210219
9.9946E-05 9.9946E-05 0.0486997 0.0430423 0.0177821 0.00434492 0.0848356 9.9946E-05 9.9946E-05 0.800696 9.9946E-05 9.9946E-05
9.9919E-05 9.9919E-05 0.0237436 0.950293 9.9919E-05 0.0250646 9.9919E-05 9.9919E-05 9.9919E-05 9.9919E-05 9.9919E-05 9.9919E-05
9.99371E-05 9.99371E-05 0.00731798 9.99371E-05 0.0276145 0.0163002 0.0145977 9.99371E-05 0.93347 9.99371E-05 9.99371E-05 9.99371E-05
9.99369E-05 9.99369E-05 0.816612 0.00618235 9.99369E-05 9.99369E-05 0.0141878 9.99369E-05 0.068993 0.0933256 9.99369E-05 9.99369E-05
9.9955E-05 0.00315621 9.9955E-05 0.019043 0.016525 9.9955E-05 0.0636874 9.9955E-05 0.0106237 0.864526 9.9955E-05 0.0219389
9.9937E-05 9.9937E-05 9.9937E-05 9.9937E-05 0.014656 9.9937E-05 0.0715168 9.9937E-05 0.0206427 0.849451 9.9937E-05 0.0430341
9.99188E-05 9.99188E-05 0.871245 0.0445564 9.99188E-05 9.99188E-05 9.99188E-05 9.99188E-05 9.99188E-05 0.0832995 9.99188E-05 9.99188E-05
9.9964E-05 9.9964E-05 0.100684 0.479358 9.9964E-05 9.9964E-05 0.2175 0.0240079 0.108788 0.0350928 0.020639 0.0135317
0.00224604 9.9955E-05 0.0616011 0.00356482 0.00530146 0.0122098 0.0779866 9.9955E-05 9.9955E-05 0.83659 9.9955E-05 9.9955E-05
0.0293477 0.238642 0.272118 0.0345279 0.0498213 0.214306 9.9964E-05 0.0809393 9.9964E-05 9.9964E-05 9.9964E-05 0.0798981
9.99281E-05 9.99281E-05 9.99281E-05 0.0174506 0.889215 9.99281E-05 9.99281E-05 9.99281E-05 0.0790525 0.0134823 9.99281E-05 9.99281E-05
9.99459E-05 0.0180418 0.0795689 9.99459E-05 0.739253 9.99459E-05 0.0396272 9.99459E-05 9.99459E-05 0.0806179 9.99459E-05 0.0422912
0.998901 9.99011E-05 9.99011E-05 9.99011E-05 9.99011E-05 9.99011E-05 9.99011E-05 9.99011E-05 9.99011E-05 9.99011E-05 9.99011E-05 9.99011E-05
9.9955E-05 0.0312529 0.111089 9.9955E-05 0.653337 9.9955E-05 9.9955E-05 0.00848115 9.9955E-05 0.143823 0.0143664 0.0371505
0.0182034 9.9937E-05 9.9937E-05 9.9937E-05 0.821823 9.9937E-05 0.0331323 9.9937E-05 0.0841236 0.0420186 9.9937E-05 9.9937E-05
9.9937E-05 9.9937E-05 9.9937E-05 9.9937E-05 0.366068 9.9937E-05 0.00292765 9.9937E-05 0.0392126 0.578736 9.9937E-05 0.012356
0.0459726 9.99371E-05 9.99371E-05 9.99371E-05 0.842117 9.99371E-05 0.0479086 0.00204538 0.0612567 9.99371E-05 9.99371E-05 9.99371E-05
0.0311273 9.9946E-05 0.0221506 0.117255 0.195445 9.9946E-05 9.9946E-05 9.9946E-05 0.598864 9.9946E-05 0.0345592 9.9946E-05
9.9937E-05 0.0337434 0.0155198 9.9937E-05 0.921109 9.9937E-05 0.0245171 9.9937E-05 9.9937E-05 9.9937E-05 0.00441148 9.9937E-05
0.0982678 9.99549E-05 0.21834 0.211963 0.0808627 0.320056 9.99549E-05 9.99549E-05 0.0683722 0.00163941 9.99549E-05 9.99549E-05
9.9964E-05 9.9964E-05 0.559031 0.00852609 0.0376164 0.115411 0.0144449 9.9964E-05 0.12236 0.122864 0.0193467 9.9964E-05
0.0332147 9.99641E-05 0.00969694 0.146045 0.16144 0.201773 0.208255 9.99641E-05 0.1506 0.0885753 9.99641E-05 9.99641E-05
0.0206118 9.9964E-05 0.0216955 0.00836007 0.855314 9.9964E-05 0.04212 9.9964E-05 0.0267946 0.00682821 9.9964E-05 0.0178763
0.0226626 9.9928E-05 0.0176787 9.9928E-05 9.9928E-05 9.9928E-05 9.9928E-05 0.141977 9.9928E-05 9.9928E-05 9.9928E-05 0.816882
9.9946E-05 9.9946E-05 0.0197255 9.9946E-05 0.000927578 9.9946E-05 0.0400976 0.00385796 0.934662 9.9946E-05 0.000129568 9.9946E-05
0.071281 9.9946E-05 0.111149 0.288827 0.0948716 0.378222 9.9946E-05 9.9946E-05 0.0550493 9.9946E-05 9.9946E-05 9.9946E-05
9.9928E-05 9.9928E-05 0.0488375 0.00643521 9.9928E-05 9.9928E-05 0.00747782 9.9928E-05 0.93645 9.9928E-05 9.9928E-05 9.9928E-05
9.9928E-05 0.206267 9.9928E-05 9.9928E-05 9.9928E-05 0.0441724 9.9928E-05 0.0305072 9.9928E-05 9.9928E-05 9.9928E-05 0.718254
0.00533431 0.00548028 9.9928E-05 9.9928E-05 9.9928E-05 9.9928E-05 0.0347317 9.9928E-05 9.9928E-05 0.953654 9.9928E-05 9.9928E-05
0.95505 0.0227294 9.9928E-05 9.9928E-05 9.9928E-05 9.9928E-05 9.9928E-05 9.9928E-05 9.9928E-05 0.0197369 0.00168468 9.9928E-05
0.683155 0.0561757 0.0414161 0.00456199 0.0520658 0.0206383 9.9973E-05 0.0973967 0.0132738 0.031017 9.9973E-05 9.9973E-05
9.99191E-05 9.99191E-05 9.99191E-05 0.0547782 0.920531 9.99191E-05 9.99191E-05 9.99191E-05 0.0237918 9.99191E-05 9.99191E-05 9.99191E-05
0.0497834 9.9946E-05 0.00144891 9.9946E-05 0.244174 9.9946E-05 0.340749 9.9946E-05 0.281309 0.0819357 9.9946E-05 9.9946E-05
9.9901E-05 9.9901E-05 9.9901E-05 9.9901E-05 9.9901E-05 9.9901E-05 9.9901E-05 9.9901E-05 9.9901E-05 0.998901 9.9901E-05 9.9901E-05
9.9901E-05 9.9901E-05 9.9901E-05 9.9901E-05 9.9901E-05 9.9901E-05 9.9901E-05 9.9901E-05 9.9901E-05 0.998901 9.9901E-05 9.9901E-05
9.99819E-05 0.0146804 0.0718794 0.0270093 9.99819E-05 0.00582715 0.402322 0.109521 0.230413 0.0771124 0.0264558 0.0345793
0.032782 9.9955E-05 0.0157449 9.9955E-05 0.242058 0.00136356 0.325379 9.9955E-05 0.347579 0.0345926 9.9955E-05 9.9955E-05
9.9937E-05 0.105812 0.00959276 0.020767 9.9937E-05 0.0617238 9.9937E-05 9.9937E-05 9.9937E-05 9.9937E-05 9.9937E-05 0.801405
9.99097E-05 9.99097E-05 9.99097E-05 9.99097E-05 9.99097E-05 0.976553 9.99097E-05 9.99097E-05 9.99097E-05 9.99097E-05 9.99097E-05 0.0224482
9.99189E-05 0.516829 9.99189E-05 9.99189E-05 9.99189E-05 9.99189E-05 9.99189E-05 9.99189E-05 9.99189E-05 9.99189E-05 0.064246 0.418026
0.0597063 0.866543 9.99459E-05 9.99459E-05 0.00456372 9.99459E-05 0.0258608 0.0284997 9.99459E-05 9.99459E-05 0.0142268 9.99459E-05
0.0287854 0.940398 9.9919E-05 9.9919E-05 9.9919E-05 9.9919E-05 0.029917 9.9919E-05 9.9919E-05 9.9919E-05 9.9919E-05 9.9919E-05
9.99369E-05 0.686794 9.99369E-05 9.99369E-05 9.99369E-05 0.00700556 9.99369E-05 0.137911 9.99369E-05 0.0148175 9.99369E-05 0.152772
9.99097E-05 9.99097E-05 9.99097E-05 9.99097E-05 9.99097E-05 0.972585 9.99097E-05 9.99097E-05 9.99097E-05 9.99097E-05 9.99097E-05 0.0264156
0.0315765 0.791355 0.011301 9.9973E-05 9.9973E-05 9.9973E-05 0.010172 0.0123754 0.0104891 0.0164308 0.0873344 0.0286663
9.9928E-05 0.713532 9.9928E-05 9.9928E-05 9.9928E-05 0.000560258 9.9928E-05 0.236078 9.9928E-05 9.9928E-05 9.9928E-05 0.0490298
0.0188958 0.130655 0.134551 0.151848 0.0325952 0.449151 0.00204948 9.99639E-05 9.99639E-05 0.0798554 9.99639E-05 9.99639E-05
9.9928E-05 0.709699 9.9928E-05 9.9928E-05 0.000537719 9.9928E-05 9.9928E-05 0.110969 9.9928E-05 9.9928E-05 9.9928E-05 0.177994
0.0382079 0.130826 0.130486 0.10489 0.0691896 0.479125 0.0114613 9.9964E-05 9.9964E-05 0.0354136 9.9964E-05 9.9964E-05
9.99369E-05 9.99369E-05 0.587864 0.169023 9.99369E-05 0.0117682 9.99369E-05 9.99369E-05 0.0690064 0.161639 9.99369E-05 9.99369E-05
9.99279E-05 9.99279E-05 0.820915 9.99279E-05 9.99279E-05 9.99279E-05 9.99279E-05 0.134315 9.99279E-05 9.99279E-05 0.0302155 0.0137549
0.0210228 0.518424 9.9955E-05 0.113226 9.9955E-05 0.0415795 9.9955E-05 0.0828647 0.0458505 9.9955E-05 9.9955E-05 0.176533
0.00419934 0.453953 9.9964E-05 0.201436 9.9964E-05 0.0649933 9.9964E-05 0.0531191 0.0751585 9.9964E-05 0.0350272 0.111713
9.99099E-05 9.99099E-05 9.99099E-05 9.99099E-05 9.99099E-05 0.992776 9.99099E-05 9.99099E-05 9.99099E-05 9.99099E-05 9.99099E-05 0.00622498
0.0168265 0.628859 9.99549E-05 9.99549E-05 9.99549E-05 0.0488992 9.99549E-05 0.111048 0.00253535 9.99549E-05 0.0018501 0.189481
9.99371E-05 0.000294275 0.0377542 9.99371E-05 0.0940997 9.99371E-05 9.99371E-05 0.0184893 0.848663 9.99371E-05 9.99371E-05 9.99371E-05
9.9946E-05 0.112117 0.00669998 9.9946E-05 9.9946E-05 0.0446343 9.9946E-05 0.00249057 0.000885821 9.9946E-05 9.9946E-05 0.832573
0.0233171 0.930504 9.99189E-05 9.99189E-05 9.99189E-05 9.99189E-05 0.0452796 9.99189E-05 9.99189E-05 9.99189E-05 9.99189E-05 9.99189E-05
0.00133204 0.52529 9.9937E-05 9.9937E-05 9.9937E-05 0.124905 9.9937E-05 0.164571 9.9937E-05 9.9937E-05 9.9937E-05 0.183203
0.0315456 0.799925 9.9946E-05 9.9946E-05 9.9946E-05 0.0100499 9.9946E-05 0.0393485 9.9946E-05 9.9946E-05 0.0817402 0.0367911
0.0164026 0.792282 9.9946E-05 9.9946E-05 9.9946E-05 9.9946E-05 0.0113467 0.102692 9.9946E-05 9.9946E-05 0.0280987 0.0485789
9.9955E-05 9.9955E-05 0.166428 9.9955E-05 0.687776 9.9955E-05 0.0349552 0.0186159 9.9955E-05 0.0610988 0.00804279 0.0225839
0.0515786 9.9973E-05 0.0245722 0.0580977 0.319292 9.9973E-05 0.0347831 9.9973E-05 0.431029 0.0178747 0.0492848 0.0131876
9.9919E-05 0.297351 9.9919E-05 9.9919E-05 9.9919E-05 9.9919E-05 9.9919E-05 0.0194731 9.9919E-05 9.9919E-05 9.9919E-05 0.682277
9.9937E-05 9.9937E-05 0.00502246 0.0320117 9.9937E-05 9.9937E-05 9.9937E-05 0.00442076 0.940361 9.9937E-05 0.0174849 9.9937E-05
9.99369E-05 9.99369E-05 0.181203 9.99369E-05 0.661499 9.99369E-05 0.0880315 9.99369E-05 9.99369E-05 0.0206483 9.99369E-05 0.0479189
0.00310815 9.99369E-05 0.0399437 0.859856 9.99369E-05 0.054021 9.99369E-05 9.99369E-05 9.99369E-05 0.0423716 9.99369E-05 9.99369E-05
9.99011E-05 9.99011E-05 9.99011E-05 9.99011E-05 9.99011E-05 9.99011E-05 9.99011E-05 9.99011E-05 9.99011E-05 9.99011E-05 9.99011E-05 0.998901
0.0217268 9.9946E-05 9.9946E-05 0.00226537 9.9946E-05 9.9946E-05 0.0017145 9.9946E-05 9.9946E-05 0.000571091 0.0232087 0.949914
0.0341931 9.9964E-05 9.9964E-05 0.00453412 9.9964E-05 0.00505374 0.0036129 9.9964E-05 0.00680072 0.0193524 0.0433378 0.882715
0.00212098 9.9919E-05 9.9919E-05 9.9919E-05 9.9919E-05 9.9919E-05 9.9919E-05 9.9919E-05 9.9919E-05 9.9919E-05 0.0355179 0.961462
9.9937E-05 9.9937E-05 0.0140864 0.0618641 9.9937E-05 9.9937E-05 0.19534 9.9937E-05 9.9937E-05 0.694445 9.9937E-05 0.0335651
0.0293781 9.9937E-05 9.9937E-05 9.9937E-05 0.0893715 9.9937E-05 0.0299306 0.0630208 9.9937E-05 9.9937E-05 9.9937E-05 0.787599
9.9964E-05 0.00256863 0.0967681 9.9964E-05 0.714623 9.9964E-05 0.0146525 0.0282308 9.9964E-05 0.099261 0.00929717 0.034199
9.9946E-05 0.00194782 0.0158821 9.9946E-05 0.898185 0.0535582 9.9946E-05 9.9946E-05 0.00792242 9.9946E-05 0.0219047 9.9946E-05
0.0401273 9.9937E-05 9.9937E-05 9.9937E-05 0.846323 9.9937E-05 0.0929724 9.9937E-05 9.9937E-05 0.0142732 0.00560416 9.9937E-05
0.021231 9.9946E-05 9.9946E-05 9.9946E-05 0.879427 0.0353233 0.0225893 0.0163193 9.9946E-05 0.0245103 9.9946E-05 9.9946E-05
0.0213675 9.99459E-05 9.99459E-05 9.99459E-05 0.858517 9.99459E-05 0.052233 0.0297276 0.0330989 9.99459E-05 0.00445585 9.99459E-05
0.0798943 0.740002 9.99369E-05 9.99369E-05 0.0306779 9.99369E-05 9.99369E-05 9.99369E-05 0.0110055 9.99369E-05 0.137721 9.99369E-05
0.0620752 0.746949 9.99369E-05 9.99369E-05 0.0212923 9.99369E-05 9.99369E-05 9.99369E-05 0.0297778 9.99369E-05 0.139206 9.99369E-05
9.9937E-05 0.0620435 9.9937E-05 9.9937E-05 0.00131515 9.9937E-05 9.9937E-05 9.9937E-05 0.0446289 0.0393926 0.85192 9.9937E-05
9.9937E-05 9.9937E-05 9.9937E-05 9.9937E-05 0.0315671 0.0143506 9.9937E-05 0.0317227 9.9937E-05 9.9937E-05 0.849848 0.0718118
9.9955E-05 9.9955E-05 0.00476531 9.9955E-05 0.00028082 0.0307172 9.9955E-05 0.0325533 0.0162407 9.9955E-05 0.892443 0.0224994
0.0350332 9.9955E-05 0.50296 0.0549112 9.9955E-05 0.0296178 9.9955E-05 9.9955E-05 0.0216113 0.0973544 0.258012 9.9955E-05
0.0233787 0.0335389 9.9946E-05 9.9946E-05 9.9946E-05 0.00474014 0.00824316 9.9946E-05 0.0468447 9.9946E-05 0.882655 9.9946E-05
