9.9973E-05 9.9973E-05 0.0715893 0.167743 0.636253 0.0398723 0.00832644 0.0759164 9.9973E-05
9.9964E-05 9.9964E-05 0.260134 0.353169 0.283324 9.9964E-05 9.9964E-05 0.044007 0.0589657
0.00608237 9.9991E-05 0.289098 0.265095 0.243086 0.0432077 0.0113736 0.087764 0.0541939
9.9973E-05 9.9973E-05 0.0350158 0.208707 0.653426 0.0360149 9.9973E-05 0.0560885 0.0104481
9.9973E-05 9.9973E-05 0.873248 0.00919531 9.9973E-05 0.00615163 0.0141485 0.00957863 0.0873781
0.0726649 9.9973E-05 0.251421 0.374729 0.261337 0.00550974 9.9973E-05 0.034038 9.9973E-05
0.00853562 0.467542 9.9946E-05 9.9946E-05 9.9946E-05 9.9946E-05 0.523323 9.9946E-05 9.9946E-05
9.9946E-05 9.9946E-05 9.9946E-05 0.00290975 0.0259271 9.9946E-05 0.970563 9.9946E-05 9.9946E-05
9.9955E-05 9.9955E-05 0.000604958 0.018345 9.9955E-05 9.9955E-05 0.978188 9.9955E-05 0.00236223
9.99371E-05 9.99371E-05 9.99371E-05 9.99371E-05 9.99371E-05 9.99371E-05 0.996505 9.99371E-05 0.00279583
9.9982E-05 0.120796 0.0363336 0.00834812 0.00980406 0.00923929 9.9982E-05 0.811759 0.00352061
9.9955E-05 0.0282827 9.9955E-05 9.9955E-05 0.0627371 9.9955E-05 0.00282508 0.905655 9.9955E-05
9.99461E-05 0.0972876 9.99461E-05 9.99461E-05 9.99461E-05 9.99461E-05 0.00843612 0.893677 9.99461E-05
9.9946E-05 0.0705687 9.9946E-05 9.9946E-05 9.9946E-05 9.9946E-05 9.9946E-05 0.92603 0.00280207
0.836339 0.00402553 9.9973E-05 9.9973E-05 0.116829 0.0272318 0.0121598 9.9973E-05 0.00311461
0.00245659 9.99371E-05 9.99371E-05 9.99371E-05 9.99371E-05 9.99371E-05 0.996844 9.99371E-05 9.99371E-05
9.9946E-05 0.89925 9.9946E-05 9.9946E-05 0.073393 9.9946E-05 0.0267571 9.9946E-05 9.9946E-05
0.894401 9.99551E-05 9.99551E-05 9.99551E-05 0.0188927 9.99551E-05 0.00181982 0.084387 9.99551E-05
0.550052 9.9973E-05 9.9973E-05 9.9973E-05 0.112758 0.0267759 0.0190784 0.227025 0.0640113
0.34128 0.0130666 9.9964E-05 9.9964E-05 9.9964E-05 0.0140431 0.0278679 0.603342 9.9964E-05
0.79244 9.9964E-05 9.9964E-05 9.9964E-05 0.0275657 9.9964E-05 0.0273428 0.0636359 0.0886159
0.0737598 9.9964E-05 9.9964E-05 0.00521518 9.9964E-05 0.0337304 0.00805473 0.87884 9.9964E-05
0.894192 0.00980875 9.9964E-05 0.00401011 9.9964E-05 9.9964E-05 0.00584395 0.0857451 9.9964E-05
0.090598 0.00787128 9.9973E-05 0.044453 0.0564112 9.9973E-05 0.0232876 0.777079 9.9973E-05
0.0616726 9.9946E-05 9.9946E-05 9.9946E-05 0.0365465 9.9946E-05 9.9946E-05 0.901181 9.9946E-05
0.933145 0.01414 9.9964E-05 9.9964E-05 0.00127253 9.9964E-05 9.9964E-05 0.0152982 0.0357448
0.861179 9.9955E-05 9.9955E-05 9.9955E-05 0.00590621 9.9955E-05 0.0231406 0.109274 9.9955E-05
0.609296 0.0216031 9.9973E-05 0.0485777 9.9973E-05 0.017569 9.9973E-05 0.263838 0.0388162
0.895228 9.9955E-05 9.9955E-05 9.9955E-05 9.9955E-05 0.0311384 0.0229692 0.0501642 9.9955E-05
0.911488 9.9973E-05 0.00905167 0.00825029 0.0267532 0.0109352 9.9973E-05 0.0332212 9.9973E-05
0.0312629 9.9973E-05 9.9973E-05 9.9973E-05 0.0119765 0.0236683 0.00178054 0.925947 0.00506528
9.99371E-05 0.171006 9.99371E-05 9.99371E-05 9.99371E-05 9.99371E-05 9.99371E-05 0.828294 9.99371E-05
0.896794 9.99551E-05 0.0022898 0.0114645 9.99551E-05 9.99551E-05 9.99551E-05 0.0889518 9.99551E-05
0.133566 0.00607066 9.9982E-05 0.0104121 0.023208 9.9982E-05 0.0162464 0.758807 0.0514895
0.93311 9.9955E-05 0.000656757 9.9955E-05 0.00565941 9.9955E-05 9.9955E-05 0.0600745 9.9955E-05
0.0125247 9.9964E-05 0.00811239 0.00659609 9.9964E-05 9.9964E-05 9.9964E-05 0.971188 0.00117861
0.882845 9.99461E-05 0.0186313 9.99461E-05 9.99461E-05 9.99461E-05 9.99461E-05 0.0979236 9.99461E-05
0.0248957 0.00294907 9.9964E-05 9.9964E-05 9.9964E-05 0.0323775 0.00789647 0.931481 9.9964E-05
9.9964E-05 9.9964E-05 0.10192 0.0897692 0.618848 0.0785305 9.9964E-05 9.9964E-05 0.110533
9.9937E-05 9.9937E-05 0.631629 0.367671 9.9937E-05 9.9937E-05 9.9937E-05 9.9937E-05 9.9937E-05
9.9955E-05 0.166133 0.0896835 0.00916436 9.9955E-05 9.9955E-05 9.9955E-05 0.73452 9.9955E-05
0.957314 0.0100664 9.9946E-05 9.9946E-05 9.9946E-05 9.9946E-05 9.9946E-05 0.0320203 9.9946E-05
0.0458039 9.9955E-05 9.9955E-05 9.9955E-05 9.9955E-05 0.0350745 9.9955E-05 0.912324 0.00629791
9.9964E-05 0.283324 9.9964E-05 0.604314 0.0208223 0.0681944 9.9964E-05 0.0229452 9.9964E-05
0.558553 9.9973E-05 9.9973E-05 9.9973E-05 0.12513 0.00729248 0.0555048 0.231004 0.022216
0.399071 0.101853 9.9964E-05 9.9964E-05 9.9964E-05 9.9964E-05 0.0367554 0.424354 0.0375662
0.842787 9.9973E-05 0.0175575 9.9973E-05 0.0523659 0.0188086 0.015697 0.0524843 9.9973E-05
0.0526025 9.9982E-05 0.305778 0.357557 0.192276 0.0293352 9.9982E-05 0.0288855 0.0333664
9.9964E-05 9.9964E-05 0.0907141 0.273857 0.0523386 0.487262 9.9964E-05 9.9964E-05 0.0954286
9.9937E-05 0.21621 9.9937E-05 9.9937E-05 0.78309 9.9937E-05 9.9937E-05 9.9937E-05 9.9937E-05
9.9955E-05 0.0670008 9.9955E-05 9.9955E-05 0.777364 9.9955E-05 9.9955E-05 0.145254 0.00988111
9.99639E-05 0.0762456 9.99639E-05 9.99639E-05 0.721607 9.99639E-05 0.00224237 0.166497 0.0330084
9.99459E-05 0.089715 9.99459E-05 9.99459E-05 0.889548 9.99459E-05 9.99459E-05 0.020137 9.99459E-05
9.9946E-05 9.9946E-05 0.0176483 9.9946E-05 9.9946E-05 9.9946E-05 0.956745 0.0250074 9.9946E-05
9.9964E-05 0.00539275 0.0120086 9.9964E-05 0.0381067 0.00663659 0.937456 9.9964E-05 9.9964E-05
0.00153402 0.481227 9.99551E-05 9.99551E-05 9.99551E-05 9.99551E-05 0.0197893 0.49695 9.99551E-05
0.046175 9.9964E-05 9.9964E-05 9.9964E-05 0.000129567 9.9964E-05 0.0115388 0.929075 0.0126819
0.16144 9.99549E-05 9.99549E-05 9.99549E-05 0.0333444 9.99549E-05 9.99549E-05 0.0463177 0.758399
9.9955E-05 9.9955E-05 0.856601 0.00541945 0.0269803 9.9955E-05 9.9955E-05 9.9955E-05 0.110499
9.99549E-05 9.99549E-05 0.335758 0.183264 9.99549E-05 0.201595 9.99549E-05 9.99549E-05 0.278882
9.9946E-05 0.959738 9.9946E-05 0.0296044 0.0100581 9.9946E-05 9.9946E-05 9.9946E-05 9.9946E-05
0.0269629 0.643944 0.0221368 9.9973E-05 0.28819 9.9973E-05 0.00782284 0.0106432 9.9973E-05
9.9973E-05 0.640849 9.9973E-05 0.0223649 0.231926 0.0477158 0.0150674 0.0417767 9.9973E-05
9.9955E-05 0.0217079 9.9955E-05 9.9955E-05 0.00618023 9.9955E-05 0.963134 0.00847823 9.9955E-05
9.9946E-05 9.9946E-05 0.75486 0.0730243 9.9946E-05 9.9946E-05 9.9946E-05 9.9946E-05 0.171516
0.0294401 0.960506 9.9946E-05 9.9946E-05 9.9946E-05 0.00945434 9.9946E-05 9.9946E-05 9.9946E-05
9.9964E-05 9.9964E-05 0.0497444 0.0655015 0.742188 0.00377579 9.9964E-05 9.9964E-05 0.138391
0.043423 0.0370513 9.9946E-05 9.9946E-05 9.9946E-05 9.9946E-05 9.9946E-05 0.918926 9.9946E-05
9.99371E-05 0.0599222 9.99371E-05 9.99371E-05 9.99371E-05 9.99371E-05 9.99371E-05 0.939378 9.99371E-05
0.0210338 0.0126401 0.0510007 9.9973E-05 0.0986813 0.0162099 0.800134 9.9973E-05 9.9973E-05
0.0622337 0.00468799 0.0101108 9.9973E-05 0.0963382 0.0178006 0.808529 9.9973E-05 9.9973E-05
0.0142474 0.000462872 0.00904631 9.9982E-05 0.0798409 0.0186919 0.845957 0.031554 9.9982E-05
9.9955E-05 9.9955E-05 0.0226713 9.9955E-05 0.0231126 9.9955E-05 0.945599 9.9955E-05 0.00811782
0.0115622 0.0138393 9.9955E-05 9.9955E-05 0.0121817 9.9955E-05 0.961917 9.9955E-05 9.9955E-05
9.9946E-05 0.00402259 0.0281822 9.9946E-05 9.9946E-05 9.9946E-05 0.967195 9.9946E-05 9.9946E-05
0.009013 9.9955E-05 9.9955E-05 0.0118945 9.9955E-05 9.9955E-05 0.972405 9.9955E-05 0.0061881
0.0195622 9.9964E-05 9.9964E-05 9.9964E-05 9.9964E-05 0.00245727 0.973482 0.00349417 0.000604593
9.9964E-05 0.0160234 0.0135736 0.0076893 9.9964E-05 0.00288601 0.959428 9.9964E-05 9.9964E-05
9.993E-05 9.993E-05 9.993E-05 9.993E-05 9.993E-05 9.993E-05 0.999201 9.993E-05 9.993E-05
9.9973E-05 0.0149119 0.00250838 0.00860772 9.9973E-05 9.9973E-05 0.925493 0.0124016 0.0357772
0.00237354 0.0172574 0.00160645 9.9991E-05 0.00649458 0.00309464 0.931463 0.0126682 0.0249424
0.0128933 9.9964E-05 9.9964E-05 9.9964E-05 0.0114532 9.9964E-05 0.947216 0.0115571 0.0164809
0.411043 9.99551E-05 9.99551E-05 9.99551E-05 9.99551E-05 9.99551E-05 0.527314 0.037826 0.0233166
0.431869 9.99461E-05 9.99461E-05 9.99461E-05 9.99461E-05 9.99461E-05 0.564806 0.002726 9.99461E-05
9.9937E-05 9.9937E-05 9.9937E-05 9.9937E-05 9.9937E-05 9.9937E-05 0.993213 9.9937E-05 0.00608776
9.9946E-05 9.9946E-05 9.9946E-05 9.9946E-05 0.046972 9.9946E-05 0.947992 9.9946E-05 0.00443649
9.9955E-05 0.00823594 9.9955E-05 0.0241115 0.0262438 9.9955E-05 0.940909 9.9955E-05 9.9955E-05
0.0199547 9.9964E-05 0.0238661 9.9964E-05 9.9964E-05 0.000469328 0.948568 0.00674212 9.9964E-05
9.993E-05 9.993E-05 9.993E-05 9.993E-05 9.993E-05 9.993E-05 0.999201 9.993E-05 9.993E-05
0.427714 9.99551E-05 9.99551E-05 9.99551E-05 9.99551E-05 9.99551E-05 0.545681 0.00988978 0.0162149
0.0273876 0.0032816 0.0184165 0.0324722 9.9982E-05 0.0236779 0.848141 0.0464229 9.9982E-05
9.9955E-05 0.0390102 9.9955E-05 0.000367909 9.9955E-05 9.9955E-05 0.945148 0.0149743 9.9955E-05
9.9964E-05 9.9964E-05 0.00138972 9.9964E-05 0.0404135 0.00599855 0.951407 0.000391457 9.9964E-05
9.9964E-05 0.00609683 9.9964E-05 0.0291095 0.00685423 9.9964E-05 0.930627 9.9964E-05 0.0269128
0.0144168 0.0102044 0.0189216 9.9982E-05 0.0708402 0.0171227 0.841891 0.0264036 9.9982E-05
9.9946E-05 9.9946E-05 9.9946E-05 9.9946E-05 0.0221063 0.0173349 0.959959 9.9946E-05 9.9946E-05
0.612144 0.187702 0.109326 0.0336881 0.0238377 0.0330024 9.9973E-05 9.9973E-05 9.9973E-05
0.023595 9.99551E-05 9.99551E-05 0.0152789 9.99551E-05 9.99551E-05 0.944696 9.99551E-05 0.0159306
9.9937E-05 9.9937E-05 9.9937E-05 9.9937E-05 0.00891551 9.9937E-05 0.990385 9.9937E-05 9.9937E-05
0.0482411 0.00918319 0.0233553 0.0900176 0.0461092 0.0138768 0.734986 0.0152334 0.0189979
9.9946E-05 9.9946E-05 0.000191541 9.9946E-05 9.9946E-05 9.9946E-05 0.99049 0.00871886 9.9946E-05
0.00872568 0.0268276 9.9964E-05 9.9964E-05 0.00674621 9.9964E-05 0.957134 0.000167037 9.9964E-05
9.9955E-05 9.9955E-05 9.9955E-05 9.9955E-05 0.00109045 0.0183718 0.978656 9.9955E-05 0.00138148
0.0324206 9.9946E-05 9.9946E-05 9.9946E-05 9.9946E-05 0.00217085 0.964809 9.9946E-05 9.9946E-05
0.894688 0.017617 0.0184519 0.0219854 9.9982E-05 0.0158753 0.0266925 0.00448994 9.9982E-05
9.993E-05 9.993E-05 9.993E-05 9.993E-05 9.993E-05 9.993E-05 0.999201 9.993E-05 9.993E-05
9.9946E-05 9.9946E-05 9.9946E-05 9.9946E-05 0.0443971 0.0193112 0.935692 9.9946E-05 9.9946E-05
9.9937E-05 9.9937E-05 9.9937E-05 9.9937E-05 9.9937E-05 0.0100302 0.98927 9.9937E-05 9.9937E-05
0.60578 0.134948 9.9955E-05 0.0372209 9.9955E-05 9.9955E-05 9.9955E-05 0.221551 9.9955E-05
0.0168505 9.9964E-05 0.0258979 9.9964E-05 9.9964E-05 0.0386071 0.918054 0.000190294 9.9964E-05
9.9955E-05 9.9955E-05 9.9955E-05 9.9955E-05 0.0248498 0.0217592 0.940422 0.0124692 9.9955E-05
0.00852966 9.9955E-05 9.9955E-05 0.00703331 0.0292526 9.9955E-05 0.954685 9.9955E-05 9.9955E-05
0.00448552 0.00407578 9.9964E-05 9.9964E-05 0.000530139 9.9964E-05 0.989134 0.00137466 9.9964E-05
0.65103 9.9964E-05 9.9964E-05 9.9964E-05 0.0431015 9.9964E-05 0.0159288 0.260534 0.0290064
9.9955E-05 0.00138698 9.9955E-05 0.00608021 9.9955E-05 0.00613635 0.985897 9.9955E-05 9.9955E-05
9.9964E-05 9.9964E-05 0.00035633 0.0184559 0.0547123 0.00981963 0.916256 9.9964E-05 9.9964E-05
0.469712 9.99461E-05 9.99461E-05 9.99461E-05 9.99461E-05 9.99461E-05 0.513988 0.0156998 9.99461E-05
0.0092804 9.9946E-05 9.9946E-05 9.9946E-05 9.9946E-05 9.9946E-05 0.977341 0.0127786 9.9946E-05
0.198342 9.9955E-05 9.9955E-05 9.9955E-05 9.9955E-05 9.9955E-05 0.03931 0.730117 0.0317307
0.279082 9.99459E-05 9.99459E-05 9.99459E-05 9.99459E-05 9.99459E-05 9.99459E-05 0.666201 0.0541177
0.0227437 0.00230599 0.00465414 0.0466063 0.0258428 9.9991E-05 0.0228317 0.868093 0.00682266
0.877219 0.0157676 0.00842717 0.0192777 9.9973E-05 9.9973E-05 0.0438778 0.0351307 9.9973E-05
9.9973E-05 0.787691 0.0183556 9.9973E-05 0.0882741 0.0184149 0.0539033 9.9973E-05 0.0330615
0.0240356 0.00645853 0.0183189 0.051942 9.9973E-05 9.9973E-05 0.0388351 0.86011 9.9973E-05
0.196674 0.374116 0.0320579 9.9973E-05 9.9973E-05 0.031619 9.9973E-05 0.314919 0.0503143
0.165482 9.9964E-05 0.0344747 9.9964E-05 9.9964E-05 9.9964E-05 0.0154674 0.777688 0.00648785
0.261064 0.0120774 0.0160568 9.9973E-05 9.9973E-05 0.0158553 9.9973E-05 0.640212 0.054435
0.212762 0.00261577 9.9991E-05 0.00135201 0.0340804 0.0259488 0.014805 0.69371 0.014626
0.274424 9.9973E-05 0.00680758 0.0265526 9.9973E-05 0.0509829 9.9973E-05 0.59143 0.0495032
0.303735 0.0145562 0.0308985 0.00587807 9.9991E-05 0.0553503 0.0180498 0.568773 0.00265934
0.00599564 9.9973E-05 0.0208521 9.9973E-05 9.9973E-05 0.0146947 0.0247153 0.933224 0.000218501
9.9964E-05 0.0989561 0.00965671 9.9964E-05 9.9964E-05 0.0249601 0.0257837 0.840244 9.9964E-05
9.9973E-05 0.106524 0.00819758 0.0089317 9.9973E-05 0.0253326 0.0253466 0.825368 9.9973E-05
0.777093 0.0204034 9.9982E-05 0.0145902 9.9982E-05 0.0566518 0.050794 0.058468 0.0217994
9.9937E-05 9.9937E-05 9.9937E-05 0.961961 9.9937E-05 9.9937E-05 9.9937E-05 9.9937E-05 0.0373391
9.9955E-05 9.9955E-05 9.9955E-05 0.93345 0.0234392 9.9955E-05 0.00492042 9.9955E-05 0.0376906
9.9964E-05 9.9964E-05 0.601478 0.207176 0.056751 0.0355987 9.9964E-05 9.9964E-05 0.098597
0.356616 0.333287 9.9982E-05 0.0202399 0.0291344 9.9982E-05 0.100822 0.048829 0.110872
9.9964E-05 9.9964E-05 0.00400631 0.932458 0.0164417 9.9964E-05 0.0210659 9.9964E-05 0.0256282
9.9964E-05 9.9964E-05 9.9964E-05 0.896371 0.0330592 9.9964E-05 0.0123539 0.0118753 0.0459409
0.150886 0.280753 0.040593 0.0429316 9.9991E-05 0.00526703 0.0953922 0.371356 0.0127211
0.0179825 9.9964E-05 0.378432 0.219593 9.9964E-05 0.245209 9.9964E-05 9.9964E-05 0.138384
0.0178079 0.00740044 0.380143 0.135 9.9982E-05 0.322757 9.9982E-05 0.00025973 0.136431
9.9973E-05 0.0326689 0.440378 0.0748742 0.0165075 0.369146 9.9973E-05 9.9973E-05 0.0661246
0.058569 0.0563269 0.229463 9.9982E-05 0.0431206 0.572431 0.00653869 9.9982E-05 0.0333508
0.048569 0.0166178 0.265201 0.00233741 0.0523087 0.578498 0.0108409 9.9991E-05 0.0255268
0.00649017 9.9982E-05 0.440767 0.0761889 0.068004 0.386031 9.9982E-05 0.0217115 0.000607097
9.99549E-05 0.746868 9.99549E-05 9.99549E-05 0.195289 0.0462076 0.0111356 9.99549E-05 9.99549E-05
0.0170952 9.9955E-05 0.646188 0.307954 9.9955E-05 0.0282628 9.9955E-05 9.9955E-05 9.9955E-05
0.927423 0.0273372 0.00722988 9.9973E-05 0.0240395 9.9973E-05 0.0101515 0.00351942 9.9973E-05
0.944086 0.013067 0.0257707 9.9955E-05 9.9955E-05 9.9955E-05 0.0165765 9.9955E-05 9.9955E-05
0.0187245 9.9973E-05 0.825011 0.0637735 0.0302314 9.9973E-05 0.00238946 9.9973E-05 0.0595697
0.179171 0.111671 0.111049 0.042291 0.131854 0.0997684 0.151248 0.120315 0.0526334
0.00946797 0.79442 9.9982E-05 0.0393853 0.0747777 0.0351747 9.9982E-05 0.0119807 0.0345942
9.9964E-05 0.172115 0.0468647 0.0667466 9.9964E-05 0.00712956 9.9964E-05 0.706744 9.9964E-05
0.796392 0.046294 0.00539361 9.9982E-05 0.0171627 0.0330795 0.0248756 0.076603 9.9982E-05
9.9973E-05 0.190033 0.0363098 0.239029 9.9973E-05 0.0238379 0.00750093 0.502989 9.9973E-05
0.0492986 0.823947 9.9982E-05 0.0633521 0.0405923 0.0022291 0.0151448 9.9982E-05 0.00523571
0.0423989 9.9964E-05 9.9964E-05 0.724964 9.9964E-05 0.201773 0.0255205 0.00494372 9.9964E-05
9.9955E-05 0.843944 9.9955E-05 9.9955E-05 0.0858523 9.9955E-05 0.0291773 9.9955E-05 0.040527
0.0663837 9.9973E-05 9.9973E-05 9.9973E-05 0.32935 0.0368431 0.0681581 0.145156 0.353809
0.935037 0.036104 9.9955E-05 9.9955E-05 9.9955E-05 0.0135911 0.014768 9.9955E-05 9.9955E-05
9.9964E-05 0.0336999 0.617946 0.295276 9.9964E-05 9.9964E-05 0.022532 0.0301459 9.9964E-05
9.99813E-05 0.0716962 0.416248 0.00818213 9.99813E-05 0.0123911 0.00792285 0.483259 9.99813E-05
0.0307927 9.9964E-05 0.881347 9.9964E-05 9.9964E-05 0.0358532 0.0334966 0.0181102 9.9964E-05
0.0530878 0.335319 0.0502908 0.116234 0.0917226 0.0025389 0.0335401 0.317167 9.9991E-05
9.9937E-05 9.9937E-05 0.992881 9.9937E-05 9.9937E-05 0.00641898 9.9937E-05 9.9937E-05 9.9937E-05
9.9946E-05 0.889249 0.0284286 9.9946E-05 9.9946E-05 9.9946E-05 9.9946E-05 0.0817226 9.9946E-05
0.0708827 0.0206153 0.857824 9.9955E-05 9.9955E-05 9.9955E-05 9.9955E-05 0.0501782 9.9955E-05
0.0175405 0.0733614 0.832076 9.9964E-05 9.9964E-05 9.9964E-05 0.0467891 0.0298334 9.9964E-05
0.858568 0.0548019 0.0663443 9.9955E-05 9.9955E-05 9.9955E-05 9.9955E-05 0.0197862 9.9955E-05
0.407165 0.0567239 0.00998705 0.306044 0.0119824 9.9982E-05 9.9982E-05 0.133489 0.0744084
0.315405 0.275127 0.0504505 0.0411816 9.9982E-05 0.0167806 0.0216779 0.279177 9.9982E-05
0.0156033 0.00311292 0.0566077 9.9982E-05 0.0324973 0.825069 9.9982E-05 0.0420853 0.024824
9.9964E-05 0.00836897 0.0110498 9.9964E-05 9.9964E-05 0.885527 9.9964E-05 0.0277086 0.0669461
0.00912939 0.0159701 9.9991E-05 0.00785884 0.00161752 0.835251 0.00244527 0.0326475 0.0949801
0.00618443 0.0140871 0.023355 9.9991E-05 0.0422037 0.823914 0.00234722 0.029262 0.0585461
0.941011 9.9955E-05 9.9955E-05 9.9955E-05 0.00474042 0.0279477 9.9955E-05 9.9955E-05 0.0258014
0.878505 9.9973E-05 0.0211999 9.9973E-05 0.0396421 9.9973E-05 0.0210392 0.0110692 0.0282445
0.769997 9.9982E-05 9.9982E-05 0.00188555 0.077514 0.028448 0.0247782 0.0792128 0.0179642
9.9964E-05 9.9964E-05 0.321683 0.188823 0.0927829 0.389832 0.00647843 9.9964E-05 9.9964E-05
0.199565 0.0744395 0.0433436 0.0910134 0.113246 0.143951 0.106057 0.142548 0.0858366
0.346712 0.0247928 9.9982E-05 9.9982E-05 0.17614 0.00518677 0.139031 0.0310923 0.276845
0.72184 9.9973E-05 9.9973E-05 0.0237047 0.0584367 9.9973E-05 0.0290655 0.0860814 0.0805715
0.63113 9.9973E-05 9.9973E-05 0.00497075 0.0875732 9.9973E-05 0.0680622 0.0803091 0.127654
0.708013 9.9973E-05 9.9973E-05 9.9973E-05 0.0388954 0.02515 0.0394499 0.0224119 0.16578
0.484558 9.9973E-05 9.9973E-05 0.0342124 0.0774495 9.9973E-05 0.138693 0.0299935 0.234794
0.0210917 0.0101698 0.0159254 0.0709393 0.799009 0.0396139 9.9982E-05 0.0430506 9.9982E-05
9.9955E-05 0.0973926 9.9955E-05 9.9955E-05 0.00272734 9.9955E-05 9.9955E-05 0.863606 0.0357745
0.225825 0.147872 9.9973E-05 0.00707552 9.9973E-05 0.00935846 0.0545285 0.55504 9.9973E-05
9.9946E-05 9.9946E-05 0.937322 0.000501494 9.9946E-05 9.9946E-05 9.9946E-05 9.9946E-05 0.0615766
9.9946E-05 9.9946E-05 0.860466 9.9946E-05 0.0407254 9.9946E-05 9.9946E-05 9.9946E-05 0.0982091
9.9955E-05 9.9955E-05 0.835088 0.000135265 0.0465261 9.9955E-05 9.9955E-05 9.9955E-05 0.117751
9.9973E-05 0.0126586 0.336702 0.178347 0.110033 0.173187 9.9973E-05 9.9973E-05 0.188773
9.99458E-05 9.99458E-05 0.0122566 9.99458E-05 0.00335318 9.99458E-05 9.99458E-05 9.99458E-05 0.983791
9.99368E-05 9.99368E-05 0.0105861 9.99368E-05 9.99368E-05 9.99368E-05 9.99368E-05 9.99368E-05 0.988714
0.88325 9.9955E-05 9.9955E-05 9.9955E-05 0.0339975 0.00210833 9.9955E-05 9.9955E-05 0.0801442
0.816476 9.9964E-05 9.9964E-05 9.9964E-05 0.0510293 9.9964E-05 0.0170954 0.0264947 0.0885044
0.943389 0.00498828 0.00891859 0.00364269 9.9973E-05 9.9973E-05 0.00716433 0.0315975 9.9973E-05
9.9964E-05 0.809109 0.0369386 9.9964E-05 0.0604387 9.9964E-05 0.00886591 0.0842483 9.9964E-05
9.9946E-05 0.01221 0.933602 9.9946E-05 9.9946E-05 0.0535884 9.9946E-05 9.9946E-05 9.9946E-05
0.0066101 0.00146807 0.933836 0.0372827 9.9973E-05 9.9973E-05 0.00866919 0.0118339 9.9973E-05
9.9964E-05 9.9964E-05 0.889818 0.0832371 9.9964E-05 0.0152168 0.00647935 0.00484922 9.9964E-05
9.9973E-05 0.00459622 0.785091 0.155957 9.9973E-05 0.0084373 9.9973E-05 0.0279705 0.0176486
9.9973E-05 0.021848 0.821062 0.10011 9.9973E-05 0.0123496 0.0129144 0.0314158 9.9973E-05
9.99551E-05 0.214693 0.0744917 0.0133817 9.99551E-05 9.99551E-05 9.99551E-05 0.696934 9.99551E-05
0.0547844 0.0368002 0.149044 0.363138 9.9982E-05 0.0631203 0.0828501 9.9982E-05 0.250063
9.99459E-05 0.977307 9.99459E-05 9.99459E-05 0.00266467 9.99459E-05 9.99459E-05 9.99459E-05 0.0194282
9.99461E-05 0.203969 0.0844513 9.99461E-05 9.99461E-05 9.99461E-05 9.99461E-05 0.71098 9.99461E-05
0.769626 0.154516 0.012306 0.0630521 9.99618E-05 9.99618E-05 9.99618E-05 9.99618E-05 9.99618E-05
9.9937E-05 0.209587 9.9937E-05 9.9937E-05 9.9937E-05 9.9937E-05 9.9937E-05 0.789714 9.9937E-05
9.9937E-05 0.26341 9.9937E-05 9.9937E-05 9.9937E-05 9.9937E-05 9.9937E-05 0.735891 9.9937E-05
9.9937E-05 0.285219 9.9937E-05 9.9937E-05 9.9937E-05 9.9937E-05 9.9937E-05 0.714082 9.9937E-05
0.0236345 9.9964E-05 0.901331 9.9964E-05 9.9964E-05 0.0344792 0.0149818 0.0251739 9.9964E-05
9.9937E-05 0.0256699 0.973631 9.9937E-05 9.9937E-05 9.9937E-05 9.9937E-05 9.9937E-05 9.9937E-05
0.0306241 9.9982E-05 0.233636 0.366583 0.266169 0.0150912 9.9982E-05 0.0427969 0.0449004
9.9955E-05 9.9955E-05 0.91065 0.0240101 0.0245139 9.9955E-05 0.0403263 9.9955E-05 9.9955E-05
9.993E-05 9.993E-05 0.999201 9.993E-05 9.993E-05 9.993E-05 9.993E-05 9.993E-05 9.993E-05
9.99551E-05 0.0526881 0.286158 0.176294 9.99551E-05 9.99551E-05 9.99551E-05 0.48436 9.99551E-05
0.0174619 9.9964E-05 0.770082 0.0692071 9.9964E-05 0.0286663 9.9964E-05 9.9964E-05 0.114183
0.0307098 9.9955E-05 0.728647 0.0680331 9.9955E-05 9.9955E-05 9.9955E-05 9.9955E-05 0.17211
0.0536894 9.9973E-05 0.0803422 0.172463 0.315041 9.9973E-05 0.0147203 9.9973E-05 0.363445
9.9964E-05 0.91899 9.9964E-05 0.0148361 9.9964E-05 9.9964E-05 0.00219748 0.0419611 0.0216154
9.9964E-05 0.108318 0.633546 0.237794 9.9964E-05 0.00598667 9.9964E-05 0.0139548 9.9964E-05
0.297882 0.0208346 9.9973E-05 0.182336 9.9973E-05 0.0649066 0.395421 0.0383203 9.9973E-05
9.9955E-05 0.0675605 0.563467 0.29281 9.9955E-05 9.9955E-05 9.9955E-05 0.0756624 9.9955E-05
9.9946E-05 9.9946E-05 0.965136 9.9946E-05 9.9946E-05 9.9946E-05 0.0193484 0.0149162 9.9946E-05
9.9955E-05 0.195632 0.0278635 9.9955E-05 9.9955E-05 0.024649 9.9955E-05 0.751355 9.9955E-05
9.9964E-05 0.125906 0.27927 0.0195333 0.0331883 9.9964E-05 9.9964E-05 0.541702 9.9964E-05
0.0036599 0.886319 9.9946E-05 9.9946E-05 0.109422 9.9946E-05 9.9946E-05 9.9946E-05 9.9946E-05
0.00114627 9.9955E-05 9.9955E-05 0.00718397 0.945206 9.9955E-05 9.9955E-05 9.9955E-05 0.0459644
0.0548834 9.99461E-05 9.99461E-05 9.99461E-05 9.99461E-05 9.99461E-05 9.99461E-05 0.94418 0.000336903
9.9946E-05 0.102158 9.9946E-05 9.9946E-05 0.764535 9.9946E-05 9.9946E-05 0.132707 9.9946E-05
0.0223658 0.864215 0.0172043 0.00628708 0.0392275 9.9973E-05 9.9973E-05 0.0504003 9.9973E-05
0.000669767 0.871834 0.0488432 9.9955E-05 9.9955E-05 9.9955E-05 9.9955E-05 0.078153 9.9955E-05
9.99459E-05 0.0552982 9.99459E-05 9.99459E-05 0.936435 9.99459E-05 9.99459E-05 0.00766717 9.99459E-05
9.9973E-05 0.119748 0.023849 0.0477839 0.496266 0.047309 9.9973E-05 0.264744 9.9973E-05
9.9946E-05 0.91002 9.9946E-05 9.9946E-05 0.0807452 9.9946E-05 0.00863545 9.9946E-05 9.9946E-05
0.087741 9.9982E-05 0.0880865 0.171577 0.276093 0.0105131 0.0188548 9.9982E-05 0.346934
0.950388 0.00969243 9.9946E-05 9.9946E-05 9.9946E-05 9.9946E-05 9.9946E-05 0.0393202 9.9946E-05
0.761984 0.151893 0.0478334 0.0327399 9.9964E-05 0.00515033 9.9964E-05 9.9964E-05 9.9964E-05
9.9937E-05 9.9937E-05 0.00615667 9.9937E-05 9.9937E-05 9.9937E-05 0.993144 9.9937E-05 9.9937E-05
0.682385 0.136213 0.0496431 0.0339816 0.0726707 0.0229045 9.9982E-05 0.00200245 9.9982E-05
0.833706 0.0557507 9.9955E-05 9.9955E-05 9.9955E-05 9.9955E-05 0.0210299 0.0890133 9.9955E-05
0.347024 0.611269 0.012608 9.9955E-05 9.9955E-05 9.9955E-05 9.9955E-05 0.0285997 9.9955E-05
0.857649 0.0766688 9.9964E-05 9.9964E-05 9.9964E-05 0.00179646 0.00119487 0.0622913 9.9964E-05
0.239048 9.9973E-05 0.00489088 9.9973E-05 0.135948 0.0438242 0.0257499 0.550238 9.9973E-05
0.945905 0.00989878 9.9964E-05 0.0120765 9.9964E-05 0.0103449 9.9964E-05 9.9964E-05 0.0213747
0.111237 9.99639E-05 9.99639E-05 9.99639E-05 0.476385 9.99639E-05 0.0806465 0.0352707 0.296061
0.0621913 0.085753 9.9973E-05 9.9973E-05 0.54254 0.0161966 9.9973E-05 0.197992 0.0950279
0.160717 0.122596 9.99731E-05 9.99731E-05 0.222113 9.99731E-05 0.0200889 0.301555 0.172629
0.88852 9.9964E-05 0.0251981 9.9964E-05 0.00918812 9.9964E-05 0.0257652 0.0509292 9.9964E-05
9.9946E-05 9.9946E-05 0.852509 0.126187 9.9946E-05 9.9946E-05 0.0207041 9.9946E-05 9.9946E-05
0.0380525 9.9955E-05 0.0123665 9.9955E-05 0.03643 9.9955E-05 9.9955E-05 0.912651 9.9955E-05
0.124236 9.9964E-05 9.9964E-05 9.9964E-05 0.45482 9.9964E-05 0.042421 0.0210897 0.357034
0.0227041 9.99459E-05 9.99459E-05 9.99459E-05 0.0724885 9.99459E-05 9.99459E-05 0.904208 9.99459E-05
9.9946E-05 9.9946E-05 0.747856 0.0774538 9.9946E-05 9.9946E-05 9.9946E-05 9.9946E-05 0.174091
0.00881449 0.969286 9.9955E-05 9.9955E-05 9.9955E-05 9.9955E-05 0.00375996 9.9955E-05 0.0176398
9.9964E-05 9.9964E-05 0.00557709 0.0033653 0.0112539 0.0044542 0.97495 9.9964E-05 9.9964E-05
0.0387545 0.0665464 9.9982E-05 0.125416 0.0215398 0.0276292 0.697641 9.9982E-05 0.022274
0.969771 0.00712733 9.99551E-05 9.99551E-05 9.99551E-05 9.99551E-05 0.0173708 9.99551E-05 0.0052309
0.261588 0.169584 9.9955E-05 9.9955E-05 9.9955E-05 9.9955E-05 0.0334884 0.53484 9.9955E-05
9.9937E-05 0.983485 9.9937E-05 9.9937E-05 9.9937E-05 9.9937E-05 0.0158151 9.9937E-05 9.9937E-05
9.993E-05 0.999201 9.993E-05 9.993E-05 9.993E-05 9.993E-05 9.993E-05 9.993E-05 9.993E-05
9.99804E-05 0.208508 0.0555964 0.10381 9.99804E-05 0.0445874 9.99804E-05 0.568246 0.0189523
0.281369 0.099836 9.9973E-05 9.9973E-05 9.9973E-05 0.000123666 0.0199697 0.581281 0.017121
9.9946E-05 9.9946E-05 0.839525 9.9946E-05 0.0230895 9.9946E-05 9.9946E-05 9.9946E-05 0.136786
9.993E-05 9.993E-05 9.993E-05 9.993E-05 9.993E-05 9.993E-05 9.993E-05 9.993E-05 0.999201
9.99549E-05 9.99549E-05 0.450073 0.0912297 9.99549E-05 0.205867 9.99549E-05 9.99549E-05 0.252331
0.0232886 9.9973E-05 9.9973E-05 0.188115 9.9973E-05 0.264879 0.0356501 0.00308923 0.484678
0.0101058 0.0176395 9.9973E-05 0.16217 9.9973E-05 0.246132 0.0352969 9.9973E-05 0.528356
9.9964E-05 0.0216241 0.177501 0.268316 9.9964E-05 0.158534 9.9964E-05 9.9964E-05 0.373625
9.99368E-05 9.99368E-05 0.00474412 9.99368E-05 9.99368E-05 9.99368E-05 9.99368E-05 9.99368E-05 0.994556
0.0206624 0.0236131 0.0509824 0.161317 9.9982E-05 0.301868 0.0178651 9.9982E-05 0.423492
0.00108199 9.9964E-05 0.0938568 0.37238 9.9964E-05 0.149543 9.9964E-05 9.9964E-05 0.382738
0.0333442 0.0547732 9.99729E-05 9.99729E-05 0.288697 9.99729E-05 0.0392798 0.00198721 0.581619
9.9955E-05 9.9955E-05 0.239792 0.211997 9.9955E-05 0.179148 9.9955E-05 9.9955E-05 0.368564
0.0770267 0.0297801 9.9982E-05 9.9982E-05 0.266391 0.009041 0.0400187 0.00293745 0.574605
9.9964E-05 0.107417 9.9964E-05 9.9964E-05 0.774609 9.9964E-05 0.00110291 0.109313 0.00715817
0.00314975 9.9982E-05 0.0231612 0.228236 0.577858 0.0545412 0.0340287 0.0788254 9.9982E-05
9.9982E-05 9.9982E-05 0.207287 0.200305 0.0572291 0.0744573 0.0327273 0.0573534 0.37044
0.0112511 0.0207971 0.146561 0.169328 0.099547 0.107059 0.0220179 0.0526189 0.370821
9.993E-05 9.993E-05 9.993E-05 9.993E-05 9.993E-05 9.993E-05 9.993E-05 9.993E-05 0.999201
9.9955E-05 9.9955E-05 0.205602 0.216099 9.9955E-05 0.158614 9.9955E-05 9.9955E-05 0.419185
0.12653 9.9955E-05 9.9955E-05 0.0255315 0.0161162 9.9955E-05 9.9955E-05 0.831323 9.9955E-05
0.00288313 9.9973E-05 0.865218 0.00922213 0.00261866 9.9973E-05 9.9973E-05 0.00983693 0.109921
0.0156277 0.0138544 9.9973E-05 0.15195 9.9973E-05 0.269154 0.018453 9.9973E-05 0.530662
9.9955E-05 9.9955E-05 0.200995 0.303729 9.9955E-05 0.0650363 9.9955E-05 9.9955E-05 0.42974
9.9964E-05 9.9964E-05 0.0829761 0.177309 9.9964E-05 0.296238 0.0267729 9.9964E-05 0.416303
9.9964E-05 9.9964E-05 0.0867335 0.268906 9.9964E-05 0.226415 0.00989412 9.9964E-05 0.407652
0.721245 0.187228 0.0243624 0.0434549 0.0216444 0.00176518 9.9973E-05 9.9973E-05 9.9973E-05
0.364546 0.0122941 0.0228589 9.9982E-05 0.0710239 0.0578685 0.0413696 0.429839 9.9982E-05
9.9955E-05 9.9955E-05 0.736038 0.088511 9.9955E-05 0.0223751 9.9955E-05 9.9955E-05 0.152576
0.0321484 9.99459E-05 9.99459E-05 9.99459E-05 0.0586869 9.99459E-05 9.99459E-05 0.908565 9.99459E-05
0.714956 0.173739 0.0554296 0.0186895 0.0341432 9.9973E-05 9.9973E-05 0.00274283 9.9973E-05
9.9955E-05 0.0130161 9.9955E-05 9.9955E-05 0.8907 9.9955E-05 0.00640361 9.9955E-05 0.089381
9.9937E-05 9.9937E-05 0.996945 9.9937E-05 9.9937E-05 9.9937E-05 0.00235554 9.9937E-05 9.9937E-05
9.99371E-05 9.99371E-05 0.979227 9.99371E-05 9.99371E-05 9.99371E-05 0.0200731 9.99371E-05 9.99371E-05
9.9964E-05 9.9964E-05 0.89146 0.0110988 9.9964E-05 0.0428406 0.0199354 0.0342655 9.9964E-05
9.9946E-05 9.9946E-05 0.983444 9.9946E-05 9.9946E-05 0.00765114 0.00830513 9.9946E-05 9.9946E-05
0.00833006 0.828733 0.0447409 9.9964E-05 0.0743105 9.9964E-05 9.9964E-05 0.0434855 9.9964E-05
0.0550601 0.0177589 0.832188 0.0560715 9.9964E-05 9.9964E-05 0.0385217 9.9964E-05 9.9964E-05
0.733303 0.171492 0.0379756 0.0263592 9.9964E-05 0.0304707 9.9964E-05 9.9964E-05 9.9964E-05
0.927971 9.9946E-05 9.9946E-05 9.9946E-05 0.0293599 9.9946E-05 9.9946E-05 9.9946E-05 0.0420691
0.901326 0.0328306 9.9964E-05 9.9964E-05 9.9964E-05 0.0340158 0.0241035 0.0073246 9.9964E-05
0.929449 0.0370656 9.9955E-05 9.9955E-05 9.9955E-05 9.9955E-05 0.032852 9.9955E-05 0.000133384
0.869661 0.026405 9.9964E-05 0.0194032 9.9964E-05 9.9964E-05 0.0253697 0.0587615 9.9964E-05
0.045869 0.0188003 9.9973E-05 0.0356363 9.9973E-05 0.416924 0.0559767 9.9973E-05 0.426494
0.0683783 0.0095406 9.9973E-05 0.0455309 9.9973E-05 0.399749 0.0614299 9.9973E-05 0.415071
0.000601227 0.0375505 9.9973E-05 9.9973E-05 0.00145058 0.909154 9.9973E-05 0.0318875 0.0190567
0.0279792 9.9955E-05 0.0978049 0.0194184 9.9955E-05 0.854298 9.9955E-05 9.9955E-05 9.9955E-05
0.00813004 9.9973E-05 0.0117869 0.0188697 9.9973E-05 0.957924 0.00190764 0.00108129 9.9973E-05
0.0115609 0.0518875 0.00810164 9.9991E-05 0.550947 0.312399 0.00476119 0.0450911 0.0151521
9.9946E-05 9.9946E-05 9.9946E-05 9.9946E-05 9.9946E-05 0.933213 9.9946E-05 0.048322 0.0178658
0.211367 0.140973 0.198397 0.0557705 0.0197552 0.0725051 0.0182442 0.219642 0.0633456
9.993E-05 9.993E-05 9.993E-05 9.993E-05 9.993E-05 0.999201 9.993E-05 9.993E-05 9.993E-05
9.993E-05 9.993E-05 9.993E-05 9.993E-05 9.993E-05 0.999201 9.993E-05 9.993E-05 9.993E-05
9.9964E-05 9.9964E-05 0.0241701 0.00101943 9.9964E-05 0.939308 0.0345139 9.9964E-05 0.000588201
0.0236794 9.9964E-05 0.024866 0.696781 9.9964E-05 0.235421 9.9964E-05 0.0188525 9.9964E-05
9.993E-05 9.993E-05 9.993E-05 9.993E-05 9.993E-05 0.999201 9.993E-05 9.993E-05 9.993E-05
0.0159624 9.9973E-05 0.0234853 0.0890652 0.00337525 0.832609 0.0352026 9.9973E-05 9.9973E-05
0.101817 9.9973E-05 9.9973E-05 0.00440678 0.0386348 0.00976887 9.9973E-05 0.820615 0.0244573
0.23224 9.9973E-05 0.00546788 9.9973E-05 0.0779056 0.0846773 0.0427449 0.556665 9.9973E-05
0.706511 9.9982E-05 9.9982E-05 0.000984508 0.12157 0.00200018 0.00779767 0.128961 0.0319753
0.867358 0.00941284 0.0156187 9.9973E-05 0.0142308 9.9973E-05 0.0248451 0.0682345 9.9973E-05
0.0274658 0.070325 9.9973E-05 9.9973E-05 0.691705 0.0178342 9.9973E-05 0.118053 0.074317
0.760993 9.9973E-05 0.0125749 9.9973E-05 0.0620892 0.0516568 0.046223 0.0661634 9.9973E-05
0.00443721 9.9973E-05 0.0101942 9.9973E-05 0.0145187 9.9973E-05 0.0108064 0.951722 0.00802188
0.0362735 9.9946E-05 9.9946E-05 9.9946E-05 9.9946E-05 9.9946E-05 9.9946E-05 0.962019 0.00110753
9.9955E-05 0.0635342 9.9955E-05 9.9955E-05 0.880729 9.9955E-05 9.9955E-05 0.0516919 0.00354526
0.72628 9.9973E-05 9.9973E-05 9.9973E-05 0.0782394 0.028595 0.0502321 0.0427935 0.0735601
0.495524 9.9982E-05 0.0271267 9.9982E-05 0.134497 0.0315343 0.104765 0.157244 0.0491089
0.0394007 0.0885097 9.99642E-05 9.99642E-05 0.593371 9.99642E-05 0.0286355 9.99642E-05 0.249683
9.9964E-05 0.0646451 9.9964E-05 9.9964E-05 0.831176 0.00994711 9.9964E-05 0.0565725 0.0372596
0.0337175 0.0820685 9.99639E-05 9.99639E-05 0.616824 9.99639E-05 9.99639E-05 0.131054 0.135936
0.22856 0.0230918 0.0728017 0.0386034 0.066554 0.0322469 9.9982E-05 0.537942 9.9982E-05
0.00741058 0.10431 9.9973E-05 9.9973E-05 0.802065 0.00479887 9.9973E-05 0.0640891 0.0170274
0.0173132 9.9964E-05 0.00313457 9.9964E-05 0.0319636 0.0321902 9.9964E-05 0.914999 9.9964E-05
9.9955E-05 0.0193636 0.02217 0.00312573 0.954841 9.9955E-05 9.9955E-05 9.9955E-05 9.9955E-05
9.9955E-05 9.9955E-05 0.0164344 0.0121289 0.970215 9.9955E-05 0.000722013 9.9955E-05 9.9955E-05
9.9982E-05 0.0493093 0.167562 0.146221 0.210922 0.0634482 0.0317305 9.9982E-05 0.330607
9.9955E-05 0.142056 9.9955E-05 9.9955E-05 0.843584 9.9955E-05 9.9955E-05 0.0056407 0.00821933
9.9937E-05 0.098301 9.9937E-05 9.9937E-05 0.900999 9.9937E-05 9.9937E-05 9.9937E-05 9.9937E-05
9.9955E-05 0.149358 9.9955E-05 9.9955E-05 0.844454 9.9955E-05 9.9955E-05 0.00104156 0.00464729
0.145195 9.9982E-05 9.9982E-05 0.00134678 0.394814 0.0160393 0.105664 0.0909696 0.245772
0.136388 9.9955E-05 9.9955E-05 9.9955E-05 0.0729384 9.9955E-05 9.9955E-05 0.76356 0.0266143
0.00751912 9.9973E-05 0.0024487 0.0181394 0.0898489 0.020286 9.9973E-05 0.861458 9.9973E-05
9.9964E-05 9.9964E-05 9.9964E-05 9.9964E-05 0.0940183 0.0158411 0.00728814 0.852273 0.0301793
0.0697457 9.9964E-05 9.9964E-05 9.9964E-05 0.0518912 0.00865739 0.0144546 0.854851 9.9964E-05
9.9955E-05 9.9955E-05 0.857237 9.9955E-05 0.00853153 9.9955E-05 9.9955E-05 0.005242 0.12849
0.0167838 0.00825796 0.220457 0.384721 0.23578 0.0134876 9.9991E-05 0.0458985 0.0745139
0.741216 0.0452026 9.9982E-05 0.0322559 9.9982E-05 0.0020137 0.0312216 0.122145 0.0257459
0.288071 0.170754 9.9973E-05 0.0177221 0.00640549 9.9973E-05 0.0363733 0.480374 9.9973E-05
9.9991E-05 0.0148014 0.0382107 0.165005 0.631992 0.0572703 0.0313354 0.0584446 0.0028412
9.9982E-05 9.9982E-05 0.051569 0.166098 0.609969 0.0465388 0.0402328 0.0714748 0.0139183
0.899437 9.99459E-05 0.0475638 9.99459E-05 9.99459E-05 9.99459E-05 9.99459E-05 9.99459E-05 0.0523991
0.730837 0.209176 0.0184631 0.0390487 9.9964E-05 0.00207584 9.9964E-05 9.9964E-05 9.9964E-05
9.9973E-05 0.0909324 0.0584875 0.537083 0.016081 0.0492294 9.9973E-05 0.247887 9.9973E-05
9.9982E-05 0.395831 0.0710075 0.034047 0.100495 0.0323659 9.9982E-05 0.315204 0.0508495
0.787085 0.0285534 9.99551E-05 9.99551E-05 0.0607025 9.99551E-05 9.99551E-05 0.12316 9.99551E-05
0.212034 0.000655715 9.9973E-05 9.9973E-05 0.347722 9.9973E-05 0.106887 0.0187948 0.313607
9.9982E-05 0.00450084 0.0287485 0.177499 0.593047 0.070655 0.0357538 0.0895966 9.9982E-05
0.0854364 9.99639E-05 9.99639E-05 9.99639E-05 0.285839 9.99639E-05 0.105251 0.0949882 0.428086
0.243085 9.9973E-05 9.9973E-05 9.9973E-05 0.227872 0.00877684 0.118941 0.0873693 0.313656
0.879275 9.9964E-05 9.9964E-05 9.9964E-05 0.020651 9.9964E-05 0.0555537 0.0258313 0.0182888
0.906518 9.9973E-05 0.0209029 0.0312746 9.9973E-05 9.9973E-05 0.00809878 0.0152357 0.0176705
0.943306 9.9955E-05 9.9955E-05 0.0104493 0.0398432 9.9955E-05 0.00590141 9.9955E-05 9.9955E-05
0.843427 0.0531826 9.9973E-05 9.9973E-05 9.9973E-05 0.0109873 0.0223944 0.0363736 0.0333353
0.932701 9.9946E-05 9.9946E-05 9.9946E-05 9.9946E-05 9.9946E-05 0.0405629 0.0261367 9.9946E-05
0.894323 0.0671515 9.9946E-05 9.9946E-05 9.9946E-05 9.9946E-05 9.9946E-05 0.0379256 9.9946E-05
0.493118 9.9973E-05 9.9973E-05 0.0698452 0.0713697 9.9973E-05 0.139116 0.0301594 0.196092
0.230378 9.9973E-05 9.9973E-05 9.9973E-05 0.172237 0.049726 0.122169 0.05611 0.36908
0.952253 0.0325271 9.99461E-05 0.0146197 9.99461E-05 9.99461E-05 9.99461E-05 9.99461E-05 9.99461E-05
0.226024 0.0388528 9.9982E-05 9.9982E-05 0.228861 0.021428 0.0850682 0.0480718 0.351494
0.121404 9.9964E-05 9.9964E-05 9.9964E-05 0.381267 9.9964E-05 0.0505008 0.0753562 0.371073
9.993E-05 9.993E-05 9.993E-05 0.999201 9.993E-05 9.993E-05 9.993E-05 9.993E-05 9.993E-05
9.99459E-05 9.99459E-05 9.99459E-05 0.94833 0.0154117 9.99459E-05 9.99459E-05 9.99459E-05 0.0356585
9.993E-05 9.993E-05 9.993E-05 0.999201 9.993E-05 9.993E-05 9.993E-05 9.993E-05 9.993E-05
9.99369E-05 9.99369E-05 9.99369E-05 0.954926 9.99369E-05 9.99369E-05 9.99369E-05 9.99369E-05 0.0443743
9.993E-05 9.993E-05 9.993E-05 0.999201 9.993E-05 9.993E-05 9.993E-05 9.993E-05 9.993E-05
9.993E-05 9.993E-05 9.993E-05 0.999201 9.993E-05 9.993E-05 9.993E-05 9.993E-05 9.993E-05
9.99369E-05 9.99369E-05 9.99369E-05 0.994553 9.99369E-05 9.99369E-05 9.99369E-05 9.99369E-05 0.00474745
0.0028393 9.9964E-05 0.0282535 0.00751155 0.95081 0.0101857 9.9964E-05 9.9964E-05 9.9964E-05
9.9964E-05 0.269168 0.00520737 0.0094608 0.702828 9.9964E-05 0.0129362 9.9964E-05 9.9964E-05
9.9982E-05 0.00691128 0.148171 0.167579 0.393739 0.0429352 0.0335406 9.9982E-05 0.206924
9.99639E-05 9.99639E-05 0.141006 0.157625 0.396981 0.0725854 9.99639E-05 9.99639E-05 0.231403
0.845686 9.9982E-05 0.0116098 0.0203005 9.9982E-05 0.00957466 0.00570776 0.0647268 0.0421947
0.771134 0.0268235 0.00837337 0.0114307 0.0132515 0.01458 0.0536406 9.9991E-05 0.100666
0.972346 9.99461E-05 9.99461E-05 0.0195317 0.0075223 9.99461E-05 9.99461E-05 9.99461E-05 9.99461E-05
9.9973E-05 9.9973E-05 0.890293 0.0641603 9.9973E-05 0.00896237 0.00450146 0.00398334 0.0277994
9.9946E-05 0.00085535 0.681166 0.317379 9.9946E-05 9.9946E-05 9.9946E-05 9.9946E-05 9.9946E-05
0.000714873 9.9955E-05 0.928032 0.0423585 9.9955E-05 9.9955E-05 0.0283945 9.9955E-05 9.9955E-05
9.99371E-05 9.99371E-05 0.664517 0.334783 9.99371E-05 9.99371E-05 9.99371E-05 9.99371E-05 9.99371E-05
0.0355951 0.4186 0.381227 0.111189 9.9982E-05 0.00625234 9.9982E-05 0.0362194 0.0107169
0.0447878 0.195862 0.299006 0.283972 9.9964E-05 0.175972 9.9964E-05 9.9964E-05 9.9964E-05
0.00194854 0.0345352 0.101526 0.787602 0.0212343 0.0430791 0.00716288 0.00281191 9.9991E-05
9.9937E-05 9.9937E-05 0.658406 0.340894 9.9937E-05 9.9937E-05 9.9937E-05 9.9937E-05 9.9937E-05
9.9937E-05 9.9937E-05 0.671819 0.327482 9.9937E-05 9.9937E-05 9.9937E-05 9.9937E-05 9.9937E-05
0.00351986 9.9964E-05 0.978993 9.9964E-05 9.9964E-05 0.00766285 0.00419936 9.9964E-05 0.00522553
0.0128258 9.9955E-05 0.73284 0.22789 9.9955E-05 0.0259445 9.9955E-05 9.9955E-05 9.9955E-05
0.182945 0.0886777 0.0294823 0.0543469 0.0795126 0.156248 0.103311 0.264229 0.0412474
0.974876 9.9955E-05 9.9955E-05 0.00557232 0.0135916 9.9955E-05 0.00546076 9.9955E-05 9.9955E-05
9.9946E-05 9.9946E-05 0.0258424 0.00960165 0.963956 9.9946E-05 9.9946E-05 9.9946E-05 9.9946E-05
0.613602 0.0233606 0.0222599 0.0140338 0.0426716 9.9991E-05 0.0623217 0.203947 0.017704
0.0191403 0.0370197 9.9964E-05 9.9964E-05 0.760252 9.9964E-05 9.9964E-05 0.129108 0.0540806
0.0284402 0.0174465 0.833927 9.9973E-05 0.00414785 9.9973E-05 9.9973E-05 0.000757898 0.114981
9.9964E-05 0.0317422 0.0494451 0.847974 9.9964E-05 0.0591417 0.0112971 9.9964E-05 9.9964E-05
0.0153867 9.9991E-05 0.533807 0.215811 0.00648713 0.0230409 0.0164749 0.00956532 0.179327
0.216305 9.9964E-05 9.9964E-05 9.9964E-05 0.3423 9.9964E-05 0.0887231 0.0150509 0.33722
0.0583014 0.0461036 0.0171536 9.9991E-05 0.308015 0.0807153 0.108898 0.0511085 0.329605
0.51467 0.0534655 0.0120232 0.0116268 0.0312977 0.0273462 0.0277995 0.321671 9.9991E-05
9.99369E-05 0.767615 9.99369E-05 9.99369E-05 0.231685 9.99369E-05 9.99369E-05 9.99369E-05 9.99369E-05
0.0553665 9.9973E-05 0.135631 0.0557794 9.9973E-05 0.666968 0.0732799 0.0126751 9.9973E-05
0.030616 0.0221491 0.0757478 0.0498138 0.00650453 0.802306 9.9982E-05 9.9982E-05 0.012663
9.9955E-05 9.9955E-05 9.9955E-05 9.9955E-05 0.0142315 0.950814 0.00709214 0.0273621 9.9955E-05
9.99371E-05 9.99371E-05 0.0545787 9.99371E-05 9.99371E-05 0.944722 9.99371E-05 9.99371E-05 9.99371E-05
0.00102644 9.9946E-05 9.9946E-05 0.071273 9.9946E-05 0.927101 9.9946E-05 9.9946E-05 9.9946E-05
0.0571448 9.9964E-05 0.0217535 0.0980742 9.9964E-05 0.797305 0.0253228 9.9964E-05 9.9964E-05
0.00054864 9.99725E-05 9.99725E-05 0.0371851 0.86969 9.99725E-05 0.0314738 9.99725E-05 0.0607021
0.0305856 9.9973E-05 0.146449 0.425807 9.9973E-05 0.017416 0.0568996 9.9973E-05 0.322543
0.0209193 9.9964E-05 0.727448 0.103872 9.9964E-05 0.0041218 9.9964E-05 9.9964E-05 0.143239
9.993E-05 9.993E-05 0.999201 9.993E-05 9.993E-05 9.993E-05 9.993E-05 9.993E-05 9.993E-05
9.9946E-05 9.9946E-05 0.977171 9.9946E-05 9.9946E-05 0.00236256 0.0198667 9.9946E-05 9.9946E-05
0.0169029 9.9955E-05 0.742072 0.219203 9.9955E-05 0.0213219 9.9955E-05 9.9955E-05 9.9955E-05
9.9946E-05 9.9946E-05 0.0150287 9.9946E-05 9.9946E-05 0.981336 0.00303599 9.9946E-05 9.9946E-05
0.0108363 9.9955E-05 0.0101259 9.9955E-05 9.9955E-05 0.957818 0.0207197 9.9955E-05 9.9955E-05
0.0161599 9.9973E-05 0.0566221 0.642198 9.9973E-05 0.268866 9.9973E-05 0.0139783 0.00187593
0.00634745 9.9964E-05 9.9964E-05 0.69076 9.9964E-05 0.29829 0.00314032 0.00106301 9.9964E-05
9.9946E-05 9.9946E-05 0.0467508 0.0367133 9.9946E-05 0.915936 9.9946E-05 9.9946E-05 9.9946E-05
