0.0901125 9.99279E-05 9.99279E-05 9.99279E-05 9.99279E-05 9.99279E-05 9.99279E-05 9.99279E-05 0.109135 9.99279E-05 0.799953
9.99369E-05 0.228339 0.0414516 9.99369E-05 0.0248086 9.99369E-05 9.99369E-05 9.99369E-05 9.99369E-05 9.99369E-05 0.704701
9.9964E-05 0.281069 0.0806945 0.0387963 0.0687154 0.00238547 9.9964E-05 9.9964E-05 0.01103 9.9964E-05 0.51691
0.0801732 9.9928E-05 9.9928E-05 9.9928E-05 9.9928E-05 9.9928E-05 9.9928E-05 9.9928E-05 0.0769106 9.9928E-05 0.842117
0.0112478 0.896895 0.0303554 9.9964E-05 0.0143516 0.00173835 0.0149464 9.9964E-05 0.0300652 9.9964E-05 9.9964E-05
9.99369E-05 0.150087 0.119 9.99369E-05 0.0341116 9.99369E-05 9.99369E-05 9.99369E-05 9.99369E-05 9.99369E-05 0.696102
0.459227 9.99371E-05 9.99371E-05 9.99371E-05 0.00924538 9.99371E-05 0.518015 0.0128128 9.99371E-05 9.99371E-05 9.99371E-05
0.0151598 9.9937E-05 0.0123518 9.9937E-05 9.9937E-05 9.9937E-05 0.960524 9.9937E-05 9.9937E-05 9.9937E-05 0.0112652
9.9937E-05 0.00637795 0.00956939 9.9937E-05 9.9937E-05 9.9937E-05 0.956215 9.9937E-05 9.9937E-05 0.0271379 9.9937E-05
9.99281E-05 9.99281E-05 9.99281E-05 9.99281E-05 9.99281E-05 0.00243405 0.996642 9.99281E-05 0.000124809 9.99281E-05 9.99281E-05
0.0980053 0.00742748 0.0296674 0.576421 9.9964E-05 0.00138188 9.9964E-05 9.9964E-05 9.9964E-05 0.254426 0.0322709
9.99369E-05 9.99369E-05 9.99369E-05 0.708902 9.99369E-05 9.99369E-05 0.00282969 9.99369E-05 0.0386859 0.248883 9.99369E-05
9.9946E-05 9.9946E-05 9.9946E-05 0.612757 9.9946E-05 9.9946E-05 0.0064085 9.9946E-05 0.0154629 0.358174 0.00659715
0.0256102 9.9928E-05 9.9928E-05 0.656279 9.9928E-05 9.9928E-05 9.9928E-05 9.9928E-05 9.9928E-05 0.317312 9.9928E-05
0.0295181 9.9973E-05 9.9973E-05 9.9973E-05 0.0876134 0.034986 0.00490317 0.733977 0.0841751 0.00955934 0.0149682
9.99101E-05 9.99101E-05 9.99101E-05 9.99101E-05 9.99101E-05 9.99101E-05 0.999001 9.99101E-05 9.99101E-05 9.99101E-05 9.99101E-05
0.914003 9.9955E-05 9.9955E-05 0.0106992 0.0140916 9.9955E-05 0.0181797 9.9955E-05 0.0249986 0.0175283 9.9955E-05
0.00147661 9.99461E-05 9.99461E-05 0.0882315 0.00806589 9.99461E-05 9.99461E-05 0.886359 9.99461E-05 9.99461E-05 0.0152672
0.019914 9.9964E-05 9.9964E-05 0.233837 0.0606664 0.0536175 0.00201356 0.491445 0.138107 9.9964E-05 9.9964E-05
0.021095 9.9955E-05 9.9955E-05 0.539983 9.9955E-05 0.00158481 0.0238417 0.359701 9.9955E-05 0.0532949 9.9955E-05
9.9937E-05 9.9937E-05 9.9937E-05 0.0751558 9.9937E-05 9.9937E-05 0.0289475 0.787069 0.108128 9.9937E-05 9.9937E-05
9.9937E-05 9.9937E-05 9.9937E-05 0.948945 0.0289216 9.9937E-05 0.00745629 0.0139773 9.9937E-05 9.9937E-05 9.9937E-05
0.00970929 9.9946E-05 9.9946E-05 0.0714519 0.0499184 9.9946E-05 9.9946E-05 0.836062 9.9946E-05 9.9946E-05 0.0322587
0.0501785 9.9955E-05 0.0227872 0.848973 0.0435708 9.9955E-05 0.00984614 0.0241441 9.9955E-05 9.9955E-05 9.9955E-05
9.9928E-05 9.9928E-05 9.9928E-05 0.958186 9.9928E-05 9.9928E-05 9.9928E-05 0.015057 9.9928E-05 9.9928E-05 0.0259573
0.0370983 9.9946E-05 9.9946E-05 0.0264309 0.0707452 9.9946E-05 9.9946E-05 0.839481 9.9946E-05 9.9946E-05 0.0256445
9.9955E-05 9.9955E-05 9.9955E-05 0.0509214 9.9955E-05 9.9955E-05 0.0096444 0.890294 0.00273042 0.0320941 0.013816
9.9964E-05 9.9964E-05 0.0270774 0.271084 0.0595606 0.0293684 9.9964E-05 0.538362 9.9964E-05 0.0426507 0.0314969
9.9955E-05 9.9955E-05 9.9955E-05 0.0393686 0.0259143 0.0368745 0.0157862 0.879315 9.9955E-05 9.9955E-05 0.00224179
9.9964E-05 0.00609533 0.000320713 9.9964E-05 0.0174497 0.00380866 9.9964E-05 0.913931 9.9964E-05 0.0444591 0.0135359
0.0143803 9.9955E-05 0.00024122 0.936294 9.9955E-05 0.0312373 0.00137408 9.9955E-05 9.9955E-05 0.015973 9.9955E-05
0.0945775 9.9928E-05 9.9928E-05 0.422422 9.9928E-05 9.9928E-05 9.9928E-05 9.9928E-05 9.9928E-05 0.482201 9.9928E-05
9.99461E-05 9.99461E-05 9.99461E-05 0.0451522 0.0515884 9.99461E-05 9.99461E-05 0.837765 9.99461E-05 0.0295164 0.0353784
0.0227206 0.00233297 0.0131151 0.752099 9.9973E-05 9.9973E-05 0.0228946 0.112 9.9973E-05 0.0493904 0.0251467
9.9946E-05 0.000658753 9.9946E-05 9.9946E-05 9.9946E-05 9.9946E-05 0.00393628 0.931758 9.9946E-05 0.0334808 0.0295661
9.9946E-05 0.00317471 0.0101452 0.903265 9.9946E-05 9.9946E-05 9.9946E-05 0.00240962 9.9946E-05 0.0804058 9.9946E-05
0.00434607 0.00144943 9.9955E-05 0.0609431 9.9955E-05 9.9955E-05 9.9955E-05 0.903901 9.9955E-05 0.0138228 0.0150379
9.99371E-05 9.99371E-05 9.99371E-05 0.937612 9.99371E-05 0.0329112 0.00806436 9.99371E-05 9.99371E-05 0.0207129 9.99371E-05
9.9937E-05 0.0893839 0.108607 9.9937E-05 9.9937E-05 0.0950384 9.9937E-05 9.9937E-05 0.706271 9.9937E-05 9.9937E-05
9.9937E-05 0.635888 0.351708 9.9937E-05 0.000584335 9.9937E-05 9.9937E-05 9.9937E-05 9.9937E-05 9.9937E-05 0.0111199
9.9919E-05 0.0504199 9.9919E-05 9.9919E-05 9.9919E-05 9.9919E-05 9.9919E-05 9.9919E-05 9.9919E-05 0.948681 9.9919E-05
0.028185 9.9937E-05 9.9937E-05 0.0515425 0.026637 9.9937E-05 9.9937E-05 0.892936 9.9937E-05 9.9937E-05 9.9937E-05
0.00339903 9.99371E-05 9.99371E-05 0.965783 9.99371E-05 0.0251733 9.99371E-05 9.99371E-05 9.99371E-05 0.00494554 9.99371E-05
0.290611 9.9955E-05 0.576339 0.00841925 9.9955E-05 0.0486675 9.9955E-05 9.9955E-05 9.9955E-05 0.0282189 0.0472446
9.9973E-05 9.9973E-05 9.9973E-05 0.205254 0.0746729 0.0381806 0.0578627 0.461289 0.137143 0.0237506 0.0015481
0.0569978 9.9982E-05 9.9982E-05 0.283922 0.0889681 0.00227123 0.0242792 0.312481 0.0101896 0.204485 0.0162052
0.000461563 0.0109493 9.9973E-05 0.0372739 9.9973E-05 0.0100742 0.0289072 0.849227 0.0490125 9.9973E-05 0.0137946
9.99369E-05 0.245593 0.108317 9.99369E-05 0.0647871 9.99369E-05 9.99369E-05 9.99369E-05 9.99369E-05 9.99369E-05 0.580604
9.9964E-05 0.108673 0.246245 9.9964E-05 0.00584074 0.503964 9.9964E-05 9.9964E-05 0.0505077 0.0415914 0.0427782
0.33845 9.99189E-05 9.99189E-05 9.99189E-05 9.99189E-05 9.99189E-05 9.99189E-05 9.99189E-05 0.660651 9.99189E-05 9.99189E-05
0.180462 9.99549E-05 9.99549E-05 0.100544 0.00661429 9.99549E-05 9.99549E-05 9.99549E-05 0.623556 0.027589 0.0607355
0.175143 9.99369E-05 9.99369E-05 0.151352 9.99369E-05 9.99369E-05 9.99369E-05 9.99369E-05 0.567093 9.99369E-05 0.105713
0.277093 9.99369E-05 9.99369E-05 0.00158993 9.99369E-05 9.99369E-05 9.99369E-05 9.99369E-05 0.688883 9.99369E-05 0.0317344
0.0160916 0.039442 9.9955E-05 0.00405624 9.9955E-05 9.9955E-05 0.92681 0.002829 9.9955E-05 0.0102711 9.9955E-05
9.9946E-05 0.00698312 9.9946E-05 0.030121 9.9946E-05 9.9946E-05 0.957959 9.9946E-05 0.00286849 9.9946E-05 0.00146899
0.244173 9.9946E-05 9.9946E-05 0.0753562 0.0366699 9.9946E-05 0.0283596 9.9946E-05 9.9946E-05 0.614841 9.9946E-05
9.9937E-05 9.9937E-05 9.9937E-05 0.857608 0.00740691 9.9937E-05 0.00990534 9.9937E-05 9.9937E-05 0.12438 9.9937E-05
9.9964E-05 0.176203 9.9964E-05 0.0173225 9.9964E-05 0.107275 0.0103855 0.182077 0.504391 9.9964E-05 0.00194667
9.9946E-05 0.848077 0.00849422 9.9946E-05 9.9946E-05 0.0109903 9.9946E-05 9.9946E-05 0.0233161 9.9946E-05 0.108522
9.9964E-05 0.404837 0.216125 9.9964E-05 0.0276724 0.284426 9.9964E-05 0.0102794 0.0520607 9.9964E-05 0.00419946
0.953253 9.9919E-05 0.0458478 9.9919E-05 9.9919E-05 9.9919E-05 9.9919E-05 9.9919E-05 9.9919E-05 9.9919E-05 9.9919E-05
0.727933 0.0165807 9.9964E-05 0.00782659 0.0347835 9.9964E-05 0.00555483 9.9964E-05 0.199012 0.00790893 9.9964E-05
0.659643 9.9955E-05 0.015049 9.9955E-05 9.9955E-05 0.0339008 9.9955E-05 9.9955E-05 0.118295 0.104673 0.0679389
9.9937E-05 9.9937E-05 9.9937E-05 0.00152565 9.9937E-05 9.9937E-05 0.985437 0.000527324 0.0118105 9.9937E-05 9.9937E-05
9.9964E-05 0.818982 0.108256 0.0032645 9.9964E-05 0.000373668 0.00264422 9.9964E-05 0.0267649 9.9964E-05 0.039315
0.960185 9.9928E-05 9.9928E-05 0.00519897 0.033817 9.9928E-05 9.9928E-05 9.9928E-05 9.9928E-05 9.9928E-05 9.9928E-05
0.00513381 0.0365128 0.0713594 9.9964E-05 9.9964E-05 0.0232283 0.00113537 9.9964E-05 0.836389 9.9964E-05 0.0258414
0.0229783 9.9937E-05 9.9937E-05 0.760317 0.0331186 9.9937E-05 9.9937E-05 9.9937E-05 9.9937E-05 0.182886 9.9937E-05
9.99191E-05 9.99191E-05 9.99191E-05 0.612768 9.99191E-05 9.99191E-05 9.99191E-05 9.99191E-05 9.99191E-05 0.386333 9.99191E-05
0.0424372 0.034772 9.9973E-05 9.9973E-05 0.0103472 0.0306118 0.756067 0.0254077 0.0873591 9.9973E-05 0.0126981
0.0304897 0.00477147 9.9982E-05 0.00263708 0.00193712 0.0272704 0.793482 0.0279578 0.0977974 0.0134569 9.9982E-05
0.014507 9.9964E-05 9.9964E-05 9.9964E-05 9.9964E-05 0.0187445 0.875844 0.00778156 0.0038493 0.0169305 0.0619433
0.0272506 0.0316703 9.9928E-05 9.9928E-05 9.9928E-05 9.9928E-05 0.94028 9.9928E-05 9.9928E-05 9.9928E-05 9.9928E-05
0.00688505 9.9937E-05 9.9937E-05 0.0227743 9.9937E-05 9.9937E-05 0.957448 9.9937E-05 0.0121929 9.9937E-05 9.9937E-05
0.0136831 0.011422 9.9946E-05 9.9946E-05 0.00477463 9.9946E-05 0.966801 9.9946E-05 9.9946E-05 0.00271956 9.9946E-05
0.00789111 9.99281E-05 9.99281E-05 9.99281E-05 9.99281E-05 9.99281E-05 0.988771 0.00253876 9.99281E-05 9.99281E-05 9.99281E-05
9.9937E-05 0.0258982 9.9937E-05 0.0149647 0.000942797 9.9937E-05 0.957495 9.9937E-05 9.9937E-05 9.9937E-05 9.9937E-05
9.9955E-05 0.0132098 0.00170968 0.0071112 0.0010904 9.9955E-05 0.967129 9.9955E-05 0.00925063 9.9955E-05 9.9955E-05
9.99101E-05 9.99101E-05 9.99101E-05 9.99101E-05 9.99101E-05 9.99101E-05 0.999001 9.99101E-05 9.99101E-05 9.99101E-05 9.99101E-05
9.9955E-05 0.00747223 9.9955E-05 9.9955E-05 0.0040378 0.00258066 0.941622 9.9955E-05 0.0350398 0.00874773 9.9955E-05
9.9946E-05 9.9946E-05 9.9946E-05 0.0243437 0.0112762 0.0165211 0.928229 9.9946E-05 0.0190304 9.9946E-05 9.9946E-05
0.0112353 9.9955E-05 9.9955E-05 0.00431122 0.00369612 9.9955E-05 0.957662 0.00517091 0.0174248 9.9955E-05 9.9955E-05
9.99371E-05 9.99371E-05 9.99371E-05 0.0329755 9.99371E-05 9.99371E-05 0.534636 0.423501 9.99371E-05 9.99371E-05 0.00818863
9.99191E-05 9.99191E-05 9.99191E-05 9.99191E-05 9.99191E-05 9.99191E-05 0.556574 0.442527 9.99191E-05 9.99191E-05 9.99191E-05
9.9928E-05 9.9928E-05 9.9928E-05 9.9928E-05 9.9928E-05 9.9928E-05 0.982843 9.9928E-05 0.0094238 0.00693333 9.9928E-05
9.9937E-05 9.9937E-05 9.9937E-05 9.9937E-05 9.9937E-05 9.9937E-05 0.946798 9.9937E-05 0.0323999 0.00345178 0.0166508
0.0187168 9.9955E-05 0.0035944 9.9955E-05 0.00745709 9.9955E-05 0.928474 9.9955E-05 0.00882135 9.9955E-05 0.0324362
9.9973E-05 0.0197288 9.9973E-05 0.000955085 0.013914 0.0117083 0.906405 0.0112965 0.0298087 0.00588364 9.9973E-05
0.0121034 9.99284E-05 9.99284E-05 9.99284E-05 9.99284E-05 9.99284E-05 0.984253 9.99284E-05 9.99284E-05 9.99284E-05 0.00284438
9.99281E-05 9.99281E-05 9.99281E-05 0.0245443 9.99281E-05 9.99281E-05 0.530629 0.444027 9.99281E-05 9.99281E-05 9.99281E-05
0.0253559 0.0353466 9.9955E-05 0.0117972 0.0244326 9.9955E-05 0.862625 0.039943 9.9955E-05 9.9955E-05 9.9955E-05
0.0235099 9.9955E-05 0.00893754 9.9955E-05 0.00263279 9.9955E-05 0.938009 9.9955E-05 9.9955E-05 0.0234873 0.00292413
0.0161084 0.00648267 9.9955E-05 9.9955E-05 9.9955E-05 9.9955E-05 0.945695 9.9955E-05 0.00401303 0.0238295 0.00337175
9.9955E-05 0.0190892 0.022905 9.9955E-05 0.00632869 0.0072082 0.928586 9.9955E-05 0.0153832 9.9955E-05 9.9955E-05
0.0281038 0.010983 9.9955E-05 0.0221545 0.0147833 9.9955E-05 0.872182 9.9955E-05 0.0512941 9.9955E-05 9.9955E-05
0.0183886 9.9946E-05 9.9946E-05 9.9946E-05 9.9946E-05 0.00900215 0.944607 9.9946E-05 0.0120531 9.9946E-05 0.015349
0.0527808 0.0521141 9.9955E-05 9.9955E-05 0.75971 0.0176868 9.9955E-05 0.0407501 9.9955E-05 9.9955E-05 0.0764589
9.99371E-05 9.99371E-05 0.000856395 9.99371E-05 9.99371E-05 9.99371E-05 0.929063 0.0144977 9.99371E-05 9.99371E-05 0.054883
9.9937E-05 9.9937E-05 9.9937E-05 9.9937E-05 0.0189482 9.9937E-05 0.955555 0.00425414 9.9937E-05 9.9937E-05 0.0205428
0.0319972 0.0107821 0.0948406 0.00219735 9.9982E-05 0.0363635 0.721486 0.0679984 0.0148786 9.9982E-05 0.0192559
9.9928E-05 9.9928E-05 9.9928E-05 9.9928E-05 9.9928E-05 9.9928E-05 0.969949 9.9928E-05 9.9928E-05 0.00488203 0.0243695
0.0345316 9.9919E-05 9.9919E-05 9.9919E-05 9.9919E-05 9.9919E-05 0.964569 9.9919E-05 9.9919E-05 9.9919E-05 9.9919E-05
9.99281E-05 9.99281E-05 9.99281E-05 9.99281E-05 0.0108398 9.99281E-05 0.968766 9.99281E-05 0.0195951 9.99281E-05 9.99281E-05
0.0135319 9.9964E-05 9.9964E-05 0.00666905 0.0146679 9.9964E-05 0.948873 0.0116806 0.00021786 0.00395943 9.9964E-05
9.9955E-05 9.9955E-05 0.0030618 0.00509334 0.319302 9.9955E-05 0.0183407 0.623719 9.9955E-05 0.0299829 9.9955E-05
9.99101E-05 9.99101E-05 9.99101E-05 9.99101E-05 9.99101E-05 9.99101E-05 0.999001 9.99101E-05 9.99101E-05 9.99101E-05 9.99101E-05
9.9928E-05 9.9928E-05 9.9928E-05 9.9928E-05 9.9928E-05 0.0141231 0.936257 9.9928E-05 0.0488206 9.9928E-05 9.9928E-05
9.99101E-05 9.99101E-05 9.99101E-05 9.99101E-05 9.99101E-05 9.99101E-05 0.999001 9.99101E-05 9.99101E-05 9.99101E-05 9.99101E-05
9.99279E-05 9.99279E-05 9.99279E-05 9.99279E-05 0.423428 9.99279E-05 9.99279E-05 0.259008 9.99279E-05 0.316765 9.99279E-05
9.9955E-05 0.0175815 9.9955E-05 0.000477503 9.9955E-05 0.0325009 0.918612 0.024177 9.9955E-05 9.9955E-05 0.00615118
9.99451E-05 9.99451E-05 9.99451E-05 0.0315858 9.99451E-05 9.99451E-05 0.943468 9.99451E-05 9.99451E-05 0.0196667 0.00457943
0.00927417 9.9946E-05 9.9946E-05 9.9946E-05 9.9946E-05 9.9946E-05 0.946612 0.0250478 0.00187887 9.9946E-05 0.0165873
9.9928E-05 9.9928E-05 9.9928E-05 9.9928E-05 9.9928E-05 9.9928E-05 0.967781 9.9928E-05 9.9928E-05 0.0074952 0.0239243
0.00909131 9.9955E-05 9.9955E-05 0.252524 0.0504592 9.9955E-05 0.0304993 0.585757 0.0711696 9.9955E-05 9.9955E-05
9.99191E-05 9.99191E-05 9.99191E-05 9.99191E-05 0.012501 9.99191E-05 0.9866 9.99191E-05 9.99191E-05 9.99191E-05 9.99191E-05
9.9946E-05 9.9946E-05 9.9946E-05 9.9946E-05 0.00343019 0.00649905 0.910949 9.9946E-05 0.00338898 9.9946E-05 0.075133
9.99371E-05 9.99371E-05 9.99371E-05 0.0149015 9.99371E-05 0.000719839 0.51995 0.46373 9.99371E-05 9.99371E-05 9.99371E-05
0.0124242 9.9937E-05 0.000143928 9.9937E-05 0.00309988 9.9937E-05 0.983632 9.9937E-05 9.9937E-05 9.9937E-05 9.9937E-05
0.00595371 9.9955E-05 9.9955E-05 0.592321 9.9955E-05 9.9955E-05 0.0301744 0.21476 9.9955E-05 0.148228 0.0080627
9.9946E-05 0.0187236 9.9946E-05 0.56655 9.9946E-05 9.9946E-05 9.9946E-05 0.282456 9.9946E-05 0.124867 0.00680267
9.9964E-05 9.9964E-05 0.0251322 0.732028 0.0163394 9.9964E-05 0.0373861 0.0218625 9.9964E-05 0.139086 0.0277652
0.0521628 0.00361342 0.0120761 0.0148386 0.112419 9.9973E-05 0.018056 0.754408 9.9973E-05 0.0321265 9.9973E-05
0.792974 0.0300473 9.9982E-05 0.0188088 9.9982E-05 0.0294024 0.043995 0.0197781 0.0492207 0.00823608 0.00733741
0.00155125 0.0145391 0.0251806 0.76896 0.0176394 9.9973E-05 0.0411287 0.00683731 9.9973E-05 0.123864 9.9973E-05
0.318914 0.021865 9.9973E-05 0.199457 0.0511021 0.0284953 9.9973E-05 0.177872 9.9973E-05 0.193661 0.00833368
9.9964E-05 0.0307153 9.9964E-05 0.72083 0.000208301 0.00706921 0.0316451 0.118293 9.9964E-05 0.0908389 9.9964E-05
0.0633725 0.00453447 9.9973E-05 0.634042 0.00757488 0.0174744 9.9973E-05 0.21277 9.9973E-05 0.0313133 0.0286184
9.9955E-05 9.9955E-05 9.9955E-05 0.64257 9.9955E-05 0.00643127 0.026669 0.197356 0.0291277 0.0973468 9.9955E-05
9.9955E-05 0.035303 9.9955E-05 0.553402 9.9955E-05 0.0665259 9.9955E-05 0.277426 9.9955E-05 0.0426171 0.0242265
9.9964E-05 0.0354459 0.00145114 0.565362 9.9964E-05 0.0442333 0.023182 0.293524 9.9964E-05 0.0364021 9.9964E-05
9.9937E-05 0.03008 9.9937E-05 0.852364 0.0168348 9.9937E-05 9.9937E-05 9.9937E-05 9.9937E-05 0.100022 9.9937E-05
0.0599801 9.9946E-05 9.9946E-05 0.636045 0.0326935 9.9946E-05 0.0163158 9.9946E-05 9.9946E-05 0.254366 9.9946E-05
0.0590694 9.9955E-05 0.0278932 0.607681 0.00431752 9.9955E-05 0.0207278 9.9955E-05 9.9955E-05 0.279811 9.9955E-05
0.0299694 0.0046644 9.9991E-05 0.0370412 0.00668451 0.0587764 0.0307519 0.741689 0.0347245 0.0378394 0.0177592
9.9928E-05 9.9928E-05 0.98181 0.0106006 9.9928E-05 9.9928E-05 9.9928E-05 0.00679026 9.9928E-05 9.9928E-05 9.9928E-05
9.9946E-05 9.9946E-05 0.908322 9.9946E-05 0.0225407 9.9946E-05 0.0174827 9.9946E-05 0.0360151 9.9946E-05 0.01504
0.0175974 0.587045 0.232872 0.01353 9.9982E-05 0.0325863 0.00631342 9.9982E-05 0.0859909 0.00746705 0.016398
0.268208 0.00785445 0.0235581 9.9991E-05 0.104233 0.0346772 0.103692 0.280323 0.0723604 0.0878638 0.0171303
0.00018426 9.9937E-05 0.912299 9.9937E-05 9.9937E-05 9.9937E-05 9.9937E-05 9.9937E-05 0.0349662 9.9937E-05 0.0518507
9.9964E-05 0.0062046 0.869926 9.9964E-05 0.0394161 9.9964E-05 0.00577131 9.9964E-05 0.0577384 0.000333282 0.020211
0.0691234 0.00851695 0.0396616 9.9973E-05 0.150738 9.9973E-05 0.111012 0.0777744 0.0222769 0.520597 9.9973E-05
0.000341967 0.444783 0.205173 9.9964E-05 0.00403915 0.273587 0.0128391 9.9964E-05 0.0588366 9.9964E-05 9.9964E-05
9.9964E-05 0.415784 0.106454 9.9964E-05 9.9964E-05 0.347898 0.0261957 0.0372378 0.0618171 0.00421311 9.9964E-05
0.0275188 0.447596 0.0679845 9.9946E-05 9.9946E-05 0.412365 9.9946E-05 9.9946E-05 0.043936 9.9946E-05 9.9946E-05
0.0568714 0.271861 9.9964E-05 9.9964E-05 0.012534 0.570642 0.0341564 0.0203739 0.0331615 9.9964E-05 9.9964E-05
0.0463409 0.251593 9.9964E-05 9.9964E-05 0.00465467 0.561197 0.00930517 0.0272393 0.0992703 9.9964E-05 9.9964E-05
0.0350811 0.421123 0.104209 0.0314744 9.9973E-05 0.357321 9.9973E-05 0.0173487 0.00634401 9.9973E-05 0.0267995
0.775366 9.99459E-05 9.99459E-05 9.99459E-05 9.99459E-05 0.0244719 0.00305987 9.99459E-05 0.151194 9.99459E-05 0.0453086
9.9955E-05 0.62698 0.313456 9.9955E-05 0.0242029 0.0101244 0.0027836 9.9955E-05 9.9955E-05 0.0219537 9.9955E-05
0.00530747 9.99707E-05 0.0105872 0.0109753 0.0877526 9.99707E-05 0.0307772 0.805573 0.0486274 9.99707E-05 9.99707E-05
9.9946E-05 9.9946E-05 9.9946E-05 0.00685423 0.321451 9.9946E-05 0.0238741 0.638165 9.9946E-05 0.00905591 9.9946E-05
9.9964E-05 0.829367 0.108122 0.00370804 0.014883 9.9964E-05 0.00559389 9.9964E-05 0.0375239 9.9964E-05 0.000402507
0.0663 0.119015 0.0402083 0.17469 9.9991E-05 0.107729 0.135991 0.153106 0.0904425 0.0587892 0.0536274
0.78744 0.0168525 0.051076 0.0544789 0.0280249 0.00669354 0.0075355 0.00144691 0.0462512 9.9982E-05 9.9982E-05
9.9946E-05 0.0135242 0.0500273 9.9946E-05 9.9946E-05 0.00507161 9.9946E-05 9.9946E-05 9.9946E-05 0.901292 0.0294854
0.0623719 9.9973E-05 9.9973E-05 0.0448751 0.107719 0.0270302 0.000177655 0.689885 9.9973E-05 0.0305785 0.0370624
9.9964E-05 0.0208046 0.192883 9.9964E-05 9.9964E-05 0.0169613 0.0102448 0.00876896 9.9964E-05 0.72327 0.0266681
0.776191 9.9964E-05 0.0244543 9.9964E-05 0.0139934 0.0643567 9.9964E-05 0.0187507 0.0243059 0.0775482 9.9964E-05
0.00368887 9.9964E-05 0.687439 9.9964E-05 9.9964E-05 0.141276 0.00605288 0.0484565 9.9964E-05 0.0376615 0.0750254
0.882141 0.0173749 9.9955E-05 9.9955E-05 0.000486841 9.9955E-05 0.0126604 0.00977142 0.0770661 9.9955E-05 9.9955E-05
9.9973E-05 0.0330096 0.0221473 0.0977525 9.9973E-05 0.0735234 0.0220772 0.106355 0.617561 0.0272741 9.9973E-05
9.99369E-05 9.99369E-05 9.99369E-05 9.99369E-05 0.342343 9.99369E-05 0.0123933 0.639467 9.99369E-05 0.00509678 9.99369E-05
0.0284606 0.619027 0.304293 0.0212262 0.00672854 9.9964E-05 0.0176628 9.9964E-05 9.9964E-05 0.00220247 9.9964E-05
9.9946E-05 0.378354 9.9946E-05 0.00226245 9.9946E-05 0.0283145 9.9946E-05 9.9946E-05 9.9946E-05 0.575474 0.0149959
9.9955E-05 0.890142 9.9955E-05 9.9955E-05 0.000621262 0.0116312 0.0321637 0.0306547 9.9955E-05 0.0342878 9.9955E-05
0.240715 0.0197288 0.0280296 0.123667 0.134711 9.9973E-05 0.0334215 9.9973E-05 9.9973E-05 0.213145 0.206281
9.9919E-05 0.998239 9.9919E-05 9.9919E-05 9.9919E-05 9.9919E-05 0.000861315 9.9919E-05 9.9919E-05 9.9919E-05 9.9919E-05
0.891946 0.0236947 9.9946E-05 0.0693731 9.9946E-05 9.9946E-05 9.9946E-05 0.0059867 9.9946E-05 0.00839936 9.9946E-05
0.0368303 0.805234 9.9964E-05 0.0685994 0.02362 0.0191264 0.0369662 0.0092235 9.9964E-05 9.9964E-05 9.9964E-05
0.0804361 0.823694 9.9964E-05 0.0187713 0.00121001 9.9964E-05 0.040908 0.0292492 9.9964E-05 0.005332 9.9964E-05
0.0274097 0.0454104 9.9982E-05 0.00356706 0.0853655 0.00132712 0.0144316 0.779811 9.9982E-05 0.0347171 0.00776033
0.0316703 0.0142454 0.31298 0.0779801 0.0648209 9.99821E-05 9.99821E-05 0.343665 0.0857906 0.0545534 0.0140937
0.089367 0.0234676 0.028621 9.9982E-05 0.221375 0.029728 0.0424878 0.172375 9.9982E-05 0.382053 0.0103252
0.00013208 0.0688934 9.9973E-05 0.0380446 0.00123008 0.793319 0.0354702 9.9973E-05 0.00984448 9.9973E-05 0.0527659
9.9955E-05 0.0237866 9.9955E-05 0.0324431 9.9955E-05 0.912645 9.9955E-05 9.9955E-05 0.0211647 0.00661121 0.0028492
0.0405317 0.0204289 9.9973E-05 0.00106458 0.0230048 0.872239 0.0109429 9.9973E-05 9.9973E-05 0.00183942 0.0296484
0.0241002 0.0132428 9.9964E-05 0.0366682 0.0101169 0.860374 9.9964E-05 0.0229626 0.0321355 9.9964E-05 9.9964E-05
9.9937E-05 9.9937E-05 9.9937E-05 9.9937E-05 0.140883 0.0314681 9.9937E-05 0.811535 0.0154142 9.9937E-05 9.9937E-05
9.9955E-05 0.0229088 9.9955E-05 0.0173704 0.0470043 9.9955E-05 9.9955E-05 0.819176 0.0788265 9.9955E-05 0.0142144
0.0359541 9.9973E-05 9.9973E-05 0.0880504 0.153334 0.0134929 0.0320386 0.628819 0.0402607 9.9973E-05 0.00774972
0.0220481 0.295701 0.195956 9.9955E-05 9.9955E-05 0.385364 9.9955E-05 9.9955E-05 0.0236677 9.9955E-05 0.0767633
0.107567 0.0999281 0.0866058 0.136781 0.0552985 0.0831767 0.170659 0.136493 0.00595711 0.0147514 0.102783
9.9955E-05 9.9955E-05 0.0091969 9.9955E-05 9.9955E-05 0.0969457 0.101747 0.358722 0.41624 0.0166486 9.9955E-05
9.9973E-05 0.000627526 0.0084262 0.0954086 0.00536759 9.9973E-05 0.0317803 0.705517 0.0973994 9.9973E-05 0.0551733
9.9982E-05 0.0309864 0.0119972 0.0582015 9.9982E-05 0.00148808 0.0704434 0.654793 0.134136 0.0183043 0.0194511
9.9982E-05 0.00197901 0.0296813 9.9982E-05 0.0602227 0.0637017 0.0219285 0.651242 0.147877 0.0200044 0.00316317
9.9964E-05 0.026555 0.047974 9.9964E-05 9.9964E-05 0.0218329 0.133401 0.47432 0.266427 0.0290901 9.9964E-05
0.0936223 9.9973E-05 0.055948 0.0501224 0.034197 9.9973E-05 0.000674193 9.9973E-05 0.665287 0.0373516 0.0624974
0.0286473 9.9964E-05 9.9964E-05 0.555252 9.9964E-05 0.00820782 9.9964E-05 0.000885752 0.0164121 0.378057 0.0121381
0.069311 9.9964E-05 9.9964E-05 0.289006 0.0369071 9.9964E-05 0.0473499 0.188732 9.9964E-05 0.325497 0.0427979
9.9937E-05 0.933294 0.00430102 9.9937E-05 9.9937E-05 9.9937E-05 9.9937E-05 9.9937E-05 0.0310542 9.9937E-05 0.030651
0.00224846 0.897885 9.9946E-05 0.0119805 9.9946E-05 9.9946E-05 9.9946E-05 9.9946E-05 0.0410788 9.9946E-05 0.0462074
0.0115559 0.862172 9.9955E-05 0.00726297 9.9955E-05 9.9955E-05 9.9955E-05 0.0235626 0.036674 9.9955E-05 0.0582723
9.9955E-05 0.359633 0.17498 9.9955E-05 0.00644967 0.213094 9.9955E-05 9.9955E-05 0.169701 9.9955E-05 0.0756425
9.9955E-05 0.293938 9.9955E-05 0.00255183 9.9955E-05 0.0918175 0.00757613 9.9955E-05 0.592999 9.9955E-05 0.0106174
9.9928E-05 0.303459 9.9928E-05 9.9928E-05 9.9928E-05 0.10368 9.9928E-05 9.9928E-05 0.592062 9.9928E-05 9.9928E-05
9.9946E-05 9.9946E-05 9.9946E-05 0.00894379 0.0672359 0.00521798 9.9946E-05 0.819802 0.0982005 9.9946E-05 9.9946E-05
9.9982E-05 0.00418309 0.0193564 0.0157736 0.069561 0.030808 0.0110944 0.747869 0.101034 9.9982E-05 0.000119893
0.00556644 9.9964E-05 0.00675468 9.9964E-05 0.0935554 9.9964E-05 0.00666879 0.860055 0.00191806 0.0250816 9.9964E-05
0.722923 0.02881 9.9946E-05 9.9946E-05 9.9946E-05 9.9946E-05 0.016687 9.9946E-05 0.0390251 0.191955 9.9946E-05
0.034924 0.912099 9.9937E-05 9.9937E-05 9.9937E-05 0.0177837 9.9937E-05 9.9937E-05 9.9937E-05 0.034494 9.9937E-05
9.9937E-05 0.92051 0.018824 9.9937E-05 0.0239586 9.9937E-05 0.0360081 9.9937E-05 9.9937E-05 9.9937E-05 9.9937E-05
9.9946E-05 0.863892 0.103911 9.9946E-05 0.00645756 0.0119158 9.9946E-05 9.9946E-05 9.9946E-05 0.0132242 9.9946E-05
9.9946E-05 0.798031 0.135676 9.9946E-05 9.9946E-05 0.005459 9.9946E-05 9.9946E-05 9.9946E-05 0.0564331 0.0038019
0.01472 0.796355 0.0737052 9.9973E-05 0.030106 0.0349437 0.0124197 9.9973E-05 9.9973E-05 0.00640473 0.031046
9.9919E-05 0.0262071 9.9919E-05 9.9919E-05 9.9919E-05 9.9919E-05 9.9919E-05 9.9919E-05 9.9919E-05 0.972894 9.9919E-05
9.9973E-05 0.193204 0.316685 9.9973E-05 0.00207859 0.150599 0.0562778 0.0473446 0.0990079 9.9973E-05 0.134503
0.961592 9.9946E-05 9.9946E-05 0.00715426 9.9946E-05 9.9946E-05 9.9946E-05 0.011498 9.9946E-05 0.00852218 0.0106334
9.9928E-05 0.0299746 9.9928E-05 9.9928E-05 9.9928E-05 9.9928E-05 9.9928E-05 9.9928E-05 0.0105851 0.958641 9.9928E-05
9.99101E-05 9.99101E-05 9.99101E-05 9.99101E-05 0.999001 9.99101E-05 9.99101E-05 9.99101E-05 9.99101E-05 9.99101E-05 9.99101E-05
9.99188E-05 9.99188E-05 9.99188E-05 0.0543173 9.99188E-05 9.99188E-05 9.99188E-05 9.99188E-05 9.99188E-05 0.944783 9.99188E-05
9.99101E-05 9.99101E-05 9.99101E-05 9.99101E-05 9.99101E-05 9.99101E-05 9.99101E-05 9.99101E-05 9.99101E-05 0.999001 9.99101E-05
9.99101E-05 9.99101E-05 9.99101E-05 9.99101E-05 9.99101E-05 9.99101E-05 9.99101E-05 9.99101E-05 9.99101E-05 0.999001 9.99101E-05
9.9937E-05 0.911152 9.9937E-05 0.0194327 0.0251362 9.9937E-05 0.0435799 9.9937E-05 9.9937E-05 9.9937E-05 9.9937E-05
0.00212597 0.968819 0.00287244 9.9955E-05 0.00188441 0.00565368 9.9955E-05 9.9955E-05 9.9955E-05 0.0181448 9.9955E-05
9.99369E-05 0.173788 0.100789 9.99369E-05 0.0366519 9.99369E-05 9.99369E-05 9.99369E-05 9.99369E-05 9.99369E-05 0.688072
9.9946E-05 0.901718 0.0277393 9.9946E-05 9.9946E-05 0.0167492 0.0323666 9.9946E-05 9.9946E-05 0.0208268 9.9946E-05
9.99101E-05 0.999001 9.99101E-05 9.99101E-05 9.99101E-05 9.99101E-05 9.99101E-05 9.99101E-05 9.99101E-05 9.99101E-05 9.99101E-05
9.9928E-05 0.230607 0.142172 9.9928E-05 9.9928E-05 9.9928E-05 9.9928E-05 9.9928E-05 9.9928E-05 0.626422 9.9928E-05
9.9946E-05 0.804333 0.0564732 9.9946E-05 9.9946E-05 0.0747033 9.9946E-05 0.0222541 0.041637 9.9946E-05 9.9946E-05
9.9964E-05 0.762641 0.0864292 0.0101336 9.9964E-05 0.037282 9.9964E-05 0.0305495 0.0679804 0.00458434 9.9964E-05
9.9982E-05 0.177726 0.130839 0.0178714 0.0330545 0.0564483 0.00315744 0.034767 0.436749 9.9982E-05 0.109188
0.837094 9.9946E-05 0.00801176 9.9946E-05 9.9946E-05 0.0316999 9.9946E-05 0.000574099 9.9946E-05 0.122021 9.9946E-05
0.00340321 0.602691 0.164465 9.9955E-05 0.0482273 9.9955E-05 9.9955E-05 9.9955E-05 9.9955E-05 0.15258 0.0281341
9.9964E-05 9.9964E-05 0.194351 0.0246342 0.0575743 0.0640719 0.414962 0.222618 9.9964E-05 0.021389 9.9964E-05
9.9928E-05 0.500506 0.290259 9.9928E-05 9.9928E-05 9.9928E-05 9.9928E-05 9.9928E-05 9.9928E-05 0.208436 9.9928E-05
9.9937E-05 0.951388 9.9937E-05 0.000340509 9.9937E-05 9.9937E-05 0.0175995 9.9937E-05 9.9937E-05 0.0299725 9.9937E-05
9.99101E-05 9.99101E-05 9.99101E-05 9.99101E-05 9.99101E-05 9.99101E-05 9.99101E-05 9.99101E-05 9.99101E-05 0.999001 9.99101E-05
9.9955E-05 0.24607 0.00139457 0.121579 9.9955E-05 0.00507992 9.9955E-05 9.9955E-05 0.0270539 0.598323 9.9955E-05
0.851635 9.9937E-05 9.9937E-05 9.9937E-05 9.9937E-05 9.9937E-05 9.9937E-05 0.0369603 0.0913289 0.0193762 9.9937E-05
0.0625741 9.99369E-05 0.0152631 9.99369E-05 9.99369E-05 9.99369E-05 9.99369E-05 0.00548755 0.915976 9.99369E-05 9.99369E-05
9.99371E-05 9.99371E-05 9.99371E-05 0.94298 9.99371E-05 9.99371E-05 9.99371E-05 0.0251609 0.00960172 0.0215579 9.99371E-05
0.172524 9.99549E-05 9.99549E-05 0.120669 0.00534235 9.99549E-05 9.99549E-05 9.99549E-05 0.639445 0.0205654 0.0409543
0.86636 0.035221 9.9964E-05 0.0496382 9.9964E-05 0.00543169 9.9964E-05 0.00198051 0.00499662 0.0359721 9.9964E-05
0.84501 0.0418605 9.9946E-05 0.0302809 9.9946E-05 9.9946E-05 9.9946E-05 0.00242047 9.9946E-05 0.0798287 9.9946E-05
0.210674 9.99368E-05 9.99368E-05 0.0241819 9.99368E-05 9.99368E-05 9.99368E-05 9.99368E-05 0.690074 9.99368E-05 0.0743703
0.158874 9.9964E-05 0.0235792 0.0803927 9.9964E-05 0.00886654 9.9964E-05 9.9964E-05 0.369917 0.236309 0.121662
0.905943 0.000968473 9.9955E-05 9.9955E-05 0.00114084 9.9955E-05 0.00598655 9.9955E-05 0.00624187 0.0792192 9.9955E-05
9.9982E-05 0.180177 0.111204 0.0143545 0.024001 0.0824563 0.0332249 0.0383399 0.405117 9.9982E-05 0.110925
9.9928E-05 9.9928E-05 9.9928E-05 0.0669495 0.129304 9.9928E-05 9.9928E-05 0.802947 9.9928E-05 9.9928E-05 9.9928E-05
9.99101E-05 9.99101E-05 9.99101E-05 9.99101E-05 0.999001 9.99101E-05 9.99101E-05 9.99101E-05 9.99101E-05 9.99101E-05 9.99101E-05
9.99101E-05 9.99101E-05 9.99101E-05 9.99101E-05 9.99101E-05 9.99101E-05 0.999001 9.99101E-05 9.99101E-05 9.99101E-05 9.99101E-05
0.0863676 0.0177385 9.9955E-05 0.030237 0.293264 9.9955E-05 9.9955E-05 0.435011 9.9955E-05 9.9955E-05 0.136882
0.0589591 9.9955E-05 9.9955E-05 0.0864561 0.127058 9.9955E-05 0.0202765 0.698344 9.9955E-05 0.00840601 9.9955E-05
0.605657 0.00386254 9.9946E-05 0.0482196 9.9946E-05 9.9946E-05 9.9946E-05 0.341127 9.9946E-05 0.000534487 9.9946E-05
0.0338062 9.9955E-05 9.9955E-05 0.0181937 0.0419948 9.9955E-05 0.0157447 0.816822 9.9955E-05 0.072939 9.9955E-05
0.0107493 9.9964E-05 9.9964E-05 0.586973 0.136206 0.0431164 0.0403559 0.105682 0.0765168 9.9964E-05 9.9964E-05
9.9937E-05 9.9937E-05 9.9937E-05 9.9937E-05 0.312382 0.000625631 9.9937E-05 0.682335 0.00395793 9.9937E-05 9.9937E-05
9.9946E-05 9.9946E-05 9.9946E-05 0.0746311 9.9946E-05 0.0197437 0.10103 0.118601 0.685394 9.9946E-05 9.9946E-05
0.135229 9.9973E-05 9.9973E-05 0.143052 0.0255739 0.0378945 9.9973E-05 0.0339757 0.54566 0.0313309 0.046984
0.0249921 9.9973E-05 9.9973E-05 0.1324 0.0442844 9.9973E-05 0.0409446 0.186894 0.368433 0.191345 0.0104079
9.9964E-05 0.015951 9.9964E-05 0.0194849 0.0900211 9.9964E-05 0.0185952 0.813638 9.9964E-05 0.0391321 0.00277826
9.9937E-05 0.845655 0.134154 9.9937E-05 9.9937E-05 9.9937E-05 0.0148587 9.9937E-05 9.9937E-05 0.00463242 9.9937E-05
9.9946E-05 0.00321921 9.9946E-05 0.951999 9.9946E-05 9.9946E-05 9.9946E-05 0.00278636 9.9946E-05 0.029741 0.0116548
9.9955E-05 9.9955E-05 0.00452332 0.0449378 9.9955E-05 0.0411124 0.0617008 0.138419 0.708807 9.9955E-05 9.9955E-05
0.0056577 9.9946E-05 9.9946E-05 0.927439 0.0273234 9.9946E-05 9.9946E-05 9.9946E-05 9.9946E-05 0.0263781 0.0126021
9.9946E-05 0.836977 0.0911217 0.00837462 9.9946E-05 9.9946E-05 9.9946E-05 9.9946E-05 0.0250056 9.9946E-05 0.0379213
0.933165 9.9955E-05 0.0201901 9.9955E-05 0.021056 0.00258568 0.00798265 9.9955E-05 9.9955E-05 0.014521 9.9955E-05
0.00900799 9.9937E-05 0.0130688 9.9937E-05 9.9937E-05 9.9937E-05 0.973602 9.9937E-05 9.9937E-05 9.9937E-05 0.00362128
0.0629925 9.9964E-05 0.130927 0.0271834 9.9964E-05 0.00605039 0.693387 0.0322158 0.0468448 9.9964E-05 9.9964E-05
0.0246194 9.9946E-05 9.9946E-05 9.9946E-05 0.0026523 9.9946E-05 0.0122573 0.946599 0.0132727 9.9946E-05 9.9946E-05
0.0927076 9.9955E-05 9.9955E-05 0.267018 0.0385462 9.9955E-05 0.0358684 0.211928 9.9955E-05 0.353432 9.9955E-05
0.991555 9.9928E-05 9.9928E-05 9.9928E-05 9.9928E-05 9.9928E-05 0.00332185 9.9928E-05 9.9928E-05 9.9928E-05 0.00432386
0.981054 9.9919E-05 9.9919E-05 0.0180465 9.9919E-05 9.9919E-05 9.9919E-05 9.9919E-05 9.9919E-05 9.9919E-05 9.9919E-05
0.0722783 0.0366718 0.0800563 0.254077 0.0113988 0.0422683 9.9982E-05 9.9982E-05 0.0113419 0.391266 0.100442
0.0459535 9.9964E-05 9.9964E-05 0.343468 0.0563387 9.9964E-05 0.00865922 0.22943 9.9964E-05 0.300047 0.015704
9.9955E-05 0.881891 0.00374542 0.00718561 9.9955E-05 9.9955E-05 9.9955E-05 0.00526282 0.041007 9.9955E-05 0.0604085
9.9928E-05 0.302005 9.9928E-05 9.9928E-05 9.9928E-05 0.101273 9.9928E-05 9.9928E-05 0.595923 9.9928E-05 9.9928E-05
0.00172766 0.530063 0.142376 0.0211756 9.9964E-05 0.284119 9.9964E-05 9.9964E-05 0.00731201 0.012826 9.9964E-05
9.9973E-05 0.100552 0.204323 9.9973E-05 0.00029366 0.406722 0.0812654 0.0300002 0.121781 0.0547623 9.9973E-05
9.99641E-05 0.101674 0.164294 9.99641E-05 9.99641E-05 0.420749 0.0668446 0.0341395 0.149103 0.0627965 9.99641E-05
0.0225954 0.28619 0.290297 9.9973E-05 0.0327232 0.250846 0.00281684 0.0206475 0.0935839 9.9973E-05 9.9973E-05
9.9928E-05 0.31492 9.9928E-05 9.9928E-05 9.9928E-05 0.0971584 9.9928E-05 9.9928E-05 0.587122 9.9928E-05 9.9928E-05
9.9973E-05 0.153942 0.167941 9.9973E-05 0.0593395 0.420294 0.0473577 9.9973E-05 0.107094 0.00561874 0.0381126
9.9955E-05 0.19798 0.38304 9.9955E-05 0.0510535 0.221358 9.9955E-05 0.0296373 0.116431 9.9955E-05 9.9955E-05
9.9982E-05 0.0664106 9.9982E-05 0.018715 0.0328031 0.121619 0.0409222 0.042539 0.660225 0.000533027 0.016034
0.000241429 0.334958 0.24761 9.9964E-05 0.0440911 0.233536 9.9964E-05 9.9964E-05 0.108937 9.9964E-05 0.030226
9.9982E-05 0.0549344 9.9982E-05 0.0137829 0.0245632 0.13699 0.0372363 0.0918887 0.630019 0.000385917 0.00999964
0.233863 9.99369E-05 9.99369E-05 0.116613 9.99369E-05 9.99369E-05 9.99369E-05 9.99369E-05 0.57702 9.99369E-05 0.071804
9.99369E-05 9.99369E-05 9.99369E-05 9.99369E-05 9.99369E-05 9.99369E-05 0.00883029 9.99369E-05 0.0148283 0.020226 0.955416
9.9973E-05 0.280683 0.200144 0.0339449 9.9973E-05 0.168034 0.036881 0.0180895 0.244068 9.9973E-05 0.0178562
9.9964E-05 0.231421 0.164112 0.0830894 9.9964E-05 0.182009 0.020973 0.0224475 0.295549 9.9964E-05 9.9964E-05
9.9937E-05 0.261409 9.9937E-05 0.0110661 9.9937E-05 0.138015 9.9937E-05 9.9937E-05 0.58881 9.9937E-05 9.9937E-05
9.9973E-05 0.339511 0.222967 0.0137395 0.0177815 0.25929 0.0413305 9.9973E-05 0.0953471 9.9973E-05 0.00973273
9.99371E-05 9.99371E-05 0.0292104 0.870183 9.99371E-05 9.99371E-05 0.00222156 0.0976854 9.99371E-05 9.99371E-05 9.99371E-05
9.9946E-05 0.906203 0.00452083 0.0145401 9.9946E-05 9.9946E-05 9.9946E-05 9.9946E-05 0.0252964 9.9946E-05 0.0488401
9.9973E-05 0.113102 0.138746 9.9973E-05 0.0321382 0.423722 0.0462899 0.0432652 0.162548 0.039889 9.9973E-05
9.99641E-05 0.367055 0.286564 9.99641E-05 0.0260051 0.131198 0.0193031 9.99641E-05 0.158884 9.99641E-05 0.0105907
9.9964E-05 0.182369 0.190926 9.9964E-05 0.0420365 0.386037 0.0280882 9.9964E-05 0.141471 9.9964E-05 0.0286727
9.9973E-05 0.177998 0.256324 9.9973E-05 9.9973E-05 0.344159 0.0439707 0.0105081 0.058756 0.0312384 0.0767472
0.0360063 9.9955E-05 9.9955E-05 9.9955E-05 0.835288 0.000190908 9.9955E-05 0.074797 0.0139491 9.9955E-05 0.0392687
0.0122365 9.9982E-05 9.9982E-05 0.460391 0.201295 0.0543489 0.0584274 0.150281 0.012566 0.00618744 0.0440666
9.99461E-05 0.78172 0.106007 9.99461E-05 9.99461E-05 0.0507056 9.99461E-05 9.99461E-05 0.0565474 9.99461E-05 0.00441991
9.9928E-05 9.9928E-05 9.9928E-05 0.972189 0.00158225 9.9928E-05 9.9928E-05 9.9928E-05 0.0254293 9.9928E-05 9.9928E-05
0.00897826 0.0106843 9.9964E-05 9.9964E-05 0.795426 9.9964E-05 9.9964E-05 0.102824 0.0253602 0.0137745 0.0425529
0.117884 9.99369E-05 9.99369E-05 9.99369E-05 9.99369E-05 9.99369E-05 0.0023237 9.99369E-05 0.877109 9.99369E-05 0.00198422
9.99101E-05 0.999001 9.99101E-05 9.99101E-05 9.99101E-05 9.99101E-05 9.99101E-05 9.99101E-05 9.99101E-05 9.99101E-05 9.99101E-05
9.9928E-05 0.966795 0.0139181 9.9928E-05 9.9928E-05 9.9928E-05 0.0184873 9.9928E-05 9.9928E-05 9.9928E-05 9.9928E-05
0.0164776 0.856645 0.0310956 9.9964E-05 0.010583 0.0130721 0.0369508 9.9964E-05 9.9964E-05 9.9964E-05 0.0347763
9.9928E-05 0.971557 0.0144038 9.9928E-05 9.9928E-05 9.9928E-05 0.0132399 9.9928E-05 9.9928E-05 9.9928E-05 9.9928E-05
0.716038 0.0483656 9.9955E-05 9.9955E-05 9.9955E-05 9.9955E-05 0.00281364 0.0118004 0.062434 0.158049 9.9955E-05
9.9964E-05 0.773838 0.0716941 9.9964E-05 0.0759096 9.9964E-05 0.0394229 0.00549653 9.9964E-05 0.0244748 0.00876471
9.99101E-05 9.99101E-05 9.99101E-05 9.99101E-05 0.999001 9.99101E-05 9.99101E-05 9.99101E-05 9.99101E-05 9.99101E-05 9.99101E-05
9.9937E-05 9.9937E-05 9.9937E-05 9.9937E-05 0.156718 0.00273601 9.9937E-05 0.797168 0.0426785 9.9937E-05 9.9937E-05
9.9946E-05 9.9946E-05 9.9946E-05 9.9946E-05 0.319034 0.00203687 0.000484855 0.635552 9.9946E-05 0.0422917 9.9946E-05
0.00626673 9.9937E-05 9.9937E-05 9.9937E-05 0.179452 9.9937E-05 0.01075 0.802832 9.9937E-05 9.9937E-05 9.9937E-05
9.9964E-05 9.9964E-05 0.00166302 0.029913 0.203293 0.00138121 0.0113125 0.706357 9.9964E-05 0.0456796 9.9964E-05
9.9982E-05 0.0749028 0.0446989 0.00181521 0.0253731 0.523917 0.0617408 0.0781434 0.169466 9.9982E-05 0.0197426
9.9973E-05 0.0505322 0.0463625 0.0124246 0.0542847 0.574821 0.0807227 0.0248612 0.155691 9.9973E-05 9.9973E-05
0.0296393 9.9973E-05 9.9973E-05 0.00572161 0.0181926 0.892156 0.00932047 0.00592093 0.0142786 0.024471 9.9973E-05
9.9955E-05 0.0662363 0.0295711 9.9955E-05 9.9955E-05 0.871896 0.00777847 0.0103045 9.9955E-05 9.9955E-05 0.0137138
9.9946E-05 9.9946E-05 0.0017379 9.9946E-05 0.010361 0.933598 0.00884696 9.9946E-05 9.9946E-05 9.9946E-05 0.044857
0.162587 9.9955E-05 9.9955E-05 0.0736969 9.9955E-05 0.247566 0.0303417 9.9955E-05 0.426027 9.9955E-05 0.0592813
9.9919E-05 9.9919E-05 9.9919E-05 0.0416619 9.9919E-05 0.957439 9.9919E-05 9.9919E-05 9.9919E-05 9.9919E-05 9.9919E-05
0.0748944 0.200832 9.9991E-05 0.190163 0.0666463 0.103321 0.0160991 0.133475 0.0112994 0.0899649 0.113205
9.99101E-05 9.99101E-05 9.99101E-05 9.99101E-05 9.99101E-05 0.999001 9.99101E-05 9.99101E-05 9.99101E-05 9.99101E-05 9.99101E-05
9.99101E-05 9.99101E-05 9.99101E-05 9.99101E-05 9.99101E-05 0.999001 9.99101E-05 9.99101E-05 9.99101E-05 9.99101E-05 9.99101E-05
9.9946E-05 0.0120484 0.0324478 9.9946E-05 9.9946E-05 0.923417 0.0184335 0.0130535 9.9946E-05 9.9946E-05 9.9946E-05
9.9955E-05 0.0114457 0.656932 9.9955E-05 9.9955E-05 0.216998 9.9955E-05 0.0411677 9.9955E-05 0.017549 0.0554075
9.99191E-05 9.99191E-05 9.99191E-05 9.99191E-05 9.99191E-05 0.991441 9.99191E-05 9.99191E-05 9.99191E-05 0.0076595 9.99191E-05
9.99549E-05 9.99549E-05 0.125309 9.99549E-05 0.020114 0.81489 0.0220079 9.99549E-05 9.99549E-05 0.0144549 0.00272486
9.9955E-05 9.9955E-05 9.9955E-05 0.874313 0.0197207 0.0210443 0.00454852 0.0532042 0.0266691 9.9955E-05 9.9955E-05
0.0526963 0.0224726 9.9982E-05 0.589823 0.0063141 0.0533794 0.0463987 0.190756 0.0132203 9.9982E-05 0.0247395
9.9973E-05 9.9973E-05 9.9973E-05 0.0957926 0.0514693 0.0205249 0.001051 0.648659 0.140861 0.0218141 0.0195283
0.0449567 9.99461E-05 9.99461E-05 0.0726159 9.99461E-05 9.99461E-05 0.019848 0.846389 0.0155904 9.99461E-05 9.99461E-05
0.180222 9.9946E-05 9.9946E-05 0.123969 0.0381315 9.9946E-05 9.9946E-05 0.00826301 0.648815 9.9946E-05 9.9946E-05
9.9964E-05 9.9964E-05 9.9964E-05 0.0798754 0.0523788 0.0355692 0.0387747 0.693794 0.022289 9.9964E-05 0.0769193
9.9946E-05 9.9946E-05 9.9946E-05 0.900973 0.0100362 0.00605608 0.0114697 9.9946E-05 9.9946E-05 0.0708655 9.9946E-05
9.99371E-05 9.99371E-05 9.99371E-05 0.949432 9.99371E-05 9.99371E-05 0.0115462 0.0166997 9.99371E-05 0.0216222 9.99371E-05
0.230014 9.99369E-05 9.99369E-05 0.0470973 9.99369E-05 9.99369E-05 9.99369E-05 9.99369E-05 0.685113 9.99369E-05 0.037076
9.9964E-05 0.00945892 0.000595539 0.0292439 9.9964E-05 0.034833 0.0278968 0.744446 0.153126 9.9964E-05 9.9964E-05
9.9982E-05 0.0295822 9.9982E-05 0.0965866 0.0794552 0.0221918 0.0833893 0.438118 0.161299 0.0806948 0.00848326
0.108312 9.99553E-05 9.99553E-05 0.0465496 9.99553E-05 0.0381049 0.0501115 0.0597633 0.696659 9.99553E-05 9.99553E-05
0.203123 9.99549E-05 9.99549E-05 0.0536293 0.0151668 9.99549E-05 0.023287 9.99549E-05 0.601604 9.99549E-05 0.10269
0.128709 9.99459E-05 9.99459E-05 0.142781 0.0529113 9.99459E-05 9.99459E-05 9.99459E-05 0.640536 9.99459E-05 0.0344625
0.0460765 0.0448069 0.0292981 0.549645 0.203155 0.00643354 0.00981746 0.0375681 9.9982E-05 9.9982E-05 0.0730001
0.23116 9.99459E-05 9.99459E-05 0.0775062 9.99459E-05 9.99459E-05 0.00957598 9.99459E-05 0.641633 9.99459E-05 0.0395249
9.9946E-05 0.00282478 9.9946E-05 0.976578 9.9946E-05 0.0150356 0.00163734 9.9946E-05 9.9946E-05 9.9946E-05 0.00332417
0.1221 9.99189E-05 9.99189E-05 9.99189E-05 9.99189E-05 9.99189E-05 9.99189E-05 9.99189E-05 0.877001 9.99189E-05 9.99189E-05
0.0588035 9.9937E-05 9.9937E-05 9.9937E-05 9.9937E-05 9.9937E-05 0.0103143 9.9937E-05 0.917825 0.012358 9.9937E-05
0.0467359 0.219158 0.142687 9.9973E-05 0.00812171 0.123212 0.0247052 9.9973E-05 0.431386 9.9973E-05 0.00369416
0.271125 9.99459E-05 9.99459E-05 0.0265336 0.0044522 9.99459E-05 9.99459E-05 9.99459E-05 0.675785 9.99459E-05 0.0215044
0.237878 9.99369E-05 9.99369E-05 0.0152219 9.99369E-05 9.99369E-05 9.99369E-05 9.99369E-05 0.680752 9.99369E-05 0.0654488
0.259802 9.9937E-05 9.9937E-05 0.00646512 9.9937E-05 9.9937E-05 9.9937E-05 9.9937E-05 0.681981 9.9937E-05 0.0510518
9.9973E-05 0.0267566 9.9973E-05 0.0916949 9.9973E-05 0.0565136 0.0829248 0.160893 0.565615 0.0116766 0.00362572
