9.9991E-05 0.335655 0.161884 0.502361
0.0152708 0.674308 0.0663299 0.244092
0.0552436 0.611117 0.0936151 0.240025
9.999E-05 0.322021 0.159984 0.517895
9.998E-05 0.9997 9.998E-05 9.998E-05
0.0578495 0.642911 0.0810876 0.218152
0.000330372 0.00325884 0.582785 0.413625
9.998E-05 9.998E-05 0.9997 9.998E-05
9.998E-05 9.998E-05 0.9997 9.998E-05
9.9982E-05 0.00203475 0.997765 9.9982E-05
0.0571877 0.023888 9.9991E-05 0.918824
0.0767312 9.9982E-05 9.9982E-05 0.923069
0.0936506 9.9982E-05 9.9982E-05 0.906149
0.0579165 9.9982E-05 9.9982E-05 0.941884
0.899542 0.029863 0.044275 0.0263196
9.998E-05 9.998E-05 0.9997 9.998E-05
9.9991E-05 0.0359654 0.138938 0.824996
0.943273 9.9991E-05 0.00329434 0.0533332
0.650053 0.0141749 0.0540968 0.281675
0.440309 9.9982E-05 9.9982E-05 0.559491
0.884886 9.9991E-05 0.0748755 0.0401382
0.216145 9.9982E-05 9.9982E-05 0.783655
0.947589 9.9991E-05 0.00469132 0.0476201
0.232084 9.9982E-05 9.9982E-05 0.767716
0.176278 9.9982E-05 9.9982E-05 0.823522
0.972003 9.9982E-05 9.9982E-05 0.0277974
0.933149 9.9991E-05 0.0199255 0.0468251
0.700136 0.0375562 9.9991E-05 0.262208
0.981152 9.9982E-05 0.018648 9.9982E-05
0.986224 9.9982E-05 9.9982E-05 0.0135761
0.179027 9.9982E-05 9.9982E-05 0.820773
0.0667127 9.9982E-05 9.9982E-05 0.933087
0.945654 9.9982E-05 9.9982E-05 0.0541456
0.28624 9.9982E-05 9.9982E-05 0.71356
0.979156 9.9991E-05 0.00240989 0.0183344
0.172572 9.9982E-05 9.9982E-05 0.827228
0.938545 0.00682633 9.9991E-05 0.0545291
0.164162 9.9982E-05 9.9982E-05 0.835638
9.9991E-05 0.438911 0.165917 0.395072
9.998E-05 0.9997 9.998E-05 9.998E-05
9.9982E-05 0.0722025 9.9982E-05 0.927597
0.9997 9.998E-05 9.998E-05 9.998E-05
0.169324 9.9982E-05 9.9982E-05 0.830476
0.0118398 0.548554 0.0619058 0.3777
0.619247 0.0207598 0.0779826 0.282011
0.460887 9.9991E-05 0.00774556 0.531267
0.908848 0.0430613 0.0372912 0.0107997
0.071925 0.689265 0.0378116 0.200999
0.072125 0.73391 0.127413 0.0665517
9.9991E-05 0.122745 0.191304 0.685851
9.9991E-05 0.0816326 0.153189 0.765078
9.9991E-05 0.0970912 0.150784 0.752025
9.9991E-05 0.0682162 0.199603 0.732081
0.0144579 9.9991E-05 0.972317 0.0131251
9.9982E-05 9.9982E-05 0.976903 0.0228967
0.0707689 9.9991E-05 0.0551306 0.874001
0.182578 9.9982E-05 9.9982E-05 0.817222
0.246628 0.344533 0.134335 0.274504
9.998E-05 0.9997 9.998E-05 9.998E-05
0.0914265 0.85595 0.032747 0.019877
9.9991E-05 0.0598689 0.096725 0.843306
9.9991E-05 0.10508 0.145608 0.749212
9.9991E-05 0.136523 0.0987294 0.764648
9.9982E-05 9.9982E-05 0.996333 0.00346734
9.998E-05 0.9997 9.998E-05 9.998E-05
9.9991E-05 0.0612033 0.0969466 0.84175
9.9991E-05 0.307375 0.193667 0.498858
0.150527 9.9982E-05 9.9982E-05 0.849273
0.0987433 9.9982E-05 9.9982E-05 0.901057
0.0492173 0.0558395 0.856914 0.0380296
0.0455092 0.0490996 0.848661 0.0567304
0.0138723 9.9991E-05 0.920017 0.0660103
9.9991E-05 0.00342893 0.994896 0.00157509
9.998E-05 9.998E-05 0.9997 9.998E-05
0.010943 9.9982E-05 0.988857 9.9982E-05
0.00308295 9.9982E-05 0.996717 9.9982E-05
9.998E-05 9.998E-05 0.9997 9.998E-05
0.00292513 0.012498 0.984477 9.9991E-05
9.998E-05 9.998E-05 0.9997 9.998E-05
0.0434977 9.9991E-05 0.943929 0.012473
9.9991E-05 0.00643316 0.972862 0.020605
0.0309751 9.9982E-05 0.968825 9.9982E-05
0.462921 9.9982E-05 0.536879 9.9982E-05
0.41415 9.9982E-05 0.585651 9.9982E-05
9.998E-05 9.998E-05 0.9997 9.998E-05
9.9991E-05 0.00715094 0.989384 0.00336464
9.9982E-05 9.9982E-05 0.99389 0.00590977
0.0184368 0.0184958 0.962967 9.9991E-05
9.998E-05 9.998E-05 0.9997 9.998E-05
0.449456 9.9982E-05 0.550344 9.9982E-05
0.0523301 0.030393 0.898723 0.0185534
0.0132707 0.00408997 0.9472 0.0354392
9.9982E-05 9.9982E-05 0.979759 0.0200415
9.9982E-05 0.0246279 0.975172 9.9982E-05
0.034047 0.00475666 0.906458 0.0547379
9.9982E-05 9.9982E-05 0.97975 0.0200497
0.622512 0.203227 9.9991E-05 0.17416
0.0224556 0.0191942 0.95825 9.9991E-05
0.0165988 9.9982E-05 0.983201 9.9982E-05
0.0904885 0.109913 0.762165 0.0374336
9.998E-05 9.998E-05 0.9997 9.998E-05
0.00463409 9.9982E-05 0.995166 9.9982E-05
9.9982E-05 9.9982E-05 0.995046 0.00475391
0.00652292 9.9982E-05 0.993277 9.9982E-05
0.931286 9.9991E-05 0.0499422 0.018672
9.998E-05 9.998E-05 0.9997 9.998E-05
0.0115636 9.9982E-05 0.988236 9.9982E-05
9.998E-05 9.998E-05 0.9997 9.998E-05
0.663287 9.9991E-05 0.00451821 0.332095
0.015853 0.0190095 0.965038 9.9991E-05
9.9982E-05 9.9982E-05 0.965632 0.0341676
0.00804484 9.9982E-05 0.991755 9.9982E-05
9.998E-05 9.998E-05 0.9997 9.998E-05
0.721422 9.9991E-05 0.0205634 0.257915
9.998E-05 9.998E-05 0.9997 9.998E-05
9.9991E-05 0.008531 0.968826 0.0225427
0.4885 9.9982E-05 0.5113 9.9982E-05
0.0111888 9.9982E-05 0.988611 9.9982E-05
0.315666 9.9982E-05 9.9982E-05 0.684134
0.366101 9.9982E-05 9.9982E-05 0.633699
0.181821 9.9982E-05 9.9982E-05 0.817979
0.89349 9.9991E-05 0.0488694 0.0575405
9.9991E-05 0.102628 0.168962 0.72831
0.18628 9.9991E-05 0.00547813 0.808142
0.260634 0.0710161 0.00281129 0.665539
0.281089 0.0143315 9.9991E-05 0.704479
0.42082 0.000124372 9.9991E-05 0.578955
0.343261 9.9991E-05 0.00371438 0.652924
0.387509 0.0608002 9.9991E-05 0.551591
0.432653 0.0638385 9.9991E-05 0.503409
0.127197 9.9982E-05 9.9982E-05 0.872603
0.1172 9.9991E-05 0.0146399 0.86806
0.128997 9.9982E-05 9.9982E-05 0.870804
0.840723 0.0366484 0.0365407 0.0860882
0.072066 0.796707 0.0896834 0.0415436
0.0674327 0.784894 0.113649 0.0340246
9.9991E-05 0.886604 0.0223961 0.0908998
0.374009 0.0875291 0.135 0.403462
0.0652673 0.817905 0.0772422 0.0395854
0.0415151 0.785374 0.110644 0.0624671
0.191234 0.0826882 0.123141 0.602937
0.034719 0.843089 0.0776679 0.0445241
0.0807076 0.801448 0.0849148 0.0329292
0.0339462 0.837362 0.0550604 0.0736319
0.148759 0.672243 0.131566 0.0474328
0.100711 0.7098 0.155108 0.034381
0.0874362 0.79558 0.0559594 0.0610245
9.9991E-05 0.108959 0.153783 0.737158
0.0271074 0.963818 0.00212769 0.00694653
0.936648 9.9991E-05 0.0171573 0.0460944
0.952522 0.00893206 0.038446 9.9991E-05
9.9991E-05 0.985844 0.00992224 0.00413347
0.314982 0.234967 0.130426 0.319625
0.0191068 0.0967969 0.113787 0.770309
0.0740892 0.101697 9.9991E-05 0.824113
0.858931 0.0127599 0.01992 0.108389
0.112604 0.220514 0.02375 0.643132
0.00358318 0.116426 0.119679 0.760312
0.102477 0.705198 0.123874 0.0684503
9.9991E-05 0.0832455 0.141824 0.77483
0.0987108 0.250545 0.190939 0.459805
0.962176 9.9991E-05 0.0336135 0.0041102
0.0172348 0.945935 0.0367303 9.9991E-05
0.00326362 0.449907 9.9991E-05 0.546729
0.0507974 0.949003 9.9982E-05 9.9982E-05
0.0885373 0.186695 0.0727795 0.651989
9.998E-05 0.9997 9.998E-05 9.998E-05
9.9991E-05 0.0840428 0.0736617 0.842196
0.0388286 0.868695 9.9991E-05 0.0923768
9.9982E-05 0.889756 9.9982E-05 0.110044
0.891657 0.0707389 9.9991E-05 0.0375042
0.446996 0.302926 0.0292961 0.220781
0.399868 0.103677 0.0270594 0.469396
0.147611 0.640918 0.145471 0.065999
0.0931677 0.670845 0.132936 0.103052
0.132728 0.617528 0.185809 0.0639355
0.125404 0.594742 0.202508 0.0773464
0.988223 0.0115774 9.9982E-05 9.9982E-05
0.948135 0.0226203 0.0291451 9.9991E-05
0.833927 0.00166524 0.0507492 0.113659
0.0313468 0.782646 0.101197 0.0848106
0.276958 0.278095 0.155949 0.288999
0.400867 0.149351 0.250744 0.199039
0.785706 0.0229559 0.0573725 0.133966
0.689148 0.0567211 0.123039 0.131092
0.79227 0.109113 0.078831 0.0197863
0.524194 0.148391 0.205282 0.122133
9.9991E-05 0.221514 0.190542 0.587845
0.128731 9.9982E-05 9.9982E-05 0.871069
0.33982 9.9991E-05 0.0308361 0.629243
9.998E-05 0.9997 9.998E-05 9.998E-05
9.9982E-05 0.952211 9.9982E-05 0.047589
0.00233566 0.978798 9.9991E-05 0.018766
9.9991E-05 0.773248 0.0862788 0.140374
0.0190959 0.570215 0.140163 0.270525
0.0281899 0.55258 0.149928 0.269302
0.957112 0.0266728 0.0161149 9.9991E-05
0.866081 0.0524625 0.0511936 0.0302626
0.99172 9.9982E-05 0.00807978 9.9982E-05
9.9991E-05 0.0723041 0.114101 0.813495
9.998E-05 0.9997 9.998E-05 9.998E-05
9.998E-05 0.9997 9.998E-05 9.998E-05
9.998E-05 0.9997 9.998E-05 9.998E-05
9.9982E-05 0.988613 9.9982E-05 0.0111867
9.9982E-05 0.981103 9.9982E-05 0.0186973
9.9982E-05 0.0792921 9.9982E-05 0.920508
0.118242 0.646403 0.173725 0.0616306
9.9991E-05 0.0365506 0.0910617 0.872288
9.9982E-05 0.0711779 9.9982E-05 0.928622
0.807935 0.100494 9.9991E-05 0.0914707
9.998E-05 9.998E-05 9.998E-05 0.9997
9.998E-05 9.998E-05 9.998E-05 0.9997
0.0069422 9.9982E-05 9.9982E-05 0.992858
0.00356435 0.996236 9.9982E-05 9.9982E-05
9.998E-05 0.9997 9.998E-05 9.998E-05
0.0623905 0.647903 0.0596699 0.230037
9.9982E-05 0.985614 0.0141861 9.9982E-05
9.998E-05 0.9997 9.998E-05 9.998E-05
9.9982E-05 0.444257 9.9982E-05 0.555543
9.9982E-05 0.981693 9.9982E-05 0.0181067
0.0323496 0.96745 9.9982E-05 9.9982E-05
0.0908262 0.491709 0.13836 0.279104
9.9991E-05 0.0392859 0.131219 0.829395
9.9982E-05 0.862692 9.9982E-05 0.137108
0.34465 0.163684 0.477494 0.0141715
9.9982E-05 0.836817 9.9982E-05 0.162983
9.998E-05 0.9997 9.998E-05 9.998E-05
0.065216 0.024814 9.9991E-05 0.90987
0.0303576 0.270125 9.9991E-05 0.699418
9.9991E-05 0.0355879 0.129715 0.834598
9.9991E-05 0.181937 0.190526 0.627438
0.200701 9.9982E-05 9.9982E-05 0.799099
9.9991E-05 0.0700743 0.159642 0.770184
9.9991E-05 0.0937609 0.0875883 0.818551
0.00669596 0.0941479 0.047747 0.851409
9.9991E-05 0.0708779 0.197414 0.731608
0.0116673 0.168431 0.0824418 0.73746
9.9991E-05 0.0312915 0.105069 0.86354
0.099558 0.484061 0.141258 0.275124
0.981905 9.9991E-05 0.00108706 0.016908
0.810954 0.0999277 9.9991E-05 0.0890187
9.998E-05 9.998E-05 0.9997 9.998E-05
0.695546 0.117512 0.0103277 0.176614
0.913938 9.9991E-05 0.0142725 0.0716896
0.370221 0.0414321 0.0219951 0.566351
0.92508 9.9991E-05 0.0254567 0.0493637
0.346266 0.015746 0.0411487 0.596839
0.978924 0.0208757 9.9982E-05 9.9982E-05
0.168183 0.129122 0.264596 0.438098
0.0870319 0.100915 0.119613 0.69244
0.205521 0.0893093 0.110928 0.594242
0.913292 0.0138364 0.00713279 0.0657386
9.998E-05 0.9997 9.998E-05 9.998E-05
0.17268 9.9982E-05 9.9982E-05 0.82712
0.153952 0.172968 0.234324 0.438756
0.125636 9.9982E-05 9.9982E-05 0.874164
9.998E-05 0.9997 9.998E-05 9.998E-05
9.9991E-05 0.0476592 0.122171 0.83007
9.9982E-05 0.00745983 0.99234 9.9982E-05
0.0523346 0.108442 0.742178 0.097045
0.987152 9.9982E-05 0.0126479 9.9982E-05
0.348853 9.9991E-05 0.00940054 0.641646
9.9991E-05 0.0550195 0.109593 0.835288
9.9991E-05 0.0423241 0.105382 0.852194
0.101538 0.176041 9.9991E-05 0.722321
0.378329 9.9982E-05 9.9982E-05 0.621471
0.00199276 0.986904 9.9991E-05 0.011003
0.0254415 0.555 0.163281 0.256277
9.9991E-05 0.908058 0.019756 0.072086
0.153978 0.605646 0.191131 0.0492458
0.101594 0.596775 0.173095 0.128537
0.0911774 0.763406 0.094314 0.0511026
9.9991E-05 0.560111 0.160294 0.279495
0.108646 0.649361 0.157982 0.0840113
0.115568 0.768201 0.0607184 0.055513
0.0918746 0.306353 0.195974 0.405798
0.0906668 0.791884 0.0198867 0.0975629
0.141573 0.304718 0.201086 0.352623
9.9991E-05 0.0729403 0.163949 0.76301
9.9991E-05 0.354458 0.190221 0.455221
0.0294299 0.641368 0.117508 0.211694
0.0834304 0.592809 0.111858 0.211902
0.021934 0.542582 0.157998 0.277486
0.0423926 0.76974 0.100485 0.0873819
0.263007 9.9982E-05 9.9982E-05 0.736793
9.9982E-05 0.995962 9.9982E-05 0.00383827
0.109507 0.593578 0.16639 0.130525
0.0569611 0.792406 0.123728 0.0269045
0.10223 0.676782 0.171122 0.0498654
0.0687673 0.709739 0.142822 0.0786719
0.767013 0.0990096 9.9991E-05 0.133877
0.456508 0.0506302 0.0497634 0.443099
9.9991E-05 0.999247 0.000367456 0.000285552
0.173559 9.9982E-05 9.9982E-05 0.826241
0.735244 0.121927 9.9991E-05 0.142729
9.9991E-05 0.144111 0.228541 0.627249
9.998E-05 0.9997 9.998E-05 9.998E-05
9.998E-05 0.9997 9.998E-05 9.998E-05
9.998E-05 0.9997 9.998E-05 9.998E-05
9.998E-05 0.9997 9.998E-05 9.998E-05
9.9991E-05 0.0913888 0.0884241 0.820087
0.0720076 0.927792 9.9982E-05 9.9982E-05
0.780395 0.0987081 9.9991E-05 0.120797
0.991662 0.00813817 9.9982E-05 9.9982E-05
0.943442 0.0163688 0.0336277 0.0065613
0.965944 0.0172512 0.0167045 9.9991E-05
0.93999 9.9991E-05 0.0187803 0.0411299
0.162578 0.535932 0.21989 0.0815997
0.142175 0.524522 0.220606 0.112697
0.165301 0.563536 0.170173 0.100991
0.156766 0.692857 0.150277 9.9991E-05
0.134909 0.657888 0.174217 0.0329873
0.0386353 0.272097 0.200905 0.488363
0.13562 0.585862 0.226024 0.0524936
0.240543 0.361681 0.0373822 0.360394
0.12991 0.692405 0.173656 0.00402949
0.122492 0.708499 0.16891 9.9991E-05
0.120344 0.676356 0.2032 9.9991E-05
0.118468 0.779503 0.0682361 0.0337937
0.0912319 0.676271 0.204585 0.0279122
0.149596 0.662247 0.188057 9.9991E-05
0.242756 9.9982E-05 9.9982E-05 0.757044
0.339372 0.0250351 0.050643 0.58495
0.748534 0.0232326 0.0284151 0.199818
0.910545 9.9991E-05 0.028161 0.0611942
0.0442462 0.0941372 0.146247 0.71537
0.845727 0.0208697 0.060563 0.0728406
0.150986 9.9982E-05 9.9982E-05 0.848814
0.192371 9.9982E-05 9.9982E-05 0.807429
9.9991E-05 0.0847653 0.18095 0.734185
0.775368 0.061844 0.104101 0.0586871
0.555638 0.0759166 0.130156 0.238289
0.072317 0.120177 0.251759 0.555747
9.9991E-05 0.109075 0.202321 0.688504
0.0626848 0.116206 0.155869 0.665241
0.323249 0.101664 9.9991E-05 0.574987
9.9991E-05 0.0825726 0.191272 0.726055
0.131066 9.9982E-05 9.9982E-05 0.868734
9.9991E-05 0.170249 0.201951 0.6277
9.9991E-05 0.148417 0.246766 0.604717
9.9991E-05 0.580173 0.170941 0.248786
9.9991E-05 0.0753673 0.1896 0.734933
9.9991E-05 0.0567588 0.192936 0.750205
9.9991E-05 0.0815017 0.186251 0.732147
0.192864 0.157996 0.244713 0.404428
0.255605 9.9982E-05 9.9982E-05 0.744195
0.135847 9.9982E-05 9.9982E-05 0.863953
0.110739 9.9982E-05 9.9982E-05 0.889061
0.212844 9.9982E-05 9.9982E-05 0.786956
9.9982E-05 0.976737 9.9982E-05 0.0230629
0.0579746 0.633507 0.080369 0.228149
0.848455 0.0281174 0.00952024 0.113907
0.335854 0.00441615 0.0354785 0.624251
0.00859292 0.289038 0.18913 0.51324
9.9991E-05 0.31722 0.200352 0.482327
0.949977 0.0498228 9.9982E-05 9.9982E-05
0.761186 0.0698916 0.0145225 0.1544
0.0495951 0.504323 0.061119 0.384963
0.0220812 0.183852 0.048713 0.745354
0.86836 9.9991E-05 0.000628393 0.130912
0.274848 0.165996 0.256983 0.302174
9.9991E-05 0.320875 0.200674 0.47835
0.195721 0.176508 0.260493 0.367279
0.311688 0.150547 0.203252 0.334512
0.939805 0.00215662 0.057938 9.9991E-05
0.949723 0.050077 9.9982E-05 9.9982E-05
0.990672 0.0047354 0.00449242 9.9991E-05
0.896097 0.024465 0.0302417 0.0491962
0.96576 9.9982E-05 0.0340399 9.9982E-05
0.957588 9.9982E-05 9.9982E-05 0.0422122
0.563799 0.150776 0.188667 0.0967583
0.264684 0.279386 0.214799 0.241131
0.989445 0.0103553 9.9982E-05 9.9982E-05
0.247599 0.221277 0.205907 0.325217
0.189204 0.19906 0.218815 0.392921
0.0611646 0.848635 0.0688994 0.0213006
0.0442011 0.83306 0.0714661 0.0512726
0.051996 0.843664 0.0675957 0.0367444
0.0501379 0.841973 0.0977901 0.0100992
0.12131 0.794807 0.0837823 9.9991E-05
0.0328192 0.837129 0.0739685 0.0560835
0.0340982 0.839073 0.10305 0.023779
9.9991E-05 0.206432 0.194897 0.598571
9.9991E-05 0.12091 0.207012 0.671978
0.0152872 0.517315 0.151539 0.315859
0.00612623 0.535953 0.140728 0.317193
0.894596 0.0641418 0.0224336 0.0188283
0.835607 0.071658 0.084336 0.00839939
0.9997 9.998E-05 9.998E-05 9.998E-05
9.998E-05 0.9997 9.998E-05 9.998E-05
9.998E-05 0.9997 9.998E-05 9.998E-05
9.998E-05 0.9997 9.998E-05 9.998E-05
9.998E-05 0.9997 9.998E-05 9.998E-05
0.0205702 0.545928 0.000917108 0.432585
0.0775448 0.68786 0.0413909 0.193204
0.0575141 0.781196 0.0810548 0.0802353
9.998E-05 0.9997 9.998E-05 9.998E-05
9.998E-05 0.9997 9.998E-05 9.998E-05
9.998E-05 0.9997 9.998E-05 9.998E-05
0.00202058 0.997779 9.9982E-05 9.9982E-05
0.231395 0.206097 0.154675 0.407833
0.970031 9.9982E-05 0.0297691 9.9982E-05
0.00740035 0.221837 0.208485 0.562277
0.720984 0.0315397 0.0588317 0.188644
0.0201098 0.103322 0.13868 0.737888
9.9982E-05 0.935796 9.9982E-05 0.0640044
0.0633419 0.754937 0.105593 0.0761283
0.0321255 0.913376 0.0277663 0.0267327
0.301261 0.179756 0.234031 0.284952
0.163337 0.253667 0.258156 0.324841
0.592932 0.0243155 0.028316 0.354437
9.9991E-05 0.0614674 0.137874 0.800558
0.128247 0.646163 0.191553 0.0340375
0.159067 0.655445 0.16435 0.0211383
0.144459 0.663008 0.185932 0.0066008
0.109243 0.682005 0.201603 0.00714862
0.148072 0.676363 0.175465 9.9991E-05
0.157134 0.654622 0.188145 9.9991E-05
9.9991E-05 0.190599 0.219229 0.590072
0.127008 0.742863 0.126795 0.00333346
0.0338275 0.956092 9.9991E-05 0.00998047
9.998E-05 0.9997 9.998E-05 9.998E-05
9.998E-05 0.9997 9.998E-05 9.998E-05
0.0215396 0.97826 9.9982E-05 9.9982E-05
0.138421 0.680741 0.180738 9.9991E-05
0.157465 0.66292 0.179515 9.9991E-05
0.108248 0.794885 0.0942983 0.00256887
0.074036 0.756987 0.1429 0.0260772
0.122652 0.719197 0.147052 0.0110994
0.0944545 0.784443 0.0794576 0.0416445
0.374604 0.50289 0.0539367 0.0685692
0.842064 9.9991E-05 0.0226065 0.135229
0.809339 0.0623403 9.9991E-05 0.12822
0.87634 9.9991E-05 0.0412959 0.0822637
0.969418 9.9982E-05 0.0303817 9.9982E-05
0.104235 0.641501 0.179414 0.0748496
0.137224 0.636254 0.201051 0.0254703
0.113726 0.73827 0.13337 0.0146336
0.099547 0.717509 0.129341 0.0536039
0.0946903 0.647418 0.224682 0.0332095
0.100132 0.672703 0.184113 0.0430518
0.0923304 0.730321 0.177248 9.9991E-05
0.0903157 0.747728 0.126639 0.0353177
0.0283587 0.0775747 0.0952654 0.798801
9.9991E-05 0.0488049 0.108086 0.84301
9.9991E-05 0.0226728 0.112912 0.864315
0.0399358 0.0785134 0.130415 0.751135
0.099624 0.769456 0.0448431 0.0860766
0.0662119 0.859297 0.0630949 0.011396
0.0305293 0.891007 0.048219 0.030245
0.00964505 0.874391 0.013467 0.102497
0.151943 0.486792 0.221882 0.139383
9.9991E-05 0.685182 0.10773 0.206989
0.116183 0.636943 0.184199 0.062675
0.0835282 0.798188 0.0833556 0.034928
0.0687536 0.764149 0.100916 0.0661813
0.469838 0.136713 0.115526 0.277922
0.0108409 0.268797 0.192484 0.527879
0.884874 9.9991E-05 0.00677411 0.108252
0.221325 9.9982E-05 9.9982E-05 0.778475
0.358209 9.9982E-05 9.9982E-05 0.641591
0.574766 0.00569875 9.9991E-05 0.419435
0.361366 0.104471 0.0955054 0.438658
0.932607 9.9982E-05 9.9982E-05 0.0671934
0.977206 0.0225941 9.9982E-05 9.9982E-05
0.912094 0.0325784 0.0454994 0.00982855
0.961352 9.9991E-05 0.0199499 0.0185979
0.151153 0.471156 0.196318 0.181373
0.48449 0.292438 0.105212 0.117859
0.302084 0.541576 0.0886787 0.0676606
0.112774 0.624353 0.135745 0.127127
0.537109 0.127053 0.0869957 0.248843
0.969657 0.00653935 0.0237038 9.9991E-05
0.0251875 0.81764 0.116013 0.0411589
0.746438 0.0338886 0.112758 0.106915
0.250439 9.9982E-05 9.9982E-05 0.749361
0.106477 9.9982E-05 9.9982E-05 0.893323
0.978705 9.9982E-05 9.9982E-05 0.0210946
0.180059 0.138159 0.566406 0.115377
0.535353 0.0511633 9.9991E-05 0.413384
0.185694 9.9982E-05 9.9982E-05 0.814106
0.689517 0.0264895 0.0508279 0.233165
0.137293 0.126787 0.554182 0.181737
9.998E-05 9.998E-05 0.9997 9.998E-05
0.0174243 0.97405 9.9991E-05 0.00842581
0.140728 0.0881948 9.9991E-05 0.770978
0.0162541 0.329054 0.21049 0.444202
9.9991E-05 0.238743 0.215791 0.545366
0.0511255 0.17603 0.200515 0.57233
0.0901693 9.9982E-05 9.9982E-05 0.909631
9.9982E-05 0.986374 9.9982E-05 0.0134261
0.0245723 0.520528 0.160334 0.294566
9.9991E-05 0.0566784 0.11122 0.832001
0.104073 9.9982E-05 9.9982E-05 0.895727
9.9991E-05 0.063311 0.15544 0.781149
0.015545 0.307617 0.199152 0.477686
9.9991E-05 0.32649 0.201301 0.472109
0.0727052 0.705045 0.0405655 0.181685
0.060716 0.859358 9.9991E-05 0.079826
0.0429666 0.488056 0.130685 0.338293
9.9991E-05 0.253605 0.199105 0.54719
0.131055 9.9982E-05 9.9982E-05 0.868745
0.120607 9.9982E-05 9.9982E-05 0.879193
0.411099 0.133376 0.221979 0.233547
0.0263612 0.629885 0.0954515 0.248302
9.9991E-05 0.196084 0.213333 0.590483
0.98744 9.9982E-05 0.0123598 9.9982E-05
0.0452186 0.526224 0.138656 0.289902
0.391509 0.240299 0.0932018 0.27499
0.0906191 0.623019 0.231079 0.0552837
0.529608 0.162946 0.156379 0.151068
0.0110944 0.0774025 0.088428 0.823075
0.180684 0.142615 0.232369 0.444331
0.9997 9.998E-05 9.998E-05 9.998E-05
0.967525 0.0322753 9.9982E-05 9.9982E-05
0.114966 9.9982E-05 9.9982E-05 0.884834
0.9997 9.998E-05 9.998E-05 9.998E-05
0.620442 0.147018 0.117717 0.114823
0.894148 0.025427 0.0516063 0.0288191
0.83612 0.0362749 9.9991E-05 0.127505
0.00181735 0.309383 0.187466 0.501334
0.016933 0.982867 9.9982E-05 9.9982E-05
9.998E-05 0.9997 9.998E-05 9.998E-05
0.211531 9.9982E-05 9.9982E-05 0.788269
9.998E-05 0.9997 9.998E-05 9.998E-05
0.0633423 0.00615997 0.930398 9.9991E-05
0.00636523 0.00525237 0.988282 9.9991E-05
0.194426 0.213656 0.489811 0.102107
0.82319 0.0821236 9.9991E-05 0.0945865
9.998E-05 9.998E-05 0.9997 9.998E-05
9.998E-05 9.998E-05 0.9997 9.998E-05
9.998E-05 9.998E-05 0.9997 9.998E-05
9.998E-05 9.998E-05 0.9997 9.998E-05
9.998E-05 9.998E-05 0.9997 9.998E-05
0.0634539 9.9982E-05 9.9982E-05 0.936346
9.9991E-05 0.208526 0.207605 0.58377
9.9991E-05 0.0600604 0.135907 0.803933
9.9991E-05 0.0359888 0.117194 0.846717
0.539764 9.9982E-05 9.9982E-05 0.460036
0.0968451 9.9982E-05 9.9982E-05 0.902955
9.9991E-05 0.208946 0.212014 0.578941
9.9991E-05 0.0686306 0.193 0.73827
9.9991E-05 0.0926699 0.0626177 0.844612
9.9991E-05 0.0978936 0.213372 0.688635
0.00442725 9.9991E-05 0.966933 0.0285398
0.199205 0.156192 0.0068463 0.637757
0.856016 0.0366218 0.0254186 0.0819439
0.894694 0.0241289 0.0530954 0.0280819
0.738265 0.076513 0.0766501 0.108571
0.179173 9.9982E-05 9.9982E-05 0.820627
0.0837401 9.9991E-05 0.00751045 0.908649
9.998E-05 0.9997 9.998E-05 9.998E-05
0.256765 0.314288 0.0478568 0.381089
0.0153279 0.0728203 0.0830126 0.828839
