9.9991E-05 0.63714 0.12381 0.140023 0.0239154 0.0750118
0.0261472 0.271531 0.184177 0.470193 0.0110064 0.0369457
0.0356284 0.24606 0.168836 0.42981 0.036803 0.0828625
9.999E-05 0.658727 0.138581 0.131882 0.0126971 0.0580131
9.9973E-05 9.9973E-05 9.9973E-05 0.949038 0.0364546 0.014208
0.0892856 0.258146 0.202596 0.421566 0.0108824 0.0175241
0.00653029 0.368556 9.9982E-05 9.9982E-05 0.524564 0.10015
9.9964E-05 0.0164873 9.9964E-05 9.9964E-05 0.983113 9.9964E-05
9.9964E-05 9.9964E-05 0.00537864 9.9964E-05 0.994222 9.9964E-05
9.996E-05 9.996E-05 9.996E-05 9.996E-05 0.9995 9.996E-05
9.9982E-05 0.0945559 0.0133304 0.0353664 9.9982E-05 0.856547
9.9973E-05 0.0281106 9.9973E-05 9.9973E-05 0.0193879 0.952202
0.0101523 0.0297746 9.9973E-05 9.9973E-05 9.9973E-05 0.959773
9.9964E-05 0.00408062 9.9964E-05 9.9964E-05 9.9964E-05 0.99552
0.86317 0.107322 0.0191067 9.9982E-05 0.0102012 9.9982E-05
9.9964E-05 0.0116571 9.9964E-05 9.9964E-05 0.987943 9.9964E-05
9.9973E-05 0.796451 9.9973E-05 9.9973E-05 0.0110932 0.192156
0.901662 9.9973E-05 9.9973E-05 9.9973E-05 0.00223113 0.0958071
0.602557 0.144005 0.0556999 9.9991E-05 0.0188788 0.17876
0.394179 9.9973E-05 9.9973E-05 9.9973E-05 0.0097739 0.595747
0.837824 0.0501663 0.0195738 9.9991E-05 0.046334 0.0460021
0.100415 9.9973E-05 9.9973E-05 9.9973E-05 0.010762 0.888523
0.935967 9.9964E-05 9.9964E-05 9.9964E-05 9.9964E-05 0.0636331
0.12668 0.0323353 0.0232198 9.9991E-05 0.00793291 0.809732
0.0753709 9.9964E-05 9.9964E-05 9.9964E-05 9.9964E-05 0.924229
0.963003 0.0365976 9.9964E-05 9.9964E-05 9.9964E-05 9.9964E-05
0.877516 9.9973E-05 9.9973E-05 9.9973E-05 0.0117541 0.11043
0.621981 9.9991E-05 0.0782302 0.016873 0.0221002 0.260715
0.945456 9.9982E-05 0.0191907 9.9982E-05 0.0162669 0.0188865
0.942895 9.9982E-05 0.00459089 0.00897353 9.9982E-05 0.0433403
0.0403005 9.9973E-05 0.0273012 9.9973E-05 9.9973E-05 0.932098
9.9964E-05 0.0676788 9.9964E-05 9.9964E-05 9.9964E-05 0.931921
0.91071 9.9973E-05 0.00103875 9.9973E-05 9.9973E-05 0.0879514
0.195699 9.9973E-05 9.9973E-05 9.9973E-05 0.0399608 0.76404
0.982218 9.9973E-05 9.9973E-05 9.9973E-05 0.0017297 0.0157525
0.0465923 9.9964E-05 9.9964E-05 9.9964E-05 9.9964E-05 0.953008
0.901027 9.9964E-05 9.9964E-05 9.9964E-05 9.9964E-05 0.0985734
0.0512309 9.9982E-05 0.0265383 9.9982E-05 0.00648161 0.915549
9.9982E-05 0.639617 0.163111 0.189662 0.00741075 9.9982E-05
9.9964E-05 9.9964E-05 0.163135 0.836465 9.9964E-05 9.9964E-05
9.9973E-05 0.0336782 9.9973E-05 0.111849 9.9973E-05 0.854173
0.959798 9.9964E-05 9.9964E-05 9.9964E-05 9.9964E-05 0.0398018
0.06608 9.9973E-05 0.0190836 9.9973E-05 9.9973E-05 0.914536
9.9982E-05 0.309611 0.408513 0.192317 9.9982E-05 0.0893598
0.586901 0.122584 0.0445342 9.9991E-05 0.0457274 0.200153
0.39392 0.0680626 0.00743657 9.9991E-05 0.0478149 0.482666
0.867283 0.0101578 0.0147441 0.0169014 0.046758 0.0441561
0.0627501 0.239827 0.211803 0.482954 9.9991E-05 0.00256673
9.9982E-05 0.0936229 0.692291 0.203079 0.0108074 9.9982E-05
9.996E-05 0.9995 9.996E-05 9.996E-05 9.996E-05 9.996E-05
0.0143341 0.865091 0.00327493 9.9991E-05 0.00199641 0.115204
9.9982E-05 0.816063 0.0142548 9.9982E-05 0.0236387 0.145844
9.9964E-05 0.992173 9.9964E-05 9.9964E-05 9.9964E-05 0.00742759
0.000651059 9.9982E-05 9.9982E-05 0.0284272 0.947038 0.023684
9.9982E-05 0.01393 9.9982E-05 0.00832261 0.967689 0.00985807
0.0116274 0.215563 0.00187797 9.9991E-05 0.0594313 0.7114
0.0535122 9.9973E-05 9.9973E-05 9.9973E-05 0.0019241 0.944264
0.268407 0.372994 0.0629191 0.227846 0.0468269 0.0210064
0.015534 0.0268621 0.00994121 0.947463 9.9982E-05 9.9982E-05
0.0556487 0.0308442 0.389142 0.524165 9.9982E-05 9.9982E-05
9.9964E-05 0.797556 9.9964E-05 9.9964E-05 9.9964E-05 0.202044
0.0277403 0.815768 9.9982E-05 0.00862393 9.9982E-05 0.147667
9.9991E-05 0.747541 0.0281331 0.00132457 0.0126822 0.210219
9.9973E-05 0.021242 9.9973E-05 9.9973E-05 0.976155 0.00230274
9.9982E-05 0.0422078 0.0203171 0.925584 0.0116914 9.9982E-05
0.0121086 0.743891 9.99729E-05 9.99729E-05 9.99729E-05 0.243701
9.9982E-05 0.775861 0.0846555 0.119918 0.0193654 9.9982E-05
0.0418653 9.9964E-05 9.9964E-05 9.9964E-05 9.9964E-05 0.957735
0.0029469 9.9964E-05 9.9964E-05 9.9964E-05 9.9964E-05 0.996653
0.0313691 0.0906025 0.0294562 0.0282199 0.820252 9.9991E-05
0.0607437 0.110376 0.00923471 0.0119374 0.807608 9.9991E-05
0.0076021 0.0665649 0.0251977 0.00985994 0.880837 0.00993814
9.9982E-05 0.00905886 0.0101769 0.00923804 0.971326 9.9982E-05
9.9964E-05 9.9964E-05 9.9964E-05 9.9964E-05 0.985761 0.0138393
9.9973E-05 0.00649642 9.9973E-05 0.0154906 0.977713 9.9973E-05
9.9964E-05 0.0171526 9.9964E-05 9.9964E-05 0.982447 9.9964E-05
0.00405912 9.9991E-05 0.00182691 0.00400215 0.968078 0.0219337
9.9973E-05 9.9973E-05 0.00163515 0.023662 0.974403 9.9973E-05
9.996E-05 9.996E-05 9.996E-05 9.996E-05 0.9995 9.996E-05
0.0165242 0.0148861 9.9982E-05 9.9982E-05 0.940697 0.0276924
0.000451416 0.043635 0.02044 9.9982E-05 0.935274 9.9982E-05
9.9973E-05 0.0268391 0.0178776 9.9973E-05 0.954983 9.9973E-05
0.44672 9.9973E-05 9.9973E-05 9.9973E-05 0.532059 0.0209212
0.436896 9.99641E-05 9.99641E-05 9.99641E-05 0.562704 9.99641E-05
9.996E-05 9.996E-05 9.996E-05 9.996E-05 0.9995 9.996E-05
9.9964E-05 0.0585255 9.9964E-05 9.9964E-05 0.941075 9.9964E-05
9.9973E-05 0.0558842 9.9973E-05 0.000821011 0.942995 9.9973E-05
0.037829 9.9982E-05 0.00129563 0.0280992 0.932576 9.9982E-05
9.99642E-05 0.0128575 9.99642E-05 9.99642E-05 0.986743 9.99642E-05
0.455455 9.9973E-05 9.9973E-05 9.9973E-05 0.529344 0.0149015
0.0326931 9.9991E-05 0.0208312 0.0173123 0.880762 0.0483011
0.0145673 0.0126419 9.9991E-05 0.0144016 0.938241 0.0200486
9.9982E-05 0.0283974 9.9982E-05 0.000907592 0.969779 0.000715642
0.0096449 0.0450147 0.00660102 0.0131464 0.925493 9.9991E-05
0.00409064 0.0547708 0.00129923 0.0135549 0.876006 0.0502784
0.00131914 0.0658736 9.9973E-05 9.9973E-05 0.932507 9.9973E-05
0.630526 0.172128 0.0382965 0.133579 9.9991E-05 0.0253696
0.0405017 9.9982E-05 0.00869053 0.0098811 0.940727 9.9982E-05
0.00927545 9.9973E-05 9.9973E-05 9.9973E-05 0.989222 0.00120268
0.054968 0.0795007 0.0920474 0.0410117 0.71875 0.0137221
9.996E-05 9.996E-05 9.996E-05 9.996E-05 0.9995 9.996E-05
0.00450418 9.9973E-05 9.9973E-05 9.9973E-05 0.98141 0.0137863
9.9982E-05 0.00382614 0.00325989 9.9982E-05 0.986998 0.00571613
0.0144624 9.9973E-05 9.9973E-05 9.9973E-05 0.977434 0.00780366
0.92301 9.9991E-05 0.0071517 0.0118844 0.0403607 0.0174934
9.996E-05 9.996E-05 9.996E-05 9.996E-05 0.9995 9.996E-05
9.9973E-05 0.0149745 0.0128849 9.9973E-05 0.971841 9.9973E-05
9.996E-05 9.996E-05 9.996E-05 9.996E-05 0.9995 9.996E-05
0.637767 0.0158532 0.00440489 0.00254219 0.0217946 0.317638
9.9982E-05 9.9982E-05 0.0391093 0.0254374 0.932318 0.0029353
9.9982E-05 0.0272245 0.0134063 9.9982E-05 0.938602 0.0205673
0.0166533 0.0171351 9.9973E-05 9.9973E-05 0.965912 9.9973E-05
9.9964E-05 9.9964E-05 9.9964E-05 9.9964E-05 0.992081 0.00751871
0.655714 0.0663486 9.9982E-05 9.9982E-05 0.0263104 0.251427
9.996E-05 9.996E-05 9.996E-05 9.996E-05 0.9995 9.996E-05
9.9982E-05 0.040299 0.0328766 0.0137879 0.912836 9.9982E-05
0.483684 9.9973E-05 9.9973E-05 9.9973E-05 0.51128 0.00473648
9.9973E-05 9.9973E-05 0.015765 9.9973E-05 0.97467 0.0092648
0.221842 9.9982E-05 0.00142212 9.9982E-05 0.0302324 0.746303
0.291953 9.9982E-05 9.9982E-05 0.0315175 0.000755311 0.675574
0.0734271 0.00162716 9.9991E-05 0.0350789 0.0306706 0.859096
0.901175 9.9982E-05 9.9982E-05 0.0119138 0.0482648 0.0384463
0.0122977 0.73204 0.0160093 9.9991E-05 0.0327461 0.206807
0.0741128 9.9991E-05 0.0130958 0.00475699 0.0466494 0.861285
0.212148 0.251587 0.0615028 0.0317781 9.9991E-05 0.442883
0.185241 9.9982E-05 9.9982E-05 0.000510651 0.0351091 0.778939
0.309752 9.9973E-05 0.0480602 9.9973E-05 9.9973E-05 0.641888
0.198561 9.9982E-05 0.0485996 9.9982E-05 0.00710897 0.745531
0.28718 9.9982E-05 0.070585 0.0285905 9.9982E-05 0.613444
0.330929 9.9991E-05 0.0511485 0.0381134 0.00701498 0.572694
0.00634909 9.9982E-05 9.9982E-05 0.0551086 0.00545877 0.932884
9.9991E-05 0.0134908 0.0385534 0.012904 0.0345433 0.900409
9.9991E-05 0.0202339 0.0212199 0.0130108 0.038977 0.906458
0.797751 0.0258987 0.0620531 0.00213188 0.0310747 0.0810904
0.00431016 0.0513375 0.548503 0.387119 0.00505839 0.00367277
0.0164451 0.0761157 0.49098 0.376313 0.0400461 9.9991E-05
9.9982E-05 0.0880551 0.136968 0.758501 9.9982E-05 0.0162755
0.36043 0.30787 0.0378695 0.0473855 0.0927519 0.153693
9.9982E-05 0.0813946 0.535226 0.357638 0.0255418 9.9982E-05
9.9982E-05 0.0802016 0.490988 0.375262 0.0533484 9.9982E-05
0.146094 0.148064 0.037469 0.0599036 0.10325 0.505219
9.9991E-05 0.0233721 0.378384 0.56024 0.00784929 0.0300545
0.0075313 0.0399546 0.419035 0.467983 0.01069 0.0548063
9.9991E-05 0.0411331 0.439704 0.487245 0.00306437 0.0287534
0.0738819 0.0833971 0.590108 0.225871 0.0266416 9.9991E-05
0.0274967 0.101073 0.584848 0.261567 0.0249164 9.9991E-05
0.0226558 0.0608809 0.456964 0.456936 9.9991E-05 0.00246281
0.00215726 0.881662 0.044728 9.9982E-05 9.9982E-05 0.0712533
0.0223088 0.00305366 0.181092 0.771217 9.9991E-05 0.0222293
0.943783 0.0308777 0.00682551 9.9991E-05 0.00346321 0.0149503
0.954377 9.9982E-05 0.00485739 9.9982E-05 0.0262966 0.0142689
0.00759037 0.0336613 0.0399182 0.906345 0.00398897 0.0084961
0.167103 0.172352 0.114552 0.197075 0.164027 0.18489
0.00568807 0.739679 0.0446241 9.9982E-05 9.9982E-05 0.209809
9.9982E-05 0.030914 0.0588594 0.0696839 9.9982E-05 0.840343
0.834546 0.0255823 0.0250456 9.9991E-05 0.0351295 0.0795964
9.9991E-05 0.0700669 0.1438 0.132484 0.0353781 0.618172
0.0515931 0.688311 0.0505871 0.0133183 9.9991E-05 0.19609
0.0703902 0.0434297 0.604837 0.243696 0.0128321 0.0248148
9.9973E-05 0.839254 0.00375893 9.9973E-05 9.9973E-05 0.156687
0.123948 0.506526 0.127087 0.073935 0.0725437 0.0959606
0.951918 9.9973E-05 9.9973E-05 9.9973E-05 0.0328474 0.0149344
0.0342794 0.00636051 0.152487 0.76297 0.034322 0.00958152
9.9982E-05 9.9982E-05 0.0170222 0.423054 0.0190722 0.540651
0.0314414 9.9991E-05 0.0123435 0.915705 0.0260928 0.0143174
0.0353145 0.342157 0.0694022 0.0739724 0.0411053 0.438049
9.996E-05 9.996E-05 9.996E-05 0.9995 9.996E-05 9.996E-05
9.9973E-05 0.680343 9.9973E-05 0.0211567 9.9973E-05 0.2982
0.0627509 0.0386711 9.9991E-05 0.816083 0.0369587 0.0454363
0.0245481 0.0531811 9.9991E-05 0.879786 0.0147953 0.027589
0.888763 9.9973E-05 9.9973E-05 0.0669679 9.9973E-05 0.0439689
0.407728 0.109673 0.183348 0.154332 9.9991E-05 0.144818
0.36268 0.0983956 0.036032 0.0775748 0.033259 0.392058
0.0460495 0.0448116 0.837234 0.0353473 0.0216057 0.0149514
9.9973E-05 0.0133215 0.956911 9.9973E-05 9.9973E-05 0.0294677
0.0485231 0.0663241 0.874299 9.9982E-05 0.0106535 9.9982E-05
0.0197255 0.0631882 0.872218 9.9991E-05 0.0234047 0.0213637
0.972695 9.9964E-05 0.0269048 9.9964E-05 9.9964E-05 9.9964E-05
0.931839 0.0058137 9.9991E-05 0.0339681 0.0238399 0.00443935
0.801832 0.0793851 0.00739075 9.9991E-05 0.0353639 0.0759281
9.9982E-05 0.0760291 0.551439 0.351162 0.0211697 9.9982E-05
0.212062 0.166458 0.127624 0.170778 0.16882 0.154259
0.385912 0.314873 0.107092 0.0401203 0.149242 0.00276131
0.784989 0.0500795 9.9991E-05 0.0257142 0.0422434 0.0968741
0.651458 0.107271 0.0361885 0.050403 0.0922836 0.0623957
0.741428 0.0864975 0.101452 0.0164782 0.0540446 9.9991E-05
0.497866 0.188251 0.0682018 0.0607568 0.156841 0.0280835
0.0457564 0.772135 0.0539747 0.0704247 0.0157687 0.0419408
0.0496582 0.0434925 9.9973E-05 9.9973E-05 9.9973E-05 0.906549
0.250304 0.0566141 0.0361635 9.9991E-05 0.0536959 0.603123
9.9964E-05 9.9964E-05 9.9964E-05 0.986634 9.9964E-05 0.0129662
9.9973E-05 0.0489993 9.9973E-05 0.935436 9.9973E-05 0.0152647
0.0235769 0.0725064 9.9973E-05 0.903617 9.9973E-05 9.9973E-05
9.9973E-05 0.215351 0.326516 0.457833 9.9973E-05 9.9973E-05
0.0407996 0.42093 0.0873919 0.376936 0.0738422 9.9991E-05
0.0236551 0.440855 0.0884239 0.395615 0.0513512 9.9991E-05
0.937074 0.0379735 0.00893861 9.9982E-05 0.0158142 9.9982E-05
0.834168 0.0743745 0.0479853 0.0269841 0.0163882 9.9991E-05
0.983582 9.9964E-05 9.9964E-05 9.9964E-05 9.9964E-05 0.0160177
9.9982E-05 0.690204 9.9982E-05 0.00313146 0.0153175 0.291147
0.0317309 9.9973E-05 9.9973E-05 0.95113 0.0168389 9.9973E-05
0.0065296 9.9982E-05 9.9982E-05 0.983169 0.00844004 0.00166136
9.9973E-05 9.9973E-05 0.0168934 0.960591 9.9973E-05 0.0222158
9.9973E-05 9.9973E-05 0.0916234 0.873051 9.9973E-05 0.0350259
0.00399306 0.0039058 0.0368034 0.902866 0.0112512 0.0411805
9.9973E-05 0.0707767 9.9973E-05 0.0985201 9.9973E-05 0.830403
0.0764605 0.150253 0.346591 0.341814 0.0847818 9.9991E-05
9.9964E-05 0.786919 9.9964E-05 9.9964E-05 9.9964E-05 0.212681
9.9973E-05 0.0721571 9.9973E-05 0.0841727 9.9973E-05 0.84337
0.8024 0.128621 9.9973E-05 0.0686788 9.9973E-05 9.9973E-05
9.9964E-05 0.045555 9.9964E-05 9.9964E-05 9.9964E-05 0.954045
9.9964E-05 0.104352 9.9964E-05 9.9964E-05 9.9964E-05 0.895248
9.9964E-05 0.112915 9.9964E-05 9.9964E-05 9.9964E-05 0.886685
9.9982E-05 9.9982E-05 0.0149756 0.93348 0.0163979 0.0349462
9.9973E-05 0.00175328 9.9973E-05 0.989881 9.9973E-05 0.00806604
0.0569517 0.290172 0.231289 0.394011 0.00521287 0.022363
9.9982E-05 0.000968349 9.9982E-05 0.952433 0.0176656 0.0287333
9.996E-05 9.996E-05 9.996E-05 0.9995 9.996E-05 9.996E-05
9.9982E-05 9.9982E-05 0.0142703 0.407492 0.0237736 0.554264
0.0410578 0.0175523 0.0736497 0.86754 9.9982E-05 9.9982E-05
0.0404433 0.0185332 0.0754905 0.865045 9.9991E-05 0.000387859
0.0930126 0.420339 0.180334 0.256275 0.0499393 9.9991E-05
9.9973E-05 0.729614 9.9973E-05 9.9973E-05 0.00417537 0.265911
9.9982E-05 0.0399739 0.0983226 0.762539 9.9982E-05 0.0989645
0.313607 9.9991E-05 0.18414 0.0371359 0.427552 0.0374645
9.9982E-05 0.036854 0.0920885 0.744801 9.9982E-05 0.126057
9.9973E-05 9.9973E-05 9.9973E-05 0.97496 0.00709336 0.017647
9.9982E-05 0.00626505 0.0295979 0.034873 9.9982E-05 0.929064
9.9973E-05 0.0799731 9.9973E-05 0.28573 9.9973E-05 0.633997
0.0192979 0.804304 9.9973E-05 9.9973E-05 9.9973E-05 0.176098
0.00621694 0.952397 9.9973E-05 0.0410858 9.9973E-05 9.9973E-05
0.09659 9.9964E-05 9.9964E-05 9.9964E-05 9.9964E-05 0.90301
9.9973E-05 0.869634 9.9973E-05 9.9973E-05 0.00683045 0.123236
0.00885319 0.716541 9.9982E-05 0.0169189 9.9982E-05 0.257487
9.9973E-05 0.673666 9.9973E-05 0.0274604 9.9973E-05 0.298574
9.996E-05 0.9995 9.996E-05 9.996E-05 9.996E-05 9.996E-05
9.9991E-05 0.576241 0.0407611 0.0599724 0.00115924 0.321767
0.00958983 0.77987 9.9973E-05 9.9973E-05 9.9973E-05 0.21024
0.0831387 0.396342 0.185014 0.263834 0.0715715 9.9991E-05
0.958219 9.9973E-05 9.9973E-05 9.9973E-05 0.00479596 0.0366852
0.806228 0.129754 0.00963676 0.0541818 9.9982E-05 9.9982E-05
9.996E-05 9.996E-05 9.996E-05 9.996E-05 0.9995 9.996E-05
0.683089 0.19382 0.0165557 0.0606276 9.9991E-05 0.0458074
0.877157 9.9973E-05 9.9973E-05 9.9973E-05 0.0244319 0.0981111
0.352565 0.415523 9.9973E-05 9.9973E-05 9.9973E-05 0.231612
0.882777 9.9973E-05 9.9973E-05 9.9973E-05 0.0386188 0.0783042
0.279398 0.0725192 0.0352428 0.0112988 0.0309314 0.57061
0.977238 0.00452307 9.9982E-05 0.0174202 0.00061879 9.9982E-05
0.15053 0.651216 0.0408028 0.0170942 0.140257 9.9991E-05
0.0770159 0.692324 0.0638089 9.9982E-05 9.9982E-05 0.166651
0.208654 0.380633 0.0360957 0.00692555 0.0484227 0.31927
0.885325 0.0260738 9.9991E-05 0.00545891 0.031352 0.0516905
9.9973E-05 9.9973E-05 0.0530273 0.931649 0.0150234 9.9973E-05
0.0490508 9.9973E-05 9.9973E-05 0.0103709 9.9973E-05 0.940278
0.186464 0.605642 0.0936331 0.0161651 0.0979962 9.9991E-05
0.047126 0.0195359 9.9973E-05 9.9973E-05 9.9973E-05 0.933038
9.9973E-05 0.0239249 0.0492439 0.926531 9.9973E-05 9.9973E-05
9.9964E-05 0.776111 9.9964E-05 9.9964E-05 9.9964E-05 0.223489
9.9973E-05 0.0141558 0.0157219 9.9973E-05 0.969822 9.9973E-05
0.0619531 0.117145 0.109852 0.0233938 0.687556 9.9991E-05
0.96395 0.0219218 9.9973E-05 9.9973E-05 0.0138282 9.9973E-05
0.265053 0.0396154 9.9982E-05 9.9982E-05 0.0610134 0.634118
9.99639E-05 0.82683 9.99639E-05 9.99639E-05 9.99639E-05 0.17277
9.99639E-05 0.770228 9.99639E-05 9.99639E-05 9.99639E-05 0.229372
9.9982E-05 0.136131 0.135892 0.103091 9.9982E-05 0.624686
0.27058 0.0116157 9.9991E-05 0.0082959 0.0468493 0.662559
0.0077088 0.0692936 9.9973E-05 0.922698 9.9973E-05 9.9973E-05
0.0264944 0.464095 0.102781 0.383931 0.0225982 9.9991E-05
9.9973E-05 0.0473983 0.331847 0.620454 9.9973E-05 9.9973E-05
0.0753385 0.0102975 0.557525 0.187873 0.123013 0.045953
0.0577599 0.119905 0.572058 0.144369 0.0819545 0.0239536
0.0357542 0.133271 0.426051 0.395039 0.00978501 9.9991E-05
0.0075767 0.44502 0.094202 0.389866 0.0632348 9.9991E-05
0.0354196 0.111473 0.501168 0.252037 0.0736738 0.0262281
0.0357206 0.120141 0.473801 0.370137 9.9982E-05 9.9982E-05
0.0764733 0.621575 0.130366 0.114677 0.0568084 9.9991E-05
0.042051 0.106715 0.399504 0.45153 9.9982E-05 9.9982E-05
0.140786 0.503344 0.161677 0.113301 0.0807917 9.9991E-05
9.9973E-05 0.87873 9.9973E-05 9.9973E-05 0.0134012 0.107568
9.9991E-05 0.534921 0.207549 0.102154 0.0752389 0.0800376
0.0279952 0.182952 0.275029 0.401751 0.0485034 0.0637694
0.061396 0.214081 0.276742 0.316451 0.0561224 0.0752088
0.0218905 0.425877 0.172067 0.327716 0.0523493 9.9991E-05
9.9991E-05 0.0706681 0.411418 0.443459 0.0499286 0.0244263
0.172877 9.9973E-05 0.00583215 9.9973E-05 9.9973E-05 0.820991
9.9973E-05 0.021109 9.9973E-05 0.959188 9.9973E-05 0.0194029
0.0880578 0.116643 0.538511 0.177545 0.0574474 0.0217954
0.028761 0.140382 0.318646 0.480986 0.0311246 9.9991E-05
0.0488482 0.0981679 0.536319 0.258302 0.0582632 9.9991E-05
0.0271765 0.03791 0.54203 0.2901 0.0583594 0.044424
0.739684 0.200375 0.0256631 0.0340781 9.9982E-05 9.9982E-05
0.38479 0.0553735 0.0281294 0.0189429 0.0582697 0.454494
9.9982E-05 0.0145555 0.119183 0.857546 0.00851575 9.9982E-05
0.0719716 9.9973E-05 0.0218628 9.9973E-05 9.9973E-05 0.905866
0.724369 0.193392 9.9982E-05 0.0593026 9.9982E-05 0.0227362
9.9973E-05 0.930868 9.9973E-05 0.018004 0.0508281 9.9973E-05
9.996E-05 9.996E-05 9.996E-05 0.9995 9.996E-05 9.996E-05
9.996E-05 9.996E-05 9.996E-05 0.9995 9.996E-05 9.996E-05
9.9973E-05 9.9973E-05 9.9973E-05 0.94874 0.0299515 0.0210081
9.996E-05 9.996E-05 9.996E-05 0.9995 9.996E-05 9.996E-05
9.9973E-05 0.713536 9.9973E-05 0.0198037 9.9973E-05 0.266361
0.0724513 9.9982E-05 9.9982E-05 0.869881 0.0440765 0.0133908
0.780217 0.143744 0.0173918 0.0584481 9.9982E-05 9.9982E-05
0.970715 0.0229193 0.00606542 9.9973E-05 9.9973E-05 9.9973E-05
0.900851 0.0375314 9.9982E-05 9.9982E-05 0.0483711 0.0130469
0.954599 0.0165458 9.9973E-05 9.9973E-05 0.0285558 9.9973E-05
0.898073 9.9973E-05 9.9973E-05 9.9973E-05 0.0293801 0.0722468
0.0918648 0.120637 0.608682 0.0867123 0.0914673 0.000636885
0.0834336 0.114059 0.610747 0.0727247 0.0945758 0.0244601
0.0386438 0.00709955 0.921167 9.9982E-05 9.9982E-05 0.0328897
0.0321196 9.9982E-05 0.912602 0.0488402 0.00623802 9.9982E-05
0.00810375 9.9982E-05 0.970059 9.9982E-05 0.0164006 0.0052366
0.0120358 0.586099 0.316819 9.9991E-05 0.0514238 0.0335225
9.9973E-05 9.9973E-05 0.924404 9.9973E-05 0.0181058 0.0571906
0.216151 0.130746 0.125033 0.245319 0.00772936 0.275022
9.996E-05 9.996E-05 0.9995 9.996E-05 9.996E-05 9.996E-05
9.996E-05 9.996E-05 0.9995 9.996E-05 9.996E-05 9.996E-05
9.9964E-05 9.9964E-05 0.979863 9.9964E-05 0.0197373 9.9964E-05
0.0195417 9.9982E-05 0.685829 0.258444 9.9982E-05 0.0359855
9.996E-05 9.996E-05 0.9995 9.996E-05 9.996E-05 9.996E-05
0.0307275 9.9982E-05 0.932023 0.0191633 0.017886 9.9982E-05
0.143219 9.9982E-05 0.0258018 9.9982E-05 0.0109167 0.819863
0.270679 0.0443932 0.0558556 0.0184045 0.0422956 0.568372
0.718311 0.0976993 0.0462722 9.9991E-05 0.0130134 0.124604
0.908723 9.9982E-05 9.9982E-05 0.00711084 0.0132124 0.0707535
0.0870001 0.818833 0.00509099 9.9982E-05 9.9982E-05 0.0888765
0.796719 0.0464218 0.0108349 0.0308931 0.0560714 0.0590601
0.0331688 9.9964E-05 9.9964E-05 9.9964E-05 9.9964E-05 0.966431
0.0641623 9.9964E-05 9.9964E-05 9.9964E-05 9.9964E-05 0.935438
9.9973E-05 0.96844 9.9973E-05 9.9973E-05 0.0217757 0.00948477
0.789192 0.053676 0.0289536 0.0386664 0.0682003 0.0213112
0.527308 0.177582 0.0236764 0.0408815 0.0899784 0.140574
0.0691552 0.822276 0.028932 0.0148472 0.0646894 9.99911E-05
9.9982E-05 0.923485 0.0229073 9.9982E-05 0.0168058 0.0366018
0.100528 0.789606 0.000810852 9.9991E-05 0.0264537 0.0825016
0.249529 0.11219 0.0410887 0.0672034 9.9991E-05 0.529889
0.00395139 0.903441 0.0104698 9.9991E-05 0.0229364 0.0591011
0.0463195 9.9973E-05 9.9973E-05 9.9973E-05 0.0086637 0.944717
9.9973E-05 0.938888 9.9973E-05 0.0514236 0.00938804 9.9973E-05
9.9973E-05 0.92336 9.9973E-05 0.0320471 0.0442928 9.9973E-05
9.9982E-05 0.368512 0.233044 0.334838 0.0634061 9.9982E-05
9.996E-05 0.9995 9.996E-05 9.996E-05 9.996E-05 9.996E-05
9.9964E-05 0.986068 9.9964E-05 9.9964E-05 0.0135321 9.9964E-05
9.996E-05 0.9995 9.996E-05 9.996E-05 9.996E-05 9.996E-05
0.189242 0.483533 0.0724335 0.0592115 0.142504 0.0530757
0.175548 0.0217556 0.0120588 0.0124071 9.9991E-05 0.77813
0.0479273 0.0473824 0.00010655 0.0366338 9.9991E-05 0.86785
0.0273938 0.0877621 0.0168277 0.00510596 0.0137595 0.849151
0.0844117 0.00123253 9.9982E-05 9.9982E-05 0.0100299 0.904126
9.9964E-05 0.0785118 9.9964E-05 0.921088 9.9964E-05 9.9964E-05
0.0402019 0.303261 0.216371 0.40472 0.0125646 0.0228809
0.781178 0.0210429 9.9991E-05 0.00947456 0.0309757 0.157229
0.296036 0.107784 0.01527 9.9991E-05 0.0470382 0.533771
9.9991E-05 0.664425 0.115747 0.129155 0.0611887 0.0293831
0.0350096 0.631072 0.133901 0.120149 0.0521477 0.0277203
0.915745 0.0199011 0.0182677 0.0458859 9.9982E-05 9.9982E-05
0.774401 0.170379 0.00152442 0.0534957 9.9982E-05 9.9982E-05
9.9991E-05 0.0950688 0.358219 0.257478 0.00740051 0.281734
9.9982E-05 0.43256 0.0568558 0.107121 9.9982E-05 0.403264
0.832792 0.0656204 9.9982E-05 0.000536674 9.9982E-05 0.100851
0.2848 0.46258 0.0486824 0.0531926 0.150645 9.9991E-05
9.9991E-05 0.569835 0.191136 0.0867073 0.0898365 0.0623851
0.16838 0.462948 0.099044 0.0283037 0.170445 0.0708787
0.301219 0.385343 0.0724527 0.0560548 0.120807 0.0641235
0.928195 9.9973E-05 9.9973E-05 9.9973E-05 0.0701877 0.00131769
0.92449 9.9982E-05 0.0341449 0.0257756 0.0153897 9.9982E-05
0.981174 9.9973E-05 9.9973E-05 0.00429802 0.0142277 9.9973E-05
0.866761 0.0217208 0.0496859 9.9991E-05 0.0250286 0.0367035
0.972853 9.9964E-05 9.9964E-05 9.9964E-05 0.0267468 9.9964E-05
0.935332 0.0107974 9.9973E-05 9.9973E-05 9.9973E-05 0.0535707
0.503751 0.177311 0.0792112 0.0584485 0.181178 9.9991E-05
0.28225 0.321293 0.130489 0.10693 0.137724 0.0213143
0.995918 0.00247537 9.9973E-05 9.9973E-05 9.9973E-05 0.00130654
0.278074 0.406619 0.124224 0.0634821 0.127501 9.9991E-05
0.193103 0.532426 0.0797053 0.0525048 0.11515 0.0271106
0.000224749 0.0389213 0.544726 0.392154 0.00965278 0.0143215
9.9973E-05 0.0822155 0.544271 0.373214 9.9973E-05 9.9973E-05
0.0137457 0.0636087 0.547204 0.368223 9.9991E-05 0.00711888
9.9982E-05 0.0500201 0.543889 0.388857 0.017034 9.9982E-05
0.0451026 0.0205341 0.549164 0.369213 0.0158862 9.9991E-05
9.9982E-05 0.0321135 0.548429 0.409738 0.00952025 9.9982E-05
9.9982E-05 0.044829 0.545503 0.389122 0.020346 9.9982E-05
0.0238306 0.923378 0.0152654 0.0373261 9.9982E-05 9.9982E-05
9.9964E-05 0.96127 9.9964E-05 9.9964E-05 0.0383304 9.9964E-05
0.0347031 0.451779 0.214893 0.29359 0.0049344 9.9991E-05
0.00227959 0.483943 0.21732 0.278845 0.0175125 9.9991E-05
0.838266 0.0059653 0.0749287 0.0153543 0.0124572 0.0530286
0.805572 0.0736074 0.0514429 0.0183284 0.0509491 9.9991E-05
0.9995 9.996E-05 9.996E-05 9.996E-05 9.996E-05 9.996E-05
9.9982E-05 9.9982E-05 0.00990899 0.96127 0.0228929 0.00572778
9.9964E-05 9.9964E-05 0.138815 0.860785 9.9964E-05 9.9964E-05
0.0137211 9.9964E-05 9.9964E-05 0.985879 9.9964E-05 9.9964E-05
9.9964E-05 9.9964E-05 0.135251 0.864349 9.9964E-05 9.9964E-05
0.0359213 0.258522 0.0786586 0.430916 9.9991E-05 0.195882
0.0493994 0.125072 0.367371 0.403136 9.9991E-05 0.0549224
0.00145161 0.0385707 0.500885 0.400461 0.0062084 0.0524232
9.9964E-05 9.9964E-05 0.174556 0.825044 9.9964E-05 9.9964E-05
9.9964E-05 9.9964E-05 0.131542 0.868058 9.9964E-05 9.9964E-05
9.996E-05 9.996E-05 9.996E-05 0.9995 9.996E-05 9.996E-05
0.0309059 9.9982E-05 0.121159 0.840683 9.9982E-05 0.00705228
0.161766 0.0879941 0.20826 0.0609256 0.126849 0.354204
0.99605 9.9964E-05 9.9964E-05 9.9964E-05 0.00355055 9.9964E-05
0.00313578 0.903084 9.9982E-05 0.0768309 0.0167491 9.9982E-05
0.653003 0.0370859 0.0143624 0.0330957 0.0604607 0.201993
0.0215982 0.827625 0.0116797 9.9982E-05 9.9982E-05 0.138897
0.0127069 0.0582609 9.9982E-05 0.904568 9.9982E-05 0.0242642
0.0274201 0.0700592 0.500818 0.366047 0.00873519 0.02692
0.0392293 0.0969999 0.145214 0.718357 9.9982E-05 9.9982E-05
0.266419 0.487333 0.0284351 0.0809116 0.136802 9.9991E-05
0.125056 0.499177 0.144225 0.0804203 0.14692 0.00420232
0.522157 0.0463068 0.0443073 0.00999939 0.0268545 0.350375
0.0203777 0.897375 9.9973E-05 9.9973E-05 9.9973E-05 0.0819469
0.0411496 9.9991E-05 0.774029 0.0938331 0.0719907 0.0188974
0.0605626 0.00701745 0.899625 0.0311728 0.00152213 9.9991E-05
0.0124449 0.00484139 0.976903 9.9982E-05 0.00561124 9.9982E-05
9.9982E-05 0.0128004 0.975278 9.9982E-05 0.0076475 0.00407392
0.00389698 9.9964E-05 0.995703 9.9964E-05 9.9964E-05 9.9964E-05
0.0456041 9.9982E-05 0.907193 0.0384603 0.00854289 9.9982E-05
0.00989993 0.878061 9.9982E-05 0.0564797 0.0553594 9.9982E-05
0.0692735 0.0934285 0.334579 0.433806 0.0688133 9.9991E-05
0.0421526 9.9982E-05 0.0859462 0.854796 0.0169051 9.9982E-05
9.996E-05 9.996E-05 9.996E-05 0.9995 9.996E-05 9.996E-05
0.000687335 9.9964E-05 9.9964E-05 0.998913 9.9964E-05 9.9964E-05
0.000143188 9.9991E-05 0.142452 0.836609 0.00649816 0.0141983
9.996E-05 9.996E-05 0.9995 9.996E-05 9.996E-05 9.996E-05
0.00985203 9.9973E-05 0.971146 9.9973E-05 0.0187024 9.9973E-05
0.00556788 9.9991E-05 0.704856 0.26021 0.00647049 0.0227949
0.0143915 9.9991E-05 0.729665 0.219395 0.00684546 0.0296035
9.9964E-05 9.9964E-05 0.999045 0.000555273 9.9964E-05 9.9964E-05
0.023494 9.9982E-05 0.625243 0.29572 9.9982E-05 0.0553432
0.333093 9.9982E-05 0.347216 0.259105 9.9982E-05 0.0603866
0.821336 0.0704764 0.00803425 9.9991E-05 0.0236319 0.0764215
0.767146 0.00238605 0.0442186 9.9982E-05 9.9982E-05 0.18605
0.853213 9.9982E-05 0.00907854 9.9982E-05 0.0371937 0.100315
0.937352 9.9982E-05 9.9982E-05 0.00367678 0.0328255 0.0259455
9.99639E-05 9.99639E-05 0.983436 9.99639E-05 9.99639E-05 0.0161642
9.9964E-05 9.9964E-05 0.995979 9.9964E-05 9.9964E-05 0.00362135
0.0129041 9.9982E-05 0.73313 0.198463 9.9982E-05 0.0553033
0.0326872 9.9982E-05 0.855489 0.101475 9.9982E-05 0.0101494
9.9973E-05 9.9973E-05 0.962 9.9973E-05 0.0257589 0.0119416
9.9973E-05 0.00978309 0.961299 9.9973E-05 0.0286176 9.9973E-05
9.996E-05 9.996E-05 0.9995 9.996E-05 9.996E-05 9.996E-05
0.023869 0.0367487 0.700055 0.239127 9.9982E-05 9.9982E-05
0.0525933 0.72184 9.9973E-05 9.9973E-05 9.9973E-05 0.225267
9.9973E-05 0.599914 9.9973E-05 9.9973E-05 0.0285493 0.371236
9.9973E-05 0.737859 9.9973E-05 9.9973E-05 0.0186805 0.24316
0.0469327 0.681057 0.0449699 9.9982E-05 9.9982E-05 0.22684
0.0210614 0.115984 0.489412 0.362611 9.9991E-05 0.0108309
0.041341 0.0364933 0.461334 0.460631 9.9982E-05 9.9982E-05
9.9982E-05 0.0347811 0.353401 0.584703 9.9982E-05 0.0269149
9.9982E-05 0.0570591 0.321965 0.586686 9.9982E-05 0.0340907
0.11754 0.131631 0.550216 0.0786886 0.0997008 0.0222238
9.9982E-05 0.36441 0.079412 0.527345 0.0286325 9.9982E-05
9.99729E-05 0.00493163 0.970096 9.99729E-05 9.99729E-05 0.0246729
9.9991E-05 0.0282374 0.617251 0.309058 0.0210488 0.0243047
0.00146433 0.026436 0.601107 0.311 0.0218269 0.0381653
0.504333 0.415611 0.00553334 0.0492527 0.0251698 9.99911E-05
0.0594512 0.707435 0.0177107 0.138511 0.0678416 0.00905039
0.862641 0.0306636 9.9982E-05 9.9982E-05 0.00221605 0.104279
0.0607523 9.9991E-05 0.0039292 0.0227531 0.00248942 0.909976
0.28181 9.9982E-05 0.00741626 9.9982E-05 0.0392065 0.671367
0.490445 9.9991E-05 0.0566689 0.00206315 0.0158101 0.434913
0.40169 0.470747 0.0210035 0.0306237 0.0152083 0.0607273
0.906453 9.9964E-05 9.9964E-05 9.9964E-05 9.9964E-05 0.0931473
0.957412 9.9982E-05 0.0303424 0.00780799 9.9982E-05 0.00423723
0.902402 0.00536033 0.0540993 9.9991E-05 0.00761495 0.0304232
0.919512 9.9973E-05 9.9973E-05 9.9973E-05 0.0101871 0.0700009
0.132774 0.157061 0.489796 0.096955 0.0856218 0.037792
0.425978 0.122421 0.302058 0.0653916 0.0612055 0.0229472
0.314653 0.084414 0.339212 0.240849 0.0207714 9.99911E-05
0.0413342 0.176444 0.5297 0.199659 0.0527634 9.9991E-05
0.533251 0.169756 0.0563459 0.0619517 0.0379778 0.140717
0.960304 0.0140933 9.9973E-05 9.9973E-05 0.025303 9.9973E-05
0.0141941 0.0752797 0.497324 0.413002 9.9982E-05 9.9982E-05
0.730642 0.0515197 0.0380707 9.9991E-05 0.0864584 0.0932091
0.155542 9.9973E-05 0.0192255 9.9973E-05 9.9973E-05 0.824933
0.021066 9.9982E-05 9.9982E-05 0.0195436 0.0203559 0.938835
0.955765 9.9964E-05 9.9964E-05 9.9964E-05 9.9964E-05 0.0438351
0.158333 0.180436 0.138285 0.0232004 0.499645 9.9991E-05
0.477246 0.088581 0.0296639 0.0211041 9.9991E-05 0.383305
0.059729 9.9964E-05 9.9964E-05 9.9964E-05 9.9964E-05 0.939871
0.656591 0.117753 0.0714723 9.9982E-05 9.9982E-05 0.153984
0.0882106 0.225428 0.0932355 0.0245594 0.503547 0.0650191
9.9973E-05 9.9973E-05 0.0213122 0.0037404 0.974647 9.9973E-05
0.0526069 0.00994609 0.099186 0.838061 9.9982E-05 9.9982E-05
0.0633995 0.103705 0.035044 0.0777407 0.0326559 0.687455
0.0274528 0.517862 0.184277 0.111859 0.0686584 0.0898905
0.032291 0.8371 0.0370492 0.0419898 0.0514697 9.9991E-05
0.0953347 0.821524 9.9982E-05 0.0611008 0.0218407 9.9982E-05
9.9982E-05 0.0604533 0.00239255 9.9982E-05 0.00512952 0.931825
0.023443 0.00340179 9.9982E-05 0.933461 9.9982E-05 0.0394945
0.0275855 0.366624 0.312651 0.231306 0.0602819 0.00155069
9.9964E-05 0.759343 9.9964E-05 9.9964E-05 9.9964E-05 0.240257
0.01997 0.0169955 9.9973E-05 9.9973E-05 9.9973E-05 0.962735
9.9973E-05 0.813087 9.9973E-05 9.9973E-05 0.0110043 0.175609
9.9991E-05 0.556234 0.158634 0.119918 0.0897251 0.0753899
9.9991E-05 0.545802 0.159341 0.13448 0.0854632 0.0748139
0.0590732 0.216648 0.256525 0.460137 9.9991E-05 0.00751779
0.0432399 0.0435689 0.128399 0.717642 9.9991E-05 0.0670503
0.0656891 0.432875 0.229529 0.258075 0.0137312 9.9991E-05
0.0161955 0.805048 0.0415058 0.100238 0.0369128 9.9991E-05
0.0520262 0.0243635 9.9982E-05 9.9982E-05 0.0167238 0.906686
0.0392496 0.0389809 9.9982E-05 0.00162114 9.9982E-05 0.919948
0.391521 0.324138 0.0452483 0.0530886 0.161365 0.0246387
0.0362771 0.277938 0.219786 0.406672 0.0279205 0.0314063
9.9973E-05 0.926905 9.9973E-05 0.0510067 0.0217883 9.9973E-05
0.961512 0.0232581 9.9982E-05 0.0090906 0.00593982 9.9982E-05
0.0282461 0.4557 0.138676 0.342808 0.03447 9.9991E-05
0.37869 0.34856 0.15651 0.0920555 0.00276073 0.0214232
0.0785026 0.112901 0.312302 0.349645 0.146549 9.99911E-05
0.531197 0.149389 0.0847823 0.057233 0.141565 0.0358345
9.9982E-05 0.451575 9.9982E-05 0.0292734 0.0209632 0.497988
0.199768 0.607196 0.0698613 0.000671344 0.122404 9.9991E-05
0.991266 9.9964E-05 0.0083346 9.9964E-05 9.9964E-05 9.9964E-05
0.922489 9.9973E-05 0.065345 9.9973E-05 9.9973E-05 0.0118659
0.0422866 0.0331031 9.9982E-05 0.0009047 9.9982E-05 0.923506
0.989808 9.9982E-05 9.9982E-05 0.00174404 0.00307652 0.0051711
0.605153 0.139971 0.096329 0.0391827 0.0888409 0.0305238
0.849083 0.0193343 0.0200346 0.00587079 0.0425047 0.0631724
0.824142 0.0899249 9.9982E-05 0.0380279 9.9982E-05 0.0477049
0.047558 0.507719 0.188578 0.103792 0.0663178 0.0860356
0.0406643 0.016329 0.0904435 0.852363 9.9982E-05 9.9982E-05
9.9973E-05 9.9973E-05 0.0265454 0.963561 0.0095939 9.9973E-05
0.110851 0.0493201 0.00235946 9.9991E-05 0.0156233 0.821746
0.0115809 9.9982E-05 0.121375 0.865203 9.9982E-05 0.00164167
0.0166399 0.038953 0.0170076 9.9982E-05 0.9272 9.9982E-05
0.00272767 9.9982E-05 0.00142396 9.9982E-05 0.969544 0.0261045
0.203853 0.0149584 0.0363945 0.194112 0.4824 0.068282
0.778984 0.155337 0.0239895 0.0414899 9.9982E-05 9.9982E-05
9.996E-05 9.996E-05 9.996E-05 9.996E-05 0.9995 9.996E-05
9.9964E-05 0.0102367 9.9964E-05 9.9964E-05 0.989363 9.9964E-05
9.9964E-05 9.9964E-05 0.000513071 9.9964E-05 0.999087 9.9964E-05
9.99636E-05 9.99636E-05 9.99636E-05 9.99636E-05 0.9995 9.99636E-05
9.996E-05 9.996E-05 9.996E-05 9.996E-05 0.9995 9.996E-05
9.9973E-05 0.0319881 9.9973E-05 0.00217509 9.9973E-05 0.965537
0.0225013 0.836523 9.9982E-05 0.0913312 0.0494448 9.9982E-05
0.0181811 0.667333 0.0351181 9.9991E-05 0.0224994 0.256768
9.99639E-05 0.824964 9.99639E-05 9.99639E-05 9.99639E-05 0.174636
0.474435 0.0978984 9.9973E-05 9.9973E-05 9.9973E-05 0.427367
9.9973E-05 0.0425063 9.9973E-05 9.9973E-05 0.0443085 0.912885
0.00627254 0.881139 9.9982E-05 0.0754024 0.0369857 9.9982E-05
0.00494227 0.794741 0.0352107 9.9991E-05 0.0171147 0.147891
9.9973E-05 0.65999 9.9973E-05 0.0256795 9.9973E-05 0.314031
9.9964E-05 0.952114 9.9964E-05 9.9964E-05 0.0474857 9.9964E-05
9.9982E-05 0.0471476 0.0093952 0.00722411 0.936033 9.9982E-05
0.155301 0.0759342 0.0488627 0.111556 0.0215808 0.586766
0.816261 0.0302946 0.0451135 0.00281411 0.0201119 0.085405
0.879855 0.0460437 9.9991E-05 0.0263646 0.0298212 0.0178151
0.716417 0.0580065 0.118593 9.9991E-05 0.0284008 0.0784823
0.0519265 0.0128262 0.0176457 0.000451919 0.00351924 0.91363
0.00448582 0.203014 0.00353235 0.0169571 0.0323061 0.739704
0.00455066 9.9973E-05 0.133621 0.861528 9.9973E-05 9.9973E-05
0.200994 0.156034 0.222906 0.16098 0.000924395 0.258162
9.9991E-05 0.440711 0.0187539 0.00277527 0.00910866 0.528551
