0.441797 0.209056 0.349147
0.240691 0.0938769 0.665432
0.265514 0.0969784 0.637507
0.446655 0.21234 0.341005
9.999E-05 9.999E-05 0.9998
0.256668 0.086605 0.656727
0.329665 0.663461 0.00687446
9.999E-05 0.9998 9.999E-05
9.999E-05 0.9998 9.999E-05
9.999E-05 0.9998 9.999E-05
0.898017 0.0309573 0.0710262
0.986958 0.0129425 9.9991E-05
0.996709 0.00319099 9.9991E-05
0.9998 9.999E-05 9.999E-05
0.929677 0.051719 0.0186042
9.999E-05 0.9998 9.999E-05
0.706665 0.233345 0.0599901
0.9998 9.999E-05 9.999E-05
0.913843 0.0558913 0.030266
0.999515 0.000385286 9.9991E-05
0.949135 0.0507654 9.9991E-05
0.985821 0.0140787 9.9991E-05
0.9998 9.999E-05 9.999E-05
0.982001 0.0178993 9.9991E-05
0.9998 9.999E-05 9.999E-05
0.9998 9.999E-05 9.999E-05
0.9998 9.999E-05 9.999E-05
0.957681 0.00316551 0.0391537
0.991916 0.0079839 9.9991E-05
0.984122 9.9991E-05 0.0157778
0.9998 9.999E-05 9.999E-05
0.9998 9.999E-05 9.999E-05
0.9998 9.999E-05 9.999E-05
0.986109 0.0137915 9.9991E-05
0.9998 9.999E-05 9.999E-05
0.9998 9.999E-05 9.999E-05
0.9998 9.999E-05 9.999E-05
0.9998 9.999E-05 9.999E-05
0.307634 0.234501 0.457865
9.999E-05 9.999E-05 0.9998
0.85414 0.013318 0.132541
0.9998 9.999E-05 9.999E-05
0.9998 9.999E-05 9.999E-05
0.341967 0.094264 0.563769
0.89854 0.0802841 0.0211759
0.93671 0.0510623 0.0122272
0.952614 0.00744003 0.0399457
0.236431 0.0593715 0.704197
0.121543 0.125244 0.753213
0.552519 0.297488 0.149993
0.649371 0.251151 0.0994775
0.654514 0.236922 0.108565
0.581492 0.308991 0.109516
9.9991E-05 0.996902 0.00299824
9.9991E-05 0.984431 0.0154686
0.894962 0.104938 9.9991E-05
0.993131 0.00676854 9.9991E-05
0.489672 0.163997 0.346331
9.999E-05 9.999E-05 0.9998
0.0983153 0.0331387 0.868546
0.726109 0.179104 0.0947877
0.655808 0.223211 0.120981
0.628687 0.198113 0.1732
9.999E-05 0.9998 9.999E-05
9.999E-05 9.999E-05 0.9998
0.754314 0.180721 0.0649653
0.41136 0.25522 0.33342
0.9998 9.999E-05 9.999E-05
0.9998 9.999E-05 9.999E-05
0.0761764 0.862985 0.0608386
0.0879148 0.886396 0.025689
0.0782902 0.897741 0.0239688
9.9991E-05 0.985975 0.0139253
9.999E-05 0.9998 9.999E-05
9.999E-05 0.9998 9.999E-05
9.999E-05 0.9998 9.999E-05
9.999E-05 0.9998 9.999E-05
9.999E-05 0.9998 9.999E-05
9.999E-05 0.9998 9.999E-05
0.00149456 0.995286 0.00321943
0.0181755 0.981725 9.9991E-05
0.0166776 0.983222 9.9991E-05
0.45011 0.54979 9.9991E-05
0.43493 0.56497 9.9991E-05
9.999E-05 0.9998 9.999E-05
9.999E-05 0.9998 9.999E-05
9.9991E-05 0.990708 0.00919229
0.0289746 0.9661 0.00492507
9.999E-05 0.9998 9.999E-05
0.448858 0.551042 9.9991E-05
0.0437023 0.927524 0.0287735
0.00889839 0.98769 0.00341142
9.999E-05 0.9998 9.999E-05
9.9991E-05 0.988753 0.0111468
0.0725219 0.898802 0.0286759
9.999E-05 0.9998 9.999E-05
0.797248 9.9991E-05 0.202652
0.00330177 0.996598 9.9991E-05
9.999E-05 0.9998 9.999E-05
0.110263 0.780292 0.109445
9.999E-05 0.9998 9.999E-05
9.999E-05 0.9998 9.999E-05
9.999E-05 0.9998 9.999E-05
9.999E-05 0.9998 9.999E-05
0.960839 9.9991E-05 0.0390614
9.999E-05 0.9998 9.999E-05
9.999E-05 0.9998 9.999E-05
9.999E-05 0.9998 9.999E-05
0.97691 0.00871153 0.0143781
0.0129693 0.950938 0.0360925
0.0055812 0.994319 9.9991E-05
9.999E-05 0.9998 9.999E-05
9.999E-05 0.9998 9.999E-05
0.982604 0.0172962 9.9991E-05
9.999E-05 0.9998 9.999E-05
9.9991E-05 0.964589 0.0353111
0.486879 0.513021 9.9991E-05
9.999E-05 0.9998 9.999E-05
0.989719 0.0101808 9.9991E-05
0.998272 9.9991E-05 0.00162801
0.967037 0.00833709 0.0246264
0.946946 0.0228696 0.0301839
0.632811 0.239196 0.127993
0.946744 0.0349062 0.0183498
0.851002 0.0492347 0.0997629
0.98255 0.0173501 9.9991E-05
0.980775 0.00189586 0.0173296
0.963759 0.0128957 0.0233452
0.936312 9.9991E-05 0.0635882
0.925464 0.0129652 0.0615708
0.961994 0.028995 0.00901109
0.955869 0.0311089 0.0130218
0.969852 0.0300482 9.9991E-05
0.904261 0.0482834 0.0474553
0.056631 0.102641 0.840728
0.0691735 0.128368 0.802459
0.0372771 0.0393172 0.923406
0.72454 0.160283 0.115178
0.0693291 0.123323 0.807348
0.106792 0.102516 0.790692
0.755931 0.138113 0.105956
0.0780566 0.0689376 0.853006
0.107206 0.0697557 0.823038
0.062708 0.073109 0.864183
0.201589 0.133969 0.664442
0.139207 0.134696 0.726097
0.10283 0.0573544 0.839816
0.61749 0.234947 0.147562
0.008829 0.0120658 0.979105
0.9998 9.999E-05 9.999E-05
0.996259 9.9991E-05 0.00364072
9.9991E-05 0.00202386 0.997876
0.513173 0.128302 0.358525
0.680404 0.184062 0.135533
0.856155 9.9991E-05 0.143745
0.991208 0.00810512 0.000686756
0.678927 0.0561676 0.264906
0.67704 0.175117 0.147843
0.136522 0.146017 0.717461
0.646895 0.2252 0.127904
0.517019 0.236574 0.246407
0.996542 0.00331892 0.000139272
0.0304274 0.0380186 0.931554
0.541099 9.9991E-05 0.458801
0.0209876 9.9991E-05 0.978912
0.65077 0.139342 0.209888
9.999E-05 9.999E-05 0.9998
0.762047 0.133885 0.104068
0.108603 9.9991E-05 0.891297
0.0447647 0.0401827 0.915053
0.931924 9.9991E-05 0.0679758
0.662403 0.0249631 0.312634
0.828101 0.0502942 0.121605
0.176001 0.159134 0.664865
0.168892 0.158928 0.67218
0.199703 0.170868 0.629429
0.221944 0.183824 0.594233
0.99463 9.9991E-05 0.00526994
0.987927 9.9991E-05 0.0119728
0.951296 0.048604 9.9991E-05
0.106377 0.108887 0.784736
0.499989 0.208113 0.291898
0.595099 0.260544 0.144357
0.930811 0.0274005 0.041789
0.814062 0.101411 0.0845266
0.860224 0.0443392 0.0954373
0.647448 0.188618 0.163934
0.511675 0.239479 0.248846
0.994097 0.00580275 9.9991E-05
0.952828 0.0470717 9.9991E-05
9.999E-05 9.999E-05 0.9998
0.0302948 9.9991E-05 0.969605
0.0147896 9.9991E-05 0.98511
0.120271 0.101669 0.77806
0.252869 0.188985 0.558146
0.257459 0.183376 0.559165
0.959014 0.00346367 0.0375227
0.902337 0.0139302 0.0837323
0.9998 9.999E-05 9.999E-05
0.70472 0.194262 0.101018
9.999E-05 9.999E-05 0.9998
9.999E-05 9.999E-05 0.9998
9.999E-05 9.999E-05 0.9998
0.00661736 9.9991E-05 0.993283
9.999E-05 9.999E-05 0.9998
0.870971 9.9991E-05 0.128929
0.172866 0.172743 0.654391
0.754331 0.186327 0.059342
0.858128 0.009167 0.132705
0.895082 9.9991E-05 0.104818
0.972217 0.0276833 9.9991E-05
0.935258 0.0646422 9.9991E-05
0.943615 0.0562847 9.9991E-05
9.9991E-05 0.00280918 0.997091
9.999E-05 9.999E-05 0.9998
0.259319 0.104878 0.635803
9.999E-05 9.999E-05 0.9998
9.999E-05 9.999E-05 0.9998
0.522732 0.0246199 0.452648
0.0232985 9.9991E-05 0.976602
0.0242723 9.9991E-05 0.975628
0.333033 0.185657 0.48131
0.720975 0.196985 0.0820394
0.093908 0.00611568 0.899976
0.376603 0.454252 0.169146
0.132284 9.9991E-05 0.867616
9.999E-05 9.999E-05 0.9998
0.938707 0.0169303 0.0443628
0.677195 9.9991E-05 0.322705
0.734276 0.215409 0.0503152
0.515861 0.283549 0.20059
0.9998 9.999E-05 9.999E-05
0.643558 0.255524 0.100918
0.717784 0.167185 0.115031
0.745366 0.130992 0.123642
0.58893 0.299018 0.112052
0.652094 0.157778 0.190128
0.734457 0.200393 0.0651499
0.320395 0.189965 0.489641
0.9998 9.999E-05 9.999E-05
0.903231 0.000434524 0.0963344
9.999E-05 0.9998 9.999E-05
0.879815 0.00426477 0.11592
0.9998 9.999E-05 9.999E-05
0.893263 0.0617614 0.0449761
0.996908 0.00299169 9.9991E-05
0.91122 0.0548477 0.0339318
0.980587 9.9991E-05 0.019313
0.535447 0.31188 0.152673
0.695847 0.178765 0.125388
0.747821 0.148448 0.103731
0.958383 9.9991E-05 0.0415175
9.999E-05 9.999E-05 0.9998
0.9998 9.999E-05 9.999E-05
0.524625 0.293387 0.181988
0.9998 9.999E-05 9.999E-05
9.999E-05 9.999E-05 0.9998
0.713247 0.224292 0.0624608
9.999E-05 0.9998 9.999E-05
0.112884 0.770372 0.116744
0.9998 9.999E-05 9.999E-05
0.939601 0.0602994 9.9991E-05
0.696188 0.231734 0.072078
0.721109 0.195377 0.0835145
0.771626 0.0155566 0.212817
0.9892 0.0107003 9.9991E-05
9.999E-05 9.999E-05 0.9998
0.2566 0.190914 0.552487
0.0306393 0.0426638 0.926697
0.211133 0.193177 0.59569
0.206057 0.188816 0.605126
0.110901 0.101701 0.787397
0.247557 0.201423 0.551019
0.192389 0.173075 0.634537
0.180835 0.0603108 0.758854
0.425726 0.259083 0.315191
0.13078 0.0551445 0.814075
0.431892 0.245142 0.322966
0.638456 0.260885 0.10066
0.409636 0.235925 0.354439
0.205299 0.123285 0.671416
0.281388 0.12167 0.596942
0.251908 0.192283 0.555809
0.129426 0.0953019 0.775272
0.9998 9.999E-05 9.999E-05
0.00350561 9.9991E-05 0.996394
0.223482 0.183114 0.593404
0.0763121 0.110111 0.813577
0.153752 0.16569 0.680559
0.143353 0.156477 0.70017
0.904478 9.9991E-05 0.0954216
0.87636 0.0734794 0.050161
9.999E-05 9.999E-05 0.9998
0.9998 9.999E-05 9.999E-05
0.88721 9.9991E-05 0.11269
0.503798 0.307475 0.188728
9.999E-05 9.999E-05 0.9998
9.999E-05 9.999E-05 0.9998
9.999E-05 9.999E-05 0.9998
9.999E-05 9.999E-05 0.9998
0.68481 0.188316 0.126874
0.044795 0.0166117 0.938593
0.89546 9.9991E-05 0.10444
0.9998 9.999E-05 9.999E-05
0.977039 0.00534825 0.0176128
0.9998 9.999E-05 9.999E-05
0.98978 0.0101199 9.9991E-05
0.243921 0.207046 0.549034
0.251749 0.224435 0.523816
0.223413 0.19289 0.583696
0.147468 0.151118 0.701414
0.134096 0.193427 0.672477
0.463835 0.247081 0.289084
0.194875 0.192 0.613125
0.580723 0.0546019 0.364675
0.145458 0.163248 0.691293
0.12428 0.175219 0.700501
0.0924804 0.228337 0.679183
0.142208 0.0890703 0.768721
0.0956566 0.191105 0.713238
0.139211 0.199887 0.660902
0.9998 9.999E-05 9.999E-05
0.884626 0.0662763 0.0490974
0.945624 0.0258316 0.0285447
0.9998 9.999E-05 9.999E-05
0.681504 0.191439 0.127057
0.89867 0.0598956 0.0414347
0.999052 0.000847571 9.9991E-05
0.9998 9.999E-05 9.999E-05
0.598097 0.282807 0.119095
0.849 0.0600978 0.0909021
0.766491 0.136336 0.0971732
0.551633 0.302797 0.14557
0.579829 0.280348 0.139823
0.646737 0.220689 0.132574
0.875235 0.00126258 0.123502
0.620667 0.276559 0.102773
0.9998 9.999E-05 9.999E-05
0.502779 0.294129 0.203091
0.495063 0.314072 0.190865
0.229012 0.192535 0.578454
0.627587 0.268619 0.103793
0.581568 0.296313 0.122119
0.59504 0.288201 0.116759
0.522567 0.275894 0.201539
0.9998 9.999E-05 9.999E-05
0.973535 9.9991E-05 0.0263652
0.960488 0.0283669 0.0111449
0.994577 0.00532326 9.9991E-05
0.0135053 9.9991E-05 0.986395
0.242661 0.115748 0.64159
0.945929 0.0131802 0.0408904
0.920061 0.0493603 0.0305791
0.434283 0.235941 0.329775
0.416397 0.249209 0.334394
0.92718 9.9991E-05 0.0727202
0.91498 0.0024838 0.0825367
0.38126 0.0922439 0.526496
0.7053 0.0970927 0.197608
0.997599 0.00230113 9.9991E-05
0.526891 0.269218 0.203891
0.411206 0.25425 0.334545
0.533898 0.289901 0.1762
0.569912 0.225146 0.204942
0.929926 0.0699736 9.9991E-05
0.952263 9.9991E-05 0.0476374
0.998544 9.9991E-05 0.00135555
0.951085 0.0170421 0.031873
0.9998 9.999E-05 9.999E-05
0.9998 9.999E-05 9.999E-05
0.644027 0.210794 0.14518
0.497741 0.241845 0.260414
0.9998 9.999E-05 9.999E-05
0.562047 0.220309 0.217645
0.526225 0.265566 0.208209
0.0517263 0.0869287 0.861345
0.0697405 0.100325 0.829934
0.0775635 0.0791821 0.843254
0.0481746 0.0961835 0.855642
0.10778 0.0849983 0.807222
0.0642355 0.0910488 0.844716
0.0464208 0.110988 0.842591
0.5039 0.274589 0.221511
0.516981 0.31362 0.169399
0.302057 0.184415 0.513528
0.267353 0.197973 0.534675
0.942475 9.9991E-05 0.0574253
0.874473 0.0743099 0.0512172
0.9998 9.999E-05 9.999E-05
9.999E-05 9.999E-05 0.9998
9.999E-05 9.999E-05 0.9998
9.999E-05 9.999E-05 0.9998
9.999E-05 9.999E-05 0.9998
0.383302 0.0385685 0.578129
0.211896 0.0730423 0.715062
0.0894501 0.0936874 0.816863
9.999E-05 9.999E-05 0.9998
9.999E-05 9.999E-05 0.9998
9.999E-05 9.999E-05 0.9998
9.999E-05 9.999E-05 0.9998
0.608266 0.17416 0.217574
0.999481 9.9991E-05 0.00041891
0.485295 0.275504 0.239201
0.890822 0.0609168 0.0482611
0.660936 0.217071 0.121993
0.0586649 9.9991E-05 0.941235
0.0941757 0.109286 0.796538
0.0744239 0.0534344 0.872142
0.548807 0.268265 0.182928
0.409441 0.308504 0.282055
0.952686 0.0253513 0.0219622
0.680849 0.223669 0.0954822
0.160498 0.18746 0.652041
0.173495 0.158967 0.667537
0.146601 0.181262 0.672137
0.116414 0.159019 0.724567
0.127013 0.190008 0.682979
0.144834 0.203173 0.651993
0.490013 0.301242 0.208746
0.129548 0.121897 0.748555
0.013183 9.9991E-05 0.986717
9.999E-05 9.999E-05 0.9998
9.999E-05 9.999E-05 0.9998
0.00832481 9.9991E-05 0.991575
0.0723864 0.210861 0.716752
0.14677 0.181867 0.671363
0.0936687 0.111156 0.795176
0.110087 0.119413 0.7705
0.110589 0.154777 0.734634
0.112238 0.0931538 0.794609
0.455254 0.0366516 0.508095
0.969874 0.0130602 0.0170656
0.965359 9.9991E-05 0.0345415
0.990977 0.00892348 9.9991E-05
0.994995 0.00194977 0.00305542
0.152236 0.199074 0.64869
0.15307 0.212087 0.634843
0.156163 0.103135 0.740702
0.0982641 0.156406 0.74533
0.145452 0.216014 0.638535
0.119304 0.199235 0.681462
0.0691187 0.191231 0.739651
0.116898 0.118126 0.764976
0.757004 0.179517 0.0634784
0.71361 0.192924 0.093466
0.70316 0.243391 0.0534493
0.689301 0.180747 0.129952
0.167571 0.0580735 0.774355
0.0903098 0.0530588 0.856631
0.0730019 0.041337 0.885661
0.0856134 0.0165681 0.897819
0.271527 0.223798 0.504676
0.140749 0.141629 0.717622
0.184144 0.17815 0.637706
0.124373 0.0960481 0.779579
0.108655 0.116379 0.774966
0.723078 0.153515 0.123407
0.463246 0.251892 0.284862
0.9998 9.999E-05 9.999E-05
0.997834 9.9991E-05 0.00206564
0.976947 0.0217915 0.00126105
0.970756 0.0105785 0.0186651
0.777807 0.117216 0.104978
0.9998 9.999E-05 9.999E-05
0.973135 9.9991E-05 0.0267648
0.962298 9.9991E-05 0.0376022
0.9998 9.999E-05 9.999E-05
0.325867 0.19682 0.477313
0.576747 0.124022 0.299231
0.354208 0.0978608 0.547931
0.179677 0.186345 0.633978
0.765586 0.105905 0.128509
0.989792 0.00489066 0.00531706
0.0843348 0.0872422 0.828423
0.837129 0.101247 0.0616239
0.9998 9.999E-05 9.999E-05
0.979734 0.0201664 9.9991E-05
0.9998 9.999E-05 9.999E-05
0.262431 0.600974 0.136596
0.953788 0.00255831 0.0436538
0.9998 9.999E-05 9.999E-05
0.911288 0.0543269 0.0343852
0.289877 0.595838 0.114286
9.999E-05 0.9998 9.999E-05
0.0152978 9.9991E-05 0.984602
0.852265 0.0330045 0.114731
0.433735 0.235654 0.330611
0.502053 0.258084 0.239863
0.571122 0.253615 0.175263
0.977265 0.0226349 9.9991E-05
0.0144021 9.9991E-05 0.985498
0.28757 0.193637 0.518794
0.718652 0.208079 0.0732691
0.9998 9.999E-05 9.999E-05
0.64977 0.249538 0.100692
0.423753 0.248805 0.327442
0.420223 0.25024 0.329537
0.242487 0.0482699 0.709243
0.126143 9.9991E-05 0.873757
0.333742 0.137917 0.528341
0.458725 0.257615 0.28366
0.9998 9.999E-05 9.999E-05
0.9998 9.999E-05 9.999E-05
0.633793 0.221651 0.144556
0.267854 0.101228 0.630918
0.498068 0.272884 0.229048
0.992396 9.9991E-05 0.00750413
0.272263 0.179444 0.548293
0.639528 0.0985687 0.261904
0.126949 0.237992 0.635059
0.674686 0.165046 0.160268
0.771419 0.157166 0.0714152
0.579569 0.268766 0.151665
0.9998 9.999E-05 9.999E-05
0.962563 9.9991E-05 0.0373372
0.9998 9.999E-05 9.999E-05
0.998095 9.9991E-05 0.00180536
0.745937 0.116463 0.1376
0.948542 0.0273788 0.0240789
0.963031 9.9991E-05 0.0368694
0.432448 0.235966 0.331586
0.0159194 9.9991E-05 0.983981
9.999E-05 9.999E-05 0.9998
0.9998 9.999E-05 9.999E-05
9.999E-05 9.999E-05 0.9998
0.0217822 0.967267 0.0109507
0.010245 0.97795 0.0118054
0.272061 0.519155 0.208784
0.915089 9.9991E-05 0.0848112
9.999E-05 0.9998 9.999E-05
9.999E-05 0.9998 9.999E-05
9.999E-05 0.9998 9.999E-05
9.999E-05 0.9998 9.999E-05
9.999E-05 0.9998 9.999E-05
0.9998 9.999E-05 9.999E-05
0.53995 0.255697 0.204354
0.692548 0.200206 0.107245
0.731227 0.180676 0.0880972
0.991328 9.9991E-05 0.00857151
0.980362 0.0195378 9.9991E-05
0.494198 0.271308 0.234494
0.643629 0.255208 0.101163
0.743439 0.129411 0.12715
0.538124 0.301824 0.160052
9.999E-05 0.9998 9.999E-05
0.80731 0.0458694 0.146821
0.939464 0.0141046 0.0464314
0.949269 0.0149916 0.035739
0.865676 0.0586265 0.0756976
0.9998 9.999E-05 9.999E-05
0.908549 0.0837499 0.00770106
9.999E-05 9.999E-05 0.9998
0.572021 0.073306 0.354673
0.784259 0.138202 0.0775392
