9.99459E-05 9.99459E-05 9.99459E-05 0.0845983 0.108144 9.99459E-05 0.806658 9.99459E-05 9.99459E-05
9.99459E-05 9.99459E-05 9.99459E-05 9.99459E-05 9.99459E-05 0.184155 0.789734 0.0255107 9.99459E-05
0.0326004 0.0242352 0.00892351 9.9982E-05 9.9982E-05 0.237898 0.576856 0.0745595 0.0447266
9.9946E-05 9.9946E-05 9.9946E-05 0.0722743 0.0907354 9.9946E-05 0.836391 9.9946E-05 9.9946E-05
9.9981E-05 0.0395753 0.00386935 9.9981E-05 0.014029 0.918808 9.9981E-05 0.00530613 0.0181123
9.9946E-05 9.9946E-05 9.9946E-05 9.9946E-05 9.9946E-05 0.137404 0.779603 0.0823933 9.9946E-05
9.99371E-05 0.529297 9.99371E-05 0.470003 9.99371E-05 9.99371E-05 9.99371E-05 9.99371E-05 9.99371E-05
9.9955E-05 0.968062 9.9955E-05 0.0115929 9.9955E-05 9.9955E-05 0.015619 0.00422587 9.9955E-05
9.9937E-05 0.989077 9.9937E-05 9.9937E-05 9.9937E-05 9.9937E-05 9.9937E-05 0.0102231 9.9937E-05
9.993E-05 0.999201 9.993E-05 9.993E-05 9.993E-05 9.993E-05 9.993E-05 9.993E-05 9.993E-05
9.9973E-05 9.9973E-05 9.9973E-05 0.166846 0.00531193 0.0544633 0.00777437 0.000440111 0.764864
9.9955E-05 0.0146042 9.9955E-05 0.0372695 0.0285185 9.9955E-05 9.9955E-05 9.9955E-05 0.919108
9.9964E-05 0.00590096 9.9964E-05 0.0529255 0.0179477 9.9964E-05 0.00778192 9.9964E-05 0.915044
9.99371E-05 9.99371E-05 9.99371E-05 0.0775075 9.99371E-05 9.99371E-05 9.99371E-05 9.99371E-05 0.921793
0.0358313 0.0268671 0.806715 9.9964E-05 0.110368 9.9964E-05 0.0198182 9.9964E-05 9.9964E-05
9.993E-05 0.999201 9.993E-05 9.993E-05 9.993E-05 9.993E-05 9.993E-05 9.993E-05 9.993E-05
0.00285674 0.0350595 9.9973E-05 0.908794 0.0463196 9.9973E-05 0.0054788 9.9973E-05 0.00119191
9.9964E-05 0.00691571 0.869617 0.0194887 9.9964E-05 9.9964E-05 0.0323381 9.9964E-05 0.0712403
0.0559262 0.017153 0.531024 0.00156318 0.196095 9.9973E-05 9.9973E-05 9.9973E-05 0.197938
0.0314294 0.0129439 0.36057 0.0301673 9.9964E-05 9.9964E-05 9.9964E-05 9.9964E-05 0.564489
9.9955E-05 0.0211068 0.791694 9.9955E-05 0.134191 9.9955E-05 9.9955E-05 9.9955E-05 0.0525084
9.9964E-05 0.0206712 0.0648835 9.9964E-05 0.0153839 9.9964E-05 0.00301099 9.9964E-05 0.89565
9.9955E-05 9.9955E-05 0.886036 0.00947184 9.9955E-05 9.9955E-05 0.049181 9.9955E-05 0.0548115
9.9973E-05 0.0189888 0.086946 0.0109108 0.0302218 9.9973E-05 9.9973E-05 0.0228014 0.829831
9.9955E-05 9.9955E-05 0.0451462 9.9955E-05 0.00655532 9.9955E-05 0.0216295 9.9955E-05 0.926169
9.9973E-05 9.9973E-05 0.917175 0.0375608 0.00973563 0.0023642 0.0150631 9.9973E-05 0.0178009
9.9946E-05 0.0213582 0.856127 9.9946E-05 9.9946E-05 9.9946E-05 9.9946E-05 9.9946E-05 0.121915
0.0463424 0.00372541 0.576361 9.9982E-05 0.0117159 9.9982E-05 0.0422506 0.0281971 0.291207
0.0273239 0.0237536 0.920344 9.9955E-05 9.9955E-05 9.9955E-05 9.9955E-05 9.9955E-05 0.0280791
0.0165842 9.99551E-05 0.911734 9.99551E-05 9.99551E-05 9.99551E-05 0.0232341 9.99551E-05 0.0479484
0.0110351 9.9955E-05 0.0669722 9.9955E-05 0.00471266 9.9955E-05 9.9955E-05 9.9955E-05 0.91678
9.9937E-05 9.9937E-05 9.9937E-05 0.175098 9.9937E-05 9.9937E-05 9.9937E-05 9.9937E-05 0.824202
9.9955E-05 9.9955E-05 0.879255 0.000276054 9.9955E-05 9.9955E-05 0.0309647 9.9955E-05 0.0890043
9.9973E-05 0.0305806 0.143638 0.00625677 0.0201679 9.9973E-05 0.0201711 9.9973E-05 0.778886
9.9964E-05 0.00548472 0.94271 9.9964E-05 0.00725065 9.9964E-05 0.00361287 9.9964E-05 0.040542
9.9946E-05 9.9946E-05 0.0362365 9.9946E-05 9.9946E-05 9.9946E-05 9.9946E-05 0.00216142 0.961002
9.99494E-05 9.99494E-05 0.886591 9.99494E-05 9.99494E-05 0.0121205 9.99494E-05 9.99494E-05 0.100689
0.0166608 9.9955E-05 0.0527683 9.9955E-05 0.0240415 9.9955E-05 9.9955E-05 9.9955E-05 0.90603
0.0696884 9.9955E-05 9.9955E-05 9.9955E-05 0.709253 0.11295 9.9955E-05 0.107609 9.9955E-05
9.9946E-05 9.9946E-05 9.9946E-05 9.9946E-05 9.9946E-05 0.63496 0.00211511 0.362325 9.9946E-05
9.99461E-05 9.99461E-05 9.99461E-05 0.150384 9.99461E-05 0.0944394 9.99461E-05 9.99461E-05 0.754577
9.9946E-05 9.9946E-05 0.929634 0.0258334 9.9946E-05 9.9946E-05 9.9946E-05 9.9946E-05 0.0439328
0.0282606 0.0112315 0.039255 9.9955E-05 9.9955E-05 9.9955E-05 9.9955E-05 9.9955E-05 0.920753
0.0721274 9.9973E-05 9.9973E-05 0.269705 0.014877 9.9973E-05 0.0540626 0.552359 0.0365699
0.034262 0.06476 0.535679 0.0099092 0.126014 9.9982E-05 0.00658814 9.9982E-05 0.222588
0.00141569 0.0427638 0.372917 0.0876957 0.00753654 9.9982E-05 0.0304354 9.9982E-05 0.457035
9.9982E-05 0.0443317 0.824378 0.000629774 0.0330603 0.0325207 0.0122871 9.9982E-05 0.0525929
9.99459E-05 9.99459E-05 9.99459E-05 9.99459E-05 9.99459E-05 0.258387 0.653665 0.0873489 9.99459E-05
0.511525 9.9964E-05 9.9964E-05 9.9964E-05 0.111367 0.0906104 0.0315953 0.254502 9.9964E-05
9.9946E-05 9.9946E-05 9.9946E-05 0.296853 0.689542 9.9946E-05 0.0130058 9.9946E-05 9.9946E-05
9.99549E-05 9.99549E-05 9.99549E-05 0.227027 0.636955 9.99549E-05 0.0176782 9.99549E-05 0.117839
9.99549E-05 9.99549E-05 9.99549E-05 0.188359 0.582244 9.99549E-05 0.0863322 9.99549E-05 0.142565
9.99459E-05 9.99459E-05 9.99459E-05 0.271107 0.721984 9.99459E-05 0.00630942 9.99459E-05 9.99459E-05
9.9964E-05 0.933318 0.000798263 0.0207217 9.9964E-05 0.0185145 9.9964E-05 9.9964E-05 0.0262476
0.00769057 0.910863 9.9982E-05 0.024317 0.0289031 0.014684 0.00982799 9.9982E-05 0.00351467
9.9955E-05 0.0319916 0.0115893 0.421557 9.9955E-05 9.9955E-05 9.9955E-05 9.9955E-05 0.534362
9.9946E-05 9.9946E-05 0.0473348 9.9946E-05 0.030378 9.9946E-05 9.9946E-05 9.9946E-05 0.921687
0.0728837 0.0227096 0.206785 9.9973E-05 0.493873 0.173799 9.9973E-05 9.9973E-05 0.0296489
0.0227974 9.9955E-05 9.9955E-05 9.9955E-05 0.0177188 0.852168 0.106816 9.9955E-05 9.9955E-05
0.270642 9.9964E-05 0.0276273 9.9964E-05 0.0836969 0.422809 9.9964E-05 0.194825 9.9964E-05
9.9946E-05 9.9946E-05 9.9946E-05 0.954194 0.0246057 9.9946E-05 9.9946E-05 0.0206011 9.9946E-05
9.9973E-05 0.0254238 0.0182555 0.722567 0.185487 0.0278224 9.9973E-05 9.9973E-05 0.0201448
0.0348053 0.0188189 9.9973E-05 0.708304 0.13618 9.9973E-05 0.0544385 9.9973E-05 0.0471529
9.9946E-05 0.944844 9.9946E-05 0.0228867 0.0316693 9.9946E-05 9.9946E-05 9.9946E-05 9.9946E-05
9.9955E-05 9.9955E-05 9.9955E-05 9.9955E-05 0.0350366 0.835256 0.0384371 0.0907706 9.9955E-05
0.00579648 9.9946E-05 0.0218139 0.97179 9.9946E-05 9.9946E-05 9.9946E-05 9.9946E-05 9.9946E-05
0.0301361 9.9973E-05 9.9973E-05 0.0172249 0.824715 0.0358916 0.0180432 0.0736893 9.9973E-05
9.9946E-05 9.9946E-05 0.0335269 0.0232736 9.9946E-05 9.9946E-05 9.9946E-05 9.9946E-05 0.9426
9.99461E-05 0.00329991 9.99461E-05 0.062333 9.99461E-05 9.99461E-05 9.99461E-05 9.99461E-05 0.933767
0.0143422 0.791553 0.0377281 0.0205733 0.0883429 0.0333755 0.00135809 0.0126267 9.9991E-05
0.049714 0.784039 0.00519349 0.0134373 0.101105 0.0241934 0.000602179 9.9991E-05 0.0216155
0.022467 0.833799 0.0396457 0.0457545 0.00934657 9.9982E-05 0.0443202 9.9982E-05 0.00446717
9.9946E-05 0.958103 9.9946E-05 9.9946E-05 0.0108094 0.030488 9.9946E-05 9.9946E-05 9.9946E-05
9.9964E-05 0.960272 9.9964E-05 0.0093039 0.0280591 9.9964E-05 0.00105767 9.9964E-05 0.000907854
9.9955E-05 0.974211 0.00264407 9.9955E-05 9.9955E-05 0.00648784 0.0161571 9.9955E-05 9.9955E-05
9.9955E-05 0.981184 0.00235252 0.00605483 9.9955E-05 9.9955E-05 9.9955E-05 0.0099088 9.9955E-05
0.0064419 0.964605 9.9964E-05 9.9964E-05 9.9964E-05 0.00673138 9.9964E-05 0.0101729 0.0116493
9.9964E-05 0.955529 9.9964E-05 0.00857405 0.00511291 9.9964E-05 0.00327633 0.0271074 9.9964E-05
9.9937E-05 0.996887 0.00241301 9.9937E-05 9.9937E-05 9.9937E-05 9.9937E-05 9.9937E-05 9.9937E-05
0.0137855 0.924544 0.0128023 0.00819078 0.00478071 0.00202079 0.00526796 0.00949126 0.0191164
0.0201383 0.933128 9.9964E-05 0.00645473 0.0216528 9.9964E-05 9.9964E-05 9.9964E-05 0.0182264
0.00111766 0.926448 0.0066593 9.9982E-05 0.0389689 0.00344553 9.9982E-05 0.0123489 0.0108114
9.99461E-05 0.548858 0.415283 9.99461E-05 9.99461E-05 9.99461E-05 9.99461E-05 9.99461E-05 0.0352593
9.99461E-05 0.571222 0.423098 9.99461E-05 9.99461E-05 9.99461E-05 9.99461E-05 9.99461E-05 0.00508042
9.993E-05 0.999201 9.993E-05 9.993E-05 9.993E-05 9.993E-05 9.993E-05 9.993E-05 9.993E-05
9.9937E-05 0.944412 9.9937E-05 9.9937E-05 0.0548889 9.9937E-05 9.9937E-05 9.9937E-05 9.9937E-05
9.9946E-05 0.927991 9.9946E-05 9.9946E-05 0.00897368 9.9946E-05 0.0624361 9.9946E-05 9.9946E-05
9.9946E-05 0.951814 0.0266602 9.9946E-05 9.9946E-05 0.0209258 9.9946E-05 9.9946E-05 9.9946E-05
9.99373E-05 0.974018 9.99373E-05 9.99373E-05 9.99373E-05 9.99373E-05 0.0252823 9.99373E-05 9.99373E-05
9.99461E-05 0.539603 0.414978 9.99461E-05 9.99461E-05 9.99461E-05 9.99461E-05 9.99461E-05 0.0448191
0.0128799 0.86156 0.0421745 0.0132214 0.00183433 0.0274075 9.9982E-05 9.9982E-05 0.0407224
9.9955E-05 0.928318 9.9955E-05 0.0248297 9.9955E-05 0.00602977 9.9955E-05 0.0403229 9.9955E-05
9.99463E-05 0.959706 9.99463E-05 9.99463E-05 0.0246323 0.0150619 9.99463E-05 9.99463E-05 9.99463E-05
0.0121741 0.935615 0.0131516 9.9973E-05 0.0183028 9.9973E-05 0.00181214 0.0186442 9.9973E-05
0.00580678 0.883634 9.9973E-05 0.0313564 0.0313763 0.0148139 9.9973E-05 9.9973E-05 0.0327124
9.99551E-05 0.95276 0.0105961 9.99551E-05 0.0113125 9.99551E-05 0.0248316 9.99551E-05 9.99551E-05
0.0164327 9.9964E-05 0.558862 0.14081 9.9964E-05 0.0511254 0.23237 9.9964E-05 9.9964E-05
9.9955E-05 0.934723 0.00498512 9.9955E-05 9.9955E-05 9.9955E-05 0.0359382 0.0238543 9.9955E-05
9.9937E-05 0.977027 9.9937E-05 9.9937E-05 9.9937E-05 9.9937E-05 0.0222735 9.9937E-05 9.9937E-05
0.016117 0.715232 0.0525184 0.0220545 0.0396633 0.0076714 0.0190513 0.098595 0.029097
9.993E-05 0.999201 9.993E-05 9.993E-05 9.993E-05 9.993E-05 9.993E-05 9.993E-05 9.993E-05
9.9955E-05 0.981439 0.0130309 0.000957156 9.9955E-05 0.00407349 9.9955E-05 9.9955E-05 9.9955E-05
0.0212566 0.970962 9.99551E-05 9.99551E-05 0.0047364 9.99551E-05 0.00254538 9.99551E-05 9.99551E-05
0.0128334 0.959622 0.0159987 9.9955E-05 9.9955E-05 0.0110465 9.9955E-05 9.9955E-05 9.9955E-05
0.0248713 0.0294117 0.902674 0.0366385 9.9964E-05 9.9964E-05 9.9964E-05 9.9964E-05 0.00600495
9.993E-05 0.999201 9.993E-05 9.993E-05 9.993E-05 9.993E-05 9.993E-05 9.993E-05 9.993E-05
0.026242 0.934176 9.9946E-05 9.9946E-05 0.0389824 9.9946E-05 9.9946E-05 9.9946E-05 9.9946E-05
0.00847111 0.990829 9.9937E-05 9.9937E-05 9.9937E-05 9.9937E-05 9.9937E-05 9.9937E-05 9.9937E-05
9.9955E-05 9.9955E-05 0.595252 0.107516 9.9955E-05 9.9955E-05 0.0561328 9.9955E-05 0.2406
0.0211348 0.929458 9.9964E-05 9.9964E-05 0.0101615 0.0253653 0.0134807 9.9964E-05 9.9964E-05
9.9952E-05 0.943037 9.9952E-05 9.9952E-05 9.9952E-05 9.9952E-05 0.0187626 9.9952E-05 0.0376007
9.9973E-05 0.938901 0.021613 0.0131512 0.00993716 9.9973E-05 0.0042269 0.0118709 9.9973E-05
9.9946E-05 0.981392 9.9946E-05 9.9946E-05 9.9946E-05 9.9946E-05 0.0131806 9.9946E-05 0.00482813
9.9955E-05 0.0286429 0.620011 9.9955E-05 0.0845034 9.9955E-05 9.9955E-05 9.9955E-05 0.266343
0.000196337 0.997983 9.9946E-05 9.9946E-05 9.9946E-05 9.9946E-05 9.9946E-05 0.00122144 9.9946E-05
9.9964E-05 0.911091 9.9964E-05 9.9964E-05 0.0162227 0.00713694 0.061918 0.00323185 9.9964E-05
9.99551E-05 0.511533 0.451436 0.00157026 9.99551E-05 9.99551E-05 9.99551E-05 9.99551E-05 0.0349609
9.9946E-05 0.991919 9.9946E-05 9.9946E-05 9.9946E-05 9.9946E-05 9.9946E-05 0.00610678 0.00137497
0.00890869 0.0382011 0.208311 9.9973E-05 0.00880165 9.9973E-05 0.000227852 9.9973E-05 0.73525
9.9964E-05 9.9964E-05 0.269669 9.9964E-05 0.0149484 0.0388371 0.00240562 9.9964E-05 0.67374
9.9982E-05 0.0106459 0.0702322 0.0153536 0.0123933 9.9982E-05 0.0123995 0.0456371 0.833138
9.9964E-05 0.0344329 0.866919 0.0472542 9.9964E-05 9.9964E-05 9.9964E-05 0.0119531 0.0390409
0.0304092 0.0566364 9.9982E-05 0.775599 0.0895256 0.0158382 0.00169326 9.9982E-05 0.0300979
9.9964E-05 0.0518054 0.0510027 9.9964E-05 9.9964E-05 0.0161178 9.9964E-05 0.0290553 0.851619
0.0474192 9.9964E-05 0.201707 0.335838 9.9964E-05 9.9964E-05 0.0766974 9.9964E-05 0.337938
0.0215083 0.0388845 0.153951 9.9973E-05 9.9973E-05 0.00808233 0.00316217 9.9973E-05 0.774112
0.0172854 0.000357375 0.246855 0.0116069 9.9973E-05 0.0346753 9.9973E-05 9.9973E-05 0.68892
0.0148676 9.9964E-05 0.224279 0.00557137 0.0621836 9.9964E-05 9.9964E-05 9.9964E-05 0.692698
0.0602898 9.9973E-05 0.267734 9.9973E-05 9.9973E-05 0.033704 0.033018 0.012099 0.592855
0.0307744 9.9964E-05 0.306438 9.9964E-05 9.9964E-05 0.0425497 9.9964E-05 0.0139841 0.605854
9.9946E-05 0.0259524 9.9946E-05 9.9946E-05 9.9946E-05 0.0312951 9.9946E-05 9.9946E-05 0.942153
0.0194629 0.0368962 9.9964E-05 0.0986832 9.9964E-05 9.9964E-05 9.9964E-05 0.00863294 0.835925
0.00126766 0.0349024 9.9973E-05 0.105069 9.9973E-05 0.015664 9.9973E-05 0.00137779 0.841419
0.0622655 0.0429923 0.730974 0.0179793 0.0665691 0.00141419 9.9991E-05 0.0068002 0.0709051
9.9937E-05 9.9937E-05 9.9937E-05 9.9937E-05 9.9937E-05 9.9937E-05 9.9937E-05 0.996918 0.00238223
9.9973E-05 0.00129845 9.9973E-05 0.010201 0.0493096 0.0194531 0.0216951 0.897743 9.9973E-05
0.0388383 9.9982E-05 9.9982E-05 0.0181445 0.0919279 0.601818 0.00282746 0.224941 0.021303
0.0604783 0.101546 0.329867 0.311285 0.0455542 0.00207388 0.0442538 0.00311057 0.101831
0.00988855 0.00519603 9.9964E-05 9.9964E-05 0.0489203 9.9964E-05 0.0410164 0.894579 9.9964E-05
9.9955E-05 0.0192155 9.9955E-05 9.9955E-05 0.0469654 9.9955E-05 0.0644565 0.868863 9.9955E-05
9.9982E-05 0.106055 0.145719 0.228781 9.9982E-05 0.0543271 0.0434218 0.0241011 0.397395
0.265223 0.0159551 0.0125943 0.0210054 0.0468567 0.439914 9.9982E-05 0.198251 9.9982E-05
0.337662 0.0115936 0.0359546 0.0241961 0.06389 0.41019 9.9991E-05 0.103057 0.0133568
0.406945 0.00652676 9.9982E-05 0.0283415 0.00241928 0.447522 0.0426318 0.065414 9.9982E-05
0.552946 9.9964E-05 0.0656345 0.0867699 0.0556404 0.238609 9.9964E-05 9.9964E-05 9.9964E-05
0.604303 0.0258583 0.0173901 0.0185659 0.0532106 0.280373 9.9973E-05 9.9973E-05 9.9973E-05
0.385206 9.9982E-05 0.0365984 0.0236757 0.0015582 0.404955 0.0520237 0.0957834 9.9982E-05
0.0193681 9.99639E-05 9.99639E-05 0.807337 0.128881 9.99639E-05 0.0183775 0.0256363 9.99639E-05
0.0336192 0.00370152 0.0233763 9.9964E-05 9.9964E-05 0.645618 9.9964E-05 0.293286 9.9964E-05
9.9973E-05 0.00505515 0.863427 0.0119138 0.0566789 9.9973E-05 9.9973E-05 0.00403531 0.0585894
0.0119276 0.0292775 0.897645 0.0162802 9.9982E-05 9.9982E-05 0.00124572 0.0292727 0.0141513
9.9973E-05 0.0112576 0.00290255 9.9973E-05 0.0461665 0.814562 0.0255162 0.0992947 9.9973E-05
0.0564781 0.153327 0.188309 0.0790069 0.041853 0.118053 0.105087 0.101489 0.156398
0.0286406 9.9982E-05 0.0606832 0.756826 0.0623248 0.0173878 9.9982E-05 0.0373407 0.0365965
0.0188277 9.9973E-05 9.9973E-05 0.13795 9.9973E-05 0.0533631 0.0293248 0.0427688 0.717465
0.0354324 0.00213005 0.762244 0.0750806 9.9973E-05 9.9973E-05 0.0484761 9.9973E-05 0.0763374
0.0139779 0.019772 0.000538655 0.139545 9.9991E-05 0.0226714 0.041864 0.232855 0.528677
0.0310377 0.0319124 0.0407749 0.824187 9.9982E-05 9.9982E-05 0.00848348 0.0605756 0.00282911
0.160719 9.9964E-05 0.0473961 0.0128983 9.9964E-05 9.9964E-05 0.0753128 0.703274 9.9964E-05
9.9964E-05 0.0219406 9.9964E-05 0.895034 0.0472787 0.0236469 9.9964E-05 0.0116994 9.9964E-05
0.0481174 0.0361468 0.0852712 9.9982E-05 0.604283 0.0583745 9.9982E-05 0.0258355 0.141772
9.9955E-05 0.0279425 0.917848 0.0333077 9.9955E-05 9.9955E-05 0.0204024 9.9955E-05 9.9955E-05
9.9982E-05 0.00625402 0.012342 0.0478926 0.0107119 0.605297 9.9982E-05 0.314026 0.00327618
0.0023124 0.0078611 9.9982E-05 0.0460729 9.9982E-05 0.413309 0.0204192 0.0187548 0.491071
0.00411489 0.00948997 0.059355 9.9973E-05 9.9973E-05 0.891997 0.00402612 9.9973E-05 0.030717
9.9982E-05 0.0237934 0.0296557 0.355422 9.9982E-05 0.0158025 0.247676 0.052981 0.274469
9.9946E-05 0.0140988 9.9946E-05 9.9946E-05 9.9946E-05 0.975418 9.9946E-05 0.00988331 9.9946E-05
9.9964E-05 9.9964E-05 0.0251566 0.878324 9.9964E-05 0.0415073 9.9964E-05 0.00108008 0.0535321
0.00883787 0.0546034 0.0465619 0.048127 9.9973E-05 0.793539 9.9973E-05 9.9973E-05 0.0480307
9.9973E-05 0.0619719 0.00260978 0.0852299 9.9973E-05 0.812859 9.9973E-05 0.0281233 0.0089058
0.0043617 0.0143971 0.849135 0.0374704 9.9991E-05 0.0498425 0.0150775 0.0119749 0.0176411
0.0132829 9.9991E-05 0.399741 0.0636349 0.0748781 0.0335224 0.0206898 0.284544 0.109607
0.00623435 0.0161544 0.308657 0.246084 9.9991E-05 0.0431038 0.0717042 0.0168674 0.291095
0.796851 0.012337 0.0245334 0.0290673 9.9982E-05 0.0679077 0.05475 9.9982E-05 0.0143538
0.912467 9.9964E-05 9.9964E-05 0.00935073 0.0275949 0.039238 0.0109498 9.9964E-05 9.9964E-05
0.868421 9.9973E-05 0.00366568 0.0153094 0.0383767 9.9973E-05 0.0417716 9.9973E-05 0.0321555
0.825288 0.0249612 0.0394402 0.0750355 0.00537723 0.0176593 0.0120388 9.9982E-05 9.9982E-05
0.0331739 9.9955E-05 0.936411 9.9955E-05 0.0176941 9.9955E-05 0.012221 9.9955E-05 9.9955E-05
9.9973E-05 0.00636372 0.88393 9.9973E-05 0.0702857 0.0211355 0.000833637 9.9973E-05 0.0171515
0.0189836 0.0276927 0.793333 0.0213039 0.0684998 9.9982E-05 0.0212149 9.9982E-05 0.0487725
0.39851 0.00502148 9.9982E-05 0.0223649 0.0575515 0.251266 0.0640467 0.201039 9.9982E-05
0.052315 0.139755 0.153034 0.0761629 0.0553866 0.134807 0.0783414 0.158742 0.151456
0.0982592 0.0892947 0.3511 9.9973E-05 0.453625 0.00614061 9.9973E-05 9.9973E-05 0.00128086
9.9973E-05 0.0329663 0.705354 9.9973E-05 0.0904672 0.032304 0.0402978 9.9973E-05 0.0983111
0.00801103 0.0868901 0.632349 9.9991E-05 0.171931 0.0126474 0.0089499 0.00610709 0.0730154
0.032276 0.0249284 0.72307 9.9973E-05 0.154168 9.9973E-05 0.0241398 0.0411181 9.9973E-05
0.0392642 0.126512 0.483468 9.9982E-05 0.249917 0.0332276 9.9982E-05 0.0407569 0.0266541
0.00867405 0.0212858 9.9991E-05 0.128455 0.620311 0.00425153 0.115833 0.0453109 0.0557789
0.0170598 9.9982E-05 0.00315501 0.0738759 0.00771691 0.00187546 0.0249384 9.9982E-05 0.871178
0.00339745 0.0461205 0.223991 0.157138 9.9973E-05 9.9973E-05 0.042387 9.9973E-05 0.526666
9.9955E-05 9.9955E-05 9.9955E-05 9.9955E-05 0.00829198 0.929691 0.0439673 0.0175495 9.9955E-05
9.9955E-05 9.9955E-05 9.9955E-05 9.9955E-05 0.0273207 0.885433 0.0746401 9.9955E-05 0.0121067
9.9955E-05 9.9955E-05 0.00664126 9.9955E-05 0.0442004 0.853633 0.095026 9.9955E-05 9.9955E-05
0.216958 9.9964E-05 9.9964E-05 9.9964E-05 0.199595 0.359934 0.0717177 0.151396 9.9964E-05
0.0861575 9.9955E-05 9.9955E-05 9.9955E-05 0.593326 0.31384 0.00617688 9.9955E-05 9.9955E-05
0.111405 9.99459E-05 9.99459E-05 9.99459E-05 0.593642 0.294354 9.99459E-05 9.99459E-05 9.99459E-05
0.0269631 9.9946E-05 0.882926 9.9946E-05 0.089511 9.9946E-05 9.9946E-05 9.9946E-05 9.9946E-05
0.031591 0.0156776 0.793174 9.9982E-05 0.0950581 0.0159622 9.9982E-05 0.0325101 0.0158273
9.9946E-05 9.9946E-05 0.947742 9.9946E-05 0.00656504 9.9946E-05 9.9946E-05 9.9946E-05 0.045093
9.9973E-05 0.00578478 0.00388938 0.812326 0.0463567 0.0432375 9.9973E-05 9.9973E-05 0.0881057
0.020194 0.0239393 0.0108685 0.0171734 9.9964E-05 0.927425 9.9964E-05 9.9964E-05 9.9964E-05
9.9973E-05 0.0229329 0.00982064 0.00255434 9.9973E-05 0.917242 9.9973E-05 0.0375864 0.00956412
9.9946E-05 9.9946E-05 9.9946E-05 0.0159641 9.9946E-05 0.881785 9.9946E-05 0.101651 9.9946E-05
0.0181632 9.9964E-05 9.9964E-05 9.9964E-05 9.9964E-05 0.778487 0.0189322 0.155577 0.0284412
0.0124146 0.00858492 9.9982E-05 0.0465049 9.9982E-05 0.814 0.0140578 0.0901469 0.0140907
9.9955E-05 9.9955E-05 9.9955E-05 0.169853 9.9955E-05 0.090672 9.9955E-05 0.0228599 0.716115
0.168453 0.0594025 0.0340435 0.0115195 0.113676 0.179361 0.129753 0.303692 9.9991E-05
9.9955E-05 9.9955E-05 0.00829644 0.979746 0.0105819 0.000875727 9.9955E-05 9.9955E-05 9.9955E-05
9.9955E-05 9.9955E-05 9.9955E-05 0.215967 9.9955E-05 0.0681835 0.00862606 9.9955E-05 0.706724
9.9946E-05 9.9946E-05 0.728349 0.0601431 9.9946E-05 9.9946E-05 0.210908 9.9946E-05 9.9946E-05
9.9937E-05 9.9937E-05 9.9937E-05 0.162099 9.9937E-05 9.9937E-05 9.9937E-05 9.9937E-05 0.837202
9.9937E-05 9.9937E-05 9.9937E-05 0.259265 9.9937E-05 9.9937E-05 9.9937E-05 9.9937E-05 0.740036
0.0181053 9.9946E-05 9.9946E-05 0.24874 9.9946E-05 9.9946E-05 9.9946E-05 9.9946E-05 0.732555
9.9955E-05 0.0404008 9.9955E-05 9.9955E-05 9.9955E-05 0.933446 9.9955E-05 0.00323328 0.0224203
9.9955E-05 9.9955E-05 9.9955E-05 0.0397765 9.9955E-05 0.9484 0.00228341 0.00904018 9.9955E-05
9.9946E-05 9.9946E-05 9.9946E-05 9.9946E-05 9.9946E-05 0.138157 0.767258 0.0939853 9.9946E-05
0.00203939 0.0352781 9.9973E-05 9.9973E-05 9.9973E-05 0.894149 0.0248365 0.0405914 0.00280528
9.993E-05 9.993E-05 9.993E-05 9.993E-05 9.993E-05 0.999201 9.993E-05 9.993E-05 9.993E-05
9.9973E-05 0.0172399 9.9973E-05 0.0494418 9.9973E-05 0.283564 0.0399612 0.148548 0.460945
0.0670644 9.9964E-05 0.0328972 9.9964E-05 0.0484873 0.779085 9.9964E-05 0.0720658 9.9964E-05
0.042704 9.9982E-05 0.0387153 9.9982E-05 0.0292207 0.781076 0.00782116 0.0966438 0.00361866
0.0811086 9.9973E-05 0.0755731 9.9973E-05 0.443703 0.149669 0.118813 0.130834 9.9973E-05
0.0175624 0.0237807 9.9964E-05 0.907199 9.9964E-05 9.9964E-05 9.9964E-05 0.0100384 0.0410201
0.0216669 9.9973E-05 9.9973E-05 0.120775 9.9973E-05 0.601297 0.0620612 0.189782 0.00411792
0.0416034 0.43011 0.311948 0.0111395 9.9973E-05 9.9973E-05 9.9973E-05 0.186097 0.018802
9.9964E-05 9.9964E-05 9.9964E-05 0.074459 9.9964E-05 0.541038 0.00666605 0.306548 0.0708895
9.9946E-05 0.029511 9.9946E-05 9.9946E-05 9.9946E-05 0.953659 9.9946E-05 9.9946E-05 0.0162308
0.0235417 9.99551E-05 9.99551E-05 0.148001 9.99551E-05 0.0257769 9.99551E-05 9.99551E-05 0.802181
9.9973E-05 9.9973E-05 9.9973E-05 0.102933 0.0217367 0.257769 0.0143995 0.0283608 0.574501
9.9955E-05 0.00545304 0.0201404 0.899867 0.0740399 9.9955E-05 9.9955E-05 9.9955E-05 9.9955E-05
9.9946E-05 9.9946E-05 9.9946E-05 0.0598444 0.927838 9.9946E-05 9.9946E-05 0.0117183 9.9946E-05
9.9946E-05 9.9946E-05 0.0391413 9.9946E-05 0.0302775 9.9946E-05 9.9946E-05 9.9946E-05 0.929982
9.99549E-05 9.99549E-05 9.99549E-05 0.210633 0.657591 9.99549E-05 0.0174769 9.99549E-05 0.113799
9.9964E-05 9.9964E-05 0.0307836 0.910012 0.011459 0.0141061 9.9964E-05 9.9964E-05 0.0332396
9.9955E-05 9.9955E-05 0.0227165 0.879682 9.9955E-05 0.0385081 9.9955E-05 9.9955E-05 0.0585936
9.99459E-05 9.99459E-05 9.99459E-05 0.216422 0.727671 9.99459E-05 0.0553072 9.99459E-05 9.99459E-05
0.00173215 9.9973E-05 9.9973E-05 0.186435 0.370276 9.9973E-05 0.161403 0.00868133 0.271172
9.9964E-05 0.00758077 9.9964E-05 0.941346 0.0275545 0.0115011 9.9964E-05 9.9964E-05 0.0116177
0.0535045 0.0130075 0.0561452 9.9982E-05 0.442071 0.150054 0.148119 0.136899 9.9982E-05
9.9955E-05 0.00199574 0.932365 0.0479757 9.9955E-05 9.9955E-05 9.9955E-05 9.9955E-05 0.0171633
9.9955E-05 9.9955E-05 0.719108 0.0939728 9.9955E-05 0.00515164 0.181268 9.9955E-05 9.9955E-05
9.9937E-05 0.994786 9.9937E-05 9.9937E-05 9.9937E-05 0.00451439 9.9937E-05 9.9937E-05 9.9937E-05
9.9955E-05 9.9955E-05 0.654405 0.148259 9.9955E-05 0.000165053 0.196671 9.9955E-05 9.9955E-05
9.9955E-05 0.0149354 0.819079 0.0756754 9.9955E-05 9.9955E-05 9.9955E-05 9.9955E-05 0.0898106
9.9946E-05 9.9946E-05 0.354858 0.603605 9.9946E-05 9.9946E-05 9.9946E-05 9.9946E-05 0.0409373
9.9955E-05 0.0261492 0.864485 0.0317231 9.9955E-05 9.9955E-05 9.9955E-05 9.9955E-05 0.0771425
0.0287723 0.0406131 0.238883 0.0104095 0.0726097 9.9982E-05 0.0562554 9.9982E-05 0.552257
0.013519 0.00137921 0.935827 9.9973E-05 0.0113359 9.9973E-05 0.0119083 0.0257305 9.9973E-05
0.0090573 0.102656 0.105879 9.9964E-05 0.737043 9.9964E-05 9.9964E-05 9.9964E-05 0.044965
0.0486806 9.9973E-05 0.0612613 0.141545 0.543987 9.9973E-05 0.0294408 9.9973E-05 0.174785
0.00870197 0.0282891 0.155739 0.141883 0.343705 9.9982E-05 0.0195827 9.9982E-05 0.3019
9.9973E-05 0.0154703 0.85969 9.9973E-05 0.00426332 0.0217504 0.0305471 9.9973E-05 0.0679791
9.9946E-05 0.0242695 9.9946E-05 9.9946E-05 9.9946E-05 0.847006 9.9946E-05 0.128124 9.9946E-05
9.9955E-05 9.9955E-05 0.0436046 9.9955E-05 0.0148897 9.9955E-05 0.011951 9.9955E-05 0.929055
0.0579942 0.0418546 0.113948 9.9964E-05 0.767976 9.9964E-05 9.9964E-05 9.9964E-05 0.0178278
9.9964E-05 9.9964E-05 0.0254235 9.9964E-05 0.0345859 9.9964E-05 0.00955659 0.0026342 0.9274
9.9955E-05 9.9955E-05 9.9955E-05 9.9955E-05 0.0420755 0.824163 0.0378529 0.0954085 9.9955E-05
0.0221898 0.00515621 9.9964E-05 0.962284 9.9964E-05 9.9964E-05 9.9964E-05 0.00649923 0.00347055
9.99633E-05 0.967568 9.99633E-05 0.0164977 9.99633E-05 9.99633E-05 0.00197012 0.0134644 9.99633E-05
9.9964E-05 0.730154 0.0417895 0.0568065 0.0312889 9.9964E-05 9.9964E-05 0.139561 9.9964E-05
9.9955E-05 0.0189255 0.959011 0.011801 0.00976301 9.9955E-05 9.9955E-05 9.9955E-05 9.9955E-05
9.9964E-05 0.0375045 0.252165 0.164492 9.9964E-05 9.9964E-05 0.015643 9.9964E-05 0.529795
9.99369E-05 9.99369E-05 9.99369E-05 0.992491 9.99369E-05 9.99369E-05 0.00680987 9.99369E-05 9.99369E-05
9.993E-05 9.993E-05 9.993E-05 0.999201 9.993E-05 9.993E-05 9.993E-05 9.993E-05 9.993E-05
0.0224301 9.9973E-05 9.9973E-05 0.157743 9.9973E-05 0.0714461 0.139419 0.0655412 0.54312
9.9964E-05 0.0109821 0.28395 0.0993804 9.9964E-05 9.9964E-05 0.0294479 9.9964E-05 0.57584
0.00146868 9.9955E-05 9.9955E-05 9.9955E-05 0.0382845 0.881652 0.078095 9.9955E-05 9.9955E-05
0.0960204 9.9946E-05 9.9946E-05 9.9946E-05 0.586991 0.316389 9.9946E-05 9.9946E-05 9.9946E-05
0.311851 9.9973E-05 9.9973E-05 0.034089 0.007153 0.546297 9.9973E-05 0.0942446 0.00606542
0.426191 0.0648978 0.0496228 9.9982E-05 0.140371 0.123396 9.9982E-05 0.157578 0.0377444
0.420552 0.056543 0.0307685 9.9991E-05 0.16699 0.101704 0.0127224 0.180193 0.0304273
0.287128 0.0132359 0.0140714 0.0218073 0.116752 0.289874 9.9982E-05 0.256932 9.9982E-05
0.101909 9.9946E-05 9.9946E-05 9.9946E-05 0.59979 0.297702 9.9946E-05 9.9946E-05 9.9946E-05
0.421883 0.0446346 0.0296793 9.9991E-05 0.0970528 0.155018 0.0691187 0.161106 0.0214074
0.255232 9.9973E-05 0.0550264 9.9973E-05 0.0819745 0.198 0.0391591 0.370308 9.9973E-05
0.120604 0.0440354 0.0737311 0.00643667 0.655718 0.0755217 0.0237529 9.9982E-05 9.9982E-05
0.248163 9.9982E-05 0.0459655 0.0039519 0.087117 0.355757 0.0604577 0.198388 9.9982E-05
0.139225 0.0358058 0.0986437 9.9973E-05 0.627335 0.0709331 0.0277568 9.9973E-05 9.9973E-05
9.99549E-05 9.99549E-05 9.99549E-05 0.237535 0.618724 9.99549E-05 0.0498185 9.99549E-05 0.0934227
9.99549E-05 0.0456418 9.99549E-05 9.99549E-05 0.0224945 9.99549E-05 0.918646 9.99549E-05 0.0127183
0.155983 0.0428109 0.0158138 9.9991E-05 0.222757 0.294324 0.0379222 0.195447 0.0348412
0.203015 0.00719843 0.0186704 9.9991E-05 0.284752 0.232738 0.0241816 0.144965 0.0843802
0.128501 9.9946E-05 9.9946E-05 9.9946E-05 0.59938 0.27152 9.9946E-05 9.9946E-05 9.9946E-05
0.256293 0.0400235 9.9982E-05 9.9982E-05 0.109202 0.359595 0.0233739 0.180386 0.0309249
9.99551E-05 9.99551E-05 0.135268 9.99551E-05 0.0325184 9.99551E-05 9.99551E-05 0.00680336 0.824911
9.9973E-05 9.9973E-05 0.00405465 9.9973E-05 0.0264684 0.870306 0.0664706 0.0220162 0.0103844
0.438933 0.0465719 0.0371107 0.011903 0.181573 0.1343 9.9991E-05 0.140493 0.00901584
0.153854 0.0201582 0.00733676 9.9982E-05 0.134558 0.362418 0.0652964 0.256179 9.9982E-05
0.423378 0.0393649 0.029899 9.9982E-05 0.132222 0.192134 0.0401388 0.142663 9.9982E-05
0.365749 0.0607944 0.011245 9.9991E-05 0.0563367 0.198764 0.0707499 0.225642 0.0106193
9.9946E-05 9.9946E-05 0.70247 0.102076 9.9946E-05 9.9946E-05 0.194855 9.9946E-05 9.9946E-05
0.0490279 0.0533265 0.346045 0.00267381 0.03563 9.9982E-05 0.0636717 9.9982E-05 0.449425
0.0791103 9.9964E-05 9.9964E-05 9.9964E-05 0.0506026 0.760949 0.0268456 0.0820929 9.9964E-05
9.99459E-05 9.99459E-05 0.0466698 9.99459E-05 0.0481932 9.99459E-05 9.99459E-05 9.99459E-05 0.904537
9.99549E-05 9.99549E-05 0.665999 0.10347 9.99549E-05 0.0187372 0.211294 9.99549E-05 9.99549E-05
9.99459E-05 9.99459E-05 9.99459E-05 0.124021 0.863442 9.99459E-05 9.99459E-05 0.0119376 9.99459E-05
9.9937E-05 0.000651864 9.9937E-05 9.9937E-05 9.9937E-05 0.998649 9.9937E-05 9.9937E-05 9.9937E-05
9.9946E-05 0.00686258 9.9946E-05 9.9946E-05 9.9946E-05 0.974439 9.9946E-05 0.0180991 9.9946E-05
0.0377047 0.0414526 9.9973E-05 0.0197098 9.9973E-05 0.881932 9.9973E-05 0.00760932 0.0112921
0.0116599 0.00979054 9.9955E-05 9.9955E-05 9.9955E-05 0.966095 9.9955E-05 0.0119543 9.9955E-05
9.9982E-05 0.0142399 0.0068093 0.831282 0.0318528 0.036052 9.9982E-05 0.00913297 0.0704311
9.9973E-05 0.0349224 0.0464328 0.0350848 9.9973E-05 0.805115 0.00389438 0.0742508 9.9973E-05
0.0120463 9.9955E-05 0.67461 0.124745 9.9955E-05 9.9955E-05 0.188099 9.9955E-05 9.9955E-05
0.0071493 9.9955E-05 0.92922 9.9955E-05 0.0559064 9.9955E-05 0.00722423 9.9955E-05 9.9955E-05
0.0299374 0.0170841 0.878713 0.0482834 9.9964E-05 9.9964E-05 9.9964E-05 9.9964E-05 0.025582
9.9973E-05 0.0262843 0.947518 0.0163327 0.00129449 0.00257066 9.9973E-05 0.00570015 9.9973E-05
0.00434629 0.0281088 0.875916 0.0179415 9.9973E-05 9.9973E-05 0.0122897 9.9973E-05 0.0610975
0.543146 0.077785 0.0713048 9.9982E-05 0.181735 0.0862811 9.9982E-05 0.0348504 0.00469788
0.52427 0.0965148 0.0752753 9.9982E-05 0.173714 0.0818145 9.9982E-05 0.037814 0.0103978
0.905957 9.99639E-05 0.0119033 0.0221467 0.0427158 9.99639E-05 9.99639E-05 9.99639E-05 0.0168768
0.864434 9.9955E-05 0.0147837 9.9955E-05 9.9955E-05 0.089934 0.0303486 9.9955E-05 9.9955E-05
0.938318 9.9946E-05 9.9946E-05 9.9946E-05 9.9946E-05 0.00990789 0.0511742 9.9946E-05 9.9946E-05
0.270056 0.0109811 0.00600976 0.20389 0.42694 9.9982E-05 0.0543813 9.9982E-05 0.0275427
0.928913 0.0115765 9.9955E-05 9.9955E-05 0.0101614 9.9955E-05 9.9955E-05 9.9955E-05 0.0488495
0.104942 0.00720213 0.201283 0.118243 9.9991E-05 0.197132 0.161174 0.00101232 0.208912
0.999201 9.993E-05 9.993E-05 9.993E-05 9.993E-05 9.993E-05 9.993E-05 9.993E-05 9.993E-05
0.985299 9.9937E-05 9.9937E-05 9.9937E-05 9.9937E-05 9.9937E-05 9.9937E-05 0.0140011 9.9937E-05
0.933757 0.0291263 9.9955E-05 9.9955E-05 9.9955E-05 0.00743119 9.9955E-05 0.0291861 9.9955E-05
0.243116 9.9964E-05 0.00371539 9.9964E-05 9.9964E-05 9.9964E-05 0.0509655 0.678463 0.02334
0.999201 9.993E-05 9.993E-05 9.993E-05 9.993E-05 9.993E-05 9.993E-05 9.993E-05 9.993E-05
0.820303 0.0228506 0.029097 9.9973E-05 9.9973E-05 0.0171162 0.00763951 0.102694 9.9973E-05
0.00633175 9.9955E-05 0.0880712 9.9955E-05 0.042622 9.9955E-05 9.9955E-05 9.9955E-05 0.862475
0.0784567 0.0478021 0.223526 9.9973E-05 0.0593844 9.9973E-05 0.0123082 9.9973E-05 0.578222
0.0214677 0.00902783 0.685452 9.9973E-05 0.155751 9.9973E-05 0.00710004 9.9973E-05 0.120901
9.9973E-05 0.0202337 0.887017 0.034177 0.000241612 9.9973E-05 0.00557364 9.9973E-05 0.0524576
0.0117668 9.9964E-05 0.0513712 0.167492 0.64148 9.9964E-05 9.9964E-05 9.9964E-05 0.127491
0.0293868 0.0419628 0.745411 9.9973E-05 0.0701027 9.9973E-05 0.0403616 9.9973E-05 0.072475
9.9955E-05 0.00161599 9.9955E-05 9.9955E-05 0.0294162 9.9955E-05 9.9955E-05 0.00690939 0.961559
9.99371E-05 9.99371E-05 0.0632386 9.99371E-05 9.99371E-05 9.99371E-05 9.99371E-05 9.99371E-05 0.936062
9.99459E-05 9.99459E-05 9.99459E-05 0.227807 0.755597 9.99459E-05 9.99459E-05 9.99459E-05 0.0159964
0.0555426 0.0369097 0.71334 9.9964E-05 0.135028 9.9964E-05 9.9964E-05 9.9964E-05 0.0587797
0.0353027 0.0818089 0.483507 9.9982E-05 0.173954 9.9982E-05 0.0136592 0.0316589 0.179909
0.0309785 0.0466586 0.0379908 0.160754 0.711296 9.99821E-05 0.00207051 9.99821E-05 0.0100521
9.99549E-05 9.99549E-05 9.99549E-05 0.212971 0.704482 9.99549E-05 0.0453625 9.99549E-05 0.0366844
9.9964E-05 9.9964E-05 0.0561583 0.134786 0.656933 9.9964E-05 0.0336058 9.9964E-05 0.118117
0.0156497 9.9973E-05 0.224438 0.0854274 9.9973E-05 0.0441508 0.140488 9.9973E-05 0.489546
9.9964E-05 0.00242131 9.9964E-05 0.301819 0.646141 9.9964E-05 0.0272127 9.9964E-05 0.022006
0.01648 9.9973E-05 0.0088954 9.9973E-05 0.0786666 0.00708029 0.00141845 9.9973E-05 0.887159
9.99369E-05 9.99369E-05 9.99369E-05 0.125 0.8743 9.99369E-05 9.99369E-05 9.99369E-05 9.99369E-05
9.9948E-05 9.9948E-05 9.9948E-05 0.067392 0.915493 9.9948E-05 9.9948E-05 0.016515 9.9948E-05
0.153113 0.0414836 9.9982E-05 0.017548 0.382097 0.245753 0.0426873 0.117118 9.9982E-05
9.9955E-05 9.9955E-05 9.9955E-05 0.294714 0.697531 9.9955E-05 0.00614886 9.9955E-05 0.00110643
9.99459E-05 9.99459E-05 9.99459E-05 0.248212 0.711439 9.99459E-05 0.0397498 9.99459E-05 9.99459E-05
9.9946E-05 9.9946E-05 9.9946E-05 0.269706 0.678383 9.9946E-05 0.0513118 9.9946E-05 9.9946E-05
0.0640626 0.091726 0.160381 9.9982E-05 0.583945 0.0245065 0.00069684 9.9982E-05 0.0744821
9.9964E-05 9.9964E-05 0.106052 9.9964E-05 0.105546 9.9964E-05 0.0145393 0.017833 0.75563
0.0128403 9.9973E-05 0.00365887 9.9973E-05 0.0541848 0.00915422 0.0463211 9.9973E-05 0.873541
0.00965461 9.9982E-05 0.0132737 0.0216991 0.0762864 0.0126196 0.0126993 9.9982E-05 0.853567
9.99494E-05 9.99494E-05 0.0552491 9.99494E-05 0.0553583 9.99494E-05 9.99494E-05 9.99494E-05 0.888793
9.9946E-05 9.9946E-05 9.9946E-05 9.9946E-05 0.0732168 0.864107 0.0620761 9.9946E-05 9.9946E-05
9.99459E-05 9.99459E-05 9.99459E-05 9.99459E-05 9.99459E-05 0.16466 0.774462 0.0602785 9.99459E-05
9.9982E-05 0.0536635 0.755134 0.0173146 0.0130278 9.9982E-05 0.0302159 0.0118589 0.118585
0.0108766 0.0347484 0.30694 0.161952 0.00966921 9.9982E-05 0.0144245 9.9982E-05 0.461189
9.99549E-05 0.0189483 9.99549E-05 0.111744 0.0962234 9.99549E-05 0.772585 9.99549E-05 9.99549E-05
9.99549E-05 0.0012283 9.99549E-05 0.0649298 0.129672 9.99549E-05 0.80367 9.99549E-05 9.99549E-05
0.0339977 9.9964E-05 0.864026 9.9964E-05 0.0551094 0.0368932 9.9964E-05 0.00957422 9.9964E-05
9.99459E-05 9.99459E-05 0.685889 0.123255 9.99459E-05 9.99459E-05 0.190256 9.99459E-05 9.99459E-05
0.0435939 9.9973E-05 9.9973E-05 0.0788957 9.9973E-05 0.0285898 0.129474 0.482333 0.236814
0.0554095 9.9982E-05 0.0160161 0.406787 0.0421552 0.0720751 0.107106 9.9982E-05 0.300251
9.9982E-05 0.0097867 0.773296 0.0324332 0.00113866 9.9982E-05 0.0390425 0.00485578 0.139247
0.0255971 0.0953251 0.241243 9.9973E-05 0.596506 0.025346 9.9973E-05 0.0156819 9.9973E-05
9.99549E-05 0.0431801 9.99549E-05 0.0941348 0.071593 9.99549E-05 0.790592 9.99549E-05 9.99549E-05
0.0801759 0.106757 0.119968 9.9973E-05 0.584462 0.0152073 9.9973E-05 9.9973E-05 0.0931301
0.0422557 0.0721532 0.219315 9.9982E-05 0.489899 0.0571177 9.9982E-05 0.00551023 0.113549
0.012519 0.0643932 0.889791 9.9964E-05 0.0326584 9.9964E-05 9.9964E-05 9.9964E-05 0.000238002
9.9964E-05 9.9964E-05 0.902045 9.9964E-05 0.0280748 0.00829766 9.9964E-05 0.0563966 0.0047863
9.9955E-05 0.00476615 0.94754 9.9955E-05 0.0208095 9.9955E-05 9.9955E-05 0.0263843 9.9955E-05
0.0365943 0.0319129 0.860672 0.0427647 0.0178575 9.9973E-05 9.9973E-05 9.9973E-05 0.00989907
9.9973E-05 0.0274335 0.921115 0.0111841 0.018937 9.9973E-05 9.9973E-05 0.00902195 0.0120089
9.9964E-05 9.9964E-05 0.887142 0.0723913 9.9964E-05 9.9964E-05 0.0142788 0.00505423 0.0207341
0.0218874 0.146746 0.483189 9.9982E-05 0.249683 0.0104258 9.9982E-05 0.0877139 0.000156199
0.120291 0.0723394 0.226515 9.9982E-05 0.475705 0.0613382 9.9982E-05 0.00929931 0.0343122
9.9946E-05 9.9946E-05 0.914824 0.0550602 9.9946E-05 9.9946E-05 9.9946E-05 0.0295158 9.9946E-05
0.115791 0.0748132 0.222907 9.9973E-05 0.513536 0.0368622 9.9973E-05 9.9973E-05 0.03579
0.0468257 0.0449825 0.128365 9.9982E-05 0.687789 0.012764 9.9982E-05 0.015415 0.0636587
9.993E-05 9.993E-05 9.993E-05 9.993E-05 9.993E-05 9.993E-05 9.993E-05 0.999201 9.993E-05
9.9946E-05 9.9946E-05 9.9946E-05 9.9946E-05 0.0197073 9.9946E-05 0.0737463 0.905947 9.9946E-05
9.993E-05 9.993E-05 9.993E-05 9.993E-05 9.993E-05 9.993E-05 9.993E-05 0.999201 9.993E-05
9.9937E-05 9.9937E-05 9.9937E-05 9.9937E-05 0.024599 9.9937E-05 9.9937E-05 0.974701 9.9937E-05
9.993E-05 9.993E-05 9.993E-05 9.993E-05 9.993E-05 9.993E-05 9.993E-05 0.999201 9.993E-05
9.993E-05 9.993E-05 9.993E-05 9.993E-05 9.993E-05 9.993E-05 9.993E-05 0.999201 9.993E-05
9.993E-05 9.993E-05 9.993E-05 9.993E-05 9.993E-05 9.993E-05 9.993E-05 0.999201 9.993E-05
9.9946E-05 9.9946E-05 9.9946E-05 0.0902612 0.884371 9.9946E-05 9.9946E-05 0.0247686 9.9946E-05
9.99459E-05 0.0265998 9.99459E-05 0.366591 0.60621 9.99459E-05 9.99459E-05 9.99459E-05 9.99459E-05
0.0826363 0.00336396 9.9973E-05 9.9973E-05 0.51754 0.147611 0.069688 0.178861 9.9973E-05
0.090362 0.00607785 9.9973E-05 9.9973E-05 0.534379 0.16701 0.0554065 0.146465 9.9973E-05
0.0468303 0.00111193 0.818757 9.9982E-05 0.0535853 0.0103475 9.9982E-05 0.0122104 0.0569574
0.00343804 0.0667589 0.758149 9.9973E-05 0.114285 0.0432617 9.9973E-05 0.0138074 9.9973E-05
9.9955E-05 9.9955E-05 0.961273 9.9955E-05 0.0193918 9.9955E-05 9.9955E-05 0.00936622 0.00946926
9.9973E-05 0.0186558 9.9973E-05 0.0181659 9.9973E-05 0.907408 0.00239763 0.0515723 0.00150057
9.9946E-05 9.9946E-05 9.9946E-05 0.00111464 9.9946E-05 0.678706 9.9946E-05 0.31958 9.9946E-05
9.9973E-05 0.00457895 0.0120093 0.00726325 9.9973E-05 0.898695 0.0119586 0.0651952 9.9973E-05
9.9937E-05 9.9937E-05 9.9937E-05 9.9937E-05 9.9937E-05 0.666145 9.9937E-05 0.333155 9.9937E-05
9.9964E-05 9.9964E-05 0.0348981 0.422156 9.9964E-05 0.381487 9.9964E-05 0.13629 0.0247695
0.166023 9.9982E-05 0.0329217 0.170948 9.9982E-05 0.304681 0.0219549 0.277769 0.0255024
0.0203239 0.000247069 0.00351967 0.0465741 9.9982E-05 0.0811573 9.9982E-05 0.832964 0.0150146
9.9937E-05 9.9937E-05 9.9937E-05 9.9937E-05 9.9937E-05 0.628008 9.9937E-05 0.371293 9.9937E-05
9.9937E-05 9.9937E-05 9.9937E-05 9.9937E-05 9.9937E-05 0.66285 9.9937E-05 0.33645 9.9937E-05
9.9937E-05 0.0219194 9.9937E-05 9.9937E-05 9.9937E-05 0.977381 9.9937E-05 9.9937E-05 9.9937E-05
9.9946E-05 9.9946E-05 9.9946E-05 0.0229811 9.9946E-05 0.736765 9.9946E-05 0.239654 9.9946E-05
0.144981 0.109495 0.153777 0.0774533 0.0575196 0.0255681 0.053818 0.0559373 0.32145
9.9955E-05 0.0228943 0.955331 9.9955E-05 0.00964561 9.9955E-05 9.9955E-05 0.0116292 9.9955E-05
9.9955E-05 9.9955E-05 9.9955E-05 0.0705662 0.907351 9.9955E-05 0.0149479 0.00663479 9.9955E-05
0.00355552 0.0598286 0.605623 0.0126161 0.0685127 0.035918 9.9982E-05 9.9982E-05 0.213747
9.9946E-05 9.9946E-05 9.9946E-05 0.145454 0.711686 9.9946E-05 9.9946E-05 9.9946E-05 0.14226
9.9973E-05 9.9973E-05 0.00220807 0.00416368 0.0253774 0.844797 0.103856 9.9973E-05 0.0192987
0.0374339 0.0139413 0.0046273 0.0533893 0.005792 0.0499 0.0384465 0.79637 9.9991E-05
0.0333274 0.00993303 0.028353 9.9982E-05 0.0689902 0.572275 0.0898806 0.19704 9.9982E-05
0.0353763 0.0772813 0.216538 9.9973E-05 0.613015 0.0427614 9.9973E-05 9.9973E-05 0.0147283
0.143053 0.100754 0.0575828 0.0181293 0.529168 0.066488 9.9982E-05 9.9982E-05 0.0846243
0.00983306 0.0537518 0.478453 0.0552121 0.0310393 9.9982E-05 9.9982E-05 0.040923 0.330588
9.99369E-05 9.99369E-05 9.99369E-05 0.819457 0.179844 9.99369E-05 9.99369E-05 9.99369E-05 9.99369E-05
0.681303 0.0680714 0.0411478 9.9973E-05 9.9973E-05 0.114974 0.0389784 0.0552261 9.9973E-05
0.808383 9.9973E-05 0.0368729 0.0255786 9.9973E-05 0.056185 0.0507852 0.021895 9.9973E-05
0.946737 9.9946E-05 9.9946E-05 9.9946E-05 9.9946E-05 9.9946E-05 0.0473945 0.00526852 9.9946E-05
0.90699 0.0123333 9.9955E-05 0.0270873 9.9955E-05 0.0530891 9.9955E-05 9.9955E-05 9.9955E-05
0.913385 0.00520885 9.99549E-05 9.99549E-05 9.99549E-05 9.99549E-05 0.0171183 0.0637879 9.99549E-05
0.77277 0.0353625 0.041704 9.9973E-05 9.9973E-05 0.0159012 0.0111206 0.122841 9.9973E-05
9.99549E-05 0.0200522 9.99549E-05 0.105649 0.853043 9.99549E-05 9.99549E-05 0.020756 9.99549E-05
0.097337 0.0612088 0.0492886 9.9982E-05 0.116126 0.263692 0.0181687 0.393978 9.9982E-05
0.0365899 0.0174298 0.0329524 9.9982E-05 0.00224349 0.782077 9.9982E-05 0.103764 0.024744
9.9937E-05 9.9937E-05 9.9937E-05 0.00357098 9.9937E-05 0.995729 9.9937E-05 9.9937E-05 9.9937E-05
9.9946E-05 0.0168592 9.9946E-05 9.9946E-05 9.9946E-05 0.957221 9.9946E-05 0.0253204 9.9946E-05
9.9955E-05 0.0107107 0.0145972 9.9955E-05 9.9955E-05 0.725262 9.9955E-05 0.24893 9.9955E-05
0.999201 9.993E-05 9.993E-05 9.993E-05 9.993E-05 9.993E-05 9.993E-05 9.993E-05 9.993E-05
0.950344 0.015117 0.0145332 9.9955E-05 9.9955E-05 9.9955E-05 9.9955E-05 0.0195059 9.9955E-05
0.291663 9.9964E-05 0.0148201 9.9964E-05 9.9964E-05 0.0410288 9.9964E-05 0.645415 0.00667392
0.265895 0.0257376 0.000583877 9.9973E-05 9.9973E-05 9.9973E-05 0.0303455 0.666064 0.0110743
0.919761 9.9946E-05 9.9946E-05 9.9946E-05 9.9946E-05 0.0398766 9.9946E-05 0.0397629 9.9946E-05
0.143844 9.9964E-05 0.0280016 9.9964E-05 9.9964E-05 9.9964E-05 0.00226205 0.803115 0.0223774
