9.9928E-05 9.9928E-05 9.9928E-05 9.9928E-05 0.0388645 9.9928E-05 9.9928E-05 9.9928E-05 9.9928E-05 0.822493 0.137844
0.0349759 9.99369E-05 9.99369E-05 0.215267 9.99369E-05 9.99369E-05 0.00340041 9.99369E-05 9.99369E-05 0.745658 9.99369E-05
0.0854302 0.0011506 0.0609049 0.228451 9.9964E-05 9.9964E-05 0.0550128 0.0337731 9.9964E-05 0.534877 9.9964E-05
9.9928E-05 9.9928E-05 9.9928E-05 9.9928E-05 0.0493202 9.9928E-05 9.9928E-05 9.9928E-05 9.9928E-05 0.824092 0.125789
0.00337063 0.0126116 0.0623608 0.876153 9.9964E-05 0.00848832 0.0136564 9.9964E-05 9.9964E-05 9.9964E-05 0.0229591
0.0845463 9.99369E-05 9.99369E-05 0.175864 9.99369E-05 9.99369E-05 0.0314094 9.99369E-05 9.99369E-05 0.707481 9.99369E-05
9.99461E-05 0.522068 9.99461E-05 0.00315771 0.467807 9.99461E-05 9.99461E-05 9.99461E-05 0.0034914 0.00287676 9.99461E-05
0.00704826 0.95408 9.9928E-05 9.9928E-05 9.9928E-05 9.9928E-05 9.9928E-05 9.9928E-05 9.9928E-05 0.0380724 9.9928E-05
0.0245693 0.961587 0.00220492 9.9937E-05 9.9937E-05 9.9937E-05 0.0109394 9.9937E-05 9.9937E-05 9.9937E-05 9.9937E-05
9.99191E-05 0.995452 0.00364844 9.99191E-05 9.99191E-05 9.99191E-05 9.99191E-05 9.99191E-05 9.99191E-05 9.99191E-05 9.99191E-05
9.9964E-05 0.000435939 0.0182731 0.0490377 0.128321 0.00177752 9.9964E-05 0.770328 9.9964E-05 0.0314267 9.9964E-05
9.9937E-05 0.0289822 9.9937E-05 9.9937E-05 0.00734712 9.9937E-05 9.9937E-05 0.914704 9.9937E-05 9.9937E-05 0.0482668
9.99461E-05 0.0133051 9.99461E-05 9.99461E-05 0.0817104 9.99461E-05 0.0123754 0.8815 9.99461E-05 9.99461E-05 0.010509
0.00382026 9.99371E-05 0.0147747 9.99371E-05 0.0759359 9.99371E-05 9.99371E-05 0.90477 9.99371E-05 9.99371E-05 9.99371E-05
9.9964E-05 9.9964E-05 0.0147446 9.9964E-05 0.00393089 0.0203376 0.109449 9.9964E-05 0.738011 0.0211423 0.0919851
0.00590907 0.982469 9.9937E-05 9.9937E-05 0.00519881 9.9937E-05 9.9937E-05 9.9937E-05 0.00572369 9.9937E-05 9.9937E-05
9.9937E-05 0.0189798 9.9937E-05 9.9937E-05 0.892557 9.9937E-05 0.0186273 9.9937E-05 9.9937E-05 9.9937E-05 0.0691362
9.99461E-05 9.99461E-05 9.99461E-05 9.99461E-05 0.0023321 9.99461E-05 9.99461E-05 0.0569102 0.898614 0.0396438 0.0019006
9.9964E-05 9.9964E-05 0.0405887 9.9964E-05 0.0136422 0.0277695 0.071543 0.192406 0.516163 9.9964E-05 0.137488
9.9946E-05 0.0108918 9.9946E-05 9.9946E-05 0.0258797 0.0264815 9.9946E-05 0.554071 0.382077 9.9946E-05 9.9946E-05
9.9946E-05 0.0200178 0.0514195 9.9946E-05 9.9946E-05 9.9946E-05 9.9946E-05 0.0244259 0.824075 9.9946E-05 0.0794624
0.00436188 0.0355248 9.9964E-05 9.9964E-05 9.9964E-05 0.00217286 0.00736393 0.890905 0.0579846 9.9964E-05 0.00128699
9.9946E-05 9.9946E-05 9.9946E-05 9.9946E-05 0.0027745 9.9946E-05 0.0626384 0.0567089 0.841995 0.035284 9.9946E-05
0.0258678 0.00367018 9.9964E-05 9.9964E-05 9.9964E-05 0.00200227 0.0333626 0.799135 0.0842447 9.9964E-05 0.0513179
9.9928E-05 9.9928E-05 9.9928E-05 9.9928E-05 9.9928E-05 9.9928E-05 9.9928E-05 0.917433 0.0577183 0.024049 9.9928E-05
9.9937E-05 9.9937E-05 9.9937E-05 9.9937E-05 0.0363268 9.9937E-05 0.0610127 9.9937E-05 0.878834 0.0231273 9.9937E-05
9.99281E-05 9.99281E-05 9.99281E-05 9.99281E-05 9.99281E-05 9.99281E-05 9.99281E-05 0.0972509 0.89082 0.0111293 9.99281E-05
0.0347555 9.9964E-05 0.0344818 9.9964E-05 9.9964E-05 0.0400009 0.0648987 0.269906 0.546063 0.00949345 9.9964E-05
9.9955E-05 0.00754416 9.9955E-05 9.9955E-05 9.9955E-05 0.0354971 0.0211264 0.0266061 0.899659 0.00906769 9.9955E-05
9.99551E-05 9.99551E-05 9.99551E-05 0.000358668 9.99551E-05 0.00170312 0.012016 0.0189431 0.947607 0.0188722 9.99551E-05
0.00268538 9.99461E-05 9.99461E-05 9.99461E-05 9.99461E-05 0.0200121 9.99461E-05 0.928043 0.0396698 9.99461E-05 0.00899038
9.99191E-05 9.99191E-05 9.99191E-05 9.99191E-05 0.192376 9.99191E-05 9.99191E-05 0.806725 9.99191E-05 9.99191E-05 9.99191E-05
9.99371E-05 9.99371E-05 9.99371E-05 9.99371E-05 9.99371E-05 9.99371E-05 0.0401743 0.0459454 0.868612 0.0445688 9.99371E-05
9.9955E-05 0.0160926 0.037787 9.9955E-05 0.0145915 9.9955E-05 9.9955E-05 0.75448 0.165748 0.0108014 9.9955E-05
9.9937E-05 9.9937E-05 9.9937E-05 0.00328601 9.9937E-05 9.9937E-05 9.9937E-05 0.00206711 0.956811 0.0371359 9.9937E-05
9.9928E-05 9.9928E-05 9.9928E-05 9.9928E-05 9.9928E-05 9.9928E-05 9.9928E-05 0.975872 0.020583 0.00274534 9.9928E-05
9.9937E-05 9.9937E-05 9.9937E-05 0.00999911 9.9937E-05 9.9937E-05 9.9937E-05 0.0701819 0.898423 0.0206966 9.9937E-05
9.9937E-05 9.9937E-05 9.9937E-05 9.9937E-05 9.9937E-05 0.0257286 9.9937E-05 0.907305 0.0572238 9.9937E-05 0.00904258
0.0924713 9.9946E-05 0.121189 0.115114 9.9946E-05 0.0584468 9.9946E-05 9.9946E-05 9.9946E-05 9.9946E-05 0.612179
0.364315 9.9928E-05 9.9928E-05 0.630867 9.9928E-05 9.9928E-05 9.9928E-05 9.9928E-05 9.9928E-05 0.00401777 9.9928E-05
9.99281E-05 9.99281E-05 9.99281E-05 0.0849466 0.170737 9.99281E-05 9.99281E-05 0.743517 9.99281E-05 9.99281E-05 9.99281E-05
9.9937E-05 9.9937E-05 9.9937E-05 9.9937E-05 0.00726405 9.9937E-05 0.0407557 0.0269771 0.924304 9.9937E-05 9.9937E-05
9.99371E-05 9.99371E-05 9.99371E-05 9.99371E-05 9.99371E-05 0.0210886 9.99371E-05 0.909821 0.0462491 9.99371E-05 0.0221422
0.55319 9.9955E-05 9.9955E-05 9.9955E-05 0.276494 0.0746144 9.9955E-05 0.0117671 9.9955E-05 0.0607909 0.0226442
9.9973E-05 0.0315908 0.00737743 9.9973E-05 0.00402285 0.0430363 0.0328843 0.220533 0.521729 9.9973E-05 0.138526
9.9964E-05 0.0147006 0.0395165 9.9964E-05 0.106519 9.9964E-05 0.0770857 0.452042 0.296251 0.0134847 9.9964E-05
9.9964E-05 0.00683391 9.9964E-05 0.018355 9.9964E-05 0.035865 9.9964E-05 0.025664 0.860186 0.0222132 0.0304835
0.0880464 9.99369E-05 9.99369E-05 0.254743 9.99369E-05 9.99369E-05 0.0631701 9.99369E-05 9.99369E-05 0.593341 9.99369E-05
0.257499 0.00760548 0.0706805 0.107448 9.9973E-05 0.462947 0.0125098 9.9973E-05 9.9973E-05 0.0277968 0.0532135
9.9928E-05 9.9928E-05 9.9928E-05 9.9928E-05 0.212508 9.9928E-05 9.9928E-05 9.9928E-05 9.9928E-05 0.029357 0.757335
9.99459E-05 9.99459E-05 9.99459E-05 9.99459E-05 0.044956 9.99459E-05 0.0129072 0.141826 9.99459E-05 0.0372887 0.762422
9.99459E-05 9.99459E-05 9.99459E-05 9.99459E-05 0.0479161 9.99459E-05 9.99459E-05 0.167305 0.00349063 0.111937 0.668752
9.9937E-05 9.9937E-05 9.9937E-05 9.9937E-05 0.0652427 9.9937E-05 9.9937E-05 0.0146544 9.9937E-05 0.0328037 0.8866
9.99371E-05 0.933843 9.99371E-05 0.0184429 9.99371E-05 9.99371E-05 9.99371E-05 0.0272333 9.99371E-05 0.0197808 9.99371E-05
9.9946E-05 0.952183 9.9946E-05 0.00715359 9.9946E-05 9.9946E-05 9.9946E-05 0.00718401 9.9946E-05 0.0139293 0.0189509
9.99371E-05 0.0320689 9.99371E-05 9.99371E-05 0.426104 9.99371E-05 0.045276 0.495852 9.99371E-05 9.99371E-05 9.99371E-05
9.9928E-05 9.9928E-05 9.9928E-05 9.9928E-05 9.9928E-05 9.9928E-05 9.9928E-05 0.935238 0.0462128 9.9928E-05 0.0177495
9.99459E-05 9.99459E-05 0.755764 9.99459E-05 9.99459E-05 9.99459E-05 9.99459E-05 0.0634096 0.165186 0.000697987 0.014342
9.9928E-05 9.9928E-05 0.104114 0.803824 9.9928E-05 9.9928E-05 9.9928E-05 9.9928E-05 9.9928E-05 0.0912619 9.9928E-05
0.182408 9.99459E-05 0.269856 0.353418 9.99459E-05 0.184805 0.00891343 9.99459E-05 9.99459E-05 9.99459E-05 9.99459E-05
0.00581998 9.9946E-05 9.9946E-05 9.9946E-05 0.928324 9.9946E-05 0.00651198 9.9946E-05 9.9946E-05 0.0204291 0.0383155
9.9955E-05 0.0019876 9.9955E-05 0.0233096 0.656694 9.9955E-05 0.02113 0.0232635 9.9955E-05 9.9955E-05 0.273115
0.0129907 9.9964E-05 9.9964E-05 0.0125082 0.657143 0.0512432 9.9964E-05 0.0256152 9.9964E-05 0.0425018 0.197598
9.9928E-05 0.979336 0.0089333 9.9928E-05 9.9928E-05 9.9928E-05 9.9928E-05 9.9928E-05 9.9928E-05 9.9928E-05 0.0109308
0.0984746 9.9928E-05 0.162495 0.738231 9.9928E-05 9.9928E-05 9.9928E-05 9.9928E-05 9.9928E-05 9.9928E-05 9.9928E-05
9.99279E-05 9.99279E-05 9.99279E-05 9.99279E-05 0.980706 0.00503343 0.0134614 9.99279E-05 9.99279E-05 9.99279E-05 9.99279E-05
0.0622758 0.0125473 0.122277 0.0605181 9.9946E-05 9.9946E-05 9.9946E-05 9.9946E-05 9.9946E-05 9.9946E-05 0.741782
9.9928E-05 9.9928E-05 9.9928E-05 9.9928E-05 0.0523108 9.9928E-05 0.0289934 0.917896 9.9928E-05 9.9928E-05 9.9928E-05
9.99281E-05 9.99281E-05 9.99281E-05 9.99281E-05 0.0566023 9.99281E-05 0.0104681 0.93213 9.99281E-05 9.99281E-05 9.99281E-05
9.9964E-05 0.794405 9.9964E-05 0.0461925 0.0205863 0.0294877 0.0180775 9.9964E-05 0.018771 9.9964E-05 0.0720801
9.9955E-05 0.79532 9.9955E-05 9.9955E-05 9.9955E-05 0.0251257 0.0172449 0.0109709 0.0423915 9.9955E-05 0.108447
9.9973E-05 0.85095 0.0101504 9.9973E-05 0.00101606 0.0182364 0.0177714 0.0246968 9.9973E-05 0.0264541 0.0504246
9.9937E-05 0.959894 0.0116735 0.0253868 9.9937E-05 9.9937E-05 9.9937E-05 9.9937E-05 9.9937E-05 9.9937E-05 0.00234617
9.9937E-05 0.955559 9.9937E-05 9.9937E-05 0.0228909 9.9937E-05 9.9937E-05 0.00868174 9.9937E-05 9.9937E-05 0.012169
9.99191E-05 0.978515 9.99191E-05 9.99191E-05 9.99191E-05 9.99191E-05 0.0205852 9.99191E-05 9.99191E-05 9.99191E-05 9.99191E-05
0.0108562 0.978988 9.99281E-05 9.99281E-05 9.99281E-05 9.99281E-05 0.00935686 9.99281E-05 9.99281E-05 9.99281E-05 9.99281E-05
9.9937E-05 0.975269 9.9937E-05 0.00865393 9.9937E-05 9.9937E-05 0.00986945 0.0055081 9.9937E-05 9.9937E-05 9.9937E-05
0.0229513 0.970212 9.9937E-05 9.9937E-05 9.9937E-05 9.9937E-05 0.00490214 0.00123511 9.9937E-05 9.9937E-05 9.9937E-05
9.99101E-05 0.999001 9.99101E-05 9.99101E-05 9.99101E-05 9.99101E-05 9.99101E-05 9.99101E-05 9.99101E-05 9.99101E-05 9.99101E-05
9.9955E-05 0.935623 0.0379926 0.00475477 9.9955E-05 0.00709491 9.9955E-05 0.00683009 9.9955E-05 9.9955E-05 0.00720449
9.99461E-05 0.932897 0.0151539 9.99461E-05 9.99461E-05 9.99461E-05 0.0253486 0.0110052 9.99461E-05 9.99461E-05 0.0149956
9.99281E-05 0.960815 0.0341488 9.99281E-05 9.99281E-05 9.99281E-05 9.99281E-05 9.99281E-05 0.00423705 9.99281E-05 9.99281E-05
0.00426947 0.523628 9.99461E-05 9.99461E-05 9.99461E-05 9.99461E-05 9.99461E-05 0.0175492 0.4384 0.0155542 9.99461E-05
9.99191E-05 0.552601 9.99191E-05 9.99191E-05 9.99191E-05 9.99191E-05 9.99191E-05 9.99191E-05 0.4465 9.99191E-05 9.99191E-05
9.9919E-05 0.980816 9.9919E-05 9.9919E-05 9.9919E-05 9.9919E-05 9.9919E-05 9.9919E-05 9.9919E-05 0.0182847 9.9919E-05
9.9928E-05 0.935262 0.0274535 9.9928E-05 9.9928E-05 9.9928E-05 9.9928E-05 9.9928E-05 9.9928E-05 9.9928E-05 0.0364846
0.00141958 0.924264 9.9955E-05 9.9955E-05 0.00342518 9.9955E-05 0.00298849 9.9955E-05 9.9955E-05 0.0589843 0.00841846
9.9955E-05 0.925436 9.9955E-05 0.0159673 9.9955E-05 0.0163846 0.00670686 9.9955E-05 0.00358613 9.9955E-05 0.0314193
9.99194E-05 0.978318 9.99194E-05 9.99194E-05 9.99194E-05 9.99194E-05 9.99194E-05 9.99194E-05 9.99194E-05 0.0207827 9.99194E-05
9.99281E-05 0.514692 9.99281E-05 9.99281E-05 9.99281E-05 9.99281E-05 9.99281E-05 0.031809 0.452699 9.99281E-05 9.99281E-05
9.9964E-05 0.863762 9.9964E-05 0.00150427 0.0102542 0.0337162 9.9964E-05 0.0343609 0.0334389 9.9964E-05 0.0225633
0.00471075 0.928882 9.9937E-05 0.0188881 0.0468194 9.9937E-05 9.9937E-05 9.9937E-05 9.9937E-05 9.9937E-05 9.9937E-05
9.9937E-05 0.935734 9.9937E-05 0.0141374 9.9937E-05 9.9937E-05 9.9937E-05 9.9937E-05 0.00515446 9.9937E-05 0.0442748
0.0187356 0.936224 9.9946E-05 0.0170901 9.9946E-05 9.9946E-05 0.013991 9.9946E-05 9.9946E-05 9.9946E-05 0.0133597
9.9964E-05 0.886652 9.9964E-05 9.9964E-05 0.00955859 0.00798848 0.00805115 0.0264145 0.0134901 9.9964E-05 0.0474456
9.9946E-05 0.948026 9.9946E-05 9.9946E-05 0.00415294 9.9946E-05 9.9946E-05 0.00546377 9.9946E-05 0.0195294 0.0222279
0.00541676 9.9964E-05 9.9964E-05 0.0480007 0.0469627 0.0343905 0.773543 9.9964E-05 0.0114917 0.0797949 9.9964E-05
0.013853 0.904825 0.0213683 9.9955E-05 9.9955E-05 9.9955E-05 0.00319083 9.9955E-05 0.0106829 0.0455799 9.9955E-05
9.9928E-05 0.965762 9.9928E-05 9.9928E-05 9.9928E-05 9.9928E-05 0.0129573 9.9928E-05 9.9928E-05 0.020481 9.9928E-05
0.105445 0.719839 0.0330632 9.9973E-05 0.0310433 0.0161352 9.9973E-05 9.9973E-05 0.077214 0.0083744 0.00858648
9.9937E-05 0.992153 0.000952484 9.9937E-05 9.9937E-05 9.9937E-05 9.9937E-05 0.00342757 9.9937E-05 0.00276738 9.9937E-05
9.9946E-05 0.963501 9.9946E-05 9.9946E-05 0.0142277 9.9946E-05 9.9946E-05 0.0018918 9.9946E-05 0.00405733 0.0157228
9.99551E-05 0.95973 0.000563601 9.99551E-05 0.000127249 0.0184787 0.00545638 0.0151442 9.99551E-05 9.99551E-05 9.99551E-05
9.9946E-05 0.946748 0.0115871 9.9946E-05 9.9946E-05 9.9946E-05 0.00358983 9.9946E-05 0.0057134 9.9946E-05 0.0317622
9.99279E-05 0.02591 9.99279E-05 9.99279E-05 9.99279E-05 9.99279E-05 0.378671 9.99279E-05 0.594619 9.99279E-05 9.99279E-05
9.99101E-05 0.999001 9.99101E-05 9.99101E-05 9.99101E-05 9.99101E-05 9.99101E-05 9.99101E-05 9.99101E-05 9.99101E-05 9.99101E-05
9.9937E-05 0.942931 0.00233235 9.9937E-05 9.9937E-05 0.0114881 9.9937E-05 9.9937E-05 9.9937E-05 9.9937E-05 0.0425491
9.99191E-05 0.982306 9.99191E-05 9.99191E-05 9.99191E-05 0.0167947 9.99191E-05 9.99191E-05 9.99191E-05 9.99191E-05 9.99191E-05
9.9946E-05 0.0172261 9.9946E-05 9.9946E-05 0.0294087 9.9946E-05 0.490754 0.260004 0.202007 9.9946E-05 9.9946E-05
9.99461E-05 0.913693 9.99461E-05 0.0238852 9.99461E-05 0.0343161 0.0196007 9.99461E-05 9.99461E-05 9.99461E-05 0.00790502
9.9937E-05 0.935954 9.9937E-05 9.9937E-05 9.9937E-05 0.00447136 9.9937E-05 0.0418251 9.9937E-05 0.0170498 9.9937E-05
0.00144754 0.950368 9.9937E-05 9.9937E-05 9.9937E-05 9.9937E-05 9.9937E-05 9.9937E-05 0.0246619 0.0228235 9.9937E-05
9.99281E-05 0.989459 9.99281E-05 9.99281E-05 9.99281E-05 9.99281E-05 9.99281E-05 0.00239262 9.99281E-05 0.00734918 9.99281E-05
9.9964E-05 0.0279696 0.0255679 9.9964E-05 0.00402265 9.9964E-05 0.0410057 0.223263 0.614287 9.9964E-05 0.0634842
9.9937E-05 0.984423 0.00165767 0.00946976 9.9937E-05 9.9937E-05 0.00375 9.9937E-05 9.9937E-05 9.9937E-05 9.9937E-05
9.9946E-05 0.888764 9.9946E-05 9.9946E-05 9.9946E-05 0.00726866 0.00218849 9.9946E-05 9.9946E-05 0.0876811 0.0134984
9.99371E-05 0.506858 9.99371E-05 9.99371E-05 0.00158424 9.99371E-05 9.99371E-05 0.0113384 0.47952 9.99371E-05 9.99371E-05
0.00936305 0.984847 9.99281E-05 9.99281E-05 9.99281E-05 9.99281E-05 9.99281E-05 0.00499015 9.99281E-05 9.99281E-05 9.99281E-05
9.9946E-05 0.0206509 0.0474175 9.9946E-05 0.0290315 9.9946E-05 9.9946E-05 0.705413 0.196887 9.9946E-05 9.9946E-05
9.9946E-05 9.9946E-05 0.0308731 0.0289206 9.9946E-05 9.9946E-05 9.9946E-05 0.657863 0.272168 0.00957604 9.9946E-05
0.0524446 9.9964E-05 9.9964E-05 0.00513451 9.9964E-05 9.9964E-05 0.0268869 0.849306 0.0307681 0.033648 0.00141189
0.017509 0.00927198 0.00476552 0.00261013 0.0241833 9.9973E-05 0.134051 0.0351234 0.772186 9.9973E-05 9.9973E-05
9.9982E-05 0.0592281 0.0230948 0.0103345 0.771396 0.0192834 9.9982E-05 0.0211166 0.0113969 0.00649947 0.0774501
0.0458975 0.042905 9.9946E-05 9.9946E-05 9.9946E-05 9.9946E-05 0.0143803 0.850702 0.0455153 9.9946E-05 9.9946E-05
9.9964E-05 9.9964E-05 0.0299624 9.9964E-05 0.36863 0.0523834 0.00833833 0.349485 0.177206 0.0135948 9.9964E-05
0.00694399 0.0388252 9.9964E-05 0.0403071 9.9964E-05 0.0159881 9.9964E-05 0.740191 0.156407 0.000938576 9.9964E-05
9.9946E-05 9.9946E-05 0.0232187 9.9946E-05 9.9946E-05 0.0417511 9.9946E-05 0.653511 0.266876 0.0140431 9.9946E-05
9.9964E-05 0.0248703 0.0011837 9.9964E-05 0.00134218 9.9964E-05 9.9964E-05 0.689755 0.232435 0.00617888 0.0438352
0.008022 9.9973E-05 0.0179962 0.0539811 0.0184531 0.0488562 9.9973E-05 0.578473 0.262711 9.9973E-05 0.0112078
0.00288638 0.00435376 0.000851886 0.0410433 9.9964E-05 0.0455677 9.9964E-05 0.566342 0.338555 9.9964E-05 9.9964E-05
0.00309371 0.0128505 0.0315082 9.9955E-05 9.9955E-05 0.0173325 0.00305765 0.931658 9.9955E-05 9.9955E-05 9.9955E-05
0.00483639 0.0179689 9.9955E-05 9.9955E-05 0.10135 0.0245866 0.0100744 0.840684 9.9955E-05 9.9955E-05 9.9955E-05
0.0133921 0.021284 9.9964E-05 0.00827831 0.0837511 0.00530733 0.0333429 0.834244 9.9964E-05 9.9964E-05 9.9964E-05
0.00971414 0.0222656 0.0268054 9.9982E-05 0.0414681 0.0757243 0.00569054 0.0481635 0.756166 0.0138025 9.9982E-05
0.982003 9.9928E-05 0.016639 9.9928E-05 9.9928E-05 9.9928E-05 9.9928E-05 0.000558534 9.9928E-05 9.9928E-05 9.9928E-05
0.893089 9.9955E-05 0.0352398 0.0078999 9.9955E-05 9.9955E-05 0.0145787 9.9955E-05 9.9955E-05 0.021356 0.0273369
0.24512 9.99459E-05 0.128997 0.57399 9.99459E-05 9.99459E-05 9.99459E-05 0.0131447 9.99459E-05 9.99459E-05 0.038149
0.0239966 0.0919428 0.0779033 0.00973184 0.302645 0.00593571 0.102636 0.0659619 0.291668 0.00583349 0.0217446
0.906622 9.9955E-05 0.0167824 0.00662868 9.9955E-05 9.9955E-05 0.00312588 9.9955E-05 9.9955E-05 0.0468092 0.0195323
0.874958 9.99459E-05 0.0544943 9.99459E-05 9.99459E-05 9.99459E-05 0.0311907 9.99459E-05 9.99459E-05 0.00141163 0.0373453
0.0312471 0.131856 0.0173173 0.0177543 0.212675 9.9964E-05 0.185159 0.403592 9.9964E-05 9.9964E-05 9.9964E-05
0.216256 9.9946E-05 0.151634 0.363091 9.9946E-05 0.263933 0.00448647 9.9946E-05 9.9946E-05 9.9946E-05 9.9946E-05
0.0905199 0.0205515 0.132765 0.383171 0.043918 0.311257 9.9973E-05 0.0121715 0.0053463 9.9973E-05 9.9973E-05
0.0569011 0.00656906 0.0967883 0.422829 0.00652299 0.369929 9.9973E-05 9.9973E-05 9.9973E-05 0.0181103 0.0220506
9.9964E-05 0.013079 0.0461109 0.211231 9.9964E-05 0.561377 0.0341291 9.9964E-05 0.0389736 9.9964E-05 0.0946987
9.9973E-05 0.0499481 0.0598837 0.256921 0.00012246 0.539109 0.0372021 9.9973E-05 0.00954095 9.9973E-05 0.0469732
0.0796948 9.9973E-05 0.0631863 0.389315 0.0155183 0.400316 9.9973E-05 0.0261835 0.00761422 9.9973E-05 0.0178726
9.99369E-05 9.99369E-05 9.99369E-05 9.99369E-05 0.747997 0.0475569 9.99369E-05 9.99369E-05 9.99369E-05 0.0370331 0.166714
0.282944 9.9946E-05 9.9946E-05 0.666238 9.9946E-05 0.0276837 0.0062279 9.9946E-05 0.0163074 9.9946E-05 9.9946E-05
0.0193753 0.0152997 9.9973E-05 0.00389227 0.0202684 9.9973E-05 0.0938245 0.000318888 0.78864 9.9973E-05 0.0580807
9.9937E-05 0.037283 9.9937E-05 9.9937E-05 9.9937E-05 9.9937E-05 0.384458 0.0168902 0.560669 9.9937E-05 9.9937E-05
0.0512022 0.0295099 0.0690401 0.784958 9.9973E-05 0.0213038 9.9973E-05 9.9973E-05 0.0334638 0.0061309 0.0040911
0.0468198 0.13212 0.12583 0.094954 0.164619 0.0674827 0.0366471 0.151884 0.125889 0.053655 9.9991E-05
0.0231115 9.9991E-05 0.016118 0.00572399 0.763768 0.0168345 0.0106442 0.0114554 0.0471661 0.0207382 0.0843396
0.0591744 9.9955E-05 9.9955E-05 0.0295146 0.159134 0.0319686 9.9955E-05 0.712841 9.9955E-05 0.00686818 9.9955E-05
9.9955E-05 9.9955E-05 9.9955E-05 9.9955E-05 0.0305894 0.0335473 0.114762 0.0613076 0.713868 0.0454256 9.9955E-05
0.212471 0.0114806 9.9973E-05 0.0243267 0.183093 0.0355219 9.9973E-05 0.479541 0.00993001 0.0433349 9.9973E-05
0.0587821 9.9982E-05 0.0334014 9.9982E-05 0.808028 0.0197877 0.00334201 0.00537417 0.034092 0.00260348 0.0343893
0.690776 9.9937E-05 9.9937E-05 9.9937E-05 9.9937E-05 0.159065 9.9937E-05 9.9937E-05 0.071399 0.07806 9.9937E-05
0.000589814 0.0116566 0.0432329 0.00831604 0.871235 9.9964E-05 9.9964E-05 9.9964E-05 0.00363527 9.9964E-05 0.0609344
0.0273141 0.0355159 0.363535 9.9955E-05 9.9955E-05 9.9955E-05 9.9955E-05 0.100557 0.10407 9.9955E-05 0.368508
9.99279E-05 0.0168167 9.99279E-05 9.99279E-05 9.99279E-05 9.99279E-05 0.368036 9.99279E-05 0.614347 9.99279E-05 9.99279E-05
0.313795 0.034687 9.9955E-05 0.593272 0.0307657 9.9955E-05 0.0261318 0.000848869 9.9955E-05 9.9955E-05 9.9955E-05
9.9973E-05 0.000878513 0.00464764 0.396808 0.0665213 0.0206401 0.00528263 0.494424 9.9973E-05 0.0104986 9.9973E-05
9.9955E-05 0.0331579 9.9955E-05 0.8976 9.9955E-05 0.0231942 0.00906269 0.0151376 0.021348 9.9955E-05 9.9955E-05
0.0338021 0.0308396 9.9973E-05 0.0511235 0.296111 0.0209148 0.0891072 0.273666 9.9973E-05 0.204136 9.9973E-05
9.99191E-05 9.99191E-05 9.99191E-05 0.996367 9.99191E-05 0.00273337 9.99191E-05 9.99191E-05 9.99191E-05 9.99191E-05 9.99191E-05
9.9946E-05 9.9946E-05 9.9946E-05 0.0335526 0.885468 9.9946E-05 0.0108433 0.0528433 0.0166931 9.9946E-05 9.9946E-05
9.9973E-05 0.0247736 9.9973E-05 0.802523 0.0609049 0.0231505 0.0285295 0.0411078 0.0149799 9.9973E-05 0.00373032
9.9964E-05 0.0462685 9.9964E-05 0.822684 0.0617094 9.9964E-05 0.0399515 0.0179958 0.000519442 0.0104712 9.9964E-05
9.9946E-05 9.9946E-05 9.9946E-05 0.0699337 0.0551604 0.00593006 0.0947882 9.9946E-05 0.773588 9.9946E-05 9.9946E-05
0.292839 9.9982E-05 0.0634276 0.0303711 0.00647062 9.9982E-05 0.0450126 0.140915 0.342814 0.0167022 0.0612475
0.0279313 0.0227909 9.9973E-05 0.0562699 0.214773 0.0103838 0.219934 0.295642 0.151975 9.9973E-05 9.9973E-05
0.00136246 0.0359347 0.0388236 0.0748463 0.0129423 0.773446 0.0145324 0.0150061 0.00623878 0.0267674 9.9991E-05
9.9955E-05 9.9955E-05 0.0616043 0.0116304 0.0154976 0.878513 9.9955E-05 0.0155978 9.9955E-05 0.0166571 9.9955E-05
9.9973E-05 9.9973E-05 0.0525784 0.0244613 0.0254944 0.823151 0.0107477 0.0016383 9.9973E-05 0.0370301 0.0245985
9.9964E-05 0.0159667 0.0590608 0.0208539 0.0459808 0.83129 9.9964E-05 9.9964E-05 0.0107263 9.9964E-05 0.0157213
9.9937E-05 9.9937E-05 0.0201208 9.9937E-05 9.9937E-05 0.0260594 0.112952 9.9937E-05 0.840168 9.9937E-05 9.9937E-05
9.9955E-05 9.9955E-05 0.0556998 0.0190252 9.9955E-05 9.9955E-05 0.0461424 9.9955E-05 0.855082 0.0016751 0.0218757
9.9964E-05 0.018804 9.9964E-05 9.9964E-05 0.00790674 0.0207677 0.17348 0.072976 0.643749 9.9964E-05 0.0619162
0.208406 9.9955E-05 9.9955E-05 0.291623 0.0118712 0.384567 9.9955E-05 9.9955E-05 9.9955E-05 0.0601497 0.0428834
0.0758229 0.112348 0.0963085 0.115609 0.0505029 0.0951368 0.0504198 0.15618 0.157715 0.0137777 0.076179
9.9955E-05 0.115623 0.267793 9.9955E-05 9.9955E-05 0.0137865 9.9955E-05 0.0319178 0.369979 9.9955E-05 0.200401
9.9955E-05 0.0310487 0.0356024 9.9955E-05 9.9955E-05 9.9955E-05 9.9955E-05 0.0506817 0.754521 0.0697924 0.0578536
0.000222909 0.0631291 0.110115 9.9964E-05 9.9964E-05 9.9964E-05 9.9964E-05 0.0783127 0.637041 0.0382323 0.0725471
0.0139836 0.0263444 0.134018 9.9973E-05 9.9973E-05 0.0579596 0.0261259 9.9973E-05 0.705078 0.0184165 0.0177743
0.0257694 0.150931 0.266336 9.9955E-05 9.9955E-05 9.9955E-05 9.9955E-05 0.0178834 0.473605 9.9955E-05 0.0649749
0.0413283 9.9964E-05 9.9964E-05 0.0219367 9.9964E-05 0.024401 0.0417651 0.0403414 9.9964E-05 0.0772494 0.752578
9.9946E-05 9.9946E-05 0.0304924 9.9946E-05 0.0797663 9.9946E-05 9.9946E-05 0.883743 0.00461111 9.9946E-05 0.000787429
9.9964E-05 0.0584241 9.9964E-05 9.9964E-05 0.126656 0.0154662 0.0454741 0.526693 0.203195 0.0236917 9.9964E-05
9.9928E-05 9.9928E-05 0.0613986 0.910775 9.9928E-05 9.9928E-05 9.9928E-05 9.9928E-05 9.9928E-05 0.0270269 9.9928E-05
9.9946E-05 9.9946E-05 0.0913113 0.857672 9.9946E-05 9.9946E-05 9.9946E-05 0.00931583 9.9946E-05 0.0338694 0.00723147
9.99459E-05 9.99459E-05 0.118287 0.805096 0.00877752 9.99459E-05 9.99459E-05 9.99459E-05 0.0210005 0.0462392 9.99459E-05
0.17141 9.9955E-05 0.224592 0.297243 9.9955E-05 0.167633 9.9955E-05 9.9955E-05 9.9955E-05 0.0483458 0.0902764
9.99278E-05 9.99278E-05 0.99009 0.00856488 9.99278E-05 9.99278E-05 9.99278E-05 9.99278E-05 9.99278E-05 0.000545787 9.99278E-05
9.99188E-05 9.99188E-05 0.988764 0.0103371 9.99188E-05 9.99188E-05 9.99188E-05 9.99188E-05 9.99188E-05 9.99188E-05 9.99188E-05
9.99369E-05 9.99369E-05 0.0481126 9.99369E-05 9.99369E-05 9.99369E-05 0.0843786 9.99369E-05 0.818542 9.99369E-05 0.048267
0.0163111 9.9973E-05 0.0518462 0.0151412 9.9973E-05 0.0211367 0.0874445 0.00511622 0.73508 9.9973E-05 0.067624
0.0201629 9.99371E-05 9.99371E-05 0.00163321 9.99371E-05 9.99371E-05 0.10624 9.99371E-05 0.871265 9.99371E-05 9.99371E-05
9.9955E-05 0.000832713 9.9955E-05 0.0349763 0.797703 9.9955E-05 9.9955E-05 0.0594126 0.0168051 9.9955E-05 0.0897705
9.9946E-05 0.0193367 9.9946E-05 0.915247 0.0196176 0.0364305 0.00876858 9.9946E-05 9.9946E-05 9.9946E-05 9.9946E-05
0.0313314 0.0308144 9.9955E-05 0.918812 9.9955E-05 0.00104413 0.00894875 9.9955E-05 9.9955E-05 9.9955E-05 0.00854947
0.0849593 9.9937E-05 9.9937E-05 0.879591 9.9937E-05 9.9937E-05 0.0323112 9.9937E-05 9.9937E-05 0.00243896 9.9937E-05
0.135894 9.9955E-05 9.9955E-05 0.816689 9.9955E-05 0.00782597 0.00846087 0.0142646 9.9955E-05 0.0163656 9.9955E-05
0.070106 0.0104153 9.9955E-05 0.836201 0.0412219 9.9955E-05 0.0370166 9.9955E-05 9.9955E-05 0.00453937 9.9955E-05
9.99281E-05 9.99281E-05 9.99281E-05 0.0814782 0.195341 9.99281E-05 9.99281E-05 0.722381 9.99281E-05 9.99281E-05 9.99281E-05
0.302384 0.0490663 0.259408 0.117161 0.0224849 0.0944053 9.9973E-05 9.9973E-05 0.0484138 0.106377 9.9973E-05
9.9919E-05 9.9919E-05 0.0483306 9.9919E-05 0.95077 9.9919E-05 9.9919E-05 9.9919E-05 9.9919E-05 9.9919E-05 9.9919E-05
9.99371E-05 9.99371E-05 9.99371E-05 0.0807544 0.240842 9.99371E-05 0.000112894 0.677591 9.99371E-05 9.99371E-05 9.99371E-05
9.99101E-05 9.99101E-05 9.99101E-05 9.99101E-05 9.99101E-05 9.99101E-05 0.999001 9.99101E-05 9.99101E-05 9.99101E-05 9.99101E-05
9.9919E-05 9.9919E-05 9.9919E-05 9.9919E-05 0.206813 9.9919E-05 9.9919E-05 0.792288 9.9919E-05 9.9919E-05 9.9919E-05
9.9919E-05 9.9919E-05 9.9919E-05 9.9919E-05 0.273712 9.9919E-05 9.9919E-05 0.725389 9.9919E-05 9.9919E-05 9.9919E-05
9.9937E-05 9.9937E-05 9.9937E-05 9.9937E-05 0.248937 0.0159091 0.00304062 0.731413 9.9937E-05 9.9937E-05 9.9937E-05
9.9937E-05 0.0404257 9.9937E-05 0.915839 9.9937E-05 9.9937E-05 0.0260493 0.0169862 9.9937E-05 9.9937E-05 9.9937E-05
9.9937E-05 9.9937E-05 9.9937E-05 0.949388 0.00685241 9.9937E-05 0.016905 9.9937E-05 9.9937E-05 0.0261546 9.9937E-05
0.0682233 9.9937E-05 9.9937E-05 0.170503 9.9937E-05 9.9937E-05 0.00908651 9.9937E-05 9.9937E-05 0.751487 9.9937E-05
9.9964E-05 0.0496271 9.9964E-05 0.905902 0.00613329 0.0152923 0.00274683 0.0014228 9.9964E-05 9.9964E-05 0.0184757
9.99101E-05 9.99101E-05 9.99101E-05 0.999001 9.99101E-05 9.99101E-05 9.99101E-05 9.99101E-05 9.99101E-05 9.99101E-05 9.99101E-05
0.17524 0.012602 9.9964E-05 0.278453 0.0675516 9.9964E-05 0.00683753 0.454597 9.9964E-05 0.00431971 9.9964E-05
0.0650298 9.9946E-05 0.125668 0.746226 9.9946E-05 0.0347074 9.9946E-05 9.9946E-05 0.0277688 9.9946E-05 9.9946E-05
0.0768798 9.9946E-05 0.138491 0.730968 9.9946E-05 0.0387635 9.9946E-05 9.9946E-05 0.0142986 9.9946E-05 9.9946E-05
0.136239 9.9973E-05 0.354391 0.0976237 9.9973E-05 0.00994203 9.9973E-05 0.00197611 0.0746968 0.133077 0.191754
9.9955E-05 0.0151913 9.9955E-05 9.9955E-05 0.899612 0.024977 0.00821397 0.0342671 9.9955E-05 0.0172388 9.9955E-05
0.183701 9.99551E-05 9.99551E-05 0.627714 0.0745984 0.0119341 0.0650037 9.99551E-05 9.99551E-05 0.0365493 9.99551E-05
0.178976 0.410245 9.9964E-05 9.9964E-05 0.0068073 0.0687482 0.0750893 0.0265004 0.233234 9.9964E-05 9.9964E-05
0.292426 9.9946E-05 9.9946E-05 0.55043 0.0725692 9.9946E-05 9.9946E-05 0.0658512 9.9946E-05 0.0181236 9.9946E-05
9.9937E-05 0.0299308 9.9937E-05 0.944696 9.9937E-05 9.9937E-05 0.0100126 0.0146613 9.9937E-05 9.9937E-05 9.9937E-05
9.9946E-05 9.9946E-05 9.9946E-05 0.0253712 0.178475 0.013199 0.0101425 0.772213 9.9946E-05 9.9946E-05 9.9946E-05
0.0105437 9.9955E-05 9.9955E-05 0.271568 0.112768 9.9955E-05 0.016039 0.555107 9.9955E-05 9.9955E-05 0.0334748
9.9937E-05 9.9937E-05 0.00407319 9.9937E-05 0.82918 9.9937E-05 9.9937E-05 9.9937E-05 0.0296194 9.9937E-05 0.136427
9.9937E-05 9.9937E-05 0.00785736 0.010531 9.9937E-05 9.9937E-05 9.9937E-05 9.9937E-05 0.000310506 9.9937E-05 0.980602
9.9937E-05 9.9937E-05 9.9937E-05 9.9937E-05 9.9937E-05 9.9937E-05 0.000363414 0.932881 0.0593516 9.9937E-05 0.00670455
9.99459E-05 9.99459E-05 9.99459E-05 9.99459E-05 0.0547529 9.99459E-05 0.0137384 0.146924 9.99459E-05 0.036805 0.74718
0.0177687 9.9946E-05 9.9946E-05 0.0291575 0.863817 9.9946E-05 9.9946E-05 0.0431839 9.9946E-05 9.9946E-05 0.0454732
9.9937E-05 9.9937E-05 9.9937E-05 0.030301 0.875018 9.9937E-05 9.9937E-05 0.0582582 0.0357229 9.9937E-05 9.9937E-05
9.99369E-05 9.99369E-05 9.99369E-05 9.99369E-05 0.0375586 9.99369E-05 9.99369E-05 0.030072 9.99369E-05 0.0725694 0.8591
0.00604044 9.9964E-05 9.9964E-05 0.0260412 0.137644 0.0300395 9.9964E-05 0.275623 9.9964E-05 0.115658 0.408554
9.9955E-05 0.00379423 0.00868713 9.9955E-05 0.922766 9.9955E-05 0.00144336 9.9955E-05 0.016578 9.9955E-05 0.046232
0.118629 0.0079709 0.329309 0.091035 9.9973E-05 0.0265937 9.9973E-05 9.9973E-05 0.0797124 0.120957 0.225493
9.9946E-05 0.00506866 9.9946E-05 9.9946E-05 0.00933085 9.9946E-05 0.157842 0.00806529 0.819094 9.9946E-05 9.9946E-05
9.99101E-05 9.99101E-05 9.99101E-05 9.99101E-05 9.99101E-05 9.99101E-05 0.999001 9.99101E-05 9.99101E-05 9.99101E-05 9.99101E-05
9.99101E-05 0.999001 9.99101E-05 9.99101E-05 9.99101E-05 9.99101E-05 9.99101E-05 9.99101E-05 9.99101E-05 9.99101E-05 9.99101E-05
9.9964E-05 9.9964E-05 9.9964E-05 0.00441593 0.0877638 0.00865016 0.300465 0.0177185 0.439428 0.141158 9.9964E-05
9.9946E-05 0.0134275 9.9946E-05 9.9946E-05 0.0412897 9.9946E-05 0.145982 0.0642305 0.734471 9.9946E-05 9.9946E-05
9.99281E-05 9.99281E-05 9.99281E-05 9.99281E-05 0.60635 9.99281E-05 9.99281E-05 0.0637248 0.329126 9.99281E-05 9.99281E-05
9.9946E-05 0.00751663 9.9946E-05 9.9946E-05 0.0415944 9.9946E-05 0.0319071 0.074538 0.843844 9.9946E-05 9.9946E-05
9.9973E-05 0.0103056 9.9973E-05 0.00172795 9.9973E-05 0.0194028 0.10661 0.545898 0.180736 0.00905786 0.125962
9.9928E-05 9.9928E-05 0.0141184 9.9928E-05 9.9928E-05 9.9928E-05 0.340585 9.9928E-05 0.644497 9.9928E-05 9.9928E-05
9.99459E-05 0.085551 0.270607 9.99459E-05 9.99459E-05 9.99459E-05 9.99459E-05 0.0694841 0.107265 9.99459E-05 0.466494
9.9973E-05 9.9973E-05 0.0807524 9.9973E-05 0.0923282 0.0489189 0.00435754 0.193985 0.0375446 0.0115916 0.530221
9.99641E-05 9.99641E-05 0.162239 9.99641E-05 0.112777 9.99641E-05 0.0354959 0.270483 0.168928 0.0123255 0.237352
9.9964E-05 0.00116302 9.9964E-05 0.024064 9.9964E-05 9.9964E-05 0.115864 0.0440682 0.774114 0.0172005 0.0231261
0.121623 0.0136418 9.9928E-05 0.863936 9.9928E-05 9.9928E-05 9.9928E-05 9.9928E-05 9.9928E-05 9.9928E-05 9.9928E-05
9.9946E-05 9.9946E-05 9.9946E-05 0.00606853 9.9946E-05 9.9946E-05 9.9946E-05 0.937127 0.0302093 0.000830393 0.0251655
9.99459E-05 0.0535439 0.326946 9.99459E-05 9.99459E-05 9.99459E-05 9.99459E-05 0.0130137 0.13532 9.99459E-05 0.470577
9.9946E-05 9.9946E-05 9.9946E-05 9.9946E-05 9.9946E-05 9.9946E-05 0.0113165 0.904581 0.041133 0.024106 0.0182636
0.0599385 9.9928E-05 0.167678 0.771584 9.9928E-05 9.9928E-05 9.9928E-05 9.9928E-05 9.9928E-05 9.9928E-05 9.9928E-05
0.00112086 0.00827296 0.0025786 9.9946E-05 0.965365 9.9946E-05 0.0220633 9.9946E-05 9.9946E-05 9.9946E-05 9.9946E-05
0.021372 0.951119 9.9946E-05 0.00964734 0.015773 0.00148884 9.9946E-05 9.9946E-05 9.9946E-05 9.9946E-05 9.9946E-05
0.116447 0.703964 0.0427946 9.9973E-05 0.0584194 0.000978452 0.0172861 9.9973E-05 0.0437234 9.9973E-05 0.0160875
9.9946E-05 0.0118332 9.9946E-05 9.9946E-05 0.0212449 9.9946E-05 0.0200508 9.9946E-05 0.94472 9.9946E-05 0.00155133
9.9946E-05 0.0332268 9.9946E-05 9.9946E-05 0.170977 9.9946E-05 0.0688671 0.504237 0.222092 9.9946E-05 9.9946E-05
9.99189E-05 9.99189E-05 9.99189E-05 9.99189E-05 0.988971 9.99189E-05 9.99189E-05 9.99189E-05 9.99189E-05 0.0101302 9.99189E-05
9.9919E-05 9.9919E-05 9.9919E-05 9.9919E-05 0.956335 9.9919E-05 9.9919E-05 9.9919E-05 9.9919E-05 0.0427654 9.9919E-05
0.087153 9.9964E-05 9.9964E-05 0.0403232 0.162064 0.0367489 0.0145246 0.567948 9.9964E-05 0.0908376 9.9964E-05
9.9964E-05 0.00823058 0.0215017 9.9964E-05 0.0901135 9.9964E-05 0.0727845 0.568217 0.227184 0.0115689 9.9964E-05
9.9928E-05 9.9928E-05 0.124552 0.823668 9.9928E-05 9.9928E-05 9.9928E-05 9.9928E-05 9.9928E-05 0.0509809 9.9928E-05
9.99101E-05 9.99101E-05 0.999001 9.99101E-05 9.99101E-05 9.99101E-05 9.99101E-05 9.99101E-05 9.99101E-05 9.99101E-05 9.99101E-05
0.11912 9.9937E-05 0.226829 0.445655 9.9937E-05 0.207697 9.9937E-05 9.9937E-05 9.9937E-05 9.9937E-05 9.9937E-05
0.176707 0.0723648 0.430997 9.9955E-05 9.9955E-05 0.285679 9.9955E-05 0.00887719 0.024875 9.9955E-05 9.9955E-05
0.157483 0.0347177 0.503867 9.9964E-05 0.0244982 0.260198 9.9964E-05 0.00449323 0.014343 9.9964E-05 9.9964E-05
0.265988 9.9946E-05 0.344038 0.203534 0.0185617 0.167278 9.9946E-05 9.9946E-05 9.9946E-05 9.9946E-05 9.9946E-05
9.99101E-05 9.99101E-05 0.999001 9.99101E-05 9.99101E-05 9.99101E-05 9.99101E-05 9.99101E-05 9.99101E-05 9.99101E-05 9.99101E-05
0.130401 0.019501 0.37488 0.0756907 9.9973E-05 0.322193 0.0623131 0.00802977 9.9973E-05 0.00669209 9.9973E-05
0.362226 9.9955E-05 0.340129 0.113132 9.9955E-05 0.131825 0.0306322 9.9955E-05 9.9955E-05 0.0215552 9.9955E-05
9.99729E-05 0.0459227 0.543954 9.99729E-05 0.0354897 9.99729E-05 0.0155532 0.0157433 0.0419048 0.0118153 0.289317
0.211396 9.99639E-05 0.341413 0.256892 9.99639E-05 0.148556 0.0337548 9.99639E-05 0.00748795 9.99639E-05 9.99639E-05
9.99639E-05 0.0533847 0.580476 9.99639E-05 0.0120479 9.99639E-05 0.02143 0.00615558 0.0797543 9.99639E-05 0.246352
9.9937E-05 9.9937E-05 9.9937E-05 9.9937E-05 0.107746 9.9937E-05 9.9937E-05 0.110037 9.9937E-05 0.0828961 0.698621
9.99369E-05 0.00285217 9.99369E-05 9.99369E-05 0.00384389 9.99369E-05 9.99369E-05 9.99369E-05 9.99369E-05 0.932457 0.0601477
0.182498 0.0196485 0.380253 0.19771 0.0203877 0.0881087 9.9982E-05 0.0490432 9.9982E-05 0.0303606 0.0317908
0.14287 0.0274311 0.3419 0.152321 0.0104109 0.10292 9.9991E-05 0.09419 0.0145715 0.0301982 0.0830873
9.99101E-05 9.99101E-05 0.999001 9.99101E-05 9.99101E-05 9.99101E-05 9.99101E-05 9.99101E-05 9.99101E-05 9.99101E-05 9.99101E-05
0.214098 0.00356161 0.374859 0.240883 9.99459E-05 0.165999 9.99459E-05 9.99459E-05 9.99459E-05 9.99459E-05 9.99459E-05
0.0146709 0.00706419 9.9946E-05 9.9946E-05 9.9946E-05 9.9946E-05 9.9946E-05 0.788726 0.149829 9.9946E-05 0.0391101
9.9928E-05 9.9928E-05 0.0982682 0.839753 9.9928E-05 9.9928E-05 9.9928E-05 9.9928E-05 9.9928E-05 0.0611795 9.9928E-05
0.165096 9.9955E-05 0.505309 9.9955E-05 0.0365915 0.260702 0.0236682 9.9955E-05 0.00813312 9.9955E-05 9.9955E-05
0.253303 0.000258708 0.419686 0.233694 9.9964E-05 0.0687369 0.00303944 9.9964E-05 9.9964E-05 0.0208817 9.9964E-05
0.147029 0.0205524 0.423569 0.0856336 9.9955E-05 0.291813 0.030903 9.9955E-05 9.9955E-05 9.9955E-05 9.9955E-05
0.239118 0.0129427 0.353369 0.0712823 9.9964E-05 0.27129 9.9964E-05 0.00452161 9.9964E-05 0.0470763 9.9964E-05
9.9946E-05 9.9946E-05 9.9946E-05 9.9946E-05 0.00770631 9.9946E-05 0.891973 9.9946E-05 0.0669336 0.0322483 0.000539041
0.00392897 0.0472864 9.9964E-05 9.9964E-05 9.9964E-05 0.037152 0.205523 0.448297 0.183903 9.9964E-05 0.0735109
0.0894204 0.00487649 0.123187 0.732902 9.9955E-05 0.0368377 9.9955E-05 9.9955E-05 9.9955E-05 9.9955E-05 0.0122764
9.99279E-05 9.99279E-05 9.99279E-05 9.99279E-05 9.99279E-05 9.99279E-05 9.99279E-05 0.889824 0.0360424 9.99279E-05 0.0733337
9.9955E-05 9.9955E-05 9.9955E-05 0.0222887 0.0130691 9.9955E-05 0.823528 9.9955E-05 0.079094 0.0365091 0.0250114
0.00241563 0.00897607 0.0548997 9.9946E-05 0.00690083 9.9946E-05 9.9946E-05 9.9946E-05 9.9946E-05 9.9946E-05 0.926208
9.99101E-05 9.99101E-05 9.99101E-05 0.999001 9.99101E-05 9.99101E-05 9.99101E-05 9.99101E-05 9.99101E-05 9.99101E-05 9.99101E-05
9.99191E-05 0.0254973 9.99191E-05 0.973603 9.99191E-05 9.99191E-05 9.99191E-05 9.99191E-05 9.99191E-05 9.99191E-05 9.99191E-05
9.99461E-05 0.036947 9.99461E-05 0.889993 9.99461E-05 0.0480104 0.00548436 0.0189653 9.99461E-05 9.99461E-05 9.99461E-05
0.0252299 0.00341359 9.9937E-05 0.962823 9.9937E-05 0.00783424 9.9937E-05 9.9937E-05 9.9937E-05 9.9937E-05 9.9937E-05
0.00555 9.9955E-05 9.9955E-05 0.0404172 0.76669 9.9955E-05 9.9955E-05 0.0658681 0.00359648 9.9955E-05 0.117379
0.0496625 0.0305365 9.9964E-05 0.811317 0.0101403 9.9964E-05 0.0809733 9.9964E-05 0.0165262 9.9964E-05 0.000444161
9.99101E-05 9.99101E-05 9.99101E-05 9.99101E-05 9.99101E-05 9.99101E-05 0.999001 9.99101E-05 9.99101E-05 9.99101E-05 9.99101E-05
9.99281E-05 9.99281E-05 0.0397951 9.99281E-05 9.99281E-05 9.99281E-05 0.144077 9.99281E-05 0.815328 9.99281E-05 9.99281E-05
9.9946E-05 0.00471158 9.9946E-05 9.9946E-05 9.9946E-05 0.00764087 0.353017 0.0158497 0.618181 9.9946E-05 9.9946E-05
9.9937E-05 9.9937E-05 0.0151267 9.9937E-05 0.0097122 9.9937E-05 0.202591 9.9937E-05 0.77187 9.9937E-05 9.9937E-05
0.00793555 0.0102668 9.9955E-05 9.9955E-05 9.9955E-05 0.0137872 0.231298 0.0544593 0.681753 9.9955E-05 9.9955E-05
0.0373605 0.0652483 0.369123 9.9964E-05 9.9964E-05 0.406106 0.0735915 0.023637 0.0245341 9.9964E-05 9.9964E-05
0.0281836 0.0766612 0.414415 9.9955E-05 0.0212217 0.407444 0.0515752 9.9955E-05 9.9955E-05 9.9955E-05 9.9955E-05
9.9955E-05 9.9955E-05 0.0376117 9.9955E-05 0.0146257 0.904729 0.0046238 0.0161017 9.9955E-05 9.9955E-05 0.0218083
0.0100476 9.9946E-05 9.9946E-05 0.107015 9.9946E-05 0.84594 9.9946E-05 9.9946E-05 0.0238531 0.0125447 9.9946E-05
0.0168661 9.9946E-05 9.9946E-05 9.9946E-05 9.9946E-05 0.905714 0.0139081 0.00480319 9.9946E-05 0.0581085 9.9946E-05
9.99551E-05 9.99551E-05 9.99551E-05 9.99551E-05 0.100452 0.277283 9.99551E-05 0.0287026 0.0244729 0.0550575 0.513532
9.9955E-05 0.00257531 9.9955E-05 9.9955E-05 9.9955E-05 0.925173 0.0141738 0.0531342 0.00133717 9.9955E-05 0.003107
9.9973E-05 9.9973E-05 0.0560121 0.165674 0.109002 0.097555 0.0736835 0.20618 0.150613 0.140981 9.9973E-05
0.00681072 9.9919E-05 9.9919E-05 9.9919E-05 9.9919E-05 0.99229 9.9919E-05 9.9919E-05 9.9919E-05 9.9919E-05 9.9919E-05
0.0197968 9.9919E-05 9.9919E-05 9.9919E-05 9.9919E-05 0.979304 9.9919E-05 9.9919E-05 9.9919E-05 9.9919E-05 9.9919E-05
0.0372613 0.0247131 9.9937E-05 0.00725508 9.9937E-05 0.930071 9.9937E-05 9.9937E-05 9.9937E-05 9.9937E-05 9.9937E-05
0.663055 9.9955E-05 9.9955E-05 0.0227937 9.9955E-05 0.207434 9.9955E-05 0.00372052 0.0428735 0.0596238 9.9955E-05
0.000394526 0.00222989 9.99281E-05 9.99281E-05 9.99281E-05 0.996576 9.99281E-05 9.99281E-05 9.99281E-05 9.99281E-05 9.99281E-05
0.122037 0.0286874 9.9973E-05 0.0164042 9.9973E-05 0.785502 0.00418702 0.0137643 0.0123285 0.0167896 9.9973E-05
9.9964E-05 0.00556959 0.0121248 9.9964E-05 9.9964E-05 0.00317841 9.9964E-05 0.851052 0.0930609 0.00643453 0.02818
9.9973E-05 0.043478 9.9973E-05 0.0225878 0.0270688 0.0461561 9.9973E-05 0.543709 0.233429 0.0238423 0.0594292
9.9964E-05 9.9964E-05 0.0148181 9.9964E-05 9.9964E-05 0.0247875 0.0500995 0.097376 0.665048 0.0167133 0.130758
9.9964E-05 0.0286855 9.9964E-05 0.00488358 0.0338949 9.9964E-05 9.9964E-05 0.01276 0.879937 0.00335549 0.036084
9.9964E-05 9.9964E-05 0.0432166 9.9964E-05 0.0530183 0.0203899 0.0299356 0.12965 0.0152135 9.9964E-05 0.708176
9.9982E-05 0.0254902 0.00797649 0.0172274 9.9982E-05 0.00670825 0.0594807 0.0640772 0.716537 0.0560732 0.0462291
0.0117309 0.0124772 9.9955E-05 9.9955E-05 9.9955E-05 0.00284312 9.9955E-05 0.922621 0.020009 9.9955E-05 0.0298186
9.99341E-05 9.99341E-05 0.000722715 9.99341E-05 9.99341E-05 9.99341E-05 9.99341E-05 0.938516 0.0599618 9.99341E-05 9.99341E-05
9.9946E-05 9.9946E-05 0.000348312 9.9946E-05 0.0456547 9.9946E-05 9.9946E-05 0.0494682 9.9946E-05 0.049148 0.854781
9.9955E-05 0.0416138 0.0738912 9.9955E-05 9.9955E-05 0.00609382 9.9955E-05 0.036319 0.746461 9.9955E-05 0.095121
9.9982E-05 0.0759314 0.0415247 0.0156141 9.9982E-05 0.0287523 0.0574874 0.156886 0.459759 0.00786423 0.15598
9.99552E-05 0.0425488 0.246944 9.99552E-05 0.101776 9.99552E-05 9.99552E-05 0.0333159 0.0270391 9.99552E-05 0.547876
9.9955E-05 9.9955E-05 0.00274532 9.9955E-05 0.0861064 9.9955E-05 0.0161671 0.0422085 9.9955E-05 0.0712205 0.781052
9.9964E-05 9.9964E-05 0.105589 9.9964E-05 0.0210953 9.9964E-05 0.032631 0.15292 0.0240675 0.0055579 0.657739
0.0198768 0.00312023 9.9973E-05 0.0349839 9.9973E-05 9.9973E-05 0.219575 0.554629 0.0536816 0.0848082 0.0290248
9.9964E-05 0.00161203 9.9964E-05 9.9964E-05 0.133366 9.9964E-05 0.0135547 0.0733633 0.00928331 0.0420872 0.726333
9.99549E-05 0.000384056 9.99549E-05 9.99549E-05 9.99549E-05 0.0235377 9.99549E-05 0.921953 0.00330751 0.0201329 0.0301855
0.0300492 9.9928E-05 9.9928E-05 0.0181227 9.9928E-05 9.9928E-05 9.9928E-05 9.9928E-05 9.9928E-05 9.9928E-05 0.951029
0.0117611 0.0165698 9.99371E-05 0.0248327 9.99371E-05 9.99371E-05 9.99371E-05 9.99371E-05 9.99371E-05 9.99371E-05 0.946137
0.103479 0.0184094 0.356576 0.182405 0.0620045 0.0579559 9.9973E-05 9.9973E-05 9.9973E-05 0.0236657 0.195204
9.9946E-05 9.9946E-05 9.9946E-05 9.9946E-05 0.0996505 9.9946E-05 0.0146891 0.00905172 9.9946E-05 0.0403687 0.83564
9.99369E-05 9.99369E-05 9.99369E-05 9.99369E-05 0.0722809 9.99369E-05 9.99369E-05 0.017109 9.99369E-05 0.0655784 0.844332
9.9946E-05 9.9946E-05 9.9946E-05 9.9946E-05 0.115685 9.9946E-05 0.00104337 0.00990733 9.9946E-05 0.0786874 0.794077
