0.208015 0.351714 0.440271
0.0863883 0.674389 0.239223
0.10406 0.643137 0.252802
0.208325 0.35897 0.432705
9.999E-05 0.9998 9.999E-05
0.0788229 0.645265 0.275912
0.646917 0.0358863 0.317197
0.9998 9.999E-05 9.999E-05
0.9998 9.999E-05 9.999E-05
0.9998 9.999E-05 9.999E-05
0.0397689 0.048415 0.911816
0.0209232 9.9991E-05 0.978977
0.0123384 9.9991E-05 0.987562
9.999E-05 9.999E-05 0.9998
0.0174767 0.0626313 0.919892
0.9998 9.999E-05 9.999E-05
0.228149 0.0630649 0.708787
9.999E-05 9.999E-05 0.9998
0.045519 0.0130347 0.941446
0.00610386 9.9991E-05 0.993796
0.0408274 9.9991E-05 0.959073
0.00127946 9.9991E-05 0.998621
9.999E-05 9.999E-05 0.9998
0.0137129 9.9991E-05 0.986187
9.999E-05 9.999E-05 0.9998
9.999E-05 9.999E-05 0.9998
9.999E-05 9.999E-05 0.9998
9.9991E-05 0.0477184 0.952182
0.00914695 9.9991E-05 0.990753
9.999E-05 9.999E-05 0.9998
9.999E-05 9.999E-05 0.9998
9.999E-05 9.999E-05 0.9998
9.999E-05 9.999E-05 0.9998
0.00790916 0.00955131 0.98254
9.999E-05 9.999E-05 0.9998
9.999E-05 9.999E-05 0.9998
9.999E-05 9.999E-05 0.9998
9.999E-05 9.999E-05 0.9998
0.224768 0.455371 0.319861
9.999E-05 0.9998 9.999E-05
0.00370813 0.104356 0.891936
9.999E-05 9.999E-05 0.9998
9.999E-05 9.999E-05 0.9998
0.10368 0.564486 0.331834
0.0867233 0.0267259 0.886551
0.0270387 0.0024342 0.970527
0.0202357 0.0392988 0.940465
0.0512025 0.702243 0.246555
0.141472 0.743302 0.115226
0.27751 0.151013 0.571477
0.248202 0.0993721 0.652426
0.232362 0.123561 0.644077
0.30873 0.105803 0.585467
0.975001 0.00875548 0.0162433
0.999111 0.00078931 9.9991E-05
0.119458 9.9991E-05 0.880442
9.999E-05 9.999E-05 0.9998
0.149609 0.364248 0.486142
9.999E-05 0.9998 9.999E-05
0.0219764 0.879848 0.0981759
0.201663 0.0818853 0.716451
0.208478 0.123479 0.668043
0.194226 0.166009 0.639765
0.9998 9.999E-05 9.999E-05
9.999E-05 0.9998 9.999E-05
0.188317 0.0604974 0.751185
0.260136 0.333603 0.40626
9.999E-05 9.999E-05 0.9998
9.999E-05 9.999E-05 0.9998
0.862028 0.0663555 0.0716164
0.883583 0.0429035 0.0735137
0.941855 0.030019 0.0281257
0.9998 9.999E-05 9.999E-05
0.9998 9.999E-05 9.999E-05
0.9998 9.999E-05 9.999E-05
0.9998 9.999E-05 9.999E-05
0.9998 9.999E-05 9.999E-05
0.9998 9.999E-05 9.999E-05
0.9998 9.999E-05 9.999E-05
0.983474 0.0018954 0.0146304
0.981495 9.9991E-05 0.0184055
0.985083 0.00329016 0.0116271
0.546031 9.9991E-05 0.453869
0.578209 9.9991E-05 0.421691
0.9998 9.999E-05 9.999E-05
0.9998 9.999E-05 9.999E-05
0.980536 0.0172857 0.00217815
0.99238 0.00751962 9.9991E-05
0.9998 9.999E-05 9.999E-05
0.567731 9.9991E-05 0.432169
0.930881 0.0181969 0.0509225
0.986263 0.0136372 9.9991E-05
0.9998 9.999E-05 9.999E-05
0.985917 0.0139835 9.9991E-05
0.906424 0.0303218 0.0632545
0.997898 9.9991E-05 0.0020023
9.9991E-05 0.197363 0.802537
0.990582 0.00931784 9.9991E-05
0.9998 9.999E-05 9.999E-05
0.761643 0.109833 0.128524
0.9998 9.999E-05 9.999E-05
0.9998 9.999E-05 9.999E-05
0.9998 9.999E-05 9.999E-05
0.9998 9.999E-05 9.999E-05
0.0127325 0.00554173 0.981726
0.9998 9.999E-05 9.999E-05
0.9998 9.999E-05 9.999E-05
0.9998 9.999E-05 9.999E-05
0.0149 0.00783644 0.977264
0.986607 0.0132932 9.9991E-05
0.9998 9.999E-05 9.999E-05
0.9998 9.999E-05 9.999E-05
0.9998 9.999E-05 9.999E-05
0.0254443 9.9991E-05 0.974456
0.9998 9.999E-05 9.999E-05
0.96646 0.0334399 9.9991E-05
0.540431 9.9991E-05 0.459469
0.9998 9.999E-05 9.999E-05
0.00611377 9.9991E-05 0.993786
9.9991E-05 0.000647707 0.999252
9.9991E-05 0.0448129 0.955087
0.0182065 0.0237112 0.958082
0.254319 0.108136 0.637545
0.0250778 0.0227465 0.952176
0.0644636 0.0986121 0.836924
0.0176689 0.00977035 0.972561
9.9991E-05 0.0318368 0.968063
0.0107769 9.9991E-05 0.989123
9.9991E-05 0.0415329 0.958367
9.9991E-05 0.0426049 0.957295
9.9991E-05 0.00915668 0.990743
0.0428608 0.0134492 0.94369
0.0311291 9.9991E-05 0.968771
0.0465344 0.0622078 0.891258
0.0886346 0.818151 0.0932145
0.11004 0.835245 0.0547145
0.0115452 0.930461 0.0579937
0.173915 0.119896 0.706189
0.113886 0.82007 0.0660435
0.10103 0.782713 0.116257
0.165506 0.0968017 0.737692
0.0688147 0.897851 0.0333339
0.0789344 0.779441 0.141624
0.0670164 0.866072 0.066912
0.142098 0.689129 0.168773
0.129995 0.70261 0.167395
0.0483182 0.81541 0.136272
0.227076 0.147201 0.625723
9.9991E-05 0.972983 0.0269168
0.0129066 9.9991E-05 0.986993
9.9991E-05 0.0134065 0.986493
9.999E-05 0.9998 9.999E-05
0.200785 0.288333 0.510882
0.176008 0.140037 0.683954
9.9991E-05 0.135683 0.864217
0.0244052 0.0191553 0.95644
0.0457473 0.276077 0.678176
0.200443 0.146501 0.653056
0.105467 0.725157 0.169376
0.225785 0.113205 0.66101
0.218496 0.219053 0.562451
0.0261517 9.9991E-05 0.973748
0.032931 0.920574 0.0464947
0.000757082 0.467954 0.531289
9.9991E-05 0.939023 0.0608766
0.113608 0.197169 0.689223
9.999E-05 0.9998 9.999E-05
0.14436 0.100106 0.755534
0.0114717 0.884886 0.103642
0.0299198 0.908796 0.0612844
9.9991E-05 0.0682564 0.931644
0.0308122 0.331792 0.637395
0.0574216 0.12571 0.816868
0.172372 0.657599 0.170029
0.149899 0.673378 0.176723
0.178298 0.637225 0.184477
0.195848 0.609937 0.194215
9.9991E-05 0.0172646 0.982635
9.9991E-05 0.0314063 0.968494
0.0412484 0.0068991 0.951852
0.0881808 0.809599 0.102221
0.190868 0.31567 0.493462
0.249862 0.167512 0.582625
0.0390097 0.0510812 0.909909
0.0983837 0.0722657 0.829351
0.0761301 0.0955129 0.828357
0.201121 0.146707 0.652172
0.237261 0.250999 0.511741
9.999E-05 9.999E-05 0.9998
0.0835121 9.9991E-05 0.916388
9.999E-05 0.9998 9.999E-05
9.9991E-05 0.996775 0.00312496
9.9991E-05 0.980653 0.0192471
0.110942 0.783907 0.105151
0.175924 0.575423 0.248653
0.165651 0.565242 0.269107
9.9991E-05 0.0247132 0.975187
0.0115094 0.0561229 0.932368
9.999E-05 9.999E-05 0.9998
0.188622 0.0919158 0.719463
9.999E-05 0.9998 9.999E-05
9.999E-05 0.9998 9.999E-05
9.999E-05 0.9998 9.999E-05
9.999E-05 0.9998 9.999E-05
9.999E-05 0.9998 9.999E-05
0.00301017 0.108457 0.888533
0.168526 0.672795 0.158679
0.175071 0.0736801 0.751249
0.0151328 0.100075 0.884792
9.9991E-05 0.103347 0.896553
0.0171834 9.9991E-05 0.982717
0.0427106 9.9991E-05 0.957189
0.0632155 0.0195014 0.917283
9.999E-05 0.9998 9.999E-05
9.999E-05 0.9998 9.999E-05
0.0894402 0.647532 0.263028
9.999E-05 0.9998 9.999E-05
9.999E-05 0.9998 9.999E-05
0.0140195 0.456913 0.529067
9.9991E-05 0.990023 0.00987677
9.9991E-05 0.965859 0.0340411
0.16369 0.492265 0.344045
0.208033 0.082951 0.709016
9.9991E-05 0.914107 0.0857934
0.459886 0.182732 0.357382
9.9991E-05 0.856973 0.142927
9.999E-05 0.9998 9.999E-05
0.0204818 0.0258402 0.953678
9.9991E-05 0.318504 0.681396
0.196463 0.0535117 0.750025
0.279852 0.189094 0.531053
9.999E-05 9.999E-05 0.9998
0.232022 0.0995611 0.668416
0.147623 0.117112 0.735265
0.144414 0.119683 0.735903
0.294047 0.116373 0.589579
0.142553 0.172337 0.685109
0.196588 0.0801314 0.723281
0.179649 0.494843 0.325509
9.999E-05 9.999E-05 0.9998
9.9991E-05 0.0970059 0.902894
0.9998 9.999E-05 9.999E-05
0.00777532 0.108561 0.883664
9.999E-05 9.999E-05 0.9998
0.0521115 0.0624204 0.885468
0.00579849 9.9991E-05 0.994102
0.0596633 0.0317137 0.908623
9.9991E-05 0.0286245 0.971276
0.317109 0.144206 0.538685
0.187854 0.133078 0.679068
0.152242 0.0893297 0.758428
9.9991E-05 0.014426 0.985474
9.999E-05 0.9998 9.999E-05
9.999E-05 9.999E-05 0.9998
0.281382 0.191558 0.52706
9.999E-05 9.999E-05 0.9998
9.999E-05 0.9998 9.999E-05
0.202371 0.0811224 0.716506
0.999025 0.000874758 9.9991E-05
0.771571 0.116799 0.11163
0.00149432 9.9991E-05 0.998406
0.0474389 9.9991E-05 0.952461
0.222992 0.0764403 0.700568
0.195325 0.100106 0.704569
0.0177433 0.20564 0.776617
0.00233286 9.9991E-05 0.997567
9.9991E-05 0.998876 0.00102451
0.172222 0.560623 0.267155
0.0232069 0.94796 0.0288336
0.199917 0.61402 0.186063
0.195834 0.592811 0.211355
0.112728 0.764095 0.123176
0.182702 0.568528 0.24877
0.158779 0.631362 0.209859
0.0656133 0.779507 0.15488
0.235779 0.327911 0.43631
0.0436097 0.801785 0.154605
0.232442 0.317466 0.450091
0.24778 0.115377 0.636844
0.234022 0.348733 0.417245
0.149878 0.658376 0.191746
0.113297 0.603152 0.283551
0.182956 0.557045 0.259999
0.125599 0.778879 0.0955222
9.999E-05 9.999E-05 0.9998
9.999E-05 0.9998 9.999E-05
0.170484 0.595499 0.234017
0.111393 0.806041 0.0825657
0.170403 0.666421 0.163177
0.148905 0.717564 0.133531
9.9991E-05 0.106865 0.893035
0.0596606 0.0544892 0.88585
9.999E-05 0.9998 9.999E-05
9.999E-05 9.999E-05 0.9998
9.9991E-05 0.132577 0.867323
0.322772 0.16644 0.510788
9.999E-05 0.9998 9.999E-05
9.999E-05 0.9998 9.999E-05
0.000465598 0.999434 9.9991E-05
9.999E-05 0.9998 9.999E-05
0.171688 0.115015 0.713297
0.0196707 0.944115 0.0362145
0.00542683 0.0995869 0.894986
9.9991E-05 0.000447476 0.999453
0.0228428 9.9991E-05 0.977057
0.00199271 0.0221665 0.975841
9.999E-05 9.999E-05 0.9998
0.214059 0.538938 0.247003
0.236108 0.532816 0.231075
0.179236 0.572874 0.24789
0.158213 0.711038 0.13075
0.165324 0.680586 0.15409
0.243847 0.290947 0.465206
0.187193 0.630416 0.182391
0.0472172 0.349903 0.60288
0.16637 0.70763 0.126
0.168841 0.721677 0.109482
0.190683 0.711232 0.0980855
0.0996415 0.77486 0.125498
0.186759 0.720848 0.0923926
0.174288 0.690401 0.135311
9.999E-05 9.999E-05 0.9998
0.0602376 0.0473525 0.89241
0.024762 0.0525355 0.922702
0.00612962 9.9991E-05 0.99377
0.210255 0.103669 0.686075
0.0594575 0.0348386 0.905704
9.999E-05 9.999E-05 0.9998
9.999E-05 9.999E-05 0.9998
0.29513 0.124201 0.580668
0.0785399 0.0502988 0.871161
0.147743 0.0784729 0.773784
0.319078 0.14566 0.535262
0.272938 0.137257 0.589805
0.216705 0.135868 0.647427
9.9991E-05 0.113944 0.885956
0.280291 0.110103 0.609606
9.999E-05 9.999E-05 0.9998
0.270275 0.226361 0.503365
0.29993 0.200264 0.499806
0.199512 0.582765 0.217723
0.279505 0.113703 0.606791
0.300149 0.116592 0.583259
0.284664 0.115566 0.59977
0.252231 0.197556 0.550213
9.9991E-05 0.0227577 0.977142
9.9991E-05 0.0239237 0.975976
0.00819323 0.0174 0.974407
9.999E-05 9.999E-05 0.9998
9.9991E-05 0.995498 0.00440216
0.0879195 0.648789 0.263292
0.00201502 0.0377497 0.960235
0.056635 0.0171686 0.926196
0.237948 0.306424 0.455628
0.241806 0.313283 0.444911
9.9991E-05 0.0716869 0.928213
9.9991E-05 0.0792849 0.920615
0.0992997 0.510591 0.39011
0.108628 0.182499 0.708873
9.9991E-05 0.00273835 0.997162
0.261502 0.198788 0.53971
0.259263 0.31966 0.421077
0.306563 0.168502 0.524935
0.22994 0.201737 0.568323
0.0495612 9.9991E-05 0.950339
9.9991E-05 0.04496 0.95494
9.999E-05 9.999E-05 0.9998
0.0148906 0.0444816 0.940628
9.9991E-05 0.00320231 0.996698
9.999E-05 9.999E-05 0.9998
0.201718 0.157949 0.640333
0.233805 0.268922 0.497274
9.999E-05 9.999E-05 0.9998
0.21339 0.223107 0.563503
0.270455 0.211179 0.518366
0.0795315 0.833759 0.086709
0.0979474 0.82388 0.0781727
0.0886598 0.835805 0.0755348
0.0872653 0.844725 0.0680097
0.0907024 0.831654 0.0776432
0.112804 0.844124 0.0430728
0.105511 0.836972 0.0575174
0.289315 0.208414 0.502271
0.302748 0.168472 0.52878
0.19011 0.548846 0.261044
0.173214 0.550493 0.276293
9.9991E-05 0.0655226 0.934377
0.0662048 0.0771941 0.856601
9.999E-05 9.999E-05 0.9998
9.999E-05 0.9998 9.999E-05
9.999E-05 0.9998 9.999E-05
9.999E-05 0.9998 9.999E-05
9.999E-05 0.9998 9.999E-05
0.0301942 0.571368 0.398438
0.0590875 0.725824 0.215088
0.102409 0.791968 0.105623
9.999E-05 0.9998 9.999E-05
9.999E-05 0.9998 9.999E-05
9.999E-05 0.9998 9.999E-05
0.000584805 0.999315 9.9991E-05
0.184656 0.212687 0.602657
9.9991E-05 0.000487476 0.999413
0.274375 0.232416 0.493209
0.0531686 0.0336698 0.913162
0.199753 0.100079 0.700169
9.9991E-05 0.961907 0.0379932
0.0970047 0.799551 0.103444
0.0311509 0.917169 0.0516796
0.24526 0.211485 0.543255
0.277665 0.271533 0.450802
0.0360807 0.0235094 0.94041
0.230752 0.0895729 0.679675
0.178086 0.652478 0.169437
0.1766 0.673366 0.150034
0.19069 0.676986 0.132324
0.156021 0.702372 0.141607
0.184763 0.684832 0.130405
0.174543 0.654411 0.171046
0.297567 0.192937 0.509496
0.125294 0.759079 0.115627
9.9991E-05 0.963733 0.036167
9.999E-05 0.9998 9.999E-05
9.999E-05 0.9998 9.999E-05
9.999E-05 0.9998 9.999E-05
0.183013 0.71974 0.0972469
0.172832 0.677848 0.149321
0.0990554 0.778078 0.122866
0.14726 0.731427 0.121313
0.146117 0.725667 0.128216
0.0701514 0.808168 0.121681
0.0377846 0.521391 0.440824
0.00561086 0.00221238 0.992177
9.9991E-05 0.0295715 0.970328
0.023845 9.9991E-05 0.976055
0.0157225 9.9991E-05 0.984178
0.19005 0.65933 0.150621
0.185985 0.659544 0.154471
0.103327 0.747406 0.149267
0.118455 0.764514 0.11703
0.202262 0.668016 0.129722
0.197644 0.690911 0.111445
0.156866 0.733975 0.109159
0.0930995 0.789263 0.117638
0.170809 0.0693141 0.759877
0.196171 0.0862151 0.717614
0.215364 0.0462946 0.738341
0.172025 0.132379 0.695597
0.055781 0.783503 0.160716
0.0565817 0.847582 0.0958366
0.0168223 0.893072 0.090106
0.0175003 0.901128 0.0813719
0.229566 0.510128 0.260307
0.150257 0.724015 0.125728
0.174229 0.644497 0.181275
0.0829221 0.803774 0.113303
0.118412 0.765521 0.116066
0.127898 0.132229 0.739873
0.255487 0.281857 0.462656
9.999E-05 9.999E-05 0.9998
0.00584669 0.00637628 0.987777
0.0271304 9.9991E-05 0.97277
9.9991E-05 0.0445876 0.955312
0.15016 0.102228 0.747611
9.999E-05 9.999E-05 0.9998
9.9991E-05 0.0167421 0.983158
9.9991E-05 0.0522291 0.947671
0.00466331 9.9991E-05 0.995237
0.206001 0.488498 0.305501
0.118784 0.302021 0.579195
0.0901089 0.54133 0.368561
0.145861 0.651929 0.202209
0.0849183 0.110423 0.804658
0.00414361 0.0311451 0.964711
0.094987 0.799738 0.105275
0.0991322 0.0400848 0.860783
9.999E-05 9.999E-05 0.9998
0.0167835 9.9991E-05 0.983116
9.999E-05 9.999E-05 0.9998
0.590405 0.144999 0.264596
0.00669668 0.042727 0.950576
9.999E-05 9.999E-05 0.9998
0.0394997 0.0319505 0.92855
0.586187 0.114849 0.298963
0.9998 9.999E-05 9.999E-05
9.9991E-05 0.982293 0.0176074
0.0153746 0.121916 0.862709
0.24913 0.353162 0.397708
0.277562 0.259614 0.462824
0.283228 0.19295 0.523822
0.0063732 9.9991E-05 0.993527
9.9991E-05 0.998389 0.00151145
0.169893 0.541432 0.288675
0.1904 0.0905615 0.719038
9.999E-05 9.999E-05 0.9998
0.251048 0.0920932 0.656859
0.246048 0.319907 0.434045
0.257779 0.325239 0.416981
0.0508977 0.689716 0.259387
0.0190479 0.858057 0.122895
0.142036 0.539152 0.318813
0.242602 0.295023 0.462376
9.999E-05 9.999E-05 0.9998
9.999E-05 9.999E-05 0.9998
0.236505 0.141795 0.6217
0.109261 0.626062 0.264677
0.260765 0.239564 0.499671
9.9991E-05 0.00178561 0.998114
0.16626 0.550911 0.282828
0.12075 0.259546 0.619704
0.231457 0.643985 0.124558
0.183298 0.151634 0.665067
0.167922 0.076682 0.755396
0.284841 0.160941 0.554218
9.999E-05 9.999E-05 0.9998
9.9991E-05 0.0374416 0.962458
9.999E-05 9.999E-05 0.9998
9.999E-05 9.999E-05 0.9998
0.103711 0.149749 0.74654
0.0279158 0.0169215 0.955163
9.9991E-05 0.0553235 0.944576
0.23289 0.331756 0.435355
9.999E-05 0.9998 9.999E-05
9.999E-05 0.9998 9.999E-05
9.999E-05 9.999E-05 0.9998
9.999E-05 0.9998 9.999E-05
0.982619 9.9991E-05 0.0172812
0.992579 0.00732081 9.9991E-05
0.51218 0.201999 0.285821
9.9991E-05 0.0878118 0.912088
0.9998 9.999E-05 9.999E-05
0.9998 9.999E-05 9.999E-05
0.9998 9.999E-05 9.999E-05
0.9998 9.999E-05 9.999E-05
0.9998 9.999E-05 9.999E-05
9.9991E-05 0.00181612 0.998084
0.273235 0.229809 0.496956
0.222815 0.0767923 0.700392
0.225955 0.0809521 0.693093
0.0052915 0.0134633 0.981245
0.0303172 9.9991E-05 0.969583
0.281432 0.233544 0.485023
0.253929 0.0815298 0.664541
0.130649 0.1204 0.74895
0.321227 0.151263 0.527509
0.998823 9.9991E-05 0.00107671
0.0417348 0.178596 0.779669
9.9991E-05 0.0326003 0.9673
0.0286378 0.0159626 0.9554
0.0573835 0.0851054 0.857511
9.999E-05 9.999E-05 0.9998
0.0787205 0.0245269 0.896753
9.999E-05 0.9998 9.999E-05
0.0763199 0.345844 0.577836
0.131291 0.0735249 0.795184
