0.0220417 0.0738929 9.9982E-05 9.9982E-05 0.613696 0.00170351 0.216641 0.071825
0.271107 0.053794 9.9964E-05 9.9964E-05 0.311777 9.9964E-05 0.362922 9.9964E-05
0.300474 0.0972066 9.9982E-05 0.013251 0.298897 0.00155435 0.288417 9.9982E-05
9.9973E-05 0.0510073 9.9973E-05 9.9973E-05 0.633334 0.0200956 0.233027 0.0622369
0.898354 9.9982E-05 0.0148727 9.9982E-05 0.0237938 0.016444 0.0191229 0.0272124
0.24033 0.0388928 0.00180639 0.052906 0.277219 9.9982E-05 0.388646 9.9982E-05
0.00928067 9.9973E-05 0.520729 0.0152595 0.00592881 9.9973E-05 9.9973E-05 0.448502
9.9964E-05 9.9964E-05 0.993353 9.9964E-05 0.00361278 9.9964E-05 0.000736804 0.00189712
0.00409153 9.9973E-05 0.960125 0.0122535 9.9973E-05 0.00236146 0.0208687 9.9973E-05
9.9955E-05 9.9955E-05 0.990539 9.9955E-05 0.00623156 9.9955E-05 0.00272998 9.9955E-05
0.0426581 0.774322 9.9982E-05 9.9982E-05 0.043424 0.016299 0.00839952 0.114697
9.9964E-05 0.884881 0.00851877 9.9964E-05 0.0567654 9.9964E-05 9.9964E-05 0.0494349
9.9964E-05 0.891967 0.0176855 9.9964E-05 0.01346 9.9964E-05 9.9964E-05 0.0764874
9.9946E-05 0.924582 9.9946E-05 9.9946E-05 9.9946E-05 9.9946E-05 9.9946E-05 0.0748182
9.9964E-05 9.9964E-05 9.9964E-05 0.835073 0.106299 0.0217496 9.9964E-05 0.0364785
9.9955E-05 9.9955E-05 0.990481 9.9955E-05 0.00721037 9.9955E-05 9.9955E-05 0.00180842
9.9955E-05 9.9955E-05 0.0288593 9.9955E-05 0.045552 9.9955E-05 9.9955E-05 0.925089
0.00134939 0.110039 0.0110642 0.877147 9.99641E-05 9.99641E-05 9.99641E-05 9.99641E-05
9.9982E-05 0.213513 0.00493182 0.573671 0.152253 0.0495952 9.9982E-05 0.00583553
9.9973E-05 0.60028 0.0101849 0.355581 9.9973E-05 0.0117612 9.9973E-05 0.0218926
9.9973E-05 0.0289135 0.0368863 0.824709 0.0965104 0.0126811 9.9973E-05 9.9973E-05
9.9982E-05 0.894341 0.0128525 0.0606015 0.0133284 0.00744862 0.0112282 9.9982E-05
9.9973E-05 0.0657468 0.0170515 0.903153 9.9973E-05 9.9973E-05 0.00596023 0.00778846
9.9982E-05 0.811479 0.0120797 0.0828063 0.0250772 9.9982E-05 0.0490434 0.0193148
9.9955E-05 0.915146 9.9955E-05 0.0460162 0.0383379 9.9955E-05 9.9955E-05 9.9955E-05
9.9955E-05 9.9955E-05 9.9955E-05 0.954305 0.0264926 9.9955E-05 9.9955E-05 0.0187031
9.9955E-05 0.11348 0.0106207 0.875399 9.9955E-05 9.9955E-05 9.9955E-05 9.9955E-05
9.9991E-05 0.267519 0.012322 0.602765 0.00389614 0.0445273 0.0456524 0.0232185
9.9964E-05 0.0348844 0.0247577 0.918755 9.9964E-05 0.0212034 9.9964E-05 9.9964E-05
9.99551E-05 0.0380409 9.99551E-05 0.951434 0.0100252 9.99551E-05 9.99551E-05 9.99551E-05
9.9964E-05 0.929847 9.9964E-05 0.0134961 0.0161754 0.0400816 9.9964E-05 9.9964E-05
9.99461E-05 0.794985 9.99461E-05 9.99461E-05 9.99461E-05 9.99461E-05 9.99461E-05 0.204416
9.99461E-05 0.130764 9.99461E-05 0.868637 9.99461E-05 9.99461E-05 9.99461E-05 9.99461E-05
0.00392076 0.768671 0.0338535 0.170063 0.0231925 9.9973E-05 9.9973E-05 9.9973E-05
9.9964E-05 0.0391429 0.0143566 0.94181 0.00429066 9.9964E-05 9.9964E-05 9.9964E-05
9.9955E-05 0.973364 9.9955E-05 0.0251398 0.0009961 9.9955E-05 9.9955E-05 9.9955E-05
0.00843491 0.085899 9.9955E-05 0.905166 9.9955E-05 9.9955E-05 9.9955E-05 9.9955E-05
9.9955E-05 0.920938 9.9955E-05 0.047662 9.9955E-05 0.0309006 9.9955E-05 9.9955E-05
0.0943967 9.9973E-05 9.9973E-05 9.9973E-05 0.690002 0.0878863 0.126767 0.000648489
0.628876 9.9946E-05 9.9946E-05 9.9946E-05 9.9946E-05 9.9946E-05 0.370525 9.9946E-05
0.0921944 0.743242 9.99551E-05 9.99551E-05 9.99551E-05 9.99551E-05 9.99551E-05 0.164063
9.9946E-05 0.0303564 9.9946E-05 0.969044 9.9946E-05 9.9946E-05 9.9946E-05 9.9946E-05
9.9964E-05 0.935558 0.00142765 0.0347554 9.9964E-05 0.0278587 9.9964E-05 9.9964E-05
9.9973E-05 0.0145079 9.9973E-05 9.9973E-05 0.0370724 0.0509205 0.588553 0.308646
9.999E-05 0.235007 0.0359334 0.547907 0.128333 0.0422993 0.0050119 0.00540762
9.9982E-05 0.452514 0.0484159 0.372909 0.0142736 0.0116709 9.9982E-05 0.100017
0.0189138 0.0609255 0.0219618 0.853816 0.0301123 0.0140703 9.9982E-05 9.9982E-05
0.29395 0.0414054 9.9982E-05 0.0347563 0.236997 0.0165726 0.376119 9.9982E-05
0.124589 0.0140742 9.9973E-05 9.9973E-05 0.0916324 0.514126 0.255278 9.9973E-05
9.99459E-05 9.99459E-05 9.99459E-05 9.99459E-05 0.712328 9.99459E-05 9.99459E-05 0.287072
9.99549E-05 0.121465 9.99549E-05 9.99549E-05 0.73283 9.99549E-05 9.99549E-05 0.145206
9.99549E-05 0.152987 9.99549E-05 9.99549E-05 0.694029 9.99549E-05 9.99549E-05 0.152485
9.99459E-05 9.99459E-05 9.99459E-05 9.99459E-05 0.827125 9.99459E-05 9.99459E-05 0.172276
9.9973E-05 0.0213858 0.953962 0.00799675 0.00489654 9.9973E-05 0.0114591 9.9973E-05
0.00166057 0.0217684 0.942605 9.9982E-05 0.00861049 0.00185484 9.9982E-05 0.0233011
9.9964E-05 0.526724 0.0092141 0.00779476 9.9964E-05 9.9964E-05 9.9964E-05 0.455868
9.9964E-05 0.924804 0.0153867 0.0290426 0.0303664 9.9964E-05 9.9964E-05 9.9964E-05
0.190091 0.045789 0.0253272 0.185463 0.466276 0.0868536 9.9982E-05 9.9982E-05
0.896868 9.9964E-05 9.9964E-05 9.9964E-05 0.0653699 0.0176098 0.0197524 9.9964E-05
0.444887 9.9973E-05 9.9973E-05 0.0348721 0.0532543 0.277788 0.188899 9.9973E-05
9.9955E-05 9.9955E-05 9.9955E-05 9.9955E-05 0.00971487 9.9955E-05 0.014506 0.975279
0.0201991 0.0015376 0.0247915 0.0169426 0.213068 9.9982E-05 9.9982E-05 0.723261
9.9982E-05 0.0444148 0.00375233 9.9982E-05 0.174909 0.0600265 0.012081 0.704616
9.9955E-05 0.00102868 0.973934 9.9955E-05 0.0245372 9.9955E-05 9.9955E-05 9.9955E-05
0.801496 9.9973E-05 0.0123998 0.012142 0.0472702 9.9973E-05 0.126393 9.9973E-05
9.9955E-05 9.9955E-05 9.9955E-05 0.00601149 9.9955E-05 0.0103708 9.9955E-05 0.983118
0.0545456 9.9982E-05 0.0114842 9.9982E-05 0.823066 0.0145402 0.0888009 0.00736287
9.9955E-05 0.946642 9.9955E-05 0.0341144 9.9955E-05 9.9955E-05 9.9955E-05 0.0187434
9.99551E-05 0.948303 0.00539866 9.99551E-05 9.99551E-05 9.99551E-05 9.99551E-05 0.0457984
0.030594 9.9982E-05 0.776579 0.0342031 0.0819962 0.0527003 9.9982E-05 0.0237275
0.0230591 9.9982E-05 0.793154 0.0280406 0.0927089 0.0269565 9.9982E-05 0.0358805
0.021957 0.018732 0.873122 9.9982E-05 0.0572372 0.0062801 9.9982E-05 0.0224718
0.0258946 9.9964E-05 0.951049 9.9964E-05 0.0198861 9.9964E-05 9.9964E-05 0.00277063
9.9955E-05 0.000350283 0.968561 9.9955E-05 0.0305892 9.9955E-05 9.9955E-05 9.9955E-05
9.9955E-05 0.00271326 0.992752 9.9955E-05 0.00403488 9.9955E-05 9.9955E-05 9.9955E-05
9.9964E-05 9.9964E-05 0.970414 0.0228995 0.000206 9.9964E-05 9.9964E-05 0.00608115
0.0174157 0.000956795 0.968577 0.012651 9.9964E-05 9.9964E-05 9.9964E-05 9.9964E-05
9.9955E-05 9.9955E-05 0.95564 9.9955E-05 9.9955E-05 9.9955E-05 0.0349354 0.00892459
9.9946E-05 9.9946E-05 0.986579 9.9946E-05 9.9946E-05 9.9946E-05 0.0128218 9.9946E-05
9.9991E-05 0.00641389 0.943876 0.00071883 0.0102459 0.00989404 0.000742944 0.0280087
0.00683777 0.00520512 0.942135 0.0139164 0.00399249 9.9982E-05 9.9982E-05 0.0277135
0.0025908 0.0217083 0.949458 0.00409469 9.9982E-05 0.0109268 0.0110217 9.9982E-05
9.99551E-05 0.0504385 0.547676 0.401385 9.99551E-05 9.99551E-05 9.99551E-05 9.99551E-05
9.9955E-05 0.0190987 0.559484 0.420918 9.9955E-05 9.9955E-05 9.9955E-05 9.9955E-05
9.9955E-05 0.00163371 0.996532 9.9955E-05 0.00133417 9.9955E-05 9.9955E-05 9.9955E-05
9.9946E-05 9.9946E-05 0.936137 9.9946E-05 0.0632638 9.9946E-05 9.9946E-05 9.9946E-05
9.9964E-05 9.9964E-05 0.925794 9.9964E-05 0.034058 9.9964E-05 0.00249255 0.0372558
0.0225485 9.9973E-05 0.911667 0.0249193 0.0354464 0.00511844 9.9973E-05 9.9973E-05
9.99463E-05 9.99463E-05 0.996118 9.99463E-05 9.99463E-05 9.99463E-05 0.0032828 9.99463E-05
9.99461E-05 9.99461E-05 0.558844 0.440557 9.99461E-05 9.99461E-05 9.99461E-05 9.99461E-05
0.00824936 0.0264848 0.829961 0.060193 0.0190839 0.0434344 9.9991E-05 0.0124937
0.00030724 9.9973E-05 0.932723 9.9973E-05 9.9973E-05 0.00136693 0.0232383 0.0420641
0.00172777 9.9973E-05 0.950875 9.9973E-05 0.0400532 0.00135143 0.00569219 9.9973E-05
0.00447028 9.9973E-05 0.938673 9.9973E-05 0.0190406 0.000447821 0.0370683 9.9973E-05
0.0140057 0.0125863 0.897814 0.0306854 0.0267279 0.00308727 9.9991E-05 0.0149934
9.9973E-05 0.00491082 0.949284 9.9973E-05 0.0355638 0.00338057 9.9973E-05 0.00656079
0.0899039 9.9982E-05 9.9982E-05 0.579946 0.012591 0.0366546 0.0629634 0.217741
0.000103761 9.9982E-05 0.928794 0.0350267 0.0119256 0.00183566 0.0221144 9.9982E-05
9.9955E-05 0.00362477 0.982934 9.9955E-05 0.0129417 9.9955E-05 9.9955E-05 9.9955E-05
0.0191364 0.015881 0.708015 0.0603097 0.050024 0.00572403 0.125535 0.0153754
9.994E-05 9.994E-05 0.9993 9.994E-05 9.994E-05 9.994E-05 9.994E-05 9.994E-05
9.9964E-05 0.00195138 0.976277 0.0204921 9.9964E-05 9.9964E-05 9.9964E-05 0.000879609
9.9964E-05 0.0225264 0.971337 9.9964E-05 0.00252857 0.00320805 9.9964E-05 9.9964E-05
0.00437861 9.9973E-05 0.967893 0.0166935 9.9973E-05 0.00507135 9.9973E-05 0.00566397
0.00996262 0.00698653 0.0541501 0.917779 9.9982E-05 9.9982E-05 0.00234969 0.00857179
9.994E-05 9.994E-05 0.9993 9.994E-05 9.994E-05 9.994E-05 9.994E-05 9.994E-05
9.9955E-05 9.9955E-05 0.93742 9.9955E-05 0.0591873 0.00289267 9.9955E-05 9.9955E-05
9.9946E-05 9.9946E-05 0.992246 9.9946E-05 9.9946E-05 0.00715432 9.9946E-05 9.9946E-05
0.00117113 0.23449 9.9973E-05 0.615837 9.9973E-05 9.9973E-05 0.0262866 0.121915
0.0182664 9.9973E-05 0.930221 0.0267246 0.00313969 0.0213487 9.9973E-05 9.9973E-05
9.9964E-05 0.0169265 0.930248 9.9964E-05 0.0392541 0.0131719 9.9964E-05 9.9964E-05
9.9955E-05 9.9955E-05 0.969958 0.00989957 9.9955E-05 9.9955E-05 0.019643 9.9955E-05
9.9946E-05 9.9946E-05 0.989971 9.9946E-05 9.9946E-05 9.9946E-05 9.9946E-05 0.00942883
9.9973E-05 0.261374 0.0132201 0.64392 0.0650177 9.9973E-05 9.9973E-05 0.0161682
9.9955E-05 9.9955E-05 0.974421 9.9955E-05 9.9955E-05 0.0162221 0.00885673 9.9955E-05
0.015839 9.9982E-05 0.895639 0.0101939 0.0565699 0.00392626 0.0176316 9.9982E-05
9.9955E-05 0.009956 0.50844 0.481105 9.9955E-05 9.9955E-05 9.9955E-05 9.9955E-05
9.9955E-05 0.00785905 0.988403 0.00323832 9.9955E-05 9.9955E-05 9.9955E-05 9.9955E-05
0.00135051 0.733668 0.0420436 0.205875 0.00204195 0.00759279 9.9991E-05 0.00732814
0.0383568 0.680465 9.9964E-05 0.279311 0.00146718 9.9964E-05 9.9964E-05 9.9964E-05
9.9991E-05 0.848245 0.0243309 0.0293475 0.0146623 0.000775117 0.056172 0.0263675
9.9973E-05 0.0275016 0.0256366 0.873834 9.9973E-05 9.9973E-05 0.0183259 0.0544015
0.0323688 0.00869483 0.0522313 9.9982E-05 0.0979387 0.0146717 9.9982E-05 0.793895
9.9964E-05 0.850339 0.0450736 0.0804511 9.9964E-05 9.9964E-05 0.0237363 9.9964E-05
0.0353835 0.378548 9.9982E-05 0.196424 0.01683 0.0298119 9.9982E-05 0.342802
0.0225381 0.74971 0.0394677 0.185684 9.9973E-05 0.00230049 9.9973E-05 9.9973E-05
0.0238562 0.654257 0.0101008 0.279882 9.9973E-05 0.0316042 9.9973E-05 9.9973E-05
0.0112884 0.683742 0.0071656 0.228799 0.0494224 0.0193827 9.9982E-05 9.9982E-05
0.0472636 0.585156 9.9991E-05 0.300524 0.00979634 0.0432268 0.00176817 0.0121649
0.0416687 0.577421 0.0326562 0.298765 9.9982E-05 0.0473628 0.00192624 9.9982E-05
0.0262561 0.937 0.0203516 0.0122605 9.9973E-05 9.9973E-05 9.9973E-05 0.00383226
0.020126 0.831564 0.0387401 9.9982E-05 9.9982E-05 0.00712401 0.00606332 0.0961829
0.0285044 0.857714 0.0137877 9.9973E-05 9.9973E-05 0.013252 9.9973E-05 0.0864423
9.9982E-05 0.0724585 0.0363619 0.752863 0.0368055 0.0620017 9.9982E-05 0.0393094
9.994E-05 9.994E-05 9.994E-05 9.994E-05 9.994E-05 9.994E-05 0.9993 9.994E-05
0.0106274 9.9973E-05 0.0454915 9.9973E-05 0.00711525 0.0110932 0.925373 9.9973E-05
0.632231 9.9973E-05 9.9973E-05 9.9973E-05 0.084826 0.0140853 0.242245 0.0263127
0.00518956 0.111398 0.112617 0.321196 0.0613352 0.0288661 0.0243428 0.335054
9.9955E-05 9.9955E-05 9.9955E-05 0.000367028 0.0507829 9.9955E-05 0.94835 9.9955E-05
9.9955E-05 9.9955E-05 9.9955E-05 0.0267052 0.0556653 9.9955E-05 0.91713 9.9955E-05
0.0581784 0.396082 0.111137 0.158494 0.00101659 9.9991E-05 0.0284153 0.246577
0.416037 0.0129466 9.9991E-05 0.00120605 0.0482568 0.255569 0.246746 0.0191391
0.455679 9.9991E-05 0.0187926 0.0247441 0.0272028 0.347637 0.0940171 0.031827
0.457231 9.9982E-05 0.00601471 9.9982E-05 0.0197145 0.388852 0.097606 0.0303822
0.227891 9.9982E-05 0.0330528 0.0531244 0.0603638 0.576625 9.9982E-05 0.0487428
0.244183 9.9982E-05 0.0115961 0.0311637 0.0384595 0.617887 9.9982E-05 0.0565107
0.437039 0.022434 9.9991E-05 0.0149564 0.046044 0.382931 0.0816504 0.0148449
9.99549E-05 9.99549E-05 9.99549E-05 9.99549E-05 0.203102 0.0464786 9.99549E-05 0.74992
0.633842 9.9964E-05 9.9964E-05 0.0155781 9.9964E-05 0.000738939 0.349441 9.9964E-05
9.9982E-05 0.040289 0.0209058 0.887816 0.0245093 9.9982E-05 0.00546021 0.0208198
9.9964E-05 0.0163395 0.0258996 0.934285 9.9964E-05 9.9964E-05 0.0230758 9.9964E-05
0.819393 0.00183078 0.00701564 0.018068 0.0635386 9.9982E-05 0.0899543 9.9982E-05
0.155536 0.217808 0.109589 0.127958 0.152474 0.0809481 0.0580785 0.0976083
9.9991E-05 0.0367567 0.00223343 0.0286677 0.0608335 0.0533313 0.0455232 0.772554
0.048551 0.720573 9.9973E-05 9.9973E-05 9.9973E-05 0.0284712 0.0660879 0.136016
9.9982E-05 0.0538129 0.024444 0.808883 0.038262 0.0332413 9.9982E-05 0.0411572
0.0279293 0.527718 0.00301387 9.9982E-05 9.9982E-05 0.0326716 0.229397 0.179071
9.9982E-05 9.9982E-05 0.0121967 0.0459132 0.0039525 0.00549875 0.0690871 0.863152
9.9973E-05 0.000272969 0.0170774 0.0628242 9.9973E-05 0.186924 0.732602 9.9973E-05
9.9964E-05 9.9964E-05 9.9964E-05 9.9964E-05 0.0893115 0.0251698 0.00286054 0.882258
0.0389781 0.092724 0.0307267 0.0958133 0.620572 0.120986 9.9982E-05 9.9982E-05
9.9964E-05 0.00883303 0.0197568 0.941946 9.9964E-05 9.9964E-05 9.9964E-05 0.0290645
0.607196 9.9964E-05 0.0244583 9.9964E-05 9.9964E-05 9.9964E-05 0.342617 0.0253286
0.396426 0.483686 0.0053848 9.9982E-05 9.9982E-05 0.0159885 0.011421 0.0868935
0.874832 0.042511 0.0129758 0.0160097 9.9982E-05 0.0473146 9.9982E-05 0.00615707
0.0416228 0.314844 0.0399849 0.0563668 0.0591371 0.0282977 0.091778 0.367969
0.981901 9.9955E-05 0.01256 9.9955E-05 9.9955E-05 0.00503965 9.9955E-05 9.9955E-05
0.0404822 0.0493718 9.9964E-05 0.00807176 9.9964E-05 9.9964E-05 9.9964E-05 0.901674
0.801213 0.0208123 0.04968 0.0858192 9.9973E-05 9.9973E-05 9.9973E-05 0.0421759
0.838392 0.00302215 0.0645423 0.0295069 9.9973E-05 9.9973E-05 9.9973E-05 0.0642368
0.0772177 0.0167127 9.9973E-05 0.831341 9.9973E-05 0.00686699 9.9973E-05 0.0675618
0.0428895 0.114795 9.9991E-05 0.415033 0.0432093 0.00542368 0.286533 0.0920165
0.0401346 0.27118 0.0236806 0.334478 9.9991E-05 0.0296783 0.0423296 0.258419
0.0824829 0.00440242 0.0208742 0.042558 0.0272152 0.807881 9.9991E-05 0.0144866
0.00990442 0.0103239 9.9964E-05 9.9964E-05 9.9964E-05 0.953448 9.9964E-05 0.0259241
0.0197098 0.0080239 0.00969462 0.0177648 0.0154864 0.902322 9.9991E-05 0.0268986
0.0365226 9.9982E-05 0.0191556 0.0275314 0.00494125 0.851963 9.9982E-05 0.0596864
9.9955E-05 9.9955E-05 9.9955E-05 0.950337 0.0201076 0.0290558 9.9955E-05 9.9955E-05
0.0241754 9.9955E-05 9.9955E-05 0.915223 0.0601019 9.9955E-05 9.9955E-05 9.9955E-05
9.9991E-05 0.0755008 0.0251495 0.757236 0.0758414 0.0246154 0.000848148 0.040709
0.295449 9.9973E-05 9.9973E-05 9.9973E-05 0.0724469 0.426959 0.183623 0.0212222
0.13479 0.11716 0.112547 0.221768 0.133617 0.0744048 0.0995411 0.106172
0.0112338 0.0107308 0.130378 0.377309 0.35669 0.113458 9.9982E-05 9.9982E-05
0.0128873 0.0998027 0.00824799 0.716119 0.144329 9.9982E-05 0.0184138 9.9982E-05
0.021597 0.0792149 0.0708617 0.647851 0.150036 0.0112233 0.019116 9.9991E-05
9.9973E-05 9.9973E-05 0.0282796 0.735847 0.15363 0.0730181 0.00892546 9.9973E-05
0.0609779 0.022996 0.143339 0.488685 0.225681 0.0249282 0.033293 9.9991E-05
0.00423328 0.0518624 0.00884702 9.9982E-05 0.714016 9.9982E-05 0.0756743 0.145167
0.00500635 0.895601 9.9982E-05 0.0175107 0.0248045 0.00155424 9.9982E-05 0.0553236
9.9973E-05 0.523872 0.0641932 0.250145 9.9973E-05 0.00720288 9.9973E-05 0.154287
0.960783 0.0144932 9.9964E-05 9.9964E-05 0.00389947 9.9964E-05 0.0204242 9.9964E-05
0.910898 0.022466 9.9964E-05 9.9964E-05 0.0559211 9.9964E-05 9.9964E-05 0.010315
0.858738 0.00260372 9.9982E-05 0.0296043 0.0683524 9.9982E-05 0.0144837 0.026018
0.358438 9.9964E-05 9.9964E-05 9.9964E-05 0.204953 0.238482 0.197727 9.9964E-05
0.343365 9.9955E-05 9.9955E-05 9.9955E-05 0.548873 0.107263 9.9955E-05 9.9955E-05
0.331574 9.9955E-05 9.9955E-05 9.9955E-05 0.554355 0.113571 9.9955E-05 9.9955E-05
9.9973E-05 0.003934 0.00383526 0.901995 0.0543834 0.0355524 9.9973E-05 9.9973E-05
0.0194288 0.004413 0.0376837 0.805599 0.081033 0.0516426 9.9982E-05 9.9982E-05
0.00168123 0.0248878 9.9973E-05 0.953436 9.9973E-05 9.9973E-05 0.000680174 0.0190149
0.0327873 0.0768382 0.0373534 0.00687207 0.0229885 9.9982E-05 9.9982E-05 0.822961
0.936154 0.00715444 0.0150798 9.9973E-05 9.9973E-05 0.0294422 9.9973E-05 0.01187
0.919457 9.9973E-05 0.0078164 9.9973E-05 9.9973E-05 0.0113886 0.0319408 0.029097
0.882126 9.9955E-05 9.9955E-05 9.9955E-05 9.9955E-05 0.00934845 0.108026 9.9955E-05
0.814827 0.026119 9.9973E-05 9.9973E-05 9.9973E-05 0.00465265 0.136497 0.0176038
0.832998 0.0204146 0.0194804 0.0102747 9.9991E-05 0.0153771 0.0859459 0.0154094
0.0929734 0.704587 9.9964E-05 9.9964E-05 9.9964E-05 9.9964E-05 0.00216291 0.199877
0.215399 9.9982E-05 0.0670218 0.0672406 0.172493 0.162246 0.315399 9.9982E-05
9.9955E-05 0.000418561 9.9955E-05 9.9955E-05 0.0230488 9.9955E-05 9.9955E-05 0.976033
0.0828588 0.706358 9.9955E-05 9.9955E-05 9.9955E-05 9.9955E-05 9.9955E-05 0.210284
0.0410792 9.9964E-05 9.9964E-05 0.781501 9.9964E-05 9.9964E-05 0.055171 0.121849
9.9946E-05 0.799007 9.9946E-05 9.9946E-05 9.9946E-05 9.9946E-05 9.9946E-05 0.200393
9.9946E-05 0.760969 9.9946E-05 9.9946E-05 9.9946E-05 9.9946E-05 9.9946E-05 0.238431
9.9955E-05 0.728742 9.9955E-05 9.9955E-05 9.9955E-05 0.00570348 9.9955E-05 0.265054
0.943372 0.00407425 0.045899 0.00625516 9.9964E-05 9.9964E-05 9.9964E-05 9.9964E-05
0.968873 9.9955E-05 9.9955E-05 9.9955E-05 9.9955E-05 9.9955E-05 0.0176152 0.0130125
0.232661 0.0434018 0.00643103 0.0502871 0.278298 0.0091154 0.379706 9.9991E-05
0.926958 9.9964E-05 0.045616 9.9964E-05 9.9964E-05 9.9964E-05 0.0201614 0.00686497
0.9993 9.994E-05 9.994E-05 9.994E-05 9.994E-05 9.994E-05 9.994E-05 9.994E-05
0.2739 0.497127 9.9964E-05 9.9964E-05 9.9964E-05 9.9964E-05 0.191244 0.0373297
0.79328 9.9973E-05 9.9973E-05 0.0255418 0.0390259 0.0599165 0.0819354 9.9973E-05
0.786675 9.9973E-05 9.9973E-05 0.0268211 0.0477111 0.0506983 0.0877946 9.9973E-05
0.17157 9.9982E-05 0.0202119 0.0812007 0.475506 0.0879502 0.16336 9.9982E-05
9.9973E-05 0.0456816 0.0170009 9.9973E-05 9.9973E-05 0.0151212 0.000591304 0.921305
0.64208 0.0209977 9.9973E-05 9.9973E-05 9.9973E-05 0.0208745 0.207324 0.108423
9.9982E-05 0.0204616 0.407005 0.277692 9.9982E-05 0.0604452 0.200029 0.0341683
0.527362 0.0762784 9.9964E-05 9.9964E-05 9.9964E-05 9.9964E-05 0.321939 0.0740209
0.946941 0.015766 0.0367932 9.9955E-05 9.9955E-05 9.9955E-05 9.9955E-05 9.9955E-05
0.0215752 0.797614 9.99641E-05 9.99641E-05 9.99641E-05 0.0146129 9.99641E-05 0.165798
0.253386 0.581835 9.9973E-05 9.9973E-05 0.0133981 9.9973E-05 0.0258998 0.125182
9.9964E-05 9.9964E-05 0.00416188 0.0240392 0.103628 9.9964E-05 9.9964E-05 0.867771
9.9946E-05 9.9946E-05 9.9946E-05 9.9946E-05 0.923372 9.9946E-05 9.9946E-05 0.0760285
9.9955E-05 0.917812 9.9955E-05 0.0409226 0.0407654 9.9955E-05 9.9955E-05 9.9955E-05
9.99549E-05 0.141024 9.99549E-05 9.99549E-05 0.711829 9.99549E-05 9.99549E-05 0.146647
0.0467354 0.0578227 9.9982E-05 0.00764136 0.00877675 0.00281813 9.9982E-05 0.876006
0.0592999 0.0696099 9.9955E-05 9.9955E-05 9.9955E-05 9.9955E-05 9.9955E-05 0.87059
9.99549E-05 0.00923346 9.99549E-05 9.99549E-05 0.818675 9.99549E-05 9.99549E-05 0.171592
0.0249378 0.259904 9.9973E-05 9.9973E-05 0.457807 9.9973E-05 0.0605368 0.196514
9.9964E-05 9.9964E-05 0.0068491 0.00923698 0.0616816 9.9964E-05 9.9964E-05 0.921832
0.1605 9.9982E-05 0.0294902 0.0679817 0.487887 0.0938633 0.160077 9.9982E-05
9.9964E-05 0.0154528 0.01251 0.928628 9.9964E-05 9.9964E-05 9.9964E-05 0.0430096
0.0321517 9.9964E-05 9.9964E-05 0.775402 9.9964E-05 9.9964E-05 0.0400615 0.151985
9.994E-05 9.994E-05 0.9993 9.994E-05 9.994E-05 9.994E-05 9.994E-05 9.994E-05
0.0647675 0.0110883 9.9982E-05 0.682635 0.0528374 9.9982E-05 0.0246583 0.163813
9.9964E-05 0.0581681 0.031804 0.851129 9.9964E-05 9.9964E-05 9.9964E-05 0.0584995
9.9955E-05 0.0626218 9.9955E-05 0.354273 9.9955E-05 9.9955E-05 9.9955E-05 0.582606
9.9964E-05 0.0607926 0.0318232 0.850857 9.9964E-05 9.9964E-05 9.9964E-05 0.0561278
9.9973E-05 0.54887 0.0527154 0.25311 0.093405 0.0516003 9.9973E-05 9.9973E-05
0.00640386 9.9973E-05 0.00940857 0.959212 0.00465839 9.9973E-05 0.0200176 9.9973E-05
9.9973E-05 0.0509461 0.105276 0.130177 0.695294 0.0180064 9.9973E-05 9.9973E-05
9.9973E-05 0.188874 9.9973E-05 0.0680833 0.612045 0.0312641 9.9973E-05 0.099434
0.016925 0.275495 0.029736 0.194542 0.385002 0.0184534 9.9991E-05 0.0797456
0.0163454 0.0400126 0.0222949 0.892691 9.9973E-05 9.9973E-05 9.9973E-05 0.0283558
0.852576 9.9955E-05 0.0144883 9.9955E-05 9.9955E-05 9.9955E-05 0.132436 9.9955E-05
9.9964E-05 0.953877 9.9964E-05 0.0230812 0.0168489 9.9964E-05 0.00579296 9.9964E-05
9.9964E-05 9.9964E-05 0.061846 0.145792 0.714157 0.0778055 9.9964E-05 9.9964E-05
9.9955E-05 0.915223 9.9955E-05 0.0240262 0.0602507 9.9955E-05 9.9955E-05 9.9955E-05
0.83918 0.00192305 9.9964E-05 9.9964E-05 0.0603425 9.9964E-05 0.0981549 9.9964E-05
9.9964E-05 9.9964E-05 0.0111704 0.0106209 9.9964E-05 0.00508944 9.9964E-05 0.972719
9.9955E-05 9.9955E-05 0.978379 9.9955E-05 9.9955E-05 0.00229539 0.0188262 9.9955E-05
9.9991E-05 0.00736923 0.694917 0.0617321 0.0429694 0.0178778 0.117459 0.0575755
9.9964E-05 9.9964E-05 0.00949836 0.97138 0.0110623 9.9964E-05 9.9964E-05 0.00765976
9.9964E-05 0.568617 0.0345382 0.254897 9.9964E-05 9.9964E-05 9.9964E-05 0.141548
9.994E-05 9.994E-05 9.994E-05 9.994E-05 9.994E-05 9.994E-05 9.994E-05 0.9993
9.994E-05 9.994E-05 9.994E-05 9.994E-05 9.994E-05 9.994E-05 9.994E-05 0.9993
0.0581789 0.57341 9.9982E-05 9.9982E-05 0.0331313 0.063598 0.10337 0.168112
9.9964E-05 0.585168 0.0297238 0.289599 9.9964E-05 9.9964E-05 9.9964E-05 0.0951094
0.883887 9.9964E-05 9.9964E-05 0.0144223 0.0846903 9.9964E-05 0.0166001 9.9964E-05
0.310062 9.9955E-05 9.9955E-05 9.9955E-05 0.565595 0.123842 9.9955E-05 9.9955E-05
0.577083 0.0180774 9.9964E-05 9.9964E-05 9.9964E-05 0.28957 0.114869 9.9964E-05
0.128484 0.0364178 0.0705713 0.0333883 0.12155 0.427616 0.181872 9.9991E-05
0.10282 0.0214306 0.0547465 0.0716031 0.126859 0.433522 0.188918 9.9991E-05
0.29712 9.9991E-05 0.00183333 0.0279403 0.117404 0.288802 0.262342 0.0044589
0.332587 9.9955E-05 9.9955E-05 9.9955E-05 0.562529 0.104385 9.9955E-05 9.9955E-05
0.155471 0.0245998 0.035926 0.0350735 0.133803 0.420965 0.184181 0.00998099
0.214323 9.9973E-05 9.9973E-05 0.0444169 0.101708 0.260519 0.378733 9.9973E-05
0.0776378 0.0142914 0.0358858 0.0698216 0.664038 0.135674 9.9991E-05 0.00255225
0.336111 9.9982E-05 9.9982E-05 0.026037 0.129031 0.248484 0.253917 0.00622043
0.0592639 9.9973E-05 0.0366525 0.109999 0.630722 0.163063 9.9973E-05 9.9973E-05
9.99549E-05 0.0862099 9.99549E-05 9.99549E-05 0.747175 9.99549E-05 9.99549E-05 0.166115
9.9973E-05 0.10568 0.0475401 9.9973E-05 0.57841 0.0569282 0.211142 9.9973E-05
0.290573 0.0638168 0.0309987 9.9982E-05 0.252747 0.171307 0.190357 9.9982E-05
0.259746 0.0570373 0.0292473 0.0359332 0.27164 0.188256 0.15804 9.9991E-05
0.282887 9.9955E-05 9.9955E-05 9.9955E-05 0.558557 0.158057 9.9955E-05 9.9955E-05
0.364155 0.00181546 0.0328096 9.9982E-05 0.107287 0.287939 0.205794 9.9982E-05
9.9955E-05 0.836169 9.9955E-05 0.142725 0.0206063 9.9955E-05 9.9955E-05 9.9955E-05
0.91062 0.011351 9.9964E-05 9.9964E-05 0.0413636 9.9964E-05 0.0362654 9.9964E-05
0.138084 9.9991E-05 0.0440257 0.0619726 0.161177 0.438489 0.138081 0.0180702
0.361574 9.9982E-05 0.01891 0.017823 0.144125 0.143435 0.313933 9.9982E-05
0.197392 9.9982E-05 0.0403216 0.0426718 0.146575 0.401381 0.171459 9.9982E-05
0.20185 0.013407 0.0349804 0.012134 0.0890955 0.363287 0.285146 9.9991E-05
0.0113291 9.9982E-05 9.9982E-05 0.733916 0.0288436 0.0209731 0.0309993 0.173739
0.0125886 0.430356 0.0476346 0.365815 0.0612907 0.0434815 0.00105645 0.037777
0.79775 9.9973E-05 0.00733108 9.9973E-05 0.0549884 0.0549913 0.0846398 9.9973E-05
9.9955E-05 0.893841 9.9955E-05 0.0479895 0.0576696 9.9955E-05 9.9955E-05 9.9955E-05
0.0609714 9.9973E-05 9.9973E-05 0.717514 0.026248 9.9973E-05 0.0323188 0.162648
9.9955E-05 9.9955E-05 0.0134922 9.9955E-05 0.868152 9.9955E-05 9.9955E-05 0.117856
0.9993 9.994E-05 9.994E-05 9.994E-05 9.994E-05 9.994E-05 9.994E-05 9.994E-05
0.971164 9.9964E-05 0.0052276 9.9964E-05 0.00149203 9.9964E-05 0.0217167 9.9964E-05
0.915278 0.00739626 0.0270114 9.9982E-05 9.9982E-05 0.0252802 0.0222943 0.00253989
0.970467 9.9955E-05 0.0182718 9.9955E-05 9.9955E-05 9.9955E-05 0.0107618 9.9955E-05
0.0585513 0.0526396 9.9973E-05 0.0205088 0.0579695 9.9973E-05 9.9973E-05 0.810031
0.794797 9.9973E-05 0.0398648 0.0631744 9.9973E-05 9.9973E-05 0.0749315 0.0269322
0.0223696 9.9973E-05 9.9973E-05 0.731275 9.9973E-05 0.015739 0.0416161 0.1887
9.9955E-05 9.9955E-05 9.9955E-05 0.936899 0.0617936 0.000807117 9.9955E-05 9.9955E-05
9.9973E-05 0.0130674 0.0361545 0.859013 9.9973E-05 0.0520177 9.9973E-05 0.0394478
0.00596226 9.9964E-05 0.0355566 0.924116 9.9964E-05 9.9964E-05 9.9964E-05 0.0339656
9.9982E-05 0.044761 0.0188541 0.910174 9.9982E-05 0.00168065 0.00615428 0.0181761
0.0699668 9.9982E-05 0.0798615 0.109829 0.158363 0.551337 0.0304423 9.9982E-05
0.0930671 0.00332744 0.101325 0.0966443 0.135419 0.561193 0.00892424 9.9991E-05
9.9973E-05 0.032456 9.9973E-05 0.00121267 0.0248521 0.934759 9.9973E-05 0.00642014
0.0818634 9.9964E-05 9.9964E-05 0.0482137 9.9964E-05 0.867466 0.00205707 9.9964E-05
0.0222855 0.0211199 0.0162261 0.0101606 9.9982E-05 0.927491 0.00251724 9.9982E-05
9.9982E-05 0.0423584 0.026211 0.0176573 0.480434 0.281845 9.9982E-05 0.151294
9.9955E-05 0.0274518 0.0114127 9.9955E-05 9.9955E-05 0.960636 9.9955E-05 9.9955E-05
0.196011 0.264263 0.0154803 0.199073 0.0647526 0.105602 0.0441048 0.110713
9.9946E-05 9.9946E-05 9.9946E-05 9.9946E-05 9.9946E-05 0.991307 0.00809352 9.9946E-05
9.9946E-05 9.9946E-05 9.9946E-05 9.9946E-05 9.9946E-05 0.985682 0.0137187 9.9946E-05
0.00674399 9.9964E-05 0.015891 9.9964E-05 9.9964E-05 0.933156 0.0438089 9.9964E-05
0.0116546 0.0290484 9.9973E-05 0.0154944 9.9973E-05 0.217428 0.726074 9.9973E-05
9.9955E-05 9.9955E-05 0.000725113 9.9955E-05 9.9955E-05 0.974912 0.0238636 9.9955E-05
0.0168431 9.9973E-05 0.00482953 0.0408863 9.9973E-05 0.811137 0.126004 9.9973E-05
9.9955E-05 0.861603 9.9955E-05 0.0932382 0.0446593 9.9955E-05 9.9955E-05 9.9955E-05
0.0180928 0.555929 0.0711957 0.227633 0.0549076 0.0652008 9.9991E-05 0.00694176
9.9982E-05 0.115861 0.00879519 0.69761 0.13247 0.0376583 0.00740549 9.9982E-05
9.9973E-05 0.0900176 0.00791266 0.875496 0.0250631 9.9973E-05 9.9973E-05 0.00121107
9.9973E-05 0.103257 9.9973E-05 0.0266492 0.71109 0.0133516 9.9973E-05 0.145353
9.9973E-05 0.0729686 0.0517102 0.768552 0.0626571 0.0438119 9.9973E-05 9.9973E-05
9.9964E-05 0.971074 9.9964E-05 0.0146302 0.00821882 9.9964E-05 0.00567691 9.9964E-05
9.9946E-05 0.942099 9.9946E-05 0.0573016 9.9946E-05 9.9946E-05 9.9946E-05 9.9946E-05
9.99549E-05 0.0159318 9.99549E-05 9.99549E-05 0.807121 9.99549E-05 9.99549E-05 0.176448
9.9973E-05 0.0207777 0.0445802 0.730833 0.163242 0.0402664 9.9973E-05 9.9973E-05
0.0353066 0.163472 0.0937569 0.505923 0.177876 0.00674375 0.00886373 0.00805807
9.99821E-05 0.000771271 0.0524556 0.0547345 0.760436 0.0259829 9.99821E-05 0.10542
9.99639E-05 0.0444819 9.99639E-05 9.99639E-05 0.788058 0.0146157 9.99639E-05 0.152444
9.9982E-05 0.118518 0.00733805 0.0516631 0.697701 0.00465787 9.9982E-05 0.119923
0.0453141 0.53173 0.00251206 0.220401 0.0878447 9.9991E-05 0.056261 0.0558371
9.9964E-05 0.0551597 0.00948547 9.9964E-05 0.732993 9.9964E-05 9.9964E-05 0.201962
9.99549E-05 0.924289 9.99549E-05 9.99549E-05 0.0411303 0.0340811 9.99549E-05 9.99549E-05
9.9955E-05 9.9955E-05 9.9955E-05 9.9955E-05 0.865561 9.9955E-05 0.00984112 0.124099
9.9955E-05 9.9955E-05 0.00605194 9.9955E-05 0.909103 9.9955E-05 9.9955E-05 0.0843453
0.246906 0.000799332 0.0386752 9.9991E-05 0.373286 0.127513 0.164162 0.0485578
9.99459E-05 9.99459E-05 9.99459E-05 9.99459E-05 0.756478 9.99459E-05 9.99459E-05 0.242922
9.99549E-05 0.00617179 9.99549E-05 9.99549E-05 0.799702 9.99549E-05 9.99549E-05 0.193626
9.9946E-05 9.9946E-05 9.9946E-05 9.9946E-05 0.773653 9.9946E-05 9.9946E-05 0.225747
0.0318639 0.0800924 0.0851547 0.176635 0.567771 0.0524258 0.00595638 9.9991E-05
9.9964E-05 0.751667 9.9964E-05 0.145069 0.100987 9.9964E-05 0.001877 9.9964E-05
0.0164859 0.861541 9.9973E-05 0.0245203 0.0906281 9.9973E-05 0.00652453 9.9973E-05
0.00201092 0.849322 9.9973E-05 0.015819 0.128154 0.00439474 9.9973E-05 9.9973E-05
9.9964E-05 0.87346 0.0170935 0.0716737 0.0373735 9.9964E-05 9.9964E-05 9.9964E-05
0.931147 0.00352307 9.9955E-05 9.9955E-05 0.0648297 9.9955E-05 9.9955E-05 9.9955E-05
0.225578 0.0369758 9.9982E-05 0.0412274 0.298927 0.0178512 0.37924 9.9982E-05
0.00214023 0.107721 0.0531113 0.762544 0.02083 9.9991E-05 0.00870006 0.0448536
9.9982E-05 0.46526 0.0409685 0.292691 9.9982E-05 0.0174596 0.0143694 0.169051
0.000944885 0.0807186 0.0340002 9.9991E-05 0.628653 0.0129459 0.209004 0.0336328
0.0342217 0.0812415 0.0136681 9.9991E-05 0.623705 0.0294755 0.196666 0.0209225
0.032324 9.9964E-05 9.9964E-05 0.893287 0.022128 0.0518607 9.9964E-05 9.9964E-05
0.0426129 9.9964E-05 9.9964E-05 0.745555 9.9964E-05 9.9964E-05 0.0252688 0.186164
0.0414665 0.240685 0.0253077 9.9991E-05 0.0191824 0.0559924 0.532976 0.0842905
0.0894206 0.314314 0.00114428 9.9991E-05 0.0886976 0.0579626 0.00361227 0.444749
9.99731E-05 0.112694 9.99731E-05 0.810031 0.043456 9.99731E-05 0.00899836 0.0245204
0.0433107 9.9973E-05 0.0872206 0.251388 0.570565 0.0472162 9.9973E-05 9.9973E-05
9.9982E-05 0.105935 0.0673157 9.9982E-05 0.534373 0.0457281 0.192401 0.0540476
9.9973E-05 0.0837547 0.0962446 0.143503 0.542532 0.133665 9.9973E-05 9.9973E-05
0.0284323 0.0893454 0.0795908 0.270226 0.443215 0.0889911 9.9982E-05 9.9982E-05
9.9973E-05 0.00971768 0.0628307 0.896261 0.0220963 0.0087945 9.9973E-05 9.9973E-05
0.0110564 9.9982E-05 0.00704335 0.91817 0.010235 9.9982E-05 0.0430971 0.0101977
9.9955E-05 9.9955E-05 9.9955E-05 0.955585 0.0324338 9.9955E-05 0.0114811 9.9955E-05
0.00844293 0.00569385 0.0218425 0.861686 9.9982E-05 0.0344799 9.9982E-05 0.0676548
9.9964E-05 0.00585101 0.0235543 0.94551 9.9964E-05 9.9964E-05 9.9964E-05 0.0246848
9.9964E-05 0.0508289 9.9964E-05 0.868068 9.9964E-05 9.9964E-05 0.00227188 0.0784316
9.9982E-05 0.00382269 0.131754 0.522894 0.224749 0.0297313 0.0868492 9.9982E-05
0.0687085 0.0281866 0.116465 0.234258 0.404544 0.142291 0.00544736 9.9991E-05
9.9955E-05 9.9955E-05 9.9955E-05 0.91342 9.9955E-05 9.9955E-05 0.0209751 0.0651046
0.0424561 0.0459737 0.0836417 0.226437 0.485537 0.115755 9.9982E-05 9.9982E-05
9.9973E-05 0.0737876 0.047145 0.146621 0.632126 0.10002 9.9973E-05 9.9973E-05
9.994E-05 9.994E-05 9.994E-05 9.994E-05 9.994E-05 9.994E-05 0.9993 9.994E-05
9.9946E-05 9.9946E-05 9.9946E-05 9.9946E-05 0.032 9.9946E-05 0.9674 9.9946E-05
9.994E-05 9.994E-05 9.994E-05 9.994E-05 9.994E-05 9.994E-05 0.9993 9.994E-05
9.994E-05 9.994E-05 9.994E-05 9.994E-05 9.994E-05 9.994E-05 0.9993 9.994E-05
9.994E-05 9.994E-05 9.994E-05 9.994E-05 9.994E-05 9.994E-05 0.9993 9.994E-05
9.994E-05 9.994E-05 9.994E-05 9.994E-05 9.994E-05 9.994E-05 0.9993 9.994E-05
9.994E-05 9.994E-05 9.994E-05 9.994E-05 9.994E-05 9.994E-05 0.9993 9.994E-05
9.9955E-05 9.9955E-05 9.9955E-05 9.9955E-05 0.89124 9.9955E-05 0.00658945 0.101671
9.99549E-05 9.99549E-05 0.0205533 9.99549E-05 0.626203 9.99549E-05 9.99549E-05 0.352744
0.195413 0.0168737 0.00785146 0.012715 0.502092 0.113635 0.15132 9.9991E-05
0.181311 9.9973E-05 9.9973E-05 9.9973E-05 0.541837 0.0964731 0.175969 0.0041101
0.0148255 0.0415724 9.9982E-05 0.85113 0.0176766 0.0416184 0.0329772 9.9982E-05
0.0193676 9.9973E-05 0.0465547 0.770361 0.115718 0.0476989 9.9973E-05 9.9973E-05
9.99461E-05 9.99461E-05 9.99461E-05 0.981468 9.99461E-05 0.0179321 9.99461E-05 9.99461E-05
0.891034 9.9964E-05 0.0152423 9.9964E-05 9.9964E-05 9.9964E-05 0.0893942 0.00392927
0.684739 9.99459E-05 9.99459E-05 9.99459E-05 9.99459E-05 9.99459E-05 0.314662 9.99459E-05
0.911737 9.9964E-05 0.00757926 0.00716954 9.9964E-05 9.9964E-05 0.0731146 9.9964E-05
0.645046 9.9946E-05 9.9946E-05 9.9946E-05 9.9946E-05 9.9946E-05 0.354354 9.9946E-05
0.403268 0.0379486 9.9982E-05 0.0347949 9.9982E-05 0.0233923 0.0866714 0.413725
0.282944 0.0317754 9.9982E-05 0.0306495 9.9982E-05 0.210805 0.273231 0.170395
0.0954154 0.0290755 9.9973E-05 9.9973E-05 9.9973E-05 0.0350108 0.801613 0.0385853
0.62689 9.9946E-05 9.9946E-05 9.9946E-05 9.9946E-05 9.9946E-05 0.37251 9.9946E-05
0.653451 9.9946E-05 9.9946E-05 9.9946E-05 9.9946E-05 9.9946E-05 0.34595 9.9946E-05
0.986694 9.9946E-05 9.9946E-05 9.9946E-05 9.9946E-05 0.0127061 9.9946E-05 9.9946E-05
0.747126 9.9973E-05 9.9973E-05 0.0107638 9.9973E-05 0.0202534 0.194792 0.0267648
0.0295264 0.310964 0.114192 0.154458 0.0701211 0.167021 0.0627212 0.0909962
9.9955E-05 9.9955E-05 0.00622324 0.977588 9.9955E-05 9.9955E-05 0.0156885 9.9955E-05
9.9955E-05 9.9955E-05 9.9955E-05 9.9955E-05 0.896251 9.9955E-05 0.0142979 0.0889509
0.0330057 0.184395 0.0412296 0.619146 0.0816661 0.000624339 9.9991E-05 0.0398338
9.9973E-05 0.142151 9.9973E-05 0.00274905 0.751538 0.00477917 9.9973E-05 0.0984829
0.899526 9.9964E-05 9.9964E-05 0.0203115 0.0742742 9.9964E-05 9.9964E-05 0.00548846
0.0387385 9.9964E-05 9.9964E-05 9.9964E-05 9.9964E-05 0.0653437 0.863803 0.0317152
0.586832 9.9982E-05 0.0203372 0.0275653 0.0726395 0.0561176 0.236309 9.9982E-05
0.0493903 0.00144405 0.0679124 0.241848 0.589042 0.0501629 9.9982E-05 9.9982E-05
0.0598465 0.0500908 0.147347 0.0765029 0.511201 0.120479 9.9991E-05 0.0344328
9.9991E-05 0.296706 0.023043 0.515573 0.0322218 0.0314784 0.026631 0.0742465
9.99459E-05 9.99459E-05 9.99459E-05 9.99459E-05 0.204598 9.99459E-05 9.99459E-05 0.794802
0.119934 9.9973E-05 0.062769 0.0378362 9.9973E-05 0.730897 0.0482632 9.9973E-05
0.0765454 9.9991E-05 0.00173288 0.0276767 0.00741273 0.837464 0.026658 0.0224104
9.9973E-05 9.9973E-05 0.00861244 0.00414456 0.0238488 0.95619 0.00690445 9.9973E-05
0.0317962 9.9964E-05 0.0260595 9.9964E-05 9.9964E-05 0.930131 0.0116131 9.9964E-05
9.9955E-05 9.9955E-05 0.0102296 9.9955E-05 9.9955E-05 0.92869 0.0605809 9.9955E-05
0.0351451 9.9973E-05 0.0453349 0.0241694 9.9973E-05 0.789974 0.105076 9.9973E-05
9.9955E-05 9.9955E-05 0.0168842 9.9955E-05 0.878686 9.9955E-05 9.9955E-05 0.10393
0.258258 9.9991E-05 0.0732246 0.0552656 0.0822259 0.0823985 0.433282 0.0152456
0.795608 9.9982E-05 9.9982E-05 0.0323264 0.00449077 0.0511235 0.110965 0.00528662
0.993993 9.9946E-05 9.9946E-05 9.9946E-05 9.9946E-05 9.9946E-05 9.9946E-05 0.00540702
0.951069 9.9982E-05 0.0101478 0.00953869 9.9982E-05 0.0024808 0.0191513 0.00741232
0.695728 9.9955E-05 9.9955E-05 0.0162527 9.9955E-05 9.9955E-05 0.287519 9.9955E-05
9.994E-05 9.994E-05 9.994E-05 9.994E-05 9.994E-05 0.9993 9.994E-05 9.994E-05
9.9964E-05 9.9964E-05 0.0160265 0.0048307 9.9964E-05 0.962092 0.016651 9.9964E-05
0.0317648 9.9973E-05 0.00816817 0.00764909 9.9973E-05 0.312496 0.639622 9.9973E-05
9.9955E-05 9.9955E-05 0.0131767 9.9955E-05 9.9955E-05 0.304675 0.681649 9.9955E-05
0.00934735 9.9955E-05 9.9955E-05 9.9955E-05 9.9955E-05 0.921472 0.0686805 9.9955E-05
9.9964E-05 0.0272105 9.9964E-05 0.00788551 9.9964E-05 0.148797 0.815708 9.9964E-05
0.0451311 0.0258062 9.9982E-05 0.325476 9.9982E-05 0.102703 0.470545 0.0301388
9.9982E-05 0.075468 0.00435259 0.812886 0.0471813 9.9982E-05 0.0266284 0.033284
9.9973E-05 0.143293 9.9973E-05 0.730235 9.9973E-05 0.0293488 0.0190108 0.0778122
9.9982E-05 0.10429 0.0461658 0.824715 9.9982E-05 0.00149562 0.00550787 0.0176258
9.9973E-05 0.0176677 0.022888 0.89068 9.9973E-05 9.9973E-05 0.0103426 0.058122
9.9955E-05 0.0135967 9.9955E-05 9.9955E-05 0.00213216 0.983771 9.9955E-05 9.9955E-05
9.994E-05 9.994E-05 9.994E-05 9.994E-05 9.994E-05 0.9993 9.994E-05 9.994E-05
9.9964E-05 0.0309364 9.9964E-05 0.00493587 9.9964E-05 0.285907 0.677821 9.9964E-05
9.9946E-05 9.9946E-05 9.9946E-05 9.9946E-05 9.9946E-05 0.510543 0.488857 9.9946E-05
9.9946E-05 9.9946E-05 0.00836408 9.9946E-05 9.9946E-05 0.991036 9.9946E-05 9.9946E-05
0.0397419 9.9973E-05 0.0168611 9.9973E-05 0.0304157 0.90938 0.00330123 9.9973E-05
9.994E-05 9.994E-05 9.994E-05 9.994E-05 9.994E-05 0.9993 9.994E-05 9.994E-05
9.9973E-05 0.000562545 9.9973E-05 0.0029268 0.0193856 0.190906 0.785919 9.9973E-05
9.9964E-05 0.000903105 9.9964E-05 0.089377 9.9964E-05 0.00259282 9.9964E-05 0.906727
9.9973E-05 0.206632 0.0446793 9.9973E-05 0.0197428 9.9973E-05 0.0341962 0.69445
9.99731E-05 0.0155005 0.0289217 0.0125264 0.0115012 9.99731E-05 9.99731E-05 0.93125
9.9973E-05 9.9973E-05 9.9973E-05 0.0751679 0.0215571 0.0486925 0.0148453 0.839437
0.313778 0.0242135 9.9991E-05 0.0171985 0.107173 0.380057 0.143133 0.0143468
0.389871 9.99641E-05 9.99641E-05 9.99641E-05 0.0731494 0.332379 0.204201 9.99641E-05
0.493767 0.0108727 9.9973E-05 9.9973E-05 9.9973E-05 0.271683 0.186796 0.0365813
0.50376 9.9973E-05 9.9973E-05 9.9973E-05 0.0289577 0.263656 0.139292 0.0640346
0.0857881 0.0237741 0.0954409 0.0910698 0.137915 0.507118 0.0447473 0.0141469
0.436411 9.9973E-05 9.9973E-05 9.9973E-05 0.383847 0.0352706 0.123789 0.020383
9.9946E-05 9.9946E-05 9.9946E-05 9.9946E-05 9.9946E-05 0.96845 9.9946E-05 0.03095
9.9964E-05 0.0302211 9.9964E-05 9.9964E-05 9.9964E-05 0.0639683 0.905254 0.000156693
0.0132574 9.9973E-05 0.0181478 9.9973E-05 9.9973E-05 0.123958 0.831884 0.0124531
0.0272423 0.0309804 0.00907443 0.435015 0.463406 0.0015297 9.99911E-05 0.032652
0.0676283 0.0231082 0.0482044 0.0223613 0.686342 0.00626584 0.0452336 0.100857
9.9964E-05 0.090763 0.017817 0.862791 0.0282289 9.9964E-05 9.9964E-05 9.9964E-05
0.0209363 0.86664 0.00931888 0.0675988 0.0252775 0.0100286 9.9982E-05 9.9982E-05
9.9982E-05 0.654524 0.0334228 0.266506 0.0221762 0.0185386 9.9982E-05 0.00463225
9.9973E-05 0.42043 0.0223568 0.484514 9.9973E-05 0.0416278 9.9973E-05 0.0307708
0.0307623 9.9982E-05 0.017657 0.357215 0.198628 0.0311438 9.9982E-05 0.364393
9.9946E-05 0.0975757 9.9946E-05 0.901825 9.9946E-05 9.9946E-05 9.9946E-05 9.9946E-05
9.9964E-05 0.0398892 9.9964E-05 0.918627 0.0245747 0.0165091 9.9964E-05 9.9964E-05
9.9973E-05 0.0103002 9.9973E-05 0.885245 0.0586883 0.0435831 0.00188353 9.9973E-05
9.9955E-05 0.103078 0.0192993 0.877123 9.9955E-05 9.9955E-05 9.9955E-05 9.9955E-05
0.0947491 0.0421881 0.0513348 0.111463 0.216631 0.416079 0.0674556 9.9991E-05
0.0386348 0.0128722 0.027045 0.409936 0.11107 0.230239 0.100878 0.069324
0.175329 9.99821E-05 0.0322223 0.263465 0.122751 0.225575 0.180459 9.99821E-05
0.0981269 9.9982E-05 0.00869164 0.0764657 0.207098 0.445561 0.163857 9.9982E-05
0.0406735 0.0626027 0.0405781 0.53657 0.0503721 0.0100911 0.0771652 0.181948
0.00368306 9.9973E-05 0.0224197 0.929778 9.9973E-05 9.9973E-05 0.0194653 0.0243543
0.0754981 9.9964E-05 9.9964E-05 9.9964E-05 0.0514616 0.00505131 0.867589 9.9964E-05
9.9982E-05 0.0747877 0.0726041 0.692661 0.125822 0.0254797 0.008446 9.9982E-05
9.9982E-05 0.822428 9.9982E-05 0.125426 0.0222531 0.010479 0.013351 0.00586297
9.9973E-05 0.898937 0.0134548 0.0186889 9.9973E-05 9.9973E-05 0.00432872 0.0642904
9.99461E-05 0.0516802 9.99461E-05 0.94772 9.99461E-05 9.99461E-05 9.99461E-05 9.99461E-05
0.00883714 0.0109869 0.467931 0.151787 0.217966 0.129358 0.0130334 9.9991E-05
0.0327065 0.378861 0.00804369 0.481027 0.0593819 9.9982E-05 9.9982E-05 0.0397796
9.9946E-05 0.895887 9.9946E-05 0.103514 9.9946E-05 9.9946E-05 9.9946E-05 9.9946E-05
9.9973E-05 0.154178 0.0194134 0.631636 0.161697 0.0327757 9.9973E-05 9.9973E-05
0.00454175 0.0399137 0.498651 0.0942228 0.197809 0.0719109 0.050556 0.0423947
9.9964E-05 0.0126429 0.967051 0.0146668 9.9964E-05 9.9964E-05 0.00523951 9.9964E-05
0.790041 9.9982E-05 9.9982E-05 0.0138566 0.0417701 0.0476593 0.0988189 0.00765425
0.0815979 0.638515 0.00757027 0.0652231 0.0501474 0.00373274 0.01447 0.138744
9.9982E-05 0.080242 0.0452215 0.0164444 0.571325 0.0308216 0.255745 9.9982E-05
0.00375082 9.9982E-05 0.0263829 0.0174162 0.800006 9.9982E-05 0.0311652 0.121079
9.9973E-05 9.9973E-05 0.0111661 0.0682422 0.764525 9.9973E-05 0.0365353 0.119231
