0.0221001 0.578849 0.0881874 0.15646 9.9982E-05 0.0384124 9.9982E-05 0.0788204 0.0369703
9.9973E-05 0.21821 0.0498864 0.334263 9.9973E-05 0.0022662 9.9973E-05 0.278625 0.116449
0.0133098 0.159529 0.107066 0.243554 0.0211435 0.0425563 9.9991E-05 0.312566 0.100175
0.0580261 0.561247 0.0702843 0.195637 9.9982E-05 0.0135416 9.9982E-05 0.0406938 0.06037
0.00597335 9.9973E-05 9.9973E-05 0.00985661 0.00847348 0.0275563 9.9973E-05 0.884606 0.063234
9.9982E-05 0.186102 0.0604705 0.370776 0.0402858 0.0153594 9.9982E-05 0.242641 0.0841654
9.9955E-05 0.319522 9.9955E-05 9.9955E-05 0.0214301 0.508656 0.149893 9.9955E-05 9.9955E-05
9.9955E-05 0.0109923 9.9955E-05 0.0126538 9.9955E-05 0.974756 9.9955E-05 0.00109783 9.9955E-05
9.9937E-05 9.9937E-05 9.9937E-05 0.0137678 9.9937E-05 0.985533 9.9937E-05 9.9937E-05 9.9937E-05
9.9937E-05 9.9937E-05 9.9937E-05 9.9937E-05 9.9937E-05 0.980482 9.9937E-05 9.9937E-05 0.0188189
0.00659729 0.0528637 0.562519 9.9973E-05 9.9973E-05 9.9973E-05 0.327812 0.0266268 0.0232821
9.9964E-05 0.0321945 0.729868 9.9964E-05 9.9964E-05 0.00519251 0.231726 9.9964E-05 0.00061886
9.9946E-05 9.9946E-05 0.616918 9.9946E-05 9.9946E-05 0.00849901 0.373983 9.9946E-05 9.9946E-05
9.9937E-05 9.9937E-05 0.649339 9.9937E-05 9.9937E-05 9.9937E-05 0.349961 9.9937E-05 9.9937E-05
0.0444672 0.0730532 9.9964E-05 9.9964E-05 0.802692 0.01282 9.9964E-05 9.9964E-05 0.0665674
9.9937E-05 9.9937E-05 9.9937E-05 9.9937E-05 9.9937E-05 0.982566 9.9937E-05 9.9937E-05 0.016734
9.99369E-05 0.695213 9.99369E-05 9.99369E-05 9.99369E-05 9.99369E-05 0.304087 9.99369E-05 9.99369E-05
9.99371E-05 9.99371E-05 0.14001 9.99371E-05 0.85929 9.99371E-05 9.99371E-05 9.99371E-05 9.99371E-05
0.040524 0.0702285 0.247511 9.9982E-05 0.540949 0.0170091 0.00333351 9.9982E-05 0.0802444
0.00892379 9.9964E-05 0.570611 9.9964E-05 0.323705 0.0311626 0.0651977 9.9964E-05 9.9964E-05
9.9955E-05 9.9955E-05 0.0769845 9.9955E-05 0.777695 0.0440955 9.9955E-05 9.9955E-05 0.100725
0.0354237 9.9964E-05 0.941921 9.9964E-05 0.0081997 0.00962803 9.9964E-05 0.00442782 9.9964E-05
9.9937E-05 9.9937E-05 0.109946 9.9937E-05 0.889355 9.9937E-05 9.9937E-05 9.9937E-05 9.9937E-05
0.000936569 0.0564676 0.802108 0.0375505 0.0715182 9.9973E-05 0.0311196 9.9973E-05 9.9973E-05
9.9964E-05 0.00612134 0.976841 0.00976273 0.00508812 0.00178717 9.9964E-05 9.9964E-05 9.9964E-05
9.9964E-05 0.0117649 0.0500387 0.00620225 0.90326 9.9964E-05 9.9964E-05 9.9964E-05 0.0283344
9.9955E-05 9.9955E-05 0.124897 9.9955E-05 0.845476 0.0212361 9.9955E-05 9.9955E-05 0.00789088
0.058744 9.9973E-05 0.296188 0.0331187 0.562005 9.9973E-05 0.0295975 9.9973E-05 0.0200476
0.0250041 9.9955E-05 0.0794973 9.9955E-05 0.876423 0.0185753 9.9955E-05 9.9955E-05 9.9955E-05
9.9964E-05 9.9964E-05 0.0604121 0.0158186 0.910012 9.9964E-05 0.011575 0.00178214 9.9964E-05
0.0268427 9.9946E-05 0.95346 9.9946E-05 9.9946E-05 9.9946E-05 0.019098 9.9946E-05 9.9946E-05
9.9946E-05 0.016189 0.417814 9.9946E-05 9.9946E-05 9.9946E-05 0.565397 9.9946E-05 9.9946E-05
0.000516961 9.9964E-05 0.111062 0.0106174 0.876363 9.9964E-05 9.9964E-05 0.00104059 9.9964E-05
0.0092885 0.004769 0.742168 9.9991E-05 0.134571 0.0236339 0.0605038 0.00172587 0.0232399
9.9955E-05 9.9955E-05 0.0715734 9.9955E-05 0.90563 0.0135521 9.9955E-05 0.00874497 9.9955E-05
9.9955E-05 9.9955E-05 0.899665 0.00525348 9.9955E-05 9.9955E-05 0.0901177 0.0044644 9.9955E-05
9.99461E-05 9.99461E-05 0.133146 9.99461E-05 0.857471 9.99461E-05 9.99461E-05 0.00878393 9.99461E-05
0.0333806 9.99461E-05 0.892414 9.99461E-05 9.99461E-05 9.99461E-05 0.0736058 9.99461E-05 9.99461E-05
0.0536376 0.458291 9.9964E-05 0.123141 9.9964E-05 9.9964E-05 9.9964E-05 0.0814275 0.283103
9.9937E-05 9.9937E-05 9.9937E-05 0.371402 9.9937E-05 9.9937E-05 9.9937E-05 0.627898 9.9937E-05
9.99549E-05 9.99549E-05 0.0117205 9.99549E-05 9.99549E-05 9.99549E-05 0.936259 0.0413545 0.0101659
9.99371E-05 9.99371E-05 0.0622411 9.99371E-05 0.937059 9.99371E-05 9.99371E-05 9.99371E-05 9.99371E-05
0.0265353 9.99461E-05 0.914326 9.99461E-05 9.99461E-05 9.99461E-05 0.0585394 9.99461E-05 9.99461E-05
0.0652116 0.236712 0.00650973 0.587414 9.9964E-05 9.9964E-05 0.103752 9.9964E-05 9.9964E-05
0.0254177 0.0728372 0.233095 9.9982E-05 0.530568 0.0435908 0.0265523 9.9982E-05 0.0677387
0.00803715 0.00321598 0.289266 9.9982E-05 0.353127 0.0310119 0.265403 9.9982E-05 0.0497388
0.00562715 0.0108174 0.0921916 9.9982E-05 0.816262 0.0282331 9.9982E-05 0.00947886 0.0371895
0.0199414 0.178673 0.0702643 0.337686 0.0401158 9.9982E-05 9.9982E-05 0.316875 0.0362455
0.513519 0.0110555 9.9973E-05 0.282311 9.9973E-05 9.9973E-05 0.0239692 0.0890763 0.0797695
9.9946E-05 0.876829 0.00542308 9.9946E-05 9.9946E-05 9.9946E-05 9.9946E-05 9.9946E-05 0.117148
9.9946E-05 0.722776 0.156846 9.9946E-05 9.9946E-05 9.9946E-05 9.9946E-05 9.9946E-05 0.119778
9.99459E-05 0.674131 0.185551 9.99459E-05 9.99459E-05 9.99459E-05 9.99459E-05 9.99459E-05 0.139718
9.9946E-05 0.89926 0.0206263 9.9946E-05 9.9946E-05 9.9946E-05 9.9946E-05 9.9946E-05 0.079514
9.9964E-05 9.9964E-05 0.0119823 9.9964E-05 0.00610454 0.949298 0.0169813 0.015234 9.9964E-05
9.9955E-05 0.0126298 0.0209659 9.9955E-05 9.9955E-05 0.960964 9.9955E-05 0.00494094 9.9955E-05
9.9964E-05 0.118924 0.0360955 9.9964E-05 0.0501333 0.0299212 0.764526 9.9964E-05 9.9964E-05
9.9955E-05 9.9955E-05 0.834256 9.9955E-05 0.00403711 0.018799 0.142408 9.9955E-05 9.9955E-05
9.9964E-05 9.9964E-05 0.0459374 9.9964E-05 0.129923 9.9964E-05 0.0218667 0.0240924 0.777781
9.9946E-05 9.9946E-05 9.9946E-05 0.0511685 9.9946E-05 9.9946E-05 9.9946E-05 0.834227 0.114005
0.217232 9.99549E-05 9.99549E-05 0.205991 9.99549E-05 9.99549E-05 9.99549E-05 0.363142 0.213135
9.99459E-05 0.717978 9.99459E-05 0.00427916 9.99459E-05 9.99459E-05 0.277143 9.99459E-05 9.99459E-05
9.9955E-05 0.706927 9.9955E-05 9.9955E-05 0.0270451 9.9955E-05 0.21679 0.0487376 9.9955E-05
0.0562095 0.63235 9.9964E-05 0.00628218 9.9964E-05 9.9964E-05 0.304611 0.000147494 9.9964E-05
9.9946E-05 9.9946E-05 9.9946E-05 9.9946E-05 9.9946E-05 0.986586 0.00157842 9.9946E-05 0.0112362
9.9946E-05 9.9946E-05 9.9946E-05 0.104311 9.9946E-05 9.9946E-05 9.9946E-05 0.766037 0.129053
9.99459E-05 0.659874 9.99459E-05 9.99459E-05 0.013167 9.99459E-05 0.32636 9.99459E-05 9.99459E-05
0.00422058 0.566026 9.9973E-05 0.0539698 9.9973E-05 0.0106388 9.9973E-05 0.0375403 0.327305
9.99369E-05 9.99369E-05 0.788411 9.99369E-05 9.99369E-05 9.99369E-05 0.21089 9.99369E-05 9.99369E-05
9.9937E-05 9.9937E-05 0.601523 9.9937E-05 9.9937E-05 9.9937E-05 0.397778 9.9937E-05 9.9937E-05
0.0330341 0.0950418 9.9973E-05 9.9973E-05 0.019852 0.813507 9.9973E-05 0.0359353 0.00232989
0.028278 0.0990885 9.9973E-05 9.9973E-05 0.0441163 0.788526 9.9973E-05 0.0089773 0.0307136
0.0195265 0.0536318 0.0040704 9.9982E-05 0.02829 0.867664 0.024554 0.00206355 9.9982E-05
9.9946E-05 0.0155826 9.9946E-05 9.9946E-05 9.9946E-05 0.959014 9.9946E-05 0.0248033 9.9946E-05
9.9946E-05 0.0131802 0.00852433 9.9946E-05 9.9946E-05 0.977696 9.9946E-05 9.9946E-05 9.9946E-05
9.9955E-05 9.9955E-05 9.9955E-05 9.9955E-05 0.00773784 0.970988 9.9955E-05 0.0153947 0.0053796
9.9964E-05 0.0197422 0.00463426 0.0139392 0.00466754 0.956617 9.9964E-05 9.9964E-05 9.9964E-05
9.993E-05 9.993E-05 9.993E-05 9.993E-05 9.993E-05 0.999201 9.993E-05 9.993E-05 9.993E-05
9.9973E-05 0.00722083 0.0123218 0.0217388 9.9973E-05 0.944006 0.00288293 0.01153 9.9973E-05
9.9946E-05 9.9946E-05 9.9946E-05 0.00238931 9.9946E-05 0.996692 9.9946E-05 9.9946E-05 0.000318994
0.00397522 9.9973E-05 0.00498527 9.9973E-05 0.0197539 0.9429 0.0221355 9.9973E-05 0.00595058
9.9955E-05 0.0418048 0.0304555 9.9955E-05 9.9955E-05 0.910486 9.9955E-05 9.9955E-05 0.016754
9.9964E-05 9.9964E-05 0.0178563 0.00286694 9.9964E-05 0.947243 9.9964E-05 0.000966085 0.0306681
0.00051725 9.99551E-05 0.0833725 9.99551E-05 0.38754 0.528071 9.99551E-05 9.99551E-05 9.99551E-05
9.99461E-05 9.99461E-05 0.038088 9.99461E-05 0.384729 0.576583 9.99461E-05 9.99461E-05 9.99461E-05
9.9946E-05 9.9946E-05 0.00240689 9.9946E-05 9.9946E-05 0.992711 9.9946E-05 9.9946E-05 0.00428245
9.9946E-05 0.0369837 9.9946E-05 9.9946E-05 9.9946E-05 0.936326 9.9946E-05 9.9946E-05 0.0260911
9.9955E-05 0.0599781 9.9955E-05 0.00126646 9.9955E-05 0.93379 9.9955E-05 0.00446532 9.9955E-05
9.9955E-05 9.9955E-05 0.0102044 9.9955E-05 9.9955E-05 0.944865 9.9955E-05 0.0265957 0.0178352
9.993E-05 9.993E-05 9.993E-05 9.993E-05 9.993E-05 0.999201 9.993E-05 9.993E-05 9.993E-05
9.99461E-05 9.99461E-05 0.0353595 9.99461E-05 0.403216 0.560825 9.99461E-05 9.99461E-05 9.99461E-05
0.0237384 9.9964E-05 0.0479914 9.9964E-05 0.0365739 0.863251 9.9964E-05 0.0280452 9.9964E-05
9.9964E-05 0.0175259 9.9964E-05 0.026637 9.9964E-05 0.902339 0.0520299 0.00106816 9.9964E-05
0.0123875 0.0356085 9.9946E-05 9.9946E-05 9.9946E-05 0.951404 9.9946E-05 9.9946E-05 9.9946E-05
9.9964E-05 0.0236225 9.9964E-05 0.0186982 9.9964E-05 0.945604 9.9964E-05 0.00514173 0.00653394
0.0194373 0.0671707 0.0099674 9.9982E-05 0.0183307 0.865329 9.9982E-05 0.0128219 0.00674314
9.9946E-05 0.057832 0.00245162 9.9946E-05 9.9946E-05 0.939117 9.9946E-05 9.9946E-05 9.9946E-05
0.0258581 0.16793 9.9973E-05 0.0437258 0.571902 9.9973E-05 0.0832943 0.10699 9.9973E-05
0.00425948 9.9964E-05 9.9964E-05 0.0279781 0.031932 0.914119 9.9964E-05 9.9964E-05 0.0213114
9.9955E-05 0.00713293 0.00353078 9.9955E-05 0.0181643 0.970672 9.9955E-05 9.9955E-05 9.9955E-05
0.0246823 0.0223858 0.010204 0.116654 0.0659434 0.717849 9.9982E-05 9.9982E-05 0.0420825
9.993E-05 9.993E-05 9.993E-05 9.993E-05 9.993E-05 0.999201 9.993E-05 9.993E-05 9.993E-05
9.9955E-05 9.9955E-05 9.9955E-05 0.00223331 0.0191843 0.970958 9.9955E-05 0.00712455 9.9955E-05
0.00728502 0.0011123 0.0267347 9.9964E-05 9.9964E-05 0.954393 9.9964E-05 9.9964E-05 0.0100754
0.0014026 0.00645167 9.9973E-05 9.9973E-05 0.00235551 0.965995 0.0175983 9.9973E-05 0.00589697
0.0101828 9.9964E-05 9.9964E-05 0.008446 0.866717 0.0445348 0.0697197 9.9964E-05 9.9964E-05
9.9937E-05 9.9937E-05 9.9937E-05 0.000481964 9.9937E-05 0.998818 9.9937E-05 9.9937E-05 9.9937E-05
0.0355821 9.9955E-05 9.9955E-05 9.9955E-05 0.00659953 0.947698 9.9955E-05 9.9955E-05 0.00962084
0.000629823 9.9946E-05 9.9946E-05 9.9946E-05 9.9946E-05 0.994838 9.9946E-05 9.9946E-05 0.00393221
9.99459E-05 9.99459E-05 9.99459E-05 9.99459E-05 0.587135 0.000283682 0.411982 9.99459E-05 9.99459E-05
0.00751924 9.9982E-05 0.0216889 9.9982E-05 0.00393195 0.941196 0.00112017 0.0171561 0.00718774
9.9964E-05 9.9964E-05 0.0446543 0.00294432 9.9964E-05 0.928064 0.0101334 9.9964E-05 0.0138037
9.9955E-05 0.0150808 9.9955E-05 0.00509177 0.00192027 0.977407 9.9955E-05 9.9955E-05 9.9955E-05
9.9955E-05 0.0085689 0.00429751 0.0117795 9.9955E-05 0.974854 9.9955E-05 9.9955E-05 9.9955E-05
9.9964E-05 0.00142758 0.2874 9.9964E-05 0.610908 0.0358045 9.9964E-05 9.9964E-05 0.0640603
9.993E-05 9.993E-05 9.993E-05 9.993E-05 9.993E-05 0.999201 9.993E-05 9.993E-05 9.993E-05
0.00750299 0.0529771 9.9973E-05 0.0233981 9.9973E-05 0.906244 9.9973E-05 0.00468399 0.00489411
9.9946E-05 9.9946E-05 0.0297019 9.9946E-05 0.461827 0.507872 9.9946E-05 9.9946E-05 9.9946E-05
9.9955E-05 9.9955E-05 0.0047684 0.0124035 9.9955E-05 0.976347 0.00598144 9.9955E-05 9.9955E-05
9.9964E-05 9.9964E-05 0.595844 9.9964E-05 0.173891 0.021004 0.163111 9.9964E-05 0.0457499
9.9964E-05 9.9964E-05 0.615038 9.9964E-05 0.245229 9.9964E-05 0.0962363 0.023396 0.0197014
9.9982E-05 0.000879007 0.752318 0.047911 0.0317394 0.00886411 0.152799 0.00528937 9.9982E-05
9.9973E-05 9.9973E-05 0.0337448 0.00311345 0.865818 0.0328222 0.0466805 9.9973E-05 0.0175214
0.043803 0.649534 9.99549E-05 9.99549E-05 9.99549E-05 0.0482763 0.257887 9.99549E-05 9.99549E-05
9.9973E-05 9.9973E-05 0.78948 0.0474715 0.0149523 0.0420782 0.099212 0.0065056 9.9973E-05
0.0359728 0.20828 0.185699 0.0189085 0.18674 0.00567975 0.320379 9.9991E-05 0.0382415
0.0137249 9.9982E-05 0.660306 9.9982E-05 0.115684 0.0252771 0.145952 0.0334176 0.00543859
0.0416266 9.9973E-05 0.637511 9.9973E-05 0.230538 9.9973E-05 0.0537928 0.0320666 0.00416523
9.9964E-05 9.9964E-05 0.645841 9.9964E-05 0.160646 0.0329968 0.111128 9.9964E-05 0.0489872
0.0797117 9.9973E-05 0.577245 9.9973E-05 0.262648 9.9973E-05 0.0562172 0.0132113 0.0106669
0.028927 9.9982E-05 0.561138 9.9982E-05 0.287864 0.0142635 0.0522034 0.0371559 0.0182483
9.9955E-05 9.9955E-05 0.855724 9.9955E-05 9.9955E-05 0.00938958 0.109437 0.0249502 9.9955E-05
0.00774562 9.9955E-05 0.621701 9.9955E-05 9.9955E-05 0.0461266 0.323927 9.9955E-05 9.9955E-05
9.9955E-05 9.9955E-05 0.598837 0.00939177 9.9955E-05 0.035279 0.355992 9.9955E-05 9.9955E-05
0.0494264 9.9973E-05 0.0648337 9.9973E-05 0.742489 0.0360351 0.0417994 9.9973E-05 0.0651167
9.9946E-05 9.9946E-05 9.9946E-05 0.9532 9.9946E-05 0.0209171 9.9946E-05 9.9946E-05 0.0252833
9.9955E-05 0.0268869 9.9955E-05 0.900337 9.9955E-05 0.0120486 9.9955E-05 9.9955E-05 0.0602282
0.0343623 0.0521982 9.9982E-05 0.216028 9.9982E-05 0.000371196 0.0263814 0.580373 0.0900859
0.00740414 0.196154 0.0161921 0.0286801 0.351614 0.0955105 0.205052 9.9991E-05 0.0992924
9.9964E-05 0.0232404 9.9964E-05 0.942708 9.9964E-05 0.00202829 9.9964E-05 0.0201011 0.0115219
9.9973E-05 0.035002 0.00248421 0.910887 9.9973E-05 9.9973E-05 0.0042028 0.00263359 0.0444902
9.9991E-05 0.0535302 0.0463996 0.0271347 0.154297 0.107479 0.559762 0.027564 0.0237333
0.261243 9.9973E-05 9.9973E-05 0.195447 9.9973E-05 0.0221669 0.00885763 0.404816 0.107169
0.334107 0.00772995 9.9991E-05 0.116033 0.0142774 0.0183098 0.0176617 0.404117 0.0876638
0.355877 0.00437086 9.9982E-05 0.0944631 9.9982E-05 0.00829816 0.0211555 0.44972 0.0659157
0.551089 0.100587 9.9973E-05 9.9973E-05 0.063165 0.0111467 9.9973E-05 0.248407 0.025305
0.562612 0.0650767 9.9973E-05 9.9973E-05 0.0359729 0.0341436 9.9973E-05 0.274345 0.0275498
0.385056 0.0648005 0.0211728 0.0740035 0.0276806 9.9982E-05 9.9982E-05 0.424695 0.00239202
0.0659292 0.77679 9.99729E-05 0.00351711 0.00641127 0.000486111 0.146566 9.99729E-05 9.99729E-05
0.00891868 0.0035486 9.9982E-05 0.287125 0.0213266 0.00328161 0.0152971 0.660303 9.9982E-05
9.9973E-05 0.0159098 0.0356118 9.9973E-05 0.882209 0.0169423 0.027907 9.9973E-05 0.0211199
0.0265861 9.9964E-05 9.9964E-05 0.0152332 0.897656 0.032348 0.0277769 9.9964E-05 9.9964E-05
0.0194316 0.0288031 9.9964E-05 0.0916626 9.9964E-05 9.9964E-05 9.9964E-05 0.799032 0.0606713
0.0498275 0.0768519 0.0451914 0.0923349 0.188159 0.17677 0.120263 0.168874 0.0817292
0.0379396 0.598009 9.9973E-05 0.0185483 0.0629166 9.9973E-05 0.264871 0.0174155 9.9973E-05
0.018293 9.9964E-05 0.0466843 0.0340702 9.9964E-05 9.9964E-05 0.872029 0.0285232 9.9964E-05
0.0319946 0.0193374 0.0820649 9.9982E-05 0.783573 0.00582561 0.0509583 9.9982E-05 0.0260467
0.0138929 9.9973E-05 9.9973E-05 0.224467 0.0239886 0.0259898 0.699794 0.0115681 9.9973E-05
0.0310462 0.531612 9.9964E-05 0.0507629 0.019877 9.9964E-05 0.366302 9.9964E-05 9.9964E-05
0.158578 0.0343366 9.9973E-05 0.719657 0.0431839 0.0324757 0.0114686 9.9973E-05 9.9973E-05
0.0107108 0.756821 9.99549E-05 9.99549E-05 9.99549E-05 0.00762586 0.224343 9.99549E-05 9.99549E-05
0.0328614 0.231007 0.0916512 0.00263571 0.0862094 0.0563794 0.0177335 9.9991E-05 0.481423
9.9946E-05 9.9946E-05 9.9946E-05 9.9946E-05 0.8985 0.0212613 0.0796394 9.9946E-05 9.9946E-05
9.9982E-05 0.00302058 0.0152533 0.303484 0.0193445 0.0276466 0.016138 0.614913 9.9982E-05
0.0128745 9.9964E-05 0.054805 9.9964E-05 9.9964E-05 9.9964E-05 0.535129 0.371524 0.0252677
0.0507745 9.9973E-05 0.0101339 9.9973E-05 0.0337128 0.0159721 0.00410159 0.885005 9.9973E-05
0.0321052 0.257869 0.0808533 0.114885 0.0489746 0.0384872 0.403721 0.0230043 9.9991E-05
0.0102124 9.9946E-05 9.9946E-05 9.9946E-05 9.9946E-05 0.00294915 9.9946E-05 0.986239 9.9946E-05
9.99549E-05 0.625399 9.99549E-05 9.99549E-05 0.0286332 9.99549E-05 0.329502 0.0159663 9.99549E-05
0.0362361 0.017198 0.032242 9.9982E-05 0.0608099 0.0161062 0.0299901 0.807218 9.9982E-05
9.9973E-05 0.0241349 0.043841 9.9973E-05 0.00336253 0.0685256 0.0416548 0.818181 9.9973E-05
9.9964E-05 0.0328053 0.0246282 9.9964E-05 0.829241 9.9964E-05 0.0486696 0.0642563 9.9964E-05
0.0186466 0.0344813 0.0877477 0.294808 0.378324 9.9991E-05 0.104263 0.0110663 0.0705632
0.0267348 0.00787813 9.9982E-05 0.0370345 0.353913 0.0255179 0.503648 0.0450734 9.9982E-05
0.799527 0.0425612 0.0367477 9.9973E-05 9.9973E-05 0.0171712 9.9973E-05 0.0634988 0.0401943
0.911149 0.0346149 0.00669002 9.9964E-05 9.9964E-05 9.9964E-05 9.9964E-05 0.0279838 0.0191622
0.853314 0.0225449 9.9973E-05 9.9973E-05 0.0184029 0.016442 9.9973E-05 0.0144228 0.0745738
0.806103 0.0683271 0.0116145 9.9982E-05 0.0149984 0.0262595 9.9982E-05 0.0324052 0.0400922
0.0259718 9.9946E-05 9.9946E-05 9.9946E-05 0.939281 9.9946E-05 9.9946E-05 9.9946E-05 0.0341472
9.9964E-05 9.9964E-05 0.0381489 9.9964E-05 0.853156 0.0229415 9.9964E-05 0.0113131 0.0740409
0.046419 0.066081 0.143382 9.9964E-05 0.728323 0.0153946 9.9964E-05 9.9964E-05 9.9964E-05
0.410867 0.0746003 9.9964E-05 0.219425 9.9964E-05 9.9964E-05 9.9964E-05 0.27509 0.0196184
0.047759 0.113163 0.153093 0.115811 0.166298 0.13908 0.0806615 0.097594 0.0865404
0.0255701 0.0749878 9.9973E-05 9.9973E-05 0.314153 0.146314 0.0546042 9.9973E-05 0.384071
9.9973E-05 0.00908616 0.124982 0.00797459 0.706848 0.0392329 9.9973E-05 9.9973E-05 0.111576
9.9973E-05 9.9973E-05 0.105288 0.012239 0.609675 0.0888622 0.0107581 9.9973E-05 0.172878
0.0403291 9.9964E-05 9.9964E-05 0.0164719 0.69779 0.0295447 9.9964E-05 9.9964E-05 0.215465
9.9964E-05 9.9964E-05 9.9964E-05 0.0421052 0.458834 0.151125 0.0490648 9.9964E-05 0.298472
0.0275082 0.6899 0.0504894 0.0448786 0.0106057 0.0195964 9.9991E-05 0.0485642 0.108358
9.9964E-05 0.0164324 0.571662 9.9964E-05 0.0019782 9.9964E-05 0.366219 9.9964E-05 0.0433089
0.00570351 9.9973E-05 0.318617 9.9973E-05 0.24928 0.0598825 0.351688 9.9973E-05 0.014529
0.00514427 9.9964E-05 0.0181719 0.0196128 9.9964E-05 9.9964E-05 9.9964E-05 0.926692 0.0299791
9.9955E-05 0.0391632 0.0166642 9.9955E-05 9.9955E-05 9.9955E-05 9.9955E-05 0.861451 0.0822217
9.9955E-05 0.00167805 0.0429517 9.9955E-05 9.9955E-05 9.9955E-05 9.9955E-05 0.839041 0.11583
0.178033 0.0977274 9.9964E-05 0.207399 9.9964E-05 9.9964E-05 9.9964E-05 0.327822 0.188618
9.99368E-05 9.99368E-05 9.99368E-05 9.99368E-05 9.99368E-05 9.99368E-05 9.99368E-05 0.0893424 0.909958
9.99368E-05 9.99368E-05 9.99368E-05 9.99368E-05 9.99368E-05 9.99368E-05 9.99368E-05 0.0826119 0.916689
0.00913112 0.0139684 0.0325079 9.9973E-05 0.875126 0.0104994 9.9973E-05 9.9973E-05 0.0584673
0.00292145 0.0239274 0.0389164 0.00116857 0.78403 0.0462863 9.9991E-05 0.0212804 0.0813694
9.9964E-05 9.9964E-05 0.0358488 9.9964E-05 0.931458 0.0130061 0.0107527 9.9964E-05 0.00853477
9.99502E-05 0.533781 9.99502E-05 9.99502E-05 9.99502E-05 9.99502E-05 0.44456 0.0210588 9.99502E-05
0.0398223 9.9955E-05 9.9955E-05 9.9955E-05 9.9955E-05 0.0265698 0.0121382 0.92097 9.9955E-05
9.9946E-05 9.9946E-05 9.9946E-05 0.05472 9.9946E-05 0.0136245 9.9946E-05 0.931056 9.9946E-05
0.00404816 9.9955E-05 9.9955E-05 0.107362 9.9955E-05 9.9955E-05 0.0152599 0.87283 9.9955E-05
0.0229746 9.9955E-05 9.9955E-05 0.149162 9.9955E-05 9.9955E-05 0.0446239 0.782739 9.9955E-05
0.00923985 9.9973E-05 9.9973E-05 0.0965422 0.00642907 0.0187788 0.0438964 0.824814 9.9973E-05
9.9964E-05 9.9964E-05 0.00765996 0.00550599 9.9964E-05 9.9964E-05 0.942877 0.0409295 0.00262772
0.109893 0.0296991 9.9982E-05 0.369651 0.0496798 0.0865487 9.9982E-05 0.128632 0.225696
9.99369E-05 0.683232 9.99369E-05 9.99369E-05 9.99369E-05 9.99369E-05 0.316069 9.99369E-05 9.99369E-05
9.9955E-05 9.9955E-05 0.0336107 9.9955E-05 9.9955E-05 9.9955E-05 0.920553 0.0272615 0.0180754
0.0051185 0.082787 9.9973E-05 0.043065 0.755926 9.9973E-05 0.0833337 0.0294698 9.9973E-05
9.99368E-05 9.99368E-05 0.103428 9.99368E-05 9.99368E-05 9.99368E-05 0.895872 9.99368E-05 9.99368E-05
9.99459E-05 9.99459E-05 0.0129997 9.99459E-05 9.99459E-05 9.99459E-05 0.982013 9.99459E-05 0.0043877
9.99369E-05 9.99369E-05 9.99369E-05 9.99369E-05 9.99369E-05 9.99369E-05 0.997619 9.99369E-05 0.00168152
9.9946E-05 9.9946E-05 0.0446502 9.9946E-05 9.9946E-05 0.0334443 9.9946E-05 0.921306 9.9946E-05
9.9937E-05 9.9937E-05 9.9937E-05 9.9937E-05 9.9937E-05 9.9937E-05 0.0276093 0.971691 9.9937E-05
0.00644818 0.206832 0.0219232 0.35528 0.0458689 0.00972692 9.9991E-05 0.249176 0.104645
0.00498889 0.0123857 0.0117825 0.0591551 9.9982E-05 0.0265165 0.00831368 0.876658 9.9982E-05
9.993E-05 9.993E-05 9.993E-05 9.993E-05 9.993E-05 9.993E-05 9.993E-05 0.999201 9.993E-05
9.9946E-05 9.9946E-05 9.9946E-05 0.143974 9.9946E-05 9.9946E-05 0.603287 0.252139 9.9946E-05
0.0420057 9.9964E-05 9.9964E-05 0.0855992 0.00143527 9.9964E-05 9.9964E-05 0.770814 0.0997464
0.0290767 9.9964E-05 9.9964E-05 0.090985 0.0154252 9.9964E-05 9.9964E-05 0.739121 0.124992
0.0308049 0.192653 0.0336884 0.169852 0.019366 0.0106807 9.9991E-05 0.0961433 0.446712
0.0100748 0.589925 9.99459E-05 9.99459E-05 9.99459E-05 9.99459E-05 0.399401 9.99459E-05 9.99459E-05
9.9946E-05 9.9946E-05 9.9946E-05 0.207322 9.9946E-05 9.9946E-05 0.183275 0.608803 9.9946E-05
0.0611921 9.9964E-05 9.9964E-05 0.186877 0.296359 0.427733 0.0274387 9.9964E-05 9.9964E-05
9.9946E-05 9.9946E-05 9.9946E-05 0.282751 9.9946E-05 9.9946E-05 0.195331 0.521319 9.9946E-05
9.9946E-05 9.9946E-05 0.00261339 9.9946E-05 9.9946E-05 9.9946E-05 0.0258273 0.97096 9.9946E-05
0.0156131 9.99459E-05 0.0522255 9.99459E-05 9.99459E-05 9.99459E-05 0.931562 9.99459E-05 9.99459E-05
0.00828249 0.00897146 0.199263 0.00466781 9.9973E-05 9.9973E-05 0.527333 0.251182 9.9973E-05
9.99459E-05 0.702719 9.99459E-05 9.99459E-05 0.0138851 9.99459E-05 0.282796 9.99459E-05 9.99459E-05
9.9937E-05 0.765089 9.9937E-05 9.9937E-05 9.9937E-05 9.9937E-05 9.9937E-05 9.9937E-05 0.234212
9.99371E-05 9.99371E-05 0.962899 9.99371E-05 9.99371E-05 9.99371E-05 0.0364012 9.99371E-05 9.99371E-05
9.9946E-05 0.72398 0.146873 9.9946E-05 9.9946E-05 9.9946E-05 9.9946E-05 9.9946E-05 0.128547
9.99549E-05 0.612052 9.99549E-05 9.99549E-05 0.0296298 9.99549E-05 0.331312 0.0265064 9.99549E-05
9.99549E-05 0.569766 9.99549E-05 9.99549E-05 0.0256803 9.99549E-05 0.391456 0.0125975 9.99549E-05
9.99459E-05 0.881528 0.0455872 9.99459E-05 9.99459E-05 9.99459E-05 9.99459E-05 9.99459E-05 0.0722854
0.0307506 0.475952 0.173652 0.0621457 9.9982E-05 9.9982E-05 0.190486 0.0264645 0.0403496
9.99459E-05 0.675947 9.99459E-05 9.99459E-05 0.00165397 9.99459E-05 0.321799 9.99459E-05 9.99459E-05
0.0282499 0.184436 0.018616 0.1572 0.0513583 0.0417704 9.9991E-05 0.0989194 0.419349
9.9964E-05 0.017267 0.0655192 9.9964E-05 0.9082 0.00714181 0.00147199 9.9964E-05 9.9964E-05
0.0198969 0.111865 9.9973E-05 0.0248545 0.754074 9.9973E-05 0.0597198 0.0292897 9.9973E-05
9.993E-05 9.993E-05 9.993E-05 9.993E-05 9.993E-05 0.999201 9.993E-05 9.993E-05 9.993E-05
0.0298757 0.189232 0.0366035 0.0145047 0.651509 9.9982E-05 0.03253 0.0455451 9.9982E-05
9.9964E-05 9.9964E-05 0.0378449 9.9964E-05 0.84482 0.0118078 0.104247 0.000881094 9.9964E-05
9.9964E-05 0.384615 0.00267994 9.9964E-05 0.349486 9.9964E-05 0.259534 0.00328488 9.9964E-05
9.9964E-05 9.9964E-05 0.028209 0.0109959 0.86126 0.0333936 0.0657412 9.9964E-05 9.9964E-05
0.0556572 0.101869 0.556823 9.9973E-05 0.238859 0.0432191 9.9973E-05 0.0032723 9.9973E-05
0.00958412 9.9973E-05 9.9973E-05 0.00483175 0.925522 0.00210566 0.0225885 9.9973E-05 0.0350682
9.99639E-05 0.298852 0.0841202 9.99639E-05 0.0737554 0.0689784 9.99639E-05 9.99639E-05 0.473894
0.0314152 0.533776 0.201681 9.9964E-05 0.0383639 9.9964E-05 9.9964E-05 9.9964E-05 0.194363
9.9973E-05 0.186353 0.140462 9.9973E-05 0.166807 0.0219634 0.234575 9.9973E-05 0.249538
9.9973E-05 0.026265 0.07082 9.9973E-05 0.841948 0.00464741 0.0179859 0.0380341 9.9973E-05
9.9946E-05 9.9946E-05 9.9946E-05 0.123274 9.9946E-05 0.0252171 9.9946E-05 0.850909 9.9946E-05
9.9955E-05 9.9955E-05 0.971543 0.00344131 9.9955E-05 9.9955E-05 0.0236704 0.000845581 9.9955E-05
9.99639E-05 0.305592 0.042075 9.99639E-05 0.0732305 0.038128 9.99639E-05 9.99639E-05 0.540575
9.9955E-05 0.0542295 0.921292 0.0028448 9.9955E-05 9.9955E-05 0.0211344 9.9955E-05 9.9955E-05
9.9946E-05 9.9946E-05 9.9946E-05 0.101466 9.9946E-05 9.9946E-05 9.9946E-05 0.794212 0.103722
9.99549E-05 0.639781 9.99549E-05 9.99549E-05 0.000382116 0.0100412 0.349296 9.99549E-05 9.99549E-05
0.012909 0.00177109 9.9964E-05 0.0203305 9.9964E-05 0.958462 0.00612748 9.9964E-05 9.9964E-05
0.0113269 0.056288 0.0118455 0.118194 0.0357045 0.683986 0.0279567 9.9991E-05 0.0545983
9.9964E-05 9.9964E-05 0.00437089 9.9964E-05 0.935155 0.0294032 0.00445876 9.9964E-05 0.0262122
9.9964E-05 0.0198254 0.260761 9.9964E-05 0.242617 0.0455052 0.430891 9.9964E-05 9.9964E-05
9.99369E-05 0.715035 9.99369E-05 9.99369E-05 9.99369E-05 9.99369E-05 0.284265 9.99369E-05 9.99369E-05
9.99369E-05 0.687695 9.99369E-05 9.99369E-05 9.99369E-05 9.99369E-05 0.311606 9.99369E-05 9.99369E-05
0.0456155 0.0605359 0.301213 0.106042 9.9982E-05 9.9982E-05 0.428431 0.0408677 0.0170943
9.9955E-05 9.9955E-05 0.321277 9.9955E-05 0.278695 0.0211353 0.378393 9.9955E-05 9.9955E-05
9.9955E-05 0.0255239 9.9955E-05 0.0169607 9.9955E-05 9.9955E-05 9.9955E-05 0.84633 0.110685
9.99368E-05 9.99368E-05 9.99368E-05 9.99368E-05 9.99368E-05 9.99368E-05 9.99368E-05 0.0575726 0.941728
0.195719 9.9964E-05 9.9964E-05 0.133314 9.9964E-05 9.9964E-05 0.000369653 0.485334 0.184864
0.320054 9.9973E-05 9.9973E-05 0.189165 9.9973E-05 0.0518982 0.0314762 0.0237248 0.383382
0.297591 9.9964E-05 9.9964E-05 0.201059 9.9964E-05 0.0219062 0.0637208 9.9964E-05 0.415323
0.204752 0.00100658 9.9973E-05 0.282642 0.00860524 9.9973E-05 9.9973E-05 0.201076 0.301618
9.99367E-05 9.99367E-05 9.99367E-05 9.99367E-05 9.99367E-05 9.99367E-05 9.99367E-05 0.0628148 0.936486
0.358345 9.9991E-05 0.000483293 0.207764 0.022499 0.0243777 0.00848793 0.0828402 0.295103
0.174118 9.9955E-05 9.9955E-05 0.408976 9.9955E-05 9.9955E-05 9.9955E-05 0.127629 0.288777
0.0138546 0.22854 0.0107434 9.9982E-05 0.0302666 0.027881 0.0425411 9.9982E-05 0.645974
0.171997 9.9973E-05 9.9973E-05 0.259312 0.00282298 9.9973E-05 0.0001772 0.258419 0.306972
0.032159 0.181014 0.00688901 9.9982E-05 0.0772478 0.0303139 0.00921163 9.9982E-05 0.662964
9.9946E-05 0.755116 0.147127 9.9946E-05 9.9946E-05 9.9946E-05 9.9946E-05 9.9946E-05 0.0971573
0.0719111 0.524415 0.0936153 0.204646 9.9973E-05 0.0597673 9.9973E-05 0.045345 9.9973E-05
0.112696 0.0331562 0.0439897 0.2158 9.9991E-05 0.0225201 0.000878699 0.210043 0.360816
0.11534 0.0412373 0.0769581 0.173029 0.0135628 0.0176412 0.0162844 0.178818 0.367129
9.99368E-05 9.99368E-05 9.99368E-05 9.99368E-05 9.99368E-05 9.99368E-05 9.99368E-05 0.0312954 0.968005
0.189456 9.9964E-05 9.9964E-05 0.233541 9.9964E-05 0.000479073 9.9964E-05 0.255264 0.32086
0.00185319 9.9964E-05 0.866144 0.0248704 0.0816553 0.0250773 9.9964E-05 9.9964E-05 9.9964E-05
9.9955E-05 9.9955E-05 0.0128557 0.0313817 9.9955E-05 9.9955E-05 9.9955E-05 0.853331 0.101932
0.312525 9.9973E-05 9.9973E-05 0.167447 9.9973E-05 0.00792202 0.0616575 0.0310454 0.419104
0.054266 9.9964E-05 9.9964E-05 0.32406 9.9964E-05 0.00839531 9.9964E-05 0.258192 0.354687
0.314469 9.9964E-05 9.9964E-05 0.21239 9.9964E-05 0.0274927 9.9964E-05 0.100853 0.344396
0.247019 9.9973E-05 9.9973E-05 0.306869 9.9973E-05 0.024693 0.0119708 0.0990736 0.310074
0.022872 0.110315 9.9973E-05 0.0251453 0.70619 9.9973E-05 0.102581 0.0325972 9.9973E-05
0.0431929 0.0439194 0.46414 9.9982E-05 0.349741 0.0582043 0.0181604 0.0224422 9.9982E-05
0.0457274 9.9955E-05 9.9955E-05 0.113407 9.9955E-05 9.9955E-05 9.9955E-05 0.737387 0.102979
9.9946E-05 0.0128373 0.979492 0.00707059 9.9946E-05 9.9946E-05 9.9946E-05 9.9946E-05 9.9946E-05
9.9964E-05 0.108752 9.9964E-05 0.0147412 0.686753 9.9964E-05 0.112528 0.0768264 9.9964E-05
9.9946E-05 0.731671 9.9946E-05 9.9946E-05 9.9946E-05 0.0179456 9.9946E-05 9.9946E-05 0.249783
9.993E-05 9.993E-05 9.993E-05 9.993E-05 9.993E-05 9.993E-05 9.993E-05 0.999201 9.993E-05
9.9946E-05 9.9946E-05 9.9946E-05 0.00611221 9.9946E-05 0.0267365 9.9946E-05 0.966552 9.9946E-05
0.0216525 9.9982E-05 0.0211046 0.00208875 0.00860479 0.0285201 0.0096147 0.908215 9.9982E-05
0.0178935 9.9946E-05 9.9946E-05 9.9946E-05 9.9946E-05 0.00479801 9.9946E-05 0.976709 9.9946E-05
9.99549E-05 0.571146 9.99549E-05 9.99549E-05 0.00262828 9.99549E-05 0.405819 0.0199064 9.99549E-05
9.9964E-05 9.9964E-05 9.9964E-05 0.0580365 0.066909 0.0253064 0.0178613 0.831487 9.9964E-05
0.0130056 0.0994148 9.9973E-05 0.0489273 0.729027 9.9973E-05 0.0783669 0.0309582 9.9973E-05
9.9955E-05 0.00560122 0.0164184 9.9955E-05 0.929031 9.9955E-05 9.9955E-05 9.9955E-05 0.0484496
0.0159121 9.9955E-05 9.9955E-05 9.9955E-05 0.891803 0.0149123 0.0768729 9.9955E-05 9.9955E-05
9.9973E-05 9.9973E-05 9.9973E-05 0.00464049 0.923184 0.0128717 0.04762 0.00315032 0.00823396
0.00895675 9.9973E-05 0.0383445 0.0103125 0.839511 0.0386752 0.0639003 9.9973E-05 9.9973E-05
0.466321 9.9973E-05 9.9973E-05 0.078107 0.0368015 0.0530401 0.0377729 9.9973E-05 0.327658
0.444636 9.9982E-05 9.9982E-05 0.0941053 0.0344452 0.0640962 0.014902 0.001623 0.345993
0.898251 0.0150966 0.0412852 9.9964E-05 9.9964E-05 9.9964E-05 0.00605389 9.9964E-05 0.0389134
0.875178 9.9964E-05 9.9964E-05 0.0261086 0.0273925 0.000742203 9.9964E-05 0.0701787 9.9964E-05
0.910133 0.00112822 0.0366953 0.0173588 9.9982E-05 0.00877652 9.9982E-05 0.0146963 0.0110124
0.279343 0.538937 0.0728631 9.9973E-05 0.0152481 0.0231903 9.9973E-05 9.9973E-05 0.0701195
0.929281 9.9955E-05 0.0305036 9.9955E-05 9.9955E-05 0.0377479 9.9955E-05 9.9955E-05 0.00196763
0.122083 0.0919166 0.15158 0.0245344 0.194531 0.0172475 0.126153 0.2028 0.0691538
0.990744 9.9937E-05 9.9937E-05 0.00855647 9.9937E-05 9.9937E-05 9.9937E-05 9.9937E-05 9.9937E-05
0.964044 9.9937E-05 9.9937E-05 0.0352566 9.9937E-05 9.9937E-05 9.9937E-05 9.9937E-05 9.9937E-05
0.943555 9.9955E-05 9.9955E-05 0.00618186 9.9955E-05 0.0282237 9.9955E-05 0.0215395 9.9955E-05
0.251328 9.9955E-05 9.9955E-05 0.706883 0.0289269 9.9955E-05 0.0123626 9.9955E-05 9.9955E-05
0.979384 9.99461E-05 9.99461E-05 9.99461E-05 9.99461E-05 9.99461E-05 0.00497211 0.0150438 9.99461E-05
0.829074 9.9964E-05 9.9964E-05 0.115263 0.0116315 0.0148799 0.0287519 9.9964E-05 9.9964E-05
9.9955E-05 9.9955E-05 0.918209 9.9955E-05 0.051535 0.00246232 9.9955E-05 9.9955E-05 0.0272938
0.0634095 0.0620134 0.631551 9.9973E-05 0.181833 0.0455531 9.9973E-05 0.0153399 9.9973E-05
0.0403738 0.0831419 0.153618 9.9973E-05 0.678982 0.00715489 9.9973E-05 9.9973E-05 0.0364296
9.99641E-05 0.0164633 0.121961 9.99641E-05 0.824703 0.0338511 9.99641E-05 0.00262121 9.99641E-05
0.00283859 0.640161 0.131542 9.9964E-05 0.0326059 9.9964E-05 9.9964E-05 9.9964E-05 0.192452
0.0309978 9.9982E-05 0.104218 0.0274878 0.754649 0.0496263 9.9982E-05 0.00706105 0.02576
9.9937E-05 9.9937E-05 0.942474 9.9937E-05 9.9937E-05 9.9937E-05 0.0568262 9.9937E-05 9.9937E-05
9.9964E-05 9.9964E-05 0.940234 0.000646641 0.00895383 9.9964E-05 0.0490531 9.9964E-05 0.000712763
9.99459E-05 0.811373 0.0548834 9.99459E-05 9.99459E-05 9.99459E-05 9.99459E-05 9.99459E-05 0.133144
0.0216031 0.010415 0.0632022 9.9973E-05 0.683409 0.0804104 9.9973E-05 9.9973E-05 0.14066
0.0246127 0.0954272 0.136631 0.000643554 0.463568 0.103002 0.0539995 0.0351721 0.0869445
9.99642E-05 0.489369 0.0571189 9.99642E-05 0.00926984 0.0399851 9.99642E-05 9.99642E-05 0.403857
0.00575795 0.773932 0.0527035 9.99549E-05 9.99549E-05 9.99549E-05 9.99549E-05 9.99549E-05 0.167107
9.99549E-05 0.570937 0.164943 9.99549E-05 0.0420936 9.99549E-05 9.99549E-05 9.99549E-05 0.221527
0.0070631 0.0914466 0.558918 0.0286911 0.210674 0.0044734 0.0062675 0.0923658 9.9991E-05
9.9955E-05 0.772581 0.0986531 9.9955E-05 9.9955E-05 0.0127476 9.9955E-05 9.9955E-05 0.115519
0.023542 0.011623 0.956636 9.9955E-05 9.9955E-05 9.9955E-05 9.9955E-05 0.00769888 9.9955E-05
9.9946E-05 0.799087 9.9946E-05 9.9946E-05 9.9946E-05 9.9946E-05 9.9946E-05 0.0143996 0.185913
9.9946E-05 0.787589 9.9946E-05 9.9946E-05 9.9946E-05 0.0196768 9.9946E-05 9.9946E-05 0.192135
0.0881501 0.16075 9.9973E-05 0.144392 9.9973E-05 0.0483552 9.9973E-05 0.193143 0.364911
9.9946E-05 0.844941 0.0337435 9.9946E-05 9.9946E-05 9.9946E-05 9.9946E-05 9.9946E-05 0.120716
9.9946E-05 0.891082 0.0228647 9.9946E-05 9.9946E-05 9.9946E-05 9.9946E-05 9.9946E-05 0.0854531
9.9946E-05 0.845163 0.0383457 9.9946E-05 9.9946E-05 9.9946E-05 9.9946E-05 9.9946E-05 0.115892
0.0117247 0.278672 0.0829585 9.9973E-05 0.128403 0.0955643 9.9973E-05 9.9973E-05 0.402378
9.9964E-05 0.0547385 0.84067 0.016587 0.0834843 9.9964E-05 9.9964E-05 9.9964E-05 0.00412023
0.00731149 0.0444035 0.917577 0.00949719 9.9964E-05 9.9964E-05 9.9964E-05 0.0208114 9.9964E-05
0.0174564 0.0877639 0.883793 9.9955E-05 9.9955E-05 9.9955E-05 9.9955E-05 0.0104866 9.9955E-05
9.9955E-05 9.9955E-05 0.919065 0.0173872 0.0352112 0.0278367 9.9955E-05 9.9955E-05 9.9955E-05
9.9955E-05 0.0183183 0.00754937 9.9955E-05 9.9955E-05 9.9955E-05 9.9955E-05 0.866101 0.107531
9.9982E-05 0.203046 0.0603759 0.342981 0.0269732 0.00346593 9.9982E-05 0.235377 0.12758
9.9982E-05 0.0120644 0.161317 0.0344204 0.733707 0.0265339 0.0155814 0.0161761 9.9982E-05
0.0189594 0.0828545 0.140041 9.9973E-05 0.312759 0.0139421 0.431144 9.9973E-05 9.9973E-05
0.0132751 0.524809 0.0964198 0.167908 9.9982E-05 0.0704835 9.9982E-05 0.0568434 0.0700619
0.0302302 0.529782 0.0869698 0.188816 0.000434468 0.0473763 9.9991E-05 0.0522431 0.0640481
0.0232081 9.99549E-05 9.99549E-05 9.99549E-05 0.865546 9.99549E-05 9.99549E-05 0.019516 0.0912296
0.00550708 0.112726 9.9973E-05 0.018204 0.698852 9.9973E-05 0.118442 0.0459685 9.9973E-05
0.0410859 0.0856662 0.268247 0.538992 9.9982E-05 0.00805761 0.0288974 0.0288545 9.9982E-05
0.0456171 0.330486 0.226468 0.00800434 9.9991E-05 0.00379654 0.2729 0.0816385 0.0309893
9.99641E-05 0.0650592 0.136494 9.99641E-05 0.778006 0.000214971 0.0198264 9.99641E-05 9.99641E-05
9.9964E-05 0.204065 0.00994625 9.9964E-05 0.216426 0.0973854 9.9964E-05 9.9964E-05 0.471778
0.0393101 0.511967 0.0994022 0.187014 9.9982E-05 0.0644333 9.9982E-05 0.0581951 0.0394785
9.99729E-05 0.170507 0.0552716 9.99729E-05 0.114335 0.10948 0.0241535 9.99729E-05 0.525952
9.9973E-05 0.11446 0.0600743 9.9973E-05 0.226151 0.109437 0.00764906 9.9973E-05 0.481929
9.9964E-05 9.9964E-05 0.0201896 0.00266221 0.856995 0.0745765 9.9964E-05 9.9964E-05 0.0451773
9.9964E-05 9.9964E-05 0.029152 0.0467993 0.892615 9.9964E-05 9.9964E-05 0.0167735 0.0142607
9.9964E-05 9.9964E-05 0.0137978 0.0319686 0.921913 0.00411896 9.9964E-05 9.9964E-05 0.0278015
0.022601 0.0272575 0.0856921 9.9982E-05 0.792798 0.0165844 0.0129949 9.9982E-05 0.0418723
9.9946E-05 9.9946E-05 0.0257146 9.9946E-05 0.92013 0.0535556 9.9946E-05 9.9946E-05 9.9946E-05
9.99461E-05 9.99461E-05 9.99461E-05 0.00843672 0.857415 9.99461E-05 0.133549 9.99461E-05 9.99461E-05
9.9964E-05 9.9964E-05 9.9964E-05 0.0697448 0.449257 0.117111 0.0477516 9.9964E-05 0.315736
0.0673902 0.0767746 0.058022 0.00249614 0.185799 0.106703 9.9982E-05 9.9982E-05 0.502615
9.99551E-05 0.0416683 0.00811456 0.01016 0.939557 9.99551E-05 9.99551E-05 9.99551E-05 9.99551E-05
0.010169 0.15833 0.0478299 9.9973E-05 0.211254 0.0938162 9.9973E-05 9.9973E-05 0.478301
9.9964E-05 0.207833 0.0883771 9.9964E-05 0.0994068 0.0726371 9.9964E-05 9.9964E-05 0.531347
9.993E-05 9.993E-05 9.993E-05 0.999201 9.993E-05 9.993E-05 9.993E-05 9.993E-05 9.993E-05
9.99369E-05 9.99369E-05 9.99369E-05 0.968265 9.99369E-05 9.99369E-05 9.99369E-05 9.99369E-05 0.0310353
9.993E-05 9.993E-05 9.993E-05 0.999201 9.993E-05 9.993E-05 9.993E-05 9.993E-05 9.993E-05
9.9937E-05 9.9937E-05 9.9937E-05 0.994025 9.9937E-05 9.9937E-05 9.9937E-05 9.9937E-05 0.00527504
9.99369E-05 9.99369E-05 9.99369E-05 0.995149 0.00415121 9.99369E-05 9.99369E-05 9.99369E-05 9.99369E-05
9.993E-05 9.993E-05 9.993E-05 0.999201 9.993E-05 9.993E-05 9.993E-05 9.993E-05 9.993E-05
9.993E-05 9.993E-05 9.993E-05 0.999201 9.993E-05 9.993E-05 9.993E-05 9.993E-05 9.993E-05
9.9964E-05 0.815096 9.9964E-05 0.000171053 9.9964E-05 0.00678702 9.9964E-05 0.0136953 0.163851
9.9955E-05 0.905959 9.9955E-05 9.9955E-05 9.9955E-05 0.0294954 9.9955E-05 0.00599242 0.0580533
0.0241309 0.28766 9.9973E-05 0.195154 9.9973E-05 0.0211943 9.9973E-05 0.162817 0.308744
0.0438881 0.319383 9.9964E-05 0.178248 9.9964E-05 9.9964E-05 9.9964E-05 0.140541 0.317539
0.0188935 9.9982E-05 0.0457502 0.0498447 0.811652 9.9982E-05 0.0154956 0.00169508 0.0564691
0.0138923 9.9982E-05 9.9982E-05 0.0218184 0.759559 0.0532125 0.038205 0.00962628 0.103486
0.0145054 9.9964E-05 0.0153412 0.0012756 0.965906 9.9964E-05 9.9964E-05 9.9964E-05 0.00257186
9.9964E-05 9.9964E-05 0.00333873 0.0615156 9.9964E-05 0.0298862 0.00649949 0.89836 9.9964E-05
9.99369E-05 9.99369E-05 9.99369E-05 0.299969 9.99369E-05 9.99369E-05 9.99369E-05 0.699332 9.99369E-05
9.9955E-05 9.9955E-05 9.9955E-05 0.0523259 0.0308318 0.00587981 9.9955E-05 0.910463 9.9955E-05
9.9937E-05 9.9937E-05 9.9937E-05 0.35718 9.9937E-05 9.9937E-05 9.9937E-05 0.642121 9.9937E-05
0.0114991 0.189699 9.9982E-05 0.112987 0.0370098 9.9982E-05 0.265157 0.378074 0.00537376
0.178264 0.0872787 9.9973E-05 0.252736 0.0462435 9.9973E-05 0.133743 0.301435 9.9973E-05
0.0257769 0.0106986 9.9982E-05 0.783517 0.0125863 0.00487618 0.0567015 0.105644 9.9982E-05
9.9937E-05 9.9937E-05 9.9937E-05 0.372833 9.9937E-05 9.9937E-05 9.9937E-05 0.626467 9.9937E-05
9.9937E-05 9.9937E-05 9.9937E-05 0.320581 9.9937E-05 9.9937E-05 9.9937E-05 0.67872 9.9937E-05
9.9937E-05 9.9937E-05 9.9937E-05 9.9937E-05 9.9937E-05 0.00590735 9.9937E-05 0.993393 9.9937E-05
0.0192888 0.0116775 9.9964E-05 0.222785 0.0242983 9.9964E-05 9.9964E-05 0.72155 9.9964E-05
0.158501 0.0134105 0.0227638 0.0483452 0.180397 0.132972 0.35501 0.0342829 0.0543183
9.9946E-05 9.9946E-05 9.9946E-05 0.00116133 0.956915 0.0413238 9.9946E-05 9.9946E-05 9.9946E-05
9.9955E-05 0.797416 9.9955E-05 9.9955E-05 9.9955E-05 0.00854491 9.9955E-05 0.0507273 0.142812
9.9982E-05 0.0227682 0.233133 0.00742566 0.603764 0.0641611 9.9982E-05 0.0234376 0.0451103
9.9955E-05 0.65895 0.164711 9.9955E-05 0.0123486 9.9955E-05 9.9955E-05 9.9955E-05 0.163492
9.9964E-05 0.0142433 0.0279481 9.9964E-05 0.00918797 9.9964E-05 9.9964E-05 0.832948 0.115272
0.0375238 0.0141693 9.9982E-05 0.821937 0.0403483 0.0151715 0.0349863 0.0356637 9.9982E-05
0.00714769 0.0123664 0.0149646 0.220736 0.0273798 9.9982E-05 9.9982E-05 0.567535 0.14967
9.9964E-05 0.188807 0.0181272 9.9964E-05 0.19585 0.0836083 9.9964E-05 9.9964E-05 0.513207
0.130385 0.208093 0.0358284 9.9991E-05 0.0622739 0.100055 0.0332486 0.0164864 0.41353
0.025189 0.00151494 0.232318 0.0250972 0.491097 0.0489056 0.175477 9.9991E-05 0.000300976
9.99459E-05 0.821813 9.99459E-05 9.99459E-05 0.0333641 9.99459E-05 0.144223 9.99459E-05 9.99459E-05
0.711622 0.00173272 0.0424122 0.0477363 0.0340821 0.0407226 9.9982E-05 0.121492 9.9982E-05
0.804374 0.0272669 9.9982E-05 0.0214017 0.0411127 0.00580988 9.9982E-05 0.0954849 0.00434961
0.963984 0.0353169 9.9937E-05 9.9937E-05 9.9937E-05 9.9937E-05 9.9937E-05 9.9937E-05 9.9937E-05
0.943459 9.99551E-05 9.99551E-05 0.0200202 9.99551E-05 0.00428779 9.99551E-05 0.0317336 9.99551E-05
0.938042 9.9955E-05 9.9955E-05 0.0561553 0.00336677 0.00193655 9.9955E-05 9.9955E-05 9.9955E-05
0.79921 9.9973E-05 9.9973E-05 0.106167 0.0393735 0.0262869 9.9973E-05 0.0189685 0.00969398
9.9973E-05 0.696091 0.00264383 0.00733311 0.00405459 0.0413013 9.9973E-05 9.9973E-05 0.248276
0.0453907 9.9973E-05 9.9973E-05 0.459255 0.0166572 0.0378029 9.9973E-05 0.18521 0.255384
0.0247984 9.9964E-05 9.9964E-05 0.116977 0.0013344 9.9964E-05 9.9964E-05 0.723722 0.132768
9.9937E-05 0.00894283 9.9937E-05 9.9937E-05 9.9937E-05 9.9937E-05 9.9937E-05 0.990358 9.9937E-05
9.9955E-05 0.0109081 9.9955E-05 0.0118041 9.9955E-05 0.0105602 9.9955E-05 0.966228 9.9955E-05
0.00146343 9.9973E-05 9.9973E-05 0.248514 0.0207287 0.00493483 0.00431873 0.71974 9.9973E-05
0.999201 9.993E-05 9.993E-05 9.993E-05 9.993E-05 9.993E-05 9.993E-05 9.993E-05 9.993E-05
0.963849 9.9964E-05 9.9964E-05 0.00631355 0.0189306 0.00144909 0.00905835 9.9964E-05 9.9964E-05
0.312293 9.9964E-05 9.9964E-05 0.649941 0.0148765 0.00178315 9.9964E-05 0.0207065 9.9964E-05
0.277619 9.9964E-05 0.0146323 0.700292 9.9964E-05 0.00122932 0.00582686 9.9964E-05 9.9964E-05
0.922513 9.9946E-05 9.9946E-05 0.0323407 9.9946E-05 9.9946E-05 9.9946E-05 0.0445468 9.9946E-05
