0.00553669 0.0704847 0.228563 0.0495933 0.645823
0.035598 0.0367462 0.612876 0.0126508 0.302129
0.0375632 0.0878401 0.56446 0.0446862 0.265451
9.999E-05 0.0557506 0.23333 0.0318559 0.678964
9.9973E-05 9.9973E-05 0.990077 9.9973E-05 0.00962273
0.0856495 0.0142073 0.601962 0.00509347 0.293088
0.0142072 0.0889255 9.9991E-05 0.513547 0.383221
9.9973E-05 9.9973E-05 9.9973E-05 0.993029 0.00667093
9.9973E-05 9.9973E-05 9.9973E-05 0.983625 0.0160748
9.997E-05 9.997E-05 9.997E-05 0.9996 9.997E-05
9.9982E-05 0.822728 0.0732449 9.9982E-05 0.103827
9.9982E-05 0.929487 9.9982E-05 0.0104161 0.059897
9.9982E-05 0.952507 9.9982E-05 0.00636206 0.0409312
9.9973E-05 0.974748 9.9973E-05 9.9973E-05 0.0249525
0.855596 9.9991E-05 0.0131694 0.0156407 0.115494
9.9973E-05 9.9973E-05 9.9973E-05 0.994511 0.00518896
9.9982E-05 0.206368 9.9982E-05 0.00387314 0.789558
0.897582 0.0890933 9.9982E-05 0.0131245 9.9982E-05
0.602395 0.230288 0.000824463 0.0307458 0.135747
0.367714 0.615973 9.9982E-05 0.016114 9.9982E-05
0.851925 0.0379386 9.9991E-05 0.0561464 0.0538904
0.0745679 0.902465 0.00292586 0.0199408 9.9991E-05
0.92534 0.0619207 9.9982E-05 0.0125392 9.9982E-05
0.116864 0.812634 0.0246057 0.0236869 0.0222092
0.0759939 0.922356 9.9982E-05 9.9982E-05 0.00145007
0.964499 9.9973E-05 9.9973E-05 9.9973E-05 0.0352008
0.868668 0.122826 9.9982E-05 0.00830607 9.9982E-05
0.634832 0.276498 0.0374319 0.0228107 0.0284268
0.93977 0.0290605 9.9982E-05 0.0309691 9.9982E-05
0.962283 0.034129 0.00338759 9.9982E-05 9.9982E-05
0.0260547 0.966383 0.00736248 9.9982E-05 9.9982E-05
9.9973E-05 0.908816 9.9973E-05 9.9973E-05 0.0908842
0.893006 0.106694 9.9973E-05 9.9973E-05 9.9973E-05
0.175346 0.793803 9.9991E-05 0.0296247 0.00112693
0.954633 0.0425538 9.9982E-05 0.00261331 9.9982E-05
0.0399107 0.959789 9.9973E-05 9.9973E-05 9.9973E-05
0.921504 0.0781961 9.9973E-05 9.9973E-05 9.9973E-05
0.0532527 0.94242 0.000306575 0.0039204 9.9991E-05
9.9982E-05 9.9982E-05 0.315454 0.0199155 0.66443
9.9973E-05 9.9973E-05 0.998099 0.00160116 9.9973E-05
9.9982E-05 0.86385 0.0986934 9.9982E-05 0.0372564
0.947023 0.052677 9.9973E-05 9.9973E-05 9.9973E-05
0.0519001 0.939452 9.9982E-05 0.00844786 9.9982E-05
0.0183013 0.121306 0.524264 0.0113263 0.324802
0.59759 0.221099 9.9991E-05 0.0596016 0.121609
0.376282 0.512409 0.00488904 0.0490226 0.0573966
0.887079 0.0346295 0.0363922 0.0307549 0.0111445
0.0636842 0.0307906 0.669169 0.00542663 0.23093
0.0549801 0.0428177 0.72074 0.117063 0.0643989
9.9973E-05 0.00783977 9.9973E-05 9.9973E-05 0.99186
0.00761672 0.129309 9.9991E-05 0.00255436 0.86042
0.0310693 0.153498 0.0054553 0.0135968 0.796381
9.9973E-05 9.9973E-05 9.9973E-05 0.00648331 0.993217
9.9991E-05 0.0267325 0.00217348 0.953337 0.0176574
9.9973E-05 0.0320656 9.9973E-05 0.967635 9.9973E-05
0.0169036 0.703456 9.9991E-05 0.0402725 0.239268
0.0598307 0.916825 9.9982E-05 0.0231445 9.9982E-05
0.260751 0.0255745 0.285519 0.0577993 0.370357
9.9973E-05 9.9973E-05 0.994842 9.9973E-05 0.00485794
0.0828568 0.00131349 0.818552 0.0368708 0.0604065
9.9973E-05 0.208012 9.9973E-05 9.9973E-05 0.791688
0.0201186 0.164603 0.00186968 0.0111831 0.802225
9.9991E-05 0.195622 0.0456701 0.0077337 0.750874
9.9973E-05 0.0047602 9.9973E-05 0.99494 9.9973E-05
9.9973E-05 9.9973E-05 0.970423 9.9973E-05 0.0292769
0.00492441 0.245878 9.9982E-05 9.9982E-05 0.748998
9.9982E-05 9.9982E-05 0.177946 0.0350407 0.786813
0.024808 0.974892 9.9973E-05 9.9973E-05 9.9973E-05
9.9973E-05 0.996856 9.9973E-05 0.00284394 9.9973E-05
0.0380378 9.9991E-05 0.0343301 0.81883 0.108702
0.0439208 0.0163184 0.0101582 0.836638 0.0929645
0.0252601 0.0274302 0.00897273 0.86904 0.069297
9.9982E-05 9.9982E-05 0.0178752 0.970179 0.011746
0.00100737 0.00968135 9.9982E-05 0.989111 9.9982E-05
9.9982E-05 0.00316559 9.9982E-05 0.991848 0.00478615
0.00762111 9.9982E-05 9.9982E-05 0.986077 0.00610178
0.0143071 9.9973E-05 9.9973E-05 0.985393 9.9973E-05
9.9991E-05 0.004466 0.00891059 0.971733 0.0147909
9.997E-05 9.997E-05 9.997E-05 0.9996 9.997E-05
9.9973E-05 9.9973E-05 9.9973E-05 0.943008 0.0566919
9.9982E-05 0.0129745 9.9982E-05 0.946242 0.0405837
9.9982E-05 0.0178346 9.9982E-05 0.975054 0.00691182
0.434463 0.0311556 9.9982E-05 0.534181 9.9982E-05
0.410871 0.0214521 9.9982E-05 0.567477 9.9982E-05
9.997E-05 9.997E-05 9.997E-05 0.9996 9.997E-05
9.9973E-05 9.9973E-05 9.9973E-05 0.948482 0.0512182
9.9973E-05 9.9973E-05 9.9973E-05 0.933178 0.0665218
0.0317206 9.9991E-05 0.00419895 0.954245 0.00973506
9.997E-05 9.997E-05 9.997E-05 0.9996 9.997E-05
0.448228 0.00208597 9.9982E-05 0.549486 9.9982E-05
0.0488509 0.0466991 0.019327 0.878988 0.00613466
9.9991E-05 0.0381565 0.00619375 0.945464 0.0100853
9.9973E-05 9.9973E-05 9.9973E-05 0.975157 0.0245433
0.00442513 9.9991E-05 0.0230359 0.962243 0.0101959
0.0220826 0.024065 9.9991E-05 0.922162 0.0315908
9.9973E-05 9.9973E-05 9.9973E-05 0.952807 0.046893
0.605389 0.0296185 0.164647 9.9991E-05 0.200245
0.0270937 0.00887976 0.00526664 0.95866 9.9991E-05
0.00194495 0.00363676 9.9982E-05 0.994218 9.9982E-05
0.0844421 0.0139734 0.0991018 0.726462 0.0760203
9.997E-05 9.997E-05 9.997E-05 0.9996 9.997E-05
0.00173951 0.00932743 9.9982E-05 0.988733 9.9982E-05
0.00380955 0.00608117 9.9982E-05 0.989909 9.9982E-05
0.0331344 0.0123695 9.9982E-05 0.954296 9.9982E-05
0.951834 0.0169272 9.9982E-05 0.0310393 9.9982E-05
9.997E-05 9.997E-05 9.997E-05 0.9996 9.997E-05
0.010712 9.9982E-05 9.9982E-05 0.978195 0.0108933
9.997E-05 9.997E-05 9.997E-05 0.9996 9.997E-05
0.631224 0.305507 0.0171295 9.9991E-05 0.0460396
0.00575226 0.00481125 0.0293381 0.943747 0.016351
9.9982E-05 0.0196702 9.9982E-05 0.955836 0.0242937
0.02543 9.9973E-05 9.9973E-05 0.97427 9.9973E-05
9.997E-05 9.997E-05 9.997E-05 0.9996 9.997E-05
0.6598 0.272076 9.9991E-05 0.0273073 0.0407163
9.997E-05 9.997E-05 9.997E-05 0.9996 9.997E-05
0.00199033 9.9991E-05 0.0261028 0.920184 0.0516229
0.492487 0.00229539 9.9982E-05 0.505018 9.9982E-05
9.997E-05 9.997E-05 9.997E-05 0.9996 9.997E-05
0.232318 0.741688 9.9982E-05 0.0257943 9.9982E-05
0.2864 0.676895 0.0365051 9.9982E-05 9.9982E-05
0.032913 0.892953 0.0459917 0.0273332 0.000809584
0.909859 0.0291273 0.00554485 0.0553689 9.9991E-05
0.017439 0.199659 0.0113632 0.0498799 0.721659
0.0349201 0.881369 0.0187498 0.0648613 9.9991E-05
0.21136 0.452278 0.057579 0.0111512 0.267632
0.185118 0.767337 0.0273831 0.0200622 9.9991E-05
0.286837 0.654678 0.0516046 0.00678001 9.9991E-05
0.253686 0.704158 0.0217981 0.0090813 0.0112758
0.304123 0.624724 0.0659271 0.00512597 9.9991E-05
0.335528 0.587491 0.0450778 0.0318032 9.9991E-05
9.9982E-05 0.926693 0.042104 0.0310033 9.9982E-05
9.9991E-05 0.901142 0.0257609 0.0462976 0.0266997
0.00922993 0.91626 0.0254629 0.0489473 9.9991E-05
0.789713 0.0936342 0.0293413 0.0674117 0.0198998
0.0664005 0.0170982 0.792277 0.0830341 0.0411901
0.0299892 9.9991E-05 0.758086 0.107187 0.104638
9.9982E-05 0.00282194 0.896328 9.9982E-05 0.10065
0.349371 0.172453 0.0412272 0.10772 0.329229
0.0187308 9.9991E-05 0.779274 0.0856328 0.116263
0.0442668 0.0180872 0.737401 0.0841749 0.11607
0.147776 0.502912 0.0686399 0.126557 0.154115
0.0263164 0.0275527 0.826597 0.0575028 0.0620315
0.071279 0.0239859 0.782973 0.0602919 0.0614708
0.0424282 0.0158364 0.842025 0.0399496 0.0597606
0.133023 0.0158714 0.640317 0.111395 0.0993931
0.0845176 0.0272835 0.694438 0.123753 0.070008
0.0756907 0.0237525 0.825989 0.0419786 0.0325894
0.0037257 0.0847675 0.00271704 9.9991E-05 0.90869
0.0257985 9.9982E-05 0.968846 9.9982E-05 0.00515585
0.947307 0.03475 9.9991E-05 0.012235 0.00560774
0.962282 0.0160045 0.0128578 0.00875551 9.9991E-05
9.9982E-05 9.9982E-05 0.947068 0.00190337 0.0508284
0.183452 0.176991 0.28889 0.193194 0.157472
0.056652 0.20604 0.0262228 9.9991E-05 0.710985
9.9982E-05 0.831407 0.129788 9.9982E-05 0.0386054
0.85039 0.0672914 0.0360604 0.010723 0.0355348
0.00114441 0.634677 0.260116 0.0339683 0.070094
0.0194455 0.244406 0.0365318 9.9991E-05 0.699517
0.12048 0.0507283 0.701195 0.0987865 0.0288099
9.9982E-05 0.13189 9.9982E-05 0.0259089 0.842001
0.119155 0.0684459 0.156232 0.0931197 0.563048
0.982167 9.9973E-05 9.9973E-05 0.0175333 9.9973E-05
9.9991E-05 0.0597295 0.914516 0.0113286 0.0143256
9.9982E-05 0.526337 0.470762 0.00270193 9.9982E-05
0.00193661 0.0289728 0.968891 9.9982E-05 9.9982E-05
0.0538299 0.412173 0.144726 0.0351915 0.35408
9.997E-05 9.997E-05 0.9996 9.997E-05 9.997E-05
0.00408744 0.291496 9.9982E-05 9.9982E-05 0.704217
0.0289136 0.0595259 0.873675 0.0164809 0.0214042
0.00767301 0.0550839 0.879877 9.9991E-05 0.0572659
0.863065 0.0537818 0.0687368 9.9991E-05 0.0143167
0.431863 0.145489 0.293584 0.0280136 0.101051
0.368649 0.375599 0.105853 0.0476547 0.102245
0.136521 0.0302189 0.63085 0.166554 0.0358552
0.0725229 0.0980613 0.655388 0.139527 0.0345004
0.135596 0.0378461 0.624585 0.171011 0.0309617
0.140851 0.0559376 0.587219 0.192752 0.023241
0.9996 9.997E-05 9.997E-05 9.997E-05 9.997E-05
0.927762 9.9991E-05 0.0286625 0.00994117 0.0335339
0.803421 0.076037 0.00440185 0.0185455 0.0975945
0.0479483 9.9991E-05 0.766716 0.0652476 0.119988
0.230454 0.115599 0.278963 0.156034 0.218951
0.416928 9.9991E-05 0.110351 0.166297 0.306324
0.768512 0.0966806 0.0333476 0.0280348 0.0734249
0.684862 0.0468521 0.0535603 0.107766 0.106959
0.785325 9.9991E-05 0.0964367 0.057462 0.0606762
0.535153 0.0115979 0.128007 0.163247 0.161995
0.0324862 0.0325218 0.10861 0.0246442 0.801738
0.0498598 0.909238 0.00656711 9.9991E-05 0.0342355
0.259777 0.593207 0.00539865 0.0759736 0.0656433
9.997E-05 9.997E-05 0.9996 9.997E-05 9.997E-05
9.9973E-05 9.9973E-05 0.952439 9.9973E-05 0.0472611
9.9973E-05 9.9973E-05 0.939585 9.9973E-05 0.0601152
9.9982E-05 9.9982E-05 0.722504 0.0389399 0.238356
0.0110358 9.9991E-05 0.471132 0.0495896 0.468143
0.0290664 9.9991E-05 0.465968 0.068792 0.436074
0.940716 0.00362765 0.00717795 9.9991E-05 0.0483786
0.843712 0.0145614 0.0604544 0.028382 0.0528901
0.974936 0.0247643 9.9973E-05 9.9973E-05 9.9973E-05
9.9982E-05 0.29475 0.00886862 9.9982E-05 0.696181
9.997E-05 9.997E-05 0.9996 9.997E-05 9.997E-05
9.997E-05 9.997E-05 0.9996 9.997E-05 9.997E-05
9.997E-05 9.997E-05 0.9996 9.997E-05 9.997E-05
9.9973E-05 0.00896715 0.990733 9.9973E-05 9.9973E-05
9.9973E-05 0.0103084 0.989392 9.9973E-05 9.9973E-05
9.9982E-05 0.85541 0.0991163 9.9982E-05 0.0452739
0.108056 9.9991E-05 0.607134 0.112576 0.172135
9.9973E-05 0.2097 9.9973E-05 9.9973E-05 0.79
9.9982E-05 0.820894 0.0850346 9.9982E-05 0.0938716
0.825675 9.9982E-05 0.0524611 9.9982E-05 0.121663
9.9973E-05 0.949829 9.9973E-05 9.9973E-05 0.0498711
9.9973E-05 0.903126 9.9973E-05 9.9973E-05 0.0965742
9.9982E-05 0.893161 9.9982E-05 0.0164755 0.0901633
9.9973E-05 0.00220294 0.997497 9.9973E-05 9.9973E-05
9.997E-05 9.997E-05 0.9996 9.997E-05 9.997E-05
0.070327 0.0027163 0.602527 0.0087789 0.315651
9.9973E-05 9.9973E-05 0.997003 9.9973E-05 0.00269736
9.997E-05 9.997E-05 0.9996 9.997E-05 9.997E-05
9.9973E-05 0.55746 0.44224 9.9973E-05 9.9973E-05
0.0191921 9.9973E-05 0.980508 9.9973E-05 9.9973E-05
0.00127277 0.032131 0.949527 9.9991E-05 0.0169687
0.10604 9.9991E-05 0.415819 0.0714146 0.406626
9.9982E-05 0.261921 9.9982E-05 0.00440782 0.733471
9.9982E-05 0.074948 0.877185 9.9982E-05 0.047667
0.342862 0.0509099 0.150688 0.45544 9.9991E-05
9.9982E-05 0.148755 0.82871 9.9982E-05 0.0223348
9.997E-05 9.997E-05 0.9996 9.997E-05 9.997E-05
9.9982E-05 0.941073 0.0485091 0.0102176 9.9982E-05
9.9982E-05 0.645665 0.296447 9.9982E-05 0.0576882
0.0114391 0.182447 9.9982E-05 9.9982E-05 0.805914
0.00245473 9.9991E-05 0.0126036 0.0161187 0.968723
0.0567967 0.942903 9.9973E-05 9.9973E-05 9.9973E-05
9.9982E-05 0.127883 9.9982E-05 0.00943938 0.862478
9.9982E-05 0.283529 0.0056982 9.9982E-05 0.710572
9.9982E-05 0.315454 0.0208881 9.9982E-05 0.663458
9.997E-05 9.997E-05 9.997E-05 9.997E-05 0.9996
9.9991E-05 0.311259 0.103862 0.00891707 0.575862
9.9973E-05 0.234401 9.9973E-05 9.9973E-05 0.765299
0.12158 9.9991E-05 0.4039 0.0715585 0.402862
0.959593 0.0303533 9.9982E-05 0.00985327 9.9982E-05
0.80151 9.9982E-05 0.0545275 9.9982E-05 0.143763
9.997E-05 9.997E-05 9.997E-05 0.9996 9.997E-05
0.710703 0.0449551 0.0675206 9.9991E-05 0.176722
0.872872 0.103836 9.9982E-05 0.0230915 9.9982E-05
0.348535 0.244709 9.9982E-05 9.9982E-05 0.406556
0.88299 0.0900985 9.9982E-05 0.0267118 9.9982E-05
0.269954 0.559666 0.0109516 0.0597166 0.099712
0.978488 9.9982E-05 0.0147467 9.9982E-05 0.00656551
0.161164 0.0211902 0.018881 0.135505 0.66326
0.112616 0.161102 0.0197505 9.9991E-05 0.706432
0.217766 0.297481 0.0276902 0.0404636 0.416599
0.906986 0.0521136 0.00188783 0.0167193 0.0222936
9.997E-05 9.997E-05 0.9996 9.997E-05 9.997E-05
0.0477515 0.951949 9.9973E-05 9.9973E-05 9.9973E-05
0.186684 9.9991E-05 0.0915913 0.119238 0.602387
0.0565276 0.932274 9.9982E-05 9.9982E-05 0.0109982
9.9973E-05 9.9973E-05 0.994338 9.9973E-05 0.00536224
9.9982E-05 0.222774 9.9982E-05 0.0146367 0.762389
9.9973E-05 9.9973E-05 9.9973E-05 0.989595 0.0101053
0.0617348 0.0130408 0.102019 0.724778 0.0984274
0.980886 9.9973E-05 9.9973E-05 0.0188142 9.9973E-05
0.238888 0.674745 9.9991E-05 0.0585209 0.027746
9.9973E-05 0.18982 9.9973E-05 9.9973E-05 0.80988
9.9973E-05 0.220194 9.9973E-05 9.9973E-05 0.779506
0.0247942 0.640456 0.189367 9.9991E-05 0.145283
0.302544 0.611964 9.9991E-05 0.0325524 0.0528401
9.9973E-05 9.9973E-05 0.952825 9.9973E-05 0.0468747
0.0282697 9.9991E-05 0.472604 0.0404376 0.458589
9.9991E-05 0.0385903 0.919043 0.0239061 0.0183603
0.11596 0.0754651 0.605311 0.17846 0.0248039
0.109022 0.0453183 0.572686 0.15896 0.114014
0.0566671 9.9991E-05 0.746215 0.063969 0.133049
0.0191959 9.9991E-05 0.470965 0.0576855 0.452054
0.0910262 0.0528097 0.617177 0.12934 0.109647
0.115561 9.9991E-05 0.749932 0.0387302 0.0956767
0.0977402 9.9991E-05 0.215642 0.0678896 0.618628
0.087537 0.00692068 0.750507 0.0168697 0.138165
0.158709 9.9991E-05 0.205213 0.087582 0.548395
9.9982E-05 0.0995351 9.9982E-05 0.0147628 0.885502
0.0286453 0.0634168 0.237516 0.100061 0.57036
0.0343117 0.0623029 0.624152 0.0772447 0.201989
0.063836 0.0718866 0.552503 0.0720247 0.23975
0.0223352 9.9991E-05 0.471065 0.0571396 0.449361
0.0321287 0.0270136 0.763198 0.107555 0.0701052
0.160501 0.839199 9.9973E-05 9.9973E-05 9.9973E-05
9.9973E-05 9.9973E-05 0.990878 9.9973E-05 0.00882223
0.135879 0.0227543 0.549984 0.143404 0.147978
0.0610768 9.9991E-05 0.75897 0.0603946 0.119459
0.105907 9.9991E-05 0.64314 0.140599 0.110254
0.0840143 0.0450708 0.697335 0.130502 0.0430787
0.770847 9.9982E-05 0.0358837 9.9982E-05 0.193069
0.396993 0.451382 0.0521511 0.0536077 0.0458665
9.9973E-05 9.9973E-05 0.990321 9.9973E-05 0.00937939
0.0620712 0.926416 9.9982E-05 9.9982E-05 0.0113129
0.751432 0.00336105 0.0702141 9.9991E-05 0.174893
9.9982E-05 9.9982E-05 0.0186958 0.036993 0.944111
9.997E-05 9.997E-05 0.9996 9.997E-05 9.997E-05
9.997E-05 9.997E-05 0.9996 9.997E-05 9.997E-05
9.9982E-05 0.0035818 0.992339 0.00387902 9.9982E-05
9.997E-05 9.997E-05 0.9996 9.997E-05 9.997E-05
0.0117652 0.271353 0.0368382 9.9991E-05 0.679944
0.0490643 9.9982E-05 0.933471 0.017265 9.9982E-05
0.779712 0.0217018 0.0665931 9.9991E-05 0.131893
0.982099 9.9973E-05 9.9973E-05 9.9973E-05 0.0176015
0.891829 0.065187 0.0029255 0.0399585 9.9991E-05
0.964419 9.9991E-05 0.00253542 0.0131259 0.0198196
0.917308 0.0646947 9.9982E-05 0.0177972 9.9982E-05
0.159163 0.000926105 0.502252 0.201078 0.13658
0.16227 0.0288927 0.502528 0.21069 0.0956187
0.135347 0.0690032 0.568926 0.155618 0.0711054
0.149227 9.9982E-05 0.697053 0.153521 9.9982E-05
0.11912 0.0424948 0.649795 0.18849 9.9991E-05
0.0693232 0.0615515 0.198231 0.0887456 0.582148
0.11311 0.0744739 0.606351 0.2055 0.000564429
0.194167 0.302703 0.327221 0.0259619 0.149948
0.09051 0.0520549 0.665435 0.1919 9.9991E-05
0.0897048 0.0104939 0.720161 0.17954 9.9991E-05
0.0882395 0.0350012 0.669141 0.207519 9.9991E-05
0.0763294 0.0769142 0.746088 0.100569 9.9991E-05
0.0626839 0.0565085 0.68705 0.193658 9.9991E-05
0.126371 0.0363557 0.668067 0.169106 9.9991E-05
0.141847 0.857853 9.9973E-05 9.9973E-05 9.9973E-05
0.251096 0.572922 0.0463607 0.0804531 0.0491682
0.749953 0.0808579 0.00535249 0.0226884 0.141149
0.907523 0.0740867 9.9982E-05 9.9982E-05 0.0181899
0.0499648 0.122581 9.9982E-05 9.9982E-05 0.827254
0.818146 0.0464547 0.0352535 0.0817587 0.0183873
0.0141364 0.973044 9.9982E-05 0.0126199 9.9982E-05
0.0860171 0.913683 9.9973E-05 9.9973E-05 9.9973E-05
9.9982E-05 0.0252707 9.9982E-05 0.00388974 0.97064
0.772799 0.0149171 0.0451158 0.0688026 0.0983659
0.538447 0.129968 0.0382006 0.109745 0.18364
0.120881 9.99911E-05 0.007866 0.0774009 0.793752
0.0434192 0.000790363 9.9991E-05 0.0247663 0.930924
0.0984312 0.0972922 0.0166153 0.00140017 0.786261
0.242829 0.542149 0.0959666 9.9991E-05 0.118955
0.0298759 0.0524026 9.9991E-05 0.0221234 0.895498
0.0443855 0.933996 0.00518564 9.9991E-05 0.0163324
9.9982E-05 9.9982E-05 0.0408654 0.00674154 0.952193
9.9982E-05 9.9982E-05 0.0403776 0.0235388 0.935884
0.019701 0.00193516 0.520542 0.062375 0.395447
9.9973E-05 9.9973E-05 9.9973E-05 0.00633899 0.993361
9.997E-05 9.997E-05 9.997E-05 9.997E-05 0.9996
9.9973E-05 0.00399786 9.9973E-05 9.9973E-05 0.995702
0.216869 0.0567426 0.110791 0.118617 0.496981
0.172809 0.790997 9.9982E-05 9.9982E-05 0.035994
0.0176508 0.867548 0.0515006 9.9991E-05 0.0632003
0.0329651 0.860491 0.0193376 0.0116128 0.0755935
0.0979754 0.88259 0.000858544 0.0184761 9.9991E-05
9.9973E-05 9.9973E-05 0.952515 9.9973E-05 0.0471847
0.0705405 0.0247661 0.587778 0.0183315 0.298584
0.783275 0.120695 0.0241046 0.0167938 0.0551319
0.313498 0.536739 0.0034078 0.065646 0.0807086
0.0264042 0.0433704 0.195232 0.0790591 0.655934
0.039449 0.0288193 0.223428 0.0591371 0.649166
0.941654 9.9973E-05 0.0580461 9.9973E-05 9.9973E-05
0.789124 9.9982E-05 0.04674 9.9982E-05 0.163937
0.0354254 0.26315 0.517696 0.0559266 0.127802
0.00639198 0.429045 0.137696 0.0103734 0.416494
0.847343 0.111995 9.9982E-05 9.9982E-05 0.0404621
0.298917 9.9991E-05 0.105706 0.130543 0.464733
9.9991E-05 0.0842529 0.220681 0.0924701 0.602496
0.201215 0.0365533 0.119381 0.183428 0.459423
0.287106 0.0865629 0.131635 0.130713 0.363982
0.90885 0.0253653 9.9982E-05 0.0655845 9.9982E-05
0.956542 9.9982E-05 0.0208727 0.0223855 9.9982E-05
0.979655 9.9982E-05 9.9982E-05 0.0069991 0.013146
0.903675 0.0460711 0.0308177 0.0165055 0.00293057
0.969988 9.9973E-05 9.9973E-05 0.0297121 9.9973E-05
0.916687 0.0830129 9.9973E-05 9.9973E-05 9.9973E-05
0.580476 9.9991E-05 0.103345 0.171405 0.144675
0.302292 0.00661681 0.199744 0.155634 0.335714
0.97657 0.0106404 9.9982E-05 9.9982E-05 0.0125896
0.25517 0.0142599 0.139697 0.127834 0.46304
0.202319 0.0536074 0.113883 0.0730703 0.55712
0.0139008 0.00174068 0.831365 0.07388 0.0791135
0.0128822 9.9991E-05 0.820854 0.0687056 0.097458
0.0355669 0.0306475 0.810466 0.0585152 0.064804
0.0355912 9.9991E-05 0.813455 0.0754919 0.0753623
0.0719952 9.9991E-05 0.810332 0.0857313 0.0318418
0.0549762 9.9991E-05 0.807037 0.0930335 0.0448535
0.0218228 0.00407623 0.815429 0.0877231 0.0709492
0.00835401 9.9982E-05 0.0514792 9.9982E-05 0.939967
9.9973E-05 9.9973E-05 9.9973E-05 0.00946337 0.990237
0.0331307 9.9991E-05 0.444364 0.0475572 0.474848
0.0256229 9.9991E-05 0.412672 0.0412189 0.520387
0.887679 0.0505304 0.0536335 9.9991E-05 0.00805716
0.818048 9.9991E-05 0.0588644 0.0619501 0.0610377
0.99762 9.9973E-05 9.9973E-05 0.00208015 9.9973E-05
9.997E-05 9.997E-05 0.9996 9.997E-05 9.997E-05
9.997E-05 9.997E-05 0.9996 9.997E-05 9.997E-05
9.997E-05 9.997E-05 0.9996 9.997E-05 9.997E-05
9.997E-05 9.997E-05 0.9996 9.997E-05 9.997E-05
0.00901562 0.207976 0.518669 9.9991E-05 0.264239
0.0637022 0.0912307 0.69383 0.0112023 0.140035
0.0453878 0.0451029 0.782596 0.078888 0.0480255
9.997E-05 9.997E-05 0.9996 9.997E-05 9.997E-05
9.997E-05 9.997E-05 0.9996 9.997E-05 9.997E-05
9.997E-05 9.997E-05 0.9996 9.997E-05 9.997E-05
0.0106226 9.9973E-05 0.989077 9.9973E-05 9.9973E-05
0.197519 0.34491 0.197187 0.150207 0.110177
0.9996 9.997E-05 9.997E-05 9.997E-05 9.997E-05
9.9973E-05 9.9973E-05 0.0629594 9.9973E-05 0.936741
0.642453 0.185251 0.0424535 0.0431349 0.0867083
0.0551822 0.10221 0.00304575 9.9991E-05 0.839462
9.9973E-05 9.9973E-05 0.945324 9.9973E-05 0.0543764
0.0797141 0.000809175 0.781928 0.0958536 0.041695
0.0318248 9.9991E-05 0.860049 0.0358621 0.0721641
0.294433 9.9991E-05 0.108265 0.122875 0.474327
0.151561 0.00966892 0.180347 0.142153 0.51627
0.541379 0.352558 0.0262727 0.040752 0.0390387
9.9973E-05 0.0763808 9.9973E-05 9.9973E-05 0.923319
0.13228 0.0369537 0.63457 0.196097 9.9991E-05
0.129646 9.9991E-05 0.65093 0.16045 0.0588745
0.112652 0.0258792 0.645867 0.204084 0.0115177
0.0735597 0.028841 0.700685 0.178428 0.0184854
0.134159 9.9982E-05 0.663483 0.202159 9.9982E-05
0.112916 0.0322036 0.648349 0.206432 9.9991E-05
9.9982E-05 9.9982E-05 0.0453797 0.0338285 0.920592
0.086889 9.9991E-05 0.723031 0.0969596 0.0930204
0.0316765 0.00924736 0.949997 9.9991E-05 0.00897883
9.997E-05 9.997E-05 0.9996 9.997E-05 9.997E-05
9.997E-05 9.997E-05 0.9996 9.997E-05 9.997E-05
0.00229849 9.9973E-05 0.997402 9.9973E-05 9.9973E-05
0.116213 0.000975758 0.691678 0.18528 0.00585245
0.153481 0.0243474 0.659231 0.162841 9.9991E-05
0.0729117 0.0339851 0.767893 0.125111 9.9991E-05
0.0712146 0.0474401 0.737685 0.143561 9.9991E-05
0.106413 0.0218417 0.727183 0.144462 9.9991E-05
0.0963116 0.0468914 0.769317 0.08738 9.9991E-05
0.380702 0.0707285 0.503088 0.0453813 9.9991E-05
0.854337 0.0707958 0.0093718 0.00352629 0.0619686
0.769241 0.188052 0.0425073 9.9982E-05 9.9982E-05
0.878931 0.086289 9.9982E-05 0.0345796 9.9982E-05
0.945893 0.0242355 9.9982E-05 0.0296718 9.9982E-05
0.0714313 0.0752114 0.640413 0.183895 0.0290497
0.108071 0.0603238 0.629938 0.201568 9.9991E-05
0.107872 0.0424503 0.739675 0.109903 9.9991E-05
0.105521 0.0371256 0.729906 0.124491 0.00295593
0.0686855 0.0390004 0.654209 0.200878 0.0372277
0.0687251 0.0299732 0.664413 0.189592 0.0472971
0.0980863 0.00939316 0.715356 0.177064 9.9991E-05
0.0776713 0.0435979 0.733174 0.0990682 0.0464885
0.0642709 0.214621 9.9982E-05 9.9982E-05 0.720908
9.9982E-05 0.382378 9.9982E-05 0.017956 0.599466
9.99854E-05 0.231946 9.99854E-05 0.00351104 0.764343
0.042808 0.220865 9.9982E-05 9.9982E-05 0.736127
0.0636173 0.0281775 0.74439 0.0351235 0.128692
0.0417486 9.9991E-05 0.845053 0.0402333 0.0728651
9.9991E-05 0.0385788 0.88893 0.0127379 0.0596536
0.00821853 0.0531494 0.85192 0.0200699 0.066642
0.19561 0.0115311 0.46594 0.177255 0.149665
9.9973E-05 9.9973E-05 0.629846 9.9973E-05 0.369854
0.119707 0.0385016 0.60928 0.163684 0.0688278
0.0475094 0.0802113 0.77082 0.0778215 0.0236378
0.0560399 0.0322723 0.764191 0.114577 0.0329198
0.463632 0.0148876 0.0546668 0.0257927 0.441021
0.037342 0.000657868 0.150363 0.0534149 0.758222
0.875499 0.0978468 9.9982E-05 9.9982E-05 0.0264545
0.0655995 0.895092 0.0220969 0.0171113 9.9991E-05
0.280212 0.652252 0.0132452 0.0541905 9.9991E-05
0.482 0.460413 0.0209943 0.0364927 9.9991E-05
0.389651 0.052556 0.0261443 0.011857 0.519792
0.9015 0.0982002 9.9973E-05 9.9973E-05 9.9973E-05
0.961828 0.0154497 0.0225222 9.9982E-05 9.9982E-05
0.914285 0.041709 0.0230672 0.000624908 0.0203141
0.914233 0.0732595 9.9982E-05 0.0123071 9.9982E-05
0.173964 0.0526245 0.426687 0.177486 0.169239
0.426046 0.0731084 0.285216 0.0693997 0.14623
0.329781 9.99911E-05 0.48541 0.0687144 0.115995
0.13666 9.9991E-05 0.58766 0.114728 0.160852
0.532829 0.108395 0.0787239 0.0525628 0.22749
0.935309 9.9982E-05 9.9982E-05 0.0340211 0.0304702
0.0615382 9.9991E-05 0.798992 0.0710132 0.0683569
0.721762 0.0594955 0.0231832 0.0976075 0.0979522
0.116009 0.883691 9.9973E-05 9.9973E-05 9.9973E-05
0.0280522 0.943054 9.9991E-05 0.0265975 0.00219595
0.966025 0.033675 9.9973E-05 9.9973E-05 9.9973E-05
0.179877 9.9991E-05 0.120112 0.517743 0.182167
0.50648 0.396672 0.0226641 0.00437263 0.0698115
0.0902318 0.909468 9.9973E-05 9.9973E-05 9.9973E-05
0.678829 0.151629 9.9991E-05 0.0303143 0.139128
0.12885 0.0389398 0.090742 0.543174 0.198295
0.0118131 9.9973E-05 9.9973E-05 0.987887 9.9973E-05
0.0104822 9.9982E-05 0.950254 9.9982E-05 0.039064
0.069001 0.699217 0.0932058 0.0274399 0.111137
0.0483667 0.0620586 0.253825 0.082514 0.553236
0.0265069 9.9991E-05 0.0933158 0.0371875 0.84289
0.068566 9.9991E-05 0.046686 0.0355268 0.849121
9.9982E-05 0.9211 9.9982E-05 0.0170459 0.0616541
9.9982E-05 0.00378479 0.952109 9.9982E-05 0.043906
0.0458038 0.0112466 0.458614 0.0807698 0.403566
9.9973E-05 0.224795 9.9973E-05 9.9973E-05 0.774905
0.00681989 0.981899 9.9982E-05 9.9982E-05 0.0110815
9.9982E-05 0.189441 9.9982E-05 0.00667791 0.803681
0.0153003 0.0729396 0.241433 0.0934189 0.576908
0.0186778 0.0939299 0.246364 0.0821156 0.558913
0.0812004 9.9982E-05 0.664326 9.9982E-05 0.254273
0.0613931 0.0437962 0.827462 9.9991E-05 0.0672484
0.0594484 0.000209624 0.437332 0.0137081 0.489302
9.9982E-05 9.9982E-05 0.161558 0.0335064 0.804736
0.0116614 0.945382 9.9982E-05 9.9982E-05 0.0427564
0.0561408 0.899546 9.9982E-05 9.9982E-05 0.0441136
0.38766 0.0428796 0.08429 0.17512 0.31005
0.0363131 0.0448142 0.590461 0.0421673 0.286245
9.9973E-05 9.9973E-05 0.0608233 9.9973E-05 0.938877
0.983624 0.00402805 9.9982E-05 9.9982E-05 0.0121475
0.0330384 9.9991E-05 0.446445 0.0560333 0.464384
0.392888 0.0220338 0.199913 0.0338892 0.351276
0.0839322 9.99911E-05 0.612289 0.187666 0.116013
0.526207 0.0353279 0.114313 0.136487 0.187664
9.9991E-05 0.482764 0.00224063 0.0542893 0.460606
0.217473 9.9991E-05 0.0558161 0.09851 0.628101
0.9996 9.997E-05 9.997E-05 9.997E-05 9.997E-05
0.932907 0.0255127 0.0413805 9.9982E-05 9.9982E-05
0.00781815 0.963048 9.9982E-05 9.9982E-05 0.0289334
0.995656 9.9973E-05 9.9973E-05 0.00404378 9.9973E-05
0.638163 9.9991E-05 0.108195 0.0997731 0.153769
0.854602 0.0608271 0.030779 0.0443154 0.00947608
0.825311 0.0741036 0.0194197 9.9991E-05 0.0810661
0.0164218 0.0866531 0.238979 0.0903912 0.567555
0.0205031 9.9982E-05 0.975224 9.9982E-05 0.00407258
9.997E-05 9.997E-05 0.9996 9.997E-05 9.997E-05
0.141548 0.810079 9.9991E-05 0.00416343 0.0441096
0.0103968 0.00652381 0.982879 9.9982E-05 9.9982E-05
0.0249458 9.9982E-05 9.9982E-05 0.932806 0.0420481
9.9973E-05 0.0113828 9.9973E-05 0.988317 9.9973E-05
0.191699 0.0855471 0.200925 0.494522 0.0273076
0.813311 9.9982E-05 0.0428077 9.9982E-05 0.143681
9.997E-05 9.997E-05 9.997E-05 0.9996 9.997E-05
9.9973E-05 9.9973E-05 9.9973E-05 0.99004 0.00965991
9.997E-05 9.997E-05 9.997E-05 0.9996 9.997E-05
9.997E-05 9.997E-05 9.997E-05 0.9996 9.997E-05
9.997E-05 9.997E-05 9.997E-05 0.9996 9.997E-05
9.9982E-05 0.956117 0.0172396 9.9982E-05 0.0264432
0.0370296 9.9991E-05 0.0979462 0.0408018 0.824122
0.00358609 0.246301 0.00302824 0.0282833 0.718801
9.9973E-05 0.179496 9.9973E-05 9.9973E-05 0.820204
0.482314 0.435857 9.9982E-05 9.9982E-05 0.0816296
9.9982E-05 0.906782 9.9982E-05 0.0543693 0.0386487
9.9982E-05 9.9982E-05 0.0718002 0.0369128 0.891087
0.0204002 0.142911 9.9991E-05 0.0540329 0.782556
9.9982E-05 0.337078 0.00593175 9.9982E-05 0.65679
9.9973E-05 9.9973E-05 9.9973E-05 0.0480159 0.951684
9.9982E-05 9.9982E-05 0.000592405 0.959616 0.0395917
0.137311 0.569753 0.171727 0.0176031 0.103606
0.815946 0.0681257 0.0596141 0.00758695 0.0487274
0.896948 0.00930766 0.00750427 0.0308305 0.0554098
0.733012 0.0658249 0.0699165 0.0483568 0.0828901
0.0978306 0.893191 9.9982E-05 9.9982E-05 0.00877826
9.9991E-05 0.759643 0.00997598 0.0188426 0.211439
9.997E-05 9.997E-05 0.9996 9.997E-05 9.997E-05
0.223769 0.272998 0.329148 0.0302201 0.143865
9.9991E-05 0.49917 0.0140171 0.00878272 0.477931
