0.229818 0.653866 0.0586308 0.0134579 0.0442277
0.61729 0.303914 0.016046 0.0418504 0.0208995
0.581533 0.244636 0.108221 0.0415334 0.0240767
0.233666 0.65325 0.0527651 0.00840597 0.0519133
0.9996 9.997E-05 9.997E-05 9.997E-05 9.997E-05
0.570837 0.29455 0.0147041 0.0865954 0.033313
9.9991E-05 0.379026 0.098965 0.00383305 0.518075
9.9973E-05 0.00511896 9.9973E-05 9.9973E-05 0.994581
9.997E-05 9.997E-05 9.997E-05 9.997E-05 0.9996
9.997E-05 9.997E-05 9.997E-05 9.997E-05 0.9996
0.061843 0.0625334 0.875424 9.9982E-05 9.9982E-05
9.9982E-05 0.0444111 0.95122 9.9982E-05 0.00416871
9.9991E-05 0.0223143 0.948849 0.00843523 0.0203015
9.997E-05 9.997E-05 0.9996 9.997E-05 9.997E-05
0.00241075 0.106626 9.9991E-05 0.877833 0.0130301
9.9973E-05 0.00762383 9.9973E-05 9.9973E-05 0.992076
9.9982E-05 0.769932 0.227267 9.9982E-05 0.00260082
9.9982E-05 9.9982E-05 0.0797329 0.916505 0.00356184
0.00531296 0.128126 0.204354 0.615062 0.0471455
9.9982E-05 9.9982E-05 0.607167 0.371126 0.0215069
9.999E-05 0.0569825 0.0310289 0.860348 0.0515407
9.9982E-05 9.9982E-05 0.88832 0.0976388 0.0138413
9.9973E-05 9.9973E-05 0.0673922 0.932308 9.9973E-05
0.00424844 0.0403504 0.810764 0.136018 0.00861937
9.9982E-05 9.9982E-05 0.934913 0.0644563 0.000430742
9.9982E-05 0.0422986 0.00152593 0.955976 9.9982E-05
9.9982E-05 9.9982E-05 0.0966896 0.895361 0.00774987
0.0509955 9.9991E-05 0.298164 0.640017 0.0107236
9.9982E-05 9.9982E-05 0.0289346 0.944309 0.0265564
0.00530705 9.9982E-05 0.0330371 0.961456 9.9982E-05
0.00186459 9.9982E-05 0.943037 0.0548983 9.9982E-05
9.9973E-05 0.0679656 0.931734 9.9973E-05 9.9973E-05
9.9973E-05 9.9973E-05 0.0973231 0.902377 9.9973E-05
0.00914757 0.00949127 0.790136 0.172723 0.018502
9.9973E-05 9.9973E-05 0.0553711 0.944329 9.9973E-05
9.9973E-05 9.9973E-05 0.930162 0.0695385 9.9973E-05
9.9973E-05 9.9973E-05 0.0790652 0.920635 9.9973E-05
0.00188976 9.9982E-05 0.935632 0.0622779 9.9982E-05
0.34199 0.634738 9.9982E-05 9.9982E-05 0.0230721
0.993427 9.9973E-05 0.0062732 9.9973E-05 9.9973E-05
0.0977512 0.0368925 0.865156 9.9982E-05 9.9982E-05
9.9973E-05 9.9973E-05 0.026662 0.973038 9.9973E-05
9.9973E-05 9.9973E-05 0.940314 0.0593857 9.9973E-05
0.516965 0.333381 0.119035 0.00770051 0.0229183
9.9991E-05 0.113362 0.219149 0.598058 0.0693305
9.9991E-05 0.0691253 0.502764 0.388871 0.03914
0.0168931 0.0314029 0.0328726 0.901059 0.0177721
0.650893 0.228858 0.0313475 0.088802 9.9991E-05
0.716335 0.10822 0.014619 0.0597182 0.101107
9.997E-05 0.9996 9.997E-05 9.997E-05 9.997E-05
9.9973E-05 0.861014 0.138687 9.9973E-05 9.9973E-05
9.9991E-05 0.816556 0.133186 0.0397125 0.0104458
9.9973E-05 0.993607 9.9973E-05 9.9973E-05 0.00609287
0.012568 9.9982E-05 0.0352517 9.9982E-05 0.95198
9.9982E-05 0.0127038 0.00960743 9.9982E-05 0.977489
9.9991E-05 0.24484 0.706096 0.00934938 0.0396147
9.9982E-05 9.9982E-05 0.923393 0.0648825 0.0115241
0.287675 0.357942 0.0361949 0.251614 0.0665738
0.975333 0.0243675 9.9973E-05 9.9973E-05 9.9973E-05
0.843916 0.0622914 9.9991E-05 0.0745414 0.0191507
9.9973E-05 0.806829 0.192871 9.9973E-05 9.9973E-05
0.00176538 0.821133 0.168195 0.00452319 0.00438364
0.0558688 0.727487 0.216444 9.9982E-05 9.9982E-05
9.9973E-05 9.9973E-05 0.00455285 9.9973E-05 0.995147
0.974747 0.0249528 9.9973E-05 9.9973E-05 9.9973E-05
9.9982E-05 0.747703 0.237295 0.0148017 9.9982E-05
0.197572 0.791307 9.9982E-05 9.9982E-05 0.0109214
9.9973E-05 9.9973E-05 0.965257 0.0344435 9.9973E-05
9.9973E-05 9.9973E-05 0.991196 9.9973E-05 0.00850365
0.038755 0.0824161 9.9991E-05 0.0555064 0.823223
0.0240074 0.114965 9.9991E-05 0.0424701 0.818458
0.00990933 0.0624327 0.0488818 0.0192985 0.859478
0.00575803 0.0219813 9.9982E-05 9.9982E-05 0.972061
9.9982E-05 0.00373106 0.00923177 9.9982E-05 0.986837
9.9973E-05 9.9973E-05 0.0138856 9.9973E-05 0.985815
9.9982E-05 0.00492193 9.9982E-05 0.0124954 0.982383
9.9973E-05 9.9973E-05 9.9973E-05 0.00153518 0.998165
9.9982E-05 0.00985695 0.0186917 9.9982E-05 0.971251
9.997E-05 9.997E-05 9.997E-05 9.997E-05 0.9996
9.9991E-05 0.00871561 0.00926114 0.0224721 0.959451
9.9991E-05 0.0403944 0.0182712 0.00392244 0.937312
0.00806397 0.00145578 0.0226274 0.00360388 0.964249
9.9982E-05 9.9982E-05 0.0532597 0.395262 0.551279
9.9973E-05 9.9973E-05 9.9973E-05 0.421994 0.577706
9.997E-05 9.997E-05 9.997E-05 9.997E-05 0.9996
9.9973E-05 0.0450739 9.9973E-05 9.9973E-05 0.954626
9.9973E-05 0.0567684 9.9973E-05 9.9973E-05 0.942932
0.00239176 0.00372643 9.9991E-05 0.045058 0.948724
9.99731E-05 0.000482563 9.99731E-05 9.99731E-05 0.999218
9.9982E-05 9.9982E-05 0.00500352 0.444472 0.550324
0.0135683 0.0207346 0.0358349 0.049434 0.880428
0.00493106 0.036008 0.0159593 0.0130334 0.930068
9.9973E-05 0.0457221 9.9973E-05 9.9973E-05 0.953978
0.0144297 0.0293547 9.9982E-05 9.9982E-05 0.956016
9.9991E-05 0.0211537 0.0351754 0.0441302 0.899441
9.9973E-05 0.0289082 9.9973E-05 9.9973E-05 0.970792
0.168496 0.207869 0.003197 0.620338 9.9991E-05
0.0287376 9.9982E-05 9.9982E-05 0.0246128 0.94645
9.9982E-05 9.9982E-05 0.00357844 0.0169985 0.979223
0.103485 0.074152 0.000291505 0.0921841 0.729887
9.997E-05 9.997E-05 9.997E-05 9.997E-05 0.9996
9.9991E-05 0.00367234 0.00106998 0.0127519 0.982406
9.9973E-05 0.0137617 9.9973E-05 9.9973E-05 0.985938
0.006562 9.9982E-05 9.9982E-05 0.0198218 0.973416
0.0038473 9.9991E-05 0.035524 0.911971 0.0485581
9.997E-05 9.997E-05 9.997E-05 9.997E-05 0.9996
9.9982E-05 0.0177809 0.00295111 9.9982E-05 0.979068
9.997E-05 9.997E-05 9.997E-05 9.997E-05 0.9996
9.9991E-05 0.0433605 0.334034 0.599129 0.0233767
0.027475 9.9982E-05 9.9982E-05 0.0168328 0.955492
9.9982E-05 0.0107047 0.0451994 9.9982E-05 0.943896
9.9982E-05 0.0159758 9.9982E-05 0.00682598 0.976998
9.9973E-05 9.9973E-05 0.00599731 9.9973E-05 0.993703
9.9991E-05 0.0526566 0.246686 0.668729 0.0318279
9.997E-05 9.997E-05 9.997E-05 9.997E-05 0.9996
9.9982E-05 0.0768979 9.9982E-05 0.00164464 0.921258
9.9982E-05 9.9982E-05 0.00715423 0.485408 0.507238
9.9982E-05 9.9982E-05 0.00917584 0.00519557 0.985429
9.9982E-05 9.9982E-05 0.741238 0.229859 0.0287035
0.0247725 9.9982E-05 0.696233 0.278795 9.9982E-05
0.0124478 9.9991E-05 0.879298 0.0748394 0.0333153
0.00966676 9.9991E-05 0.0454895 0.918482 0.0262613
0.0210026 0.740424 0.184952 9.9991E-05 0.0535212
0.00167436 9.9991E-05 0.886475 0.0814939 0.0302565
0.0679755 0.277002 0.465158 0.185061 0.00480261
0.0409111 9.9991E-05 0.752619 0.161643 0.0447265
0.028965 9.9991E-05 0.665997 0.291564 0.0133736
9.9982E-05 9.9982E-05 0.73338 0.247129 0.019291
0.0787579 9.9991E-05 0.647071 0.271859 0.00221223
0.0579571 9.9991E-05 0.587865 0.339757 0.0143212
0.0126295 9.9991E-05 0.949761 0.00778821 0.029721
0.0161665 0.0287631 0.907019 9.9991E-05 0.0479509
0.0145987 9.9982E-05 0.921275 9.9982E-05 0.0639258
0.0288083 0.071559 0.0456736 0.808718 0.0452413
0.807503 0.0377968 0.0116299 0.0367097 0.10636
0.744421 0.123002 9.9991E-05 0.0335567 0.0989204
0.874756 0.110373 0.0146708 9.9982E-05 9.9982E-05
0.0498878 0.332625 0.147708 0.363315 0.106463
0.783587 0.10985 9.9991E-05 0.0346951 0.0717685
0.750103 0.113348 0.0165196 0.0391317 0.0808985
0.0806802 0.148411 0.505193 0.130738 0.134978
0.847732 0.0303646 0.0166737 0.0430009 0.0622293
0.803414 0.0238881 0.0231421 0.0877069 0.0618492
0.83905 0.0517061 0.0225506 0.0314194 0.0552735
0.647975 0.107303 0.0123583 0.120297 0.112068
0.681103 0.0782682 0.028143 0.0769834 0.135502
0.795347 0.0514286 0.0411459 0.0682319 0.043847
9.9982E-05 0.921584 0.0633126 0.0149031 9.9982E-05
0.968635 9.9982E-05 9.9982E-05 0.0181544 0.0130104
9.9991E-05 0.0319283 0.00701724 0.945423 0.0155312
0.00924479 9.9991E-05 0.00272789 0.929062 0.0588655
0.979775 0.0169154 9.9982E-05 0.00310949 9.9982E-05
0.303857 0.112679 0.158802 0.245263 0.179399
0.0393807 0.708825 0.236296 0.0128397 0.00265882
0.119774 0.0333404 0.846686 9.9982E-05 9.9982E-05
9.9991E-05 0.0298943 0.114157 0.837974 0.0178753
0.252338 0.0492235 0.609818 0.0180212 0.0705992
0.0643701 0.681926 0.230357 0.00925888 0.014088
0.695821 0.0575663 0.0243829 0.107206 0.115024
9.9973E-05 0.882717 0.116983 9.9973E-05 9.9973E-05
0.165605 0.505144 0.105088 0.131329 0.0928334
9.9991E-05 0.00397079 0.0434933 0.929131 0.0233051
0.927416 9.9991E-05 0.0347257 0.0275783 0.0101801
0.457548 9.9973E-05 0.542152 9.9973E-05 9.9973E-05
0.951297 9.9982E-05 0.041042 0.00746085 9.9982E-05
0.159997 0.334793 0.392239 0.0559007 0.0570703
0.9996 9.997E-05 9.997E-05 9.997E-05 9.997E-05
9.9973E-05 0.718591 0.28111 9.9973E-05 9.9973E-05
0.8633 0.00937449 0.0697992 0.0508572 0.0066691
0.899537 9.9991E-05 0.0755524 0.00667084 0.0181394
0.0701924 9.9982E-05 0.0655424 0.864065 9.9982E-05
0.277742 0.129847 0.147688 0.423147 0.021576
0.105091 0.124133 0.38237 0.337077 0.0513295
0.626836 0.0627143 0.0560488 0.111687 0.142713
0.655032 0.0384992 0.0700839 0.0871184 0.149267
0.628048 0.0424327 0.0294341 0.134974 0.165111
0.593364 0.0574911 0.049806 0.122838 0.1765
9.9973E-05 0.0125968 9.9973E-05 0.987103 9.9973E-05
0.00811302 0.0350188 0.00909162 0.915447 0.0323294
9.9991E-05 0.0974796 0.0560199 0.796423 0.0499779
0.755982 0.107325 0.0309063 0.0259204 0.0798667
0.272304 0.122227 0.200434 0.225856 0.17918
0.102218 0.302753 9.9991E-05 0.405107 0.189823
0.0166075 0.0581059 0.092911 0.775972 0.0564031
0.0486985 0.100175 0.0759306 0.67951 0.0956853
0.0736515 0.0807925 0.00279689 0.779802 0.062957
0.118175 0.178306 0.00553563 0.528439 0.169545
0.119138 0.788445 0.0325329 0.0215121 0.0383717
0.00702325 0.0606659 0.878248 0.0417205 0.0123418
0.000685529 0.0642387 0.630313 0.257879 0.0468838
0.9996 9.997E-05 9.997E-05 9.997E-05 9.997E-05
0.942327 0.0573731 9.9973E-05 9.9973E-05 9.9973E-05
0.937646 0.0605417 0.00161219 9.9982E-05 9.9982E-05
0.735456 0.217955 9.9982E-05 9.9982E-05 0.0463891
0.48138 0.432577 9.9991E-05 0.0238462 0.0620967
0.481646 0.426653 9.9991E-05 0.029405 0.062196
0.0130274 0.0252879 9.9991E-05 0.947075 0.0145095
0.057165 0.063564 9.9991E-05 0.856731 0.0224397
9.9982E-05 9.9982E-05 0.011365 0.981108 0.00732709
0.00732418 0.69949 0.292986 9.9982E-05 9.9982E-05
0.9996 9.997E-05 9.997E-05 9.997E-05 9.997E-05
0.9996 9.997E-05 9.997E-05 9.997E-05 9.997E-05
0.9996 9.997E-05 9.997E-05 9.997E-05 9.997E-05
0.989203 9.9973E-05 0.0104974 9.9973E-05 9.9973E-05
0.990058 9.9973E-05 0.00964199 9.9973E-05 9.9973E-05
0.0982405 0.0620171 0.839542 9.9982E-05 9.9982E-05
0.630633 0.136107 9.9991E-05 0.113662 0.119497
9.9973E-05 0.777623 0.222077 9.9973E-05 9.9973E-05
0.0695965 0.0816519 0.848552 9.9982E-05 9.9982E-05
0.0539551 0.122661 9.9982E-05 0.823184 9.9982E-05
9.9973E-05 0.0174327 0.982267 9.9973E-05 9.9973E-05
9.9982E-05 0.11087 0.881828 9.9982E-05 0.00710209
9.9982E-05 0.1281 0.871168 9.9982E-05 0.000531732
0.996307 9.9973E-05 0.00339354 9.9973E-05 9.9973E-05
0.9996 9.997E-05 9.997E-05 9.997E-05 9.997E-05
0.604375 0.290497 0.0145303 0.0583437 0.0322541
0.987145 9.9982E-05 0.00454147 9.9982E-05 0.0081133
0.9996 9.997E-05 9.997E-05 9.997E-05 9.997E-05
0.453842 9.9982E-05 0.542204 9.9982E-05 0.00375342
0.977796 0.0128886 9.9982E-05 0.00911562 9.9982E-05
0.956936 0.013945 9.9982E-05 0.0289193 9.9982E-05
0.418425 0.433004 9.9991E-05 0.0994821 0.0489886
9.9982E-05 0.716826 0.26081 9.9982E-05 0.0221635
0.8593 0.0571065 0.0833939 9.9982E-05 9.9982E-05
0.167756 9.9991E-05 0.0483049 0.32543 0.458409
0.827146 0.0284391 0.144214 9.9982E-05 9.9982E-05
0.9996 9.997E-05 9.997E-05 9.997E-05 9.997E-05
0.0642945 0.0238282 0.911677 9.9982E-05 9.9982E-05
0.284773 0.0652131 0.649814 9.9982E-05 9.9982E-05
9.9982E-05 0.817073 0.179586 0.00314087 9.9982E-05
0.0316426 0.968057 9.9973E-05 9.9973E-05 9.9973E-05
9.9973E-05 9.9973E-05 0.93203 0.0676703 9.9973E-05
9.9991E-05 0.854031 0.129991 0.0110014 0.00487707
0.00613266 0.686046 0.284196 0.0235261 9.9991E-05
0.00399258 0.691407 0.3044 9.9982E-05 9.9982E-05
9.997E-05 0.9996 9.997E-05 9.997E-05 9.997E-05
0.107975 0.549609 0.335152 0.00170276 0.0055616
9.9973E-05 0.789633 0.210067 9.9973E-05 9.9973E-05
0.415072 0.423052 9.9991E-05 0.0924419 0.0693338
9.9982E-05 9.9982E-05 0.0463319 0.948242 0.00522625
0.0471463 0.14646 9.9982E-05 0.806193 9.9982E-05
9.997E-05 9.997E-05 9.997E-05 9.997E-05 0.9996
0.0731481 0.201685 0.0156523 0.709415 9.9991E-05
9.9982E-05 9.9982E-05 0.109993 0.877729 0.0120776
9.9982E-05 0.420745 0.223192 0.355863 9.9982E-05
9.9982E-05 9.9982E-05 0.0857925 0.897125 0.0168829
0.0257511 0.0903221 0.540366 0.293104 0.0504565
9.9973E-05 0.0326314 9.9973E-05 0.967069 9.9973E-05
0.034106 0.618041 0.0227486 0.199627 0.125477
0.0136113 0.704295 0.186225 0.0957685 9.9991E-05
0.0418612 0.412455 0.300353 0.20781 0.0375211
0.0130463 0.0299348 0.0494703 0.903911 0.00363736
0.9996 9.997E-05 9.997E-05 9.997E-05 9.997E-05
9.9973E-05 9.9973E-05 0.951616 0.0480843 9.9973E-05
0.0812326 0.635945 9.9991E-05 0.177805 0.104917
9.9982E-05 0.0226393 0.937828 0.0393331 9.9982E-05
0.9996 9.997E-05 9.997E-05 9.997E-05 9.997E-05
9.9982E-05 0.73999 0.25858 9.9982E-05 0.00122949
9.9973E-05 0.0214735 9.9973E-05 9.9973E-05 0.978227
0.0998042 0.104973 0.0118987 0.0713772 0.711947
9.9982E-05 0.0142741 9.9982E-05 0.963236 0.0222895
9.9991E-05 0.0549997 0.646643 0.246452 0.0518062
9.99729E-05 0.821095 0.178605 9.99729E-05 9.99729E-05
9.9973E-05 0.792657 0.207043 9.9973E-05 9.9973E-05
0.182791 0.150438 0.66009 0.00658148 9.9991E-05
9.9991E-05 0.0313175 0.648953 0.296356 0.0232731
0.959434 0.040266 9.9973E-05 9.9973E-05 9.9973E-05
0.471606 0.447003 9.9991E-05 0.0253268 0.055964
0.908481 0.0284791 0.0463399 9.9991E-05 0.0166
0.604068 0.0552041 0.0391276 0.123944 0.177657
0.564818 0.103099 0.0769329 0.0881123 0.167037
0.723784 0.142866 9.9991E-05 0.0714276 0.0618216
0.476311 0.440428 9.9991E-05 0.0135002 0.0696604
0.607194 0.138633 0.0228448 0.100321 0.131008
0.743484 0.112528 9.9991E-05 0.0995168 0.0443715
0.212825 0.597314 9.9991E-05 0.112355 0.0774063
0.764966 0.158826 9.9991E-05 0.0676516 0.00845609
0.215777 0.544476 9.9991E-05 0.151458 0.0881886
9.9982E-05 0.874466 0.112681 9.9982E-05 0.0126526
0.259827 0.548694 0.0916019 0.00532735 0.0945498
0.612466 0.23017 0.0419217 0.0285903 0.0868523
0.549725 0.259871 0.0759457 0.0545741 0.0598839
0.470734 0.437845 9.9991E-05 0.0238312 0.0674899
0.755802 0.104352 0.0212144 0.0215429 0.0970886
0.000232064 9.9991E-05 0.821526 0.162407 0.0157347
0.970865 0.0263688 0.00256583 9.9982E-05 9.9982E-05
0.555968 0.16515 0.0347644 0.112672 0.131445
0.756862 0.136705 9.9991E-05 0.0444818 0.0618517
0.658436 0.079689 9.9991E-05 0.106209 0.155566
0.689921 0.0646338 0.0508171 0.0613923 0.133236
0.0645835 0.176988 9.9982E-05 0.758228 9.9982E-05
0.0470508 0.0339867 0.463889 0.384579 0.0704937
0.982316 0.0173844 9.9973E-05 9.9973E-05 9.9973E-05
9.9982E-05 0.00399434 0.917068 0.0787378 9.9982E-05
0.074745 0.168015 0.0191534 0.737986 9.9991E-05
0.010699 0.965236 9.9982E-05 9.9982E-05 0.0238647
0.9996 9.997E-05 9.997E-05 9.997E-05 9.997E-05
0.9996 9.997E-05 9.997E-05 9.997E-05 9.997E-05
0.999502 9.9973E-05 0.000197586 9.9973E-05 9.9973E-05
0.9996 9.997E-05 9.997E-05 9.997E-05 9.997E-05
0.00228843 0.698245 0.296075 0.00329171 9.9991E-05
0.941502 9.9982E-05 9.9982E-05 0.0488426 0.00945588
0.0557445 0.163078 9.9982E-05 0.780978 9.9982E-05
9.9973E-05 0.0233088 9.9973E-05 0.976391 9.9973E-05
9.9991E-05 0.00961584 0.0490744 0.920423 0.0207869
0.00741274 9.9982E-05 9.9982E-05 0.965565 0.0268225
9.9982E-05 9.9982E-05 0.0629143 0.896161 0.0407248
0.521095 0.126014 0.0577867 0.127491 0.167613
0.496925 0.103862 0.0415189 0.142217 0.215477
0.551456 0.0920348 0.0413534 0.159472 0.155684
0.678567 9.9982E-05 9.9982E-05 0.146075 0.175158
0.660783 0.00793907 0.0292684 0.117597 0.184412
0.177313 0.631823 0.0516493 0.0594999 0.0797155
0.60496 0.00519081 0.0819267 0.100167 0.207755
0.355068 0.152014 0.245166 0.237295 0.010457
0.671299 9.9991E-05 0.0512016 0.0949588 0.182441
0.698366 9.9991E-05 0.0216559 0.115722 0.164157
0.680232 0.00101365 0.0272708 0.0880064 0.203477
0.749099 9.9991E-05 0.054259 0.0988679 0.0976745
0.697339 9.9991E-05 0.0821197 0.0526416 0.167799
0.661257 9.9991E-05 0.0425813 0.118006 0.178056
9.9982E-05 9.9982E-05 0.865373 0.130113 0.0043143
0.0300335 0.0843693 0.567701 0.269033 0.0488632
0.0118765 0.114952 0.110095 0.728934 0.0341427
9.9982E-05 9.9982E-05 0.0723262 0.905663 0.021811
9.9982E-05 0.813977 0.0991426 0.0866802 9.9982E-05
0.0349944 0.0409438 0.0801689 0.797218 0.0466746
0.00694695 9.9991E-05 0.942102 0.0459407 0.00491065
9.9973E-05 9.9973E-05 0.917187 0.082513 9.9973E-05
9.9973E-05 0.976782 0.0229177 9.9973E-05 9.9973E-05
0.0533742 0.100451 0.0416798 0.734771 0.0697238
0.0492401 0.146336 0.174299 0.525902 0.104223
0.00656031 0.797019 9.99911E-05 0.115317 0.0810031
9.9991E-05 0.956126 0.0219094 0.00765749 0.0142068
0.0120705 0.776228 0.10024 0.10864 0.00282169
0.119139 0.0861807 0.541399 0.252468 0.000813213
9.9991E-05 0.903507 0.0705803 0.0191877 0.00662536
0.00457129 0.00020309 0.938502 0.0427209 0.014003
0.0236501 0.968007 9.9982E-05 9.9982E-05 0.00814285
0.0219835 0.931308 9.9982E-05 9.9982E-05 0.0465081
0.498683 0.415256 9.9991E-05 0.00964031 0.0763204
9.9973E-05 0.97766 0.0220401 9.9973E-05 9.9973E-05
9.997E-05 0.9996 9.997E-05 9.997E-05 9.997E-05
9.9991E-05 0.968315 0.00832032 0.00489842 0.0183662
0.108244 0.474493 0.0617716 0.206481 0.14901
0.0132449 0.0388866 0.783016 0.164752 9.9991E-05
0.0354929 0.0458403 0.888088 0.0269585 0.00362071
0.00380302 0.0992536 0.854688 0.0421555 9.9991E-05
9.9982E-05 9.9982E-05 0.880295 0.107066 0.0124393
0.951739 0.0479612 9.9973E-05 9.9973E-05 9.9973E-05
0.608287 0.272821 0.0345746 0.0365627 0.0477542
0.0237002 9.9991E-05 0.184779 0.771594 0.0198265
9.9991E-05 0.113354 0.528681 0.312314 0.0455516
0.20705 0.633832 0.0527588 0.0302772 0.0760818
0.229734 0.614176 0.0503851 0.022884 0.0828214
0.0416218 0.0184814 9.9991E-05 0.935526 0.00427116
0.0428161 0.178466 0.00622073 0.772397 9.9991E-05
0.488304 0.114036 0.296809 0.0226605 0.0781901
0.150448 0.410844 0.431955 0.00665393 9.9991E-05
9.9982E-05 0.0435142 0.132392 0.823893 9.9982E-05
0.0895449 0.467224 9.9991E-05 0.295345 0.147786
0.237113 0.562897 0.101338 9.9991E-05 0.0985523
0.0932738 0.502277 0.0565194 0.197543 0.150387
0.116891 0.377029 0.050155 0.2984 0.157525
0.00503738 9.9982E-05 9.9982E-05 0.90859 0.0861731
0.0504449 0.0114836 9.9991E-05 0.927863 0.0101081
9.9973E-05 9.9973E-05 9.9973E-05 0.977167 0.022533
9.9991E-05 0.0252638 0.0562048 0.874656 0.0437757
9.9973E-05 9.9973E-05 9.9973E-05 0.961391 0.038309
9.9973E-05 9.9973E-05 0.0733973 0.926303 9.9973E-05
0.130327 0.159183 9.9991E-05 0.544111 0.166279
0.204472 0.331298 0.0304515 0.288525 0.145254
0.00198118 0.0150489 9.9982E-05 0.98277 9.9982E-05
0.140323 0.461858 9.9991E-05 0.273802 0.123917
0.110993 0.537356 0.0634103 0.173456 0.114785
0.81861 0.07939 0.0115225 0.0194916 0.070986
0.803069 0.117324 9.9991E-05 0.0312823 0.0482242
0.81381 0.0649556 0.0202666 0.0249658 0.0760017
0.820088 0.0662916 9.9991E-05 0.0274845 0.0860359
0.794093 0.050959 9.9991E-05 0.0797174 0.075131
0.84339 0.0503426 0.0156642 0.0302958 0.0603076
0.825577 0.0718614 0.00689742 0.0146314 0.0810326
0.045659 0.94438 9.9982E-05 9.9982E-05 0.0097608
9.9973E-05 0.989886 9.9973E-05 9.9973E-05 0.00981383
0.450455 0.484917 9.9991E-05 0.0264625 0.038065
0.457002 0.487714 9.9991E-05 0.0158122 0.0393721
0.0633384 0.0131076 0.0319239 0.879671 0.0119589
0.0555985 0.0764063 9.9991E-05 0.815771 0.0521245
9.997E-05 9.997E-05 9.997E-05 0.9996 9.997E-05
0.9996 9.997E-05 9.997E-05 9.997E-05 9.997E-05
0.9996 9.997E-05 9.997E-05 9.997E-05 9.997E-05
0.9996 9.997E-05 9.997E-05 9.997E-05 9.997E-05
0.99824 9.9973E-05 0.00145964 9.9973E-05 9.9973E-05
0.531412 0.263111 0.187597 0.0177809 9.9991E-05
0.681606 0.1532 0.0927446 0.0690309 0.00341799
0.792143 0.0435182 0.0536745 0.0341088 0.0765554
0.9996 9.997E-05 9.997E-05 9.997E-05 9.997E-05
0.9996 9.997E-05 9.997E-05 9.997E-05 9.997E-05
0.9996 9.997E-05 9.997E-05 9.997E-05 9.997E-05
0.98474 9.9973E-05 9.9973E-05 0.0149601 9.9973E-05
0.202031 0.13961 0.332572 0.184784 0.141002
9.9982E-05 0.00409527 9.9982E-05 0.980793 0.0149117
0.0535138 0.938455 9.9991E-05 0.00710974 0.000821258
0.036784 0.0685217 0.153693 0.679665 0.061337
9.9991E-05 0.820583 0.119511 0.0573038 0.00250251
0.936804 0.0564606 0.00653573 9.9982E-05 9.9982E-05
0.758287 0.0465831 0.03884 0.0705857 0.085704
0.876925 0.0843184 0.000634834 0.0134597 0.0246616
0.119017 0.460576 9.9991E-05 0.298033 0.122275
0.201167 0.521253 9.9991E-05 0.125535 0.151946
0.0214469 0.0658807 0.350133 0.521196 0.0413439
9.9982E-05 0.905397 0.0911105 0.00329231 9.9982E-05
0.638337 9.9991E-05 0.0631519 0.134117 0.164294
0.665143 0.0374796 0.000866351 0.137639 0.158872
0.672423 0.0191941 0.0102264 0.11467 0.183487
0.699724 0.0204974 0.0385129 0.0850739 0.156192
0.667967 9.9991E-05 0.0163342 0.124732 0.190867
0.671191 9.9991E-05 0.0233065 0.135064 0.170338
0.0547209 0.875604 9.9982E-05 9.9982E-05 0.069475
0.718931 0.0827819 9.9991E-05 0.0950184 0.103169
0.954073 0.0106427 9.9982E-05 0.0350848 9.9982E-05
0.9996 9.997E-05 9.997E-05 9.997E-05 9.997E-05
0.9996 9.997E-05 9.997E-05 9.997E-05 9.997E-05
0.994194 9.9973E-05 9.9973E-05 9.9973E-05 0.00550569
0.694197 9.9982E-05 9.9982E-05 0.118553 0.187051
0.642984 9.9991E-05 0.0400154 0.130426 0.186474
0.786173 9.9991E-05 0.0472787 0.0774289 0.0890195
0.762487 9.9991E-05 0.063232 0.0501958 0.123985
0.735315 9.9991E-05 0.0389698 0.0947202 0.130895
0.783839 9.9991E-05 0.0890382 0.0577986 0.0692244
0.489787 9.9991E-05 0.0788654 0.369016 0.0622314
9.9991E-05 0.075034 0.0740553 0.830956 0.019855
0.0463127 9.9982E-05 0.188966 0.764521 9.9982E-05
9.9982E-05 9.9982E-05 0.114911 0.849654 0.0352354
9.9982E-05 9.9982E-05 0.0287205 0.939062 0.0320181
0.633548 0.0340637 0.0817779 0.0809627 0.169648
0.637647 0.0247398 0.0241588 0.116338 0.197116
0.743029 9.9991E-05 0.0557397 0.0754985 0.125633
0.731362 0.0303276 0.0268187 0.0887231 0.122769
0.639685 0.0241487 0.0449846 0.0867424 0.204439
0.668169 0.0563123 0.0165335 0.0839271 0.175058
0.704463 9.9991E-05 0.027355 0.100526 0.167557
0.752878 0.0614282 0.00691235 0.072187 0.106595
9.9982E-05 0.725596 0.231386 0.0428176 9.9982E-05
9.9982E-05 0.630048 0.367416 9.9982E-05 0.0023356
9.9982E-05 0.717437 0.267048 9.9982E-05 0.0153147
0.00666699 0.720031 0.218433 0.0547686 9.9991E-05
0.733871 0.125871 0.0258387 0.0853541 0.0290646
0.847012 0.0383301 9.9991E-05 0.0636206 0.0509372
0.875706 0.0454776 0.0131199 0.0298137 0.0358829
0.856919 0.102066 0.0320994 0.00881531 9.9991E-05
0.477341 0.128504 0.0570388 0.140539 0.196577
0.610536 0.365941 9.9982E-05 9.9982E-05 0.0233227
0.626459 0.0519544 0.0515467 0.10487 0.16517
0.794087 0.0157394 0.0706111 0.0425222 0.0770402
0.749491 0.0354156 0.0310431 0.0738824 0.110168
0.0474374 0.422022 0.0123619 0.480677 0.0375018
0.173092 0.72816 0.0216841 0.0160939 0.0609692
9.9982E-05 0.03292 0.0978124 0.869068 9.9982E-05
9.9982E-05 9.9982E-05 0.888135 0.0972204 0.0144443
0.00157858 0.0108586 0.66692 0.290914 0.029729
0.0266052 0.0427331 0.42091 0.492394 0.0173571
0.0209127 0.50398 0.0707453 0.386819 0.0175429
9.9973E-05 9.9973E-05 0.0865924 0.913108 9.9973E-05
0.0131102 9.9982E-05 0.0272858 0.959404 9.9982E-05
0.0183721 9.9991E-05 0.0412262 0.888006 0.0522953
9.9982E-05 9.9982E-05 0.0872684 0.901601 0.0109309
0.449639 0.198461 0.0493607 0.139897 0.162643
0.264682 0.146999 0.0733297 0.456878 0.0581106
0.513399 0.141223 9.99911E-05 0.285681 0.0595975
0.588722 0.203759 9.9991E-05 0.0930217 0.114397
0.106973 0.205589 0.0924599 0.526226 0.0687513
9.9982E-05 0.036483 9.9982E-05 0.951985 0.0113324
0.808073 0.0978088 9.9991E-05 0.0257376 0.0682808
0.0231206 0.068017 0.0867975 0.733241 0.0888238
9.9973E-05 9.9973E-05 0.873636 0.126064 9.9973E-05
0.0102818 0.0159732 0.956435 9.9991E-05 0.0172105
9.9973E-05 9.9973E-05 0.0516064 0.948094 9.9973E-05
0.106785 0.19891 0.00214964 0.158789 0.533366
0.0331365 0.0945853 0.361821 0.495327 0.0151297
0.00525419 9.9982E-05 0.919125 0.0754213 9.9982E-05
9.9991E-05 0.140373 0.168727 0.665913 0.0248877
0.0976631 0.199561 0.0637272 0.129907 0.509142
9.9973E-05 9.9973E-05 9.9973E-05 0.00597284 0.993727
0.943672 0.0438857 9.9982E-05 0.0122419 9.9982E-05
0.102588 0.15432 0.674089 0.0548233 0.0141805
0.267694 0.522255 0.0767695 0.0254927 0.107789
0.0756569 0.841989 9.9991E-05 0.0377345 0.0445193
0.0505225 0.819579 9.9991E-05 0.0993649 0.0304338
9.9982E-05 0.0664574 0.9169 9.9982E-05 0.0164423
0.961829 9.9973E-05 0.0378713 9.9973E-05 9.9973E-05
0.459559 0.398812 0.017072 0.0557897 0.0687677
9.9973E-05 0.77069 0.22901 9.9973E-05 9.9973E-05
9.9982E-05 0.0106837 0.974691 0.0144255 9.9982E-05
9.9991E-05 0.78612 0.198648 0.00543455 0.00969707
0.241198 0.570704 0.0643915 0.00854718 0.115159
0.253027 0.541987 0.0893195 0.00433591 0.111331
0.653962 0.213834 0.0319464 0.0915571 0.00870089
0.843898 0.0541441 0.0549271 0.0459781 0.00105244
0.420604 0.502481 9.9991E-05 0.0493859 0.0274293
0.124617 0.837509 9.9991E-05 0.0115023 0.026272
9.9982E-05 0.0286568 0.935106 0.0360377 9.9982E-05
9.9982E-05 0.0531665 0.929019 0.017615 9.9982E-05
0.0892736 0.307067 0.0509184 0.388841 0.163901
0.593667 0.287013 0.0596955 0.0275386 0.0320862
0.0606786 0.924096 9.9982E-05 9.9982E-05 0.0150252
9.9982E-05 0.00639207 9.9982E-05 0.973639 0.0197688
0.450382 0.431724 9.9991E-05 0.0790464 0.038747
0.195868 0.331706 0.0301364 0.401895 0.0403942
0.617775 0.0956423 9.99911E-05 0.0846931 0.20179
0.130687 0.143474 0.0442928 0.542039 0.139507
0.00877044 0.429147 0.506921 9.9991E-05 0.0550622
0.0576264 0.618684 9.9991E-05 0.213613 0.109977
9.9973E-05 0.00407465 9.9973E-05 0.995625 9.9973E-05
0.0274027 0.0294691 9.9982E-05 0.942928 9.9982E-05
9.9982E-05 0.0212706 0.964228 0.0143019 9.9982E-05
9.9973E-05 9.9973E-05 9.9973E-05 0.994023 0.00567731
0.122933 0.158642 0.0178922 0.603261 0.0972719
0.00772677 0.0165445 0.0773584 0.852936 0.0454338
0.0203022 0.0812855 0.0794568 0.818856 9.9991E-05
0.229795 0.533104 0.100102 0.00809842 0.128901
0.973126 0.0168109 9.9982E-05 0.0098627 9.9982E-05
0.9996 9.997E-05 9.997E-05 9.997E-05 9.997E-05
0.0200789 0.0177171 0.835725 0.126379 9.9991E-05
0.993468 9.9973E-05 0.00623159 9.9973E-05 9.9973E-05
0.0075748 0.0066037 9.9991E-05 0.0655518 0.92017
0.00571029 9.9982E-05 0.0162527 9.9982E-05 0.977837
0.197118 0.0392141 0.0773238 0.197363 0.48898
0.0359694 0.163406 9.9982E-05 0.800425 9.9982E-05
9.997E-05 9.997E-05 9.997E-05 9.997E-05 0.9996
9.997E-05 9.997E-05 9.997E-05 9.997E-05 0.9996
9.997E-05 9.997E-05 9.997E-05 9.997E-05 0.9996
9.9973E-05 9.9973E-05 0.00300867 9.9973E-05 0.996691
9.997E-05 9.997E-05 9.997E-05 9.997E-05 0.9996
0.00580968 0.0208455 0.973145 9.9982E-05 9.9982E-05
0.0905165 0.870318 9.9982E-05 9.9982E-05 0.0389658
9.9982E-05 0.717286 0.268777 9.9982E-05 0.0137366
9.99729E-05 0.818084 0.181616 9.99729E-05 9.99729E-05
0.00288987 0.104716 0.418755 0.473538 9.9991E-05
9.9991E-05 0.0183877 0.927452 0.000518591 0.0535417
0.0659804 0.897001 9.9991E-05 0.00328844 0.0336297
9.9991E-05 0.782991 0.158013 0.00989546 0.0490008
0.00238408 0.671318 0.326098 9.9982E-05 9.9982E-05
9.9973E-05 0.976085 9.9973E-05 9.9973E-05 0.0236147
9.9973E-05 0.0588387 9.9973E-05 9.9973E-05 0.940861
0.172891 0.112077 0.565981 0.131316 0.0177364
0.0427477 0.0366828 0.0556858 0.843585 0.0212991
0.00931198 0.0414218 0.00483099 0.89799 0.0464457
0.0699216 0.0850513 0.0655527 0.719264 0.0602109
9.9982E-05 0.0214562 0.898958 0.0793858 9.9982E-05
0.0126114 0.209527 0.754358 9.9991E-05 0.0234027
0.9996 9.997E-05 9.997E-05 9.997E-05 9.997E-05
0.293328 0.160323 0.265803 0.234208 0.0463386
0.0229305 0.460323 0.487791 9.9991E-05 0.0288548
