9.9946E-05 0.108141 0.803115 9.9946E-05 0.0700766 9.9946E-05 9.9946E-05 9.9946E-05 9.9946E-05 0.0180672
9.9946E-05 0.256633 0.439368 9.9946E-05 0.302104 9.9946E-05 9.9946E-05 9.9946E-05 0.00129568 9.9946E-05
9.9973E-05 0.194634 0.365148 9.9973E-05 0.335771 0.0127995 0.0536418 9.9973E-05 0.0198899 0.0178161
9.9946E-05 0.121752 0.8019 9.9946E-05 0.0479245 9.9946E-05 9.9946E-05 9.9946E-05 9.9946E-05 0.0278234
0.0117101 9.9946E-05 9.9946E-05 9.9946E-05 0.879986 9.9946E-05 0.0158288 9.9946E-05 0.0918752 9.9946E-05
9.9946E-05 0.290348 0.416956 9.9946E-05 0.277172 0.0149238 9.9946E-05 9.9946E-05 9.9946E-05 9.9946E-05
0.510495 9.99461E-05 9.99461E-05 0.0288909 9.99461E-05 0.00272905 9.99461E-05 0.457286 9.99461E-05 9.99461E-05
0.969341 0.00898647 0.0167504 9.9946E-05 9.9946E-05 9.9946E-05 9.9946E-05 0.00432288 9.9946E-05 9.9946E-05
0.97579 0.0152867 0.00379035 9.9946E-05 0.00453328 9.9946E-05 9.9946E-05 9.9946E-05 9.9946E-05 9.9946E-05
0.990141 9.9946E-05 9.9946E-05 0.00114749 0.00341072 9.9946E-05 9.9946E-05 9.9946E-05 0.00470064 9.9946E-05
9.9955E-05 9.9955E-05 0.047739 9.9955E-05 0.0382893 9.9955E-05 0.811298 0.0833105 9.9955E-05 0.0188632
0.0208048 9.9955E-05 0.0430236 0.00965421 9.9955E-05 9.9955E-05 0.895974 0.0300434 9.9955E-05 9.9955E-05
0.012341 9.99461E-05 0.0185448 9.99461E-05 9.99461E-05 9.99461E-05 0.880416 0.088099 9.99461E-05 9.99461E-05
9.9937E-05 9.9937E-05 9.9937E-05 9.9937E-05 9.9937E-05 9.9937E-05 0.905539 0.0713012 0.0224601 9.9937E-05
0.00248962 9.9973E-05 0.0233724 0.0890841 9.9973E-05 0.80953 9.9973E-05 0.00458243 0.0582405 0.0124013
0.982348 9.99371E-05 0.0081593 9.99371E-05 9.99371E-05 9.99371E-05 9.99371E-05 0.00879344 9.99371E-05 9.99371E-05
0.030254 9.9955E-05 0.0697497 0.00851288 9.9955E-05 9.9955E-05 9.9955E-05 0.88497 9.9955E-05 0.00601362
9.99461E-05 9.99461E-05 0.0202452 9.99461E-05 0.00535533 0.89877 0.0750296 9.99461E-05 9.99461E-05 9.99461E-05
9.9973E-05 9.9973E-05 0.0970178 0.0311795 9.9973E-05 0.565683 0.19779 0.00914296 0.0620195 0.036868
0.0295535 9.9964E-05 9.9964E-05 0.00768345 9.9964E-05 0.362485 0.588021 0.00479337 9.9964E-05 0.00706404
0.0311116 9.9955E-05 9.9955E-05 0.0421282 9.9955E-05 0.777576 0.0592371 9.9955E-05 0.0894478 9.9955E-05
0.0298034 0.0178637 9.9955E-05 9.9955E-05 9.9955E-05 0.0535565 0.888509 9.9955E-05 9.9955E-05 0.00976751
0.00440008 0.00176734 0.0254555 9.9964E-05 9.9964E-05 0.892788 0.0642327 0.0109571 9.9964E-05 9.9964E-05
0.0143474 0.0323844 9.9955E-05 0.0704094 9.9955E-05 0.0902601 0.792099 9.9955E-05 9.9955E-05 9.9955E-05
9.9937E-05 9.9937E-05 0.0598154 9.9937E-05 9.9937E-05 0.0399255 0.89956 9.9937E-05 9.9937E-05 9.9937E-05
9.99371E-05 9.99371E-05 0.0318258 9.99371E-05 9.99371E-05 0.942455 9.99371E-05 9.99371E-05 0.0250195 9.99371E-05
0.0239824 9.9946E-05 9.9946E-05 0.0318116 9.9946E-05 0.840364 0.103242 9.9946E-05 9.9946E-05 9.9946E-05
9.9964E-05 0.0556475 0.0655891 9.9964E-05 9.9964E-05 0.571638 0.270244 9.9964E-05 0.0288841 0.00759823
0.0102063 9.9946E-05 9.9946E-05 9.9946E-05 9.9946E-05 0.914375 0.0268626 9.9946E-05 9.9946E-05 0.0479568
9.9964E-05 0.0102253 0.00266537 0.00634962 9.9964E-05 0.92327 0.0483326 9.9964E-05 9.9964E-05 0.00875686
9.9964E-05 0.00984853 0.012132 9.9964E-05 9.9964E-05 0.01968 0.920421 9.9964E-05 0.0278372 0.00968113
9.99281E-05 9.99281E-05 9.99281E-05 9.99281E-05 9.99281E-05 9.99281E-05 0.81744 0.18176 9.99281E-05 9.99281E-05
9.99461E-05 0.00268801 0.010652 9.99461E-05 9.99461E-05 0.885972 0.100089 9.99461E-05 9.99461E-05 9.99461E-05
0.0221522 0.00100712 0.053354 9.9973E-05 9.9973E-05 0.138609 0.72411 0.018886 0.0415823 9.9973E-05
9.9946E-05 9.9946E-05 0.0377685 9.9946E-05 0.00849217 0.923188 0.0299512 9.9946E-05 9.9946E-05 9.9946E-05
9.9937E-05 9.9937E-05 0.0129389 9.9937E-05 9.9937E-05 0.0196571 0.966704 9.9937E-05 9.9937E-05 9.9937E-05
9.9955E-05 0.0107445 9.9955E-05 0.0033205 0.011867 0.895555 0.0780133 9.9955E-05 9.9955E-05 9.9955E-05
0.00388148 9.9964E-05 0.0145349 9.9964E-05 9.9964E-05 0.0229874 0.914458 9.9964E-05 0.00424064 0.0394977
9.9955E-05 0.0746959 9.9955E-05 0.661282 0.0820953 9.9955E-05 9.9955E-05 9.9955E-05 0.11138 0.0700468
9.9928E-05 0.350964 9.9928E-05 9.9928E-05 0.648237 9.9928E-05 9.9928E-05 9.9928E-05 9.9928E-05 9.9928E-05
9.9955E-05 0.00296603 9.9955E-05 0.00194557 0.0907951 9.9955E-05 0.732889 0.170905 9.9955E-05 9.9955E-05
9.9937E-05 9.9937E-05 9.9937E-05 9.9937E-05 9.9937E-05 0.940102 0.0461431 0.0130558 9.9937E-05 9.9937E-05
9.9955E-05 9.9955E-05 0.00675596 9.9955E-05 9.9955E-05 0.0517618 0.905565 9.9955E-05 0.0160568 0.0193605
9.9955E-05 0.563234 0.0153983 0.0290935 9.9955E-05 9.9955E-05 9.9955E-05 0.307074 9.9955E-05 0.0847001
0.0259079 9.9973E-05 0.094143 0.0343096 9.9973E-05 0.55828 0.212879 9.9973E-05 0.0530582 0.0211222
0.0208624 9.9973E-05 0.0282833 9.9973E-05 9.9973E-05 0.385946 0.427085 0.0720293 0.0481449 0.0173495
0.0339191 9.9964E-05 9.9964E-05 0.0430319 0.0291733 0.841158 0.0521048 9.9964E-05 9.9964E-05 0.000212753
9.9955E-05 0.280331 0.319008 9.9955E-05 0.340776 0.0352348 9.9955E-05 9.9955E-05 9.9955E-05 0.024151
9.9973E-05 0.25449 0.0248366 0.033977 0.0850927 9.9973E-05 0.00281361 9.9973E-05 0.0925301 0.505961
9.99369E-05 9.99369E-05 0.332789 0.449706 9.99369E-05 9.99369E-05 9.99369E-05 0.216805 9.99369E-05 9.99369E-05
9.99369E-05 9.99369E-05 0.842487 9.99369E-05 9.99369E-05 9.99369E-05 0.0736793 0.0831343 9.99369E-05 9.99369E-05
9.99549E-05 9.99549E-05 0.688628 0.103128 9.99549E-05 9.99549E-05 0.106838 0.0945141 0.00639167 9.99549E-05
9.99369E-05 9.99369E-05 0.900419 0.0346271 9.99369E-05 9.99369E-05 9.99369E-05 0.0642541 9.99369E-05 9.99369E-05
0.950537 9.99461E-05 0.012029 9.99461E-05 0.0134173 9.99461E-05 0.0234166 9.99461E-05 9.99461E-05 9.99461E-05
0.939531 9.9946E-05 9.9946E-05 0.0458191 0.0138899 9.9946E-05 0.000159866 9.9946E-05 9.9946E-05 9.9946E-05
0.0183548 9.99461E-05 9.99461E-05 9.99461E-05 9.99461E-05 0.000701604 0.529168 0.451176 9.99461E-05 9.99461E-05
0.0136373 9.9964E-05 0.0240086 0.00506085 9.9964E-05 0.0272649 0.923477 9.9964E-05 0.00615155 9.9964E-05
9.99459E-05 9.99459E-05 0.0224367 9.99459E-05 9.99459E-05 0.163737 0.0329908 9.99459E-05 0.780236 9.99459E-05
9.9946E-05 0.00845354 0.0236916 9.9946E-05 0.856553 9.9946E-05 9.9946E-05 9.9946E-05 0.110702 9.9946E-05
9.99459E-05 0.188557 9.99459E-05 9.99459E-05 0.342979 9.99459E-05 9.99459E-05 9.99459E-05 0.277008 0.190855
9.9937E-05 0.0342679 0.0266129 9.9937E-05 9.9937E-05 9.9937E-05 9.9937E-05 0.93842 9.9937E-05 9.9937E-05
0.00508943 9.9973E-05 0.0613722 0.22053 0.0216187 0.00864039 0.0155993 0.66685 9.9973E-05 9.9973E-05
0.00706565 0.0169439 0.0463563 0.192363 9.9973E-05 9.9973E-05 0.03727 0.651222 9.9973E-05 0.0484791
0.954808 9.9955E-05 9.9955E-05 0.0302727 9.9955E-05 0.00576193 0.00735257 0.00130537 9.9955E-05 9.9955E-05
9.9937E-05 0.0700373 9.9937E-05 9.9937E-05 0.773387 9.9937E-05 9.9937E-05 9.9937E-05 0.155876 9.9937E-05
9.9937E-05 9.9937E-05 9.9937E-05 9.9937E-05 9.9937E-05 0.0268849 9.9937E-05 0.968616 9.9937E-05 0.00379939
9.99549E-05 0.0390887 9.99549E-05 0.820172 0.00279667 9.99549E-05 9.99549E-05 9.99549E-05 0.134176 0.00326678
9.9937E-05 9.9937E-05 9.9937E-05 9.9937E-05 9.9937E-05 0.0186888 0.944533 0.0360785 9.9937E-05 9.9937E-05
9.99281E-05 9.99281E-05 9.99281E-05 9.99281E-05 9.99281E-05 9.99281E-05 0.926807 0.0723932 9.99281E-05 9.99281E-05
0.796253 9.9982E-05 0.052446 0.0293982 0.0214503 0.0456004 9.9982E-05 0.037401 0.00362975 0.0136211
0.809008 9.9964E-05 0.0321016 0.0540329 9.9964E-05 0.0523065 9.9964E-05 0.0225468 9.9964E-05 0.0296047
0.871853 9.9991E-05 0.052792 0.000798006 0.00405054 0.0130666 0.0182554 0.0116735 0.0181532 0.00925811
0.945597 9.9955E-05 9.9955E-05 0.00732789 0.0154167 9.9955E-05 9.9955E-05 0.00177532 0.0293835 9.9955E-05
0.966213 9.9946E-05 0.0209353 9.9946E-05 9.9946E-05 9.9946E-05 9.9946E-05 0.00802647 0.00422605 9.9946E-05
0.96742 9.9946E-05 9.9946E-05 9.9946E-05 0.00840952 0.00421898 9.9946E-05 0.0193518 9.9946E-05 9.9946E-05
0.966761 0.0212907 9.9946E-05 0.00267472 9.9946E-05 0.00867396 9.9946E-05 9.9946E-05 9.9946E-05 9.9946E-05
0.981551 9.9946E-05 9.9946E-05 9.9946E-05 9.9946E-05 0.00555774 0.000198231 9.9946E-05 0.0120932 9.9946E-05
0.971866 0.0149842 9.9946E-05 9.9946E-05 9.9946E-05 9.9946E-05 9.9946E-05 0.00626294 0.00628694 9.9946E-05
0.999101 9.99201E-05 9.99201E-05 9.99201E-05 9.99201E-05 9.99201E-05 9.99201E-05 9.99201E-05 9.99201E-05 9.99201E-05
0.91817 9.9964E-05 9.9964E-05 0.0150219 0.0125027 9.9964E-05 0.0194535 0.00641246 0.0280391 9.9964E-05
0.904985 9.9964E-05 0.00772089 0.0260082 9.9964E-05 0.0228908 0.00553283 9.9964E-05 0.0324628 9.9964E-05
0.930802 9.9964E-05 0.00254199 0.0241796 9.9964E-05 0.00389904 0.0224354 9.9964E-05 0.0157418 9.9964E-05
0.536139 0.0116999 9.9964E-05 0.00845383 9.9964E-05 0.419192 0.0131821 9.9964E-05 0.0109342 9.9964E-05
0.572162 9.99371E-05 9.99371E-05 9.99371E-05 9.99371E-05 0.425278 0.00186055 9.99371E-05 9.99371E-05 9.99371E-05
0.999101 9.99201E-05 9.99201E-05 9.99201E-05 9.99201E-05 9.99201E-05 9.99201E-05 9.99201E-05 9.99201E-05 9.99201E-05
0.943139 9.9946E-05 0.0423873 0.0123952 9.9946E-05 9.9946E-05 9.9946E-05 9.9946E-05 0.00147909 9.9946E-05
0.916166 0.0271499 0.055985 9.9937E-05 9.9937E-05 9.9937E-05 9.9937E-05 9.9937E-05 9.9937E-05 9.9937E-05
0.920821 9.9964E-05 9.9964E-05 0.0259468 0.004227 0.021539 0.0263974 9.9964E-05 0.00066894 9.9964E-05
0.999101 9.99201E-05 9.99201E-05 9.99201E-05 9.99201E-05 9.99201E-05 9.99201E-05 9.99201E-05 9.99201E-05 9.99201E-05
0.556158 9.99461E-05 9.99461E-05 0.00494013 9.99461E-05 0.417408 0.0208943 9.99461E-05 9.99461E-05 9.99461E-05
0.860078 0.019366 0.0450123 9.9991E-05 0.00192635 0.0231552 0.0248826 0.0148033 0.0046024 0.00607349
0.923881 0.0285996 9.9946E-05 9.9946E-05 9.9946E-05 9.9946E-05 0.0112667 0.0356527 9.9946E-05 9.9946E-05
0.957359 9.9955E-05 9.9955E-05 0.0190551 0.011401 9.9955E-05 9.9955E-05 0.00213519 9.9955E-05 0.00955031
0.931149 0.0194831 0.0324964 9.9955E-05 0.00703677 9.9955E-05 9.9955E-05 9.9955E-05 0.00933489 9.9955E-05
0.822669 9.9973E-05 0.0226332 0.0425682 0.0274459 0.0152512 0.0488666 9.9973E-05 9.9973E-05 0.0202666
0.947203 9.9964E-05 0.01878 0.0207682 9.9964E-05 0.00151154 0.0112044 9.9964E-05 9.9964E-05 0.0001329
9.9964E-05 0.0318686 0.114075 9.9964E-05 0.0901829 0.596552 9.9964E-05 0.152919 9.9964E-05 0.0140021
0.922434 0.00826789 0.017217 9.9955E-05 9.9955E-05 0.0357304 9.9955E-05 9.9955E-05 0.0158511 9.9955E-05
0.971055 9.9937E-05 0.015322 0.0129238 9.9937E-05 9.9937E-05 9.9937E-05 9.9937E-05 9.9937E-05 9.9937E-05
0.709008 0.112017 0.041251 0.0182882 0.00718363 0.0453811 0.0162595 0.0190291 0.00859194 0.0229902
0.978918 9.9928E-05 9.9928E-05 9.9928E-05 9.9928E-05 9.9928E-05 0.0202825 9.9928E-05 9.9928E-05 9.9928E-05
0.9598 9.9946E-05 0.00103591 9.9946E-05 9.9946E-05 0.0204975 9.9946E-05 0.0180669 9.9946E-05 9.9946E-05
0.976754 9.99461E-05 0.00139196 0.0106844 9.99461E-05 9.99461E-05 9.99461E-05 9.99461E-05 0.0105699 9.99461E-05
0.969055 9.9955E-05 9.9955E-05 9.9955E-05 0.0140729 0.0141157 9.9955E-05 0.0014394 9.9955E-05 0.000816919
0.0260551 0.0432789 9.9982E-05 9.9982E-05 0.00852784 0.88163 0.0105195 0.0268292 0.000876215 0.00208297
0.999101 9.99201E-05 9.99201E-05 9.99201E-05 9.99201E-05 9.99201E-05 9.99201E-05 9.99201E-05 9.99201E-05 9.99201E-05
0.945003 9.9955E-05 0.010587 0.0328193 9.9955E-05 9.9955E-05 9.9955E-05 9.9955E-05 0.00246312 0.00862788
0.959457 9.9937E-05 9.9937E-05 9.9937E-05 9.9937E-05 9.9937E-05 9.9937E-05 9.9937E-05 0.00471387 0.0351293
0.00325846 0.0284081 0.00898643 9.9964E-05 9.9964E-05 0.602382 0.230341 0.126224 9.9964E-05 9.9964E-05
0.895406 9.9955E-05 9.9955E-05 0.0372852 0.0214215 0.0169876 9.9955E-05 9.9955E-05 9.9955E-05 0.0284001
0.923139 9.9955E-05 0.0153835 9.9955E-05 9.9955E-05 9.9955E-05 0.0165407 0.0186735 9.9955E-05 0.0257638
0.957908 0.00820174 0.014978 9.9946E-05 9.9946E-05 0.0183127 9.9946E-05 9.9946E-05 9.9946E-05 9.9946E-05
0.998126 9.9937E-05 9.9937E-05 0.000264609 9.9937E-05 0.000910102 9.9937E-05 9.9937E-05 9.9937E-05 9.9937E-05
0.0397836 9.9964E-05 0.038535 0.0156749 9.9964E-05 0.627874 0.259381 9.9964E-05 0.0183511 9.9964E-05
0.983963 0.00347605 9.99461E-05 9.99461E-05 0.0053632 0.00659837 9.99461E-05 9.99461E-05 9.99461E-05 9.99461E-05
0.917951 9.99461E-05 0.0350568 0.0184666 0.0279265 9.99461E-05 9.99461E-05 9.99461E-05 9.99461E-05 9.99461E-05
0.516772 9.99371E-05 9.99371E-05 9.99371E-05 9.99371E-05 0.46384 0.0186888 9.99371E-05 9.99371E-05 9.99371E-05
0.968716 9.9946E-05 9.9946E-05 9.9946E-05 9.9946E-05 0.0069933 0.0204471 0.0032439 9.9946E-05 9.9946E-05
0.0274474 9.9964E-05 0.010406 9.9964E-05 9.9964E-05 0.185083 0.720183 0.0109342 0.0455464 9.9964E-05
9.9946E-05 9.9946E-05 9.9946E-05 9.9946E-05 0.0220269 0.249747 0.675964 9.9946E-05 0.0516625 9.9946E-05
0.0224533 0.0322656 0.00594102 0.0375858 0.00791141 0.0490369 0.835775 0.00883071 9.9982E-05 9.9982E-05
0.000980567 0.0176483 9.9973E-05 0.0468 0.0143444 0.875445 0.00863952 0.0358424 9.9973E-05 9.9973E-05
0.05072 9.9991E-05 0.0610487 0.0297089 0.0208083 0.00201722 0.0435423 0.765768 0.0144755 0.0118108
0.0376138 0.0289996 0.0033637 9.9973E-05 0.00869269 0.0620705 0.842814 0.0161456 9.9973E-05 9.9973E-05
9.99604E-05 9.99604E-05 9.99604E-05 9.99604E-05 9.99604E-05 0.18625 0.343403 0.36514 0.0593398 0.0453671
0.013054 9.9964E-05 9.9964E-05 9.9964E-05 0.013695 0.190198 0.773621 9.9964E-05 0.00460338 0.00442856
0.00194291 9.9973E-05 9.9973E-05 9.9973E-05 0.0146138 0.253495 0.616666 0.0410365 0.036858 0.035088
9.9964E-05 0.00355709 9.9964E-05 0.033821 9.9964E-05 0.197993 0.717989 9.9964E-05 0.0417051 0.00453446
9.9964E-05 9.9964E-05 9.9964E-05 9.9964E-05 0.0242533 0.263731 0.57425 0.000967736 0.0750119 0.0613866
0.0433846 0.0172094 0.000924759 9.9982E-05 0.0457957 0.288494 0.57683 9.9982E-05 0.0165344 0.0106273
0.00808965 9.9955E-05 9.9955E-05 9.9955E-05 0.0210241 0.0134109 0.937109 9.9955E-05 0.019867 9.9955E-05
0.030626 0.0242594 9.9955E-05 9.9955E-05 9.9955E-05 9.9955E-05 0.823753 0.0960263 9.9955E-05 0.0248359
0.0113994 0.0179047 9.9964E-05 9.9964E-05 0.0128605 9.9964E-05 0.825629 0.115029 9.9964E-05 0.0167777
0.0585534 9.9973E-05 9.9973E-05 0.00672244 9.9973E-05 0.778353 0.0667237 0.0051779 0.0328031 0.0513662
9.9928E-05 0.972304 9.9928E-05 9.9928E-05 9.9928E-05 9.9928E-05 9.9928E-05 9.9928E-05 0.0268962 9.9928E-05
0.0012931 0.932082 9.9946E-05 0.0385817 9.9946E-05 9.9946E-05 9.9946E-05 9.9946E-05 0.0274437 9.9946E-05
9.9973E-05 0.226593 0.0310658 0.0178286 0.595696 9.9973E-05 0.0206273 0.0210169 0.0868724 9.9973E-05
0.08577 0.0439252 0.0153272 0.0313675 9.9991E-05 0.34307 0.0450798 0.34817 0.0721863 0.0150039
0.00640027 0.924085 0.00270515 0.065046 9.9955E-05 9.9955E-05 9.9955E-05 9.9955E-05 0.00126371 9.9955E-05
0.00947181 0.866479 0.0122036 0.0639471 0.0124942 0.00456088 9.9973E-05 9.9973E-05 0.0305439 9.9973E-05
0.102013 0.0425867 9.9982E-05 0.0135619 0.0552114 0.156795 0.3935 0.232281 0.00385037 9.9982E-05
9.9955E-05 0.22075 9.9955E-05 0.0361104 0.360531 9.9955E-05 9.9955E-05 9.9955E-05 0.120358 0.261751
0.0112185 0.098504 9.9973E-05 0.0356342 0.388847 0.0305096 9.9973E-05 9.9973E-05 0.107192 0.327795
0.00400201 0.0922845 9.9973E-05 0.0291658 0.445255 9.9973E-05 9.9973E-05 0.00816179 0.0428133 0.378017
0.0161676 9.9973E-05 9.9973E-05 0.059473 0.225541 0.0756383 9.9973E-05 0.0397245 0.042636 0.540519
0.00688156 9.9973E-05 9.9973E-05 0.0599536 0.26479 0.0313095 9.9973E-05 0.0101194 0.0370935 0.589553
9.9991E-05 0.0895597 0.0104919 0.0408462 0.408632 0.0157489 0.0339678 0.00266635 0.00515878 0.392828
9.99549E-05 0.00191542 0.0960699 0.109038 9.99549E-05 9.99549E-05 9.99549E-05 0.761202 9.99549E-05 0.0312754
9.9946E-05 0.293368 9.9946E-05 0.0367455 0.62953 9.9946E-05 9.9946E-05 9.9946E-05 9.9946E-05 0.0397559
9.99551E-05 9.99551E-05 9.99551E-05 0.0428255 0.0132196 0.909762 0.00114954 0.0325433 9.99551E-05 9.99551E-05
0.0265655 9.9955E-05 9.9955E-05 9.9955E-05 0.00795924 0.940649 0.0235423 9.9955E-05 9.9955E-05 0.000784462
0.0148435 0.0719788 0.00408391 0.00214484 0.804065 0.0459074 9.9973E-05 9.9973E-05 0.0566767 9.9973E-05
0.107162 0.0258193 0.0586452 0.081806 0.148492 0.23905 0.0900086 0.0712328 0.0457981 0.131987
9.9982E-05 0.028342 0.0858792 0.0166213 9.9982E-05 0.023107 0.0341112 0.758829 0.0292731 0.0236376
9.9955E-05 0.059617 9.9955E-05 9.9955E-05 0.0531183 9.9955E-05 0.714988 0.165401 9.9955E-05 0.00637595
0.0100846 9.9973E-05 0.0341567 9.9973E-05 0.00317299 0.800652 0.0432361 0.0747378 9.9973E-05 0.03366
0.0162309 0.224335 9.9964E-05 9.9964E-05 0.0232954 9.9964E-05 0.534022 0.152075 9.9964E-05 0.0496424
0.00562587 0.0696384 0.0198219 0.0214265 9.9982E-05 0.0444316 0.016774 0.809936 9.9982E-05 0.0121454
0.0268464 0.725175 0.0427931 9.9964E-05 9.9964E-05 0.0634449 9.9964E-05 0.00511815 9.9964E-05 0.136222
0.0163216 9.9955E-05 0.0835633 0.0155967 0.00486325 9.9955E-05 9.9955E-05 0.879155 9.9955E-05 9.9955E-05
0.041341 9.9973E-05 0.118731 0.296482 9.9973E-05 0.111114 0.100182 9.9973E-05 0.321508 0.0103428
0.0203353 9.9946E-05 9.9946E-05 9.9946E-05 9.9946E-05 0.921349 9.9946E-05 0.0423491 9.9946E-05 0.0153672
0.0286465 0.304257 9.9964E-05 0.0188897 0.606855 9.9964E-05 0.0228571 0.0180941 9.9964E-05 9.9964E-05
0.0154483 9.9955E-05 9.9955E-05 9.9955E-05 0.415322 9.9955E-05 0.462063 0.091358 9.9955E-05 0.0153086
0.0341061 9.9955E-05 9.9955E-05 9.9955E-05 0.867462 0.043468 0.0181135 9.9955E-05 9.9955E-05 0.0363503
0.012834 0.0662885 0.169012 9.9982E-05 0.0519105 0.0398696 0.296527 0.330213 9.9982E-05 0.0331452
9.99201E-05 9.99201E-05 9.99201E-05 9.99201E-05 0.999101 9.99201E-05 9.99201E-05 9.99201E-05 9.99201E-05 9.99201E-05
9.9955E-05 9.9955E-05 9.9955E-05 9.9955E-05 0.0229907 0.00972217 0.082393 0.882244 9.9955E-05 0.00215009
0.0290195 9.9973E-05 9.9973E-05 0.0137508 0.796463 0.0701035 0.0317132 0.0361534 0.0224961 9.9973E-05
0.0413029 0.00202895 9.9964E-05 9.9964E-05 0.854229 0.00833836 0.024905 0.0687962 9.9964E-05 9.9964E-05
0.0141099 9.9955E-05 9.9955E-05 9.9955E-05 0.0714922 0.85913 0.0123088 0.0424594 9.9955E-05 9.9955E-05
9.99731E-05 0.287176 9.99731E-05 0.0510508 0.00939174 0.394896 0.139135 0.0472848 0.0707657 9.99731E-05
0.0253022 0.0293603 9.9973E-05 9.9973E-05 0.0467513 0.319182 0.277231 0.274019 9.9973E-05 0.0278543
0.00887123 9.9991E-05 0.00600361 0.025445 0.0716093 0.0385876 0.0149291 0.00951965 0.022994 0.801941
9.9946E-05 9.9946E-05 9.9946E-05 9.9946E-05 0.0031178 9.9946E-05 0.0219955 9.9946E-05 0.0939223 0.880365
0.0263157 9.9973E-05 0.0165246 9.9973E-05 0.0139636 0.0135462 9.9973E-05 0.0145148 0.0759377 0.838897
9.9982E-05 9.9982E-05 0.0212832 0.0116145 0.0220085 0.00685234 0.0308473 0.0082341 0.0527948 0.846165
9.9946E-05 9.9946E-05 0.00554804 9.9946E-05 9.9946E-05 0.951128 9.9946E-05 9.9946E-05 0.0223552 0.0203688
0.00708882 9.9964E-05 9.9964E-05 0.0389341 0.00795313 0.874692 0.00287176 9.9964E-05 0.0680607 9.9964E-05
0.0474295 9.9964E-05 0.0940424 9.9964E-05 9.9964E-05 0.775568 0.0682688 0.00719115 9.9964E-05 0.00710026
9.9955E-05 0.190158 0.0664987 0.0411897 0.288115 9.9955E-05 9.9955E-05 9.9955E-05 9.9955E-05 0.413539
0.0786916 0.0969048 0.0496996 0.113853 0.0501162 0.186923 0.124487 0.070687 0.114188 0.11445
0.137592 9.9973E-05 9.9973E-05 0.19302 9.9973E-05 0.342232 0.0229528 0.0282563 0.264966 0.0106806
0.0416303 9.9973E-05 0.0392386 0.0253065 0.00649416 0.726146 0.0732105 9.9973E-05 0.0876739 9.9973E-05
0.0662872 9.9964E-05 0.0358718 0.0367389 9.9964E-05 0.62527 0.0876416 9.9964E-05 0.147791 9.9964E-05
0.0252659 0.0128904 9.9973E-05 0.0876252 9.9973E-05 0.711945 0.0107594 9.9973E-05 0.118899 0.0323154
0.123533 0.0296669 9.9964E-05 0.11796 9.9964E-05 0.476584 0.0154532 9.9964E-05 0.236403 9.9964E-05
9.9955E-05 0.039435 9.9955E-05 0.8576 9.9955E-05 9.9955E-05 0.0660384 0.00932397 9.9955E-05 0.0271025
9.9955E-05 9.9955E-05 9.9955E-05 0.00828631 9.9955E-05 0.00908568 0.850727 0.0956234 0.0357779 9.9955E-05
0.0480242 0.00264757 9.9964E-05 9.9964E-05 9.9964E-05 0.234045 0.548368 0.155309 9.9964E-05 0.0112061
9.9955E-05 0.00305424 0.01291 9.9955E-05 0.944468 9.9955E-05 0.00280231 9.9955E-05 0.036266 9.9955E-05
9.9964E-05 9.9964E-05 0.00846524 0.0190583 0.860553 9.9964E-05 0.00629772 0.0203492 0.0848763 9.9964E-05
9.9964E-05 0.0141108 0.0258098 0.0087261 0.845822 9.9964E-05 0.000991572 9.9964E-05 0.10414 9.9964E-05
9.9964E-05 0.16568 0.043002 0.0862796 0.337451 9.9964E-05 9.9964E-05 9.9964E-05 0.188219 0.178968
9.99278E-05 9.99278E-05 9.99278E-05 9.99278E-05 0.0140289 9.99278E-05 9.99278E-05 9.99278E-05 0.985172 9.99278E-05
9.99277E-05 9.99277E-05 9.99277E-05 9.99277E-05 0.00522188 9.99277E-05 9.99277E-05 9.99277E-05 0.993979 9.99277E-05
9.99525E-05 9.99525E-05 9.99525E-05 0.0360284 9.99525E-05 0.889953 0.00137779 9.99525E-05 0.0720411 9.99525E-05
0.00398704 0.0201729 0.0261968 0.0584329 0.00821555 0.804586 9.9982E-05 9.9982E-05 0.0543243 0.0238845
9.9937E-05 9.9937E-05 9.9937E-05 0.0322354 9.9937E-05 0.935463 0.0316023 9.9937E-05 9.9937E-05 9.9937E-05
0.00961573 9.9955E-05 9.9955E-05 0.0757645 0.0211768 9.9955E-05 0.0888451 0.804098 9.9955E-05 9.9955E-05
0.0125428 9.9964E-05 9.9964E-05 9.9964E-05 0.921992 0.00855411 0.0107289 0.0118549 9.9964E-05 0.0339278
0.0196618 0.0401769 9.9964E-05 0.0165265 0.916445 9.9964E-05 0.00211398 0.00467621 9.9964E-05 9.9964E-05
9.9946E-05 0.0705625 9.9946E-05 9.9946E-05 0.906686 9.9946E-05 9.9946E-05 0.00158665 9.9946E-05 0.0205651
9.9955E-05 0.148173 0.0225293 9.9955E-05 0.80311 9.9955E-05 0.00445806 9.9955E-05 9.9955E-05 0.0212307
0.019499 0.089796 0.00447286 9.9973E-05 0.82831 9.9973E-05 0.00818204 0.0288009 9.9973E-05 0.0206389
9.9955E-05 0.0183165 9.9955E-05 0.000389412 0.0800487 9.9955E-05 0.681523 0.219223 9.9955E-05 9.9955E-05
0.0714058 0.333902 0.0424219 9.9982E-05 0.163438 0.0279669 9.9982E-05 0.0258293 0.23561 0.0992265
9.99279E-05 9.99279E-05 9.99279E-05 9.99279E-05 9.99279E-05 9.99279E-05 9.99279E-05 0.98231 0.0168908 9.99279E-05
9.99461E-05 9.99461E-05 9.99461E-05 9.99461E-05 0.0858304 9.99461E-05 0.700995 0.2073 9.99461E-05 0.00527427
9.9955E-05 0.0245638 0.0531011 9.9955E-05 0.0444175 0.772425 9.9955E-05 0.104993 9.9955E-05 9.9955E-05
9.9928E-05 9.9928E-05 9.9928E-05 9.9928E-05 9.9928E-05 9.9928E-05 0.77437 0.22483 9.9928E-05 9.9928E-05
9.9928E-05 9.9928E-05 9.9928E-05 9.9928E-05 9.9928E-05 9.9928E-05 0.725626 0.273575 9.9928E-05 9.9928E-05
9.9946E-05 9.9946E-05 9.9946E-05 9.9946E-05 0.00395669 9.9946E-05 0.734607 0.257263 9.9946E-05 0.00357419
0.0343307 9.9955E-05 9.9955E-05 9.9955E-05 0.900415 0.00150442 0.051065 9.9955E-05 9.9955E-05 0.0121849
9.9928E-05 9.9928E-05 9.9928E-05 9.9928E-05 0.968956 9.9928E-05 9.9928E-05 0.0302446 9.9928E-05 9.9928E-05
9.9955E-05 0.285344 0.423809 9.9955E-05 0.252819 0.00897439 9.9955E-05 9.9955E-05 9.9955E-05 0.028554
0.0405941 0.00164427 9.9955E-05 0.0220236 0.933851 9.9955E-05 9.9955E-05 9.9955E-05 0.00138714 9.9955E-05
9.99201E-05 9.99201E-05 9.99201E-05 9.99201E-05 0.999101 9.99201E-05 9.99201E-05 9.99201E-05 9.99201E-05 9.99201E-05
0.00181059 0.18552 9.99551E-05 9.99551E-05 0.287937 9.99551E-05 0.47363 0.0506022 9.99551E-05 9.99551E-05
9.9955E-05 0.0318259 9.9955E-05 9.9955E-05 0.775948 0.0246791 9.9955E-05 9.9955E-05 0.117991 0.0490558
9.9955E-05 0.0929188 9.9955E-05 9.9955E-05 0.730713 0.0277075 9.9955E-05 9.9955E-05 0.131575 0.0165861
0.0308989 0.170935 0.296525 0.0463288 0.0774536 0.0432888 9.9973E-05 9.9973E-05 0.33427 9.9973E-05
0.0117116 9.9964E-05 0.0238044 9.9964E-05 9.9964E-05 0.001609 0.0381202 0.913588 9.9964E-05 0.0107667
9.9964E-05 0.213699 0.00634552 9.9964E-05 0.653562 9.9964E-05 0.00636707 0.11704 9.9964E-05 0.00258657
0.400144 0.199734 9.9964E-05 9.9964E-05 9.9964E-05 0.2898 0.0211734 0.0328044 9.9964E-05 0.0559444
9.9946E-05 0.315147 9.9946E-05 9.9946E-05 0.539179 9.9946E-05 0.0871901 0.057884 9.9946E-05 9.9946E-05
0.0100361 9.9937E-05 9.9937E-05 9.9937E-05 0.958825 9.9937E-05 0.0304397 9.9937E-05 9.9937E-05 9.9937E-05
9.99461E-05 9.99461E-05 9.99461E-05 9.99461E-05 0.0407072 9.99461E-05 0.772919 0.159911 9.99461E-05 0.0258631
9.9973E-05 0.0148842 0.000528185 0.0473121 0.278799 9.9973E-05 0.544708 0.112137 9.9973E-05 0.00133288
9.9946E-05 9.9946E-05 0.0626991 0.0451212 9.9946E-05 0.0174262 9.9946E-05 0.874154 9.9946E-05 9.9946E-05
9.9937E-05 9.9937E-05 0.0121913 0.966509 9.9937E-05 9.9937E-05 9.9937E-05 9.9937E-05 0.0206 9.9937E-05
9.9937E-05 9.9937E-05 9.9937E-05 9.9937E-05 9.9937E-05 0.0613766 0.933664 9.9937E-05 0.00425967 9.9937E-05
9.99459E-05 9.99459E-05 0.827036 0.00562519 9.99459E-05 9.99459E-05 0.0745434 0.0921954 9.99459E-05 9.99459E-05
9.9964E-05 9.9964E-05 0.0104569 0.0250369 0.0267186 0.0136461 0.0668378 0.856904 9.9964E-05 9.9964E-05
9.9955E-05 9.9955E-05 9.9955E-05 0.0120505 0.0509349 0.000805633 0.080514 0.855195 9.9955E-05 9.9955E-05
9.99369E-05 9.99369E-05 0.899476 0.0382013 9.99369E-05 9.99369E-05 9.99369E-05 0.0616227 9.99369E-05 9.99369E-05
9.9964E-05 0.0364533 0.0808348 0.461655 9.9964E-05 9.9964E-05 0.255527 0.137 9.9964E-05 0.0281303
0.00018405 9.9937E-05 0.074322 9.9937E-05 9.9937E-05 9.9937E-05 9.9937E-05 0.924794 9.9937E-05 9.9937E-05
0.0534713 0.153768 0.287056 0.03432 0.0922361 0.0699353 9.9982E-05 9.9982E-05 0.30569 0.00332372
0.00136901 9.9946E-05 9.9946E-05 0.023773 9.9946E-05 0.93045 0.0438088 9.9946E-05 9.9946E-05 9.9946E-05
9.99549E-05 0.0303216 0.0751657 9.99549E-05 0.0388602 0.746623 9.99549E-05 0.10853 9.99549E-05 9.99549E-05
0.994618 9.9928E-05 9.9928E-05 9.9928E-05 0.00458276 9.9928E-05 9.9928E-05 9.9928E-05 9.9928E-05 9.9928E-05
9.9973E-05 0.00770054 0.152209 9.9973E-05 0.0526885 0.682831 0.00339559 0.0894624 9.9973E-05 0.0114135
0.0220855 9.9946E-05 9.9946E-05 9.9946E-05 9.9946E-05 0.84014 0.0783868 0.0587885 9.9946E-05 9.9946E-05
9.9946E-05 9.9946E-05 9.9946E-05 9.9946E-05 0.00459144 0.345575 0.0498048 0.59943 9.9946E-05 9.9946E-05
0.0200447 9.9946E-05 9.9946E-05 9.9946E-05 9.9946E-05 0.885801 0.0455165 0.0480376 9.9946E-05 9.9946E-05
0.0140313 9.9973E-05 0.051264 0.0902696 0.00131199 0.245366 0.542088 9.9973E-05 9.9973E-05 0.0553686
9.9964E-05 0.00673142 0.00902905 9.9964E-05 9.9964E-05 0.929737 9.9964E-05 0.00869099 0.0378835 0.0075283
0.0940866 9.99639E-05 0.260792 0.244517 9.99639E-05 0.0813734 0.0199095 9.99639E-05 0.298921 9.99639E-05
9.9973E-05 9.9973E-05 0.592349 0.00824013 9.9973E-05 0.0676953 0.135042 0.0960117 0.0949767 0.0053847
0.021619 9.9973E-05 0.037277 0.194826 9.9973E-05 0.170421 0.271396 0.143558 0.160603 9.9973E-05
0.027727 9.9964E-05 0.00567105 0.0193525 0.0296872 0.867827 0.0493352 9.9964E-05 9.9964E-05 9.9964E-05
0.0239354 0.129568 9.9937E-05 9.9937E-05 0.845797 9.9937E-05 9.9937E-05 9.9937E-05 9.9937E-05 9.9937E-05
9.9946E-05 9.9946E-05 0.0428093 9.9946E-05 0.0059041 0.0243805 0.926306 9.9946E-05 9.9946E-05 9.9946E-05
0.0676928 9.99639E-05 0.142683 0.311839 9.99639E-05 0.130811 0.0203973 9.99639E-05 0.326178 9.99639E-05
9.9946E-05 9.9946E-05 0.0652874 0.0099857 9.9946E-05 0.0286736 0.895454 9.9946E-05 9.9946E-05 9.9946E-05
9.9937E-05 0.0695962 9.9937E-05 9.9937E-05 0.758119 9.9937E-05 9.9937E-05 9.9937E-05 0.171585 9.9937E-05
0.00344648 0.0043777 9.9946E-05 9.9946E-05 9.9946E-05 9.9946E-05 9.9946E-05 0.966559 0.0250172 9.9946E-05
0.963817 0.0206959 9.9946E-05 9.9946E-05 9.9946E-05 9.9946E-05 9.9946E-05 0.00515373 9.9946E-05 0.00973355
0.697604 0.0981749 0.0395738 9.9973E-05 9.9973E-05 0.0495385 9.9973E-05 0.0368445 0.0442234 0.033741
0.0207882 9.99371E-05 9.99371E-05 0.0239267 9.99371E-05 0.954586 9.99371E-05 9.99371E-05 9.99371E-05 9.99371E-05
0.024214 9.9946E-05 9.9946E-05 9.9946E-05 9.9946E-05 0.262019 0.551529 0.161638 9.9946E-05 9.9946E-05
0.0026322 9.9928E-05 9.9928E-05 9.9928E-05 9.9928E-05 9.9928E-05 9.9928E-05 0.996568 9.9928E-05 9.9928E-05
9.99201E-05 9.99201E-05 9.99201E-05 9.99201E-05 9.99201E-05 9.99201E-05 9.99201E-05 0.999101 9.99201E-05 9.99201E-05
9.9973E-05 0.0974456 0.0234139 0.0467626 0.0649162 9.9973E-05 0.573768 0.156829 9.9973E-05 0.0365645
0.0182769 9.9964E-05 9.9964E-05 9.9964E-05 9.9964E-05 0.287205 0.566118 0.099204 0.0139412 0.014855
9.9946E-05 9.9946E-05 0.00920945 0.0113077 0.849453 9.9946E-05 9.9946E-05 9.9946E-05 0.12943 9.9946E-05
9.99201E-05 9.99201E-05 9.99201E-05 9.99201E-05 9.99201E-05 9.99201E-05 9.99201E-05 9.99201E-05 0.999101 9.99201E-05
9.99459E-05 0.0810605 9.99459E-05 9.99459E-05 0.457653 9.99459E-05 9.99459E-05 9.99459E-05 0.250347 0.21034
0.0449696 0.197078 9.9964E-05 9.9964E-05 9.9964E-05 0.025981 0.00567306 9.9964E-05 0.453856 0.272042
0.0358068 0.169471 9.9964E-05 9.9964E-05 9.9964E-05 0.0164972 9.9964E-05 0.00153105 0.506296 0.269998
9.9955E-05 0.264157 9.9955E-05 9.9955E-05 0.191935 9.9955E-05 9.9955E-05 0.0145694 0.369567 0.159272
9.99201E-05 9.99201E-05 9.99201E-05 9.99201E-05 9.99201E-05 9.99201E-05 9.99201E-05 9.99201E-05 0.999101 9.99201E-05
0.0406394 0.16506 9.9964E-05 9.9964E-05 0.031012 9.9964E-05 9.9964E-05 0.0257266 0.40565 0.331512
9.9955E-05 0.369109 9.9955E-05 9.9955E-05 0.0960266 0.0206906 9.9955E-05 9.9955E-05 0.370086 0.143588
0.0397777 9.99639E-05 0.153742 0.179854 9.99639E-05 0.0408789 9.99639E-05 0.0334477 0.5519 9.99639E-05
9.9946E-05 0.248912 9.9946E-05 9.9946E-05 0.233055 9.9946E-05 9.9946E-05 9.9946E-05 0.35089 0.166543
0.0437955 9.99639E-05 0.129057 0.155358 9.99639E-05 0.0805674 9.99639E-05 0.0268108 0.564011 9.99639E-05
9.99459E-05 9.99459E-05 0.662266 0.154373 9.99459E-05 9.99459E-05 0.0679239 0.114838 9.99459E-05 9.99459E-05
9.99459E-05 0.142713 0.797396 9.99459E-05 0.0377074 9.99459E-05 9.99459E-05 9.99459E-05 9.99459E-05 0.0215843
0.00141649 0.215308 9.9991E-05 0.0981942 0.188073 0.000682186 0.0421128 0.00965901 0.358157 0.0862972
0.00498643 0.17506 9.9982E-05 0.151819 0.145247 0.00910912 0.0753649 9.9982E-05 0.333235 0.104979
9.99201E-05 9.99201E-05 9.99201E-05 9.99201E-05 9.99201E-05 9.99201E-05 9.99201E-05 9.99201E-05 0.999101 9.99201E-05
9.9946E-05 0.233146 9.9946E-05 9.9946E-05 0.203494 9.9946E-05 9.9946E-05 9.9946E-05 0.402011 0.160749
9.9946E-05 0.022889 0.0421133 9.9946E-05 9.9946E-05 0.12263 0.811768 9.9946E-05 9.9946E-05 9.9946E-05
9.9973E-05 0.0234211 0.0019381 0.0133201 0.852486 0.000207769 0.0043436 9.9973E-05 0.103983 9.9973E-05
0.0436675 0.158532 9.9964E-05 9.9964E-05 9.9964E-05 0.00505514 9.9964E-05 0.0201561 0.519093 0.253097
9.9955E-05 0.308779 0.000344111 9.9955E-05 0.204732 9.9955E-05 9.9955E-05 9.9955E-05 0.416328 0.0693177
0.0251597 0.19213 9.9964E-05 9.9964E-05 0.0668319 0.00125774 9.9964E-05 9.9964E-05 0.414386 0.299835
0.0269373 0.280737 9.9964E-05 9.9964E-05 0.082649 9.9964E-05 0.0060058 9.9964E-05 0.374134 0.229138
9.9964E-05 0.0182232 0.14851 9.9964E-05 0.0205858 0.707516 9.9964E-05 0.101893 9.9964E-05 0.00287245
0.0530911 9.9973E-05 0.0322915 0.0626048 0.0244186 0.337436 0.453066 9.9973E-05 9.9973E-05 0.0367926
9.9946E-05 0.101288 9.9946E-05 9.9946E-05 0.737434 9.9946E-05 9.9946E-05 9.9946E-05 0.132088 0.0285899
9.99459E-05 9.99459E-05 0.0579443 0.0203445 9.99459E-05 0.0256049 0.895507 9.99459E-05 9.99459E-05 9.99459E-05
9.9946E-05 9.9946E-05 0.154982 9.9946E-05 0.0543053 0.698746 9.9946E-05 0.0913671 9.9946E-05 9.9946E-05
9.99459E-05 9.99459E-05 0.0273277 0.886684 9.99459E-05 9.99459E-05 9.99459E-05 0.0471437 0.0382451 9.99459E-05
0.00228352 9.9928E-05 9.9928E-05 9.9928E-05 0.996917 9.9928E-05 9.9928E-05 9.9928E-05 9.9928E-05 9.9928E-05
0.0184313 9.9928E-05 9.9928E-05 9.9928E-05 0.980769 9.9928E-05 9.9928E-05 9.9928E-05 9.9928E-05 9.9928E-05
0.00685159 0.0253799 9.9955E-05 9.9955E-05 0.897062 9.9955E-05 0.0267939 9.9955E-05 9.9955E-05 0.0434124
0.00923515 9.9937E-05 9.9937E-05 9.9937E-05 0.97671 9.9937E-05 9.9937E-05 9.9937E-05 9.9937E-05 0.0133548
0.0122466 9.9973E-05 0.00549278 0.054496 0.0402594 0.00131 0.0815839 0.804311 9.9973E-05 9.9973E-05
0.0389567 0.069089 9.9955E-05 9.9955E-05 0.811171 0.0653394 9.9955E-05 0.0149444 9.9955E-05 9.9955E-05
9.9964E-05 0.00936999 0.0711902 9.9964E-05 0.051799 0.70715 9.9964E-05 0.145853 9.9964E-05 0.0142386
9.9937E-05 9.9937E-05 0.0481289 9.9937E-05 9.9937E-05 0.931144 9.9937E-05 9.9937E-05 0.0200277 9.9937E-05
0.0403848 9.9955E-05 9.9955E-05 9.9955E-05 9.9955E-05 0.897191 0.00499266 0.0327278 9.9955E-05 0.024204
0.0114003 9.9946E-05 9.9946E-05 9.9946E-05 9.9946E-05 0.94798 9.9946E-05 0.0225304 0.0174892 9.9946E-05
0.0399145 0.0140809 9.9964E-05 9.9964E-05 9.9964E-05 0.874677 0.0384591 0.0227522 9.9964E-05 0.00971627
0.0637876 0.0520886 9.9964E-05 9.9964E-05 9.9964E-05 0.0554977 0.00834483 9.9964E-05 0.406275 0.413606
0.0921446 0.0424021 9.9964E-05 9.9964E-05 9.9964E-05 0.0618744 0.00800116 9.9964E-05 0.413288 0.38189
9.9964E-05 9.9964E-05 9.9964E-05 0.00718406 9.9964E-05 0.0279387 0.00969832 0.0458248 0.0112806 0.897674
0.0113621 0.0139802 9.9955E-05 9.9955E-05 0.0962523 0.0286526 9.9955E-05 9.9955E-05 9.9955E-05 0.849253
9.9946E-05 9.9946E-05 0.0411738 9.9946E-05 0.0111219 0.00494532 9.9946E-05 9.9946E-05 9.9946E-05 0.942159
0.0103576 9.9982E-05 0.489145 0.0541587 9.9982E-05 0.00867724 0.0131991 0.104512 0.0283867 0.291363
0.0172355 9.9946E-05 9.9946E-05 9.9946E-05 9.9946E-05 9.9946E-05 0.0221679 9.9946E-05 0.00807981 0.951917
0.00736538 0.0327634 0.0980452 9.9991E-05 0.195959 0.197272 0.225393 0.102581 0.0585635 0.0819566
9.99201E-05 9.99201E-05 9.99201E-05 9.99201E-05 9.99201E-05 9.99201E-05 9.99201E-05 9.99201E-05 9.99201E-05 0.999101
9.9928E-05 0.0163483 9.9928E-05 9.9928E-05 9.9928E-05 9.9928E-05 9.9928E-05 9.9928E-05 9.9928E-05 0.982852
0.0235013 0.0108283 0.00909486 9.9955E-05 0.0406319 9.9955E-05 9.9955E-05 9.9955E-05 9.9955E-05 0.915444
9.9955E-05 0.679911 9.9955E-05 9.9955E-05 0.0173429 0.0419326 0.0302966 9.9955E-05 9.9955E-05 0.230017
9.99281E-05 0.00702335 9.99281E-05 9.99281E-05 9.99281E-05 9.99281E-05 9.99281E-05 9.99281E-05 9.99281E-05 0.992177
0.0252985 0.111654 0.0211002 9.9973E-05 0.00512323 0.0219596 0.00258677 9.9973E-05 9.9973E-05 0.811978
9.9964E-05 9.9964E-05 0.027841 0.0227914 9.9964E-05 0.0839645 0.831353 9.9964E-05 0.0328625 0.00078821
0.0490073 9.9982E-05 0.0670693 0.00383022 0.036402 0.23065 0.558239 9.9982E-05 0.00737026 0.0472319
9.9964E-05 9.9964E-05 0.100082 0.00359704 9.9964E-05 0.698457 0.132545 9.9964E-05 0.0527083 0.0122108
0.0175608 9.99551E-05 9.99551E-05 9.99551E-05 0.0249677 0.884977 0.0489157 0.0230789 9.99551E-05 9.99551E-05
9.9964E-05 9.9964E-05 0.66845 0.0658767 9.9964E-05 0.0442273 0.0536655 0.104024 0.0633559 9.9964E-05
0.0364254 9.9973E-05 0.0837364 9.9973E-05 0.0264345 0.743665 0.0791972 9.9973E-05 0.00215582 0.0280858
0.000562974 0.0124588 9.9973E-05 0.021698 0.000368295 0.0118016 0.93641 9.9973E-05 0.0164003 9.9973E-05
9.99371E-05 9.99371E-05 9.99371E-05 9.99371E-05 9.99371E-05 0.00951346 0.955654 9.99371E-05 0.0341326 9.99371E-05
9.99459E-05 9.99459E-05 0.875166 0.0406189 9.99459E-05 9.99459E-05 9.99459E-05 0.0784928 0.00512281 9.99459E-05
0.0387174 9.9973E-05 0.038171 0.0364458 9.9973E-05 0.735078 0.0159001 9.9973E-05 0.0883112 0.0470766
0.114309 0.00753307 0.0317427 0.111063 0.0120601 0.495482 0.154495 9.9991E-05 0.0605225 0.0126923
0.0259771 9.99642E-05 0.278694 0.258251 9.99642E-05 0.0459386 9.99642E-05 0.149085 0.241655 9.99642E-05
9.99459E-05 9.99459E-05 0.80976 0.0485833 9.99459E-05 9.99459E-05 9.99459E-05 0.105792 0.0352655 9.99459E-05
9.9955E-05 9.9955E-05 0.675449 9.9955E-05 9.9955E-05 0.0421713 0.0629306 0.0940584 0.124891 9.9955E-05
9.9982E-05 0.0284108 0.0977489 0.0185084 0.0665286 0.230937 0.520068 0.0179906 9.9982E-05 0.0196081
0.00156177 9.9964E-05 0.734148 0.0940335 9.9964E-05 0.0115445 0.0148595 0.143452 9.9964E-05 9.9964E-05
0.000701982 9.9964E-05 0.0472092 0.00203763 9.9964E-05 0.0192271 0.912307 9.9964E-05 9.9964E-05 0.0181177
9.99279E-05 9.99279E-05 9.99279E-05 0.98016 9.99279E-05 9.99279E-05 9.99279E-05 0.0190411 9.99279E-05 9.99279E-05
9.9937E-05 9.9937E-05 0.00171381 0.98714 9.9937E-05 9.9937E-05 9.9937E-05 9.9937E-05 0.0104471 9.9937E-05
0.0325124 0.151616 0.0112903 0.220589 0.140462 9.9982E-05 9.9982E-05 0.0556255 0.32145 0.0662555
9.9937E-05 9.9937E-05 0.845817 0.00984448 9.9937E-05 9.9937E-05 9.9937E-05 0.143639 9.9937E-05 9.9937E-05
9.99369E-05 9.99369E-05 0.895317 0.0118667 9.99369E-05 9.99369E-05 9.99369E-05 0.0921169 9.99369E-05 9.99369E-05
9.9928E-05 9.9928E-05 0.846558 9.9928E-05 9.9928E-05 9.9928E-05 9.9928E-05 0.152643 9.9928E-05 9.9928E-05
0.115071 9.9973E-05 0.163229 0.233349 9.9973E-05 0.130579 0.0848139 9.9973E-05 0.263459 0.00919958
9.9955E-05 9.9955E-05 0.0293861 0.0644316 9.9955E-05 0.129753 0.761552 9.9955E-05 0.0143777 9.9955E-05
9.9973E-05 0.00893883 0.0989444 0.00516264 0.0264136 0.0213367 0.832379 9.9973E-05 9.9973E-05 0.0065253
9.9955E-05 9.9955E-05 0.117908 0.022552 0.00829702 9.9955E-05 0.845089 9.9955E-05 9.9955E-05 0.00565362
0.0185824 9.9955E-05 0.0366123 0.0200736 9.9955E-05 0.0713739 0.852858 9.9955E-05 9.9955E-05 9.9955E-05
9.9946E-05 9.9946E-05 0.00389455 0.00887426 0.86456 9.9946E-05 9.9946E-05 9.9946E-05 0.122072 9.9946E-05
9.9937E-05 0.305514 0.42225 9.9937E-05 0.271537 9.9937E-05 9.9937E-05 9.9937E-05 9.9937E-05 9.9937E-05
0.0452499 0.0205825 0.000529642 9.9973E-05 9.9973E-05 0.753627 0.131734 0.0358848 0.0120928 9.9973E-05
0.0319626 0.000904937 0.0421942 0.0110302 9.9982E-05 0.325578 0.415634 0.17175 9.9982E-05 0.000746107
0.0221482 0.112566 0.788409 9.9955E-05 0.0585089 9.9955E-05 9.9955E-05 9.9955E-05 9.9955E-05 0.0178691
0.00711725 0.0905593 0.803209 9.9955E-05 0.0885659 9.9955E-05 9.9955E-05 9.9955E-05 9.9955E-05 0.0100483
9.9946E-05 9.9946E-05 9.9946E-05 9.9946E-05 0.0372594 0.886513 9.9946E-05 9.9946E-05 0.074055 0.00157304
9.9955E-05 0.0218959 0.0562331 9.9955E-05 0.0399583 0.710502 9.9955E-05 0.170911 9.9955E-05 9.9955E-05
9.9964E-05 0.526552 0.0980415 9.9964E-05 0.0482472 9.9964E-05 0.219997 0.0649519 9.9964E-05 0.0418111
0.00128632 0.022552 0.0424908 0.0659482 0.071195 9.9991E-05 0.294869 0.405604 0.0399424 0.0560123
9.99551E-05 9.99551E-05 0.0561459 0.0133289 9.99551E-05 0.785231 0.130057 0.0147381 9.99551E-05 9.99551E-05
0.123124 9.9964E-05 0.00864428 0.326079 9.9964E-05 0.189944 0.0354764 9.9964E-05 0.316332 9.9964E-05
0.0260993 0.11107 0.76507 9.9955E-05 0.0456739 9.9955E-05 9.9955E-05 9.9955E-05 9.9955E-05 0.0515865
0.132443 9.99639E-05 0.0525959 0.242401 9.99639E-05 0.109188 0.106883 9.99639E-05 0.356089 9.99639E-05
0.105952 9.99639E-05 9.99639E-05 0.241765 9.99639E-05 0.215469 0.112823 9.99639E-05 0.318577 0.00501501
0.0563135 9.9955E-05 9.9955E-05 0.0197276 9.9955E-05 0.852854 0.0256849 9.9955E-05 0.04492 9.9955E-05
0.0069894 0.0202536 9.9982E-05 0.0133412 0.0143558 0.91221 0.0142549 0.0107412 0.00765417 9.9982E-05
0.00299725 0.0236802 9.9955E-05 0.0328067 9.9955E-05 0.937373 0.00264349 9.9955E-05 9.9955E-05 9.9955E-05
0.0143856 9.9964E-05 9.9964E-05 9.9964E-05 9.9964E-05 0.834188 0.0332781 0.0476059 0.0437029 0.0264398
0.0253442 9.9955E-05 9.9955E-05 0.0233456 9.9955E-05 0.931366 0.0180227 0.00142157 9.9955E-05 9.9955E-05
9.99461E-05 0.0182066 9.99461E-05 9.99461E-05 9.99461E-05 0.876788 0.0261141 0.0782917 9.99461E-05 9.99461E-05
0.148427 0.0687381 9.9955E-05 0.100345 9.9955E-05 0.497963 9.9955E-05 9.9955E-05 0.184026 9.9955E-05
0.0999357 9.9982E-05 0.009341 0.181219 9.9982E-05 0.235546 0.0365115 0.0156376 0.369111 0.0524974
9.99533E-05 0.011257 9.99533E-05 9.99533E-05 0.00260049 0.933935 9.99533E-05 0.0516075 9.99533E-05 9.99533E-05
0.0750651 9.9973E-05 9.9973E-05 0.259711 9.9973E-05 0.213658 0.0555029 0.0327362 0.325842 0.0371854
0.0554437 9.9964E-05 0.103453 0.297968 9.9964E-05 0.115979 0.0792111 9.9964E-05 0.347546 9.9964E-05
9.99201E-05 0.999101 9.99201E-05 9.99201E-05 9.99201E-05 9.99201E-05 9.99201E-05 9.99201E-05 9.99201E-05 9.99201E-05
9.9946E-05 0.93624 0.0205776 0.0140057 9.9946E-05 9.9946E-05 9.9946E-05 9.9946E-05 0.0285773 9.9946E-05
9.99201E-05 0.999101 9.99201E-05 9.99201E-05 9.99201E-05 9.99201E-05 9.99201E-05 9.99201E-05 9.99201E-05 9.99201E-05
9.99369E-05 0.98447 9.99369E-05 0.00417508 9.99369E-05 9.99369E-05 9.99369E-05 9.99369E-05 0.0106552 9.99369E-05
9.99279E-05 0.996788 9.99279E-05 9.99279E-05 9.99279E-05 0.00241231 9.99279E-05 9.99279E-05 9.99279E-05 9.99279E-05
9.99201E-05 0.999101 9.99201E-05 9.99201E-05 9.99201E-05 9.99201E-05 9.99201E-05 9.99201E-05 9.99201E-05 9.99201E-05
