0.0228833 0.0916094 0.651025 0.0812838 9.9955E-05 9.9955E-05 9.9955E-05 0.0316724 0.121027 9.9955E-05 9.9955E-05
9.99459E-05 0.213631 0.222062 0.283959 9.99459E-05 0.0427041 9.99459E-05 9.99459E-05 0.237044 9.99459E-05 9.99459E-05
0.0207024 0.178604 0.210031 0.295078 9.9982E-05 0.0408072 0.00657322 0.0235681 0.20376 0.0206758 9.9982E-05
0.0199054 0.0907486 0.661176 0.0689678 9.9955E-05 9.9955E-05 9.9955E-05 0.0257983 0.132904 9.9955E-05 9.9955E-05
0.006141 9.9973E-05 0.00249139 0.865408 9.9973E-05 0.0717322 0.0282212 0.0102549 0.00739819 0.00805309 9.9973E-05
9.9937E-05 0.24981 0.197483 0.256706 9.9937E-05 9.9937E-05 9.9937E-05 9.9937E-05 0.295301 9.9937E-05 9.9937E-05
0.0221609 0.0106025 9.9955E-05 9.9955E-05 0.428126 0.00831992 0.526154 9.9955E-05 9.9955E-05 9.9955E-05 0.00413683
9.99281E-05 9.99281E-05 0.0211175 9.99281E-05 9.99281E-05 9.99281E-05 0.968293 9.99281E-05 0.00978966 9.99281E-05 9.99281E-05
9.9928E-05 9.9928E-05 9.9928E-05 9.9928E-05 9.9928E-05 0.0131 0.972047 9.9928E-05 0.0140535 9.9928E-05 9.9928E-05
9.99101E-05 9.99101E-05 9.99101E-05 9.99101E-05 9.99101E-05 9.99101E-05 0.999001 9.99101E-05 9.99101E-05 9.99101E-05 9.99101E-05
0.00802442 9.9973E-05 0.017404 0.0253871 0.146044 0.0041211 9.9973E-05 0.00478434 0.00958634 0.784349 9.9973E-05
0.00900585 9.9946E-05 0.0440375 9.9946E-05 0.0375965 9.9946E-05 0.018487 9.9946E-05 9.9946E-05 0.890274 9.9946E-05
0.0304644 0.01799 9.99461E-05 0.00954899 0.0615492 9.99461E-05 9.99461E-05 9.99461E-05 9.99461E-05 0.879848 9.99461E-05
9.99281E-05 9.99281E-05 9.99281E-05 9.99281E-05 0.0696009 0.0244541 9.99281E-05 9.99281E-05 9.99281E-05 0.905146 9.99281E-05
0.0973838 0.0732982 0.0277335 9.9955E-05 9.9955E-05 0.0111334 9.9955E-05 0.0190078 9.9955E-05 9.9955E-05 0.770944
9.9937E-05 9.9937E-05 0.0139955 9.9937E-05 0.00498909 0.00552483 0.974791 9.9937E-05 9.9937E-05 9.9937E-05 9.9937E-05
0.0205148 0.0123019 0.0334587 9.9946E-05 0.89915 9.9946E-05 0.0339751 9.9946E-05 9.9946E-05 9.9946E-05 9.9946E-05
9.99551E-05 9.99551E-05 0.0217275 9.99551E-05 0.00776772 9.99551E-05 0.00161298 0.00200474 9.99551E-05 0.0980919 0.868295
0.0219262 0.023967 0.131296 9.99717E-05 9.99717E-05 0.0681119 9.99717E-05 0.0216786 9.99717E-05 0.189906 0.542715
0.0149592 9.9955E-05 9.9955E-05 9.9955E-05 0.0239657 9.9955E-05 0.0149059 0.00148486 9.9955E-05 0.545809 0.398375
0.0441153 9.9955E-05 0.019349 9.9955E-05 9.9955E-05 0.0534306 0.0297693 9.9955E-05 9.9955E-05 0.0507106 0.802125
9.99369E-05 9.99369E-05 9.99369E-05 9.99369E-05 9.99369E-05 9.99369E-05 0.022133 0.00964643 9.99369E-05 0.884695 0.0828264
9.9937E-05 0.0815352 9.9937E-05 9.9937E-05 0.00429068 9.9937E-05 9.9937E-05 9.9937E-05 9.9937E-05 0.0618751 0.8516
0.0745658 0.0344954 9.9955E-05 9.9955E-05 9.9955E-05 9.9955E-05 0.0086458 9.9955E-05 0.0214576 0.797396 0.0629401
9.9928E-05 9.9928E-05 0.025278 9.9928E-05 9.9928E-05 9.9928E-05 9.9928E-05 9.9928E-05 9.9928E-05 0.905476 0.068447
9.9946E-05 0.0692247 0.0234101 9.9946E-05 0.0179966 0.0125919 9.9946E-05 9.9946E-05 9.9946E-05 9.9946E-05 0.876177
0.016058 9.9937E-05 9.9937E-05 9.9937E-05 9.9937E-05 9.9937E-05 0.0262879 9.9937E-05 9.9937E-05 0.0855783 0.871376
9.9973E-05 0.0711105 0.0241481 9.9973E-05 9.9973E-05 0.0553295 0.0214787 0.027077 0.0387631 0.242279 0.519514
9.9937E-05 0.0282349 9.9937E-05 9.9937E-05 9.9937E-05 9.9937E-05 0.0216211 0.0331978 9.9937E-05 9.9937E-05 0.916247
0.0113201 0.0424607 0.0178495 0.00949514 9.9973E-05 9.9973E-05 9.9973E-05 0.000159593 0.00286291 0.0231023 0.89245
9.9946E-05 9.9946E-05 0.0282121 9.9946E-05 9.9946E-05 9.9946E-05 9.9946E-05 0.0247573 0.00193016 0.907417 0.0370841
9.99281E-05 9.99281E-05 9.99281E-05 9.99281E-05 0.18325 9.99281E-05 9.99281E-05 9.99281E-05 9.99281E-05 0.804234 0.0117168
9.9937E-05 0.0805249 9.9937E-05 9.9937E-05 9.9937E-05 9.9937E-05 9.9937E-05 0.0155915 9.9937E-05 0.0796806 0.823503
9.9946E-05 9.9946E-05 0.0552157 9.9946E-05 9.9946E-05 0.0156407 0.00817004 9.9946E-05 9.9946E-05 0.737879 0.182494
9.9937E-05 9.9937E-05 0.0272501 0.00279297 9.9937E-05 9.9937E-05 9.9937E-05 9.9937E-05 9.9937E-05 0.0190666 0.950191
9.9928E-05 9.9928E-05 9.9928E-05 9.9928E-05 9.9928E-05 0.0250816 9.9928E-05 9.9928E-05 9.9928E-05 0.951515 0.022604
9.99281E-05 9.99281E-05 9.99281E-05 0.0168395 9.99281E-05 9.99281E-05 9.99281E-05 9.99281E-05 9.99281E-05 0.0926848 0.889676
9.9937E-05 9.9937E-05 0.0291273 9.9937E-05 9.9937E-05 9.9937E-05 9.9937E-05 0.0257485 9.9937E-05 0.89022 0.0542049
0.683191 9.9946E-05 9.9946E-05 0.0511399 9.9946E-05 0.109219 9.9946E-05 0.059792 0.0960587 9.9946E-05 9.9946E-05
9.9919E-05 9.9919E-05 9.9919E-05 0.623009 9.9919E-05 9.9919E-05 9.9919E-05 9.9919E-05 0.376092 9.9919E-05 9.9919E-05
0.00699305 9.99371E-05 9.99371E-05 0.0851574 0.176384 9.99371E-05 9.99371E-05 9.99371E-05 9.99371E-05 0.730766 9.99371E-05
9.9928E-05 0.0291033 9.9928E-05 9.9928E-05 9.9928E-05 9.9928E-05 9.9928E-05 9.9928E-05 9.9928E-05 0.0457848 0.924313
9.99371E-05 9.99371E-05 0.0195654 9.99371E-05 9.99371E-05 9.99371E-05 9.99371E-05 0.00968603 9.99371E-05 0.901278 0.0687709
0.0339339 9.9946E-05 0.00854477 9.9946E-05 0.325767 9.9946E-05 9.9946E-05 0.064289 0.566866 9.9946E-05 9.9946E-05
0.0370997 0.0756147 0.11859 9.9973E-05 9.9973E-05 0.0110992 0.0344899 0.0209236 9.9973E-05 0.200161 0.501722
9.9973E-05 0.0898254 0.0508459 9.9973E-05 0.0967293 0.0146431 0.0362139 0.00510491 9.9973E-05 0.398072 0.308266
0.0330783 9.9973E-05 0.0194873 0.0246097 9.9973E-05 9.9973E-05 0.0307142 0.00923344 0.00279186 0.0333312 0.846454
9.99549E-05 0.263797 0.122567 0.29471 9.99549E-05 0.0282235 9.99549E-05 0.0181162 0.272087 9.99549E-05 9.99549E-05
0.0357877 0.0160896 0.0210448 0.104994 9.9964E-05 0.0685306 9.9964E-05 0.492402 0.260752 9.9964E-05 9.9964E-05
0.427185 9.9928E-05 0.3755 9.9928E-05 0.196516 9.9928E-05 9.9928E-05 9.9928E-05 9.9928E-05 9.9928E-05 9.9928E-05
9.99369E-05 9.99369E-05 0.896294 9.99369E-05 0.016014 9.99369E-05 9.99369E-05 9.99369E-05 9.99369E-05 0.0632057 0.0237866
0.0873739 9.99549E-05 0.737233 9.99549E-05 0.0293385 9.99549E-05 0.00970536 9.99549E-05 9.99549E-05 0.107388 0.0284618
9.99101E-05 9.99101E-05 0.999001 9.99101E-05 9.99101E-05 9.99101E-05 9.99101E-05 9.99101E-05 9.99101E-05 9.99101E-05 9.99101E-05
9.99281E-05 9.99281E-05 9.99281E-05 0.03393 9.99281E-05 9.99281E-05 0.936922 9.99281E-05 9.99281E-05 0.0283483 9.99281E-05
0.0118698 0.00711152 0.00288776 0.00329985 9.9973E-05 9.9973E-05 0.959091 0.0102451 0.00332139 0.00187368 9.9973E-05
9.9937E-05 0.0450211 9.9937E-05 9.9937E-05 0.42925 9.9937E-05 0.0298876 9.9937E-05 9.9937E-05 0.495141 9.9937E-05
0.0137555 9.9937E-05 9.9937E-05 9.9937E-05 9.9937E-05 9.9937E-05 0.00762612 9.9937E-05 9.9937E-05 0.923109 0.0548102
0.00663041 9.99549E-05 0.0434431 9.99549E-05 9.99549E-05 0.750789 0.00344819 9.99549E-05 9.99549E-05 0.0496901 0.1455
0.0171991 0.00934336 0.00198931 0.839775 9.9946E-05 0.131093 9.9946E-05 9.9946E-05 9.9946E-05 9.9946E-05 9.9946E-05
9.99369E-05 9.99369E-05 9.99369E-05 0.330394 9.99369E-05 0.291915 9.99369E-05 0.204121 0.172871 9.99369E-05 9.99369E-05
9.9937E-05 0.000620187 0.0145967 9.9937E-05 0.954091 9.9937E-05 9.9937E-05 9.9937E-05 0.0299924 9.9937E-05 9.9937E-05
0.161476 0.0126683 0.0799369 0.0183712 0.695043 9.9964E-05 0.0186115 9.9964E-05 9.9964E-05 9.9964E-05 0.0134931
0.181987 9.9964E-05 0.0519101 9.9964E-05 0.67013 9.9964E-05 0.00997645 0.0295791 0.0146744 0.0413438 9.9964E-05
9.9937E-05 0.00287684 0.013977 9.9937E-05 9.9937E-05 9.9937E-05 0.981643 9.9937E-05 9.9937E-05 9.9937E-05 0.000803644
9.9928E-05 9.9928E-05 9.9928E-05 0.749955 9.9928E-05 0.156348 9.9928E-05 9.9928E-05 0.0928971 9.9928E-05 9.9928E-05
9.99369E-05 0.0212362 9.99369E-05 9.99369E-05 0.959651 9.99369E-05 9.99369E-05 0.0113392 9.99369E-05 9.99369E-05 0.00707452
0.792213 9.99369E-05 9.99369E-05 0.00328492 9.99369E-05 0.163763 9.99369E-05 9.99369E-05 0.0400395 9.99369E-05 9.99369E-05
9.9937E-05 0.0136708 9.9937E-05 9.9937E-05 0.0228895 9.9937E-05 9.9937E-05 9.9937E-05 9.9937E-05 0.931636 0.0311045
9.99371E-05 0.0215435 9.99371E-05 9.99371E-05 0.0267436 9.99371E-05 0.00469721 9.99371E-05 9.99371E-05 0.946316 9.99371E-05
0.0363658 9.9964E-05 0.0522223 0.0319138 0.0144879 9.9964E-05 0.791898 0.0503115 9.9964E-05 9.9964E-05 0.0224011
0.0678587 9.9973E-05 0.0308402 0.00889902 0.0316474 0.00518726 0.798112 0.00793136 9.9973E-05 9.9973E-05 0.0492242
0.00237631 0.0111915 0.0484185 9.9973E-05 0.0341806 9.9973E-05 0.859558 0.028223 9.9973E-05 0.0119188 0.00383365
0.0233884 9.99281E-05 9.99281E-05 0.02186 9.99281E-05 9.99281E-05 0.953952 9.99281E-05 9.99281E-05 9.99281E-05 9.99281E-05
9.9928E-05 9.9928E-05 0.0279526 9.9928E-05 0.00368689 9.9928E-05 0.967561 9.9928E-05 9.9928E-05 9.9928E-05 9.9928E-05
0.0139145 9.9937E-05 9.9937E-05 0.00362374 9.9937E-05 9.9937E-05 0.974163 9.9937E-05 0.00759929 9.9937E-05 9.9937E-05
0.0141041 0.00644461 9.9937E-05 9.9937E-05 9.9937E-05 9.9937E-05 0.968367 9.9937E-05 0.0103846 9.9937E-05 9.9937E-05
9.9946E-05 0.00320996 9.9946E-05 0.00431963 9.9946E-05 0.0141015 0.965115 9.9946E-05 9.9946E-05 0.0126542 9.9946E-05
9.9946E-05 0.000597003 0.00115472 9.9946E-05 9.9946E-05 9.9946E-05 0.968989 9.9946E-05 0.014829 0.0138304 9.9946E-05
9.99281E-05 0.00449289 9.99281E-05 9.99281E-05 9.99281E-05 9.99281E-05 0.983734 9.99281E-05 0.0109741 9.99281E-05 9.99281E-05
0.0196654 0.0120151 9.9955E-05 9.9955E-05 0.00932191 0.0233541 0.929545 9.9955E-05 9.9955E-05 0.00559896 9.9955E-05
0.0304172 0.0108476 0.0128785 9.9964E-05 0.0111351 0.0145565 0.918318 0.00144703 9.9964E-05 9.9964E-05 9.9964E-05
9.99371E-05 9.99371E-05 9.99371E-05 0.00649025 9.99371E-05 0.0257325 0.949065 9.99371E-05 9.99371E-05 0.0180124 9.99371E-05
9.99281E-05 9.99281E-05 9.99281E-05 9.99281E-05 9.99281E-05 9.99281E-05 0.526434 9.99281E-05 9.99281E-05 0.0412316 0.431535
9.99191E-05 9.99191E-05 9.99191E-05 9.99191E-05 9.99191E-05 9.99191E-05 0.571097 9.99191E-05 9.99191E-05 9.99191E-05 0.428004
9.9919E-05 9.9919E-05 9.9919E-05 9.9919E-05 9.9919E-05 9.9919E-05 0.99583 9.9919E-05 9.9919E-05 0.00327075 9.9919E-05
0.03213 9.9937E-05 0.0388753 9.9937E-05 9.9937E-05 0.00898206 0.919313 9.9937E-05 9.9937E-05 9.9937E-05 9.9937E-05
9.99371E-05 0.0117905 0.0481925 9.99371E-05 9.99371E-05 9.99371E-05 0.930114 9.99371E-05 0.0092032 9.99371E-05 9.99371E-05
0.0177372 0.0239349 9.9964E-05 0.0163006 9.9964E-05 0.013406 0.912921 0.00314529 9.9964E-05 9.9964E-05 0.012155
0.00173 9.99284E-05 9.99284E-05 9.99284E-05 9.99284E-05 9.99284E-05 0.990618 9.99284E-05 0.00685251 9.99284E-05 9.99284E-05
9.99371E-05 0.00241685 9.99371E-05 9.99371E-05 9.99371E-05 9.99371E-05 0.538679 9.99371E-05 9.99371E-05 0.0138679 0.444336
9.9964E-05 0.0298299 0.0256911 0.0118713 9.9964E-05 9.9964E-05 0.862076 0.00517769 9.9964E-05 0.00402133 0.0609327
9.9946E-05 0.0004595 9.9946E-05 0.00102992 0.0346487 9.9946E-05 0.94219 9.9946E-05 0.0210721 9.9946E-05 9.9946E-05
0.0254637 9.9937E-05 0.00305583 0.00993092 9.9937E-05 9.9937E-05 0.96085 9.9937E-05 9.9937E-05 9.9937E-05 9.9937E-05
9.9964E-05 9.9964E-05 0.0305892 0.00339456 0.00385667 0.00396204 0.933749 0.00296241 0.0210865 9.9964E-05 9.9964E-05
0.00428174 9.9973E-05 0.0255264 0.0353994 0.00684042 9.9973E-05 0.847639 0.0044503 9.9973E-05 0.047854 0.027709
0.0131664 9.9964E-05 0.0210009 9.9964E-05 0.0122135 9.9964E-05 0.922423 0.0115069 9.9964E-05 0.00464532 0.0146441
9.9946E-05 0.793306 9.9946E-05 0.0527503 0.0649451 9.9946E-05 9.9946E-05 0.0181842 9.9946E-05 9.9946E-05 0.0702147
9.99461E-05 0.0282889 0.00593865 9.99461E-05 9.99461E-05 0.0184408 0.942413 9.99461E-05 0.00431894 9.99461E-05 9.99461E-05
9.9919E-05 0.0277227 9.9919E-05 9.9919E-05 9.9919E-05 9.9919E-05 0.971378 9.9919E-05 9.9919E-05 9.9919E-05 9.9919E-05
9.9964E-05 9.9964E-05 0.0349617 9.9964E-05 0.0143323 0.0389905 0.7183 0.0203132 0.1057 9.9964E-05 0.0670021
9.99101E-05 9.99101E-05 9.99101E-05 9.99101E-05 9.99101E-05 9.99101E-05 0.999001 9.99101E-05 9.99101E-05 9.99101E-05 9.99101E-05
9.9937E-05 0.00452313 9.9937E-05 9.9937E-05 0.0194253 9.9937E-05 0.974117 9.9937E-05 9.9937E-05 9.9937E-05 0.0012353
9.99281E-05 9.99281E-05 9.99281E-05 9.99281E-05 9.99281E-05 0.0214375 0.976155 9.99281E-05 0.00160844 9.99281E-05 9.99281E-05
9.9955E-05 0.00130578 9.9955E-05 0.00783248 9.9955E-05 9.9955E-05 0.961115 0.0144577 9.9955E-05 0.0103603 0.00442865
9.99459E-05 0.328102 9.99459E-05 9.99459E-05 9.99459E-05 9.99459E-05 0.0267744 0.00334913 0.0042617 9.99459E-05 0.636913
9.99281E-05 9.99281E-05 9.99281E-05 9.99281E-05 9.99281E-05 9.99281E-05 0.991905 9.99281E-05 0.000143732 0.00715216 9.99281E-05
0.0361373 9.9937E-05 0.0166967 9.9937E-05 9.9937E-05 9.9937E-05 0.930169 0.0162977 9.9937E-05 9.9937E-05 9.9937E-05
9.9919E-05 9.9919E-05 9.9919E-05 9.9919E-05 9.9919E-05 9.9919E-05 0.99613 0.0029707 9.9919E-05 9.9919E-05 9.9919E-05
9.99369E-05 0.446199 9.99369E-05 9.99369E-05 0.0281419 9.99369E-05 9.99369E-05 9.99369E-05 9.99369E-05 0.245091 0.279869
0.00103657 0.0308782 9.99551E-05 0.0282416 9.99551E-05 9.99551E-05 0.924079 0.0126295 0.00263495 9.99551E-05 9.99551E-05
0.0112344 9.9946E-05 0.0311713 9.9946E-05 9.9946E-05 9.9946E-05 0.935719 0.0111672 9.9946E-05 0.0101082 9.9946E-05
9.9928E-05 9.9928E-05 0.029476 9.9928E-05 9.9928E-05 9.9928E-05 0.957761 9.9928E-05 9.9928E-05 9.9928E-05 0.0119639
9.9919E-05 9.9919E-05 0.00812339 9.9919E-05 9.9919E-05 9.9919E-05 0.990977 9.9919E-05 9.9919E-05 9.9919E-05 9.9919E-05
0.0144272 0.0301653 0.0564217 9.9973E-05 0.00412667 0.0318079 0.0147969 9.9973E-05 9.9973E-05 0.238133 0.609821
9.99191E-05 0.00802965 9.99191E-05 9.99191E-05 9.99191E-05 9.99191E-05 0.991071 9.99191E-05 9.99191E-05 9.99191E-05 9.99191E-05
0.0241804 0.00559023 0.0287857 0.0074638 9.9964E-05 9.9964E-05 0.910057 0.00762209 0.0159013 9.9964E-05 9.9964E-05
9.99371E-05 9.99371E-05 9.99371E-05 9.99371E-05 0.00271425 9.99371E-05 0.523293 9.99371E-05 9.99371E-05 0.0196016 0.453692
0.00540703 0.0150989 9.9937E-05 9.9937E-05 9.9937E-05 9.9937E-05 0.95967 9.9937E-05 9.9937E-05 0.0191242 9.9937E-05
9.99459E-05 9.99459E-05 9.99459E-05 9.99459E-05 0.0141839 0.0567255 0.01279 9.99459E-05 9.99459E-05 0.705937 0.209764
9.9946E-05 9.9946E-05 0.00683987 0.0157921 9.9946E-05 0.0471448 9.9946E-05 9.9946E-05 9.9946E-05 0.642201 0.287422
0.0136422 0.0382201 0.0277209 9.9973E-05 9.9973E-05 0.00159868 0.0119719 9.9973E-05 0.0397694 0.854912 0.0118651
0.00196339 0.0912563 9.9964E-05 9.9964E-05 0.0242595 9.9964E-05 0.029785 9.9964E-05 0.0250836 0.0406143 0.786638
0.00486927 9.9982E-05 0.0832148 0.0173999 0.774787 0.033195 0.0479585 0.0147605 9.9982E-05 0.00430854 0.019307
9.9955E-05 0.0375055 0.0134668 9.9955E-05 9.9955E-05 9.9955E-05 0.0486437 9.9955E-05 0.0283006 0.849975 0.0216085
9.9982E-05 0.0357519 0.013298 0.0236766 0.335755 0.0689628 9.9982E-05 0.0244041 0.0113725 0.330669 0.15591
9.9946E-05 9.9946E-05 9.9946E-05 0.0311048 9.9946E-05 9.9946E-05 0.0153167 0.00143404 9.9946E-05 0.752029 0.199515
9.9955E-05 9.9955E-05 9.9955E-05 0.00120005 0.0445538 0.0299883 9.9955E-05 0.0500315 9.9955E-05 0.633431 0.240296
0.00721005 9.9964E-05 9.9964E-05 9.9964E-05 0.00195473 0.0537155 0.00100049 0.0225834 9.9964E-05 0.707302 0.205834
9.9955E-05 9.9955E-05 9.9955E-05 9.9955E-05 0.030642 0.029271 9.9955E-05 0.0588725 0.0291312 0.586301 0.265282
9.9955E-05 9.9955E-05 9.9955E-05 0.0215739 9.9955E-05 0.0435605 0.00784111 0.0385022 9.9955E-05 0.57488 0.313142
9.9946E-05 9.9946E-05 9.9946E-05 0.0156572 9.9946E-05 0.00205628 0.0212542 9.9946E-05 9.9946E-05 0.937858 0.022575
9.9973E-05 0.0247353 9.9973E-05 0.00170722 0.0756224 0.00457695 0.0321153 0.0076209 0.00848302 0.844839 9.9973E-05
9.9964E-05 0.0516301 9.9964E-05 0.00755131 0.111401 9.9964E-05 0.0148572 0.012528 0.00217818 0.799455 9.9964E-05
9.9964E-05 9.9964E-05 0.00569212 9.9964E-05 0.0424979 0.0269387 0.0246749 0.0673866 9.9964E-05 0.0818383 0.750572
9.9928E-05 9.9928E-05 9.9928E-05 9.9928E-05 9.9928E-05 0.0197839 9.9928E-05 9.9928E-05 0.966867 9.9928E-05 0.0125492
0.0375213 0.00750886 9.9946E-05 9.9946E-05 9.9946E-05 0.0352591 0.0120019 9.9946E-05 0.907109 9.9946E-05 9.9946E-05
9.9964E-05 9.9964E-05 0.061696 0.594401 0.00871392 0.0682667 9.9964E-05 0.0174435 0.23582 0.0132592 9.9964E-05
9.9973E-05 0.129648 9.9973E-05 0.0139258 0.304579 0.0928394 0.0923272 9.9973E-05 0.0160469 0.105962 0.244372
0.0415196 9.9928E-05 9.9928E-05 9.9928E-05 9.9928E-05 9.9928E-05 9.9928E-05 0.00519521 0.952486 9.9928E-05 9.9928E-05
0.0684162 9.9937E-05 9.9937E-05 9.9937E-05 9.9937E-05 0.0470895 0.00716506 9.9937E-05 0.87663 9.9937E-05 9.9937E-05
0.00722578 0.18598 9.9973E-05 0.0308787 0.222833 9.9973E-05 0.123225 9.9973E-05 0.0219373 0.383748 0.0238725
0.024143 9.9955E-05 9.9955E-05 0.394299 9.9955E-05 0.130073 0.00205708 0.237235 0.211694 9.9955E-05 9.9955E-05
0.0331592 9.9982E-05 9.9982E-05 0.402805 0.0150371 0.0827871 0.00283931 0.324047 0.106929 0.00759118 0.0246047
0.0665634 9.9955E-05 9.9955E-05 0.408787 9.9955E-05 0.0642008 9.9955E-05 0.360612 0.0781557 0.0211811 9.9955E-05
0.0779425 0.00907401 9.9973E-05 0.238964 0.0435137 0.0330227 0.0119847 0.553828 9.9973E-05 9.9973E-05 0.0313707
0.0806245 0.00167676 9.9973E-05 0.252238 0.0193799 0.0309589 0.020483 0.567871 9.9973E-05 9.9973E-05 0.0264676
0.0294589 9.9973E-05 0.00404424 0.414458 0.00956033 0.0185289 9.9973E-05 0.395012 0.0885125 9.9973E-05 0.0401253
0.0935068 9.99369E-05 0.129015 9.99369E-05 0.730708 9.99369E-05 9.99369E-05 0.0460706 9.99369E-05 9.99369E-05 9.99369E-05
0.0276076 9.9946E-05 9.9946E-05 0.619101 9.9946E-05 9.9946E-05 9.9946E-05 0.00504696 0.330514 9.9946E-05 0.0171307
0.0291956 0.0836466 9.9964E-05 9.9964E-05 0.0259628 9.9964E-05 9.9964E-05 0.00104962 0.0122142 0.0164679 0.831063
9.9928E-05 0.316304 9.9928E-05 9.9928E-05 9.9928E-05 9.9928E-05 0.00827885 9.9928E-05 9.9928E-05 9.9928E-05 0.674618
9.9973E-05 0.000120582 0.0108738 0.82396 9.9973E-05 0.0517992 0.00516549 0.00324987 0.0774889 9.9973E-05 0.0270422
0.118581 0.00179844 0.092487 0.125487 0.0386907 0.0551431 0.116749 0.0464533 0.0838465 0.161257 0.159507
9.9973E-05 0.00270992 0.100919 0.00808091 0.756501 0.0358846 9.9973E-05 0.0162968 0.0496459 9.9973E-05 0.0296623
9.9955E-05 0.0398949 9.9955E-05 0.0578517 0.157186 9.9955E-05 9.9955E-05 0.0112034 0.0422021 0.691162 9.9955E-05
9.9964E-05 0.0925076 0.0177219 9.9964E-05 0.0448484 9.9964E-05 0.00883308 0.0411818 9.9964E-05 0.0637149 0.730792
9.9964E-05 0.00296269 9.9964E-05 0.0452094 0.165666 9.9964E-05 0.0238721 0.0196817 0.233248 0.508961 9.9964E-05
0.0101401 0.00629761 0.0171448 9.9982E-05 0.810959 0.0385232 9.9982E-05 0.01635 0.0452457 0.00328717 0.0518527
9.9955E-05 9.9955E-05 0.0180569 9.9955E-05 0.0092249 9.9955E-05 0.0330914 0.174314 0.698038 9.9955E-05 0.0667751
0.0132408 9.9964E-05 0.102957 0.00908172 0.823335 0.0324618 0.0145012 0.00402264 9.9964E-05 9.9964E-05 9.9964E-05
0.249004 9.9964E-05 0.143136 9.9964E-05 9.9964E-05 0.343371 0.0285636 9.9964E-05 0.0133757 0.103967 0.118183
9.99279E-05 0.314272 9.99279E-05 9.99279E-05 9.99279E-05 9.99279E-05 0.0101415 9.99279E-05 9.99279E-05 9.99279E-05 0.674787
0.00230452 9.9955E-05 9.9955E-05 0.593956 0.0490388 9.9955E-05 0.00655875 9.9955E-05 0.32943 9.9955E-05 0.0182126
9.9937E-05 9.9937E-05 9.9937E-05 0.418313 0.0583926 9.9937E-05 9.9937E-05 0.0480569 9.9937E-05 0.474538 9.9937E-05
9.9946E-05 9.9946E-05 9.9946E-05 0.855517 9.9946E-05 9.9946E-05 0.0485843 0.0475541 9.9946E-05 0.0281128 0.0196323
0.00128266 0.181365 0.106784 0.0433084 0.313763 9.9982E-05 0.024222 0.00339576 0.0726 0.253079 9.9982E-05
9.9928E-05 9.9928E-05 9.9928E-05 0.977015 9.9928E-05 9.9928E-05 0.0159162 9.9928E-05 9.9928E-05 9.9928E-05 0.00626965
9.9946E-05 9.9946E-05 0.0132533 0.033299 0.875893 9.9946E-05 9.9946E-05 9.9946E-05 9.9946E-05 0.0553783 0.0215764
0.0262902 0.0135245 9.9973E-05 0.787727 0.0431939 9.9973E-05 0.0298119 0.0191582 9.9973E-05 0.0427041 0.0372899
0.0168926 9.9964E-05 9.9964E-05 0.789435 0.0643053 9.9964E-05 0.0251002 0.0214009 9.9964E-05 0.054822 0.0276436
9.9946E-05 0.0526621 9.9946E-05 0.0632393 0.0810405 9.9946E-05 9.9946E-05 0.000422569 9.9946E-05 9.9946E-05 0.802036
0.055428 0.0970088 9.99731E-05 0.0158247 0.0603753 0.0493527 9.99731E-05 9.99731E-05 0.291444 0.110872 0.319394
9.9973E-05 0.217216 9.9973E-05 0.0448495 0.221181 9.9973E-05 0.0217433 0.0266858 0.00306693 0.266088 0.198869
0.040207 0.0235269 9.9973E-05 0.0642702 0.00324048 0.0146719 0.0188016 0.799487 9.9973E-05 0.0354948 9.9973E-05
0.030803 9.9946E-05 9.9946E-05 0.00118314 9.9946E-05 0.0468526 9.9946E-05 0.894588 9.9946E-05 0.0259736 9.9946E-05
0.0163714 0.0298864 9.9955E-05 9.9955E-05 0.0292436 0.10674 0.0129407 0.804318 9.9955E-05 9.9955E-05 9.9955E-05
0.0228333 9.9973E-05 9.9973E-05 0.0122973 0.0439147 0.0408565 0.0101099 0.831919 9.9973E-05 0.0192057 0.0185636
9.9937E-05 0.111749 9.9937E-05 9.9937E-05 9.9937E-05 0.0218665 9.9937E-05 0.0152084 9.9937E-05 9.9937E-05 0.850477
0.0140281 0.0470348 0.00741237 0.00397923 9.9973E-05 0.0677964 0.0123235 9.9973E-05 9.9973E-05 0.00790215 0.839223
9.99639E-05 0.179397 0.0978034 9.99639E-05 0.00497199 9.99639E-05 0.00904572 0.02156 9.99639E-05 0.0271201 0.659702
0.0445268 9.9955E-05 0.071913 0.274738 9.9955E-05 0.0104106 9.9955E-05 0.397792 0.20012 9.9955E-05 9.9955E-05
0.0953288 0.0676628 0.0538685 0.106591 0.0706181 0.0720934 0.0718074 0.119135 0.0280332 0.0940592 0.220802
0.160175 9.9964E-05 0.0257544 9.9964E-05 0.0396248 0.279646 0.121099 0.0235529 9.9964E-05 9.9964E-05 0.349748
0.0206763 0.00497735 0.0841454 0.0173094 9.9982E-05 0.0217632 0.0132645 0.00232786 9.9982E-05 0.10017 0.735166
0.0567689 9.9964E-05 0.042416 9.9964E-05 9.9964E-05 0.140782 0.0703147 9.9964E-05 0.0166965 0.0592507 0.613371
0.081381 0.0399675 9.9955E-05 9.9955E-05 9.9955E-05 0.143506 0.0166008 0.045311 9.9955E-05 9.9955E-05 0.672733
0.108463 0.00450812 9.9964E-05 9.9964E-05 9.9964E-05 0.227744 0.128211 9.9964E-05 0.0270871 0.0410672 0.462521
0.8354 0.0377134 9.9955E-05 9.9955E-05 0.00174804 9.9955E-05 9.9955E-05 0.0351895 0.0373037 0.0521458 9.9955E-05
0.0161417 9.9955E-05 9.9955E-05 9.9955E-05 0.0992518 0.0200579 0.000140261 9.9955E-05 9.9955E-05 0.844337 0.0195711
9.9964E-05 0.0585518 0.0068201 9.9964E-05 0.121634 9.9964E-05 0.0521116 0.00706018 9.9964E-05 0.552966 0.200456
9.9946E-05 9.9946E-05 0.0079367 0.917269 9.9946E-05 0.0632992 9.9946E-05 9.9946E-05 0.00762048 0.0032751 9.9946E-05
0.0395653 9.9937E-05 9.9937E-05 0.849583 9.9937E-05 0.0906565 9.9937E-05 9.9937E-05 9.9937E-05 0.0194955 9.9937E-05
0.00971509 9.9955E-05 9.9955E-05 0.818121 9.9955E-05 0.109833 9.9955E-05 9.9955E-05 0.0255809 0.024524 0.011726
0.0763056 0.00432516 0.0455592 0.312807 0.00543827 0.228402 9.9973E-05 0.154755 0.172107 9.9973E-05 9.9973E-05
9.99278E-05 9.99278E-05 0.00457414 0.0360306 9.99278E-05 0.958596 9.99278E-05 9.99278E-05 9.99278E-05 9.99278E-05 9.99278E-05
9.99187E-05 9.99187E-05 9.99187E-05 0.00972979 9.99187E-05 0.989371 9.99187E-05 9.99187E-05 9.99187E-05 9.99187E-05 9.99187E-05
0.041595 0.0647843 0.00770992 9.9946E-05 9.9946E-05 0.0464493 9.9946E-05 9.9946E-05 9.9946E-05 9.9946E-05 0.838862
0.0558382 0.0370205 0.0321238 0.00454574 9.9982E-05 0.0332969 0.0228985 0.0230191 9.9982E-05 0.0143675 0.77669
0.0053039 0.0669807 9.9946E-05 9.9946E-05 0.0346997 9.9946E-05 9.9946E-05 9.9946E-05 9.9946E-05 0.0151612 0.877255
0.0514913 9.9973E-05 0.00761049 0.0338155 0.814378 0.00326843 0.014625 9.9973E-05 9.9973E-05 0.0687464 0.00576531
9.9955E-05 0.000642879 9.9955E-05 0.910671 9.9955E-05 0.00441408 0.0240099 0.0302568 9.9955E-05 9.9955E-05 0.0295059
9.9937E-05 0.00801305 9.9937E-05 0.926894 9.9937E-05 9.9937E-05 0.0351365 9.9937E-05 0.0292569 9.9937E-05 9.9937E-05
9.9946E-05 0.0134034 9.9946E-05 0.911097 0.000452708 9.9946E-05 9.9946E-05 0.00558369 0.0688634 9.9946E-05 9.9946E-05
9.9955E-05 9.9955E-05 9.9955E-05 0.793548 0.00385803 0.00913376 9.9955E-05 0.0503153 0.118717 0.0239276 9.9955E-05
9.9964E-05 0.0163945 0.0385277 0.820655 9.9964E-05 9.9964E-05 0.0132405 0.0307334 0.0698066 0.0102419 9.9964E-05
0.0205922 9.99371E-05 9.99371E-05 0.0823787 0.184714 9.99371E-05 9.99371E-05 9.99371E-05 9.99371E-05 0.711615 9.99371E-05
9.9982E-05 0.0199353 0.0587692 0.129637 0.012835 0.293098 0.0509918 0.0696423 0.333275 9.9982E-05 0.0316163
9.9919E-05 9.9919E-05 9.9919E-05 9.9919E-05 0.973317 0.0257839 9.9919E-05 9.9919E-05 9.9919E-05 9.9919E-05 9.9919E-05
9.99461E-05 0.0091633 9.99461E-05 0.0695016 0.217137 9.99461E-05 9.99461E-05 0.00193228 9.99461E-05 0.701667 9.99461E-05
9.99189E-05 0.995472 9.99189E-05 9.99189E-05 9.99189E-05 9.99189E-05 9.99189E-05 9.99189E-05 9.99189E-05 9.99189E-05 0.00362851
9.9919E-05 9.9919E-05 9.9919E-05 9.9919E-05 0.203039 9.9919E-05 9.9919E-05 9.9919E-05 9.9919E-05 0.796062 9.9919E-05
9.99191E-05 9.99191E-05 9.99191E-05 9.99191E-05 0.237747 9.99191E-05 9.99191E-05 9.99191E-05 9.99191E-05 0.761353 9.99191E-05
9.9928E-05 9.9928E-05 9.9928E-05 0.0032432 0.252667 9.9928E-05 9.9928E-05 9.9928E-05 9.9928E-05 0.74329 9.9928E-05
9.9964E-05 0.00178646 9.9964E-05 0.899692 0.00879616 9.9964E-05 0.0138634 0.0149087 9.9964E-05 0.0339401 0.0266135
9.9928E-05 9.9928E-05 0.00113334 0.963762 0.0343049 9.9928E-05 9.9928E-05 9.9928E-05 9.9928E-05 9.9928E-05 9.9928E-05
9.99549E-05 0.264443 0.194473 0.236007 9.99549E-05 0.0176219 9.99549E-05 0.00348483 0.28347 9.99549E-05 9.99549E-05
0.0342804 9.9946E-05 9.9946E-05 0.924267 9.9946E-05 9.9946E-05 0.0155842 9.9946E-05 0.0209065 0.00436265 9.9946E-05
9.99101E-05 9.99101E-05 9.99101E-05 0.999001 9.99101E-05 9.99101E-05 9.99101E-05 9.99101E-05 9.99101E-05 9.99101E-05 9.99101E-05
9.99551E-05 0.0234945 9.99551E-05 0.275545 0.0672541 9.99551E-05 0.00761866 9.99551E-05 0.166417 0.45917 9.99551E-05
0.000200263 9.9955E-05 9.9955E-05 0.76361 9.9955E-05 0.120482 9.9955E-05 0.0365174 0.0570377 9.9955E-05 0.0216525
9.9937E-05 9.9937E-05 9.9937E-05 0.73139 9.9937E-05 0.136452 9.9937E-05 9.9937E-05 0.105225 9.9937E-05 0.026234
0.0330372 9.9973E-05 0.270637 0.0791756 9.9973E-05 0.383675 0.0276574 0.0205003 0.156843 9.9973E-05 0.0281748
9.9955E-05 0.0085898 0.036212 9.9955E-05 0.893477 0.00330093 0.0179105 9.9955E-05 9.9955E-05 0.0400099 9.9955E-05
9.9955E-05 0.0767075 9.9955E-05 0.632509 0.106478 9.9955E-05 9.9955E-05 0.00250922 0.178541 0.00275526 9.9955E-05
9.9964E-05 0.0482053 9.9964E-05 9.9964E-05 0.000532226 9.9964E-05 0.427253 0.0731287 0.162482 0.0072413 0.280757
9.9946E-05 0.00678183 9.9946E-05 0.559709 0.0563278 9.9946E-05 9.9946E-05 9.9946E-05 0.315749 0.0608329 9.9946E-05
0.015903 0.0180908 9.9937E-05 0.940565 9.9937E-05 9.9937E-05 0.0247412 9.9937E-05 9.9937E-05 9.9937E-05 9.9937E-05
9.9946E-05 0.0364906 9.9946E-05 0.0230936 0.152949 9.9946E-05 9.9946E-05 0.0293737 9.9946E-05 0.757493 9.9946E-05
0.0429667 0.0150204 9.9955E-05 0.253945 0.115213 9.9955E-05 9.9955E-05 9.9955E-05 0.0157239 0.556631 9.9955E-05
0.0322629 9.9946E-05 0.0820987 9.9946E-05 0.842904 0.00186082 9.9946E-05 9.9946E-05 9.9946E-05 9.9946E-05 0.040274
0.931222 9.9928E-05 0.0585945 9.9928E-05 9.9928E-05 0.00938393 9.9928E-05 9.9928E-05 9.9928E-05 9.9928E-05 9.9928E-05
9.9928E-05 9.9928E-05 0.0393103 9.9928E-05 9.9928E-05 9.9928E-05 9.9928E-05 9.9928E-05 9.9928E-05 0.891476 0.0684141
9.99279E-05 9.99279E-05 0.919047 9.99279E-05 0.00837001 9.99279E-05 9.99279E-05 9.99279E-05 9.99279E-05 0.0717833 9.99279E-05
0.0105225 9.9955E-05 0.0216466 0.0288845 0.880295 9.9955E-05 9.9955E-05 9.9955E-05 9.9955E-05 0.0271145 0.0310376
0.00264669 9.9946E-05 9.9946E-05 0.0508487 0.877718 9.9946E-05 9.9946E-05 9.9946E-05 9.9946E-05 0.055352 0.0128352
9.99101E-05 9.99101E-05 0.999001 9.99101E-05 9.99101E-05 9.99101E-05 9.99101E-05 9.99101E-05 9.99101E-05 9.99101E-05 9.99101E-05
0.461994 0.0107337 0.0654116 0.00709707 0.105028 9.9973E-05 9.9973E-05 0.0251351 0.0425453 0.281755 9.9973E-05
0.00499136 0.0121106 0.0792467 9.9955E-05 0.880906 9.9955E-05 0.0113892 9.9955E-05 9.9955E-05 9.9955E-05 0.0108568
0.0254163 9.9973E-05 0.262311 0.111041 9.9973E-05 0.355139 0.0468383 0.0062923 0.149772 9.9973E-05 0.0428906
9.9937E-05 0.0986596 9.9937E-05 9.9937E-05 0.037174 9.9937E-05 9.9937E-05 9.9937E-05 9.9937E-05 0.0163152 0.847152
9.99101E-05 0.999001 9.99101E-05 9.99101E-05 9.99101E-05 9.99101E-05 9.99101E-05 9.99101E-05 9.99101E-05 9.99101E-05 9.99101E-05
9.99101E-05 9.99101E-05 9.99101E-05 9.99101E-05 9.99101E-05 9.99101E-05 0.999001 9.99101E-05 9.99101E-05 9.99101E-05 9.99101E-05
0.0139958 0.346967 0.0518078 0.0281557 0.0863589 9.9973E-05 9.9973E-05 0.0155314 9.9973E-05 0.017074 0.439809
9.9946E-05 0.134351 9.9946E-05 9.9946E-05 0.0499592 9.9946E-05 0.0112839 9.9946E-05 9.9946E-05 0.0658087 0.737998
9.9928E-05 9.9928E-05 9.9928E-05 9.9928E-05 0.596892 9.9928E-05 9.9928E-05 9.9928E-05 9.9928E-05 0.0545557 0.347752
9.9946E-05 0.0453205 9.9946E-05 9.9946E-05 0.043072 9.9946E-05 0.0345283 9.9946E-05 9.9946E-05 0.0563392 0.82014
0.109206 0.106814 0.0238497 9.9964E-05 9.9964E-05 9.9964E-05 0.0315563 0.0243686 9.9964E-05 0.543584 0.160221
9.9919E-05 0.283112 9.9919E-05 9.9919E-05 9.9919E-05 9.9919E-05 9.9919E-05 9.9919E-05 9.9919E-05 9.9919E-05 0.715989
0.177303 9.99549E-05 0.303375 9.99549E-05 9.99549E-05 0.297965 0.0784348 9.99549E-05 9.99549E-05 0.0327111 0.109712
9.9955E-05 9.9955E-05 0.649944 9.9955E-05 0.0253421 0.0942857 9.9955E-05 0.0410254 9.9955E-05 0.125387 0.0635164
0.152929 0.059251 0.0566115 9.9973E-05 0.123196 0.174975 0.0299178 9.9973E-05 9.9973E-05 0.267821 0.134998
0.0191079 0.110473 0.00750248 0.0143892 0.0111265 9.9973E-05 0.00121512 9.9973E-05 9.9973E-05 0.0323485 0.803537
9.9937E-05 9.9937E-05 0.0114671 0.831002 9.9937E-05 9.9937E-05 0.0116997 9.9937E-05 0.145131 9.9937E-05 9.9937E-05
9.9937E-05 9.9937E-05 0.0288646 0.0022954 9.9937E-05 9.9937E-05 9.9937E-05 9.9937E-05 9.9937E-05 0.932009 0.0361312
0.256637 9.99549E-05 0.175313 9.99549E-05 9.99549E-05 0.368155 0.0538285 9.99549E-05 9.99549E-05 0.0145365 0.13103
0.0142352 9.9937E-05 0.0506819 9.9937E-05 9.9937E-05 9.9937E-05 9.9937E-05 9.9937E-05 9.9937E-05 0.89408 0.0403034
9.9928E-05 9.9928E-05 9.9928E-05 0.760625 9.9928E-05 0.159583 9.9928E-05 9.9928E-05 0.0789918 9.9928E-05 9.9928E-05
9.9937E-05 0.0140037 9.9937E-05 9.9937E-05 0.961885 0.0152567 0.00815521 9.9937E-05 9.9937E-05 9.9937E-05 9.9937E-05
9.9937E-05 9.9937E-05 9.9937E-05 9.9937E-05 0.0226865 9.9937E-05 0.962266 0.00403741 0.0103108 9.9937E-05 9.9937E-05
9.9973E-05 9.9973E-05 0.0593237 9.9973E-05 0.0255546 0.0585022 0.679279 0.0131248 0.110449 0.000371073 0.0530961
0.0350079 9.99281E-05 9.99281E-05 9.99281E-05 0.0335712 9.99281E-05 9.99281E-05 9.99281E-05 9.99281E-05 9.99281E-05 0.930621
9.9946E-05 0.0635691 9.9946E-05 9.9946E-05 0.159193 9.9946E-05 0.0391429 9.9946E-05 9.9946E-05 0.535981 0.201514
9.99101E-05 9.99101E-05 9.99101E-05 9.99101E-05 0.999001 9.99101E-05 9.99101E-05 9.99101E-05 9.99101E-05 9.99101E-05 9.99101E-05
9.99101E-05 9.99101E-05 9.99101E-05 9.99101E-05 0.999001 9.99101E-05 9.99101E-05 9.99101E-05 9.99101E-05 9.99101E-05 9.99101E-05
0.0371825 0.0229379 0.0247534 0.0566114 0.171404 0.00376519 9.9982E-05 0.0271133 0.115846 0.540187 9.9982E-05
9.9955E-05 0.0670779 9.9955E-05 9.9955E-05 0.0964669 0.0029359 0.0292229 9.9955E-05 9.9955E-05 0.580565 0.223232
0.025365 0.00298957 0.00689424 0.835682 9.9955E-05 0.124272 9.9955E-05 9.9955E-05 0.00429703 9.9955E-05 9.9955E-05
9.99187E-05 9.99187E-05 9.99187E-05 0.0117373 9.99187E-05 0.987363 9.99187E-05 9.99187E-05 9.99187E-05 9.99187E-05 9.99187E-05
9.99369E-05 9.99369E-05 9.99369E-05 0.462262 9.99369E-05 0.261044 9.99369E-05 0.186312 0.0896823 9.99369E-05 9.99369E-05
9.99459E-05 9.99459E-05 9.99459E-05 9.99459E-05 9.99459E-05 0.479772 0.0500055 0.276042 0.172232 9.99459E-05 0.0213491
9.9973E-05 0.00284332 9.9973E-05 9.9973E-05 0.00775395 0.529213 0.0311633 0.253487 0.168743 0.00103845 0.0054577
9.9946E-05 9.9946E-05 9.9946E-05 0.170886 0.0148183 0.391067 9.9946E-05 0.148058 0.274571 9.9946E-05 9.9946E-05
9.99188E-05 9.99188E-05 9.99188E-05 0.0119156 9.99188E-05 0.987185 9.99188E-05 9.99188E-05 9.99188E-05 9.99188E-05 9.99188E-05
9.9973E-05 0.064244 9.9973E-05 0.0791512 0.0115431 0.385528 0.017804 0.282334 0.156166 0.00292878 9.9973E-05
9.9946E-05 0.0258211 9.9946E-05 0.104135 9.9946E-05 0.374681 9.9946E-05 0.113802 0.380961 9.9946E-05 9.9946E-05
0.153498 0.000594218 0.182049 9.99639E-05 0.0456118 0.540641 0.0307218 9.99639E-05 9.99639E-05 9.99639E-05 0.0464835
9.9946E-05 0.0171512 9.9946E-05 0.257981 9.9946E-05 0.363793 9.9946E-05 0.133019 0.227456 9.9946E-05 9.9946E-05
0.131993 0.00103114 0.146712 9.9982E-05 0.0131043 0.56987 0.051213 0.00383866 9.9982E-05 0.0110068 0.0710302
0.133373 9.9946E-05 0.714803 9.9946E-05 0.0675367 9.9946E-05 0.00775555 9.9946E-05 9.9946E-05 0.0759319 9.9946E-05
9.9955E-05 0.0724848 0.664134 0.01542 9.9955E-05 9.9955E-05 0.012843 0.0569888 0.17763 9.9955E-05 9.9955E-05
0.0737547 0.015892 9.9982E-05 0.188955 0.0124411 0.372968 0.0169124 0.0758211 0.195547 0.0475085 9.9982E-05
0.149442 0.0302476 9.9973E-05 0.142802 9.9973E-05 0.325636 0.0259928 0.109521 0.155439 0.060619 9.9973E-05
9.99101E-05 9.99101E-05 9.99101E-05 9.99101E-05 9.99101E-05 0.999001 9.99101E-05 9.99101E-05 9.99101E-05 9.99101E-05 9.99101E-05
9.99459E-05 9.99459E-05 9.99459E-05 0.221893 9.99459E-05 0.387273 0.00592873 0.153265 0.231041 9.99459E-05 9.99459E-05
9.9937E-05 9.9937E-05 0.0418995 9.9937E-05 9.9937E-05 9.9937E-05 9.9937E-05 9.9937E-05 0.014878 0.802568 0.139955
0.00514512 9.9946E-05 9.9946E-05 0.84019 9.9946E-05 0.106342 9.9946E-05 9.9946E-05 0.0293775 0.0183461 9.9946E-05
9.9955E-05 0.0328972 9.9955E-05 9.9955E-05 0.00968203 0.520729 0.0381694 0.251516 0.146507 9.9955E-05 9.9955E-05
9.99461E-05 0.0131876 9.99461E-05 0.213731 9.99461E-05 0.434709 9.99461E-05 0.0498947 0.287878 9.99461E-05 9.99461E-05
9.9955E-05 0.0238496 9.9955E-05 0.0575248 9.9955E-05 0.434903 0.0208301 0.287892 0.1745 9.9955E-05 9.9955E-05
9.9955E-05 9.9955E-05 9.9955E-05 0.0845557 9.9955E-05 0.351359 0.0265257 0.249745 0.280009 0.00730507 9.9955E-05
9.99279E-05 0.815172 0.0524089 9.99279E-05 9.99279E-05 9.99279E-05 9.99279E-05 9.99279E-05 9.99279E-05 9.99279E-05 0.13162
0.0718001 0.197047 9.99549E-05 9.99549E-05 9.99549E-05 9.99549E-05 0.0534481 0.0453525 9.99549E-05 0.410451 0.221402
9.9946E-05 9.9946E-05 9.9946E-05 0.711733 9.9946E-05 0.127308 0.00817513 0.0374047 0.11478 9.9946E-05 9.9946E-05
0.0494276 9.9937E-05 9.9937E-05 9.9937E-05 9.9937E-05 9.9937E-05 9.9937E-05 9.9937E-05 0.00973453 0.885357 0.0547817
9.99459E-05 0.819621 0.0492017 9.99459E-05 0.00454351 9.99459E-05 9.99459E-05 9.99459E-05 9.99459E-05 0.00855834 0.117476
0.862451 9.99369E-05 0.0962288 9.99369E-05 0.0117935 0.028827 9.99369E-05 9.99369E-05 9.99369E-05 9.99369E-05 9.99369E-05
9.99101E-05 9.99101E-05 9.99101E-05 0.999001 9.99101E-05 9.99101E-05 9.99101E-05 9.99101E-05 9.99101E-05 9.99101E-05 9.99101E-05
0.00170416 9.9937E-05 9.9937E-05 0.972886 9.9937E-05 0.00645351 0.0182566 9.9937E-05 9.9937E-05 9.9937E-05 9.9937E-05
9.9946E-05 9.9946E-05 9.9946E-05 0.893756 0.0115247 9.9946E-05 0.0269158 0.0609364 0.00626718 9.9946E-05 9.9946E-05
0.000451163 9.9937E-05 9.9937E-05 0.963314 9.9937E-05 9.9937E-05 0.00814901 0.0273866 9.9937E-05 9.9937E-05 9.9937E-05
0.0408187 9.9964E-05 0.0287537 0.0516207 0.818899 9.9964E-05 0.00501637 9.9964E-05 9.9964E-05 0.0450076 0.0094843
9.9955E-05 0.0595567 9.9955E-05 0.809387 9.9955E-05 9.9955E-05 0.0513635 9.9955E-05 0.0469865 0.0114674 0.0207392
9.99101E-05 0.999001 9.99101E-05 9.99101E-05 9.99101E-05 9.99101E-05 9.99101E-05 9.99101E-05 9.99101E-05 9.99101E-05 9.99101E-05
9.9937E-05 0.120226 0.0192335 9.9937E-05 9.9937E-05 0.038209 9.9937E-05 9.9937E-05 9.9937E-05 9.9937E-05 0.821632
9.9946E-05 0.326058 9.9946E-05 9.9946E-05 0.00499515 9.9946E-05 0.0277232 9.9946E-05 9.9946E-05 0.00429188 0.636332
9.9964E-05 0.151512 9.9964E-05 0.00409184 0.0103652 0.0051322 0.0280971 9.9964E-05 0.00201616 9.9964E-05 0.798385
9.99369E-05 0.209256 9.99369E-05 9.99369E-05 9.99369E-05 9.99369E-05 0.0140207 9.99369E-05 9.99369E-05 0.060824 0.7152
9.9964E-05 0.0453935 9.9964E-05 9.9964E-05 0.0047351 0.429801 0.0651098 0.4017 0.0173395 9.9964E-05 0.0355213
9.9955E-05 0.0480693 9.9955E-05 9.9955E-05 9.9955E-05 0.446249 0.0643146 0.416482 0.00128434 9.9955E-05 0.0231013
9.9955E-05 9.9955E-05 0.0150326 9.9955E-05 0.0409977 0.00408585 9.9955E-05 0.893058 9.9955E-05 0.0286621 0.0176642
9.9937E-05 9.9937E-05 9.9937E-05 0.0729278 9.9937E-05 9.9937E-05 9.9937E-05 0.845972 0.0330677 9.9937E-05 0.0473331
9.9955E-05 0.0401052 0.000198947 0.0274704 9.9955E-05 9.9955E-05 0.0110134 0.917404 0.00330818 9.9955E-05 9.9955E-05
0.0431251 9.9964E-05 0.548775 0.0064068 0.0528026 9.9964E-05 0.0257158 0.28552 9.9964E-05 9.9964E-05 0.0372557
0.00353797 9.99413E-05 9.99413E-05 9.99413E-05 9.99413E-05 9.99413E-05 0.0261545 0.924334 9.99413E-05 0.0452738 9.99413E-05
9.9991E-05 0.10801 0.0640481 0.175284 0.0788875 0.0824838 0.00236442 0.082063 0.0449331 0.24909 0.112736
9.99101E-05 9.99101E-05 9.99101E-05 9.99101E-05 9.99101E-05 9.99101E-05 9.99101E-05 0.999001 9.99101E-05 9.99101E-05 9.99101E-05
9.9919E-05 9.9919E-05 9.9919E-05 9.9919E-05 9.9919E-05 9.9919E-05 9.9919E-05 0.973391 0.0257098 9.9919E-05 9.9919E-05
9.9937E-05 9.9937E-05 9.9937E-05 0.0124974 9.9937E-05 9.9937E-05 0.011971 0.939008 0.0358244 9.9937E-05 9.9937E-05
9.99371E-05 9.99371E-05 9.99371E-05 9.99371E-05 9.99371E-05 9.99371E-05 9.99371E-05 0.229546 0.715463 0.0248502 0.0294414
0.00648769 9.99461E-05 9.99461E-05 0.014944 9.99461E-05 9.99461E-05 0.00271298 0.967953 0.00730306 9.99461E-05 9.99461E-05
9.9955E-05 0.00809722 9.9955E-05 0.00838794 9.9955E-05 9.9955E-05 0.037831 0.802942 0.121897 9.9955E-05 0.0203453
0.033041 9.9955E-05 0.0143697 9.9955E-05 9.9955E-05 0.00223704 0.00443972 9.9955E-05 9.9955E-05 0.836548 0.108864
9.9955E-05 0.0154657 0.0828023 9.9955E-05 9.9955E-05 9.9955E-05 0.0623321 0.0571742 9.9955E-05 0.546432 0.235294
9.9964E-05 0.0272539 0.134319 9.9964E-05 9.9964E-05 0.0263292 0.00337981 0.0211398 9.9964E-05 0.0986706 0.688507
0.0315725 9.9955E-05 0.0304703 0.0103103 9.9955E-05 9.9955E-05 0.00462797 9.9955E-05 9.9955E-05 0.0609224 0.861597
0.0193 9.9955E-05 0.77206 9.9955E-05 0.0301509 0.0409438 9.9955E-05 9.9955E-05 9.9955E-05 0.0540498 0.0829953
0.00607888 0.0586757 0.0766155 0.0126905 9.9982E-05 0.00441535 0.0310526 0.0270852 9.9982E-05 0.0615905 0.721596
0.0167791 0.0199097 9.9937E-05 9.9937E-05 9.9937E-05 9.9937E-05 9.9937E-05 9.9937E-05 9.9937E-05 0.949158 0.0134533
9.9928E-05 9.9928E-05 9.9928E-05 9.9928E-05 9.9928E-05 0.0052006 9.9928E-05 9.9928E-05 9.9928E-05 0.932689 0.0613111
9.99101E-05 9.99101E-05 0.999001 9.99101E-05 9.99101E-05 9.99101E-05 9.99101E-05 9.99101E-05 9.99101E-05 9.99101E-05 9.99101E-05
0.0125401 9.9964E-05 0.0801624 9.9964E-05 9.9964E-05 0.0915166 0.0453357 0.0167995 9.9964E-05 0.0124538 0.740792
0.0980027 0.0580002 0.0676542 0.0169068 9.9982E-05 0.0519453 0.0868769 0.00336703 9.9982E-05 0.144316 0.472731
0.243045 9.99552E-05 0.34728 9.99552E-05 0.101726 0.223565 0.0268644 9.99552E-05 9.99552E-05 9.99552E-05 0.0570195
9.9946E-05 9.9946E-05 0.922285 9.9946E-05 0.0293122 0.02354 9.9946E-05 0.0112369 9.9946E-05 9.9946E-05 0.0130257
9.99459E-05 9.99459E-05 0.752002 9.99459E-05 0.0264393 0.102584 9.99459E-05 9.99459E-05 9.99459E-05 0.0391201 0.0792553
0.0796351 0.233609 0.0127347 0.0497753 0.00758787 9.9982E-05 9.9982E-05 0.00944635 0.0327955 0.506351 0.0678646
0.0322616 9.9937E-05 0.835697 9.9937E-05 0.0837315 9.9937E-05 9.9937E-05 9.9937E-05 9.9937E-05 9.9937E-05 0.0476104
0.0336324 9.9946E-05 0.0158897 9.9946E-05 9.9946E-05 9.9946E-05 9.9946E-05 0.0123631 9.9946E-05 0.920953 0.0165621
0.971969 9.9937E-05 0.00446417 9.9937E-05 0.0223448 9.9937E-05 9.9937E-05 9.9937E-05 9.9937E-05 0.000522812 9.9937E-05
0.941462 9.99281E-05 0.0508204 9.99281E-05 9.99281E-05 9.99281E-05 0.00691839 9.99281E-05 9.99281E-05 9.99281E-05 9.99281E-05
0.238804 0.0209085 9.9973E-05 0.140403 0.0368475 0.30825 0.0304176 0.060149 0.16392 9.9973E-05 9.9973E-05
9.9919E-05 9.9919E-05 0.964543 9.9919E-05 0.0345581 9.9919E-05 9.9919E-05 9.9919E-05 9.9919E-05 9.9919E-05 9.9919E-05
9.99189E-05 9.99189E-05 0.998446 9.99189E-05 0.000654751 9.99189E-05 9.99189E-05 9.99189E-05 9.99189E-05 9.99189E-05 9.99189E-05
9.9919E-05 9.9919E-05 0.935372 9.9919E-05 0.0637285 9.9919E-05 9.9919E-05 9.9919E-05 9.9919E-05 9.9919E-05 9.9919E-05
