9.9937E-05 9.9937E-05 9.9937E-05 0.805078 9.9937E-05 9.9937E-05 9.9937E-05 0.192694 0.00152778 9.9937E-05
9.99369E-05 0.172056 9.99369E-05 0.779835 0.0474098 9.99369E-05 9.99369E-05 9.99369E-05 9.99369E-05 9.99369E-05
0.00908559 0.225182 0.0229405 0.562425 0.0913091 0.0037377 0.0263308 0.0128124 9.9991E-05 0.0460768
9.99369E-05 9.99369E-05 9.99369E-05 0.826899 9.99369E-05 9.99369E-05 9.99369E-05 0.165024 0.00737742 9.99369E-05
0.0312596 0.870035 0.0875405 9.9964E-05 0.00447623 9.9964E-05 0.0038386 9.9964E-05 9.9964E-05 0.00245003
9.9937E-05 0.13824 9.9937E-05 0.784621 0.0764394 9.9937E-05 9.9937E-05 9.9937E-05 9.9937E-05 9.9937E-05
0.533137 9.99281E-05 9.99281E-05 9.99281E-05 9.99281E-05 9.99281E-05 9.99281E-05 9.99281E-05 0.466064 9.99281E-05
0.970205 9.9946E-05 9.9946E-05 0.0138521 0.00240817 9.9946E-05 9.9946E-05 9.9946E-05 0.0129347 9.9946E-05
0.973872 0.00347153 9.9937E-05 9.9937E-05 0.0219571 9.9937E-05 9.9937E-05 9.9937E-05 9.9937E-05 9.9937E-05
0.999101 9.99201E-05 9.99201E-05 9.99201E-05 9.99201E-05 9.99201E-05 9.99201E-05 9.99201E-05 9.99201E-05 9.99201E-05
9.9964E-05 0.00878904 0.0331263 0.00887309 0.025708 9.9964E-05 9.9964E-05 9.9964E-05 0.134001 0.789103
0.00376733 9.9946E-05 9.9946E-05 9.9946E-05 9.9946E-05 9.9946E-05 9.9946E-05 0.049432 0.029644 0.916557
0.0132771 9.99461E-05 9.99461E-05 9.99461E-05 9.99461E-05 9.99461E-05 9.99461E-05 0.0260826 0.0636173 0.896423
9.99371E-05 9.99371E-05 0.0141559 9.99371E-05 9.99371E-05 9.99371E-05 9.99371E-05 9.99371E-05 0.0864367 0.898708
9.9964E-05 9.9964E-05 0.019626 0.00491017 9.9964E-05 0.818021 0.0453514 0.108912 0.0027794 9.9964E-05
0.995899 9.99281E-05 9.99281E-05 9.99281E-05 9.99281E-05 9.99281E-05 9.99281E-05 9.99281E-05 0.00330133 9.99281E-05
0.013616 9.9955E-05 9.9955E-05 0.0194901 9.9955E-05 9.9955E-05 9.9955E-05 0.0625222 0.892018 0.0118536
9.99551E-05 9.99551E-05 9.99551E-05 0.0229705 9.99551E-05 0.863328 9.99551E-05 0.00981404 0.0176355 0.0857521
0.030706 9.9964E-05 0.0463602 9.9964E-05 9.9964E-05 0.518917 0.0513549 0.14778 9.9964E-05 0.204482
0.0240137 9.9955E-05 9.9955E-05 9.9955E-05 9.9955E-05 0.377124 0.00770404 9.9955E-05 0.00657064 0.584087
0.0103577 9.9955E-05 0.0748776 9.9955E-05 9.9955E-05 0.792875 9.9955E-05 0.0855141 9.9955E-05 0.0358757
0.0348903 9.9964E-05 9.9964E-05 9.9964E-05 0.00635257 0.0518156 0.0160182 0.00414365 9.9964E-05 0.88638
9.9946E-05 9.9946E-05 9.9946E-05 0.0429395 9.9946E-05 0.873194 9.9946E-05 9.9946E-05 0.0199467 0.06332
0.0285574 9.9964E-05 9.9964E-05 9.9964E-05 0.00152817 0.0971419 0.00791341 0.046632 9.9964E-05 0.817827
9.9946E-05 9.9946E-05 9.9946E-05 0.0328049 9.9946E-05 0.0474818 9.9946E-05 0.0139931 9.9946E-05 0.905121
9.9955E-05 9.9955E-05 0.038495 0.00799968 9.9955E-05 0.900881 9.9955E-05 9.9955E-05 0.0430554 0.00906895
0.0382429 9.9937E-05 9.9937E-05 9.9937E-05 9.9937E-05 0.847079 9.9937E-05 9.9937E-05 9.9937E-05 0.113979
9.9964E-05 9.9964E-05 0.0559776 0.0458694 0.0143407 0.592052 0.027803 9.9964E-05 9.9964E-05 0.263558
0.0048525 9.9946E-05 9.9946E-05 9.9946E-05 9.9946E-05 0.908784 0.0483042 9.9946E-05 9.9946E-05 0.0374593
9.99551E-05 9.99551E-05 9.99551E-05 0.0119497 9.99551E-05 0.923269 0.0216984 0.00834058 9.99551E-05 0.0342429
9.9946E-05 9.9946E-05 9.9946E-05 9.9946E-05 9.9946E-05 0.0358806 0.0297461 0.00747297 9.9946E-05 0.926301
9.99281E-05 9.99281E-05 9.99281E-05 9.99281E-05 9.99281E-05 9.99281E-05 9.99281E-05 9.99281E-05 0.18949 0.80971
9.99371E-05 9.99371E-05 9.99371E-05 0.0575028 9.99371E-05 0.86366 9.99371E-05 9.99371E-05 9.99371E-05 0.0781379
0.0331502 0.000384552 0.0349796 0.0235239 0.00388735 0.143963 9.9982E-05 0.000685462 9.9982E-05 0.759226
0.00423909 0.00580699 9.9964E-05 0.00143453 0.00742716 0.928043 9.9964E-05 9.9964E-05 9.9964E-05 0.0526498
9.9955E-05 9.9955E-05 0.00561357 9.9955E-05 0.0036541 0.0293775 9.9955E-05 0.00681377 9.9955E-05 0.954041
9.9946E-05 0.0202597 9.9946E-05 9.9946E-05 0.00862511 0.877906 9.9946E-05 9.9946E-05 9.9946E-05 0.0926091
9.9955E-05 9.9955E-05 0.01736 9.9955E-05 9.9955E-05 0.0288191 0.0267137 0.0147903 9.9955E-05 0.911817
9.9955E-05 0.123472 0.107938 9.9955E-05 0.0929557 9.9955E-05 0.0615626 0.613572 9.9955E-05 9.9955E-05
9.9937E-05 0.612802 9.9937E-05 0.0166202 0.369878 9.9937E-05 9.9937E-05 9.9937E-05 9.9937E-05 9.9937E-05
9.99461E-05 0.0733435 9.99461E-05 9.99461E-05 0.00889869 9.99461E-05 9.99461E-05 9.99461E-05 0.176044 0.741114
9.9937E-05 9.9937E-05 9.9937E-05 9.9937E-05 9.9937E-05 0.926286 9.9937E-05 9.9937E-05 0.00646784 0.0665463
9.9955E-05 9.9955E-05 0.0145249 9.9955E-05 9.9955E-05 0.0278981 0.0108798 0.0272536 9.9955E-05 0.918944
9.9964E-05 9.9964E-05 9.9964E-05 0.0432694 0.551352 9.9964E-05 0.0757692 0.045703 0.269948 0.013559
0.0527535 9.9973E-05 0.00726246 0.00993005 9.9973E-05 0.518536 0.0611475 0.114801 9.9973E-05 0.235269
0.0419472 9.9973E-05 0.0298341 0.0208859 9.9973E-05 0.348226 0.0076184 9.9973E-05 0.0986515 0.452537
0.045622 0.0176661 9.9973E-05 0.0114741 9.9973E-05 0.828792 0.00512997 0.035033 9.9973E-05 0.0559824
9.99369E-05 0.263938 9.99369E-05 0.642258 0.0931044 9.99369E-05 9.99369E-05 9.99369E-05 9.99369E-05 9.99369E-05
9.9964E-05 0.0906606 0.0900969 0.0343552 0.243701 9.9964E-05 0.496173 0.0446132 9.9964E-05 9.9964E-05
9.9946E-05 9.9946E-05 0.0104841 9.9946E-05 0.00189183 9.9946E-05 9.9946E-05 0.790542 0.196482 9.9946E-05
9.9946E-05 9.9946E-05 9.9946E-05 0.0217987 9.9946E-05 9.9946E-05 9.9946E-05 0.778382 0.0658356 0.133384
0.00368268 9.99639E-05 0.0212789 0.0825988 9.99639E-05 9.99639E-05 9.99639E-05 0.651905 0.0885524 0.151582
9.99369E-05 9.99369E-05 9.99369E-05 0.0231485 9.99369E-05 9.99369E-05 9.99369E-05 0.865712 0.11044 9.99369E-05
0.936796 0.0303773 9.9955E-05 9.9955E-05 9.9955E-05 9.9955E-05 0.00577183 9.9955E-05 0.00567426 0.0208811
0.927553 0.00453489 9.9955E-05 9.9955E-05 9.9955E-05 9.9955E-05 0.027166 0.0244132 9.9955E-05 0.0158328
0.0287746 9.9946E-05 9.9946E-05 9.9946E-05 9.9946E-05 0.0253327 9.9946E-05 9.9946E-05 0.442407 0.502886
0.00821603 9.9955E-05 0.000754354 9.9955E-05 9.9955E-05 0.0606592 9.9955E-05 0.00194669 9.9955E-05 0.927924
0.00841807 9.99639E-05 0.760988 0.0233723 9.99639E-05 0.130128 9.99639E-05 0.0209553 9.99639E-05 0.0557382
9.9937E-05 0.802366 0.113549 0.0833854 9.9937E-05 9.9937E-05 9.9937E-05 9.9937E-05 9.9937E-05 9.9937E-05
9.99459E-05 0.328878 0.288777 9.99459E-05 0.199512 9.99459E-05 0.182232 9.99459E-05 9.99459E-05 9.99459E-05
9.9946E-05 9.9946E-05 9.9946E-05 0.00723968 0.024043 9.9946E-05 9.9946E-05 0.0127818 0.955336 9.9946E-05
0.0235048 0.0256356 9.9973E-05 9.9973E-05 0.00454433 0.0200153 9.9973E-05 0.245614 0.66329 0.0170966
9.9973E-05 0.00309829 9.9973E-05 0.0545486 0.0074588 9.9973E-05 0.03735 0.206675 0.660213 0.0303563
0.94774 9.9955E-05 0.00119636 9.9955E-05 9.9955E-05 0.00454037 9.9955E-05 0.044219 9.9955E-05 0.0018048
9.9937E-05 0.739776 0.17309 9.9937E-05 0.0864343 9.9937E-05 9.9937E-05 9.9937E-05 9.9937E-05 9.9937E-05
9.9937E-05 9.9937E-05 9.9937E-05 9.9937E-05 9.9937E-05 0.0171704 0.00966156 9.9937E-05 0.972468 9.9937E-05
9.99639E-05 0.0484205 0.125736 0.012779 0.0621657 9.99639E-05 0.00908897 0.74141 9.99639E-05 9.99639E-05
9.9937E-05 9.9937E-05 9.9937E-05 9.9937E-05 9.9937E-05 0.0391619 9.9937E-05 9.9937E-05 0.0342751 0.925863
0.00206429 9.99371E-05 9.99371E-05 9.99371E-05 9.99371E-05 9.99371E-05 9.99371E-05 9.99371E-05 0.0495727 0.947663
0.789042 0.024455 0.00809187 0.010897 9.9982E-05 0.0404316 0.0181333 0.0971527 0.0115966 9.9982E-05
0.790575 0.0145004 9.9973E-05 9.9973E-05 9.9973E-05 0.0363964 0.0378556 0.0933361 0.0202464 0.00678982
0.848289 9.9964E-05 9.9964E-05 0.042809 9.9964E-05 0.0390329 0.0297159 0.0304546 0.00929871 9.9964E-05
0.960483 0.0311815 0.00389834 9.9946E-05 9.9946E-05 9.9946E-05 9.9946E-05 0.00383715 9.9946E-05 9.9946E-05
0.945775 9.9946E-05 9.9946E-05 9.9946E-05 9.9946E-05 9.9946E-05 9.9946E-05 0.0432292 0.00931896 0.0010772
0.964891 0.0194637 9.9946E-05 9.9946E-05 9.9946E-05 9.9946E-05 0.00254528 0.0125006 9.9946E-05 9.9946E-05
0.985421 9.99461E-05 0.00107639 9.99461E-05 0.0122385 9.99461E-05 9.99461E-05 9.99461E-05 0.000664192 9.99461E-05
0.973492 0.00412682 0.0134873 9.9946E-05 9.9946E-05 0.0082946 9.9946E-05 9.9946E-05 9.9946E-05 9.9946E-05
0.94683 9.9955E-05 9.9955E-05 0.0147077 0.031742 9.9955E-05 9.9955E-05 9.9955E-05 0.00426253 0.00195831
0.998457 9.9928E-05 9.9928E-05 9.9928E-05 0.000743461 9.9928E-05 9.9928E-05 9.9928E-05 9.9928E-05 9.9928E-05
0.938387 9.9955E-05 0.0188467 0.0153699 9.9955E-05 0.00831111 9.9955E-05 9.9955E-05 9.9955E-05 0.018586
0.933613 0.00974103 0.00328073 9.9973E-05 9.9973E-05 0.00502561 0.00363697 0.0424218 9.9973E-05 0.00198119
0.939399 0.0077715 0.0193721 9.9973E-05 0.00338604 9.9973E-05 0.00698868 0.0195457 9.9973E-05 0.0032368
0.555922 9.99371E-05 9.99371E-05 9.99371E-05 9.99371E-05 0.413539 9.99371E-05 9.99371E-05 9.99371E-05 0.0298394
0.557172 9.99371E-05 9.99371E-05 9.99371E-05 9.99371E-05 0.428705 9.99371E-05 9.99371E-05 9.99371E-05 0.0134235
0.991674 9.9928E-05 0.00752688 9.9928E-05 9.9928E-05 9.9928E-05 9.9928E-05 9.9928E-05 9.9928E-05 9.9928E-05
0.942918 9.9946E-05 0.0137092 0.00412214 9.9946E-05 9.9946E-05 9.9946E-05 0.0386506 9.9946E-05 9.9946E-05
0.913341 0.000314797 9.9955E-05 0.0342454 9.9955E-05 0.00318648 9.9955E-05 0.0484129 9.9955E-05 9.9955E-05
0.938243 0.00121683 9.9964E-05 0.000846015 9.9964E-05 9.9964E-05 0.0474337 0.0106701 9.9964E-05 0.00119021
0.983071 9.99284E-05 9.99284E-05 0.0161299 9.99284E-05 9.99284E-05 9.99284E-05 9.99284E-05 9.99284E-05 9.99284E-05
0.542636 9.99371E-05 9.99371E-05 9.99371E-05 9.99371E-05 0.41907 9.99371E-05 9.99371E-05 9.99371E-05 0.0375948
0.877915 0.014742 9.9964E-05 0.0240833 9.9964E-05 0.0471715 0.0212392 9.9964E-05 9.9964E-05 0.0144495
0.941514 0.00659946 9.9955E-05 9.9955E-05 0.0166283 0.00178727 9.9955E-05 9.9955E-05 0.0329713 9.9955E-05
0.951147 0.0188949 9.9946E-05 9.9946E-05 9.9946E-05 9.9946E-05 0.0010781 0.0282803 9.9946E-05 9.9946E-05
0.928363 0.00777112 0.0124014 9.9973E-05 0.0316498 0.00396854 0.000179188 0.0153667 9.9973E-05 9.9973E-05
0.87838 0.0137599 9.9955E-05 9.9955E-05 9.9955E-05 0.0150912 9.9955E-05 0.0468398 9.9955E-05 0.0454291
0.945187 9.9955E-05 9.9955E-05 0.0251589 9.9955E-05 9.9955E-05 9.9955E-05 0.0223956 0.00512312 0.00163519
9.9955E-05 0.0488222 9.9955E-05 0.23364 9.9955E-05 0.556502 0.015107 9.9955E-05 0.145429 9.9955E-05
0.922569 9.9955E-05 0.00819668 0.0440369 0.00327535 0.0214224 9.9955E-05 9.9955E-05 9.9955E-05 9.9955E-05
0.973563 9.9928E-05 9.9928E-05 0.0256373 9.9928E-05 9.9928E-05 9.9928E-05 9.9928E-05 9.9928E-05 9.9928E-05
0.714393 0.0133403 0.0332381 0.0232802 0.102553 0.0517062 0.00511615 0.0367238 9.9991E-05 0.0195495
0.999101 9.99201E-05 9.99201E-05 9.99201E-05 9.99201E-05 9.99201E-05 9.99201E-05 9.99201E-05 9.99201E-05 9.99201E-05
0.980886 9.9937E-05 9.9937E-05 9.9937E-05 9.9937E-05 0.0130896 9.9937E-05 9.9937E-05 0.00532526 9.9937E-05
0.96648 0.00178407 9.9964E-05 0.0134149 0.000409245 9.9964E-05 0.00273712 0.0147746 9.9964E-05 9.9964E-05
0.957539 0.0140764 0.010502 9.9946E-05 9.9946E-05 0.0172828 9.9946E-05 9.9946E-05 9.9946E-05 9.9946E-05
0.0341581 9.9982E-05 0.000656531 0.00182248 0.0108406 0.895834 0.00441066 9.9982E-05 0.0272318 0.0248457
0.999101 9.99201E-05 9.99201E-05 9.99201E-05 9.99201E-05 9.99201E-05 9.99201E-05 9.99201E-05 9.99201E-05 9.99201E-05
0.934032 9.9937E-05 9.9937E-05 9.9937E-05 9.9937E-05 9.9937E-05 0.0228242 0.0424447 9.9937E-05 9.9937E-05
0.9873 9.99281E-05 9.99281E-05 9.99281E-05 9.99281E-05 9.99281E-05 0.0119005 9.99281E-05 9.99281E-05 9.99281E-05
0.00828928 9.9964E-05 9.9964E-05 0.0497773 0.00598146 0.595338 9.9964E-05 9.9964E-05 0.0870629 0.253152
0.908111 0.0108173 9.9982E-05 0.00140367 0.00330988 0.017138 0.0348149 0.00171536 9.9982E-05 0.0224898
0.944532 9.9964E-05 9.9964E-05 0.028415 0.00179117 9.9964E-05 0.000652312 0.0101645 9.9964E-05 0.0140451
0.929629 9.9964E-05 9.9964E-05 0.0187201 0.0120203 0.0195718 9.9964E-05 0.0162614 0.00339745 9.9964E-05
0.975213 9.9937E-05 9.9937E-05 0.0202061 0.0038816 9.9937E-05 9.9937E-05 9.9937E-05 9.9937E-05 9.9937E-05
0.0270634 9.9964E-05 0.0321674 9.9964E-05 9.9964E-05 0.637153 9.9964E-05 0.0500358 0.00198974 0.251191
0.993463 9.99372E-05 9.99372E-05 9.99372E-05 9.99372E-05 9.99372E-05 0.000642774 9.99372E-05 0.00519491 9.99372E-05
0.89703 0.00325006 9.9946E-05 0.0716583 9.9946E-05 9.9946E-05 9.9946E-05 0.0274622 9.9946E-05 9.9946E-05
0.512602 9.99371E-05 9.99371E-05 9.99371E-05 9.99371E-05 0.458047 9.99371E-05 9.99371E-05 9.99371E-05 0.0286516
0.989538 9.99281E-05 9.99281E-05 9.99281E-05 0.00966266 9.99281E-05 9.99281E-05 9.99281E-05 9.99281E-05 9.99281E-05
0.037816 9.99549E-05 0.0477034 9.99549E-05 9.99549E-05 0.182261 9.99549E-05 9.99549E-05 0.00866841 0.723052
9.9946E-05 0.0139457 0.0884181 9.9946E-05 9.9946E-05 0.261427 9.9946E-05 9.9946E-05 9.9946E-05 0.635609
0.0129927 0.00677151 0.000833643 0.0233187 0.028919 0.0449389 9.9982E-05 0.0306567 9.9982E-05 0.851369
0.0254477 0.000480752 0.029095 9.9964E-05 9.9964E-05 0.86928 9.9964E-05 9.9964E-05 0.0337508 0.0415459
0.0718563 0.0197229 0.0215095 9.9973E-05 9.9973E-05 9.9973E-05 0.020648 0.0929825 0.754515 0.0184658
0.0533361 0.00255349 9.9964E-05 0.0118501 0.0115069 0.0501778 9.9964E-05 9.9964E-05 9.9964E-05 0.870176
9.9982E-05 0.0103314 0.0300183 0.07364 0.00275005 0.226381 0.0130653 9.9982E-05 0.357297 0.286317
0.0300755 0.00784878 0.00716001 0.0281094 0.000343455 0.148159 9.9973E-05 9.9973E-05 9.9973E-05 0.778004
9.9964E-05 9.9964E-05 0.041034 0.0235726 9.9964E-05 0.262102 0.0154577 9.9964E-05 0.00105617 0.656378
0.0276008 0.00476311 0.0527396 9.9964E-05 9.9964E-05 0.202369 9.9964E-05 9.9964E-05 0.0237785 0.688349
0.00531479 0.0344672 0.0488209 0.0257462 0.0174597 0.253856 0.0188074 9.9982E-05 9.9982E-05 0.595328
0.0268139 0.000736585 0.0419633 9.9964E-05 9.9964E-05 0.287666 0.0511021 9.9964E-05 9.9964E-05 0.591319
0.00857189 0.0323088 0.0135758 9.9955E-05 9.9955E-05 0.00752274 9.9955E-05 9.9955E-05 9.9955E-05 0.937521
0.0303696 0.00470964 9.9964E-05 9.9964E-05 0.00430341 9.9964E-05 0.0357533 9.9964E-05 0.10562 0.818844
0.00666994 0.0135819 9.9973E-05 0.0146028 0.0128883 9.9973E-05 0.000272941 9.9973E-05 0.106975 0.844709
0.0483798 9.9973E-05 0.0564636 9.9973E-05 0.0228511 0.73396 0.0207685 9.9973E-05 0.037164 0.0801127
9.9928E-05 9.9928E-05 0.0376109 9.9928E-05 0.96159 9.9928E-05 9.9928E-05 9.9928E-05 9.9928E-05 9.9928E-05
0.0108707 9.9964E-05 0.0311893 0.0397819 0.899466 0.0145101 9.9964E-05 0.00378173 9.9964E-05 9.9964E-05
9.9973E-05 0.582533 0.0956152 9.9973E-05 0.215876 9.9973E-05 0.0321844 0.0507751 0.0174935 0.00522317
0.104999 9.9991E-05 0.0574756 0.0403563 0.00465873 0.341575 0.0307846 0.0250998 0.336429 0.0585218
0.00643807 0.000987634 0.0140695 0.0501673 0.902187 9.9973E-05 0.000729574 0.0251208 9.9973E-05 9.9973E-05
9.9946E-05 9.9946E-05 0.0223162 0.0487837 0.87283 9.9946E-05 9.9946E-05 0.0554709 9.9946E-05 9.9946E-05
0.102219 0.0403396 0.0164857 0.0259043 0.0207233 0.142991 9.9982E-05 9.9982E-05 0.246625 0.404513
0.00681417 0.396992 0.135526 9.9964E-05 0.181527 9.9964E-05 0.261348 9.9964E-05 0.0173935 9.9964E-05
0.0147875 0.366346 0.137615 9.9991E-05 0.131439 0.0510923 0.288346 0.00156321 0.00432467 0.00438663
9.9964E-05 0.465699 0.056226 0.0230752 0.077629 9.9964E-05 0.351813 9.9964E-05 0.0251581 9.9964E-05
9.9964E-05 0.25061 0.0374236 9.9964E-05 9.9964E-05 0.04293 0.53932 0.0912512 0.0380651 9.9964E-05
0.00637832 0.273679 0.0338427 9.9973E-05 9.9973E-05 0.0284562 0.557088 0.0783423 0.0219138 9.9973E-05
9.9973E-05 0.399381 9.9973E-05 0.0209251 0.0820614 0.0323695 0.393766 0.0515236 9.9973E-05 0.0196732
0.000432758 9.99729E-05 0.00347679 0.0361789 0.0120665 9.99729E-05 0.0292071 0.158458 0.75988 9.99729E-05
9.99461E-05 0.655596 9.99461E-05 9.99461E-05 0.250758 0.0295418 0.0635052 9.99461E-05 9.99461E-05 9.99461E-05
9.99461E-05 9.99461E-05 9.99461E-05 9.99461E-05 0.00192574 0.883853 9.99461E-05 0.0797977 9.99461E-05 0.0338236
0.0378295 9.9964E-05 9.9964E-05 0.0263072 0.00256514 0.904096 0.0149446 9.9964E-05 9.9964E-05 0.0138578
0.0115336 0.79411 0.0670672 0.0120113 0.0712619 0.0264832 9.9973E-05 0.0172332 9.9973E-05 9.9973E-05
0.0967411 0.149385 0.0254615 0.0400264 0.061966 0.200453 0.127154 0.0801364 0.0738329 0.144843
0.000760561 9.9991E-05 0.0404268 0.0329106 0.0410466 0.00531177 0.024191 0.095871 0.72432 0.0350615
9.9964E-05 0.0719161 9.9964E-05 0.016472 0.0464239 9.9964E-05 0.00129587 9.9964E-05 0.167041 0.696451
9.9955E-05 9.9955E-05 9.9955E-05 0.048725 9.9955E-05 0.789547 0.0389075 9.9955E-05 0.0354708 0.0868496
0.0193133 0.0619808 9.9973E-05 9.9973E-05 0.226205 0.00284863 0.00104135 9.9973E-05 0.174788 0.513523
0.00417137 9.9991E-05 0.0256903 0.0236346 0.0441559 0.0199607 0.0350879 0.0185811 0.807826 0.0207917
0.0184397 9.9973E-05 9.9973E-05 0.0685521 0.68129 0.033769 0.165981 9.9973E-05 0.0120217 0.0196464
0.0191897 0.00911678 9.9946E-05 9.9946E-05 9.9946E-05 9.9946E-05 9.9946E-05 0.112771 0.858323 9.9946E-05
0.0702705 9.9964E-05 0.358919 9.9964E-05 9.9964E-05 0.111169 0.0105785 0.360311 9.9964E-05 0.0883518
0.00862497 0.00367801 9.9955E-05 0.0232935 9.9955E-05 0.926119 9.9955E-05 9.9955E-05 0.0377852 9.9955E-05
0.0251654 0.606529 9.9955E-05 9.9955E-05 0.31307 9.9955E-05 9.9955E-05 9.9955E-05 0.0383494 0.0163864
0.00107903 0.393551 9.9973E-05 0.0195546 0.00551387 9.9973E-05 0.00755583 9.9973E-05 0.0785902 0.493856
0.0324324 0.859419 9.9964E-05 0.00302834 9.9964E-05 0.0470499 0.0272234 9.9964E-05 9.9964E-05 0.0304472
0.0194768 0.0241268 9.9982E-05 0.252548 0.0514925 0.00564766 0.0135994 9.9982E-05 0.349283 0.283625
0.00858166 0.969387 9.9955E-05 0.00638007 9.9955E-05 0.0112615 9.9955E-05 0.00389035 9.9955E-05 9.9955E-05
9.9955E-05 0.0322534 9.9955E-05 9.9955E-05 0.0091826 0.025627 9.9955E-05 9.9955E-05 0.89475 0.0376868
0.035123 0.784376 0.00319754 0.018035 9.9982E-05 0.0691664 0.034429 9.9982E-05 0.0327698 0.0227037
0.0706449 0.81297 9.9955E-05 9.9955E-05 9.9955E-05 0.0541086 9.9955E-05 9.9955E-05 0.0570992 0.00467724
0.00665372 0.0596321 9.9964E-05 0.0528283 9.9964E-05 0.840434 0.00820991 9.9964E-05 0.0318424 9.9964E-05
9.9982E-05 0.00759216 0.0667611 0.0257091 0.297534 0.388728 9.9982E-05 0.0278631 0.0560266 0.129586
0.0350732 0.0510994 9.9982E-05 0.0487927 0.0166242 0.306981 0.0154175 9.9982E-05 0.257871 0.267941
0.0191995 0.0628394 0.033784 0.0596933 9.9991E-05 0.0203823 0.779122 0.00329268 0.0127211 0.00886585
9.9955E-05 0.0335761 0.073849 0.00477041 9.9955E-05 9.9955E-05 0.876337 9.9955E-05 0.010968 9.9955E-05
0.00855321 0.00226177 0.0938229 0.0272451 9.9991E-05 0.00483998 0.818603 0.000652189 0.0329251 0.010997
0.0311981 0.030209 0.0476061 0.0146233 9.9982E-05 0.0201848 0.786841 0.016852 0.0522853 9.9982E-05
9.9946E-05 9.9946E-05 0.0264099 0.0119092 9.9946E-05 0.93883 0.022251 9.9946E-05 9.9946E-05 9.9946E-05
0.000619848 0.00708989 0.076217 0.00994215 9.9973E-05 0.872322 9.9973E-05 0.0143649 9.9973E-05 0.0191446
0.0363059 9.9973E-05 9.9973E-05 0.0340167 9.9973E-05 0.757051 0.0325091 0.0504378 0.0246295 0.0647502
0.0056174 0.274939 9.9982E-05 0.075912 0.192451 0.00202365 0.381365 0.0568564 0.0106348 9.9982E-05
0.107896 0.120082 0.0735002 0.0509597 0.0586768 0.139455 0.0847057 0.123435 0.0886483 0.152641
0.0996187 9.9973E-05 0.276995 9.9973E-05 9.9973E-05 0.347897 0.0356473 0.222062 0.0018033 0.0156767
0.00216517 0.0103757 0.0744598 0.0502038 9.9973E-05 0.695951 9.9973E-05 0.065263 9.9973E-05 0.101282
0.0787134 9.9964E-05 0.138575 9.9964E-05 0.0093809 0.6143 9.9964E-05 0.0816491 9.9964E-05 0.0769813
0.0121566 9.9982E-05 0.152455 0.0173633 0.0209012 0.72591 0.0262963 0.0424069 9.9982E-05 0.00231089
0.149256 9.9964E-05 0.23065 9.9964E-05 0.0354359 0.47717 9.9964E-05 0.0885277 9.9964E-05 0.0185602
9.9982E-05 0.0372614 9.9982E-05 0.095191 0.040501 0.0176244 0.029989 0.709071 0.0131128 0.0570499
9.9955E-05 9.9955E-05 0.0284443 9.9955E-05 9.9955E-05 0.01023 9.9955E-05 0.0213085 0.0818308 0.857687
0.0536822 9.9973E-05 9.9973E-05 0.0345511 0.00747222 0.226881 0.00428147 9.9973E-05 0.141593 0.531239
9.9946E-05 0.897628 0.0547515 0.0404154 0.0066057 9.9946E-05 9.9946E-05 9.9946E-05 9.9946E-05 9.9946E-05
9.9946E-05 0.839082 0.0878712 0.047075 9.9946E-05 9.9946E-05 9.9946E-05 0.0253717 9.9946E-05 9.9946E-05
9.9937E-05 0.793215 0.144466 0.0616192 9.9937E-05 9.9937E-05 9.9937E-05 9.9937E-05 9.9937E-05 9.9937E-05
9.9973E-05 0.284919 0.196063 0.0715823 0.166524 9.9973E-05 0.191882 0.0869303 0.00179923 9.9973E-05
9.99368E-05 0.025517 0.944934 9.99368E-05 9.99368E-05 9.99368E-05 9.99368E-05 0.0288493 9.99368E-05 9.99368E-05
9.99201E-05 9.99201E-05 0.999101 9.99201E-05 9.99201E-05 9.99201E-05 9.99201E-05 9.99201E-05 9.99201E-05 9.99201E-05
9.9946E-05 9.9946E-05 0.045005 9.9946E-05 9.9946E-05 0.887917 0.00638191 0.060096 9.9946E-05 9.9946E-05
0.0123753 0.00613559 0.0666738 9.9982E-05 0.00490301 0.801991 0.010504 0.0890742 9.9982E-05 0.00814275
0.0105111 0.00766085 9.9955E-05 9.9955E-05 9.9955E-05 0.949441 9.9955E-05 0.00291428 9.9955E-05 0.0289734
0.00621494 0.0257086 9.9973E-05 9.9973E-05 0.00846371 0.0130804 9.9973E-05 0.0946417 0.775606 0.0759849
0.0274025 0.907845 9.9955E-05 9.9955E-05 9.9955E-05 0.00679968 0.0272127 9.9955E-05 0.03024 9.9955E-05
0.027376 0.909827 9.9964E-05 9.9964E-05 0.0352302 0.00859481 0.00860156 0.00997087 9.9964E-05 9.9964E-05
0.0140095 0.882736 9.9955E-05 9.9955E-05 0.0887901 9.9955E-05 9.9955E-05 0.0046452 0.00931921 9.9955E-05
9.9955E-05 0.783878 0.00885535 0.0074996 0.164806 9.9955E-05 9.9955E-05 9.9955E-05 9.9955E-05 0.0344615
0.020819 0.83548 9.9982E-05 0.0156209 0.0791722 0.0226071 0.00466151 9.9982E-05 0.0187434 0.00269639
9.9946E-05 0.094661 9.9946E-05 9.9946E-05 0.0152172 9.9946E-05 9.9946E-05 9.9946E-05 0.192992 0.69653
0.0609895 0.118134 0.266791 0.137345 0.301388 0.0323903 0.0692682 9.9982E-05 0.0134933 9.9982E-05
9.9928E-05 9.9928E-05 0.0558699 9.9928E-05 9.9928E-05 9.9928E-05 9.9928E-05 9.9928E-05 0.943331 9.9928E-05
9.9946E-05 0.0675963 9.9946E-05 0.0253597 9.9946E-05 9.9946E-05 9.9946E-05 9.9946E-05 0.220752 0.685692
9.9937E-05 9.9937E-05 9.9937E-05 0.194632 9.9937E-05 0.731984 9.9937E-05 9.9937E-05 0.0726846 9.9937E-05
9.9928E-05 9.9928E-05 9.9928E-05 9.9928E-05 9.9928E-05 9.9928E-05 9.9928E-05 9.9928E-05 0.202844 0.796357
9.99281E-05 9.99281E-05 9.99281E-05 9.99281E-05 9.99281E-05 9.99281E-05 9.99281E-05 9.99281E-05 0.26926 0.729941
0.00988658 0.00405993 9.9955E-05 9.9955E-05 9.9955E-05 9.9955E-05 0.00434266 9.9955E-05 0.263521 0.71769
0.0167103 0.916592 9.9955E-05 9.9955E-05 9.9955E-05 0.00792276 0.0160276 9.9955E-05 9.9955E-05 0.0422474
9.9937E-05 0.951973 9.9937E-05 0.0155008 9.9937E-05 9.9937E-05 9.9937E-05 9.9937E-05 0.0318266 9.9937E-05
9.99369E-05 0.124468 9.99369E-05 0.800756 0.0740759 9.99369E-05 9.99369E-05 9.99369E-05 9.99369E-05 9.99369E-05
0.0567398 0.919012 9.9955E-05 9.9955E-05 0.00513249 9.9955E-05 0.00718587 0.0114305 9.9955E-05 9.9955E-05
9.99201E-05 0.999101 9.99201E-05 9.99201E-05 9.99201E-05 9.99201E-05 9.99201E-05 9.99201E-05 9.99201E-05 9.99201E-05
0.00496021 0.288092 9.9964E-05 0.0263113 0.168751 9.9964E-05 9.9964E-05 9.9964E-05 0.0568176 0.454669
9.9955E-05 0.727755 0.143919 9.9955E-05 0.0738355 0.0226208 0.0313691 9.9955E-05 9.9955E-05 9.9955E-05
9.9955E-05 0.730051 0.156313 9.9955E-05 0.0879672 0.0150903 0.0100794 9.9955E-05 9.9955E-05 9.9955E-05
0.00175441 0.0692998 0.394689 0.11949 0.130887 0.0530225 0.00496217 0.225695 9.9982E-05 9.9982E-05
0.0279929 9.9973E-05 0.0114449 9.9973E-05 0.00423044 9.9973E-05 0.00345078 0.00896909 0.906775 0.0368373
9.9964E-05 0.610857 9.9964E-05 0.062419 0.196104 9.9964E-05 0.00807279 9.9964E-05 0.113775 0.00837267
0.420977 9.9973E-05 9.9973E-05 0.00192285 0.17704 0.320815 0.0658915 9.9973E-05 0.00959373 0.0034601
9.9946E-05 0.544272 9.9946E-05 9.9946E-05 0.298808 9.9946E-05 9.9946E-05 9.9946E-05 0.0741964 0.0821239
0.0140424 0.956528 9.9955E-05 9.9955E-05 9.9955E-05 9.9955E-05 9.9955E-05 0.0114161 0.00130796 0.0162055
9.99461E-05 0.0239258 9.99461E-05 9.99461E-05 9.99461E-05 9.99461E-05 0.0241217 9.99461E-05 0.157993 0.79336
9.9964E-05 0.263125 9.9964E-05 0.0184355 0.021353 9.9964E-05 9.9964E-05 0.0266047 0.127618 0.542463
9.9946E-05 9.9946E-05 0.000784968 9.9946E-05 9.9946E-05 0.0240155 9.9946E-05 0.129536 0.845064 9.9946E-05
9.9937E-05 0.0188952 9.9937E-05 9.9937E-05 0.0145754 9.9937E-05 9.9937E-05 0.96583 9.9937E-05 9.9937E-05
9.9946E-05 9.9946E-05 0.0160733 9.9946E-05 9.9946E-05 0.049345 9.9946E-05 0.00555556 9.9946E-05 0.928426
9.9946E-05 9.9946E-05 9.9946E-05 0.00917647 9.9946E-05 9.9946E-05 9.9946E-05 0.788378 0.0628603 0.138986
9.9955E-05 0.0135786 9.9955E-05 9.9955E-05 9.9955E-05 0.00445266 9.9955E-05 0.0415176 0.900212 0.0397392
9.9946E-05 0.0352231 9.9946E-05 9.9946E-05 9.9946E-05 0.00946334 9.9946E-05 9.9946E-05 0.872868 0.0818464
9.99459E-05 9.99459E-05 9.99459E-05 0.0378605 9.99459E-05 9.99459E-05 9.99459E-05 0.902655 0.0434403 0.0154447
9.9982E-05 0.00207002 9.9982E-05 0.150987 0.018877 0.00246677 0.0311584 0.426362 0.131317 0.236561
0.00444814 0.015571 9.9946E-05 9.9946E-05 9.9946E-05 9.9946E-05 9.9946E-05 0.0633627 0.916018 9.9946E-05
0.0169647 0.0781847 0.37752 0.117364 0.123785 0.0528328 9.9973E-05 0.233048 9.9973E-05 9.9973E-05
0.0199581 9.9946E-05 9.9946E-05 9.9946E-05 9.9946E-05 0.937916 9.9946E-05 9.9946E-05 0.0196259 0.0219
9.99369E-05 9.99369E-05 9.99369E-05 0.187357 9.99369E-05 0.714217 9.99369E-05 9.99369E-05 0.0977268 9.99369E-05
0.999101 9.99201E-05 9.99201E-05 9.99201E-05 9.99201E-05 9.99201E-05 9.99201E-05 9.99201E-05 9.99201E-05 9.99201E-05
9.9937E-05 9.9937E-05 9.9937E-05 0.191889 9.9937E-05 0.665896 9.9937E-05 9.9937E-05 0.141515 9.9937E-05
0.0155575 9.9955E-05 9.9955E-05 9.9955E-05 0.0105446 0.813252 9.9955E-05 9.9955E-05 0.0536444 0.106502
9.9955E-05 0.00924725 9.9955E-05 0.00200142 9.9955E-05 0.353112 9.9955E-05 9.9955E-05 0.595458 0.0396816
0.0265643 9.9955E-05 9.9955E-05 9.9955E-05 9.9955E-05 0.870867 0.0001667 9.9955E-05 0.0383591 0.0635429
0.0282391 0.0037971 9.9973E-05 0.0562217 9.9973E-05 0.253121 0.0306154 0.0980162 9.9973E-05 0.52969
9.9946E-05 9.9946E-05 0.0319334 9.9946E-05 0.0165209 0.937622 9.9946E-05 9.9946E-05 0.013324 9.9946E-05
0.0819482 9.99549E-05 0.315489 9.99549E-05 9.99549E-05 0.105645 9.99549E-05 0.460753 9.99549E-05 0.0356646
9.9973E-05 9.9973E-05 0.0825894 0.0329193 9.9973E-05 0.0638517 0.0397291 0.570108 0.0304649 0.180038
0.023842 9.99731E-05 0.169015 0.0186236 9.99731E-05 0.174255 9.99731E-05 0.194391 0.130613 0.288961
9.9955E-05 0.0213271 9.9955E-05 0.0406311 9.9955E-05 0.856078 9.9955E-05 0.0249223 9.9955E-05 0.0565417
0.0213405 0.857825 9.99461E-05 9.99461E-05 0.108735 9.99461E-05 0.0115 9.99461E-05 9.99461E-05 9.99461E-05
9.9946E-05 9.9946E-05 9.9946E-05 0.00228904 9.9946E-05 0.0377993 9.9946E-05 0.0212316 9.9946E-05 0.93808
0.0580102 9.99549E-05 0.344164 9.99549E-05 9.99549E-05 0.117468 9.99549E-05 0.465571 9.99549E-05 0.0142879
9.9955E-05 9.9955E-05 9.9955E-05 0.00500672 9.9955E-05 0.0351265 0.0178571 0.0805593 9.9955E-05 0.860951
9.9937E-05 0.749691 0.171896 9.9937E-05 0.0777129 9.9937E-05 9.9937E-05 9.9937E-05 9.9937E-05 9.9937E-05
9.9946E-05 9.9946E-05 0.0137169 9.9946E-05 0.00936054 0.00656733 9.9946E-05 9.9946E-05 0.969756 9.9946E-05
0.958509 9.9946E-05 9.9946E-05 9.9946E-05 0.00411531 9.9946E-05 9.9946E-05 0.00253011 0.034246 9.9946E-05
0.698162 9.9964E-05 0.0435023 9.9964E-05 0.141585 0.0588536 9.9964E-05 0.0245269 0.0329712 9.9964E-05
0.0165661 0.00285474 9.99461E-05 9.99461E-05 9.99461E-05 0.95928 9.99461E-05 9.99461E-05 0.0206996 9.99461E-05
0.045697 9.9955E-05 9.9955E-05 0.0082327 9.9955E-05 0.261442 9.9955E-05 9.9955E-05 0.169081 0.515047
9.99369E-05 9.99369E-05 9.99369E-05 0.00197459 9.99369E-05 9.99369E-05 9.99369E-05 0.0152617 0.982064 9.99369E-05
9.99201E-05 9.99201E-05 9.99201E-05 9.99201E-05 9.99201E-05 9.99201E-05 9.99201E-05 9.99201E-05 0.999101 9.99201E-05
9.99729E-05 0.0452558 0.011145 0.124379 0.075367 9.99729E-05 0.0364931 9.99729E-05 0.177994 0.529067
0.00546424 9.9955E-05 9.9955E-05 0.0421738 9.9955E-05 0.282867 9.9955E-05 9.9955E-05 0.118349 0.550646
9.9937E-05 0.799381 0.14421 0.0557089 9.9937E-05 9.9937E-05 9.9937E-05 9.9937E-05 9.9937E-05 9.9937E-05
9.99201E-05 9.99201E-05 0.999101 9.99201E-05 9.99201E-05 9.99201E-05 9.99201E-05 9.99201E-05 9.99201E-05 9.99201E-05
9.9946E-05 0.44043 0.254591 9.9946E-05 0.097911 9.9946E-05 0.206468 9.9946E-05 9.9946E-05 9.9946E-05
0.0452546 9.9964E-05 0.462 9.9964E-05 0.18876 0.0183039 0.273524 9.9964E-05 9.9964E-05 0.0117576
0.0165903 9.9973E-05 0.517402 9.9973E-05 0.171504 0.00196895 0.266585 9.9973E-05 0.0203535 0.005296
9.99459E-05 0.171185 0.384567 9.99459E-05 0.275459 9.99459E-05 0.168189 9.99459E-05 9.99459E-05 9.99459E-05
9.99201E-05 9.99201E-05 0.999101 9.99201E-05 9.99201E-05 9.99201E-05 9.99201E-05 9.99201E-05 9.99201E-05 9.99201E-05
0.0145072 0.0497292 0.417929 0.0317788 0.166993 0.000225482 0.299934 9.9982E-05 0.0187036 9.9982E-05
9.9964E-05 0.0877622 0.375081 0.00915405 0.385019 0.0156561 0.126927 9.9964E-05 9.9964E-05 9.9964E-05
0.0311846 9.9973E-05 0.551942 9.9973E-05 9.9973E-05 0.0408478 0.000800889 0.321969 0.0340963 0.0188594
9.9955E-05 0.248283 0.339752 0.0347858 0.22585 9.9955E-05 0.15083 9.9955E-05 9.9955E-05 9.9955E-05
0.0572677 9.9973E-05 0.565351 0.0254875 9.9973E-05 0.0715002 0.0231832 0.251421 0.0054888 9.9973E-05
9.9946E-05 9.9946E-05 9.9946E-05 0.0441432 9.9946E-05 9.9946E-05 9.9946E-05 0.741269 0.120136 0.0938519
0.0283836 9.99369E-05 9.99369E-05 0.900981 9.99369E-05 9.99369E-05 9.99369E-05 0.0699362 9.99369E-05 9.99369E-05
0.0416198 0.201611 0.356104 0.0083122 0.206446 9.9991E-05 0.0757198 0.0523899 0.00911097 0.0485869
0.00395483 0.144161 0.33532 0.0285093 0.156698 0.00544038 0.118498 0.125966 9.9991E-05 0.0813524
9.99201E-05 9.99201E-05 0.999101 9.99201E-05 9.99201E-05 9.99201E-05 9.99201E-05 9.99201E-05 9.99201E-05 9.99201E-05
0.0295371 0.212594 0.406779 9.9955E-05 0.204488 9.9955E-05 0.146102 9.9955E-05 9.9955E-05 9.9955E-05
9.9955E-05 9.9955E-05 0.00561694 9.9955E-05 0.0179413 0.135334 9.9955E-05 0.0155981 9.9955E-05 0.82501
9.9964E-05 0.813566 0.115931 0.0424905 0.0135038 0.00173879 9.9964E-05 9.9964E-05 9.9964E-05 0.0123704
0.0129604 9.9964E-05 0.528978 9.9964E-05 0.146282 0.00344798 0.267545 9.9964E-05 0.0403866 9.9964E-05
0.00483575 0.233917 0.416287 0.0343478 0.274385 9.9964E-05 0.0358273 9.9964E-05 9.9964E-05 9.9964E-05
0.0184973 0.0878027 0.429327 0.0216351 0.150005 9.9964E-05 0.292333 9.9964E-05 9.9964E-05 9.9964E-05
0.0334955 0.0600756 0.379626 0.0372523 0.271825 9.9964E-05 0.217326 9.9964E-05 9.9964E-05 9.9964E-05
9.9937E-05 9.9937E-05 9.9937E-05 0.204407 9.9937E-05 0.686186 9.9937E-05 9.9937E-05 0.108707 9.9937E-05
0.0359707 9.9982E-05 9.9982E-05 0.0813621 0.0076487 0.326608 0.0377194 0.0507121 0.0183752 0.441404
9.9955E-05 0.715649 0.130037 0.0235866 0.0988035 9.9955E-05 0.0314244 9.9955E-05 9.9955E-05 9.9955E-05
9.99369E-05 9.99369E-05 9.99369E-05 9.99369E-05 9.99369E-05 0.04472 9.99369E-05 0.0607674 9.99369E-05 0.893813
9.99459E-05 0.0180035 9.99459E-05 0.218853 9.99459E-05 0.671897 9.99459E-05 9.99459E-05 0.0906462 9.99459E-05
0.0102618 9.9946E-05 0.0595636 9.9946E-05 9.9946E-05 9.9946E-05 9.9946E-05 0.91193 0.0176448 9.9946E-05
9.9928E-05 0.99772 9.9928E-05 0.00148022 9.9928E-05 9.9928E-05 9.9928E-05 9.9928E-05 9.9928E-05 9.9928E-05
0.0154591 0.983742 9.9928E-05 9.9928E-05 9.9928E-05 9.9928E-05 9.9928E-05 9.9928E-05 9.9928E-05 9.9928E-05
0.0461054 0.898399 9.9955E-05 9.9955E-05 9.9955E-05 0.00265153 0.0411184 9.9955E-05 9.9955E-05 0.0112254
9.99281E-05 0.958969 9.99281E-05 9.99281E-05 9.99281E-05 9.99281E-05 0.0402311 9.99281E-05 9.99281E-05 9.99281E-05
0.00577834 0.0401581 9.9955E-05 9.9955E-05 9.9955E-05 9.9955E-05 9.9955E-05 0.103965 0.770599 0.0790003
0.0395278 0.811298 9.9973E-05 0.0256039 0.0346625 0.0636849 9.9973E-05 9.9973E-05 0.0115209 0.0134022
9.9946E-05 0.00486505 9.9946E-05 0.176559 9.9946E-05 0.691321 9.9946E-05 9.9946E-05 0.126655 9.9946E-05
9.9955E-05 9.9955E-05 0.0279847 0.0115342 9.9955E-05 0.925525 0.00984214 0.0246137 9.9955E-05 9.9955E-05
9.9946E-05 9.9946E-05 9.9946E-05 9.9946E-05 9.9946E-05 0.8806 0.0333835 9.9946E-05 0.0370796 0.0483375
0.0149482 0.00689411 0.024764 9.9955E-05 9.9955E-05 0.9164 9.9955E-05 9.9955E-05 0.0364944 9.9955E-05
0.0228696 9.9973E-05 9.9973E-05 0.00699568 0.00808506 0.880201 0.0114514 9.9973E-05 0.00557468 0.0645231
0.0694551 9.9982E-05 0.400689 0.007682 0.0630449 0.0272693 0.400722 9.9982E-05 0.000326503 0.0306116
0.0610724 9.9964E-05 0.454654 9.9964E-05 0.0209494 0.0528095 0.401097 9.9964E-05 0.00901753 9.9964E-05
9.9964E-05 9.9964E-05 0.0424934 9.9964E-05 9.9964E-05 0.0295882 0.875885 0.0349279 0.0114587 0.00524714
0.00147113 0.0921507 9.9964E-05 0.0029914 9.9964E-05 0.0252728 0.868326 9.9964E-05 9.9964E-05 0.0093881
9.9946E-05 0.0247342 9.9946E-05 0.0416513 9.9946E-05 9.9946E-05 0.926058 9.9946E-05 0.00695724 9.9946E-05
0.0117833 9.9973E-05 9.9973E-05 0.0372812 9.9973E-05 0.0153255 0.296321 0.510141 0.0854146 0.043433
0.0235873 9.9955E-05 0.033491 9.9955E-05 9.9955E-05 9.9955E-05 0.893361 0.00411663 9.9955E-05 0.0449443
0.00519009 0.149408 0.0639992 0.167888 9.9982E-05 0.20034 0.0935721 9.9982E-05 0.125359 0.194043
9.99201E-05 9.99201E-05 9.99201E-05 9.99201E-05 9.99201E-05 9.99201E-05 0.999101 9.99201E-05 9.99201E-05 9.99201E-05
9.99201E-05 9.99201E-05 9.99201E-05 9.99201E-05 9.99201E-05 9.99201E-05 0.999101 9.99201E-05 9.99201E-05 9.99201E-05
0.0310099 0.0255496 9.9946E-05 9.9946E-05 0.0163641 9.9946E-05 0.926477 9.9946E-05 9.9946E-05 9.9946E-05
9.9964E-05 0.00692365 9.9964E-05 0.0555552 0.661299 0.0277191 0.244505 9.9964E-05 9.9964E-05 0.00359824
0.00274932 0.00689065 9.99461E-05 9.99461E-05 0.00318614 9.99461E-05 0.986574 9.99461E-05 9.99461E-05 9.99461E-05
0.00804103 0.0517212 9.9973E-05 0.00553334 0.0975269 0.0308406 0.805875 9.9973E-05 9.9973E-05 0.000162112
9.9964E-05 9.9964E-05 0.0217802 0.0153401 9.9964E-05 0.0824368 0.00982417 0.00535244 9.9964E-05 0.864867
0.0555001 0.00195829 9.9973E-05 0.0178328 9.9973E-05 0.22959 0.0762065 0.0503621 9.9973E-05 0.568251
9.9955E-05 9.9955E-05 0.0518797 9.9955E-05 9.9955E-05 0.702796 0.00665588 0.121153 9.9955E-05 0.117016
0.0224234 0.0100113 9.99551E-05 9.99551E-05 9.99551E-05 0.848317 9.99551E-05 0.0270997 9.99551E-05 0.0916491
9.9964E-05 9.9964E-05 0.0519407 9.9964E-05 9.9964E-05 0.0518459 0.0182033 0.70919 0.0579957 0.110424
0.0383568 0.00897625 9.9973E-05 0.0401242 9.9973E-05 0.772656 0.0128628 0.0673226 9.9973E-05 0.0594017
0.00794074 0.00224068 0.00954171 9.9964E-05 9.9964E-05 9.9964E-05 0.00228913 0.0253884 9.9964E-05 0.952199
9.99371E-05 9.99371E-05 0.00627372 9.99371E-05 9.99371E-05 0.0600749 9.99371E-05 9.99371E-05 9.99371E-05 0.932952
9.9946E-05 9.9946E-05 0.0237919 9.9946E-05 9.9946E-05 9.9946E-05 9.9946E-05 0.871029 0.07439 0.0301891
0.053551 9.9964E-05 0.0898192 9.9964E-05 9.9964E-05 0.719779 0.0208127 0.0811566 9.9964E-05 0.0344816
0.102138 0.021352 0.0593997 0.0155274 0.0144323 0.468335 0.0246555 0.131332 9.9991E-05 0.162729
0.0424003 9.99642E-05 0.249773 9.99642E-05 9.99642E-05 0.0405986 9.99642E-05 0.57101 0.0801378 0.0156803
9.9964E-05 9.9964E-05 0.0147279 0.0428935 9.9964E-05 9.9964E-05 0.00310901 0.822907 0.0698488 0.0461141
0.00821232 9.9973E-05 0.11997 0.0112098 9.9973E-05 0.0570086 9.9973E-05 0.664041 0.0246818 0.114576
9.9964E-05 0.0674577 9.9964E-05 0.135075 9.9964E-05 0.221124 0.0145259 9.9964E-05 0.0400311 0.521387
9.9964E-05 9.9964E-05 9.9964E-05 0.0267953 9.9964E-05 0.00262993 0.00785665 0.788723 0.0951488 0.0784463
9.9955E-05 9.9955E-05 0.00635001 9.9955E-05 9.9955E-05 0.0117791 0.0149085 0.0540056 9.9955E-05 0.912457
9.9937E-05 0.0386092 9.9937E-05 9.9937E-05 0.0146381 9.9937E-05 9.9937E-05 0.946053 9.9937E-05 9.9937E-05
9.99443E-05 0.0349188 9.99443E-05 9.99443E-05 0.00399915 9.99443E-05 9.99443E-05 0.960382 9.99443E-05 9.99443E-05
0.0407521 0.157881 0.33065 0.0266118 0.140046 9.9982E-05 0.0779647 0.185824 0.0400707 9.9982E-05
9.9946E-05 9.9946E-05 9.9946E-05 0.0118936 9.9946E-05 9.9946E-05 9.9946E-05 0.840907 0.128456 0.0181438
9.9946E-05 9.9946E-05 9.9946E-05 0.0357465 9.9946E-05 9.9946E-05 9.9946E-05 0.872777 0.0839666 0.00691038
9.9955E-05 9.9955E-05 0.0184364 0.0370646 9.9955E-05 9.9955E-05 9.9955E-05 0.796304 0.14473 0.00296444
0.0941657 9.9964E-05 0.256074 9.9964E-05 9.9964E-05 0.153433 0.0149761 0.393289 9.9964E-05 0.0876621
9.9955E-05 9.9955E-05 9.9955E-05 0.0368613 0.0178108 0.133016 9.9955E-05 0.0723435 9.9955E-05 0.739469
9.9973E-05 0.0120489 0.00790785 0.0496422 9.9973E-05 0.0237233 0.00031062 0.0626141 9.9973E-05 0.843453
9.9964E-05 0.00631221 9.9964E-05 0.0149061 9.9964E-05 0.0163359 0.0177014 0.0933296 9.9964E-05 0.851015
9.9937E-05 9.9937E-05 9.9937E-05 9.9937E-05 9.9937E-05 0.0629298 9.9937E-05 0.0530328 9.9937E-05 0.883338
9.9946E-05 0.822473 0.116052 0.040557 9.9946E-05 9.9946E-05 9.9946E-05 0.0203187 9.9946E-05 9.9946E-05
9.99369E-05 0.123313 9.99369E-05 0.800793 0.0751943 9.99369E-05 9.99369E-05 9.99369E-05 9.99369E-05 9.99369E-05
0.0231957 0.00487527 0.00907106 0.0337889 0.00608512 0.761671 9.9991E-05 0.00549163 0.0502274 0.105494
0.043126 9.9964E-05 9.9964E-05 0.0613024 9.9964E-05 0.279087 0.0151213 9.9964E-05 0.178492 0.422471
0.0314016 9.99459E-05 9.99459E-05 0.760643 9.99459E-05 9.99459E-05 9.99459E-05 0.15969 0.0476652 9.99459E-05
0.00640973 9.99549E-05 9.99549E-05 0.803682 9.99549E-05 9.99549E-05 9.99549E-05 0.173701 0.00659824 0.00910959
0.00543786 0.0205328 0.0720796 9.9955E-05 9.9955E-05 0.881837 0.0196131 9.9955E-05 9.9955E-05 9.9955E-05
9.9937E-05 9.9937E-05 9.9937E-05 0.179452 9.9937E-05 0.677851 9.9937E-05 9.9937E-05 0.141998 9.9937E-05
0.00107388 0.0199947 9.9973E-05 0.145279 0.475475 9.9973E-05 0.0517957 9.9973E-05 0.0758493 0.230232
9.9973E-05 0.055912 0.0347245 0.105961 9.9973E-05 9.9973E-05 0.0462259 0.0381733 0.401066 0.317637
9.99641E-05 9.99641E-05 0.00880101 0.0272582 9.99641E-05 0.795963 9.99641E-05 0.0298089 0.0140056 0.123763
0.0742274 0.00190121 0.316887 9.9955E-05 9.9955E-05 0.229982 9.9955E-05 0.376502 9.9955E-05 9.9955E-05
0.0423518 9.99459E-05 9.99459E-05 0.776473 9.99459E-05 9.99459E-05 9.99459E-05 0.131911 0.048665 9.99459E-05
0.134595 9.99549E-05 0.364367 9.99549E-05 9.99549E-05 0.0851224 9.99549E-05 0.317821 9.99549E-05 0.0975945
0.102806 9.9964E-05 0.330278 9.9964E-05 9.9964E-05 0.226665 0.00767828 0.27317 9.9964E-05 0.0590014
0.0720856 9.9955E-05 0.0421915 9.9955E-05 9.9955E-05 0.86312 9.9955E-05 0.0138922 9.9955E-05 0.00821067
0.00398086 0.0245962 9.9964E-05 9.9964E-05 0.0400514 0.899152 9.9964E-05 0.024833 9.9964E-05 0.00698706
0.00969963 9.9946E-05 9.9946E-05 9.9946E-05 0.0300582 0.94923 9.9946E-05 0.0104129 9.9946E-05 9.9946E-05
0.0190541 9.9964E-05 0.0503452 9.9964E-05 9.9964E-05 0.836986 0.0146446 9.9964E-05 0.0262504 0.0523201
0.0473117 9.9964E-05 9.9964E-05 9.9964E-05 0.00592328 0.91144 9.9964E-05 0.00323267 0.00885612 0.0228363
9.9955E-05 9.9955E-05 9.9955E-05 0.0207856 0.011564 0.879084 9.9955E-05 9.9955E-05 0.0759942 0.0120722
0.139584 9.9964E-05 0.214849 9.9964E-05 0.0492349 0.472384 9.9964E-05 0.105737 9.9964E-05 0.0178123
0.0839026 0.00283961 0.354356 9.9982E-05 0.00831356 0.206107 0.0582109 0.223625 9.9982E-05 0.0624447
9.99371E-05 9.99371E-05 9.99371E-05 9.99371E-05 0.0224988 0.944185 9.99371E-05 9.99371E-05 0.032617 9.99371E-05
0.0889361 9.9973E-05 0.345281 9.9973E-05 9.9973E-05 0.225881 0.0246013 0.249712 0.0136493 0.0516387
0.0619043 9.9955E-05 0.345349 9.9955E-05 9.9955E-05 0.11216 9.9955E-05 0.400843 9.9955E-05 0.0792444
9.99201E-05 9.99201E-05 9.99201E-05 9.99201E-05 0.999101 9.99201E-05 9.99201E-05 9.99201E-05 9.99201E-05 9.99201E-05
9.99459E-05 9.99459E-05 0.023799 0.0701406 0.901738 9.99459E-05 9.99459E-05 0.00372278 9.99459E-05 9.99459E-05
9.99201E-05 9.99201E-05 9.99201E-05 9.99201E-05 0.999101 9.99201E-05 9.99201E-05 9.99201E-05 9.99201E-05 9.99201E-05
9.99369E-05 9.99369E-05 0.042196 9.99369E-05 0.95251 9.99369E-05 9.99369E-05 0.00459463 9.99369E-05 9.99369E-05
9.99279E-05 9.99279E-05 9.99279E-05 9.99279E-05 0.996122 0.00307868 9.99279E-05 9.99279E-05 9.99279E-05 9.99279E-05
9.99201E-05 9.99201E-05 9.99201E-05 9.99201E-05 0.999101 9.99201E-05 9.99201E-05 9.99201E-05 9.99201E-05 9.99201E-05
