9.9991E-05 0.160052 0.196959 0.487422 0.155468
9.999E-05 0.203706 0.476977 0.259756 0.0594607
0.0316461 0.166064 0.46087 0.254984 0.0864362
9.999E-05 0.181559 0.194059 0.499704 0.124578
9.99959E-05 0.00164218 0.964899 0.021012 0.0123472
0.0704649 0.215937 0.441372 0.19036 0.0818662
0.0119615 9.9991E-05 0.019398 0.386527 0.582013
9.997E-05 9.997E-05 9.997E-05 9.997E-05 0.9996
9.997E-05 9.997E-05 9.997E-05 9.997E-05 0.9996
9.997E-05 9.997E-05 9.997E-05 9.997E-05 0.9996
0.073888 0.00614795 0.0266404 0.893224 9.9991E-05
0.077988 9.9973E-05 9.9973E-05 0.921712 9.9973E-05
0.0966127 9.9973E-05 9.9973E-05 0.903087 9.9973E-05
0.0624771 9.9973E-05 9.9973E-05 0.937223 9.9973E-05
0.889592 0.04524 0.00517745 0.0146478 0.0453425
9.997E-05 9.997E-05 9.997E-05 9.997E-05 0.9996
9.999E-05 0.0482517 0.00645927 0.834369 0.11082
0.937168 9.9982E-05 9.9982E-05 0.0602478 0.0023845
0.62386 0.0699414 9.9991E-05 0.270196 0.0359023
0.476913 9.9973E-05 9.9973E-05 0.522787 9.9973E-05
0.870979 0.0245965 9.9991E-05 0.0352329 0.0690914
0.234147 9.9973E-05 9.9973E-05 0.765553 9.9973E-05
0.965934 9.9982E-05 9.9982E-05 0.0319918 0.00187423
0.215471 9.9973E-05 9.9973E-05 0.784229 9.9973E-05
0.174234 9.9973E-05 9.9973E-05 0.825466 9.9973E-05
0.980172 0.00331426 9.9982E-05 0.0163136 9.9982E-05
0.924962 9.9982E-05 9.9982E-05 0.0668439 0.00799459
0.677338 0.0731779 9.9982E-05 0.249285 9.9982E-05
0.9591 0.0239539 9.9982E-05 9.9982E-05 0.0167459
0.975883 0.0183861 9.9982E-05 0.00553118 9.9982E-05
0.178114 9.9973E-05 9.9973E-05 0.821586 9.9973E-05
0.0856308 9.9973E-05 9.9973E-05 0.914069 9.9973E-05
0.946317 9.9973E-05 9.9973E-05 0.0533828 9.9973E-05
0.278132 9.9973E-05 9.9973E-05 0.721568 9.9973E-05
0.984003 9.9982E-05 0.00894476 9.9982E-05 0.00685233
0.165211 9.99729E-05 9.99729E-05 0.834489 9.99729E-05
0.950112 9.9982E-05 0.00834451 0.0413433 9.9982E-05
0.171384 9.9973E-05 9.9973E-05 0.828316 9.9973E-05
9.9991E-05 0.208562 0.262532 0.377323 0.151483
9.9973E-05 0.157546 0.842154 9.9973E-05 9.9973E-05
9.9973E-05 9.9973E-05 0.0857285 0.913972 9.9973E-05
0.9996 9.997E-05 9.997E-05 9.997E-05 9.997E-05
0.169576 9.9973E-05 9.9973E-05 0.830124 9.9973E-05
9.9991E-05 0.463576 0.230412 0.300428 0.00548432
0.595907 0.0234126 9.9991E-05 0.29997 0.0806107
0.47192 9.9982E-05 9.9982E-05 0.505643 0.0222373
0.893355 0.0138277 0.0343866 0.023808 0.0346224
0.0649124 0.245255 0.495817 0.174969 0.019047
9.9991E-05 0.727963 0.188863 0.0688723 0.0142014
9.9982E-05 9.9982E-05 0.0786645 0.712664 0.208472
9.9991E-05 0.0405876 0.0345065 0.774108 0.150698
0.00903626 0.04771 0.0656401 0.720547 0.157067
9.9982E-05 9.9982E-05 0.0539054 0.746619 0.199276
0.0203417 9.9982E-05 0.0126706 9.9982E-05 0.966788
9.9982E-05 0.00624648 9.9982E-05 0.0285768 0.964977
0.043205 0.0040615 9.9991E-05 0.889584 0.0630498
0.171859 9.9973E-05 9.9973E-05 0.827842 9.9973E-05
0.244609 0.0828059 0.276527 0.267509 0.128549
0.0257922 0.0108016 0.963206 9.9982E-05 9.9982E-05
0.0397525 0.409759 0.531107 0.0192822 9.9991E-05
9.9991E-05 0.0537671 0.0321222 0.821353 0.0926573
9.9982E-05 9.9982E-05 0.101345 0.756394 0.142061
9.9991E-05 0.085082 0.0582076 0.735301 0.121309
9.9973E-05 9.9973E-05 9.9973E-05 0.00213428 0.997566
0.0108816 0.0180478 0.940958 0.0132636 0.0168489
9.9991E-05 0.0239947 0.0293536 0.855253 0.0912986
9.9991E-05 0.110895 0.212326 0.479663 0.197016
0.154283 9.99729E-05 9.99729E-05 0.845417 9.99729E-05
0.117137 9.9973E-05 9.9973E-05 0.882563 9.9973E-05
0.0514473 0.0263561 0.0416133 0.0418786 0.838705
0.059011 0.0376397 0.011863 0.0578771 0.833609
0.0182837 0.0206626 0.00397124 0.0658832 0.891199
9.9973E-05 9.9973E-05 0.00655907 9.9973E-05 0.993141
9.9982E-05 0.00215634 9.9982E-05 0.00254417 0.9951
0.00431516 9.9973E-05 9.9973E-05 9.9973E-05 0.995385
9.997E-05 9.997E-05 9.997E-05 9.997E-05 0.9996
0.0109408 9.9973E-05 9.9973E-05 9.9973E-05 0.988759
9.9973E-05 9.9973E-05 0.0127022 9.9973E-05 0.986998
9.997E-05 9.997E-05 9.997E-05 9.997E-05 0.9996
0.0267964 0.0149151 9.9991E-05 0.0192959 0.938893
0.0232407 9.9982E-05 9.9982E-05 0.0286547 0.947905
0.021861 9.9991E-05 0.000734383 0.0112063 0.966098
0.443903 9.9973E-05 9.9973E-05 9.9973E-05 0.555797
0.44795 9.9973E-05 9.9973E-05 9.9973E-05 0.55175
9.997E-05 9.997E-05 9.997E-05 9.997E-05 0.9996
9.9973E-05 9.9973E-05 9.9973E-05 0.0045967 0.995103
0.0179521 0.00427617 0.00216147 9.9991E-05 0.97551
0.0388268 9.9991E-05 0.0230379 0.00418945 0.933846
9.997E-05 9.997E-05 9.997E-05 9.997E-05 0.9996
0.456627 9.9973E-05 9.9973E-05 9.9973E-05 0.543073
0.0811912 0.0175424 0.0134519 0.0163088 0.871506
0.00569808 0.0316793 0.00657066 0.0136833 0.942369
9.9982E-05 0.00377921 0.0130935 9.9982E-05 0.982927
9.9982E-05 0.0221112 0.00375393 9.9982E-05 0.973935
0.0368715 9.9991E-05 0.00759431 0.0368794 0.918555
9.9982E-05 0.000782456 9.9982E-05 0.00929305 0.989725
0.637777 0.073862 0.130698 0.157564 9.9991E-05
0.0375295 9.9973E-05 9.9973E-05 9.9973E-05 0.962171
0.0181396 9.9973E-05 9.9973E-05 9.9973E-05 0.98156
0.088515 0.120047 0.0320698 0.0162383 0.743129
9.997E-05 9.997E-05 9.997E-05 9.997E-05 0.9996
9.997E-05 9.997E-05 9.997E-05 9.997E-05 0.9996
9.9973E-05 0.000705586 9.9973E-05 9.9973E-05 0.998994
0.0309383 9.9973E-05 9.9973E-05 9.9973E-05 0.968762
0.938651 0.0203352 0.0245004 9.9991E-05 0.0164136
9.997E-05 9.997E-05 9.997E-05 9.997E-05 0.9996
9.9973E-05 0.0208686 9.9973E-05 9.9973E-05 0.978831
9.997E-05 9.997E-05 9.997E-05 9.997E-05 0.9996
0.662286 0.00845695 9.9991E-05 0.327145 0.00201171
0.0301769 0.00143083 0.038433 9.9991E-05 0.929859
9.9973E-05 9.9973E-05 9.9973E-05 0.0556127 0.944087
0.0258681 9.9973E-05 9.9973E-05 9.9973E-05 0.973832
9.997E-05 9.997E-05 9.997E-05 9.997E-05 0.9996
0.711163 9.9982E-05 9.9982E-05 0.264414 0.0242225
9.997E-05 9.997E-05 9.997E-05 9.997E-05 0.9996
0.0146467 0.0327728 0.00483559 9.9991E-05 0.947645
0.477674 9.9973E-05 9.9973E-05 9.9973E-05 0.522026
9.997E-05 9.997E-05 9.997E-05 9.997E-05 0.9996
0.339429 9.9973E-05 9.9973E-05 0.660271 9.9973E-05
0.411034 9.9973E-05 9.9973E-05 0.588666 9.9973E-05
0.150617 9.9973E-05 9.9973E-05 0.849083 9.9973E-05
0.911098 9.9991E-05 0.0214075 0.0347491 0.0326455
9.9991E-05 0.0431531 0.0662203 0.720246 0.170281
0.234288 9.9991E-05 0.00561432 0.746687 0.0133113
0.23787 0.0500091 0.0530315 0.645972 0.013117
0.289714 9.9973E-05 9.9973E-05 0.709986 9.9973E-05
0.365414 0.0167026 0.00750496 0.610278 9.9991E-05
0.316211 9.9973E-05 9.9973E-05 0.683489 9.9973E-05
0.402148 0.0531117 0.0167502 0.52789 9.9991E-05
0.426152 0.0400774 0.00168478 0.531986 9.9991E-05
0.180126 9.9973E-05 9.9973E-05 0.819574 9.9973E-05
0.1158 0.0144336 9.9982E-05 0.869567 9.9982E-05
0.121503 9.9973E-05 9.9973E-05 0.878197 9.9973E-05
0.799118 0.0718857 0.00874733 0.0716983 0.0485502
0.0153757 0.568492 0.395403 0.0206302 9.9991E-05
0.0160957 0.548192 0.376471 0.0148243 0.0444173
9.9991E-05 0.125349 0.770733 0.092519 0.011299
0.328722 0.0510836 0.0404449 0.431398 0.148352
9.9991E-05 0.539249 0.366892 0.0545418 0.0392173
9.9991E-05 0.551119 0.360908 0.0613749 0.0264977
0.205022 0.0313671 0.0640756 0.59261 0.106925
0.0270256 0.442326 0.519922 0.0106267 9.9991E-05
0.0244662 0.428342 0.480344 0.0381525 0.0286959
0.0206266 0.470399 0.486218 0.0191211 0.0036348
0.057692 0.611534 0.232563 0.064407 0.0338036
0.0231666 0.639211 0.257358 0.0671145 0.0131496
0.0333718 0.488027 0.447055 0.0314469 9.9991E-05
9.9991E-05 0.0766009 0.0515409 0.727353 0.144405
0.0245077 0.171314 0.785862 9.9991E-05 0.0182164
0.943472 9.9991E-05 0.00611915 0.0225462 0.0277625
0.954095 0.0124875 0.0144589 9.9991E-05 0.0188587
0.0484543 0.0174234 0.919542 9.9991E-05 0.0144801
0.173618 0.0954655 0.222886 0.326509 0.181521
0.0116419 0.106841 0.0540937 0.744703 0.0827202
0.0367414 0.0484394 0.0334114 0.881308 9.9991E-05
0.848885 0.0647856 9.9991E-05 0.0788983 0.0073311
0.0717655 0.183329 0.10068 0.641369 0.00285618
0.0338829 0.0887271 0.0526741 0.75018 0.0745358
0.0440469 0.630142 0.224677 0.0819684 0.0191653
9.9991E-05 0.0261041 0.0383072 0.783114 0.152375
0.084255 0.17117 0.155466 0.416909 0.1722
0.985998 9.9973E-05 9.9973E-05 9.9973E-05 0.0137017
0.013079 0.129117 0.79197 0.0113462 0.0544877
0.0257501 9.9982E-05 0.429993 0.544057 9.9982E-05
0.0675287 0.00334828 0.928923 9.9982E-05 9.9982E-05
0.0577611 0.0873038 0.125006 0.670558 0.0593708
9.997E-05 9.997E-05 0.9996 9.997E-05 9.997E-05
9.9991E-05 0.0135405 0.0774345 0.841885 0.0670401
0.0721502 9.9991E-05 0.818554 0.0651112 0.0440848
0.0346342 9.9991E-05 0.887205 0.0343078 0.043753
0.88226 9.9982E-05 0.0771379 0.0404018 9.9982E-05
0.413656 0.205848 0.163556 0.21684 9.9991E-05
0.376863 0.0408245 0.0743694 0.476677 0.0312655
0.0350195 0.867228 0.0557034 0.0219762 0.0200724
9.9973E-05 0.963792 9.9973E-05 0.0359081 9.9973E-05
0.0445648 0.897639 9.9991E-05 0.0392127 0.0184839
0.0489296 0.896305 9.9991E-05 0.0418478 0.0128175
0.978677 0.0210231 9.9973E-05 9.9973E-05 9.9973E-05
0.944787 9.9982E-05 0.0332203 9.9982E-05 0.0217925
0.826898 0.0386479 9.9991E-05 0.105718 0.0286365
9.9991E-05 0.554728 0.369975 0.0595575 0.0156399
0.202019 0.108282 0.190793 0.322707 0.176199
0.416631 0.122301 0.05952 0.189963 0.211585
0.80253 0.0380279 0.0182662 0.0871243 0.054052
0.702406 0.0326573 0.0548874 0.0888942 0.121155
0.782354 0.120461 0.015206 0.0136256 0.0683536
0.529572 0.0729263 0.0974895 0.108835 0.191177
9.9991E-05 0.0948228 0.137601 0.592646 0.17483
0.142894 9.9973E-05 9.9973E-05 0.856806 9.9973E-05
0.32427 0.00587843 9.9991E-05 0.640221 0.0295307
9.9973E-05 0.0137207 0.985979 9.9973E-05 9.9973E-05
9.9973E-05 9.9973E-05 0.950578 0.0491217 9.9973E-05
0.0137425 9.9982E-05 0.934285 0.051773 9.9982E-05
9.9991E-05 0.368313 0.484475 0.120316 0.0267954
0.0268166 0.125561 0.443321 0.275453 0.128849
0.0259808 0.108601 0.444992 0.283712 0.136714
0.935972 0.0360604 0.0274292 9.9991E-05 0.000438388
0.872168 0.0457164 0.0303702 0.0314436 0.020302
0.983908 9.9982E-05 0.0103713 9.9982E-05 0.00552045
9.9982E-05 9.9982E-05 0.0789534 0.826897 0.0939501
0.0180912 9.9982E-05 0.96687 9.9982E-05 0.014839
0.0153995 9.9982E-05 0.966744 9.9982E-05 0.0176567
9.9982E-05 0.0389628 0.954247 0.00659031 9.9982E-05
9.9982E-05 0.0672056 0.887968 0.0446261 9.9982E-05
0.0203646 0.0464174 0.897445 9.9991E-05 0.0356732
9.9973E-05 9.9973E-05 0.0761862 0.923514 9.9973E-05
0.0778672 0.386695 0.366886 0.0685523 0.0999993
9.9991E-05 0.027874 0.0128337 0.86045 0.0987424
9.9973E-05 9.9973E-05 0.0797848 0.919915 9.9973E-05
0.809606 0.0348401 0.0571781 0.0982756 9.9991E-05
9.997E-05 9.997E-05 9.997E-05 0.9996 9.997E-05
9.997E-05 9.997E-05 9.997E-05 0.9996 9.997E-05
9.9973E-05 0.00238434 9.9973E-05 0.997316 9.9973E-05
0.0266086 9.9982E-05 0.937702 9.9982E-05 0.0354894
9.9973E-05 9.9973E-05 0.995239 0.00446138 9.9973E-05
0.0342001 0.233861 0.454521 0.226752 0.0506656
9.9982E-05 9.9982E-05 0.945198 0.0126144 0.0419876
9.997E-05 9.997E-05 0.9996 9.997E-05 9.997E-05
9.9982E-05 0.0541353 0.400612 0.545053 9.9982E-05
0.0304324 0.0998992 0.869468 9.9982E-05 9.9982E-05
0.0656935 0.0872322 0.846874 9.9982E-05 9.9982E-05
0.0879971 0.182845 0.339936 0.264798 0.124424
9.9991E-05 0.0344627 0.0385863 0.824151 0.1027
9.9982E-05 0.0888288 0.779043 0.131929 9.9982E-05
0.310476 0.231367 0.0199831 0.0184112 0.419763
0.000412566 0.104007 0.734846 0.160634 9.9991E-05
9.9982E-05 9.9982E-05 0.987575 0.00263303 0.00959207
0.064556 0.000395762 0.00620828 0.92874 9.9991E-05
0.0273148 0.00909786 0.261724 0.701764 9.9991E-05
9.9982E-05 9.9982E-05 0.029883 0.852767 0.11715
9.9991E-05 0.0234493 0.152763 0.606247 0.217441
0.205727 9.9973E-05 9.9973E-05 0.793973 9.9973E-05
9.9991E-05 0.0346957 0.0414825 0.75049 0.173232
9.9991E-05 0.00473722 0.0777091 0.837611 0.0798429
9.9982E-05 9.9982E-05 0.0997263 0.843655 0.0564186
9.9991E-05 0.000222515 0.0695291 0.737815 0.192333
9.9991E-05 0.0650846 0.111132 0.74011 0.0835732
9.9982E-05 9.9982E-05 0.0473483 0.825486 0.126966
0.103255 0.205244 0.307813 0.231552 0.152136
0.984754 9.9973E-05 9.9973E-05 0.0149465 9.9973E-05
0.793908 0.0439136 0.0659723 0.0961058 9.9991E-05
9.997E-05 9.997E-05 9.997E-05 9.997E-05 0.9996
0.694806 0.0379702 0.0819243 0.178365 0.00693528
0.900799 9.9991E-05 0.00208912 0.0607619 0.0362496
0.349271 0.0159765 0.03304 0.575088 0.0266244
0.914853 9.9982E-05 9.9982E-05 0.0513616 0.0335859
0.369937 0.033722 9.9991E-05 0.572549 0.0236921
0.976526 0.0131507 0.0101231 9.9982E-05 9.9982E-05
0.13251 0.0521703 0.092406 0.427137 0.295777
0.0619844 0.126088 0.0284748 0.698836 0.0846169
0.23814 0.0416815 0.0485719 0.568932 0.102675
0.928003 9.9991E-05 0.035845 0.0276099 0.00844196
9.9982E-05 0.0392665 0.94826 9.9982E-05 0.0122733
0.187857 9.9973E-05 9.9973E-05 0.811843 9.9973E-05
0.155454 0.107818 0.0930815 0.41911 0.224536
0.158489 9.9973E-05 9.9973E-05 0.841211 9.9973E-05
0.00353717 0.0427826 0.953077 0.000503382 9.9991E-05
9.9991E-05 0.0414229 0.0161208 0.815088 0.127268
9.9991E-05 0.00793665 0.00568188 0.00705487 0.979227
0.0722621 0.125023 0.0121924 0.0793397 0.711183
0.985332 9.9973E-05 9.9973E-05 9.9973E-05 0.0143686
0.34171 9.9982E-05 9.9982E-05 0.637882 0.0202082
9.9991E-05 0.020492 0.0240018 0.84025 0.115157
9.9991E-05 0.00570741 0.0357616 0.865632 0.0927993
0.0631947 0.113497 0.0870423 0.736166 9.9991E-05
0.385743 9.9982E-05 9.9982E-05 0.613111 0.000945605
0.0233218 9.9982E-05 0.961681 0.0147968 9.9982E-05
0.0298978 0.140337 0.429213 0.263377 0.137175
0.00569999 0.360039 0.619191 0.0149701 9.9991E-05
0.0706187 0.588998 0.180431 0.0735726 0.0863791
0.0575277 0.575216 0.170356 0.0922383 0.104662
0.0518995 0.43504 0.438168 0.0333773 0.041515
0.030861 0.121857 0.448392 0.273774 0.125117
0.0438377 0.545653 0.228647 0.106064 0.0757984
0.0719334 0.520648 0.376082 0.0312369 9.9991E-05
0.0727984 0.158 0.182772 0.39465 0.19178
0.0589464 0.4159 0.485609 0.0394453 9.9991E-05
0.10774 0.207526 0.165537 0.324358 0.19484
9.9982E-05 9.9982E-05 0.067136 0.74429 0.188374
9.9991E-05 0.218832 0.16097 0.47074 0.149359
0.0282469 0.307875 0.409601 0.169617 0.0846605
0.0486932 0.310252 0.338888 0.217187 0.0849793
0.0185074 0.156073 0.40031 0.277005 0.148104
0.0110621 0.396598 0.461675 0.0653698 0.0652958
0.27355 9.9973E-05 9.9973E-05 0.72615 9.9973E-05
9.9973E-05 9.9973E-05 0.956158 0.043542 9.9973E-05
0.0832455 0.561729 0.164546 0.10083 0.0896504
0.067591 0.357093 0.49607 0.0169931 0.0622533
0.0510317 0.546202 0.287031 0.0339095 0.0818257
0.0120172 0.546348 0.305408 0.0644638 0.0717634
0.716545 0.0467215 0.0672368 0.169397 9.9991E-05
0.415743 0.0419181 0.0132492 0.467602 0.0614877
9.9991E-05 0.13329 0.859551 0.00117541 0.0058843
0.164362 9.99729E-05 9.99729E-05 0.835338 9.99729E-05
0.746574 0.00551322 0.0953603 0.152452 9.9991E-05
9.9991E-05 0.0269 0.125145 0.599414 0.248442
9.997E-05 9.997E-05 0.9996 9.997E-05 9.997E-05
9.997E-05 9.997E-05 0.9996 9.997E-05 9.997E-05
0.00198038 0.0417385 0.904211 0.00865724 0.0434129
9.997E-05 9.997E-05 0.9996 9.997E-05 9.997E-05
9.9982E-05 9.9982E-05 0.08315 0.817985 0.0986655
0.102096 9.9982E-05 0.865537 9.9982E-05 0.0321671
0.772566 0.0576684 0.0557879 0.113877 9.9991E-05
0.998082 9.9973E-05 0.00161767 9.9973E-05 9.9973E-05
0.939017 0.00741412 9.9991E-05 0.0226396 0.0308293
0.986906 9.9973E-05 9.9973E-05 9.9973E-05 0.0127942
0.947075 0.0147033 9.9991E-05 0.00657083 0.0315507
0.114402 0.640651 0.0880567 0.0648702 0.0920203
0.0947539 0.625153 0.0856219 0.0661617 0.12831
0.0326331 0.922276 9.9982E-05 0.0448912 9.9982E-05
0.0376938 0.8989 0.0534647 9.9991E-05 0.00984161
9.997E-05 0.9996 9.997E-05 9.997E-05 9.997E-05
9.9991E-05 0.347407 0.0224269 0.475873 0.154193
0.00560372 0.990473 9.9982E-05 0.00372283 9.9982E-05
0.229449 0.140927 0.243737 0.366627 0.0192607
9.997E-05 0.9996 9.997E-05 9.997E-05 9.997E-05
9.997E-05 0.9996 9.997E-05 9.997E-05 9.997E-05
9.997E-05 0.9996 9.997E-05 9.997E-05 9.997E-05
0.0545321 0.674967 0.255411 0.0149899 9.9991E-05
9.997E-05 0.9996 9.997E-05 9.997E-05 9.997E-05
0.00755918 0.962561 0.0154152 9.9991E-05 0.0143646
0.263413 9.9973E-05 9.9973E-05 0.736287 9.9973E-05
0.323561 0.0583479 9.9991E-05 0.586118 0.0318731
0.737736 0.0713834 9.9991E-05 0.173986 0.0167951
0.921948 9.9982E-05 9.9982E-05 0.0455191 0.0323325
0.049835 0.0801857 0.0402703 0.716356 0.113353
0.821977 0.0362958 0.01162 0.0523243 0.0777827
0.142616 9.9973E-05 9.9973E-05 0.857084 9.9973E-05
0.190602 9.9973E-05 9.9973E-05 0.809098 9.9973E-05
9.9982E-05 9.9982E-05 0.0753814 0.739884 0.184535
0.810293 0.0543689 0.0203084 0.0277968 0.087233
0.538211 0.0779757 0.0329573 0.222331 0.128525
0.0531044 0.0782575 0.0639502 0.563003 0.241685
9.9991E-05 0.058571 0.0599727 0.674722 0.206635
0.0884684 0.0536745 0.070398 0.632403 0.155056
0.326343 0.0301477 0.0646315 0.578778 9.9991E-05
9.9991E-05 0.0605952 0.0336169 0.703484 0.202204
0.156892 9.99729E-05 9.99729E-05 0.842808 9.99729E-05
9.9982E-05 9.9982E-05 0.169026 0.607514 0.223261
9.9982E-05 9.9982E-05 0.149188 0.589393 0.261219
9.9991E-05 0.238221 0.35828 0.267653 0.135746
9.9991E-05 0.0117424 0.0798897 0.719906 0.188362
9.9991E-05 0.00253689 0.0578926 0.736668 0.202802
9.9991E-05 0.00392259 0.101192 0.730569 0.164216
0.189142 0.105041 0.119911 0.359167 0.22674
0.273299 9.9973E-05 9.9973E-05 0.726401 9.9973E-05
0.140551 9.9973E-05 9.9973E-05 0.859149 9.9973E-05
0.153161 9.9973E-05 9.9973E-05 0.846539 9.9973E-05
0.227377 9.9973E-05 9.9973E-05 0.772323 9.9973E-05
0.0130788 9.9982E-05 0.946775 0.0399462 9.9982E-05
0.031285 0.219878 0.426611 0.237242 0.0849841
0.839825 0.028217 9.9991E-05 0.113204 0.0186544
0.370343 0.0107116 9.9991E-05 0.593028 0.0258178
9.9991E-05 0.153005 0.180198 0.497468 0.169229
9.9991E-05 0.159067 0.192551 0.474022 0.174259
0.924313 0.0154754 0.060012 9.9982E-05 9.9982E-05
0.758337 0.022362 0.0686746 0.143332 0.00729509
0.0359861 0.376097 0.235237 0.340428 0.0122526
0.0234195 0.102099 0.104115 0.743988 0.0263787
0.86943 9.9982E-05 0.00470538 0.125665 9.9982E-05
0.279838 0.0804633 0.132388 0.290561 0.216749
9.9991E-05 0.181445 0.164696 0.476349 0.177411
0.18705 0.124032 0.0790128 0.372891 0.237015
0.257662 0.108174 0.104155 0.329987 0.200021
0.922855 0.00409705 9.9982E-05 9.9982E-05 0.0728482
0.953747 0.0155961 0.0287758 9.9991E-05 0.00178134
0.982881 9.9973E-05 9.9973E-05 9.9973E-05 0.0168189
0.894718 0.0228645 9.9991E-05 0.0482194 0.0340977
0.967863 9.9973E-05 9.9973E-05 9.9973E-05 0.031837
0.960819 9.9982E-05 0.00495225 0.0340292 9.9982E-05
0.555997 0.0958231 0.0585368 0.0865648 0.203079
0.272027 0.152954 0.136878 0.232176 0.205965
0.985235 9.9973E-05 0.0144649 9.9973E-05 9.9973E-05
0.246219 0.136435 0.115365 0.30739 0.194592
0.14908 0.10463 0.114886 0.425217 0.206187
9.9982E-05 0.571472 0.411074 9.9982E-05 0.0172538
9.9991E-05 0.61139 0.36318 0.0201032 0.00522769
0.00235122 0.57242 0.370773 0.0385746 0.0158814
0.0110652 0.594519 0.383381 9.9991E-05 0.010934
0.0472487 0.581689 0.370862 9.9982E-05 9.9982E-05
9.9991E-05 0.569835 0.393593 0.0194161 0.0170558
9.9982E-05 0.575728 0.394989 9.9982E-05 0.0290832
0.0167795 0.0806417 0.145498 0.544879 0.212202
9.9991E-05 0.00681741 0.0983178 0.66143 0.233335
0.0154813 0.212958 0.338177 0.311765 0.121619
9.9991E-05 0.214654 0.362557 0.294962 0.127727
0.888717 0.0473579 0.0393425 0.0244823 9.9991E-05
0.823854 0.0541855 0.0415681 0.00820334 0.0721888
0.993361 0.00633912 9.9973E-05 9.9973E-05 9.9973E-05
0.00249686 0.000744542 0.955732 0.0249034 0.016123
9.9973E-05 0.130318 0.869382 9.9973E-05 9.9973E-05
0.0252357 9.9973E-05 0.974464 9.9973E-05 9.9973E-05
9.9973E-05 0.143116 0.856584 9.9973E-05 9.9973E-05
0.0279303 0.0577937 0.484404 0.422104 0.00776846
0.0318284 0.36332 0.418804 0.180827 0.00522107
0.0259336 0.513475 0.39869 0.052463 0.00943858
9.9973E-05 0.167017 0.832683 9.9973E-05 9.9973E-05
9.9973E-05 0.151269 0.848431 9.9973E-05 9.9973E-05
0.00110148 9.9973E-05 0.998599 9.9973E-05 9.9973E-05
0.0252934 0.0967652 0.877741 9.9982E-05 9.9982E-05
0.21045 0.216342 0.0554045 0.395504 0.122299
0.996714 9.9973E-05 9.9973E-05 9.9973E-05 0.00298657
0.0109531 0.0205927 0.177664 0.552272 0.238518
0.678832 0.0227782 0.0456023 0.182763 0.0700247
0.0215896 0.0639013 0.0380163 0.715097 0.161396
0.00469981 9.9982E-05 0.92508 0.07002 9.9982E-05
0.00730844 0.544458 0.371766 0.0601497 0.0163179
0.0595686 0.172324 0.730782 0.0159478 0.0213777
0.266634 0.0687588 0.135782 0.299677 0.229148
0.0992731 0.156823 0.164079 0.337801 0.242023
0.578819 0.0461016 0.0115089 0.333386 0.0301842
9.9991E-05 0.0122453 0.0408653 0.806576 0.140213
0.0639666 0.787671 0.0924558 0.00341233 0.0524946
0.0559756 0.88833 0.0313124 0.00514409 0.0192374
0.0139013 0.985799 9.9973E-05 9.9973E-05 9.9973E-05
9.9973E-05 0.992771 0.00692887 9.9973E-05 9.9973E-05
9.997E-05 0.9996 9.997E-05 9.997E-05 9.997E-05
0.0207932 0.909099 0.0250594 9.9991E-05 0.0449482
9.9991E-05 0.0366156 0.159642 0.562208 0.241434
0.0734672 0.386569 0.444479 0.0103227 0.0851623
0.0574722 0.0697039 0.865139 0.00423979 0.00344493
9.997E-05 9.997E-05 0.9996 9.997E-05 9.997E-05
9.9973E-05 9.9973E-05 0.994498 9.9973E-05 0.00520227
0.0209802 0.129723 0.849097 9.9982E-05 9.9982E-05
9.9973E-05 0.98963 9.9973E-05 9.9973E-05 0.0100703
0.0131662 0.986534 9.9973E-05 9.9973E-05 9.9973E-05
0.0191614 0.707369 0.273269 9.9982E-05 9.9982E-05
0.0106795 0.731307 0.217007 0.0294638 0.0115422
9.997E-05 0.9996 9.997E-05 9.997E-05 9.997E-05
0.0376491 0.640906 0.309725 0.00739211 0.00432876
0.346224 0.36993 0.227433 0.0563127 9.9991E-05
0.840305 0.000817174 0.013426 0.116969 0.0284821
0.815343 0.0482886 9.9982E-05 0.136169 9.9982E-05
0.888712 9.9982E-05 9.9982E-05 0.0658628 0.0452252
0.949149 0.0111967 0.00733593 9.9991E-05 0.032218
9.9973E-05 0.991933 9.9973E-05 0.00776707 9.9973E-05
9.997E-05 0.9996 9.997E-05 9.997E-05 9.997E-05
0.0486678 0.734161 0.195125 0.0219456 9.9991E-05
0.021074 0.889377 0.0886494 9.9991E-05 0.000799935
9.997E-05 0.9996 9.997E-05 9.997E-05 9.997E-05
9.9991E-05 0.955365 0.0117027 0.00716671 0.0256659
9.997E-05 0.9996 9.997E-05 9.997E-05 9.997E-05
0.0182182 0.712962 0.236774 0.0319453 9.9991E-05
0.0425911 0.00663281 0.0313033 0.821001 0.0984715
9.9982E-05 9.9982E-05 0.0361211 0.849492 0.114187
9.9982E-05 0.0505208 9.9982E-05 0.838538 0.110741
0.0210606 0.0818001 0.0281164 0.75669 0.112333
0.0329262 0.502408 0.377011 0.0875543 9.9991E-05
0.0553234 0.443112 0.490954 0.0105107 9.9991E-05
9.9982E-05 0.352385 0.593732 0.0536829 9.9982E-05
0.0101362 0.330565 0.607891 0.0513075 9.9991E-05
0.102084 0.599533 0.0843158 0.115715 0.0983523
9.9991E-05 0.0923975 0.584219 0.215058 0.108226
9.9973E-05 0.99342 9.9973E-05 0.00628002 9.9973E-05
9.9982E-05 0.633194 0.322516 0.0440899 9.9982E-05
9.9991E-05 0.610562 0.305459 0.0575704 0.0263092
0.465055 0.0153159 0.108671 0.293582 0.117375
0.00918951 0.0356303 0.222498 0.526269 0.206413
0.924751 9.9973E-05 9.9973E-05 0.074949 9.9973E-05
0.224795 9.9973E-05 9.9973E-05 0.774905 9.9973E-05
0.383133 9.9973E-05 9.9973E-05 0.616567 9.9973E-05
0.536242 0.05303 9.99847E-05 0.410528 9.99847E-05
0.353221 0.0411827 0.0623573 0.430869 0.11237
0.974238 9.9973E-05 9.9973E-05 0.0254616 9.9973E-05
0.980868 0.0171104 0.00182161 9.9982E-05 9.9982E-05
0.939978 0.0345737 0.00522208 9.9991E-05 0.0201262
0.952882 0.00813943 9.9991E-05 0.0123875 0.0264911
0.149018 0.515503 0.116667 0.138648 0.0801637
0.39216 0.355332 0.0679086 0.150449 0.0341501
0.298486 0.346152 0.281207 0.0395201 0.0346351
0.0511439 0.558607 0.230929 0.102893 0.0564273
0.540164 0.0707275 0.0594773 0.218611 0.11102
0.96451 9.9982E-05 0.00486533 9.9982E-05 0.0304247
0.0112546 0.519331 0.41551 0.0394101 0.014494
0.730641 0.0557338 0.0132791 0.112279 0.0880664
0.232502 9.9973E-05 9.9973E-05 0.767198 9.9973E-05
0.113506 9.9973E-05 9.9973E-05 0.886194 9.9973E-05
0.994421 9.9973E-05 9.9973E-05 0.0052788 9.9973E-05
0.177686 0.150162 0.0320704 0.102211 0.53787
0.523755 0.0187304 0.0277547 0.423373 0.00638673
0.228448 9.9973E-05 9.9973E-05 0.771252 9.9973E-05
0.66388 0.0553833 9.9991E-05 0.252088 0.0285487
0.1124 0.0951405 0.0534256 0.181097 0.557936
9.997E-05 9.997E-05 9.997E-05 9.997E-05 0.9996
0.048261 0.101174 0.850365 9.9982E-05 9.9982E-05
0.142812 0.0290605 0.0433323 0.775232 0.0095631
0.012789 0.208688 0.170032 0.468743 0.139748
0.00980194 0.0386378 0.15205 0.56635 0.23316
0.0700703 0.0363358 0.151544 0.549251 0.192798
0.0801389 9.9973E-05 9.9973E-05 0.919561 9.9973E-05
9.9982E-05 9.9982E-05 0.947298 0.0387738 0.0137281
0.0290662 0.33311 0.261574 0.258734 0.117515
9.9982E-05 9.9982E-05 0.0364223 0.867823 0.0955546
0.110404 9.99729E-05 9.99729E-05 0.889296 9.99729E-05
9.9991E-05 0.0162438 0.0656462 0.780521 0.137489
9.9991E-05 0.179559 0.171983 0.457272 0.191086
9.9991E-05 0.174726 0.185904 0.456794 0.182476
0.0796918 0.263277 0.472519 0.167405 0.0171077
0.0741053 0.109438 0.726031 0.0740877 0.0163385
0.0192478 0.256831 0.317468 0.322322 0.0841309
9.9991E-05 0.0848982 0.201829 0.534091 0.179081
0.141896 9.99729E-05 9.99729E-05 0.857804 9.99729E-05
0.126233 9.9973E-05 9.9973E-05 0.873467 9.9973E-05
0.394242 0.0881999 0.0852333 0.239919 0.192406
0.00793209 0.222469 0.449517 0.244193 0.0758887
9.9991E-05 0.0538865 0.159658 0.565647 0.220709
0.967782 9.9982E-05 0.0141223 9.9982E-05 0.0178959
0.0330931 0.147471 0.397405 0.270196 0.151834
0.379967 0.149892 0.141269 0.261736 0.0671356
0.0368637 0.356172 0.388494 0.0599169 0.158553
0.557834 0.0802274 0.0806966 0.109754 0.171489
0.0298098 9.9991E-05 0.0437821 0.823541 0.102767
0.174891 0.0883994 0.078779 0.417684 0.240246
0.9996 9.997E-05 9.997E-05 9.997E-05 9.997E-05
0.923665 0.068102 9.9982E-05 0.00803272 9.9982E-05
0.127963 9.99729E-05 9.99729E-05 0.871737 9.99729E-05
0.9996 9.997E-05 9.997E-05 9.997E-05 9.997E-05
0.595449 0.123449 0.0657273 0.108893 0.106481
0.88923 0.0528106 9.9991E-05 0.0305434 0.0273158
0.814689 9.9991E-05 0.0467663 0.127489 0.0109564
0.0190136 0.211923 0.14979 0.45571 0.163563
0.0353843 0.0947173 0.869698 9.9982E-05 9.9982E-05
0.00730931 0.0356404 0.95685 9.9982E-05 9.9982E-05
0.218247 9.99731E-05 9.99731E-05 0.781453 9.99731E-05
9.9982E-05 0.112546 0.865899 0.0213554 9.9982E-05
0.0442754 0.0199164 0.0042705 9.9991E-05 0.931438
0.0144404 9.9973E-05 9.9973E-05 9.9973E-05 0.98526
0.209575 0.00683835 0.193339 0.069694 0.520554
0.813364 0.040863 0.0554844 0.090189 9.9991E-05
9.997E-05 9.997E-05 9.997E-05 9.997E-05 0.9996
9.997E-05 9.997E-05 9.997E-05 9.997E-05 0.9996
9.997E-05 9.997E-05 9.997E-05 9.997E-05 0.9996
9.997E-05 9.997E-05 9.997E-05 9.997E-05 0.9996
9.997E-05 9.997E-05 9.997E-05 9.997E-05 0.9996
0.10058 9.9973E-05 9.9973E-05 0.89912 9.9973E-05
0.0112563 9.9991E-05 0.196838 0.543248 0.248557
9.9982E-05 0.0838881 9.9982E-05 0.772684 0.143228
9.9982E-05 9.9982E-05 0.0405047 0.858025 0.10127
0.508772 9.9982E-05 0.00841182 0.482616 9.9982E-05
0.111355 9.9973E-05 9.9973E-05 0.888345 9.9973E-05
9.9991E-05 0.0247486 0.190473 0.587298 0.19738
9.9991E-05 0.093403 0.00995928 0.738784 0.157754
9.9982E-05 9.9982E-05 0.0894492 0.837789 0.0725614
9.9991E-05 0.048666 0.0788368 0.653305 0.219093
9.9973E-05 9.9973E-05 9.9973E-05 0.0159526 0.983747
0.203607 0.0570955 0.104908 0.63429 9.9991E-05
0.832735 0.0611603 0.00974464 0.0860039 0.0103557
0.92292 9.9991E-05 0.0216786 0.00923809 0.046063
0.748796 0.110749 9.9991E-05 0.0850224 0.0553334
0.167863 9.9973E-05 9.9973E-05 0.831837 9.9973E-05
0.0477593 0.0300859 0.001058 0.911173 0.00992351
9.9973E-05 0.140986 0.858714 9.9973E-05 9.9973E-05
0.228911 0.233084 0.170764 0.335327 0.0319149
0.0023545 0.0273654 0.0375737 0.853876 0.07883
