0.118707 9.9937E-05 9.9937E-05 0.00939357 0.838339 9.9937E-05 9.9937E-05 9.9937E-05 9.9937E-05 0.0328603 9.9937E-05
9.9946E-05 0.0255171 0.010831 9.9946E-05 0.710913 9.9946E-05 9.9946E-05 0.215069 0.0370702 9.9946E-05 9.9946E-05
9.9964E-05 0.0463964 0.042534 0.0273259 0.546025 9.9964E-05 0.00399307 0.227951 0.105375 9.9964E-05 9.9964E-05
0.105708 9.9928E-05 9.9928E-05 9.9928E-05 0.852817 9.9928E-05 9.9928E-05 9.9928E-05 9.9928E-05 0.0406761 9.9928E-05
9.9946E-05 0.00445906 0.0650976 9.9946E-05 9.9946E-05 0.0217267 0.0236404 0.884477 9.9946E-05 9.9946E-05 9.9946E-05
9.9937E-05 0.0461259 9.9937E-05 9.9937E-05 0.699655 9.9937E-05 9.9937E-05 0.143951 0.109569 9.9937E-05 9.9937E-05
0.0155692 0.0106542 9.99461E-05 9.99461E-05 9.99461E-05 9.99461E-05 0.506875 9.99461E-05 9.99461E-05 0.452029 0.0142732
9.9928E-05 9.9928E-05 9.9928E-05 9.9928E-05 0.00738554 9.9928E-05 0.963217 9.9928E-05 9.9928E-05 0.0285981 9.9928E-05
0.00200326 0.00322926 9.9937E-05 9.9937E-05 9.9937E-05 9.9937E-05 0.976188 9.9937E-05 0.0178799 9.9937E-05 9.9937E-05
9.99191E-05 9.99191E-05 0.0149816 9.99191E-05 9.99191E-05 9.99191E-05 0.984119 9.99191E-05 9.99191E-05 9.99191E-05 9.99191E-05
0.00502297 9.9973E-05 0.0390567 0.753207 0.0152404 0.00427099 9.9973E-05 0.0273831 0.013414 0.142105 9.9973E-05
0.0462914 9.9937E-05 9.9937E-05 0.903356 9.9937E-05 9.9937E-05 0.0085175 9.9937E-05 9.9937E-05 0.0411354 9.9937E-05
0.00595672 9.99371E-05 9.99371E-05 0.898572 0.0183816 9.99371E-05 9.99371E-05 9.99371E-05 9.99371E-05 0.0763902 9.99371E-05
9.99281E-05 9.99281E-05 0.0142657 0.905742 9.99281E-05 9.99281E-05 9.99281E-05 9.99281E-05 9.99281E-05 0.0791934 9.99281E-05
0.106776 0.137032 0.00137516 9.9955E-05 0.0063123 0.0289342 9.9955E-05 9.9955E-05 9.9955E-05 9.9955E-05 0.719071
0.00251907 9.9928E-05 0.00501202 9.9928E-05 9.9928E-05 9.9928E-05 0.991669 9.9928E-05 9.9928E-05 9.9928E-05 9.9928E-05
0.0360422 0.0180679 9.9955E-05 0.0128187 0.0200829 9.9955E-05 0.0116938 9.9955E-05 9.9955E-05 0.900795 9.9955E-05
9.99281E-05 9.99281E-05 9.99281E-05 0.0800624 0.0375188 9.99281E-05 9.99281E-05 9.99281E-05 9.99281E-05 9.99281E-05 0.881619
0.140119 0.0617927 0.0433556 0.190495 9.9973E-05 0.0219981 0.00699005 9.9973E-05 9.9973E-05 0.0126416 0.522308
9.9946E-05 9.9946E-05 9.9946E-05 0.554119 9.9946E-05 0.040139 0.00332372 9.9946E-05 9.9946E-05 0.0303883 0.37143
0.0740227 9.9946E-05 0.0429876 0.0335373 9.9946E-05 9.9946E-05 0.0148439 9.9946E-05 9.9946E-05 9.9946E-05 0.834009
0.00141587 0.00287386 9.9964E-05 0.893865 9.9964E-05 0.00109456 0.0199391 9.9964E-05 0.0159504 9.9964E-05 0.064461
9.9946E-05 0.0590016 9.9946E-05 0.047143 0.0519928 9.9946E-05 9.9946E-05 9.9946E-05 9.9946E-05 0.00146664 0.839796
0.0475034 0.00681246 9.9973E-05 0.806288 0.00844648 0.00807533 0.00468546 9.9973E-05 0.0297999 9.9973E-05 0.0880887
0.0117109 9.9937E-05 9.9937E-05 0.896152 0.0429868 9.9937E-05 9.9937E-05 9.9937E-05 9.9937E-05 9.9937E-05 0.0484508
9.9946E-05 0.0659025 0.0182132 9.9946E-05 0.0229909 9.9946E-05 9.9946E-05 9.9946E-05 9.9946E-05 0.0297993 0.862494
9.9937E-05 9.9937E-05 9.9937E-05 0.0970793 0.0224021 9.9937E-05 0.00181616 9.9937E-05 9.9937E-05 9.9937E-05 0.878003
9.9964E-05 0.0566365 0.0313257 0.26026 0.0480601 0.0280914 9.9964E-05 9.9964E-05 0.0244626 9.9964E-05 0.550764
9.9946E-05 0.0456695 9.9946E-05 0.0181532 0.00252979 0.0404509 9.9946E-05 9.9946E-05 9.9946E-05 9.9946E-05 0.892597
9.99371E-05 0.0265477 9.99371E-05 0.0215218 0.0438216 9.99371E-05 9.99371E-05 9.99371E-05 9.99371E-05 9.99371E-05 0.907409
9.99281E-05 9.99281E-05 9.99281E-05 0.931182 9.99281E-05 0.021982 9.99281E-05 9.99281E-05 9.99281E-05 9.99281E-05 0.0460365
9.9937E-05 0.0184437 9.9937E-05 0.798148 9.9937E-05 0.00216022 9.9937E-05 9.9937E-05 9.9937E-05 0.180548 9.9937E-05
9.99371E-05 0.0549281 9.99371E-05 0.0437325 0.0443018 9.99371E-05 9.99371E-05 9.99371E-05 9.99371E-05 9.99371E-05 0.856338
0.0128294 9.9964E-05 0.0315872 0.758454 0.0076594 9.9964E-05 0.0106402 9.9964E-05 9.9964E-05 0.00656726 0.171862
9.9919E-05 9.9919E-05 9.9919E-05 9.9919E-05 0.0365078 9.9919E-05 9.9919E-05 9.9919E-05 9.9919E-05 9.9919E-05 0.962593
9.9928E-05 9.9928E-05 9.9928E-05 0.955759 0.0093828 9.9928E-05 9.9928E-05 9.9928E-05 9.9928E-05 9.9928E-05 0.0340585
9.99371E-05 9.99371E-05 9.99371E-05 0.0708084 9.99371E-05 9.99371E-05 9.99371E-05 0.017754 9.99371E-05 0.000910989 0.909827
9.9928E-05 9.9928E-05 9.9928E-05 0.919574 9.9928E-05 0.0300429 9.9928E-05 9.9928E-05 9.9928E-05 9.9928E-05 0.049584
0.616518 9.9946E-05 0.104826 9.9946E-05 9.9946E-05 0.0762969 9.9946E-05 0.101174 0.100586 9.9946E-05 9.9946E-05
9.9928E-05 9.9928E-05 9.9928E-05 9.9928E-05 0.00142666 9.9928E-05 9.9928E-05 0.62561 0.372164 9.9928E-05 9.9928E-05
9.99371E-05 0.00314952 9.99371E-05 0.745722 9.99371E-05 9.99371E-05 9.99371E-05 0.0991151 9.99371E-05 0.151314 9.99371E-05
9.9937E-05 0.0427286 9.9937E-05 0.008871 9.9937E-05 9.9937E-05 9.9937E-05 9.9937E-05 9.9937E-05 0.0210225 0.926678
0.0280826 9.99371E-05 9.99371E-05 0.904644 9.99371E-05 0.00621337 9.99371E-05 9.99371E-05 9.99371E-05 9.99371E-05 0.06036
0.0481954 9.9955E-05 9.9955E-05 0.000787523 0.059585 0.0589641 9.9955E-05 9.9955E-05 0.564379 0.267589 9.9955E-05
0.129016 0.0786486 9.9964E-05 0.21905 0.0113514 0.0188818 0.0533471 9.9964E-05 9.9964E-05 9.9964E-05 0.489305
9.9964E-05 0.0850722 0.0139484 0.443353 0.0086021 9.9964E-05 0.0300237 9.9964E-05 9.9964E-05 0.0982779 0.320322
0.0569741 9.9964E-05 9.9964E-05 0.0331407 0.0139283 0.0129825 0.0143652 0.0203855 9.9964E-05 9.9964E-05 0.847824
9.99369E-05 0.0585932 9.99369E-05 9.99369E-05 0.577126 9.99369E-05 9.99369E-05 0.252459 0.111122 9.99369E-05 9.99369E-05
0.0509971 0.0104601 0.0897473 9.9964E-05 0.0301478 0.487365 9.9964E-05 0.0944526 0.23643 9.9964E-05 9.9964E-05
0.772594 9.9946E-05 0.0116441 9.9946E-05 0.0142847 9.9946E-05 0.00228718 9.9946E-05 9.9946E-05 0.19859 9.9946E-05
0.73331 0.0114577 9.9946E-05 0.149717 0.0449497 9.9946E-05 9.9946E-05 9.9946E-05 9.9946E-05 0.0599661 9.9946E-05
0.653441 9.99549E-05 0.000267789 0.165666 0.0963791 9.99549E-05 9.99549E-05 9.99549E-05 9.99549E-05 0.0811016 0.00264454
0.841644 9.9937E-05 9.9937E-05 0.0263459 0.0237665 9.9937E-05 9.9937E-05 9.9937E-05 9.9937E-05 0.107544 9.9937E-05
9.99461E-05 0.0100808 9.99461E-05 0.0455858 0.0189188 9.99461E-05 0.910334 0.0144807 9.99461E-05 9.99461E-05 9.99461E-05
0.0227982 9.9946E-05 9.9946E-05 0.0254883 0.0134585 9.9946E-05 0.933999 0.00365643 9.9946E-05 9.9946E-05 9.9946E-05
9.99371E-05 0.0471246 9.99371E-05 0.50942 9.99371E-05 9.99371E-05 0.0326163 9.99371E-05 9.99371E-05 0.410139 9.99371E-05
0.0188666 9.9937E-05 9.9937E-05 0.933713 9.9937E-05 9.9937E-05 0.00920736 9.9937E-05 9.9937E-05 9.9937E-05 0.0375138
0.0398234 9.99459E-05 0.742845 0.0492493 0.00593867 9.99459E-05 9.99459E-05 9.99459E-05 9.99459E-05 9.99459E-05 0.161544
9.9928E-05 9.9928E-05 0.124791 9.9928E-05 0.0625762 9.9928E-05 9.9928E-05 0.811834 9.9928E-05 9.9928E-05 9.9928E-05
9.99459E-05 0.00844434 0.267057 9.99459E-05 9.99459E-05 0.175393 9.99459E-05 0.3657 0.182806 9.99459E-05 9.99459E-05
0.00232589 0.00910222 9.9955E-05 9.9955E-05 0.0222024 0.00493441 9.9955E-05 9.9955E-05 0.0317414 0.929194 9.9955E-05
0.262487 0.0201772 9.9973E-05 0.0106165 9.9973E-05 9.9973E-05 0.00821144 0.0279809 0.00454945 0.662228 0.00345028
0.186825 9.9964E-05 9.9964E-05 0.0256103 0.0790274 0.0540604 0.00528226 0.00241169 9.9964E-05 0.646383 9.9964E-05
0.0154736 9.9937E-05 9.9937E-05 0.00339845 9.9937E-05 9.9937E-05 0.971918 9.9937E-05 9.9937E-05 0.00851029 9.9937E-05
9.9928E-05 9.9928E-05 0.181526 9.9928E-05 9.9928E-05 9.9928E-05 9.9928E-05 0.748377 0.0692967 9.9928E-05 9.9928E-05
9.99331E-05 0.0269887 9.99331E-05 0.0236179 9.99331E-05 9.99331E-05 9.99331E-05 9.99331E-05 9.99331E-05 0.948594 9.99331E-05
0.739129 9.99459E-05 0.136652 9.99459E-05 9.99459E-05 0.00178417 9.99459E-05 0.036323 0.0855121 9.99459E-05 9.99459E-05
9.9937E-05 0.0292513 9.9937E-05 0.931422 9.9937E-05 9.9937E-05 9.9937E-05 9.9937E-05 9.9937E-05 0.0303785 0.00824832
9.99281E-05 0.0306233 9.99281E-05 0.911419 9.99281E-05 9.99281E-05 9.99281E-05 9.99281E-05 9.99281E-05 0.0571582 9.99281E-05
0.0505201 9.9973E-05 0.0170004 9.9973E-05 0.0052013 0.0413869 0.790963 0.057018 9.9973E-05 0.000544764 0.0370653
0.102947 0.0114274 9.9964E-05 9.9964E-05 9.9964E-05 0.0195368 0.779461 0.0251362 9.9964E-05 0.0194598 0.0416322
0.0542853 0.00458156 9.9973E-05 0.0119873 0.0129299 0.0226974 0.871751 9.9973E-05 9.9973E-05 0.0157999 0.00566742
9.9955E-05 0.0024798 0.00900827 9.9955E-05 9.9955E-05 0.00619111 0.960559 0.0206319 9.9955E-05 0.000630603 9.9955E-05
0.00476958 9.9946E-05 9.9946E-05 9.9946E-05 9.9946E-05 0.0133962 0.960064 9.9946E-05 9.9946E-05 0.0206077 0.000562391
9.9946E-05 0.00959895 9.9946E-05 0.00747093 0.0138509 0.00185761 0.966622 9.9946E-05 9.9946E-05 9.9946E-05 9.9946E-05
9.99371E-05 0.00577482 9.99371E-05 9.99371E-05 0.00321012 9.99371E-05 0.974275 9.99371E-05 0.0160405 9.99371E-05 9.99371E-05
9.9946E-05 0.00194859 0.00288951 9.9946E-05 9.9946E-05 0.0225232 0.970565 9.9946E-05 9.9946E-05 9.9946E-05 0.00147438
9.9964E-05 0.00203062 0.00489666 9.9964E-05 0.0124999 9.9964E-05 0.947811 0.00465733 0.0205851 0.00711981 9.9964E-05
9.9928E-05 0.00399297 9.9928E-05 9.9928E-05 9.9928E-05 9.9928E-05 0.98764 9.9928E-05 0.00756712 9.9928E-05 9.9928E-05
0.026093 9.9964E-05 0.0170356 0.0206036 0.0188554 9.9964E-05 0.901772 9.9964E-05 0.00209337 9.9964E-05 0.0131475
0.0104577 0.000643494 9.9973E-05 0.0145366 0.0253432 0.0063555 0.918064 9.9973E-05 9.9973E-05 0.0138133 0.010486
0.00845344 0.00275976 0.0241816 0.000702695 9.9973E-05 0.00116352 0.950063 9.9973E-05 9.9973E-05 0.00380257 0.00857393
9.99281E-05 9.99281E-05 9.99281E-05 0.0435807 9.99281E-05 9.99281E-05 0.53178 9.99281E-05 9.99281E-05 9.99281E-05 0.42384
9.99281E-05 9.99281E-05 9.99281E-05 0.00966434 9.99281E-05 9.99281E-05 0.547237 9.99281E-05 9.99281E-05 9.99281E-05 0.442299
9.9928E-05 9.9928E-05 0.00518022 9.9928E-05 9.9928E-05 9.9928E-05 0.989841 9.9928E-05 0.00417907 9.9928E-05 9.9928E-05
0.0495563 9.9928E-05 0.00746877 9.9928E-05 9.9928E-05 9.9928E-05 0.942175 9.9928E-05 9.9928E-05 9.9928E-05 9.9928E-05
0.0283889 9.9937E-05 0.0111717 9.9937E-05 0.049021 9.9937E-05 0.910719 9.9937E-05 9.9937E-05 9.9937E-05 9.9937E-05
9.99461E-05 9.99461E-05 9.99461E-05 9.99461E-05 0.00615013 0.0159587 0.920779 0.0321402 9.99461E-05 9.99461E-05 0.0243723
9.99194E-05 9.99194E-05 9.99194E-05 9.99194E-05 0.00608403 9.99194E-05 0.993017 9.99194E-05 9.99194E-05 9.99194E-05 9.99194E-05
9.99371E-05 9.99371E-05 0.00268326 0.0132958 9.99371E-05 9.99371E-05 0.548902 9.99371E-05 9.99371E-05 9.99371E-05 0.434419
9.9973E-05 0.0110936 9.9973E-05 0.0118543 0.0141929 0.0126688 0.877826 0.0342323 0.00268716 9.9973E-05 0.0351455
9.9946E-05 9.9946E-05 9.9946E-05 0.0172986 9.9946E-05 0.00441753 0.927734 9.9946E-05 0.0159597 0.0339901 9.9946E-05
0.0333582 9.9928E-05 9.9928E-05 9.9928E-05 0.0101511 9.9928E-05 0.955691 9.9928E-05 9.9928E-05 9.9928E-05 9.9928E-05
0.00108779 0.0164874 0.0285515 9.99584E-05 9.99584E-05 0.002319 0.930478 9.99584E-05 0.0205765 9.99584E-05 9.99584E-05
0.0769554 9.9946E-05 9.9946E-05 0.0214943 9.9946E-05 9.9946E-05 0.862696 0.0237676 9.9946E-05 9.9946E-05 0.0144868
0.0292915 9.9946E-05 9.9946E-05 9.9946E-05 0.00826687 0.0045235 0.940432 9.9946E-05 9.9946E-05 0.0168862 9.9946E-05
9.9964E-05 0.723864 9.9964E-05 9.9964E-05 0.0808783 0.0179117 9.9964E-05 0.0536655 0.0106249 0.0600941 0.0525612
9.9937E-05 0.0109722 0.00785044 9.9937E-05 0.0609545 9.9937E-05 0.919523 9.9937E-05 9.9937E-05 9.9937E-05 9.9937E-05
9.9928E-05 0.0240627 9.9928E-05 9.9928E-05 0.000521793 9.9928E-05 0.974616 9.9928E-05 9.9928E-05 9.9928E-05 9.9928E-05
9.9964E-05 9.9964E-05 0.067061 9.9964E-05 0.00931978 0.00322788 0.703945 9.9964E-05 0.102634 0.0408255 0.0725873
9.99101E-05 9.99101E-05 9.99101E-05 9.99101E-05 9.99101E-05 9.99101E-05 0.999001 9.99101E-05 9.99101E-05 9.99101E-05 9.99101E-05
9.9937E-05 9.9937E-05 9.9937E-05 9.9937E-05 9.9937E-05 0.00527213 0.989786 9.9937E-05 0.00206733 0.0021747 9.9937E-05
0.0105333 0.0130449 0.00820768 0.0132764 9.9964E-05 0.00779001 0.945059 9.9964E-05 0.00168892 9.9964E-05 9.9964E-05
9.99729E-05 0.00411085 0.00311322 0.00275373 9.99729E-05 0.00617217 0.960376 0.00868435 9.99729E-05 0.0143903 9.99729E-05
9.99369E-05 0.374164 0.00489199 9.99369E-05 9.99369E-05 9.99369E-05 0.016905 9.99369E-05 9.99369E-05 9.99369E-05 0.60334
9.99101E-05 9.99101E-05 9.99101E-05 9.99101E-05 9.99101E-05 9.99101E-05 0.999001 9.99101E-05 9.99101E-05 9.99101E-05 9.99101E-05
0.0452752 9.9928E-05 9.9928E-05 9.9928E-05 9.9928E-05 0.0135817 0.940344 9.9928E-05 9.9928E-05 9.9928E-05 9.9928E-05
9.99191E-05 9.99191E-05 9.99191E-05 9.99191E-05 9.99191E-05 0.0324045 0.966696 9.99191E-05 9.99191E-05 9.99191E-05 9.99191E-05
9.9946E-05 0.501175 9.9946E-05 0.243572 9.9946E-05 9.9946E-05 0.0226837 9.9946E-05 9.9946E-05 0.0238602 0.208109
0.0145789 0.0130195 9.9955E-05 9.9955E-05 9.9955E-05 0.0170584 0.904877 0.0423367 9.9955E-05 9.9955E-05 0.00763022
0.0155564 9.9955E-05 0.00111035 0.028542 0.0240733 0.00326599 0.926952 9.9955E-05 9.9955E-05 9.9955E-05 9.9955E-05
0.00842203 9.9955E-05 9.9955E-05 9.9955E-05 0.0201035 9.9955E-05 0.94262 9.9955E-05 0.00686711 0.00701961 0.0144683
9.9928E-05 9.9928E-05 9.9928E-05 0.0125789 0.00374664 9.9928E-05 0.982875 9.9928E-05 9.9928E-05 9.9928E-05 9.9928E-05
0.0224331 0.0257365 0.0368475 0.260874 9.9964E-05 9.9964E-05 0.0194375 9.9964E-05 9.9964E-05 0.0232333 0.611038
9.9937E-05 0.0113369 9.9937E-05 9.9937E-05 0.0025762 9.9937E-05 0.974037 0.01135 9.9937E-05 9.9937E-05 9.9937E-05
0.0359385 9.9946E-05 0.00253688 9.9946E-05 0.0517207 0.00493449 0.90427 9.9946E-05 9.9946E-05 9.9946E-05 9.9946E-05
9.99281E-05 9.99281E-05 9.99281E-05 9.99281E-05 9.99281E-05 9.99281E-05 0.510643 9.99281E-05 9.99281E-05 0.0224802 0.466078
9.9937E-05 0.0132827 9.9937E-05 0.0094625 9.9937E-05 9.9937E-05 0.976448 9.9937E-05 9.9937E-05 9.9937E-05 0.00010741
9.9955E-05 9.9955E-05 0.0322561 0.705953 0.00965169 9.9955E-05 0.032853 9.9955E-05 9.9955E-05 0.00465859 0.214128
9.9937E-05 9.9937E-05 0.025515 0.672148 9.9937E-05 9.9937E-05 9.9937E-05 0.0218895 9.9937E-05 9.9937E-05 0.279748
0.025386 0.0095651 9.9964E-05 0.852918 0.0381931 9.9964E-05 0.0420679 9.9964E-05 0.0307674 9.9964E-05 0.000702469
9.9964E-05 0.125714 9.9964E-05 0.0209142 9.9964E-05 9.9964E-05 0.0107015 0.010049 0.0135159 0.0290049 0.7897
0.0864496 9.9973E-05 0.0234856 9.9973E-05 0.00498182 0.0277416 0.0541238 0.017681 9.9973E-05 0.768481 0.0167553
9.9955E-05 0.0605809 0.00107326 0.828533 9.9955E-05 9.9955E-05 0.0546232 9.9955E-05 0.0108261 9.9955E-05 0.0438635
9.9973E-05 0.018559 0.0401299 0.345017 0.0555292 0.00510289 9.9973E-05 0.0142503 9.9973E-05 0.333404 0.187708
9.9955E-05 0.00692714 9.9955E-05 0.745892 9.9955E-05 0.00124864 0.0240941 0.0234669 9.9955E-05 9.9955E-05 0.197872
9.9955E-05 9.9955E-05 0.0194138 0.657898 0.0275682 0.0183872 9.9955E-05 9.9955E-05 9.9955E-05 0.010212 0.266021
0.0140081 9.9955E-05 0.032812 0.693326 9.9955E-05 0.0122525 0.021263 9.9955E-05 9.9955E-05 9.9955E-05 0.225839
9.9964E-05 9.9964E-05 0.00839208 0.565908 9.9964E-05 0.0377478 9.9964E-05 0.0504826 0.0119055 0.016831 0.308334
9.9973E-05 9.9973E-05 0.0308087 0.552618 9.9973E-05 0.0304101 0.0171387 0.017705 0.0268786 0.00216551 0.321975
0.0258829 0.0121669 0.020146 0.890253 9.9955E-05 9.9955E-05 0.0171286 0.0339228 9.9955E-05 9.9955E-05 9.9955E-05
9.99551E-05 0.0129704 9.99551E-05 0.81553 9.99551E-05 0.0114432 0.0477541 9.99551E-05 0.0101469 0.101656 9.99551E-05
9.9955E-05 0.0476396 9.9955E-05 0.831589 9.9955E-05 0.0169426 0.0266619 0.00111779 9.9955E-05 0.0755495 9.9955E-05
9.9973E-05 0.0133332 0.0434274 0.0483294 0.0159054 0.0675003 0.0212915 9.9973E-05 9.9973E-05 0.0507284 0.739184
9.9919E-05 9.9919E-05 0.0299014 9.9919E-05 9.9919E-05 9.9919E-05 9.9919E-05 9.9919E-05 0.969199 9.9919E-05 9.9919E-05
0.0330263 0.021535 0.0427706 9.9946E-05 9.9946E-05 9.9946E-05 0.0166547 9.9946E-05 0.885414 9.9946E-05 9.9946E-05
0.0469509 9.9964E-05 0.0912246 0.00596772 9.9964E-05 0.0315267 9.9964E-05 0.597661 0.211376 0.014893 9.9964E-05
0.0166668 0.139862 0.120761 0.0995967 0.00697799 0.0164076 0.083314 9.9991E-05 0.00306499 0.300037 0.213212
0.0459544 9.9955E-05 0.0014448 9.9955E-05 0.0255638 0.010441 0.0110025 9.9955E-05 0.905094 9.9955E-05 9.9955E-05
0.0740105 0.00934197 0.0207119 9.9946E-05 0.0045239 9.9946E-05 9.9946E-05 9.9946E-05 0.890812 9.9946E-05 9.9946E-05
9.9964E-05 0.169307 9.9964E-05 0.370142 9.9964E-05 9.9964E-05 0.115863 0.0478125 0.0265843 0.224571 0.04532
9.9937E-05 9.9937E-05 0.155742 9.9937E-05 9.9937E-05 0.247936 9.9937E-05 0.367842 0.22778 9.9937E-05 9.9937E-05
9.9955E-05 9.9955E-05 0.15078 9.9955E-05 9.9955E-05 0.314776 9.9955E-05 0.395852 0.0951041 0.0129774 0.0300111
0.00348265 9.9973E-05 0.0590803 9.9973E-05 0.0248106 0.378073 9.9973E-05 0.428629 0.0763618 0.0277992 0.00146356
0.0654035 0.0297586 0.0453247 9.9964E-05 9.9964E-05 0.567764 9.9964E-05 0.220762 9.9964E-05 0.0474409 0.0231467
0.0964575 0.0182226 0.0272721 9.9964E-05 9.9964E-05 0.569209 0.0165546 0.254454 9.9964E-05 9.9964E-05 0.0174307
0.0157727 9.9973E-05 0.0365886 9.9973E-05 0.0351872 0.371609 9.9973E-05 0.418609 0.0651757 0.0186111 0.0381473
0.175098 9.99549E-05 0.00732858 9.99549E-05 0.0477549 0.0204265 9.99549E-05 0.0025595 9.99549E-05 0.746333 9.99549E-05
9.9955E-05 0.0060228 9.9955E-05 9.9955E-05 9.9955E-05 0.0281079 0.00391744 0.641694 0.291519 9.9955E-05 0.0282387
0.0442314 0.147536 9.9955E-05 0.0175134 9.9955E-05 9.9955E-05 0.0178884 9.9955E-05 0.00322813 9.9955E-05 0.769103
9.9946E-05 0.359951 9.9946E-05 9.9946E-05 9.9946E-05 9.9946E-05 0.0152534 0.0127997 0.00218248 9.9946E-05 0.609214
0.0174366 0.00584759 0.0621799 0.000230402 0.00609407 0.00689943 0.00354025 0.795774 0.0783535 9.9991E-05 0.0235447
0.110243 9.9991E-05 0.06545 0.185654 0.0164784 0.0819607 0.0597526 0.158452 0.0784902 0.0566937 0.186725
0.0497806 0.0192639 0.0225954 0.0468217 0.0197665 0.00664642 9.9982E-05 9.9982E-05 0.050704 0.758846 0.0253758
9.9964E-05 0.0297324 9.9964E-05 0.706592 0.0404484 0.00809548 9.9964E-05 0.0509706 0.0445173 0.119244 9.9964E-05
9.9964E-05 0.119846 9.9964E-05 0.0725854 0.0369854 0.0196993 0.000863473 9.9964E-05 9.9964E-05 0.0528237 0.696797
9.9973E-05 9.9973E-05 9.9973E-05 0.505799 0.00720626 0.0217283 0.0209087 0.0408517 0.215366 0.181189 0.00665178
0.0560763 0.0115066 0.00189922 9.9964E-05 9.9964E-05 0.0209853 9.9964E-05 9.9964E-05 0.0791167 0.777471 0.052545
9.9955E-05 9.9955E-05 9.9955E-05 9.9955E-05 0.0823822 0.134948 0.0205858 9.9955E-05 0.710234 0.00385614 0.0474946
0.0972473 9.9955E-05 0.0306089 9.9955E-05 0.00621969 0.00542702 0.00614306 9.9955E-05 9.9955E-05 0.853854 9.9955E-05
0.392477 9.9973E-05 0.276767 0.11244 9.9973E-05 0.0139834 0.0756386 0.00464511 0.0188202 9.9973E-05 0.104928
9.99279E-05 0.36683 9.99279E-05 9.99279E-05 9.99279E-05 9.99279E-05 0.0060123 9.99279E-05 9.99279E-05 9.99279E-05 0.626358
9.9955E-05 0.00444587 9.9955E-05 9.9955E-05 9.9955E-05 9.9955E-05 0.0223294 0.589691 0.311956 0.0675019 0.0035756
9.9982E-05 0.0159353 0.0484092 0.470611 0.00317433 0.00972195 0.00225254 0.384787 0.00247908 0.06243 9.9982E-05
9.9955E-05 0.00811632 9.9955E-05 0.00286081 9.9955E-05 0.0131095 0.0332659 0.900761 9.9955E-05 9.9955E-05 0.041387
9.9964E-05 0.108731 9.9964E-05 0.240403 0.208079 9.9964E-05 0.0353414 0.0386282 0.0269175 0.341499 9.9964E-05
9.9928E-05 9.9928E-05 9.9928E-05 9.9928E-05 9.9928E-05 0.00165675 9.9928E-05 0.982131 9.9928E-05 9.9928E-05 0.015413
0.00135447 9.9946E-05 9.9946E-05 0.0510113 9.9946E-05 9.9946E-05 9.9946E-05 0.0232342 9.9946E-05 0.904736 0.0190645
9.9982E-05 0.0240813 0.0141238 0.0317143 0.00997139 0.0175737 0.0336274 0.800815 9.9982E-05 0.0203912 0.047502
0.00982541 0.0240844 9.9964E-05 9.9964E-05 9.9964E-05 9.9964E-05 0.0202194 0.841026 0.0163481 0.0690377 0.0190594
9.99549E-05 0.0997578 9.99549E-05 0.0213567 0.00016866 9.99549E-05 9.99549E-05 0.0695111 9.99549E-05 0.0483848 0.760321
0.0166568 0.0697046 0.0959124 0.115025 0.0214422 9.99731E-05 9.99731E-05 9.99731E-05 0.295539 0.045279 0.340141
9.9964E-05 0.215244 9.9964E-05 0.305161 9.9964E-05 9.9964E-05 0.0435044 0.0456596 0.0270759 0.214362 0.148594
0.00534158 9.9982E-05 0.0519499 0.0104277 0.0509242 0.775564 0.0264677 0.0465534 9.9982E-05 0.0143488 0.0182233
9.9946E-05 9.9946E-05 0.0541605 0.0198609 9.9946E-05 0.891994 9.9946E-05 0.0151928 9.9946E-05 0.0181927 9.9946E-05
9.9973E-05 0.0291525 0.0841252 9.9973E-05 0.0180476 0.816347 0.0072113 0.0180905 9.9973E-05 0.00781326 0.0189124
0.0149121 0.0254197 0.0445428 0.00871665 9.9973E-05 0.846758 0.0203254 9.9973E-05 9.9973E-05 0.0247424 0.0142826
9.9946E-05 0.116534 0.014043 9.9946E-05 0.0227468 0.0208854 9.9946E-05 9.9946E-05 9.9946E-05 9.9946E-05 0.825191
9.9937E-05 0.0843802 0.0675801 9.9937E-05 9.9937E-05 9.9937E-05 9.9937E-05 0.0141781 9.9937E-05 9.9937E-05 0.833162
0.0373167 0.183511 9.9973E-05 0.0727608 0.0220931 0.0281948 0.0228749 9.9973E-05 9.9973E-05 0.00820631 0.624743
0.0796796 9.9955E-05 9.9955E-05 0.00331645 0.0435826 0.37769 9.9955E-05 0.277876 0.217355 9.9955E-05 9.9955E-05
0.088798 0.0679299 0.0943892 0.156172 0.0113093 0.0716818 0.141075 0.103155 0.0581457 0.0193861 0.187957
0.197177 9.9955E-05 0.257891 9.9955E-05 9.9955E-05 0.0356578 0.132256 9.9955E-05 9.9955E-05 0.00690379 0.369615
0.0467381 0.00455761 0.0414663 0.0809054 0.0546604 9.9964E-05 0.0155074 9.9964E-05 9.9964E-05 9.9964E-05 0.755765
0.0632554 9.9964E-05 0.11276 0.0672171 0.0208445 9.9964E-05 0.0711853 9.9964E-05 0.0121817 9.9964E-05 0.652157
0.0364947 0.013729 0.125191 9.9964E-05 0.0266532 0.0419226 0.0405272 9.9964E-05 9.9964E-05 9.9964E-05 0.715083
0.106006 9.9955E-05 0.233992 0.0297813 9.9955E-05 9.9955E-05 0.117314 9.9955E-05 0.030326 9.9955E-05 0.48208
0.746137 0.0492214 9.9973E-05 0.0350334 0.072953 0.0353187 9.9973E-05 0.0163733 0.0395574 0.0051053 9.9973E-05
0.00712889 9.9955E-05 0.0160748 0.866448 0.0134229 9.9955E-05 9.9955E-05 9.9955E-05 9.9955E-05 0.0885602 0.00786498
9.9964E-05 0.0552723 9.9964E-05 0.517101 0.0154569 0.0217488 0.0526482 9.9964E-05 9.9964E-05 0.144884 0.192488
9.9937E-05 9.9937E-05 0.0673715 9.9937E-05 0.0391888 9.9937E-05 9.9937E-05 0.891207 0.0015331 9.9937E-05 9.9937E-05
0.00506298 9.9946E-05 0.0969737 0.0100069 0.0415091 9.9946E-05 9.9946E-05 0.845848 9.9946E-05 9.9946E-05 9.9946E-05
0.000160872 9.99369E-05 0.141378 9.99369E-05 0.0570013 9.99369E-05 9.99369E-05 0.800761 9.99369E-05 9.99369E-05 9.99369E-05
0.105203 9.9955E-05 0.195115 9.9955E-05 0.05025 0.175554 9.9955E-05 0.311884 0.161494 9.9955E-05 9.9955E-05
0.00318608 9.99278E-05 0.978595 9.99278E-05 9.99278E-05 9.99278E-05 9.99278E-05 0.0174194 9.99278E-05 9.99278E-05 9.99278E-05
9.99101E-05 9.99101E-05 0.999001 9.99101E-05 9.99101E-05 9.99101E-05 9.99101E-05 9.99101E-05 9.99101E-05 9.99101E-05 9.99101E-05
0.0517652 0.0827298 0.0378546 9.9955E-05 9.9955E-05 0.0124187 9.9955E-05 0.00212046 9.9955E-05 9.9955E-05 0.812611
0.100639 0.0428028 0.0462442 0.0177875 9.99639E-05 0.0324012 9.99639E-05 9.99639E-05 0.00650944 9.99639E-05 0.753216
9.9946E-05 0.114944 9.9946E-05 0.0122323 9.9946E-05 9.9946E-05 0.0140761 9.9946E-05 0.00899444 9.9946E-05 0.849154
0.0899332 9.9946E-05 9.9946E-05 0.072227 9.9946E-05 9.9946E-05 9.9946E-05 0.0290126 9.9946E-05 0.786465 0.0217627
9.9946E-05 0.0157492 9.9946E-05 9.9946E-05 9.9946E-05 0.0506374 0.0208365 0.904139 9.9946E-05 9.9946E-05 0.00803845
9.9955E-05 0.00198512 9.9955E-05 9.9955E-05 9.9955E-05 0.00361747 0.0341173 0.898891 0.0587744 9.9955E-05 0.00211508
0.00383669 0.0293292 9.9946E-05 9.9946E-05 9.9946E-05 0.0131106 9.9946E-05 0.867178 0.0859459 9.9946E-05 9.9946E-05
9.9955E-05 9.9955E-05 0.0225773 0.0278094 9.9955E-05 0.00499282 9.9955E-05 0.776956 0.166301 0.000863429 9.9955E-05
9.9973E-05 0.0340821 9.9973E-05 0.00483257 0.0245496 0.0234595 0.0165844 0.800187 0.0937505 0.00225398 9.9973E-05
9.99371E-05 9.99371E-05 9.99371E-05 0.730284 9.99371E-05 9.99371E-05 9.99371E-05 0.085716 0.00412116 0.179179 9.99371E-05
9.9973E-05 9.9973E-05 0.254771 9.9973E-05 0.123049 0.0804503 0.068933 0.124834 0.304844 0.011266 0.0315514
9.9928E-05 9.9928E-05 0.0026356 9.9928E-05 0.026683 9.9928E-05 9.9928E-05 9.9928E-05 9.9928E-05 0.969882 9.9928E-05
9.99371E-05 0.012952 9.99371E-05 0.703345 9.99371E-05 9.99371E-05 9.99371E-05 0.0824339 9.99371E-05 0.200569 9.99371E-05
9.99101E-05 0.999001 9.99101E-05 9.99101E-05 9.99101E-05 9.99101E-05 9.99101E-05 9.99101E-05 9.99101E-05 9.99101E-05 9.99101E-05
9.9919E-05 9.9919E-05 9.9919E-05 0.805588 9.9919E-05 9.9919E-05 9.9919E-05 9.9919E-05 9.9919E-05 0.193513 9.9919E-05
9.99191E-05 9.99191E-05 9.99191E-05 0.73398 9.99191E-05 9.99191E-05 9.99191E-05 9.99191E-05 9.99191E-05 0.265121 9.99191E-05
9.99281E-05 9.99281E-05 9.99281E-05 0.748379 9.99281E-05 9.99281E-05 9.99281E-05 0.00533378 9.99281E-05 0.245488 9.99281E-05
0.0060214 0.0349118 9.9946E-05 0.0237809 9.9946E-05 9.9946E-05 0.0365527 0.898133 9.9946E-05 9.9946E-05 9.9946E-05
9.9955E-05 0.0170251 9.9955E-05 0.00554614 0.00560778 0.000256607 9.9955E-05 0.946549 9.9955E-05 0.0245161 9.9955E-05
9.9937E-05 0.028861 9.9937E-05 9.9937E-05 0.710011 9.9937E-05 9.9937E-05 0.153026 0.107403 9.9937E-05 9.9937E-05
0.0171151 9.99546E-05 9.99546E-05 0.00373404 9.99546E-05 9.99546E-05 0.0647349 0.891852 0.0219647 9.99546E-05 9.99546E-05
9.99101E-05 9.99101E-05 9.99101E-05 9.99101E-05 9.99101E-05 9.99101E-05 9.99101E-05 0.999001 9.99101E-05 9.99101E-05 9.99101E-05
9.99551E-05 0.0197395 9.99551E-05 0.446973 9.99551E-05 9.99551E-05 0.012052 0.304102 0.175587 0.0410471 9.99551E-05
9.9946E-05 9.9946E-05 0.124989 9.9946E-05 9.9946E-05 0.0400151 9.9946E-05 0.762209 0.0569568 9.9946E-05 0.0152297
9.9946E-05 9.9946E-05 0.145716 9.9946E-05 9.9946E-05 0.0156772 9.9946E-05 0.728218 0.0917526 9.9946E-05 0.0180366
0.194458 0.00368424 0.424004 9.9982E-05 0.127122 0.0141329 0.00907391 0.0617517 0.113499 9.9982E-05 0.0520741
9.9964E-05 0.0210694 0.019074 0.0314044 0.00248459 9.9964E-05 0.00889619 9.9964E-05 0.00984882 0.906823 9.9964E-05
9.99551E-05 0.0585701 9.99551E-05 0.00157624 0.0114719 9.99551E-05 9.99551E-05 0.648917 0.180162 0.0988021 9.99551E-05
9.9964E-05 0.0559234 9.9964E-05 0.0191369 9.9964E-05 0.0796861 0.384299 9.9964E-05 0.190917 0.0289787 0.240659
9.9946E-05 9.9946E-05 9.9946E-05 0.078273 0.0156981 9.9946E-05 9.9946E-05 0.554668 0.29129 0.059471 9.9946E-05
9.9937E-05 0.00460338 9.9937E-05 0.0248987 9.9937E-05 9.9937E-05 0.0145668 0.955232 9.9937E-05 9.9937E-05 9.9937E-05
9.9946E-05 0.0383626 9.9946E-05 0.777591 9.9946E-05 0.00473157 9.9946E-05 0.0326543 9.9946E-05 0.146061 9.9946E-05
0.06599 0.0221502 9.9955E-05 0.565642 9.9955E-05 9.9955E-05 9.9955E-05 0.241477 0.035275 0.0689658 9.9955E-05
0.120357 9.9928E-05 9.9928E-05 9.9928E-05 9.9928E-05 9.9928E-05 9.9928E-05 9.9928E-05 9.9928E-05 0.851194 0.0276497
0.955827 9.9937E-05 0.0120032 9.9937E-05 9.9937E-05 9.9937E-05 9.9937E-05 0.0144439 0.0170266 9.9937E-05 9.9937E-05
0.0129173 9.99281E-05 9.99281E-05 0.924533 9.99281E-05 9.99281E-05 9.99281E-05 9.99281E-05 9.99281E-05 9.99281E-05 0.0617505
0.711849 0.022826 9.99459E-05 0.142173 0.0471496 9.99459E-05 9.99459E-05 9.99459E-05 9.99459E-05 0.0754023 9.99459E-05
0.0229972 9.9946E-05 9.9946E-05 0.0256688 9.9946E-05 9.9946E-05 9.9946E-05 0.0207356 9.9946E-05 0.90406 0.0259387
9.9937E-05 9.9937E-05 9.9937E-05 0.0515234 9.9937E-05 9.9937E-05 9.9937E-05 0.0551705 9.9937E-05 0.872479 0.0201275
0.846953 9.99369E-05 9.99369E-05 0.0103117 0.079446 9.99369E-05 9.99369E-05 9.99369E-05 9.99369E-05 0.0625899 9.99369E-05
0.475724 0.012784 9.9973E-05 0.263494 0.122018 0.0212945 9.9973E-05 0.0160563 0.00821383 0.0801157 9.9973E-05
0.0835577 0.00501496 9.9955E-05 0.00402467 9.9955E-05 9.9955E-05 0.0030254 9.9955E-05 9.9955E-05 0.887627 0.0162506
0.174142 0.0260375 0.406452 9.9982E-05 0.111023 0.0160008 0.02324 0.0633412 0.109285 9.9982E-05 0.0702784
9.9937E-05 0.139461 9.9937E-05 0.0198294 9.9937E-05 9.9937E-05 9.9937E-05 9.9937E-05 9.9937E-05 0.0160491 0.823961
9.99101E-05 0.999001 9.99101E-05 9.99101E-05 9.99101E-05 9.99101E-05 9.99101E-05 9.99101E-05 9.99101E-05 9.99101E-05 9.99101E-05
9.9919E-05 9.9919E-05 9.9919E-05 9.9919E-05 9.9919E-05 9.9919E-05 0.991133 0.00796808 9.9919E-05 9.9919E-05 9.9919E-05
9.9946E-05 0.273 9.9946E-05 9.9946E-05 0.140004 9.9946E-05 9.9946E-05 0.0266688 9.9946E-05 0.104087 0.45564
9.9946E-05 0.130486 9.9946E-05 0.062042 9.9946E-05 9.9946E-05 0.0198326 9.9946E-05 9.9946E-05 0.0422466 0.744793
9.9946E-05 0.00909061 9.9946E-05 0.0380137 9.9946E-05 9.9946E-05 9.9946E-05 0.000664221 9.9946E-05 0.60049 0.351142
9.9946E-05 0.0455491 9.9946E-05 0.0678014 9.9946E-05 9.9946E-05 0.0249566 9.9946E-05 9.9946E-05 0.0358844 0.825209
0.115235 0.12398 9.99639E-05 0.51269 0.0129206 0.0329931 0.0340134 9.99639E-05 9.99639E-05 9.99639E-05 0.167768
9.9928E-05 0.339635 0.0136714 9.9928E-05 9.9928E-05 9.9928E-05 9.9928E-05 9.9928E-05 9.9928E-05 9.9928E-05 0.645894
0.454686 0.0141789 0.310035 0.0198866 9.99549E-05 9.99549E-05 0.0814896 9.99549E-05 9.99549E-05 9.99549E-05 0.119224
0.583744 9.9964E-05 0.0573589 0.194834 0.0421103 0.0315746 9.9964E-05 9.9964E-05 9.9964E-05 0.0562507 0.0337272
0.217503 0.0357978 0.16461 0.264288 0.00333954 9.99731E-05 0.0350347 9.99731E-05 9.99731E-05 0.128523 0.150605
0.00800089 0.112258 9.9973E-05 0.0356564 0.0110709 9.9973E-05 0.00444493 0.0177289 9.9973E-05 0.0172763 0.793263
9.9937E-05 9.9937E-05 9.9937E-05 9.9937E-05 9.9937E-05 9.9937E-05 0.018852 0.835699 0.130904 0.0138456 9.9937E-05
0.0255762 9.9946E-05 9.9946E-05 0.897678 0.0204575 9.9946E-05 9.9946E-05 0.00476247 9.9946E-05 9.9946E-05 0.0509263
0.45206 9.9946E-05 0.352378 0.00930203 9.9946E-05 9.9946E-05 0.0578932 9.9946E-05 9.9946E-05 9.9946E-05 0.127768
0.0614741 9.9928E-05 9.9928E-05 0.908475 9.9928E-05 9.9928E-05 9.9928E-05 9.9928E-05 9.9928E-05 9.9928E-05 0.0292519
9.9928E-05 9.9928E-05 0.167145 9.9928E-05 9.9928E-05 9.9928E-05 9.9928E-05 0.764964 0.067091 9.9928E-05 9.9928E-05
9.9946E-05 0.0244632 0.0291525 9.9946E-05 9.9946E-05 0.0059504 0.0131295 9.9946E-05 9.9946E-05 0.926705 9.9946E-05
9.9946E-05 9.9946E-05 9.9946E-05 9.9946E-05 0.00465842 0.0177266 0.952723 0.00641916 9.9946E-05 0.0178733 9.9946E-05
0.0327183 0.00113311 0.0580456 9.9973E-05 9.9973E-05 0.0068129 0.673231 9.9973E-05 0.108907 0.059523 0.0593292
9.99371E-05 0.0174724 9.99371E-05 9.99371E-05 9.99371E-05 9.99371E-05 0.00342974 9.99371E-05 9.99371E-05 0.0321893 0.946209
9.9946E-05 0.0653024 9.9946E-05 0.532279 9.9946E-05 9.9946E-05 0.031783 9.9946E-05 9.9946E-05 0.164656 0.20538
9.99189E-05 9.99189E-05 9.99189E-05 9.99189E-05 0.00709072 9.99189E-05 9.99189E-05 9.99189E-05 9.99189E-05 0.99201 9.99189E-05
9.99101E-05 9.99101E-05 9.99101E-05 9.99101E-05 9.99101E-05 9.99101E-05 9.99101E-05 9.99101E-05 9.99101E-05 0.999001 9.99101E-05
9.9964E-05 0.0227419 9.9964E-05 0.564417 0.111838 0.0391726 9.9964E-05 0.0437897 0.0813013 0.13634 9.9964E-05
9.9964E-05 0.0839578 0.00582006 0.560492 0.000565659 9.9964E-05 0.0166369 9.9964E-05 9.9964E-05 0.109759 0.222369
9.9937E-05 9.9937E-05 0.157228 9.9937E-05 0.0334652 9.9937E-05 9.9937E-05 0.806212 9.9937E-05 9.9937E-05 0.0023957
9.99187E-05 9.99187E-05 0.998283 9.99187E-05 9.99187E-05 9.99187E-05 9.99187E-05 0.000817626 9.99187E-05 9.99187E-05 9.99187E-05
9.9937E-05 9.9937E-05 0.234705 9.9937E-05 9.9937E-05 0.199699 9.9937E-05 0.469661 0.0952352 9.9937E-05 9.9937E-05
9.9964E-05 0.00269577 0.458675 0.0228079 9.9964E-05 0.292572 0.0492203 0.00596544 0.167663 9.9964E-05 9.9964E-05
9.9955E-05 9.9955E-05 0.535022 9.9955E-05 9.9955E-05 0.260966 0.0401365 9.9955E-05 0.14851 0.000116948 0.014749
9.9964E-05 0.00836931 0.376574 9.9964E-05 9.9964E-05 0.1602 9.9964E-05 0.170342 0.271262 0.000438958 0.0124138
9.99101E-05 9.99101E-05 0.999001 9.99101E-05 9.99101E-05 9.99101E-05 9.99101E-05 9.99101E-05 9.99101E-05 9.99101E-05 9.99101E-05
9.9964E-05 0.0656741 0.402108 9.9964E-05 0.0116154 0.293356 0.00916686 0.0663766 0.151304 9.9964E-05 9.9964E-05
9.9946E-05 0.0294216 0.38471 9.9946E-05 9.9946E-05 0.131121 9.9946E-05 0.10503 0.349118 9.9946E-05 9.9946E-05
0.295298 0.0223705 0.560873 0.0104771 9.99639E-05 9.99639E-05 0.0364858 9.99639E-05 9.99639E-05 0.0346394 0.039457
9.99517E-05 0.0137066 0.347585 9.99517E-05 9.99517E-05 0.144372 9.99517E-05 0.238742 0.254995 9.99517E-05 9.99517E-05
0.247011 0.00243364 0.593961 0.00714066 0.0118321 0.0149833 0.0395028 9.9973E-05 9.9973E-05 9.9973E-05 0.0828355
0.654872 9.9946E-05 9.9946E-05 0.130787 0.0834043 9.9946E-05 0.00518363 9.9946E-05 9.9946E-05 0.125154 9.9946E-05
0.0541051 9.99369E-05 9.99369E-05 0.00883026 0.913271 9.99369E-05 0.0230941 9.99369E-05 9.99369E-05 9.99369E-05 9.99369E-05
0.049634 0.0061104 0.367307 0.0591145 0.0113315 0.0726939 0.0287118 0.199868 0.205029 9.9982E-05 9.9982E-05
0.0941411 0.0166349 0.34885 0.0620909 0.00271024 0.104288 0.0287997 0.173164 0.145704 0.0235173 9.9991E-05
9.99101E-05 9.99101E-05 0.999001 9.99101E-05 9.99101E-05 9.99101E-05 9.99101E-05 9.99101E-05 9.99101E-05 9.99101E-05 9.99101E-05
9.9946E-05 9.9946E-05 0.413877 9.9946E-05 9.9946E-05 0.168102 0.00510949 0.21454 0.197772 9.9946E-05 9.9946E-05
0.00470035 9.9946E-05 9.9946E-05 0.828461 9.9946E-05 9.9946E-05 0.00192224 9.9946E-05 0.000386405 9.9946E-05 0.16393
9.9937E-05 9.9937E-05 0.120756 9.9937E-05 0.0330413 9.9937E-05 9.9937E-05 0.84466 9.9937E-05 9.9937E-05 0.000842858
9.9964E-05 0.0248376 0.527551 9.9964E-05 9.9964E-05 0.266139 0.0261279 9.9964E-05 0.132722 0.0139691 0.00825404
9.9955E-05 0.0218062 0.432328 9.9955E-05 9.9955E-05 0.0521078 0.00256135 0.20211 0.288587 9.9955E-05 9.9955E-05
9.9955E-05 0.0290549 0.442395 9.9955E-05 9.9955E-05 0.263125 0.0144451 0.0706715 0.179808 9.9955E-05 9.9955E-05
9.9955E-05 9.9955E-05 0.378037 9.9955E-05 0.0474026 0.221706 0.0134635 0.0699564 0.268934 9.9955E-05 9.9955E-05
0.0281769 0.874252 9.9946E-05 9.9946E-05 0.0327548 9.9946E-05 9.9946E-05 9.9946E-05 9.9946E-05 0.0101963 0.0540204
0.0604462 0.205703 9.9973E-05 0.435013 0.00663407 0.0416247 0.0656714 9.9973E-05 0.0131993 9.9973E-05 0.171409
9.9946E-05 9.9946E-05 0.141511 9.9946E-05 9.9946E-05 0.0630802 0.00332784 0.733409 0.0580728 9.9946E-05 9.9946E-05
0.0516729 9.99369E-05 9.99369E-05 0.903591 0.00387575 9.99369E-05 9.99369E-05 9.99369E-05 9.99369E-05 9.99369E-05 0.0401612
0.00672288 0.840147 9.9946E-05 0.00945027 0.0638278 9.9946E-05 9.9946E-05 9.9946E-05 9.9946E-05 9.9946E-05 0.0792524
0.9163 9.9937E-05 0.0671119 9.9937E-05 9.9937E-05 9.9937E-05 0.0072351 9.9937E-05 0.00865322 9.9937E-05 9.9937E-05
9.99101E-05 9.99101E-05 9.99101E-05 9.99101E-05 9.99101E-05 9.99101E-05 9.99101E-05 0.999001 9.99101E-05 9.99101E-05 9.99101E-05
9.9928E-05 9.9928E-05 9.9928E-05 9.9928E-05 9.9928E-05 9.9928E-05 0.0205407 0.967383 0.011277 9.9928E-05 9.9928E-05
9.9973E-05 9.9973E-05 0.00456807 0.0135824 0.00530942 0.0360652 0.058478 0.863477 0.0101885 0.00803181 9.9973E-05
0.0061547 9.9937E-05 9.9937E-05 9.9937E-05 9.9937E-05 0.00504398 0.002091 0.986011 9.9937E-05 9.9937E-05 9.9937E-05
0.0923145 9.9946E-05 9.9946E-05 0.0620264 9.9946E-05 9.9946E-05 9.9946E-05 0.0256282 0.0190439 0.800387 9.9946E-05
0.00337271 0.0861419 9.9973E-05 0.000194905 0.00924145 9.9973E-05 0.0365158 0.800869 0.0412297 9.9973E-05 0.0221347
9.99101E-05 0.999001 9.99101E-05 9.99101E-05 9.99101E-05 9.99101E-05 9.99101E-05 9.99101E-05 9.99101E-05 9.99101E-05 9.99101E-05
0.00901429 0.152422 0.0195324 9.9946E-05 0.0131245 9.9946E-05 9.9946E-05 9.9946E-05 9.9946E-05 9.9946E-05 0.805307
9.9937E-05 0.343873 9.9937E-05 0.0342133 9.9937E-05 9.9937E-05 0.0210685 9.9937E-05 9.9937E-05 9.9937E-05 0.600145
9.9928E-05 0.211021 0.0097995 9.9928E-05 9.9928E-05 9.9928E-05 9.9928E-05 9.9928E-05 9.9928E-05 9.9928E-05 0.77838
9.99459E-05 0.221837 9.99459E-05 0.0634219 9.99459E-05 9.99459E-05 0.0209947 9.99459E-05 0.00457113 9.99459E-05 0.688575
9.9964E-05 0.0594486 0.39956 0.00219582 9.9964E-05 0.402719 0.0511215 9.9964E-05 0.0558115 9.9964E-05 0.0287438
9.9955E-05 0.0515761 0.428584 9.9955E-05 9.9955E-05 0.381159 0.0877075 9.9955E-05 0.0331817 9.9955E-05 0.0172911
0.0435015 0.0155961 0.00303315 0.0475995 9.9964E-05 0.880276 9.9964E-05 9.9964E-05 9.9964E-05 0.00411118 0.00548272
9.9937E-05 9.9937E-05 9.9937E-05 9.9937E-05 0.0204582 0.853496 9.9937E-05 0.0909856 9.9937E-05 9.9937E-05 0.0343606
9.9946E-05 0.00053894 9.9946E-05 0.00210805 0.047467 0.919301 9.9946E-05 0.0299856 9.9946E-05 9.9946E-05 9.9946E-05
0.482939 0.018048 0.0186456 0.0468268 0.0366655 0.269829 0.0267628 9.9982E-05 9.9982E-05 0.0882738 0.0118096
9.9946E-05 9.9946E-05 0.0167628 0.0223445 9.9946E-05 0.932259 0.0150682 9.9946E-05 9.9946E-05 0.0129659 9.9946E-05
9.9982E-05 0.0566775 0.0796264 0.235412 0.141529 0.0985148 0.0074179 0.175102 9.9982E-05 0.0773498 0.128171
9.9928E-05 9.9928E-05 9.9928E-05 0.0128508 9.9928E-05 0.972634 9.9928E-05 9.9928E-05 0.0137158 9.9928E-05 9.9928E-05
9.9919E-05 9.9919E-05 9.9919E-05 9.9919E-05 9.9919E-05 0.972865 9.9919E-05 9.9919E-05 0.0262357 9.9919E-05 9.9919E-05
9.9937E-05 9.9937E-05 9.9937E-05 9.9937E-05 9.9937E-05 0.937634 0.0364038 9.9937E-05 0.0247078 9.9937E-05 0.000554352
9.9955E-05 9.9955E-05 9.9955E-05 0.00514475 0.0372212 0.234861 9.9955E-05 0.0134924 0.664034 9.9955E-05 0.0447471
9.99371E-05 9.99371E-05 9.99371E-05 9.99371E-05 0.0021797 0.984496 9.99371E-05 0.00867234 0.00395215 9.99371E-05 9.99371E-05
9.9955E-05 0.0339049 9.9955E-05 9.9955E-05 0.00384795 0.807193 0.0185115 0.00814251 0.1279 9.9955E-05 9.9955E-05
0.0359945 9.9928E-05 9.9928E-05 0.847201 9.9928E-05 9.9928E-05 9.9928E-05 9.9928E-05 9.9928E-05 9.9928E-05 0.116006
0.0709954 9.9973E-05 9.9973E-05 0.562906 0.0193209 0.06119 0.0295137 0.010071 9.9973E-05 0.00424817 0.241455
0.0848575 0.0694327 0.0265086 0.113609 0.0358042 0.0133196 9.9964E-05 9.9964E-05 9.9964E-05 9.9964E-05 0.656068
0.0470732 9.99551E-05 9.99551E-05 0.0298233 9.99551E-05 9.99551E-05 0.0132603 0.010484 9.99551E-05 0.017979 0.88088
0.726663 0.0188122 0.0378771 0.148431 9.9964E-05 0.0141504 9.9964E-05 9.9964E-05 9.9964E-05 0.0308719 0.0227948
0.0351148 0.0677301 9.9973E-05 0.0715329 0.0387766 0.00253745 0.0567753 0.0151985 9.9973E-05 9.9973E-05 0.712034
0.0260159 9.9964E-05 0.00411051 0.939994 9.9964E-05 9.9964E-05 0.0103853 0.00936627 0.00865015 9.9964E-05 0.00107835
9.9928E-05 9.9928E-05 0.0231767 0.900656 9.9928E-05 9.9928E-05 9.9928E-05 9.9928E-05 9.9928E-05 9.9928E-05 0.0753674
0.804571 9.9946E-05 0.00801032 0.0450214 0.058975 9.9946E-05 9.9946E-05 9.9946E-05 9.9946E-05 0.0828229 9.9946E-05
0.103635 9.9955E-05 0.0798368 0.0081384 9.9955E-05 0.0323236 0.0314113 9.9955E-05 9.9955E-05 9.9955E-05 0.744155
0.104482 0.0663488 0.0645754 0.147693 0.0128118 0.0308687 0.102553 0.0123017 0.0120297 9.9991E-05 0.446236
0.543239 9.99552E-05 0.239029 0.0368326 9.99552E-05 9.99552E-05 0.0736771 9.99552E-05 9.99552E-05 0.0780846 0.0286374
0.76948 0.0217061 0.0490377 0.0282128 0.0564113 9.99549E-05 9.99549E-05 9.99549E-05 9.99549E-05 0.0746519 9.99549E-05
0.61476 0.0286471 0.114756 0.11668 0.025906 9.9964E-05 9.9964E-05 9.9964E-05 9.9964E-05 0.0667356 0.0321157
0.0298773 0.219404 9.9991E-05 0.519946 0.0951999 0.0183294 0.00896994 0.0339744 0.00135889 0.0202 0.0526406
0.760334 9.9964E-05 0.0186001 0.0386426 0.0329004 9.9964E-05 0.00458235 9.9964E-05 9.9964E-05 0.118425 0.0261166
0.0428074 9.99369E-05 9.99369E-05 0.902581 9.99369E-05 0.0320255 9.99369E-05 9.99369E-05 9.99369E-05 9.99369E-05 0.0218864
0.967183 9.9928E-05 9.9928E-05 9.9928E-05 9.9928E-05 9.9928E-05 9.9928E-05 0.0153836 0.016634 9.9928E-05 9.9928E-05
0.96787 9.99281E-05 9.99281E-05 9.99281E-05 9.99281E-05 9.99281E-05 9.99281E-05 0.0188875 0.0124426 9.99281E-05 9.99281E-05
0.216486 0.00524481 0.348189 9.9982E-05 0.0217503 0.0581581 0.0391719 0.148648 0.135693 0.0264595 9.9982E-05
0.789601 0.0178642 0.00819821 9.9946E-05 0.0164791 9.9946E-05 9.9946E-05 9.9946E-05 9.9946E-05 0.167258 9.9946E-05
0.822351 9.9937E-05 9.9937E-05 0.0117428 0.0648991 9.9937E-05 9.9937E-05 9.9937E-05 9.9937E-05 0.100307 9.9937E-05
0.798067 0.023035 0.00755523 9.9946E-05 0.0308568 9.9946E-05 9.9946E-05 9.9946E-05 9.9946E-05 0.139887 9.9946E-05
0.359661 0.00213651 0.261662 0.0748625 9.9964E-05 0.00710599 0.109927 9.9964E-05 9.9964E-05 9.9964E-05 0.184245
