0.0656027 0.000638532 0.0446536 0.645682 0.243423
0.0282897 0.0259146 0.0305541 0.314767 0.600474
0.112514 0.0557504 0.0553999 0.214915 0.56142
0.0584247 9.9991E-05 0.0355401 0.659505 0.24643
9.9973E-05 9.9973E-05 9.9973E-05 0.017753 0.981947
0.0292602 0.0818065 0.0277568 0.267539 0.593638
0.107215 9.9982E-05 0.513648 0.378937 9.9982E-05
9.9973E-05 9.9973E-05 0.978372 0.0213276 9.9973E-05
9.9973E-05 9.9973E-05 0.997232 0.00246784 9.9973E-05
9.997E-05 9.997E-05 0.9996 9.997E-05 9.997E-05
0.854774 9.9982E-05 9.9982E-05 0.0788178 0.0662085
0.932824 9.9982E-05 0.0300037 0.0369723 9.9982E-05
0.951794 0.00989078 0.00791076 0.0303047 9.9991E-05
0.984275 9.9973E-05 9.9973E-05 0.0154254 9.9973E-05
9.999E-05 0.85566 0.0134567 0.112892 0.0178915
9.9973E-05 9.9973E-05 0.999177 0.000523193 9.9973E-05
0.206781 9.9982E-05 0.00307693 0.789942 9.9982E-05
0.102244 0.891196 0.00635972 9.9982E-05 9.9982E-05
0.199581 0.629458 0.0390058 0.121971 0.00998361
0.591986 0.397851 0.00996249 9.9982E-05 9.9982E-05
0.0482397 0.855128 0.0551588 0.0413732 9.9991E-05
0.874063 0.096803 0.0289341 9.9982E-05 9.9982E-05
0.0695109 0.928862 0.00142756 9.9982E-05 9.9982E-05
0.783505 0.142551 0.0216221 0.0291164 0.0232054
0.918612 0.0810881 9.9973E-05 9.9973E-05 9.9973E-05
9.9973E-05 0.954565 9.9973E-05 0.0451355 9.9973E-05
0.102082 0.884388 0.0133298 9.9982E-05 9.9982E-05
0.304951 0.623254 0.0187932 9.9991E-05 0.0529024
0.0203611 0.960734 0.0187052 9.9982E-05 9.9982E-05
0.0209166 0.975504 9.9982E-05 9.9982E-05 0.00337902
0.928316 0.0679003 9.9982E-05 9.9982E-05 0.00358404
0.943582 9.9973E-05 9.9973E-05 0.0561177 9.9973E-05
0.0745878 0.925112 9.9973E-05 9.9973E-05 9.9973E-05
0.779581 0.184533 0.0178067 0.0118073 0.00627213
0.0276561 0.972044 9.9973E-05 9.9973E-05 9.9973E-05
0.960132 0.0395677 9.9973E-05 9.9973E-05 9.9973E-05
0.072364 0.927336 9.9973E-05 9.9973E-05 9.9973E-05
0.923471 0.0634452 0.0120349 9.9991E-05 0.000948879
9.9982E-05 9.9982E-05 0.0161918 0.661189 0.32242
9.997E-05 9.997E-05 9.997E-05 9.997E-05 0.9996
0.858014 9.9982E-05 9.9982E-05 0.050023 0.0917633
0.0432839 0.956416 9.9973E-05 9.9973E-05 9.9973E-05
0.933803 0.0658968 9.9973E-05 9.9973E-05 9.9973E-05
0.120068 0.020763 0.00819224 0.319656 0.531321
0.212392 0.589328 0.0688645 0.122458 0.00695672
0.499682 0.405023 0.0332917 0.0619032 9.9991E-05
0.0447376 0.866327 0.0518704 0.0158924 0.0211724
0.0378079 0.073026 9.9991E-05 0.229198 0.659868
0.0257671 0.0612691 0.119835 0.0800371 0.713092
0.00601878 9.9982E-05 9.9982E-05 0.985798 0.00798334
0.135614 9.9982E-05 0.00187329 0.862313 9.9982E-05
0.14541 0.0209964 0.023336 0.810157 9.9991E-05
9.9973E-05 9.9973E-05 0.00318056 0.99652 9.9973E-05
0.0390505 9.9982E-05 0.939707 9.9982E-05 0.0210429
0.0240601 9.9991E-05 0.945886 0.0234769 0.00647646
0.739017 9.9982E-05 0.0626339 0.19815 9.9982E-05
0.949461 0.0349219 0.0154171 9.9982E-05 9.9982E-05
0.0426703 0.259916 0.0574323 0.359329 0.280652
9.9973E-05 9.9973E-05 9.9973E-05 0.0117343 0.987966
0.00169328 0.0639785 0.0182058 0.0576299 0.858492
0.202917 9.9973E-05 9.9973E-05 0.796783 9.9973E-05
0.177183 0.0260525 9.9991E-05 0.777573 0.0190911
0.217547 9.9982E-05 9.9982E-05 0.732002 0.0502502
0.00693303 9.9973E-05 0.992767 9.9973E-05 9.9973E-05
9.9973E-05 9.9973E-05 9.9973E-05 0.00581384 0.993886
0.237718 0.0287421 9.9982E-05 0.73334 9.9982E-05
9.9982E-05 9.9982E-05 0.0370952 0.775423 0.187282
0.939344 0.0603563 9.9973E-05 9.9973E-05 9.9973E-05
0.991568 9.9973E-05 0.00813172 9.9973E-05 9.9973E-05
9.9991E-05 0.0271237 0.808578 0.125391 0.0388071
9.9991E-05 0.0711788 0.813504 0.103357 0.0118601
9.9982E-05 0.0302131 0.889468 0.0801191 9.9982E-05
9.9982E-05 9.9982E-05 0.979897 0.00444208 0.015461
9.9982E-05 0.0038436 0.970051 0.0259052 9.9982E-05
9.9973E-05 9.9973E-05 0.970546 0.0291543 9.9973E-05
9.9982E-05 0.0118696 0.967105 0.020825 9.9982E-05
9.9973E-05 0.0174825 0.982218 9.9973E-05 9.9973E-05
9.9973E-05 9.9973E-05 0.98026 9.9973E-05 0.0194402
9.997E-05 9.997E-05 0.9996 9.997E-05 9.997E-05
0.0134133 0.0235844 0.955847 9.9991E-05 0.00705578
0.010748 9.9982E-05 0.944704 0.0443484 9.9982E-05
0.00776365 0.0153119 0.943523 0.0333013 9.9991E-05
0.0531028 0.407699 0.538998 9.9982E-05 9.9982E-05
9.9973E-05 0.437319 0.562381 9.9973E-05 9.9973E-05
9.997E-05 9.997E-05 0.9996 9.997E-05 9.997E-05
9.9973E-05 9.9973E-05 0.958249 0.0414514 9.9973E-05
9.9982E-05 9.9982E-05 0.913955 0.0796519 0.00619282
0.00652368 0.0212593 0.953922 0.0181946 9.9991E-05
9.997E-05 9.997E-05 0.9996 9.997E-05 9.997E-05
0.00792426 0.446687 0.545189 9.9982E-05 9.9982E-05
0.0250832 0.0347748 0.88835 0.000544731 0.0512474
0.0189856 0.00319577 0.955536 9.9991E-05 0.0221824
9.9982E-05 9.9982E-05 0.962482 0.0345169 0.00280146
9.9982E-05 9.9982E-05 0.946195 0.0313437 0.0222614
0.0285609 0.0449638 0.889479 0.0302557 0.00674072
0.0208063 9.9982E-05 0.947457 0.0315368 9.9982E-05
0.0291585 0.617866 9.9991E-05 0.203827 0.149049
0.00139829 0.026097 0.972305 9.9982E-05 9.9982E-05
0.00144041 0.0124975 0.985862 9.9982E-05 9.9982E-05
0.0156586 0.0996397 0.740825 0.039489 0.104388
9.997E-05 9.997E-05 0.9996 9.997E-05 9.997E-05
0.0109238 9.9973E-05 0.988776 9.9973E-05 9.9973E-05
0.0164261 9.9982E-05 0.973746 0.00962761 9.9982E-05
0.00201212 0.00123555 0.996552 9.9982E-05 9.9982E-05
0.0180081 0.949259 0.0202549 9.9991E-05 0.0123785
9.997E-05 9.997E-05 0.9996 9.997E-05 9.997E-05
9.9973E-05 9.9973E-05 0.979276 0.0204243 9.9973E-05
9.997E-05 9.997E-05 0.9996 9.997E-05 9.997E-05
0.309309 0.620344 0.00983223 0.0588071 0.00170746
9.9982E-05 9.9982E-05 0.945025 0.0228209 0.031954
0.0324609 9.9982E-05 0.95594 0.0113988 9.9982E-05
9.9982E-05 0.0152642 0.97329 0.0112463 9.9982E-05
9.997E-05 9.997E-05 0.9996 9.997E-05 9.997E-05
0.255675 0.674039 0.0358511 0.0343344 9.9991E-05
9.997E-05 9.997E-05 0.9996 9.997E-05 9.997E-05
9.9982E-05 9.9982E-05 0.931718 0.0557076 0.012374
0.0327309 0.457755 0.509315 9.9982E-05 9.9982E-05
9.997E-05 9.997E-05 0.9996 9.997E-05 9.997E-05
0.722105 0.21632 0.0266263 0.034849 9.9991E-05
0.684148 0.291278 9.9982E-05 9.9982E-05 0.0243741
0.875247 0.0528798 0.0231685 9.9991E-05 0.0486044
0.0809576 0.893862 0.0235605 0.00152034 9.9991E-05
0.193361 0.00714571 0.0526297 0.734857 0.0120073
0.875929 0.0581549 0.054657 9.9991E-05 0.0111596
0.4686 0.192604 9.9991E-05 0.290029 0.0486664
0.761605 0.17448 0.0307399 9.9991E-05 0.0330755
0.667559 0.291731 0.0112036 9.9991E-05 0.0294061
0.717341 0.214453 0.0265167 0.0415893 9.9991E-05
0.606171 0.321334 0.00460774 9.9991E-05 0.0677867
0.590429 0.347975 9.9982E-05 9.9982E-05 0.0613963
0.935895 0.0318815 0.00426005 9.9991E-05 0.0278631
0.926357 0.00364363 0.0307407 0.00237463 0.036884
0.941264 9.9982E-05 0.0331089 9.9982E-05 0.0254268
0.0638952 0.802674 0.0666354 0.0362146 0.0305806
0.000314335 0.0644536 0.0686535 0.0583307 0.808248
9.9991E-05 0.0384543 0.100152 0.0864698 0.774824
0.0284656 9.9982E-05 9.9982E-05 0.098617 0.872717
0.154483 0.35579 0.106964 0.316582 0.0661811
9.9991E-05 0.0507416 0.0898173 0.0821261 0.777215
0.0355729 0.0698738 0.057324 0.0789104 0.758319
0.512986 0.118471 0.118131 0.159849 0.0905629
9.9991E-05 0.0340444 0.0338247 0.0750657 0.856965
9.9991E-05 0.0754804 0.0556645 0.0960631 0.772692
0.000140725 0.0277505 0.0396733 0.099734 0.832702
9.9991E-05 0.126698 0.0921788 0.123978 0.657045
0.00795436 0.100609 0.103567 0.101553 0.686316
0.00528956 0.0684281 0.0295388 0.0705084 0.826235
0.081803 9.9982E-05 9.9982E-05 0.901837 0.0161598
0.00223985 0.043631 0.0182412 9.9991E-05 0.935788
9.9982E-05 0.948951 0.0124856 0.0383634 9.9982E-05
0.00923501 0.968343 0.00955431 9.9991E-05 0.0127672
9.9982E-05 0.00194526 9.9982E-05 0.0149678 0.982887
0.200093 0.244081 0.205044 0.108336 0.242447
0.192831 0.0423698 0.00168392 0.710562 0.0525535
0.831973 9.9982E-05 9.9982E-05 0.0274897 0.140337
0.0952665 0.834352 0.0545149 0.010174 0.00569248
0.665979 0.0278058 0.0520165 9.9991E-05 0.254099
0.216801 0.0138533 9.9991E-05 0.71361 0.0556366
0.0487041 0.105333 0.100911 0.027327 0.717726
0.128803 0.00689829 0.00855673 0.84507 0.0106722
0.0674197 0.166468 0.0676708 0.514768 0.183674
0.000755316 0.937659 0.0464545 0.0150313 9.9991E-05
0.0438459 9.9982E-05 0.021855 9.9982E-05 0.934099
0.546864 9.9973E-05 9.9973E-05 9.9973E-05 0.452836
9.9973E-05 0.0628653 9.9973E-05 9.9973E-05 0.936835
0.418857 0.0292197 0.0324829 0.378535 0.140906
9.997E-05 9.997E-05 9.997E-05 9.997E-05 0.9996
0.283356 0.0123225 9.9982E-05 0.704121 9.9982E-05
0.0683837 0.0318341 0.0285689 0.0344877 0.836726
0.0241772 0.0119219 0.00454074 0.028319 0.931041
0.00402417 0.894237 0.00757095 0.0348958 0.0592719
0.147584 0.406289 0.0230917 0.118297 0.304738
0.416919 0.33569 0.0351653 0.0890707 0.123154
0.0447692 0.113748 0.165591 0.0395413 0.636351
0.0686533 0.0989425 0.140967 0.0310983 0.660339
0.0492563 0.0926492 0.159592 0.0933042 0.605198
0.0561958 0.119163 0.148564 0.0745852 0.601492
9.9973E-05 0.980507 9.9973E-05 9.9973E-05 0.0191934
9.9991E-05 0.94265 0.0134921 0.0248128 0.0189448
0.0490994 0.826224 0.0327466 0.0918297 9.9991E-05
0.0168429 0.0288877 0.0728917 0.102869 0.778509
0.218806 0.225453 0.154193 0.135827 0.26572
9.9991E-05 0.40399 0.172739 0.303448 0.119722
0.0825298 0.772908 0.0475352 0.0823881 0.0146393
0.0613819 0.681608 0.103044 0.0847721 0.0691943
9.9991E-05 0.781156 0.078065 0.0672374 0.0734414
0.0107012 0.543344 0.175122 0.157851 0.112982
0.0590806 0.0237984 0.0296862 0.757111 0.130324
0.922997 0.0206583 0.0050352 0.0432602 0.0080489
0.618942 0.264071 0.0625673 0.0543195 9.9991E-05
9.997E-05 9.997E-05 9.997E-05 9.997E-05 0.9996
9.9973E-05 9.9973E-05 9.9973E-05 0.0589582 0.940742
9.9973E-05 9.9973E-05 9.9973E-05 0.0524286 0.947271
9.9982E-05 9.9982E-05 0.0379055 0.222236 0.739658
9.9991E-05 0.0437668 0.0645636 0.422339 0.469231
9.9991E-05 0.0215007 0.0602 0.432553 0.485646
9.9982E-05 0.934161 0.0233913 0.0422477 9.9982E-05
0.00408209 0.851867 0.0365964 0.0451667 0.0622877
0.0216215 0.97511 0.00306888 9.9982E-05 9.9982E-05
0.316325 9.9982E-05 0.010843 0.672632 9.9982E-05
9.997E-05 9.997E-05 9.997E-05 9.997E-05 0.9996
9.997E-05 9.997E-05 9.997E-05 9.997E-05 0.9996
9.997E-05 9.997E-05 9.997E-05 9.997E-05 0.9996
0.00443898 9.9973E-05 9.9973E-05 9.9973E-05 0.995261
0.0088319 9.9982E-05 9.9982E-05 0.00720326 0.983765
0.865238 9.9982E-05 9.9982E-05 0.0462358 0.0883258
9.9991E-05 0.114555 0.124227 0.132149 0.628969
0.22984 9.9973E-05 9.9973E-05 0.769861 9.9973E-05
0.832514 9.9982E-05 9.9982E-05 0.0842323 0.0830542
0.0191786 0.806338 9.9991E-05 0.116476 0.0579071
0.953895 9.9973E-05 9.9973E-05 0.0458054 9.9973E-05
0.906157 9.9973E-05 9.9973E-05 0.0935427 9.9973E-05
0.868923 9.9982E-05 0.0310467 0.0998305 9.9982E-05
0.0183296 9.9973E-05 9.9973E-05 9.9973E-05 0.98137
9.997E-05 9.997E-05 9.997E-05 9.997E-05 0.9996
0.0218863 0.0752807 0.013917 0.282561 0.606355
9.9973E-05 9.9973E-05 0.0105653 9.9973E-05 0.989135
9.997E-05 9.997E-05 9.997E-05 9.997E-05 0.9996
0.550701 9.9973E-05 9.9973E-05 9.9973E-05 0.448999
9.9982E-05 0.0117668 9.9982E-05 0.018559 0.969474
9.9982E-05 0.0474663 9.9982E-05 0.0134843 0.938849
9.9991E-05 0.108614 0.0459683 0.4369 0.408418
0.27098 9.9982E-05 0.00544746 0.723372 9.9982E-05
0.078078 9.9982E-05 9.9982E-05 0.0594334 0.862289
0.0460013 0.337169 0.468388 9.9991E-05 0.148342
0.135996 9.9982E-05 9.9982E-05 0.0282977 0.835506
9.997E-05 9.997E-05 9.997E-05 9.997E-05 0.9996
0.93174 9.9991E-05 0.0118913 0.00463148 0.0516376
0.638694 9.9982E-05 9.9982E-05 0.0515144 0.309591
0.177484 0.0180099 9.9982E-05 0.804306 9.9982E-05
9.9982E-05 0.0025577 9.9982E-05 0.961665 0.0355774
0.910529 0.0891711 9.9973E-05 9.9973E-05 9.9973E-05
0.104489 0.0237959 0.000483101 0.871132 9.9991E-05
0.278669 0.0150063 9.9991E-05 0.70458 0.00164494
0.306259 9.9982E-05 9.9982E-05 0.682716 0.0108258
9.997E-05 9.997E-05 9.997E-05 0.9996 9.997E-05
0.301739 0.0328391 0.0121148 0.551104 0.102203
0.222936 9.9973E-05 9.9973E-05 0.776764 9.9973E-05
9.9991E-05 0.11507 0.0595486 0.395856 0.429426
0.0527452 0.946955 9.9973E-05 9.9973E-05 9.9973E-05
9.9982E-05 0.790538 9.9982E-05 0.15261 0.0566517
9.997E-05 9.997E-05 0.9996 9.997E-05 9.997E-05
0.0169773 0.70503 9.9991E-05 0.183218 0.0946748
0.0915179 0.878714 0.0295681 9.9982E-05 9.9982E-05
0.240413 0.35321 9.9982E-05 0.406177 9.9982E-05
0.076344 0.89449 0.028966 9.9982E-05 9.9982E-05
0.539785 0.291961 0.055549 0.0946549 0.0180505
9.9973E-05 0.98495 9.9973E-05 9.9973E-05 0.0147505
0.00413484 0.178589 0.150797 0.620567 0.0459129
0.196734 0.0738259 9.9991E-05 0.71112 0.0182204
0.321513 0.198115 0.0355703 0.419655 0.0251463
0.0339346 0.911501 0.00874263 0.0409019 0.00492027
9.997E-05 9.997E-05 9.997E-05 9.997E-05 0.9996
0.958823 0.0408773 9.9973E-05 9.9973E-05 9.9973E-05
9.9991E-05 0.179626 0.125788 0.611433 0.0830526
0.94662 0.0265121 9.9982E-05 0.0266683 9.9982E-05
9.9973E-05 9.9973E-05 9.9973E-05 0.00968397 0.990016
0.240157 9.9973E-05 9.9973E-05 0.759543 9.9973E-05
0.0025112 9.9982E-05 0.974777 0.0225122 9.9982E-05
9.9991E-05 0.0664993 0.726644 0.113659 0.0930978
9.9973E-05 0.973096 0.0266038 9.9973E-05 9.9973E-05
0.647177 0.275062 0.0472105 0.0304504 9.9991E-05
0.19044 9.9973E-05 9.9973E-05 0.80926 9.9973E-05
0.195973 9.9973E-05 9.9973E-05 0.803727 9.9973E-05
0.66467 9.9982E-05 9.9982E-05 0.150486 0.184644
0.648822 0.295314 0.0348829 0.0208801 9.9991E-05
9.9973E-05 9.9973E-05 9.9973E-05 0.0403404 0.95936
9.9991E-05 0.0413329 0.0400063 0.445417 0.473144
0.063228 0.00119807 9.9991E-05 0.0168167 0.918657
0.0526601 0.118762 0.197661 0.0436515 0.587266
0.0640365 0.117861 0.197402 0.0698235 0.550876
9.9991E-05 0.0736013 0.0694833 0.133257 0.723558
9.9991E-05 0.0313037 0.0349237 0.44898 0.484693
0.0354033 0.105286 0.131678 0.139114 0.588517
9.9991E-05 0.113572 0.0364766 0.09986 0.749992
9.9991E-05 0.0918766 0.0722932 0.609378 0.226353
9.9991E-05 0.104495 0.0128589 0.117157 0.765389
9.9991E-05 0.167889 0.0887168 0.516838 0.226456
0.12336 9.9982E-05 0.00453087 0.871909 9.9982E-05
0.0693381 0.0140126 0.0927504 0.562094 0.261805
0.0626832 0.0465454 0.0793122 0.201914 0.609545
0.0907465 0.0482862 0.0595609 0.239248 0.562158
9.9991E-05 0.0295974 0.071405 0.443711 0.455187
0.0309579 0.0250275 0.108223 0.0915901 0.744201
0.841198 0.149508 9.9982E-05 0.00909425 9.9982E-05
9.9973E-05 9.9973E-05 9.9973E-05 0.0155933 0.984107
0.0436343 0.128009 0.143364 0.132015 0.552977
9.9991E-05 0.0532198 0.0425139 0.137525 0.766641
9.9991E-05 0.111075 0.119241 0.113058 0.656525
0.042796 0.0502189 0.140722 0.0694661 0.696797
9.9982E-05 0.775714 9.9982E-05 0.180335 0.0437512
0.461911 0.366578 0.0559353 0.0804046 0.0351711
9.9982E-05 9.9982E-05 0.00266173 0.0228712 0.974267
0.929089 0.0673888 0.00332229 9.9982E-05 9.9982E-05
0.0158314 0.73069 9.9991E-05 0.167168 0.0862105
9.9982E-05 9.9982E-05 0.0607093 0.927493 0.0115973
9.997E-05 9.997E-05 9.997E-05 9.997E-05 0.9996
9.997E-05 9.997E-05 9.997E-05 9.997E-05 0.9996
9.997E-05 9.997E-05 9.997E-05 9.997E-05 0.9996
9.997E-05 9.997E-05 9.997E-05 9.997E-05 0.9996
0.296663 9.9982E-05 9.9982E-05 0.687855 0.0152816
9.9982E-05 0.0569548 0.0150766 9.9982E-05 0.927769
9.9982E-05 0.766217 9.9982E-05 0.174656 0.0589267
9.9973E-05 0.990066 9.9973E-05 0.00963408 9.9973E-05
0.0216943 0.916921 0.0436647 0.01762 9.9991E-05
9.9991E-05 0.9733 0.0148962 0.00195445 0.00974975
0.0648504 0.921679 0.0132707 9.9982E-05 9.9982E-05
0.0211573 0.19355 0.189309 0.092955 0.503029
0.0273061 0.143258 0.185257 0.141281 0.502898
0.0867034 0.139444 0.162968 0.0471443 0.563741
9.9982E-05 0.13824 0.155167 9.9982E-05 0.706393
0.0383427 0.10411 0.181428 0.00912953 0.66699
0.0591147 0.0678504 0.0702427 0.591256 0.211536
0.0780252 0.109267 0.186292 9.9991E-05 0.626316
0.281279 0.241187 0.0253712 0.139138 0.313026
0.0548526 0.0731871 0.176378 9.9991E-05 0.695482
0.0212874 0.0867213 0.175428 9.9991E-05 0.716464
0.00641761 0.120236 0.190705 9.9991E-05 0.682542
0.0566778 0.104283 0.0968887 9.9991E-05 0.74205
0.059055 0.0340921 0.193828 9.9991E-05 0.712925
0.0337926 0.111867 0.176005 9.9991E-05 0.678236
0.86547 0.13423 9.9973E-05 9.9973E-05 9.9973E-05
0.578505 0.256552 0.0602156 0.0659354 0.0387921
0.103082 0.76592 0.0152654 0.113781 0.00195228
0.0668454 0.88735 0.0456049 9.9982E-05 9.9982E-05
0.108523 0.0582301 9.9982E-05 0.833047 9.9982E-05
0.0728761 0.79904 0.0772864 0.0297819 0.021016
0.946715 0.0308464 0.0222384 9.9982E-05 9.9982E-05
0.910415 0.0892847 9.9973E-05 9.9973E-05 9.9973E-05
0.017389 9.9982E-05 0.00847294 0.973938 9.9982E-05
0.0542338 0.732962 0.0703417 0.0953529 0.0471094
0.151687 0.53963 0.0999933 0.14302 0.065669
9.99911E-05 0.0840103 0.0637238 0.838661 0.0135048
0.042518 9.9982E-05 0.0243531 0.932929 9.9982E-05
0.0949722 0.0917696 0.0117974 0.795405 0.0060557
0.563229 0.232794 0.000268018 0.0923144 0.111394
0.0647938 0.0166626 0.0275333 0.89091 9.9991E-05
0.952664 0.0259665 0.0211697 9.9982E-05 9.9982E-05
9.9973E-05 9.9973E-05 9.9973E-05 0.961823 0.0378773
9.9982E-05 9.9982E-05 0.0300595 0.941547 0.0281937
9.9991E-05 0.0165823 0.104369 0.379921 0.499027
0.00517595 0.00655614 9.9982E-05 0.988068 9.9982E-05
9.997E-05 9.997E-05 9.997E-05 0.9996 9.997E-05
0.00350363 9.9982E-05 0.0018094 0.994487 9.9982E-05
0.0798548 0.219067 0.102575 0.480418 0.118085
0.766495 0.151904 9.9991E-05 0.0636153 0.017885
0.888467 0.0415111 9.9991E-05 0.0328344 0.0370875
0.863544 0.0146245 9.9991E-05 0.106761 0.0149705
0.873992 0.124278 0.00152976 9.9982E-05 9.9982E-05
9.9973E-05 9.9973E-05 9.9973E-05 0.0333865 0.966314
0.0311676 0.0672795 0.0181933 0.285971 0.597389
0.129252 0.780778 0.035804 0.0347689 0.0193971
0.525562 0.298834 0.0249041 0.1506 9.9991E-05
0.0671234 0.0288919 0.0564262 0.635195 0.212363
0.063458 0.0338946 0.0620926 0.622446 0.218109
9.9982E-05 0.937203 9.9982E-05 0.00899961 0.0535977
0.0254395 0.775923 9.9991E-05 0.160454 0.038083
0.286911 0.0174247 0.072258 0.120061 0.503345
0.448902 0.0175536 9.9991E-05 0.422528 0.110917
0.125154 0.845856 9.9982E-05 0.0287896 9.9982E-05
9.9991E-05 0.261876 0.138411 0.500623 0.0989905
0.0658159 9.9991E-05 0.105498 0.599528 0.229058
0.0708217 0.183308 0.147839 0.485298 0.112733
0.0443546 0.293079 0.152547 0.42232 0.0876996
9.9973E-05 0.942645 0.0570554 9.9973E-05 9.9973E-05
9.9982E-05 0.963004 0.0216139 9.9982E-05 0.0151825
9.9973E-05 0.999479 0.000221439 9.9973E-05 9.9973E-05
0.0403394 0.895667 0.0187462 0.0259064 0.0193412
0.00896851 0.961045 0.0297867 9.9982E-05 9.9982E-05
0.0691773 0.930523 9.9973E-05 9.9973E-05 9.9973E-05
9.9991E-05 0.558208 0.172986 0.144909 0.123797
0.0259415 0.281964 0.15285 0.349494 0.189751
9.9973E-05 0.999246 9.9973E-05 0.000454547 9.9973E-05
9.9991E-05 0.300211 0.123536 0.42573 0.150423
0.00895596 0.17311 0.1189 0.57554 0.123494
0.00586897 0.0285511 0.0666972 0.0780301 0.820853
9.9991E-05 0.0437195 0.0611623 0.0940577 0.80096
0.0182857 0.0301475 0.091615 0.0541387 0.805813
9.9991E-05 0.0413163 0.0790092 0.0662988 0.813276
9.9991E-05 0.0622817 0.0865183 0.0285562 0.822544
0.0192696 0.0258353 0.0829724 0.0448478 0.827075
9.9991E-05 0.0200656 0.0791006 0.0656357 0.835098
9.9982E-05 9.9982E-05 0.0210962 0.941724 0.0369803
9.9973E-05 9.9973E-05 0.0308853 0.968815 9.9973E-05
9.9991E-05 0.0316517 0.0309183 0.471758 0.465572
9.9982E-05 9.9982E-05 0.0528687 0.490936 0.455995
0.0599859 0.85639 0.0162704 9.9991E-05 0.0672535
9.9991E-05 0.812991 0.0529311 0.102183 0.0317941
9.997E-05 0.9996 9.997E-05 9.997E-05 9.997E-05
0.000663083 9.99788E-05 9.99788E-05 9.99788E-05 0.999037
9.997E-05 9.997E-05 9.997E-05 9.997E-05 0.9996
9.997E-05 9.997E-05 9.997E-05 9.997E-05 0.9996
0.000989462 9.9973E-05 9.9973E-05 9.9973E-05 0.998711
0.189974 0.0188047 9.9991E-05 0.261526 0.529596
0.0746449 0.0626471 0.0226302 0.148355 0.691723
0.0669074 0.0276585 0.0741642 0.0708716 0.760398
9.997E-05 9.997E-05 9.997E-05 9.997E-05 0.9996
9.997E-05 9.997E-05 9.997E-05 9.997E-05 0.9996
9.997E-05 9.997E-05 9.997E-05 9.997E-05 0.9996
9.9973E-05 9.9973E-05 9.9973E-05 0.0227402 0.97696
0.344214 0.201128 0.165693 0.0983409 0.190624
9.9973E-05 0.992783 0.00691679 9.9973E-05 9.9973E-05
9.9991E-05 0.00663423 0.0170278 0.91718 0.0590579
0.167072 0.681932 0.0590043 0.0499823 0.0420093
0.113688 0.0488947 9.9982E-05 0.837217 9.9982E-05
9.9973E-05 9.9973E-05 9.9973E-05 0.053741 0.945959
0.0170662 0.0582594 0.0728263 0.0840658 0.767782
9.9991E-05 0.0431172 0.0102979 0.0655102 0.880975
9.9991E-05 0.287978 0.103231 0.478894 0.129797
0.0420967 0.129683 0.147732 0.469209 0.211279
0.33868 0.53032 0.0439038 0.0341592 0.0529371
0.0913585 0.00214532 9.9982E-05 0.906296 9.9982E-05
0.0389469 0.128824 0.206116 9.9991E-05 0.626013
0.0139302 0.146375 0.166138 9.9991E-05 0.673456
0.0204365 0.120061 0.186077 9.9991E-05 0.673325
0.0405478 0.0560989 0.188061 0.00542301 0.70987
0.0362416 0.113754 0.164969 9.9991E-05 0.684936
0.0350377 0.11622 0.188676 9.9991E-05 0.659967
9.9991E-05 0.0140007 0.0500587 0.896753 0.0390871
9.9991E-05 0.101571 0.083325 0.0718626 0.743141
0.0245856 0.035049 9.9982E-05 9.9982E-05 0.940165
9.997E-05 9.997E-05 9.997E-05 9.997E-05 0.9996
9.997E-05 9.997E-05 9.997E-05 9.997E-05 0.9996
9.9973E-05 0.00603966 9.9973E-05 9.9973E-05 0.99366
9.9982E-05 0.0933467 0.199105 9.9982E-05 0.707349
0.0247471 0.143295 0.179222 9.9991E-05 0.652636
0.0316251 0.0800767 0.0993276 9.9991E-05 0.788871
0.0671385 0.0650535 0.133642 9.9991E-05 0.734066
0.0517237 0.064281 0.165898 9.9991E-05 0.717997
0.069012 0.0644606 0.0605076 9.9991E-05 0.80592
0.0674133 0.385386 0.0297625 9.9991E-05 0.517338
0.0630683 0.8331 0.0108386 0.0928929 9.9991E-05
0.193176 0.785545 9.9982E-05 9.9982E-05 0.0210797
0.0891256 0.85973 0.0509443 9.9982E-05 9.9982E-05
0.0301919 0.938415 0.0311935 9.9982E-05 9.9982E-05
0.0648404 0.0942615 0.1854 0.00785778 0.647641
0.049778 0.105484 0.200631 9.9991E-05 0.644007
0.0604827 0.107083 0.0985743 9.9991E-05 0.73376
0.015904 0.117375 0.149452 9.9991E-05 0.717169
0.037061 0.0988247 0.194504 9.9991E-05 0.669511
0.0243997 0.0928444 0.197344 0.0302721 0.65514
0.0053514 0.118432 0.169921 9.9991E-05 0.706195
0.0352278 0.0770173 0.112054 0.0209354 0.754765
0.23075 0.0609387 9.9982E-05 0.708112 9.9982E-05
0.380942 9.9982E-05 0.016588 0.60227 9.9982E-05
0.294003 0.0170933 0.0124567 0.676347 9.9991E-05
0.218846 0.0561799 0.00301912 0.709569 0.0123866
0.00938012 0.0748293 0.0151906 0.160815 0.739785
9.9991E-05 0.0744892 0.0333768 0.0647883 0.827246
0.0463139 0.0135927 0.0202531 0.0383568 0.881483
0.0550833 0.012876 9.9991E-05 0.0695565 0.862384
0.0164567 0.156384 0.181706 0.161325 0.484128
9.9982E-05 9.9982E-05 0.017819 0.382196 0.599785
0.074272 0.0986643 0.181872 0.0112537 0.633938
0.0998059 0.027628 0.0873006 9.9991E-05 0.785165
0.0482561 0.0342218 0.103713 0.0598675 0.753942
0.021408 0.45974 0.0230614 0.416592 0.0791988
0.0313202 0.0468447 0.0733938 0.669964 0.178477
0.0833826 0.877382 0.0179305 0.0212044 9.9991E-05
0.893359 0.0872541 0.0140931 9.9991E-05 0.00519392
0.671346 0.279554 0.0488998 9.9982E-05 9.9982E-05
0.446504 0.502173 0.0156516 9.9991E-05 0.035572
0.068055 0.380804 0.0541748 0.464959 0.032008
0.0869657 0.912734 9.9973E-05 9.9973E-05 9.9973E-05
0.0236111 0.956663 0.00146911 9.9991E-05 0.0181565
0.0487256 0.907525 0.0069121 0.00482261 0.032015
0.0755239 0.91711 0.00716622 9.9982E-05 9.9982E-05
0.0641963 0.168813 0.1505 0.18372 0.43277
0.0574355 0.440291 0.0823615 0.149651 0.270261
9.9991E-05 0.301731 0.0832725 0.125907 0.488989
9.9991E-05 0.110031 0.123761 0.17303 0.593078
0.115296 0.554559 0.0731059 0.178544 0.0784952
9.9991E-05 0.942254 0.0326329 0.0244945 0.000518226
0.0155105 0.0356282 0.0583228 0.118891 0.771648
0.068172 0.751132 0.068219 0.0700962 0.0423805
0.870549 0.129151 9.9973E-05 9.9973E-05 9.9973E-05
0.964375 9.9982E-05 0.0224022 9.9982E-05 0.0130226
0.0513009 0.948399 9.9973E-05 9.9973E-05 9.9973E-05
0.0328629 0.151404 0.53561 0.172559 0.107564
0.372047 0.483169 9.9991E-05 0.117194 0.0274895
0.924771 0.0731307 9.9982E-05 9.9982E-05 0.0018986
0.172903 0.640033 0.0152579 0.160255 0.0115501
0.0597272 0.122109 0.530313 0.196302 0.0915482
9.9982E-05 0.00488676 0.988573 9.9982E-05 0.00634032
9.9973E-05 9.9973E-05 9.9973E-05 0.0259197 0.97378
0.702123 0.0559289 0.00539662 0.115561 0.120991
0.0659255 0.0342161 0.091553 0.560169 0.248136
9.9991E-05 0.05408 0.0504791 0.8323 0.0630411
9.9991E-05 0.0719754 0.0299772 0.839762 0.0581852
0.923402 9.9973E-05 9.9973E-05 0.0762983 9.9973E-05
0.0120627 9.9973E-05 9.9973E-05 9.9973E-05 0.987637
0.02097 0.0606471 0.088665 0.352767 0.47695
0.219071 0.00244939 9.9982E-05 0.77828 9.9982E-05
0.955483 0.0154144 9.9982E-05 0.0289023 9.9982E-05
0.173616 9.9982E-05 0.00674499 0.819439 9.9982E-05
0.0882868 0.0136452 0.0768542 0.571611 0.249603
0.101263 0.0136849 0.0660811 0.569417 0.249554
0.0193025 0.105681 9.9991E-05 0.223472 0.651444
0.036717 0.0381756 0.00400601 0.0786709 0.842431
9.9991E-05 0.0619291 0.021912 0.463027 0.453032
9.9991E-05 0.0363867 0.0159497 0.811344 0.13622
0.958669 0.0181121 9.9982E-05 0.0230188 9.9982E-05
0.928748 0.0324768 9.9982E-05 0.0385756 9.9982E-05
0.00288813 0.4334 0.149337 0.330983 0.0833922
0.0411627 0.0639626 0.0214615 0.305007 0.568406
9.9973E-05 9.9973E-05 9.9973E-05 0.92007 0.0796302
9.9982E-05 0.968768 0.026133 0.00489891 9.9982E-05
9.9991E-05 0.0523774 0.0491841 0.431907 0.466431
0.0256754 0.385501 0.0243648 0.354611 0.209848
9.99911E-05 0.0764518 0.19783 0.112034 0.613584
0.032412 0.540709 0.156204 0.145253 0.125422
0.499064 9.9991E-05 0.044054 0.431163 0.0256188
9.9991E-05 0.203157 0.10634 0.620569 0.0698347
9.997E-05 0.9996 9.997E-05 9.997E-05 9.997E-05
9.9982E-05 0.94526 9.9982E-05 0.0194385 0.0351012
0.958286 0.0196447 9.9982E-05 0.0218695 9.9982E-05
0.00447937 0.98907 0.00625036 9.9982E-05 9.9982E-05
9.9991E-05 0.633302 0.0805841 0.156865 0.129149
0.0569183 0.858737 0.0518622 0.0215068 0.0109755
0.0697031 0.834477 9.9991E-05 0.0861769 0.00954286
0.0763164 0.0395459 0.0937348 0.564116 0.226287
9.9982E-05 0.00702745 9.9982E-05 0.0131521 0.97962
9.997E-05 9.997E-05 9.997E-05 9.997E-05 0.9996
0.858902 0.124785 9.9991E-05 0.0156984 0.000514577
0.0160962 9.9973E-05 9.9973E-05 9.9973E-05 0.983604
9.9982E-05 0.0403796 0.931659 0.0277611 9.9982E-05
0.020162 0.0153891 0.964249 9.9982E-05 9.9982E-05
0.0659838 0.188024 0.48459 0.0607061 0.200696
9.9982E-05 0.817638 9.9982E-05 0.145526 0.0366364
9.9973E-05 9.9973E-05 0.994344 9.9973E-05 0.00535588
9.9973E-05 9.9973E-05 0.990126 0.00957401 9.9973E-05
9.9982E-05 0.00178538 0.994122 9.9982E-05 0.00389314
0.00478005 9.9982E-05 0.988992 9.9982E-05 0.0060284
9.997E-05 9.997E-05 0.9996 9.997E-05 9.997E-05
0.974578 9.9982E-05 9.9982E-05 0.0201113 0.00511067
9.9991E-05 0.0322299 0.0353852 0.855832 0.0764531
0.242601 0.0112661 0.0228707 0.714586 0.00867622
0.169202 9.99729E-05 9.99729E-05 0.830498 9.99729E-05
0.399775 0.499889 9.9982E-05 0.100137 9.9982E-05
0.91108 9.9982E-05 0.0482766 0.040443 9.9982E-05
9.9982E-05 9.9982E-05 0.036192 0.856537 0.107071
0.155451 0.023033 0.0271956 0.79422 9.9991E-05
0.337391 9.9982E-05 9.9982E-05 0.657703 0.00470578
9.9973E-05 9.9973E-05 0.0251097 0.97459 9.9973E-05
0.00616022 9.9982E-05 0.954704 0.0389357 9.9982E-05
0.585336 0.142803 0.0193649 0.0966977 0.155799
0.0815589 0.838375 0.0177404 0.0302322 0.0320932
0.023508 0.90426 0.0278538 0.0442777 9.9991E-05
0.0659704 0.728167 0.0505853 0.0759694 0.079308
0.895868 0.0746296 9.9982E-05 0.0293027 9.9982E-05
0.755823 0.0218197 0.00708947 0.198952 0.0163167
9.9973E-05 0.0036733 9.9973E-05 9.9973E-05 0.996027
0.274904 0.229122 0.0519722 0.121758 0.322244
0.499345 9.9991E-05 0.0203708 0.466772 0.0134117
