0.011517 9.99369E-05 0.216039 9.99369E-05 0.771744 9.99369E-05 9.99369E-05 9.99369E-05 9.99369E-05 9.99369E-05
9.99369E-05 9.99369E-05 9.99369E-05 9.99369E-05 0.782018 0.0305457 9.99369E-05 9.99369E-05 9.99369E-05 0.186737
9.9982E-05 0.00701029 0.000318108 0.037832 0.590897 0.0945655 0.0108632 9.9982E-05 0.0442138 0.2141
0.0278289 9.99369E-05 0.185266 9.99369E-05 0.786206 9.99369E-05 9.99369E-05 9.99369E-05 9.99369E-05 9.99369E-05
0.00988115 9.99772E-05 0.0241956 0.0521473 9.99772E-05 0.0211947 0.0169311 0.0105871 9.99772E-05 0.864763
9.99369E-05 9.99369E-05 9.99369E-05 9.99369E-05 0.75859 0.095605 9.99369E-05 9.99369E-05 9.99369E-05 0.145105
0.440897 0.0184838 0.00766725 0.00251948 0.000611437 9.9964E-05 9.9964E-05 0.529421 9.9964E-05 9.9964E-05
9.9937E-05 9.9937E-05 0.0123435 9.9937E-05 0.0326159 9.9937E-05 9.9937E-05 0.954341 9.9937E-05 9.9937E-05
9.9928E-05 9.9928E-05 9.9928E-05 9.9928E-05 9.9928E-05 0.020652 9.9928E-05 0.978549 9.9928E-05 9.9928E-05
9.99281E-05 9.99281E-05 0.00531998 9.99281E-05 9.99281E-05 9.99281E-05 9.99281E-05 0.993881 9.99281E-05 9.99281E-05
0.109688 9.9973E-05 0.0193198 0.0219735 0.0248096 0.00649121 9.9973E-05 9.9973E-05 0.797305 0.0201133
0.0398634 9.9946E-05 0.0502517 9.9946E-05 9.9946E-05 9.9946E-05 9.9946E-05 0.00874652 0.900539 9.9946E-05
0.0778081 9.99461E-05 0.0361585 9.99461E-05 9.99461E-05 9.99461E-05 9.99461E-05 0.00643418 0.879 9.99461E-05
0.0807386 9.99371E-05 9.99371E-05 0.0247001 9.99371E-05 9.99371E-05 9.99371E-05 9.99371E-05 0.893862 9.99371E-05
0.0106443 0.805503 0.120948 0.0162658 0.00477339 9.9973E-05 0.0390912 0.00247428 9.9973E-05 9.9973E-05
9.9937E-05 9.9937E-05 0.0103087 9.9937E-05 9.9937E-05 0.000981747 9.9937E-05 0.98801 9.9937E-05 9.9937E-05
0.903696 9.9946E-05 0.0547994 9.9946E-05 0.0230352 9.9946E-05 9.9946E-05 0.0178694 9.9946E-05 9.9946E-05
9.99461E-05 0.865721 9.99461E-05 9.99461E-05 0.0316782 9.99461E-05 9.99461E-05 0.00557355 0.0964279 9.99461E-05
9.9964E-05 0.53708 0.143665 0.0579216 9.9964E-05 9.9964E-05 0.0373052 0.00703373 0.216595 9.9964E-05
9.9946E-05 0.358334 9.9946E-05 9.9946E-05 9.9946E-05 9.9946E-05 0.0197066 0.016497 0.604863 9.9946E-05
9.9955E-05 0.771546 0.0605342 0.0691276 9.9955E-05 9.9955E-05 9.9955E-05 0.0478058 0.0504862 9.9955E-05
9.9955E-05 0.0632184 0.00736019 9.9955E-05 9.9955E-05 0.00679924 9.9955E-05 0.00813945 0.913983 9.9955E-05
0.00933802 0.878659 9.9946E-05 9.9946E-05 0.0292125 9.9946E-05 9.9946E-05 9.9946E-05 0.0821911 9.9946E-05
0.0031228 0.096707 0.0501944 9.9982E-05 0.000146087 0.0292015 0.00223425 0.0137627 0.804431 9.9982E-05
9.9937E-05 0.0517582 9.9937E-05 9.9937E-05 0.0175768 9.9937E-05 9.9937E-05 9.9937E-05 0.929965 9.9937E-05
0.0328409 0.926689 9.9946E-05 0.0171209 0.022749 9.9946E-05 9.9946E-05 9.9946E-05 9.9946E-05 9.9946E-05
9.9955E-05 0.835173 0.0180011 9.9955E-05 9.9955E-05 0.00264571 9.9955E-05 0.0243138 0.119367 9.9955E-05
9.9973E-05 0.561033 9.9973E-05 0.0646028 0.0360801 0.0431248 0.0172431 0.00575792 0.271859 9.9973E-05
9.9946E-05 0.921828 9.9946E-05 9.9946E-05 9.9946E-05 9.9946E-05 0.0393542 0.0242011 0.0140169 9.9946E-05
9.9964E-05 0.911641 0.004493 9.9964E-05 0.0256754 0.00212478 0.00631238 9.9964E-05 0.0493534 9.9964E-05
9.9946E-05 0.0290335 0.0203298 9.9946E-05 9.9946E-05 9.9946E-05 0.0226544 9.9946E-05 0.927383 9.9946E-05
0.201046 9.99281E-05 9.99281E-05 9.99281E-05 9.99281E-05 9.99281E-05 9.99281E-05 9.99281E-05 0.798154 9.99281E-05
9.99371E-05 0.869411 9.99371E-05 9.99371E-05 0.0402287 9.99371E-05 9.99371E-05 9.99371E-05 0.0896607 9.99371E-05
9.9964E-05 0.163706 0.00245863 0.0308037 0.00644239 9.9964E-05 9.9964E-05 0.0250902 0.771099 9.9964E-05
9.9946E-05 0.936515 0.00981188 9.9946E-05 9.9946E-05 9.9946E-05 9.9946E-05 0.0091796 0.0438937 9.9946E-05
9.9955E-05 0.0101569 9.9955E-05 0.0153023 0.0112069 0.00408802 9.9955E-05 9.9955E-05 0.958746 9.9955E-05
9.99371E-05 0.866874 9.99371E-05 9.99371E-05 9.99371E-05 9.99371E-05 9.99371E-05 9.99371E-05 0.118251 0.014176
9.9946E-05 0.0312262 0.038224 9.9946E-05 9.9946E-05 9.9946E-05 0.0239502 9.9946E-05 0.906 9.9946E-05
9.9955E-05 9.9955E-05 0.615559 0.117027 9.9955E-05 0.0931757 0.0767715 9.9955E-05 9.9955E-05 0.0969663
9.9937E-05 9.9937E-05 9.9937E-05 9.9937E-05 0.0042158 0.367493 9.9937E-05 9.9937E-05 9.9937E-05 0.627592
0.18082 9.99371E-05 9.99371E-05 9.99371E-05 9.99371E-05 9.99371E-05 9.99371E-05 9.99371E-05 0.730567 0.0879138
0.000717335 0.926191 9.99371E-05 9.99371E-05 9.99371E-05 9.99371E-05 9.99371E-05 9.99371E-05 0.0723921 9.99371E-05
9.99461E-05 0.0234736 0.0125117 9.99461E-05 9.99461E-05 9.99461E-05 0.0285884 9.99461E-05 0.934827 9.99461E-05
0.299488 9.9964E-05 0.0281818 9.9964E-05 0.0313188 0.57546 0.0513676 9.9964E-05 0.0137846 9.9964E-05
9.9964E-05 0.513199 0.151814 0.026392 9.9964E-05 9.9964E-05 0.0402225 0.0530646 0.214908 9.9964E-05
0.132445 0.343994 9.9973E-05 0.0274707 0.0201568 9.9973E-05 0.0148777 0.0373025 0.423453 9.9973E-05
9.9973E-05 0.836218 0.0398946 0.0268354 9.9973E-05 9.9973E-05 0.0187572 0.0149199 0.0371774 0.0258976
9.99369E-05 9.99369E-05 9.99369E-05 9.99369E-05 0.696234 0.0985249 9.99369E-05 9.99369E-05 9.99369E-05 0.204541
9.9964E-05 9.9964E-05 0.0230164 0.0982658 0.0562608 0.263968 0.461756 9.9964E-05 9.9964E-05 0.0963332
0.19987 9.9937E-05 0.792642 9.9937E-05 9.9937E-05 9.9937E-05 9.9937E-05 0.00678911 9.9937E-05 9.9937E-05
0.020048 9.9955E-05 0.786785 9.9955E-05 0.0373924 9.9955E-05 0.000271728 9.9955E-05 0.155003 9.9955E-05
0.06189 9.99459E-05 0.689147 9.99459E-05 0.0789667 9.99459E-05 9.99459E-05 9.99459E-05 0.169396 9.99459E-05
0.0549105 9.9955E-05 0.908794 9.9955E-05 0.0187523 9.9955E-05 9.9955E-05 0.00320978 0.013834 9.9955E-05
0.00744108 9.9946E-05 9.9946E-05 9.9946E-05 9.9946E-05 9.9946E-05 9.9946E-05 0.937868 0.0295827 0.0245084
9.9964E-05 9.9964E-05 0.0161107 9.9964E-05 0.00172748 0.00645273 9.9964E-05 0.95588 0.0100409 0.00938879
0.432447 0.00802797 9.99461E-05 9.99461E-05 9.99461E-05 9.99461E-05 9.99461E-05 0.0346291 0.524296 9.99461E-05
9.9946E-05 0.0487122 0.013661 9.9946E-05 9.9946E-05 9.9946E-05 9.9946E-05 0.00815759 0.92887 9.9946E-05
9.99549E-05 0.137174 0.0246477 0.763271 9.99549E-05 9.99549E-05 9.99549E-05 0.000928101 0.0734795 9.99549E-05
9.9937E-05 9.9937E-05 9.9937E-05 0.112362 0.0752257 9.9937E-05 9.9937E-05 9.9937E-05 9.9937E-05 0.811713
9.99459E-05 9.99459E-05 9.99459E-05 0.283957 9.99459E-05 0.19683 0.192675 9.99459E-05 9.99459E-05 0.325938
0.950583 9.9937E-05 0.0155799 9.9937E-05 9.9937E-05 0.0331377 9.9937E-05 9.9937E-05 9.9937E-05 9.9937E-05
0.67153 0.00508389 0.286546 9.9964E-05 9.9964E-05 9.9964E-05 9.9964E-05 0.00934971 0.00148058 0.0256101
0.66586 9.9982E-05 0.189717 9.9982E-05 0.0530627 0.0132331 0.026309 0.0123088 0.0388139 0.000496336
9.9937E-05 9.9937E-05 0.0155803 9.9937E-05 9.9937E-05 9.9937E-05 9.9937E-05 0.97347 0.0102506 9.9937E-05
9.9937E-05 9.9937E-05 9.9937E-05 0.161153 9.9937E-05 0.0932018 9.9937E-05 9.9937E-05 9.9937E-05 0.744946
0.976878 0.0205464 9.9937E-05 9.9937E-05 9.9937E-05 9.9937E-05 0.00187585 9.9937E-05 9.9937E-05 9.9937E-05
9.9964E-05 9.9964E-05 0.725391 0.139235 0.00427929 0.0624485 0.0222129 9.9964E-05 9.9964E-05 0.0460341
0.0204397 0.0398156 9.9937E-05 9.9937E-05 9.9937E-05 9.9937E-05 9.9937E-05 9.9937E-05 0.939045 9.9937E-05
0.0368038 9.99281E-05 9.99281E-05 9.99281E-05 9.99281E-05 9.99281E-05 9.99281E-05 9.99281E-05 0.962397 9.99281E-05
0.0125655 0.0236039 0.0746804 0.00433766 0.00314982 9.9982E-05 0.0258646 0.80779 9.9982E-05 0.0478083
0.0147001 0.0562532 0.113386 0.000609332 9.9973E-05 9.9973E-05 0.0145638 0.789692 9.9973E-05 0.0104951
0.0326773 9.9964E-05 0.045502 9.9964E-05 0.023781 9.9964E-05 0.0240091 0.849742 0.0238892 9.9964E-05
0.00119275 9.9955E-05 0.0356197 0.0100716 9.9955E-05 9.9955E-05 9.9955E-05 0.939884 9.9955E-05 0.0127318
9.9937E-05 9.9937E-05 0.0162101 9.9937E-05 9.9937E-05 9.9937E-05 9.9937E-05 0.970005 0.0130854 9.9937E-05
9.9955E-05 0.00482611 9.9955E-05 9.9955E-05 0.0100155 9.9955E-05 0.0038363 0.971394 9.9955E-05 0.00942811
9.9946E-05 0.00847675 0.0011654 9.9946E-05 9.9946E-05 0.00199077 9.9946E-05 0.987767 9.9946E-05 9.9946E-05
9.9955E-05 0.000612747 9.9955E-05 0.013936 9.9955E-05 9.9955E-05 9.9955E-05 0.962648 0.0100983 0.0122054
9.9955E-05 9.9955E-05 0.013427 0.0276953 0.000482401 0.00641964 9.9955E-05 0.951476 9.9955E-05 9.9955E-05
9.99201E-05 9.99201E-05 9.99201E-05 9.99201E-05 9.99201E-05 9.99201E-05 9.99201E-05 0.999101 9.99201E-05 9.99201E-05
0.00825472 0.00225789 9.9964E-05 0.0256922 9.9964E-05 9.9964E-05 9.9964E-05 0.929294 0.0332595 0.000842294
0.0290394 9.9964E-05 0.0079399 0.0217796 9.9964E-05 9.9964E-05 0.00297806 0.93438 0.00348315 9.9964E-05
0.01294 9.9955E-05 0.00340869 0.0174729 9.9955E-05 9.9955E-05 0.0196959 0.945983 9.9955E-05 9.9955E-05
9.99371E-05 0.416257 9.99371E-05 9.99371E-05 9.99371E-05 9.99371E-05 9.99371E-05 0.536098 0.0469461 9.99371E-05
9.99371E-05 0.417767 9.99371E-05 9.99371E-05 9.99371E-05 9.99371E-05 9.99371E-05 0.567854 0.0136788 9.99371E-05
9.99201E-05 9.99201E-05 9.99201E-05 9.99201E-05 9.99201E-05 9.99201E-05 9.99201E-05 0.999101 9.99201E-05 9.99201E-05
9.9937E-05 9.9937E-05 0.0576575 9.9937E-05 0.0164028 9.9937E-05 9.9937E-05 0.92524 9.9937E-05 9.9937E-05
9.9946E-05 9.9946E-05 0.0311885 9.9946E-05 0.035276 9.9946E-05 9.9946E-05 0.924638 9.9946E-05 0.00829799
9.9964E-05 0.0215624 0.0167279 9.9964E-05 0.00121964 9.9964E-05 0.0157597 0.916102 9.9964E-05 0.0282286
9.99283E-05 9.99283E-05 9.99283E-05 9.99283E-05 0.0195319 9.99283E-05 9.99283E-05 0.979669 9.99283E-05 9.99283E-05
9.99371E-05 0.429758 9.99371E-05 9.99371E-05 9.99371E-05 9.99371E-05 9.99371E-05 0.541535 0.0280075 9.99371E-05
9.9955E-05 0.0298866 0.0148091 9.9955E-05 9.9955E-05 9.9955E-05 0.0190212 0.883875 0.0519079 9.9955E-05
0.02367 0.00268454 9.9964E-05 9.9964E-05 9.9964E-05 0.0119074 9.9964E-05 0.939605 0.016102 0.00563081
9.9928E-05 9.9928E-05 0.0418268 9.9928E-05 9.9928E-05 9.9928E-05 9.9928E-05 0.957374 9.9928E-05 9.9928E-05
9.9937E-05 9.9937E-05 0.03066 9.9937E-05 9.9937E-05 0.0244885 9.9937E-05 0.944152 9.9937E-05 9.9937E-05
0.0522266 0.0131963 0.0267296 0.00289939 9.9982E-05 9.9982E-05 0.00596766 0.8616 0.0187684 0.0184123
0.0117274 9.9964E-05 0.0286697 9.9964E-05 0.0153614 9.9964E-05 0.0230168 0.920682 0.00014305 9.9964E-05
0.134066 0.558876 9.9955E-05 9.9955E-05 0.235497 9.9955E-05 0.0110207 9.9955E-05 9.9955E-05 0.0600409
9.9946E-05 0.0024715 9.9946E-05 0.0247477 0.0508205 9.9946E-05 9.9946E-05 0.921361 9.9946E-05 9.9946E-05
9.9937E-05 9.9937E-05 9.9937E-05 9.9937E-05 0.0138541 9.9937E-05 9.9937E-05 0.979376 0.00607024 9.9937E-05
0.00716155 0.0596166 0.0274568 0.0496856 0.0168035 0.108749 0.0195423 0.709116 9.9991E-05 0.00176849
9.99201E-05 9.99201E-05 9.99201E-05 9.99201E-05 9.99201E-05 9.99201E-05 9.99201E-05 0.999101 9.99201E-05 9.99201E-05
0.0275778 0.00370581 9.9937E-05 9.9937E-05 9.9937E-05 9.9937E-05 9.9937E-05 0.968017 9.9937E-05 9.9937E-05
9.99281E-05 9.99281E-05 9.99281E-05 0.0195164 9.99281E-05 9.99281E-05 9.99281E-05 0.979684 9.99281E-05 9.99281E-05
0.000475929 0.000213743 9.9964E-05 0.0100884 9.9964E-05 9.9964E-05 0.0233644 0.963328 9.9964E-05 0.00212988
0.03695 0.876656 9.99749E-05 0.0117049 0.00569388 0.0425078 0.00560031 0.020587 9.99749E-05 9.99749E-05
9.99201E-05 9.99201E-05 9.99201E-05 9.99201E-05 9.99201E-05 9.99201E-05 9.99201E-05 0.999101 9.99201E-05 9.99201E-05
9.9937E-05 9.9937E-05 0.034543 9.9937E-05 9.9937E-05 9.9937E-05 0.0157214 0.949036 9.9937E-05 9.9937E-05
9.99281E-05 9.99281E-05 9.99281E-05 0.00257572 9.99281E-05 9.99281E-05 9.99281E-05 0.996625 9.99281E-05 9.99281E-05
0.0971929 0.594139 9.9946E-05 9.9946E-05 0.0487625 9.9946E-05 9.9946E-05 9.9946E-05 0.259306 9.9946E-05
9.9955E-05 9.9955E-05 9.9955E-05 9.9955E-05 0.0127928 9.9955E-05 0.0111115 0.931696 0.0099531 0.0339473
9.9955E-05 9.9955E-05 0.0283227 9.9955E-05 0.0222714 9.9955E-05 0.0107202 0.927328 0.0108584 9.9955E-05
9.9946E-05 0.0172395 0.0163267 9.9946E-05 0.016541 9.9946E-05 9.9946E-05 0.949293 9.9946E-05 9.9946E-05
9.9928E-05 9.9928E-05 9.9928E-05 9.9928E-05 0.00558169 9.9928E-05 9.9928E-05 0.993619 9.9928E-05 9.9928E-05
9.9955E-05 0.613534 0.0842772 0.0170001 9.9955E-05 9.9955E-05 9.9955E-05 0.0223768 0.262312 9.9955E-05
0.00252534 9.99371E-05 9.99371E-05 9.99371E-05 9.99371E-05 0.00725985 9.99371E-05 0.989515 9.99371E-05 9.99371E-05
9.9955E-05 9.9955E-05 0.0333584 9.9955E-05 0.0586305 9.9955E-05 0.00974784 0.897429 9.9955E-05 0.000334046
9.99371E-05 0.44878 9.99371E-05 9.99371E-05 9.99371E-05 9.99371E-05 9.99371E-05 0.517205 0.033315 9.99371E-05
0.00355538 0.0109384 9.9946E-05 0.0137411 9.9946E-05 9.9946E-05 9.9946E-05 0.971166 9.9946E-05 9.9946E-05
0.00798712 0.179579 0.0192136 0.0692895 9.9964E-05 9.9964E-05 9.9964E-05 0.000995756 0.722535 9.9964E-05
9.9946E-05 0.2623 9.9946E-05 0.0577061 9.9946E-05 9.9946E-05 9.9946E-05 9.9946E-05 0.652328 0.0270661
9.9964E-05 0.0241966 0.0333286 9.9964E-05 0.044835 0.00699629 9.9964E-05 9.9964E-05 0.880628 0.00961561
0.0562908 0.864071 9.9955E-05 9.9955E-05 9.9955E-05 9.9955E-05 9.9955E-05 0.0379816 0.0317908 0.00936582
0.755019 0.00784004 0.104356 0.0388788 9.9982E-05 9.9982E-05 0.00263877 0.0765193 0.0112744 0.0032742
0.0304051 0.0087256 9.9964E-05 9.9964E-05 0.00461782 0.0457622 9.9964E-05 0.0408877 0.869202 9.9964E-05
0.361317 0.200549 9.9973E-05 0.0521665 0.039384 9.9973E-05 0.0348876 9.9973E-05 0.296322 0.0150731
9.9946E-05 0.168953 9.9946E-05 9.9946E-05 0.0172588 9.9946E-05 9.9946E-05 0.0545615 0.758627 9.9946E-05
9.9964E-05 0.247582 9.9964E-05 0.041866 0.0314285 9.9964E-05 0.0159435 9.9964E-05 0.658493 0.0042865
0.0124735 0.155466 0.0429923 0.0270105 0.000853682 9.9982E-05 0.0383644 0.00530416 0.717336 9.9982E-05
0.00684535 0.238895 9.9982E-05 0.00973903 0.0327985 0.0311114 0.0512917 9.9982E-05 0.620753 0.00836567
9.9964E-05 0.288445 9.9964E-05 0.00547846 9.9964E-05 9.9964E-05 0.0490898 0.0112433 0.61766 0.0276833
9.99461E-05 0.00606377 9.99461E-05 0.020356 9.99461E-05 9.99461E-05 9.99461E-05 9.99461E-05 0.93038 0.0426001
0.126128 9.9964E-05 9.9964E-05 9.9964E-05 0.0114628 0.0108308 0.02559 0.0158168 0.809772 9.9964E-05
0.130447 9.9973E-05 9.9973E-05 9.9973E-05 0.0029051 0.00445211 0.00482941 0.0238966 0.826473 0.00669689
0.0402624 0.745851 0.0325248 0.0557177 9.9973E-05 9.9973E-05 0.0256346 0.0267526 0.0729567 9.9973E-05
9.9928E-05 9.9928E-05 9.9928E-05 0.035245 9.9928E-05 0.963956 9.9928E-05 9.9928E-05 9.9928E-05 9.9928E-05
9.9955E-05 9.9955E-05 0.021102 0.040618 0.0361065 0.896502 9.9955E-05 0.00517196 9.9955E-05 9.9955E-05
0.0132248 9.9964E-05 0.0488004 0.0914914 9.9964E-05 0.230896 0.0271461 9.9964E-05 9.9964E-05 0.588042
0.319787 0.326305 0.0262273 0.0790483 0.046812 9.99824E-05 0.0228725 0.0850178 0.09373 9.99824E-05
9.9946E-05 9.9946E-05 0.0440228 0.00160157 0.00938716 0.944389 9.9946E-05 9.9946E-05 9.9946E-05 9.9946E-05
9.9955E-05 9.9955E-05 0.0501966 0.029335 9.9955E-05 0.896695 9.9955E-05 0.00856867 9.9955E-05 0.0147054
0.260566 0.141471 9.9982E-05 0.00138096 0.00866496 0.0396351 9.9982E-05 0.110781 0.391127 0.0461746
9.9946E-05 9.9946E-05 9.9946E-05 0.147842 9.9946E-05 0.225291 0.235619 9.9946E-05 9.9946E-05 0.390648
9.9973E-05 0.0235905 0.0485091 0.0738665 9.9973E-05 0.145868 0.335391 9.9973E-05 0.000644697 0.37183
9.9991E-05 0.0189921 0.010078 0.0662231 0.0152323 0.0779373 0.372644 0.020852 0.00689631 0.411045
0.0209777 0.0552562 0.0659207 9.9973E-05 9.9973E-05 0.00831276 0.551181 0.0243421 9.9973E-05 0.273709
0.0214576 0.0379337 0.08251 0.0132303 9.9982E-05 0.005353 0.561494 0.00259543 9.9982E-05 0.275226
9.9982E-05 0.0262689 0.0228642 0.00592454 0.0276854 0.103052 0.376241 9.9982E-05 0.0146883 0.423076
0.720957 9.99549E-05 0.197205 0.0199922 0.0290377 9.99549E-05 0.032308 9.99549E-05 9.99549E-05 9.99549E-05
0.0121692 0.0166925 0.0130913 9.9964E-05 9.9964E-05 0.321249 0.0117246 9.9964E-05 9.9964E-05 0.624674
0.0276498 0.878116 0.059016 9.99551E-05 9.99551E-05 0.0111112 9.99551E-05 9.99551E-05 0.023607 9.99551E-05
9.9964E-05 0.904078 9.9964E-05 9.9964E-05 0.00406295 0.01935 9.9964E-05 0.0351649 0.0360856 0.000858813
9.9982E-05 0.0205098 0.00592657 0.0629609 0.0231666 0.0320043 0.00183402 0.0302298 9.9982E-05 0.823168
0.104273 0.240312 0.0811336 0.0164452 0.00871645 0.131768 0.0742175 0.175634 0.0681327 0.0993673
0.781653 0.0360327 0.0700221 0.0317589 0.0222081 0.027259 0.00963313 0.00330878 0.00934098 0.00878365
0.18337 9.9964E-05 9.9964E-05 9.9964E-05 0.0164232 0.0567841 0.0173464 9.9964E-05 0.690131 0.0355456
0.0400293 0.771041 9.9964E-05 9.9964E-05 0.0498035 9.9964E-05 0.0221704 0.0466265 0.069929 9.9964E-05
0.17086 9.9973E-05 9.9973E-05 9.9973E-05 0.0111728 0.224246 0.0015552 0.0413337 0.498255 0.0522769
0.793577 0.0431294 0.0383495 0.0329341 0.0132297 0.044731 0.0055209 0.00897398 0.0194541 9.9991E-05
0.0422331 0.0399514 9.9964E-05 9.9964E-05 0.0437377 0.679757 0.185949 0.00797185 9.9964E-05 9.9964E-05
0.842356 9.9955E-05 0.110425 9.9955E-05 9.9955E-05 9.9955E-05 0.0112305 0.0290573 9.9955E-05 0.00643131
9.9964E-05 0.0901537 0.365921 0.37047 9.9964E-05 9.9964E-05 0.0302166 0.0461963 0.0966423 9.9964E-05
0.0363909 0.888362 9.9964E-05 9.9964E-05 0.0256647 9.9964E-05 0.0178036 0.0223062 0.00907237 9.9964E-05
0.0485622 0.0128254 0.00990094 9.9973E-05 9.9973E-05 0.323103 9.9973E-05 0.0133047 0.00897793 0.583025
0.0813899 9.9964E-05 9.9964E-05 9.9964E-05 0.0139846 9.9964E-05 0.0283519 0.00128304 0.460979 0.413612
9.99549E-05 0.0377259 9.99549E-05 9.99549E-05 9.99549E-05 9.99549E-05 0.0224314 0.047977 0.022313 0.869053
0.331175 0.0393404 9.9973E-05 9.9973E-05 0.265317 0.0260655 9.9973E-05 0.0313134 0.291135 0.0153532
9.9946E-05 9.9946E-05 9.9946E-05 9.9946E-05 9.9946E-05 0.00209588 0.00156447 0.0193771 9.9946E-05 0.976363
0.877563 0.0291453 0.0116411 9.9955E-05 9.9955E-05 9.9955E-05 9.9955E-05 9.9955E-05 0.0470917 0.0340595
0.0380455 0.0622589 9.9973E-05 9.9973E-05 0.00776489 9.9973E-05 0.0157137 0.0459604 0.042469 0.787488
0.0824482 0.0285878 0.00868581 9.9973E-05 9.9973E-05 9.9973E-05 0.00432918 0.0504387 0.00134157 0.823869
0.0484073 0.861338 9.9955E-05 9.9955E-05 9.9955E-05 9.9955E-05 0.00363403 9.9955E-05 0.019901 0.0662203
0.0306317 0.376078 0.0454076 0.0665345 0.0484678 0.280723 9.99821E-05 9.99821E-05 0.131615 0.0203426
0.242931 0.329073 9.9982E-05 9.9982E-05 0.0593794 0.00760855 0.0386332 0.0126436 0.25375 0.055781
0.0140327 0.00872345 9.9982E-05 0.0558184 0.0353684 9.9982E-05 0.811139 0.0196234 0.024517 0.0305778
0.0164915 9.9955E-05 0.012859 0.0661982 9.9955E-05 9.9955E-05 0.881847 9.9955E-05 9.9955E-05 0.0221044
0.0261753 0.0120148 0.0284164 0.0674216 0.0410495 9.9982E-05 0.812559 0.00210869 9.9982E-05 0.010055
0.0466323 9.9973E-05 9.9973E-05 0.0591474 0.00320045 9.9973E-05 0.814518 0.0279191 0.024884 0.0233989
9.9955E-05 0.913057 0.0112341 0.0370345 0.0193801 9.9955E-05 0.0187943 9.9955E-05 9.9955E-05 9.9955E-05
9.9955E-05 0.884941 0.0313705 0.0511688 9.9955E-05 9.9955E-05 9.9955E-05 9.9955E-05 0.0179261 0.0140936
0.0148681 0.764293 0.0613044 0.00453002 0.036492 9.9982E-05 0.0178056 0.0218083 0.0786983 9.9982E-05
9.9973E-05 9.9973E-05 0.0848867 0.0101565 0.0402852 0.179573 0.388001 0.0105427 9.9973E-05 0.286255
0.0940052 0.139005 0.0846809 0.0384513 0.0316727 0.0503795 0.188156 0.124661 0.137245 0.111743
0.0347271 0.328118 0.196739 0.301619 9.9973E-05 9.9973E-05 0.022255 0.1128 0.00344137 9.9973E-05
9.9973E-05 0.723532 0.060538 0.0475795 0.0307881 9.9973E-05 9.9973E-05 0.0214235 0.0968061 0.0190329
9.9982E-05 0.613954 0.0571236 0.14639 0.00882558 0.00318375 0.00574525 0.0749073 0.0896712 9.9982E-05
9.9982E-05 0.708972 0.0514297 0.15483 0.0225336 0.00861597 0.022808 0.0261817 0.00442925 9.9982E-05
9.9964E-05 0.444923 0.0973778 0.255602 9.9964E-05 0.0361626 9.9964E-05 0.126303 0.0392308 9.9964E-05
0.0226823 0.0161709 0.741163 9.9982E-05 0.0823783 0.0317523 0.0427093 9.9982E-05 0.0335672 0.0293767
0.0922803 0.0145917 9.9955E-05 0.0311051 9.9955E-05 9.9955E-05 0.00307988 9.9955E-05 0.858443 9.9955E-05
0.157674 0.237629 9.9964E-05 9.9964E-05 0.0444368 9.9964E-05 0.0187583 0.030264 0.510839 9.9964E-05
9.9946E-05 9.9946E-05 9.9946E-05 0.0691046 0.0194253 0.00150784 9.9946E-05 9.9946E-05 9.9946E-05 0.909363
9.9946E-05 9.9946E-05 0.0237079 0.0924528 0.0363107 9.9946E-05 9.9946E-05 9.9946E-05 9.9946E-05 0.846929
9.9955E-05 0.0126956 9.9955E-05 0.124222 0.0658404 9.9955E-05 9.9955E-05 9.9955E-05 0.000380332 0.796362
9.9964E-05 9.9964E-05 0.109798 0.199025 0.0614394 0.160247 0.152217 9.9964E-05 9.9964E-05 0.316874
9.99277E-05 9.99277E-05 9.99277E-05 0.974993 9.99277E-05 9.99277E-05 9.99277E-05 9.99277E-05 9.99277E-05 0.0242077
9.99278E-05 9.99278E-05 9.99278E-05 0.983754 9.99278E-05 9.99278E-05 9.99278E-05 9.99278E-05 9.99278E-05 0.0154462
9.9946E-05 0.859128 0.07317 0.0551356 9.9946E-05 9.9946E-05 9.9946E-05 9.9946E-05 0.0119667 9.9946E-05
9.9982E-05 0.778358 0.0764974 0.0500453 9.9982E-05 0.0123474 0.0246864 0.0247605 0.0295179 0.00358754
0.00172898 0.950427 0.00448075 9.9964E-05 9.9964E-05 0.00676225 9.9964E-05 9.9964E-05 0.0273088 0.00889222
0.831279 9.9955E-05 0.0851227 9.9955E-05 9.9955E-05 9.9955E-05 9.9955E-05 0.0156557 0.0448251 0.0226181
0.0130671 9.9946E-05 9.9946E-05 9.9946E-05 9.9946E-05 9.9946E-05 0.0526334 0.0367569 9.9946E-05 0.896943
9.9946E-05 9.9946E-05 0.0185881 9.9946E-05 9.9946E-05 0.0322616 9.9946E-05 0.011171 9.9946E-05 0.93738
0.00592063 9.9964E-05 0.00582214 9.9964E-05 9.9964E-05 0.0944965 0.00823484 0.00789057 9.9964E-05 0.877235
9.9964E-05 9.9964E-05 9.9964E-05 0.0206073 0.0119399 0.144146 0.0341049 9.9964E-05 0.0181884 0.770613
0.0319851 9.9964E-05 9.9964E-05 9.9964E-05 0.0230618 0.0723631 0.0215672 0.0076227 9.9964E-05 0.843
0.212097 9.99461E-05 9.99461E-05 9.99461E-05 9.99461E-05 0.0082871 9.99461E-05 9.99461E-05 0.700261 0.078755
0.03957 0.0237211 9.9982E-05 0.273333 0.138305 0.277103 0.0883276 0.0466902 9.9982E-05 0.11275
0.977343 9.9928E-05 9.9928E-05 0.0218575 9.9928E-05 9.9928E-05 9.9928E-05 9.9928E-05 9.9928E-05 9.9928E-05
0.227386 9.9955E-05 9.9955E-05 9.9955E-05 0.0126103 9.9955E-05 0.00274951 9.9955E-05 0.699563 0.0571909
0.0633516 0.727913 9.99459E-05 9.99459E-05 0.207672 9.99459E-05 9.99459E-05 9.99459E-05 9.99459E-05 0.000462841
0.219155 9.9928E-05 9.9928E-05 9.9928E-05 9.9928E-05 9.9928E-05 9.9928E-05 9.9928E-05 0.780045 9.9928E-05
0.242124 9.99281E-05 9.99281E-05 9.99281E-05 9.99281E-05 9.99281E-05 9.99281E-05 9.99281E-05 0.757076 9.99281E-05
0.264511 9.9937E-05 9.9937E-05 9.9937E-05 9.9937E-05 9.9937E-05 0.013444 9.9937E-05 0.721346 9.9937E-05
9.9946E-05 9.9946E-05 9.9946E-05 9.9946E-05 9.9946E-05 9.9946E-05 0.0389492 0.0336055 0.0295839 0.897262
0.038635 9.9928E-05 9.9928E-05 9.9928E-05 9.9928E-05 9.9928E-05 9.9928E-05 9.9928E-05 9.9928E-05 0.960566
9.99369E-05 9.99369E-05 9.99369E-05 9.99369E-05 0.79076 0.0600521 9.99369E-05 9.99369E-05 9.99369E-05 0.148489
9.9982E-05 0.00612089 0.00739348 9.9982E-05 0.0219661 0.0246091 0.0114311 0.019661 0.0071118 0.901506
9.99201E-05 9.99201E-05 9.99201E-05 9.99201E-05 9.99201E-05 9.99201E-05 9.99201E-05 9.99201E-05 9.99201E-05 0.999101
0.0808101 9.9955E-05 9.9955E-05 9.9955E-05 0.00949015 0.169125 9.9955E-05 9.9955E-05 0.450245 0.289831
9.9955E-05 0.0124289 9.9955E-05 0.123116 9.9955E-05 0.0668107 0.0326482 9.9955E-05 9.9955E-05 0.764496
9.9955E-05 0.0260519 9.9955E-05 0.116956 9.9955E-05 0.0978052 0.0322873 9.9955E-05 9.9955E-05 0.7264
9.9982E-05 0.0453243 0.245482 0.389631 0.106591 0.118477 9.9982E-05 0.0202642 0.00060998 0.0734207
0.876439 9.9973E-05 0.00140709 0.00623153 0.00478716 0.0121756 9.9973E-05 0.0357829 0.0628772 9.9973E-05
0.133826 9.9964E-05 9.9964E-05 9.9964E-05 0.0498822 0.173468 0.000500185 9.9964E-05 0.0097566 0.632167
0.02169 0.306572 9.9964E-05 9.9964E-05 9.9964E-05 0.186944 0.0725016 0.408435 0.00345804 9.9964E-05
0.08397 9.9946E-05 9.9946E-05 9.9946E-05 9.9946E-05 0.317511 9.9946E-05 9.9946E-05 0.0473665 0.550553
9.9937E-05 9.9937E-05 9.9937E-05 9.9937E-05 9.9937E-05 9.9937E-05 9.9937E-05 0.0196607 0.0194893 0.96015
0.190771 9.9946E-05 9.9946E-05 9.9946E-05 9.9946E-05 9.9946E-05 0.020003 9.9946E-05 0.755936 0.0326905
0.107882 9.9955E-05 0.0585152 9.9955E-05 9.9955E-05 0.0142791 9.9955E-05 9.9955E-05 0.564102 0.254722
0.837786 0.0331995 0.128315 9.9937E-05 9.9937E-05 9.9937E-05 9.9937E-05 9.9937E-05 9.9937E-05 9.9937E-05
9.9937E-05 9.9937E-05 0.966598 9.9937E-05 9.9937E-05 0.0190191 9.9937E-05 9.9937E-05 9.9937E-05 0.0136834
9.9937E-05 0.0589274 0.0178072 9.9937E-05 9.9937E-05 9.9937E-05 9.9937E-05 9.9937E-05 0.922566 9.9937E-05
9.99369E-05 9.99369E-05 0.819944 9.99369E-05 0.0268395 9.99369E-05 9.99369E-05 9.99369E-05 0.152517 9.99369E-05
0.870761 0.0118079 0.0647385 9.9955E-05 9.9955E-05 9.9955E-05 9.9955E-05 9.9955E-05 0.0269511 0.0252419
0.882135 0.0193286 9.9946E-05 9.9946E-05 9.9946E-05 9.9946E-05 9.9946E-05 9.9946E-05 0.0546351 0.0433019
0.0115541 9.99459E-05 0.901814 9.99459E-05 0.0489835 9.99459E-05 9.99459E-05 9.99459E-05 0.0370483 9.99459E-05
0.118299 9.9973E-05 0.453335 9.9973E-05 0.128879 0.00395737 0.0189721 9.9973E-05 0.260305 0.0159524
0.879579 0.000847891 0.0953182 0.00526749 9.9964E-05 9.9964E-05 9.9964E-05 0.0159638 0.00262362 9.9964E-05
9.9982E-05 0.0464984 0.216467 0.36805 0.0908224 0.113197 0.0272031 0.0494901 9.9982E-05 0.0880716
0.0253727 0.909186 9.9946E-05 9.9946E-05 9.9946E-05 9.9946E-05 9.9946E-05 0.0178928 0.0469489 9.9946E-05
0.0789279 0.717366 9.99369E-05 9.99369E-05 0.203007 9.99369E-05 9.99369E-05 9.99369E-05 9.99369E-05 9.99369E-05
9.99201E-05 9.99201E-05 9.99201E-05 9.99201E-05 9.99201E-05 9.99201E-05 9.99201E-05 0.999101 9.99201E-05 9.99201E-05
0.127476 0.642978 9.9955E-05 0.00353746 0.20607 9.9955E-05 9.9955E-05 9.9955E-05 9.9955E-05 0.0194397
0.075552 0.841125 9.9946E-05 9.9946E-05 9.9946E-05 9.9946E-05 9.9946E-05 0.00978782 0.0729357 9.9946E-05
0.576788 0.366829 9.9946E-05 9.9946E-05 9.9946E-05 9.9946E-05 9.9946E-05 9.9946E-05 0.0493915 0.00639263
0.0359039 0.855487 9.9955E-05 9.9955E-05 9.9955E-05 9.9955E-05 0.00813787 0.0327049 0.0672666 9.9955E-05
9.9964E-05 0.218874 0.111172 9.9964E-05 0.0278799 9.9964E-05 0.0466299 0.0313063 0.563738 9.9964E-05
0.00172704 0.938883 9.9973E-05 0.0174465 0.0100134 0.00115552 0.0226245 0.0078501 9.9973E-05 9.9973E-05
9.99549E-05 0.098132 0.467379 0.323365 9.99549E-05 9.99549E-05 9.99549E-05 0.0779797 0.0326444 9.99549E-05
0.0716822 0.0541343 0.559071 0.081848 0.00816514 9.9973E-05 0.0438143 9.9973E-05 0.180985 9.9973E-05
0.12933 0.159451 0.201981 0.180721 0.02203 9.99731E-05 9.99731E-05 0.0375258 0.268661 9.99731E-05
0.00962063 0.852047 0.024356 9.9973E-05 0.0299507 9.9973E-05 9.9973E-05 0.0141219 0.053851 0.0157525
9.9937E-05 9.9937E-05 9.9937E-05 9.9937E-05 9.9937E-05 0.146404 9.9937E-05 0.00999509 9.9937E-05 0.842901
9.9955E-05 0.0205884 0.0148782 9.9955E-05 9.9955E-05 0.0168053 9.9955E-05 9.9955E-05 0.937416 0.00981204
9.99549E-05 0.143289 0.446926 0.349649 9.99549E-05 9.99549E-05 9.99549E-05 0.0581139 0.00152223 9.99549E-05
9.9946E-05 0.0158503 0.0494972 9.9946E-05 0.0116725 9.9946E-05 9.9946E-05 9.9946E-05 0.92238 9.9946E-05
9.9937E-05 9.9937E-05 9.9937E-05 0.171854 9.9937E-05 0.0629974 9.9937E-05 9.9937E-05 9.9937E-05 0.764449
0.972772 9.9955E-05 0.00496191 0.0101075 9.9955E-05 0.00336033 9.9955E-05 0.00829843 9.9955E-05 9.9955E-05
0.00123712 9.9955E-05 9.9955E-05 9.9955E-05 0.00198401 0.0132618 0.0110693 0.971948 9.9955E-05 9.9955E-05
0.0299333 0.0650604 0.0381257 0.0615361 9.9964E-05 0.116998 9.9964E-05 0.687946 9.9964E-05 9.9964E-05
0.0356964 0.93667 0.0166381 0.00342007 9.9955E-05 9.9955E-05 9.9955E-05 0.00707593 9.9955E-05 9.9955E-05
0.160826 0.248593 9.9955E-05 9.9955E-05 0.00459109 9.9955E-05 9.9955E-05 0.0447903 0.5407 9.9955E-05
0.977656 9.9937E-05 0.00734643 9.9937E-05 0.014298 9.9937E-05 9.9937E-05 9.9937E-05 9.9937E-05 9.9937E-05
0.995724 9.9928E-05 9.9928E-05 9.9928E-05 0.00347664 9.9928E-05 9.9928E-05 9.9928E-05 9.9928E-05 9.9928E-05
0.192291 9.99639E-05 9.99639E-05 9.99639E-05 0.1185 0.0790474 0.016841 9.99639E-05 0.530623 0.0622982
0.113215 0.243582 9.9964E-05 9.9964E-05 0.028643 9.9964E-05 0.0118072 0.0198831 0.58247 9.9964E-05
9.9946E-05 9.9946E-05 0.0112557 0.112701 0.0517625 9.9946E-05 9.9946E-05 9.9946E-05 9.9946E-05 0.823681
9.99278E-05 9.99278E-05 9.99278E-05 0.994831 9.99278E-05 9.99278E-05 9.99278E-05 9.99278E-05 9.99278E-05 0.00436974
9.9946E-05 9.9946E-05 9.9946E-05 0.258157 9.9946E-05 0.102005 0.171354 9.9946E-05 9.9946E-05 0.467885
9.9955E-05 0.014896 9.9955E-05 0.491213 9.9955E-05 0.193957 0.248911 0.0505227 9.9955E-05 9.9955E-05
9.9955E-05 9.9955E-05 9.9955E-05 0.563378 9.9955E-05 0.139509 0.259126 0.0323749 0.00511219 9.9955E-05
0.00780383 9.9955E-05 9.9955E-05 0.388325 9.9955E-05 0.27251 0.138285 9.9955E-05 9.9955E-05 0.192577
9.99201E-05 9.99201E-05 9.99201E-05 0.999101 9.99201E-05 9.99201E-05 9.99201E-05 9.99201E-05 9.99201E-05 9.99201E-05
0.0240408 9.9982E-05 9.9982E-05 0.385048 0.0123818 0.183532 0.294999 0.0316498 0.017606 0.0505423
9.9964E-05 0.000602863 9.9964E-05 0.370761 0.0240582 0.380007 0.124411 9.9964E-05 9.9964E-05 0.099761
0.0388891 0.037529 0.325565 0.527029 0.0211234 9.9973E-05 9.9973E-05 0.0316128 0.0179518 9.9973E-05
9.9964E-05 0.00410069 9.9964E-05 0.336726 0.0339603 0.232771 0.153265 9.9964E-05 9.9964E-05 0.238777
0.0175856 0.0637725 0.246968 0.618025 0.0165646 9.9964E-05 9.9964E-05 0.0366845 9.9964E-05 9.9964E-05
0.0808109 9.9946E-05 0.754206 9.9946E-05 0.0530297 9.9946E-05 9.9946E-05 9.9946E-05 0.111353 9.9946E-05
9.99369E-05 9.99369E-05 0.113738 9.99369E-05 0.86878 9.99369E-05 9.99369E-05 0.016782 9.99369E-05 9.99369E-05
0.0105064 9.9991E-05 0.0334976 0.372902 0.041748 0.188584 0.0951795 0.0147165 0.0525504 0.190216
0.0196667 0.0104667 0.0830838 0.351413 0.0242956 0.133702 0.124132 0.0235179 0.0743156 0.155406
9.99201E-05 9.99201E-05 9.99201E-05 0.999101 9.99201E-05 9.99201E-05 9.99201E-05 9.99201E-05 9.99201E-05 9.99201E-05
9.99639E-05 9.99639E-05 9.99639E-05 0.395141 0.00833346 0.224061 0.148928 0.00300798 9.99639E-05 0.220128
9.9946E-05 0.127773 0.0113104 9.9946E-05 9.9946E-05 0.0288096 9.9946E-05 9.9946E-05 0.831508 9.9946E-05
9.9937E-05 9.9937E-05 9.9937E-05 0.109048 0.049319 9.9937E-05 9.9937E-05 9.9937E-05 9.9937E-05 0.840933
0.0272954 0.0152448 9.9964E-05 0.549489 9.9964E-05 0.139734 0.250137 0.0176995 9.9964E-05 9.9964E-05
9.9955E-05 9.9955E-05 9.9955E-05 0.433668 0.0312423 0.26285 0.0658147 9.9955E-05 9.9955E-05 0.205926
9.9973E-05 0.00189266 9.9973E-05 0.45123 0.0149255 0.14866 0.283602 0.0199647 9.9973E-05 0.0794253
9.9973E-05 9.9973E-05 9.9973E-05 0.373884 0.0122318 0.267724 0.233514 0.0211687 0.00386519 0.0873115
0.124678 0.666028 9.99369E-05 9.99369E-05 0.208594 9.99369E-05 9.99369E-05 9.99369E-05 9.99369E-05 9.99369E-05
9.9982E-05 0.345376 0.0257718 9.9982E-05 0.0753276 0.00403108 0.0391425 0.0562051 0.43942 0.0145257
9.9955E-05 9.9955E-05 9.9955E-05 0.122595 0.0110072 0.093349 0.0383502 9.9955E-05 9.9955E-05 0.734199
9.9955E-05 0.0482551 0.0455431 9.9955E-05 9.9955E-05 0.00106089 0.00854168 9.9955E-05 0.8961 9.9955E-05
0.110199 0.65173 9.99459E-05 9.99459E-05 0.228515 9.99459E-05 9.99459E-05 9.99459E-05 9.99459E-05 0.00895697
0.0246902 9.9964E-05 0.884261 0.060506 0.0011453 0.00743432 9.9964E-05 0.0215635 9.9964E-05 9.9964E-05
9.9928E-05 9.9928E-05 9.9928E-05 9.9928E-05 0.00107101 9.9928E-05 9.9928E-05 9.9928E-05 9.9928E-05 0.99813
9.9946E-05 9.9946E-05 0.00286647 9.9946E-05 9.9946E-05 9.9946E-05 0.00219003 0.0126898 9.9946E-05 0.981654
0.033026 9.9964E-05 9.9964E-05 9.9964E-05 0.00687099 9.9964E-05 0.0249764 0.0312596 0.0219943 0.881473
9.9946E-05 9.9946E-05 9.9946E-05 9.9946E-05 9.9946E-05 0.00285991 0.011098 0.0119652 9.9946E-05 0.973477
0.796989 0.0269684 0.104811 9.9964E-05 9.9964E-05 9.9964E-05 9.9964E-05 0.00678284 0.0386932 0.0253553
0.0107075 0.0659456 9.99592E-05 9.99592E-05 9.99592E-05 0.0554102 9.99592E-05 0.0514527 9.99592E-05 0.815984
0.108311 0.689626 9.9946E-05 9.9946E-05 0.190463 9.9946E-05 0.0110002 9.9946E-05 9.9946E-05 9.9946E-05
9.9946E-05 0.905726 0.00926547 0.0604431 0.0239662 9.9946E-05 9.9946E-05 9.9946E-05 9.9946E-05 9.9946E-05
0.0561007 0.876044 9.9964E-05 9.9964E-05 9.9964E-05 0.00455892 0.0210555 0.0306168 0.0112244 9.9964E-05
0.0317307 0.905 9.9964E-05 0.0304253 9.9964E-05 0.0157347 9.9964E-05 0.0100059 9.9964E-05 0.0067032
0.0173368 0.856953 9.9964E-05 9.9964E-05 9.9964E-05 0.00569957 0.014048 0.0124001 0.0931626 9.9964E-05
0.00604823 0.0589953 9.9964E-05 0.437818 9.9964E-05 0.0181956 0.403301 0.0752419 9.9964E-05 9.9964E-05
9.9964E-05 0.0345153 9.9964E-05 0.444655 9.9964E-05 0.0276181 0.405745 0.0680525 0.0190135 9.9964E-05
0.0189477 0.0170289 0.00793358 0.0260414 9.9964E-05 9.9964E-05 0.894272 9.9964E-05 0.0353769 9.9964E-05
9.9964E-05 0.0218836 9.9964E-05 9.9964E-05 0.0234942 0.00906935 0.857639 0.00971724 9.9964E-05 0.0777969
9.9964E-05 0.00150985 9.9964E-05 0.00948171 0.059918 0.00212776 0.918996 9.9964E-05 9.9964E-05 0.00756661
0.0522517 0.0143297 0.510755 0.00619559 0.0261547 9.9982E-05 0.317973 0.034111 0.0380297 9.9982E-05
9.9955E-05 0.00200843 9.9955E-05 0.0164331 9.9955E-05 9.9955E-05 0.909318 0.0248227 0.0469185 9.9955E-05
0.129077 0.174133 9.9973E-05 0.0463113 0.16711 9.9973E-05 0.0913835 9.9973E-05 0.232793 0.158892
9.9928E-05 9.9928E-05 9.9928E-05 9.9928E-05 9.9928E-05 0.00118992 0.998011 9.9928E-05 9.9928E-05 9.9928E-05
9.9928E-05 9.9928E-05 9.9928E-05 9.9928E-05 9.9928E-05 0.0187931 0.980407 9.9928E-05 9.9928E-05 9.9928E-05
9.9955E-05 9.9955E-05 9.9955E-05 0.00792754 9.9955E-05 0.0329819 0.931199 0.0112991 9.9955E-05 0.0160922
9.9964E-05 0.00668477 9.9964E-05 9.9964E-05 0.0539775 0.686029 0.220427 9.9964E-05 0.0149572 0.0175243
9.9955E-05 9.9955E-05 0.00227753 9.9955E-05 9.9955E-05 0.00816162 0.970723 0.0164667 9.9955E-05 0.00187115
9.9955E-05 0.0321034 9.9955E-05 9.9955E-05 9.9955E-05 0.131797 0.798932 0.0260132 9.9955E-05 0.0106546
9.9964E-05 0.0896613 0.0294747 0.0141367 0.0175003 9.9964E-05 0.00110872 9.9964E-05 0.847718 9.9964E-05
9.9973E-05 0.254826 0.0698483 0.00645754 9.9973E-05 0.000740141 0.066415 0.0454703 0.555943 9.9973E-05
9.9982E-05 0.695429 0.087513 0.0169241 0.0239194 0.00880512 0.0204342 0.0143053 0.13247 9.9982E-05
9.9955E-05 0.848892 0.0116381 9.9955E-05 9.9955E-05 9.9955E-05 9.9955E-05 0.0474797 0.0836284 0.00786221
0.0160113 0.0343014 0.756654 0.043475 9.9964E-05 9.9964E-05 0.0073465 9.9964E-05 0.141812 9.9964E-05
9.9982E-05 0.726469 0.0634244 0.00358974 0.0647565 9.9982E-05 0.0230822 0.0371308 0.0659173 0.01543
9.9955E-05 0.016723 0.0158466 0.00971945 9.9955E-05 9.9955E-05 9.9955E-05 0.00940042 0.947811 9.9955E-05
9.9937E-05 0.049373 9.9937E-05 0.00321367 9.9937E-05 9.9937E-05 9.9937E-05 9.9937E-05 0.946714 9.9937E-05
0.0377295 9.9955E-05 0.883512 0.00872519 0.00918035 9.9955E-05 9.9955E-05 9.9955E-05 0.0603528 9.9955E-05
9.9964E-05 0.694216 0.0725462 0.0917376 9.9964E-05 9.9964E-05 0.0367433 0.0390112 0.0653457 9.9964E-05
9.9991E-05 0.456017 0.153359 0.066502 0.00819004 0.0137951 0.0176028 0.111874 0.154415 0.0181455
0.0803391 0.0507002 0.562449 0.257313 9.99642E-05 9.99642E-05 9.99642E-05 0.0477372 0.00106105 9.99642E-05
0.0357818 9.9964E-05 0.821926 0.0215177 0.0574976 9.9964E-05 0.0097872 9.9964E-05 0.0530894 9.9964E-05
0.0238916 0.0603433 0.678894 0.124676 0.00155349 9.9964E-05 9.9964E-05 9.9964E-05 0.110242 9.9964E-05
0.013235 0.208446 0.0310805 9.9973E-05 0.139626 9.9973E-05 0.0285279 9.9973E-05 0.529043 0.0497422
0.0946561 0.0223146 0.793628 0.000875158 0.0159296 9.9973E-05 9.9973E-05 0.00641668 0.0658798 9.9973E-05
9.9964E-05 9.9964E-05 0.021356 0.0128175 0.0133648 9.9964E-05 0.0130486 0.00145886 0.937554 9.9964E-05
0.0107513 9.9946E-05 0.943126 9.9946E-05 9.9946E-05 0.0256716 9.9946E-05 9.9946E-05 9.9946E-05 0.0198518
9.9946E-05 9.9946E-05 0.951839 9.9946E-05 9.9946E-05 0.00865526 9.9946E-05 0.0168729 9.9946E-05 0.0220328
0.0480475 9.9982E-05 0.188789 0.358502 0.0484955 0.120647 0.0787538 0.014109 9.9982E-05 0.142456
0.110421 9.9955E-05 0.858496 0.00617039 0.00500795 9.9955E-05 9.9955E-05 9.9955E-05 0.0194048 9.9955E-05
0.0718481 9.9937E-05 0.898308 9.9937E-05 0.029144 9.9937E-05 9.9937E-05 9.9937E-05 9.9937E-05 9.9937E-05
0.0880593 9.9955E-05 0.879132 0.0176142 0.0102754 9.9955E-05 9.9955E-05 9.9955E-05 0.00441888 9.9955E-05
9.9973E-05 0.151236 0.377789 0.291691 0.00746404 9.9973E-05 0.00412531 0.0805491 0.0868455 9.9973E-05
9.9955E-05 0.144912 0.070096 9.9955E-05 9.9955E-05 0.0089792 0.00197524 9.9955E-05 0.773538 9.9955E-05
9.9955E-05 9.9955E-05 0.0499605 9.9955E-05 0.0570855 9.9955E-05 0.0126481 9.9955E-05 0.858876 0.0209301
9.9964E-05 0.00830256 0.0993804 9.9964E-05 0.0260512 9.9964E-05 0.0225426 9.9964E-05 0.831228 0.0120949
9.9946E-05 0.0909365 0.0351891 9.9946E-05 9.9946E-05 9.9946E-05 9.9946E-05 0.00853738 0.864737 9.9946E-05
9.9946E-05 9.9946E-05 0.0286931 0.0894296 0.0489332 9.9946E-05 9.9946E-05 9.9946E-05 9.9946E-05 0.832344
9.99369E-05 9.99369E-05 9.99369E-05 9.99369E-05 0.791825 0.0596996 9.99369E-05 9.99369E-05 9.99369E-05 0.147776
0.0434157 0.746166 0.00344999 0.0213182 9.9973E-05 0.0197217 9.9973E-05 0.0222303 0.143399 9.9973E-05
0.182359 0.302991 9.9964E-05 9.9964E-05 0.0557187 9.9964E-05 0.00511806 0.0209747 0.432438 9.9964E-05
0.0176351 9.99459E-05 0.202865 9.99459E-05 0.768366 9.99459E-05 9.99459E-05 0.0105342 9.99459E-05 9.99459E-05
0.0110732 9.99459E-05 0.19156 9.99459E-05 0.785125 9.99459E-05 9.99459E-05 0.011642 9.99459E-05 9.99459E-05
9.9955E-05 0.848485 0.0210401 0.100782 9.9955E-05 9.9955E-05 0.0167575 9.9955E-05 9.9955E-05 0.012436
0.124858 0.668155 9.99369E-05 9.99369E-05 0.206288 9.99369E-05 9.99369E-05 9.99369E-05 9.99369E-05 9.99369E-05
0.0786657 9.9964E-05 9.9964E-05 9.9964E-05 0.15118 0.498492 0.0327358 9.9964E-05 0.221999 0.0165282
0.411598 9.9973E-05 0.0607101 0.02937 0.0998579 9.9973E-05 0.0422462 9.9973E-05 0.307321 0.0485973
0.0292477 0.773261 0.0287378 0.00668646 0.0576622 9.99641E-05 9.99641E-05 9.99641E-05 0.104005 9.99641E-05
9.9946E-05 0.243941 0.351077 0.313571 9.9946E-05 9.9946E-05 9.9946E-05 0.0908104 9.9946E-05 9.9946E-05
0.012867 9.99639E-05 0.168319 9.99639E-05 0.750949 9.99639E-05 0.00960813 0.038435 0.0194224 9.99639E-05
9.99549E-05 0.113671 0.301146 0.390312 9.99549E-05 9.99549E-05 9.99549E-05 0.111339 0.0830329 9.99549E-05
9.9964E-05 0.251165 0.287275 0.298468 9.9964E-05 9.9964E-05 0.012127 0.0795841 0.0709807 9.9964E-05
9.9982E-05 0.851759 0.0358424 0.019451 0.00736469 0.00398573 0.0112653 0.0611982 0.00893384 9.9982E-05
9.9964E-05 0.888762 0.0194979 0.00871818 9.9964E-05 0.0649785 9.9964E-05 9.9964E-05 0.00841185 0.00923143
9.9955E-05 0.933121 0.0258921 0.0124353 9.9955E-05 0.0230619 9.9955E-05 0.0049897 9.9955E-05 9.9955E-05
0.018991 0.821357 0.000523583 0.0562802 9.9973E-05 9.9973E-05 0.0163602 0.0227701 0.0634183 9.9973E-05
0.00554556 0.932752 0.0111141 9.9964E-05 9.9964E-05 0.0106143 9.9964E-05 0.0244677 0.0151062 9.9964E-05
0.0801255 0.869308 9.9955E-05 9.9955E-05 0.00247488 0.012115 9.9955E-05 9.9955E-05 0.0354766 9.9955E-05
9.9964E-05 0.488988 0.0736075 0.216566 9.9964E-05 0.0362616 9.9964E-05 0.164668 0.0195093 9.9964E-05
9.9964E-05 0.223825 0.213164 0.38982 9.9964E-05 9.9964E-05 0.0415046 0.114952 0.0163342 9.9964E-05
0.0370244 0.936301 9.99371E-05 9.99371E-05 9.99371E-05 0.0259747 9.99371E-05 9.99371E-05 9.99371E-05 9.99371E-05
0.0422341 0.238227 0.230502 0.353743 9.9973E-05 9.9973E-05 0.0411473 0.0925918 0.00125511 9.9973E-05
9.9955E-05 0.099853 0.390254 0.377316 9.9955E-05 9.9955E-05 9.9955E-05 0.0642666 0.0678115 9.9955E-05
9.99201E-05 9.99201E-05 9.99201E-05 9.99201E-05 9.99201E-05 0.999101 9.99201E-05 9.99201E-05 9.99201E-05 9.99201E-05
9.99369E-05 9.99369E-05 9.99369E-05 0.0449032 0.0461019 0.908295 9.99369E-05 9.99369E-05 9.99369E-05 9.99369E-05
9.99201E-05 9.99201E-05 9.99201E-05 9.99201E-05 9.99201E-05 0.999101 9.99201E-05 9.99201E-05 9.99201E-05 9.99201E-05
9.99279E-05 9.99279E-05 9.99279E-05 0.0161974 9.99279E-05 0.983003 9.99279E-05 9.99279E-05 9.99279E-05 9.99279E-05
9.9928E-05 0.0030287 9.9928E-05 9.9928E-05 9.9928E-05 0.996172 9.9928E-05 9.9928E-05 9.9928E-05 9.9928E-05
9.99201E-05 9.99201E-05 9.99201E-05 9.99201E-05 9.99201E-05 0.999101 9.99201E-05 9.99201E-05 9.99201E-05 9.99201E-05
