0.446203 0.226139 0.327658
0.238344 0.0952053 0.666451
0.270176 0.108942 0.620882
0.411158 0.235051 0.353791
9.999E-05 9.999E-05 0.9998
0.263003 0.0933474 0.643649
0.353534 0.62049 0.0259759
9.999E-05 0.9998 9.999E-05
9.999E-05 0.9998 9.999E-05
9.999E-05 0.9998 9.999E-05
0.928822 0.00703521 0.0641428
0.984805 0.0150951 9.9991E-05
0.9998 9.999E-05 9.999E-05
0.9998 9.999E-05 9.999E-05
0.911108 0.0293211 0.0595708
9.999E-05 0.9998 9.999E-05
0.715213 0.212282 0.0725047
0.9998 9.999E-05 9.999E-05
0.908065 0.0619611 0.0299738
0.988964 0.0109363 9.9991E-05
0.937929 0.061971 9.9991E-05
0.9998 9.999E-05 9.999E-05
0.9998 9.999E-05 9.999E-05
0.985381 0.0145187 9.9991E-05
0.9998 9.999E-05 9.999E-05
0.9998 9.999E-05 9.999E-05
0.9998 9.999E-05 9.999E-05
0.948739 9.9991E-05 0.0511609
0.997982 0.00191809 9.9991E-05
0.998011 9.9991E-05 0.00188907
0.9998 9.999E-05 9.999E-05
0.993241 0.00665878 9.9991E-05
0.9998 9.999E-05 9.999E-05
0.990063 0.00983685 9.9991E-05
0.9998 9.999E-05 9.999E-05
0.9998 9.999E-05 9.999E-05
0.9998 9.999E-05 9.999E-05
0.9998 9.999E-05 9.999E-05
0.340677 0.21931 0.440013
9.999E-05 9.999E-05 0.9998
0.869311 0.0197544 0.110935
0.9998 9.999E-05 9.999E-05
0.9998 9.999E-05 9.999E-05
0.315904 0.110759 0.573337
0.912127 0.0753023 0.0125704
0.963618 0.0362823 9.9991E-05
0.937281 0.0245358 0.038183
0.241232 0.0499861 0.708781
0.144939 0.128825 0.726235
0.562468 0.305404 0.132129
0.685507 0.229748 0.0847454
0.643029 0.244383 0.112589
0.584826 0.312036 0.103137
0.0133392 0.986561 9.9991E-05
9.99926E-05 0.998645 0.00125477
0.867673 0.124366 0.00796043
0.998315 0.00158479 9.9991E-05
0.491907 0.148978 0.359116
9.999E-05 9.999E-05 0.9998
0.0828974 0.0389428 0.87816
0.701159 0.188795 0.110046
0.66514 0.214174 0.120686
0.621303 0.220143 0.158554
9.999E-05 0.9998 9.999E-05
9.999E-05 9.999E-05 0.9998
0.733791 0.187511 0.0786974
0.391207 0.274238 0.334555
0.9998 9.999E-05 9.999E-05
0.9998 9.999E-05 9.999E-05
0.08079 0.849612 0.0695978
0.106956 0.862116 0.0309283
0.0561351 0.932604 0.011261
9.999E-05 0.9998 9.999E-05
9.999E-05 0.9998 9.999E-05
9.999E-05 0.9998 9.999E-05
9.999E-05 0.9998 9.999E-05
9.999E-05 0.9998 9.999E-05
9.9991E-05 0.989761 0.0101391
9.999E-05 0.9998 9.999E-05
0.0212383 0.970073 0.00868916
0.0060957 0.993804 9.9991E-05
0.00619581 0.993704 9.9991E-05
0.44572 0.55418 9.9991E-05
0.425131 0.574769 9.9991E-05
9.999E-05 0.9998 9.999E-05
9.999E-05 0.9998 9.999E-05
0.00113473 0.998765 9.9991E-05
0.0152537 0.965896 0.0188504
9.999E-05 0.9998 9.999E-05
0.442852 0.557048 9.9991E-05
0.056421 0.906819 0.0367602
0.0176858 0.980572 0.00174207
9.999E-05 0.9998 9.999E-05
9.9991E-05 0.983545 0.0163554
0.0533554 0.946545 9.9991E-05
9.999E-05 0.9998 9.999E-05
0.81138 9.9991E-05 0.18852
0.00855348 0.982125 0.00932172
0.00013688 0.999763 9.9991E-05
0.101607 0.783125 0.115269
9.999E-05 0.9998 9.999E-05
9.999E-05 0.9998 9.999E-05
9.999E-05 0.9998 9.999E-05
9.999E-05 0.9998 9.999E-05
0.975899 9.9991E-05 0.0240014
9.999E-05 0.9998 9.999E-05
9.999E-05 0.9998 9.999E-05
9.999E-05 0.9998 9.999E-05
0.98648 0.0134201 9.9991E-05
9.9991E-05 0.979363 0.0205371
0.0136694 0.986231 9.9991E-05
9.999E-05 0.9998 9.999E-05
9.999E-05 0.9998 9.999E-05
0.983483 0.0164173 9.9991E-05
9.999E-05 0.9998 9.999E-05
9.9991E-05 0.983903 0.0159966
0.48242 0.51748 9.9991E-05
9.999E-05 0.9998 9.999E-05
0.990301 0.00959916 9.9991E-05
0.98588 9.9991E-05 0.0140205
0.975274 0.00337481 0.0213507
0.995086 9.9991E-05 0.00481428
0.629056 0.231699 0.139245
0.951416 0.0484838 9.9991E-05
0.859192 0.0519632 0.0888451
0.976057 0.0110335 0.0129097
0.94887 9.9991E-05 0.0510295
0.996002 0.00389802 9.9991E-05
0.932864 9.9991E-05 0.067036
0.941145 9.9991E-05 0.0587551
0.987239 0.00756569 0.00519489
0.970056 0.0298445 9.9991E-05
0.951707 0.0481931 9.9991E-05
0.91111 0.0246345 0.064255
0.0723307 0.0901285 0.837541
0.0714913 0.113239 0.81527
0.0362796 0.0273602 0.93636
0.710079 0.175072 0.114849
0.061626 0.122772 0.815602
0.0830147 0.115787 0.801199
0.743304 0.152897 0.103798
0.0690337 0.056605 0.874361
0.108838 0.0749933 0.816169
0.0679486 0.0838995 0.848152
0.175798 0.156819 0.667383
0.138728 0.135285 0.725988
0.128298 0.0436038 0.828098
0.606419 0.228977 0.164604
0.011147 0.0122157 0.976637
0.994794 0.00510577 9.9991E-05
0.997934 0.00196627 9.9991E-05
9.999E-05 9.999E-05 0.9998
0.53772 0.191314 0.270966
0.664906 0.174421 0.160673
0.877011 0.00634597 0.116643
0.952511 0.0192132 0.0282753
0.680551 0.0593751 0.260074
0.673893 0.180261 0.145846
0.189689 0.10871 0.701601
0.653436 0.20934 0.137224
0.486901 0.273619 0.23948
0.9998 9.999E-05 9.999E-05
0.0163582 0.0488958 0.934746
0.534302 9.9991E-05 0.465598
0.00087992 9.9991E-05 0.99902
0.675512 0.12167 0.202818
9.999E-05 9.999E-05 0.9998
0.739734 0.14073 0.119536
0.11453 0.00546073 0.880009
0.0305999 0.0329241 0.936476
0.948627 9.9991E-05 0.0512729
0.623382 0.0524313 0.324187
0.835824 0.0583048 0.105871
0.182456 0.169431 0.648113
0.179803 0.163128 0.657069
0.213578 0.178074 0.608348
0.22362 0.176965 0.599415
0.985299 9.9991E-05 0.014601
0.965047 9.9991E-05 0.0348532
0.955041 0.0448592 9.9991E-05
0.106242 0.0989751 0.794783
0.508306 0.208522 0.283172
0.598158 0.23253 0.169311
0.930654 0.0284796 0.0408666
0.832321 0.104074 0.0636043
0.833382 0.066847 0.0997705
0.637875 0.180021 0.182104
0.530192 0.231119 0.238689
0.999157 0.000742665 0.0001
0.924598 0.0597336 0.0156689
9.999E-05 9.999E-05 0.9998
9.999E-05 9.999E-05 0.9998
0.0258854 9.9991E-05 0.974015
0.120873 0.103474 0.775653
0.261223 0.169341 0.569437
0.246288 0.189852 0.56386
0.952786 9.9991E-05 0.0471137
0.892667 0.0306738 0.0766588
0.9998 9.999E-05 9.999E-05
0.717899 0.172827 0.109273
9.999E-05 9.999E-05 0.9998
9.999E-05 9.999E-05 0.9998
9.999E-05 9.999E-05 0.9998
9.999E-05 9.999E-05 0.9998
0.0318147 9.9991E-05 0.968085
0.887434 9.9991E-05 0.112466
0.195817 0.144391 0.659792
0.74296 0.185304 0.0717358
0.884434 0.000152401 0.115414
0.909669 9.9991E-05 0.0902311
0.975074 0.0248265 9.9991E-05
0.945059 0.0548409 9.9991E-05
0.946451 0.0499698 0.00357885
9.999E-05 9.999E-05 0.9998
9.999E-05 9.999E-05 0.9998
0.243939 0.102506 0.653554
9.9991E-05 0.00272424 0.997176
9.999E-05 9.999E-05 0.9998
0.498724 0.0306564 0.47062
9.999E-05 9.999E-05 0.9998
0.028331 9.9991E-05 0.971569
0.333024 0.175373 0.491604
0.727051 0.175096 0.0978533
0.0910755 9.9991E-05 0.908825
0.376202 0.455781 0.168017
0.137006 9.9991E-05 0.862894
9.999E-05 9.999E-05 0.9998
0.951612 0.000395836 0.0479925
0.685976 9.9991E-05 0.313924
0.732392 0.208105 0.0595025
0.49943 0.294945 0.205624
0.9998 9.999E-05 9.999E-05
0.660117 0.258329 0.0815536
0.733224 0.15566 0.111115
0.746971 0.118784 0.134245
0.602889 0.277011 0.1201
0.675517 0.161844 0.162638
0.750642 0.194089 0.0552681
0.327839 0.186294 0.485867
0.9998 9.999E-05 9.999E-05
0.897375 9.9991E-05 0.102525
9.999E-05 0.9998 9.999E-05
0.865752 9.9991E-05 0.134148
0.996481 0.00341894 9.9991E-05
0.863211 0.057165 0.079624
0.998407 0.00149266 9.9991E-05
0.901098 0.0768087 0.022093
0.985967 9.9991E-05 0.0139326
0.543999 0.315921 0.14008
0.705436 0.171222 0.123342
0.754574 0.153813 0.091613
0.990428 9.9991E-05 0.00947177
9.999E-05 9.999E-05 0.9998
0.9998 9.999E-05 9.999E-05
0.541954 0.275258 0.182788
0.9998 9.999E-05 9.999E-05
9.999E-05 9.999E-05 0.9998
0.69916 0.221285 0.0795548
9.999E-05 0.9998 9.999E-05
0.135358 0.758632 0.10601
0.996453 0.00344691 9.9991E-05
0.934319 0.065581 9.9991E-05
0.701583 0.217169 0.0812471
0.740428 0.171578 0.0879941
0.775077 0.0128293 0.212094
0.970037 0.0298632 9.9991E-05
9.999E-05 9.999E-05 0.9998
0.24872 0.167304 0.583976
0.0461699 0.0248423 0.928988
0.17237 0.208748 0.618881
0.215204 0.186548 0.598248
0.1274 0.0938172 0.778782
0.251361 0.171201 0.577438
0.203034 0.153509 0.643456
0.155105 0.0605819 0.784313
0.434055 0.250536 0.315409
0.129313 0.0498079 0.820879
0.441093 0.239333 0.319575
0.644611 0.260953 0.0944367
0.425288 0.229654 0.345059
0.213059 0.130474 0.656467
0.280627 0.121907 0.597466
0.251372 0.203041 0.545587
0.115508 0.114959 0.769533
0.9998 9.999E-05 9.999E-05
9.999E-05 9.999E-05 0.9998
0.229143 0.182502 0.588355
0.101312 0.121557 0.777131
0.147788 0.168179 0.684034
0.124014 0.158797 0.71719
0.899952 9.9991E-05 0.0999482
0.866359 0.0789513 0.0546892
9.9991E-05 0.00204735 0.997853
0.9998 9.999E-05 9.999E-05
0.895164 9.9991E-05 0.104736
0.499774 0.321659 0.178566
9.999E-05 9.999E-05 0.9998
9.999E-05 9.999E-05 0.9998
9.9991E-05 0.0182319 0.981668
9.999E-05 9.999E-05 0.9998
0.71987 0.159066 0.121064
0.0741325 9.9991E-05 0.925768
0.90321 9.9991E-05 0.0966897
0.9998 9.999E-05 9.999E-05
0.994401 0.00549949 9.9991E-05
0.976096 0.0135508 0.0103535
0.984087 0.00550468 0.0104081
0.243456 0.214227 0.542317
0.228628 0.24425 0.527122
0.248098 0.178962 0.572939
0.141267 0.138643 0.72009
0.150315 0.17597 0.673716
0.442871 0.266974 0.290155
0.17177 0.19162 0.63661
0.59531 0.0385459 0.366144
0.134377 0.169567 0.696056
0.0970755 0.165059 0.737865
0.111654 0.199865 0.688481
0.152408 0.0736445 0.773948
0.115764 0.189964 0.694272
0.131665 0.179867 0.688468
0.9998 9.999E-05 9.999E-05
0.874103 0.0801171 0.0457799
0.955985 0.0151117 0.0289037
0.979514 0.0203862 9.9991E-05
0.696199 0.191911 0.111891
0.892337 0.061172 0.046491
0.998548 0.00135193 9.9991E-05
0.9998 9.999E-05 9.999E-05
0.598588 0.273573 0.127839
0.85952 0.0799359 0.0605441
0.780935 0.132789 0.086276
0.561288 0.303998 0.134714
0.575984 0.278318 0.145698
0.649366 0.227778 0.122856
0.883691 0.0114095 0.104899
0.618267 0.27049 0.111243
0.991942 0.00795847 9.9991E-05
0.495079 0.301446 0.203475
0.487512 0.332887 0.179601
0.216679 0.199627 0.583694
0.61079 0.276857 0.112353
0.58898 0.309089 0.10193
0.598913 0.261074 0.140012
0.540794 0.258937 0.200268
0.9998 9.999E-05 9.999E-05
0.960999 9.9991E-05 0.0389009
0.982936 0.0169638 9.9991E-05
0.9998 9.999E-05 9.999E-05
0.00544752 9.9991E-05 0.994452
0.258955 0.122203 0.618843
0.962148 0.0118865 0.0259658
0.915659 0.0548028 0.0295384
0.422416 0.259775 0.317809
0.424637 0.244914 0.33045
0.934648 9.9991E-05 0.0652519
0.905131 0.00848425 0.0863848
0.396649 0.0887582 0.514593
0.701478 0.100266 0.198256
0.9998 9.999E-05 9.999E-05
0.559771 0.256927 0.183302
0.432488 0.247993 0.319519
0.54313 0.28013 0.17674
0.557986 0.244376 0.197638
0.933861 0.0660391 9.9991E-05
0.961479 9.9991E-05 0.0384214
0.991064 9.9991E-05 0.00883588
0.9779 0.0128603 0.00923947
0.988007 0.0118931 9.9991E-05
0.9998 9.999E-05 9.999E-05
0.661829 0.192878 0.145292
0.522452 0.203387 0.27416
0.9998 9.999E-05 9.999E-05
0.548274 0.230357 0.221369
0.557088 0.235699 0.207212
0.0543301 0.093285 0.852385
0.073795 0.0970864 0.829119
0.0787686 0.10743 0.813801
0.0533065 0.0919747 0.854719
0.0938917 0.0630678 0.84304
0.065653 0.0857704 0.848577
0.0341139 0.109962 0.855925
0.510265 0.279764 0.209971
0.515968 0.33768 0.146352
0.318907 0.161795 0.519298
0.262344 0.196364 0.541292
0.936022 9.9991E-05 0.0638776
0.851019 0.0614284 0.0875529
0.9998 9.999E-05 9.999E-05
9.999E-05 9.999E-05 0.9998
9.999E-05 9.999E-05 0.9998
9.999E-05 9.999E-05 0.9998
9.999E-05 9.999E-05 0.9998
0.407832 0.0287523 0.563416
0.230766 0.066112 0.703122
0.0907253 0.10478 0.804494
9.999E-05 9.999E-05 0.9998
9.999E-05 9.999E-05 0.9998
9.999E-05 9.999E-05 0.9998
9.999E-05 9.999E-05 0.9998
0.590598 0.179381 0.230021
0.9998 9.999E-05 9.999E-05
0.470164 0.293812 0.236025
0.883 0.0553394 0.0616608
0.64181 0.236804 0.121386
0.0389498 9.9991E-05 0.96095
0.113327 0.104714 0.781959
0.065785 0.0273231 0.906892
0.545443 0.257399 0.197158
0.436339 0.276818 0.286843
0.930791 0.0485011 0.0207084
0.683364 0.232412 0.0842238
0.149478 0.195028 0.655494
0.176232 0.165983 0.657785
0.126103 0.202584 0.671313
0.116478 0.170621 0.712901
0.129788 0.179837 0.690375
0.124794 0.201535 0.673671
0.512507 0.293281 0.194211
0.140536 0.120727 0.738737
0.0312635 9.9991E-05 0.968636
9.999E-05 9.999E-05 0.9998
9.999E-05 9.999E-05 0.9998
0.0188233 9.9991E-05 0.981077
0.103148 0.195905 0.700946
0.168033 0.1812 0.650767
0.132763 0.0709449 0.796292
0.116971 0.130389 0.75264
0.121952 0.144977 0.73307
0.123966 0.0603249 0.815709
0.432892 0.0377083 0.5294
0.964625 0.0129177 0.0224573
0.971458 9.9991E-05 0.0284422
0.992322 0.00757837 9.9991E-05
0.991769 9.9991E-05 0.00813066
0.177024 0.198457 0.624519
0.140245 0.213509 0.646246
0.150552 0.103751 0.745698
0.136348 0.134422 0.72923
0.116533 0.206931 0.676535
0.149511 0.193505 0.656984
0.0731647 0.180485 0.74635
0.114958 0.106826 0.778216
0.766818 0.172981 0.0602007
0.725476 0.176921 0.0976025
0.759942 0.206487 0.0335715
0.713356 0.182898 0.103746
0.14861 0.0772677 0.774122
0.0835353 0.0524193 0.864045
0.063377 0.0323774 0.904246
0.101682 0.0167989 0.881519
0.262828 0.228112 0.509061
0.131112 0.150277 0.718612
0.177499 0.183619 0.638883
0.114752 0.0783985 0.80685
0.0984811 0.134615 0.766904
0.737142 0.119459 0.143399
0.486279 0.237299 0.276422
0.9998 9.999E-05 9.999E-05
0.9998 9.999E-05 9.999E-05
0.97973 0.0201703 9.9991E-05
0.979546 0.0203544 9.9991E-05
0.759088 0.137789 0.103123
0.9998 9.999E-05 9.999E-05
0.999221 9.9991E-05 0.000678834
0.97727 0.0147384 0.00799184
0.987222 0.0126777 9.9991E-05
0.32861 0.205959 0.465431
0.565871 0.120814 0.313316
0.377384 0.0824738 0.540142
0.198116 0.163668 0.638216
0.78576 0.108996 0.105245
0.974431 0.0192971 0.00627233
0.0998072 0.092431 0.807762
0.864026 0.0822252 0.0537486
0.9998 9.999E-05 9.999E-05
0.977249 0.0226506 9.9991E-05
0.9998 9.999E-05 9.999E-05
0.265789 0.586974 0.147237
0.919171 0.0299506 0.0508788
0.9998 9.999E-05 9.999E-05
0.929304 0.0547072 0.0159886
0.283808 0.604834 0.111358
9.999E-05 0.9998 9.999E-05
0.0299953 9.9991E-05 0.969905
0.85515 0.0498308 0.095019
0.425009 0.234515 0.340476
0.494697 0.300949 0.204354
0.542498 0.255717 0.201785
0.946697 0.0532028 9.9991E-05
9.999E-05 9.999E-05 0.9998
0.294104 0.179573 0.526324
0.757131 0.188802 0.0540671
0.9998 9.999E-05 9.999E-05
0.677241 0.22038 0.102379
0.429288 0.24005 0.330662
0.42216 0.253556 0.324283
0.243169 0.0461479 0.710683
0.136526 0.0069304 0.856543
0.321923 0.156694 0.521383
0.462526 0.276078 0.261396
0.998141 0.00175882 9.9991E-05
0.9998 9.999E-05 9.999E-05
0.622914 0.207227 0.169859
0.254126 0.103412 0.642462
0.476099 0.296032 0.227869
0.979771 0.00862242 0.0116064
0.302535 0.160368 0.537097
0.632119 0.104618 0.263262
0.118396 0.243131 0.638473
0.679359 0.167932 0.152709
0.770042 0.152244 0.0777138
0.562758 0.286036 0.151206
0.9998 9.999E-05 9.999E-05
0.959061 9.9991E-05 0.0408386
0.9998 9.999E-05 9.999E-05
0.9998 9.999E-05 9.999E-05
0.728265 0.115552 0.156182
0.945467 0.0333229 0.02121
0.963635 0.000149826 0.0362147
0.428393 0.241414 0.330193
9.999E-05 9.999E-05 0.9998
9.999E-05 9.999E-05 0.9998
0.9998 9.999E-05 9.999E-05
9.999E-05 9.999E-05 0.9998
0.0220103 0.965341 0.0126484
9.999E-05 0.9998 9.999E-05
0.275881 0.519398 0.204721
0.924279 9.9991E-05 0.0756214
9.999E-05 0.9998 9.999E-05
9.999E-05 0.9998 9.999E-05
9.999E-05 0.9998 9.999E-05
9.999E-05 0.9998 9.999E-05
9.999E-05 0.9998 9.999E-05
0.9998 9.999E-05 9.999E-05
0.494868 0.274705 0.230427
0.686973 0.212846 0.100182
0.720001 0.208146 0.0718528
0.992627 0.00727346 9.9991E-05
0.981087 0.0188135 9.9991E-05
0.490329 0.283969 0.225703
0.630993 0.25646 0.112547
0.742413 0.139306 0.118282
0.527435 0.316001 0.156563
9.999E-05 0.9998 9.999E-05
0.793597 0.0392721 0.167131
0.965197 0.00251754 0.0322858
0.952546 0.0156628 0.0317912
0.844198 0.0782098 0.0775918
0.9998 9.999E-05 9.999E-05
0.887466 0.0666631 0.0458705
9.999E-05 9.999E-05 0.9998
0.557077 0.0786972 0.364226
0.783556 0.141293 0.075151
