0.181764 9.99279E-05 9.99279E-05 9.99279E-05 9.99279E-05 0.0349013 9.99279E-05 0.0458344 0.7367 9.99279E-05 9.99279E-05 9.99279E-05
9.99189E-05 0.159509 9.99189E-05 9.99189E-05 9.99189E-05 9.99189E-05 9.99189E-05 9.99189E-05 0.813149 9.99189E-05 0.0264423 9.99189E-05
9.9973E-05 0.222924 0.0114117 0.0253454 0.0150679 9.9973E-05 9.9973E-05 0.0300198 0.595468 0.0344909 0.0606911 0.00428104
0.191171 9.99369E-05 9.99369E-05 9.99369E-05 9.99369E-05 0.0204001 0.00231268 0.0196648 0.765751 9.99369E-05 9.99369E-05 9.99369E-05
0.00208152 0.872651 9.9946E-05 9.9946E-05 0.00158312 9.9946E-05 0.0219838 9.9946E-05 9.9946E-05 0.0894184 0.0116823 9.9946E-05
9.99189E-05 0.123522 9.99189E-05 9.99189E-05 9.99189E-05 9.99189E-05 9.99189E-05 9.99189E-05 0.819102 9.99189E-05 0.0564762 9.99189E-05
9.99191E-05 9.99191E-05 9.99191E-05 9.99191E-05 9.99191E-05 0.468706 0.517791 9.99191E-05 9.99191E-05 9.99191E-05 9.99191E-05 0.0126033
0.00268722 9.9928E-05 9.9928E-05 9.9928E-05 9.9928E-05 9.9928E-05 0.970906 9.9928E-05 0.00460791 9.9928E-05 0.0209992 9.9928E-05
9.9919E-05 9.9919E-05 0.00793809 9.9919E-05 9.9919E-05 9.9919E-05 0.982322 9.9919E-05 9.9919E-05 9.9919E-05 0.00884102 9.9919E-05
9.99191E-05 9.99191E-05 9.99191E-05 9.99191E-05 0.0160336 9.99191E-05 0.970299 9.99191E-05 9.99191E-05 0.0127677 9.99191E-05 9.99191E-05
9.9955E-05 0.0204711 0.287854 0.569008 0.00415094 0.0761458 9.9955E-05 9.9955E-05 0.0196978 0.0221725 9.9955E-05 9.9955E-05
0.0485639 9.99369E-05 0.235177 0.7026 9.99369E-05 0.0125526 0.000406457 9.99369E-05 9.99369E-05 9.99369E-05 9.99369E-05 9.99369E-05
0.0187861 9.9937E-05 0.362189 0.613499 9.9937E-05 9.9937E-05 0.00285406 0.00197222 9.9937E-05 9.9937E-05 9.9937E-05 9.9937E-05
9.9928E-05 9.9928E-05 0.301664 0.677273 9.9928E-05 0.0128158 9.9928E-05 9.9928E-05 9.9928E-05 0.00744763 9.9928E-05 9.9928E-05
0.0280821 9.9964E-05 9.9964E-05 9.9964E-05 0.02734 0.000563675 0.0106052 0.0822686 0.0160465 0.0289602 9.9964E-05 0.805734
0.0119042 9.99447E-05 0.0055413 9.99447E-05 9.99447E-05 9.99447E-05 0.981066 9.99447E-05 9.99447E-05 0.000658375 9.99447E-05 0.000130631
0.0385237 9.9955E-05 0.0184207 0.0215542 9.9955E-05 0.865797 0.023546 0.00241317 0.029245 9.9955E-05 9.9955E-05 9.9955E-05
9.99371E-05 9.99371E-05 9.99371E-05 0.127216 0.0029552 0.00635415 9.99371E-05 9.99371E-05 0.0220883 9.99371E-05 9.99371E-05 0.840687
0.106206 9.9964E-05 0.00781055 0.194375 0.0404168 9.9964E-05 0.0170462 0.0180246 9.9964E-05 0.0682797 9.9964E-05 0.547442
9.9946E-05 9.9946E-05 0.0452646 0.586141 0.0159402 0.0276422 0.0157179 9.9946E-05 9.9946E-05 9.9946E-05 9.9946E-05 0.308695
0.0479739 9.9946E-05 9.9946E-05 0.0701051 9.9946E-05 9.9946E-05 0.0409222 0.0206551 9.9946E-05 0.0587145 9.9946E-05 0.76103
9.9937E-05 9.9937E-05 9.9937E-05 0.928111 0.0207546 9.9937E-05 0.0247972 0.00567932 9.9937E-05 9.9937E-05 9.9937E-05 0.0199582
9.9928E-05 9.9928E-05 9.9928E-05 0.073787 9.9928E-05 0.0237293 9.9928E-05 9.9928E-05 0.0330927 9.9928E-05 9.9928E-05 0.868592
9.9937E-05 9.9937E-05 9.9937E-05 0.80729 9.9937E-05 0.0692347 9.9937E-05 0.0442149 9.9937E-05 9.9937E-05 0.019467 0.0590936
9.9928E-05 9.9928E-05 0.00210359 0.958439 9.9928E-05 9.9928E-05 9.9928E-05 0.0189592 0.019699 9.9928E-05 9.9928E-05 9.9928E-05
9.9937E-05 9.9937E-05 9.9937E-05 0.0417649 9.9937E-05 0.0335123 9.9937E-05 9.9937E-05 0.0147364 0.0278491 9.9937E-05 0.881438
9.9946E-05 9.9946E-05 0.0221625 0.114088 9.9946E-05 9.9946E-05 0.016979 0.0178027 0.00913898 9.9946E-05 9.9946E-05 0.81923
0.010535 9.9964E-05 0.0102671 0.284397 0.0377301 9.9964E-05 9.9964E-05 9.9964E-05 0.0277884 0.0231838 0.0314505 0.574249
9.99281E-05 9.99281E-05 9.99281E-05 0.0597694 0.0329255 9.99281E-05 0.0253803 9.99281E-05 9.99281E-05 9.99281E-05 9.99281E-05 0.881125
9.99461E-05 0.00265378 0.0549979 0.00971344 9.99461E-05 9.99461E-05 9.99461E-05 0.00362979 9.99461E-05 9.99461E-05 0.0213678 0.907038
0.0167824 9.99371E-05 0.0234093 0.919364 0.0308323 9.99371E-05 9.99371E-05 9.99371E-05 9.99371E-05 9.99371E-05 0.00891293 9.99371E-05
9.9919E-05 9.9919E-05 0.510903 0.412513 9.9919E-05 0.0756847 9.9919E-05 9.9919E-05 9.9919E-05 9.9919E-05 9.9919E-05 9.9919E-05
9.99281E-05 9.99281E-05 0.00337888 0.105063 9.99281E-05 9.99281E-05 9.99281E-05 9.99281E-05 0.046458 9.99281E-05 9.99281E-05 0.8443
9.9955E-05 9.9955E-05 0.0281336 0.734373 0.00855141 0.037418 0.0310399 9.9955E-05 9.9955E-05 0.0355877 9.9955E-05 0.124397
9.9955E-05 0.00315543 9.9955E-05 0.0573196 9.9955E-05 9.9955E-05 0.0112222 0.00471322 0.00867884 9.9955E-05 0.00906397 0.905347
9.9937E-05 9.9937E-05 0.0855727 0.894733 9.9937E-05 9.9937E-05 9.9937E-05 0.00255773 0.00900953 0.0074277 9.9937E-05 9.9937E-05
9.99281E-05 0.0206013 9.99281E-05 0.135101 9.99281E-05 9.99281E-05 9.99281E-05 9.99281E-05 0.00343277 9.99281E-05 9.99281E-05 0.840066
0.0165547 9.99371E-05 0.0447486 0.894911 0.0375678 9.99371E-05 9.99371E-05 9.99371E-05 9.99371E-05 9.99371E-05 0.00551852 9.99371E-05
9.9937E-05 0.0813016 9.9937E-05 9.9937E-05 0.059139 9.9937E-05 9.9937E-05 0.659106 9.9937E-05 0.126426 0.0733274 9.9937E-05
9.9919E-05 0.646496 9.9919E-05 9.9919E-05 9.9919E-05 9.9919E-05 9.9919E-05 9.9919E-05 0.00880962 9.9919E-05 0.343795 9.9919E-05
9.991E-05 0.0375504 0.96145 9.991E-05 9.991E-05 9.991E-05 9.991E-05 9.991E-05 9.991E-05 9.991E-05 9.991E-05 9.991E-05
9.99101E-05 9.99101E-05 9.99101E-05 0.0915134 9.99101E-05 9.99101E-05 9.99101E-05 9.99101E-05 9.99101E-05 9.99101E-05 9.99101E-05 0.907487
0.0377825 9.99281E-05 0.0323872 0.919579 0.00945237 9.99281E-05 9.99281E-05 9.99281E-05 9.99281E-05 9.99281E-05 9.99281E-05 9.99281E-05
0.0165386 9.9964E-05 0.0215886 0.0181463 0.0642897 0.244869 9.9964E-05 0.0333837 0.029058 9.9964E-05 0.571726 9.9964E-05
0.109455 9.9964E-05 0.0627354 0.181886 0.0248994 9.9964E-05 0.0342369 0.0398006 9.9964E-05 0.023835 9.9964E-05 0.522751
0.0300054 9.9964E-05 0.211081 0.27888 9.9964E-05 0.0499845 0.0217346 9.9964E-05 0.017585 0.0303721 9.9964E-05 0.359957
0.00443655 0.0189417 9.9955E-05 0.0847292 0.00641238 9.9955E-05 0.0059736 0.0558721 9.9955E-05 9.9955E-05 9.9955E-05 0.823135
9.99189E-05 0.21146 9.99189E-05 9.99189E-05 9.99189E-05 9.99189E-05 9.99189E-05 9.99189E-05 0.704078 9.99189E-05 0.0835628 9.99189E-05
9.9955E-05 0.0812572 0.0175052 9.9955E-05 0.488992 9.9955E-05 9.9955E-05 0.0402058 0.0265423 0.0806095 0.264388 9.9955E-05
0.372694 9.9928E-05 9.9928E-05 9.9928E-05 9.9928E-05 0.199894 9.9928E-05 0.42481 9.9928E-05 0.00180261 9.9928E-05 9.9928E-05
0.93774 9.9937E-05 0.043889 0.0104092 0.0035464 9.9937E-05 9.9937E-05 9.9937E-05 9.9937E-05 9.9937E-05 0.00371542 9.9937E-05
0.698879 9.99639E-05 0.000950786 0.110793 9.99639E-05 9.99639E-05 0.00927205 0.105961 0.0589867 0.0121478 9.99639E-05 0.0026093
0.998901 9.99009E-05 9.99009E-05 9.99009E-05 9.99009E-05 9.99009E-05 9.99009E-05 9.99009E-05 9.99009E-05 9.99009E-05 9.99009E-05 9.99009E-05
9.99371E-05 0.0194024 0.0236325 0.0139946 9.99371E-05 9.99371E-05 0.942144 9.99371E-05 9.99371E-05 9.99371E-05 9.99371E-05 0.000126581
9.9946E-05 9.9946E-05 9.9946E-05 0.0148684 0.0030738 9.9946E-05 0.958329 0.00602752 0.00589491 9.9946E-05 0.011207 9.9946E-05
9.9937E-05 9.9937E-05 0.614787 0.0437204 9.9937E-05 0.296509 0.0171479 9.9937E-05 9.9937E-05 9.9937E-05 9.9937E-05 0.0271371
9.9937E-05 9.9937E-05 0.128742 0.841242 9.9937E-05 9.9937E-05 0.00228564 0.0196397 9.9937E-05 0.0073906 9.9937E-05 9.9937E-05
0.0269619 9.99396E-05 9.99396E-05 0.0513255 9.99396E-05 9.99396E-05 9.99396E-05 0.00868105 9.99396E-05 0.759078 9.99396E-05 0.153254
9.9928E-05 0.803625 9.9928E-05 9.9928E-05 9.9928E-05 9.9928E-05 9.9928E-05 9.9928E-05 0.0860992 0.106128 0.00334787 9.9928E-05
9.99279E-05 0.341709 9.99279E-05 9.99279E-05 0.185588 9.99279E-05 9.99279E-05 9.99279E-05 9.99279E-05 0.25393 0.217974 9.99279E-05
0.0298333 9.9928E-05 9.9928E-05 9.9928E-05 9.9928E-05 0.948143 9.9928E-05 0.00135103 9.9928E-05 9.9928E-05 0.0198738 9.9928E-05
0.0823486 0.0203705 0.0102254 0.0343932 9.9955E-05 0.656141 0.0178713 0.178151 9.9955E-05 9.9955E-05 9.9955E-05 9.9955E-05
0.0132867 9.9955E-05 0.0954315 9.9955E-05 0.0211439 0.61648 9.9955E-05 0.175967 0.0676726 9.9955E-05 0.00951844 9.9955E-05
0.00762727 9.9919E-05 0.00536492 9.9919E-05 9.9919E-05 9.9919E-05 0.986109 9.9919E-05 9.9919E-05 9.9919E-05 9.9919E-05 9.9919E-05
9.9919E-05 0.735039 9.9919E-05 9.9919E-05 9.9919E-05 9.9919E-05 9.9919E-05 9.9919E-05 9.9919E-05 0.177605 0.0864567 9.9919E-05
9.9919E-05 9.9919E-05 9.9919E-05 0.00768636 9.9919E-05 0.988238 9.9919E-05 9.9919E-05 9.9919E-05 9.9919E-05 9.9919E-05 0.0031765
9.99459E-05 0.0160415 9.99459E-05 9.99459E-05 0.0233593 9.99459E-05 9.99459E-05 0.749938 0.0356482 0.144853 0.0295604 9.99459E-05
9.9928E-05 9.9928E-05 0.163076 0.805086 9.9928E-05 0.0301462 9.9928E-05 9.9928E-05 9.9928E-05 9.9928E-05 9.9928E-05 0.000892332
9.99101E-05 9.99101E-05 0.374589 0.624411 9.99101E-05 9.99101E-05 9.99101E-05 9.99101E-05 9.99101E-05 9.99101E-05 9.99101E-05 9.99101E-05
0.068467 0.0308172 9.9964E-05 9.9964E-05 0.026709 0.0154941 0.791234 0.0253625 0.00734088 9.9964E-05 9.9964E-05 0.0341754
0.0351369 0.0241098 0.00176477 9.9964E-05 0.0227906 0.00794921 0.78434 0.0784209 9.9964E-05 9.9964E-05 9.9964E-05 0.0450884
0.0265078 9.9955E-05 0.0307606 9.9955E-05 0.00900746 0.01674 0.865495 9.9955E-05 0.0305291 9.9955E-05 9.9955E-05 0.0204606
9.99281E-05 0.0203103 9.99281E-05 9.99281E-05 9.99281E-05 0.00978346 0.956143 0.0129642 9.99281E-05 9.99281E-05 9.99281E-05 9.99281E-05
0.0291489 9.9919E-05 9.9919E-05 9.9919E-05 9.9919E-05 9.9919E-05 0.960888 0.00906406 9.9919E-05 9.9919E-05 9.9919E-05 9.9919E-05
0.00508867 9.9946E-05 9.9946E-05 0.0226892 9.9946E-05 0.00681301 0.9491 0.0107413 0.00496806 9.9946E-05 9.9946E-05 9.9946E-05
9.9937E-05 9.9937E-05 9.9937E-05 9.9937E-05 9.9937E-05 0.000744684 0.951234 0.0258948 9.9937E-05 9.9937E-05 0.0088446 0.012582
9.9946E-05 0.00137266 9.9946E-05 0.00561137 0.00928947 9.9946E-05 0.977358 9.9946E-05 9.9946E-05 0.000115397 9.9946E-05 0.00565382
9.9928E-05 9.9928E-05 9.9928E-05 0.029149 0.0108323 9.9928E-05 0.94724 9.9928E-05 9.9928E-05 9.9928E-05 0.0119791 9.9928E-05
9.9919E-05 9.9919E-05 9.9919E-05 9.9919E-05 9.9919E-05 9.9919E-05 0.993638 9.9919E-05 9.9919E-05 0.00407576 0.00138719 9.9919E-05
9.9955E-05 9.9955E-05 0.00370651 0.00803175 0.00678629 0.00761098 0.944874 9.9955E-05 0.0115685 0.016922 9.9955E-05 9.9955E-05
9.99371E-05 9.99371E-05 0.0170187 0.0125586 9.99371E-05 9.99371E-05 0.900329 0.0473138 9.99371E-05 0.0220798 9.99371E-05 9.99371E-05
9.9937E-05 9.9937E-05 0.00200148 0.0153165 9.9937E-05 0.0093626 0.945095 9.9937E-05 9.9937E-05 0.0275244 9.9937E-05 9.9937E-05
9.99192E-05 9.99192E-05 9.99192E-05 0.0690181 9.99192E-05 9.99192E-05 0.539621 9.99192E-05 9.99192E-05 9.99192E-05 9.99192E-05 0.390462
9.99191E-05 9.99191E-05 9.99191E-05 0.0387706 9.99191E-05 9.99191E-05 0.57346 9.99191E-05 9.99191E-05 9.99191E-05 9.99191E-05 0.38687
9.99191E-05 9.99191E-05 0.0047031 9.99191E-05 9.99191E-05 9.99191E-05 0.991511 9.99191E-05 9.99191E-05 9.99191E-05 0.00288643 9.99191E-05
0.0339674 9.9928E-05 9.9928E-05 9.9928E-05 9.9928E-05 9.9928E-05 0.937589 0.0127333 9.9928E-05 0.014911 9.9928E-05 9.9928E-05
0.035295 0.00398691 9.9937E-05 9.9937E-05 9.9937E-05 9.9937E-05 0.911914 0.0192167 0.0288878 9.9937E-05 9.9937E-05 9.9937E-05
9.9955E-05 0.0202149 0.00181872 0.00454546 9.9955E-05 9.9955E-05 0.93713 0.0173413 9.9955E-05 0.0117116 9.9955E-05 0.00673836
9.99105E-05 9.99105E-05 9.99105E-05 9.99105E-05 9.99105E-05 9.99105E-05 0.993461 0.00553966 9.99105E-05 9.99105E-05 9.99105E-05 9.99105E-05
9.99191E-05 9.99191E-05 9.99191E-05 0.0419276 9.99191E-05 9.99191E-05 0.53582 9.99191E-05 9.99191E-05 9.99191E-05 9.99191E-05 0.421354
0.0202457 0.0242383 9.9955E-05 0.0306199 0.0234279 9.9955E-05 0.850906 9.9955E-05 0.0105617 9.9955E-05 9.9955E-05 0.0395011
9.9946E-05 0.00285345 0.0245155 9.9946E-05 9.9946E-05 0.0502073 0.905581 0.00591147 9.9946E-05 9.9946E-05 0.010332 9.9946E-05
0.0513862 9.9937E-05 9.9937E-05 9.9937E-05 0.00460293 0.00407101 0.93409 0.00515036 9.9937E-05 9.9937E-05 9.9937E-05 9.9937E-05
0.00386185 0.00984831 9.9946E-05 9.9946E-05 9.9946E-05 9.9946E-05 0.921224 0.0258638 9.9946E-05 0.00880209 0.0297999 9.9946E-05
0.0291893 0.000463523 9.9973E-05 0.0279665 0.0195279 0.0134254 0.867098 0.0163458 9.9973E-05 0.00116986 9.9973E-05 0.0245138
0.0251395 9.9946E-05 9.9946E-05 9.9946E-05 0.0122897 0.00687233 0.940153 0.00311354 0.0118318 9.9946E-05 9.9946E-05 9.9946E-05
9.9937E-05 0.0426179 0.000225101 9.9937E-05 9.9937E-05 0.164342 9.9937E-05 9.9937E-05 0.239595 9.9937E-05 9.9937E-05 0.55252
9.9946E-05 9.9946E-05 9.9946E-05 9.9946E-05 0.00659684 9.9946E-05 0.921496 9.9946E-05 0.0422318 0.0160539 0.00310344 0.00991829
9.9937E-05 9.9937E-05 9.9937E-05 0.0101224 9.9937E-05 9.9937E-05 0.968951 0.00599505 0.0067731 9.9937E-05 9.9937E-05 0.0074588
0.0243397 9.9973E-05 9.9973E-05 0.00545939 0.00519784 0.0208292 0.711202 9.9973E-05 0.0297667 0.0442854 0.092706 0.0659135
9.991E-05 9.991E-05 0.00292948 9.991E-05 9.991E-05 9.991E-05 0.996071 9.991E-05 9.991E-05 9.991E-05 9.991E-05 9.991E-05
9.9919E-05 9.9919E-05 9.9919E-05 9.9919E-05 9.9919E-05 0.00719724 0.976194 9.9919E-05 9.9919E-05 9.9919E-05 9.9919E-05 0.0157092
0.0397815 9.99461E-05 9.99461E-05 0.00708979 9.99461E-05 9.99461E-05 0.929188 0.00588609 9.99461E-05 0.00843798 9.99461E-05 0.00901677
0.0122242 0.0133434 0.00781402 9.9946E-05 0.00483754 9.9946E-05 0.958533 9.9946E-05 9.9946E-05 9.9946E-05 9.9946E-05 0.002648
0.015991 9.9964E-05 0.0560575 9.9964E-05 0.0168666 0.01282 0.0272061 9.9964E-05 9.9964E-05 0.00247931 0.00602479 0.862155
9.99011E-05 9.99011E-05 9.99011E-05 9.99011E-05 9.99011E-05 9.99011E-05 0.998901 9.99011E-05 9.99011E-05 9.99011E-05 9.99011E-05 9.99011E-05
0.0120377 9.9928E-05 9.9928E-05 9.9928E-05 0.0112017 9.9928E-05 0.947059 0.0289019 9.9928E-05 9.9928E-05 9.9928E-05 9.9928E-05
9.99011E-05 9.99011E-05 9.99011E-05 9.99011E-05 9.99011E-05 9.99011E-05 0.998901 9.99011E-05 9.99011E-05 9.99011E-05 9.99011E-05 9.99011E-05
9.99189E-05 9.99189E-05 0.394639 9.99189E-05 9.99189E-05 9.99189E-05 9.99189E-05 9.99189E-05 0.0252514 9.99189E-05 9.99189E-05 0.579211
9.99371E-05 0.0176176 9.99371E-05 9.99371E-05 0.0129177 9.99371E-05 0.937529 0.00510322 9.99371E-05 9.99371E-05 9.99371E-05 0.026133
0.00184481 9.9955E-05 0.00549387 0.0335674 0.000565569 9.9955E-05 0.927408 9.9955E-05 0.0206745 9.9955E-05 0.00994662 9.9955E-05
0.00428976 9.9937E-05 9.9937E-05 9.9937E-05 9.9937E-05 9.9937E-05 0.968985 9.9937E-05 0.0035497 9.9937E-05 0.0131388 0.00933735
9.9928E-05 9.9928E-05 0.00287766 0.00710267 9.9928E-05 9.9928E-05 0.988812 0.000408161 9.9928E-05 9.9928E-05 9.9928E-05 9.9928E-05
0.0550731 9.9946E-05 9.9946E-05 0.268939 9.9946E-05 0.0246512 0.0263932 9.9946E-05 9.9946E-05 0.0229168 9.9946E-05 0.601427
9.99101E-05 9.99101E-05 0.000983727 9.99101E-05 9.99101E-05 9.99101E-05 0.998017 9.99101E-05 9.99101E-05 9.99101E-05 9.99101E-05 9.99101E-05
0.00408386 0.00316554 0.00514004 9.9946E-05 9.9946E-05 9.9946E-05 0.906165 0.0374333 0.043413 9.9946E-05 9.9946E-05 9.9946E-05
9.99191E-05 9.99191E-05 9.99191E-05 0.0510223 9.99191E-05 9.99191E-05 0.496511 9.99191E-05 9.99191E-05 9.99191E-05 9.99191E-05 0.451567
9.99371E-05 9.99371E-05 0.00267425 0.00410941 9.99371E-05 9.99371E-05 0.986141 9.99371E-05 9.99371E-05 9.99371E-05 0.00406647 0.00230908
9.99459E-05 9.99459E-05 0.1422 0.605107 9.99459E-05 0.0041887 0.0260049 9.99459E-05 9.99459E-05 0.0447618 9.99459E-05 0.177138
9.9937E-05 0.0157223 0.0974865 0.61659 9.9937E-05 9.9937E-05 9.9937E-05 9.9937E-05 9.9937E-05 0.0315783 9.9937E-05 0.237923
0.010743 9.9964E-05 0.161989 0.751735 9.9964E-05 0.0010313 0.00850011 0.00981611 0.04222 9.9964E-05 0.0135665 9.9964E-05
9.9946E-05 0.0152236 0.0189694 0.0277663 9.9946E-05 0.0435951 0.00412972 9.9946E-05 9.9946E-05 9.9946E-05 9.9946E-05 0.889716
0.0748107 0.0187118 0.0300153 0.00836088 0.0254607 0.749161 0.0673319 9.9964E-05 9.9964E-05 0.0257481 9.9964E-05 9.9964E-05
9.9955E-05 0.0134451 0.0844472 0.810567 9.9955E-05 0.00127635 0.0304403 9.9955E-05 9.9955E-05 9.9955E-05 0.0243387 0.0349858
9.9964E-05 0.0187661 0.171411 0.212002 0.0590896 0.309025 9.9964E-05 9.9964E-05 0.0119679 0.0319666 9.9964E-05 0.185373
9.9946E-05 0.0463825 0.0858832 0.686203 9.9946E-05 9.9946E-05 0.0442385 9.9946E-05 9.9946E-05 9.9946E-05 0.0205041 0.116189
9.9955E-05 0.025657 9.9955E-05 0.645339 0.0238499 0.0423706 9.9955E-05 9.9955E-05 0.0132285 0.0147418 9.9955E-05 0.234314
0.00519522 9.9973E-05 0.120861 0.642405 0.0046902 9.9973E-05 0.0163642 0.00134037 9.9973E-05 0.0119696 0.00470051 0.192174
0.00182757 0.0250931 0.0726166 0.548647 0.0700683 0.0115029 9.9973E-05 9.9973E-05 0.00250817 0.065738 9.9973E-05 0.201698
9.9955E-05 0.05106 0.00507473 0.59884 0.0181612 9.9955E-05 0.0231982 9.9955E-05 9.9955E-05 0.000583791 9.9955E-05 0.302582
9.9928E-05 0.0253709 0.0841743 0.85496 9.9928E-05 9.9928E-05 0.0346953 9.9928E-05 9.9928E-05 9.9928E-05 9.9928E-05 9.9928E-05
9.99551E-05 9.99551E-05 0.254163 0.639427 0.0103322 0.0619827 0.027666 9.99551E-05 0.00513295 9.99551E-05 0.000796313 9.99551E-05
9.99461E-05 9.99461E-05 0.227338 0.681671 0.00277484 0.0712514 0.000722898 9.99461E-05 0.0156422 9.99461E-05 9.99461E-05 9.99461E-05
0.0124481 9.9982E-05 0.0177694 0.0670285 0.0426989 0.0179568 0.0606963 0.017962 9.9982E-05 0.0269802 0.00795052 0.728309
9.9928E-05 9.9928E-05 9.9928E-05 0.00713922 9.9928E-05 9.9928E-05 0.006629 9.9928E-05 9.9928E-05 0.0217966 0.963636 9.9928E-05
9.9946E-05 9.9946E-05 9.9946E-05 9.9946E-05 9.9946E-05 9.9946E-05 0.00817879 0.0561422 0.00245064 0.0563594 0.869764 0.0065053
0.069674 0.575792 0.0100319 0.00279181 0.0250116 9.9982E-05 0.00395796 0.0115814 0.00305907 0.056372 0.241528 9.9982E-05
0.000740969 9.9973E-05 0.0947274 0.0479923 0.0277318 0.303643 0.0916135 9.9973E-05 9.9973E-05 0.0861645 0.030464 0.316623
9.9946E-05 0.0229803 9.9946E-05 9.9946E-05 0.00470893 9.9946E-05 9.9946E-05 0.0401455 0.0241284 0.0112194 0.896218 9.9946E-05
9.9955E-05 0.0365398 0.00523105 0.0200899 9.9955E-05 9.9955E-05 9.9955E-05 0.0449979 0.031522 0.0153942 0.845725 9.9955E-05
9.9973E-05 0.0205239 0.521904 0.0185662 9.9973E-05 0.105563 0.116207 0.0151292 9.9973E-05 0.0123721 0.0388302 0.150604
9.9955E-05 0.372044 9.9955E-05 9.9955E-05 0.240845 0.0062773 0.00428869 0.0166287 9.9955E-05 0.141571 0.217846 9.9955E-05
9.9973E-05 0.379464 9.9973E-05 0.00891927 0.282486 0.0016079 0.0250021 0.0110082 9.9973E-05 0.115725 0.140743 0.0347444
9.9955E-05 0.419085 9.9955E-05 9.9955E-05 0.36508 0.0132204 0.00492995 0.0254588 9.9955E-05 0.0774012 0.0943247 9.9955E-05
0.0187814 0.246836 9.9964E-05 9.9964E-05 0.528723 0.0289216 0.0257028 0.0559739 9.9964E-05 0.0370112 9.9964E-05 0.0576508
9.99549E-05 0.272515 9.99549E-05 0.0138097 0.558857 9.99549E-05 0.0386096 0.0825314 9.99549E-05 0.00625378 9.99549E-05 0.0269237
9.9973E-05 0.423692 9.9973E-05 0.0229997 0.384048 0.0153406 9.9973E-05 0.0162817 0.0435026 0.0172121 0.0508337 0.0257899
0.0889688 9.99459E-05 9.99459E-05 9.99459E-05 0.0317843 0.779507 0.00884084 0.0547422 0.0355573 9.99459E-05 9.99459E-05 9.99459E-05
9.9955E-05 0.660759 0.0124664 9.9955E-05 0.014536 9.9955E-05 0.000849418 0.0407341 9.9955E-05 9.9955E-05 0.260846 0.00930955
0.00517014 9.9964E-05 0.0387507 0.0109995 9.9964E-05 0.0175703 0.0113891 0.0654277 9.9964E-05 9.9964E-05 0.0044404 0.845852
0.000129974 0.00928019 0.0178395 9.9955E-05 9.9955E-05 0.0243832 0.0293883 9.9955E-05 0.0303595 9.9955E-05 9.9955E-05 0.88812
0.0114822 0.79701 9.9955E-05 9.9955E-05 9.9955E-05 9.9955E-05 0.00894288 0.00140174 0.0225624 0.070564 0.0875366 9.9955E-05
0.0840973 0.148561 0.0535398 0.0733901 0.060833 0.0812295 0.0918943 0.0690032 0.00494139 0.055772 0.0574876 0.219251
0.0448806 9.9973E-05 9.9973E-05 0.0690094 0.0238175 0.774696 0.0160581 0.00504472 9.9973E-05 0.0164121 0.0243306 0.0254512
9.9946E-05 0.020767 0.890784 9.9946E-05 0.043803 9.9946E-05 9.9946E-05 9.9946E-05 0.014883 9.9946E-05 0.00703738 0.0221261
9.9955E-05 9.9955E-05 0.0480169 0.0753419 0.017961 0.0261152 9.9955E-05 9.9955E-05 0.0548634 0.0237389 9.9955E-05 0.753463
9.9946E-05 9.9946E-05 0.687791 9.9946E-05 0.0365846 9.9946E-05 0.0204179 9.9946E-05 0.00874083 9.9946E-05 0.213249 0.0326176
0.0374336 9.9964E-05 0.102383 9.9964E-05 0.00932132 0.715042 0.0170882 9.9964E-05 9.9964E-05 0.0305743 0.0569815 0.0307767
0.0303745 9.9973E-05 0.0103545 9.9973E-05 0.175251 0.00930917 0.0107104 0.00203152 0.0274898 9.9973E-05 0.693534 0.0406457
0.129248 0.00225785 9.9937E-05 9.9937E-05 9.9937E-05 0.846791 9.9937E-05 9.9937E-05 9.9937E-05 0.00431755 0.0166859 9.9937E-05
0.149637 9.9964E-05 0.0547197 0.09233 0.0361443 9.9964E-05 0.0527256 0.207404 9.9964E-05 0.336311 9.9964E-05 0.070329
9.9937E-05 9.9937E-05 0.0761064 9.9937E-05 9.9937E-05 0.0167074 0.0214807 9.9937E-05 0.00976924 9.9937E-05 9.9937E-05 0.875237
9.9946E-05 0.596227 9.9946E-05 0.00797372 9.9946E-05 9.9946E-05 0.0545938 0.0279458 9.9946E-05 9.9946E-05 0.307814 0.00484683
9.99369E-05 0.378088 0.574716 0.0277199 0.00872214 9.99369E-05 9.99369E-05 9.99369E-05 0.0100547 9.99369E-05 9.99369E-05 9.99369E-05
0.0131292 0.88691 0.0142413 0.010691 0.00881116 9.9955E-05 0.047092 9.9955E-05 9.9955E-05 9.9955E-05 9.9955E-05 0.0186257
0.0499047 9.9973E-05 0.30363 0.0578156 0.0148705 0.242038 0.0267424 9.9973E-05 0.205511 9.9973E-05 0.0652888 0.0338987
9.991E-05 0.990162 9.991E-05 9.991E-05 9.991E-05 9.991E-05 0.00883846 9.991E-05 9.991E-05 9.991E-05 9.991E-05 9.991E-05
0.0317573 0.0228877 9.9928E-05 0.0723277 9.9928E-05 0.872228 9.9928E-05 9.9928E-05 9.9928E-05 9.9928E-05 9.9928E-05 9.9928E-05
0.0230769 0.791907 0.0229819 0.00185625 0.0309585 0.00980084 0.0118954 0.0388912 0.00638679 9.9982E-05 9.9982E-05 0.0620454
9.9973E-05 0.796629 0.0346816 0.0214804 0.0279918 0.0474349 0.0396172 0.0232714 0.0067833 0.00181005 9.9973E-05 9.9973E-05
9.9964E-05 0.0761897 0.00418165 0.0147387 0.000693766 0.0479489 0.0118334 9.9964E-05 0.0041868 9.9964E-05 9.9964E-05 0.839827
0.00279891 9.9982E-05 0.0688676 0.0807556 0.0037732 0.0322825 9.9982E-05 0.0345337 0.0353632 0.0780089 0.288936 0.374481
9.9964E-05 0.0400401 0.385976 9.9964E-05 0.0237791 0.130237 0.0274757 9.9964E-05 0.0390789 9.9964E-05 0.0313381 0.321675
9.9973E-05 0.0612661 9.9973E-05 0.043802 0.778884 0.0133893 0.00752503 0.01881 0.0389246 0.0328241 9.9973E-05 0.00427459
9.9946E-05 0.00661543 0.021972 0.005035 0.897289 9.9946E-05 9.9946E-05 0.0239038 9.9946E-05 0.0445846 9.9946E-05 9.9946E-05
9.9964E-05 0.0140434 9.9964E-05 9.9964E-05 0.82508 0.0174554 0.00146601 0.021227 0.0132351 0.059177 9.9964E-05 0.0479162
0.00524588 0.0105559 9.9982E-05 0.021965 0.808064 0.029362 0.0308656 0.0236767 0.0236322 0.0408618 9.9982E-05 0.00557076
9.9928E-05 9.9928E-05 9.9928E-05 9.9928E-05 0.0279895 9.9928E-05 9.9928E-05 9.9928E-05 0.00359552 0.0399155 9.9928E-05 0.9277
9.9955E-05 0.0114004 9.9955E-05 0.0254556 9.9955E-05 9.9955E-05 0.0241842 0.0358519 0.00626397 0.046588 9.9955E-05 0.849756
0.0650415 9.99549E-05 9.99549E-05 0.09445 0.0333433 0.0172496 0.0198102 9.99549E-05 0.0349019 9.99549E-05 9.99549E-05 0.734704
0.005286 0.252279 9.9964E-05 9.9964E-05 0.384629 0.0134295 9.9964E-05 0.0258293 0.0817807 0.0319671 0.2044 9.9964E-05
0.036423 0.111044 0.0271034 0.131859 0.0215548 0.00892302 0.0874304 0.100667 0.101133 0.0773164 0.121782 0.174765
0.0446552 9.9964E-05 0.0236763 9.9964E-05 0.0231942 0.0120548 0.127396 0.143741 9.9964E-05 0.287527 9.9964E-05 0.337356
0.0556973 0.00427001 9.9964E-05 0.0937586 9.9964E-05 9.9964E-05 0.014413 0.0432061 0.0336207 0.0486471 9.9964E-05 0.705987
0.0541631 9.9955E-05 0.0203152 0.0700274 9.9955E-05 9.9955E-05 0.0753712 0.0502291 9.9955E-05 0.137335 9.9955E-05 0.592059
9.9955E-05 9.9955E-05 0.00162087 9.9955E-05 0.0248007 9.9955E-05 0.0235761 0.0671567 0.0200899 0.157359 9.9955E-05 0.704897
9.9955E-05 9.9955E-05 0.0465508 0.0052787 9.9955E-05 9.9955E-05 0.146747 0.085339 9.9955E-05 0.237209 0.0285758 0.449801
9.99549E-05 9.99549E-05 0.0097002 0.0610378 0.0251946 0.00665389 9.99549E-05 0.816539 0.0727901 9.99549E-05 0.00758444 9.99549E-05
9.9955E-05 9.9955E-05 0.353855 0.540372 9.9955E-05 0.0382588 9.9955E-05 0.00862786 0.00275709 0.048128 9.9955E-05 0.00750138
0.00186019 9.9964E-05 0.284634 0.336429 0.0158046 0.0797197 0.045049 9.9964E-05 0.0103904 9.9964E-05 9.9964E-05 0.225713
0.00534815 0.919326 9.9946E-05 0.000381467 9.9946E-05 9.9946E-05 9.9946E-05 9.9946E-05 0.017242 0.0553046 0.0017985 9.9946E-05
9.9928E-05 0.833852 9.9928E-05 9.9928E-05 9.9928E-05 9.9928E-05 9.9928E-05 0.0165509 0.041682 0.107116 9.9928E-05 9.9928E-05
9.9946E-05 0.81463 9.9946E-05 0.0102446 9.9946E-05 9.9946E-05 9.9946E-05 0.0201351 0.0358414 0.117906 9.9946E-05 0.000643152
0.0173703 0.30118 9.9955E-05 9.9955E-05 0.145235 9.9955E-05 9.9955E-05 0.0822899 0.0582744 0.212984 0.182166 9.9955E-05
9.99188E-05 0.0313673 9.99188E-05 9.99188E-05 9.99188E-05 9.99188E-05 9.99188E-05 9.99188E-05 0.00727351 0.96046 9.99188E-05 9.99188E-05
9.99097E-05 0.00376175 9.99097E-05 9.99097E-05 9.99097E-05 9.99097E-05 9.99097E-05 9.99097E-05 9.99097E-05 0.995239 9.99097E-05 9.99097E-05
0.0310967 9.99459E-05 9.99459E-05 0.0315364 0.00904253 9.99459E-05 9.99459E-05 0.0389006 9.99459E-05 0.0414917 9.99459E-05 0.847332
0.0149146 0.010596 9.99639E-05 0.0347252 0.0141773 9.99639E-05 9.99639E-05 0.0605176 9.99639E-05 0.0555553 0.0294751 0.779639
9.9946E-05 0.00678157 9.9946E-05 0.0319001 9.9946E-05 0.00977184 0.00291481 0.0309536 9.9946E-05 9.9946E-05 9.9946E-05 0.917078
0.0236819 0.0224647 0.196068 9.9937E-05 9.9937E-05 0.70619 9.9937E-05 0.0508959 9.9937E-05 9.9937E-05 9.9937E-05 9.9937E-05
9.9937E-05 0.903908 0.0128557 9.9937E-05 0.0306849 0.0132368 0.0386154 9.9937E-05 9.9937E-05 9.9937E-05 9.9937E-05 9.9937E-05
0.0174038 0.909313 9.9937E-05 9.9937E-05 0.00996172 9.9937E-05 0.0308021 9.9937E-05 9.9937E-05 9.9937E-05 0.0318202 9.9937E-05
9.9928E-05 0.852492 0.0178285 9.9928E-05 0.0259108 9.9928E-05 9.9928E-05 9.9928E-05 9.9928E-05 9.9928E-05 0.102969 9.9928E-05
0.00125821 0.770209 0.0685463 9.9946E-05 0.0284483 9.9946E-05 9.9946E-05 9.9946E-05 0.00467956 9.9946E-05 0.126259 9.9946E-05
0.0320425 0.813625 0.0214111 9.9964E-05 0.0130741 9.9964E-05 0.00583822 9.9964E-05 0.0231597 9.9964E-05 0.0877994 0.00265024
9.9919E-05 0.0393822 0.947822 9.9919E-05 9.9919E-05 9.9919E-05 9.9919E-05 9.9919E-05 9.9919E-05 9.9919E-05 0.011896 9.9919E-05
9.9964E-05 0.088954 9.9964E-05 9.9964E-05 0.0769529 0.00763654 0.0759097 9.9964E-05 0.125459 0.262519 0.325641 0.0365285
9.9919E-05 9.9919E-05 0.0236183 9.9919E-05 9.9919E-05 0.956195 9.9919E-05 9.9919E-05 9.9919E-05 0.0192879 9.9919E-05 9.9919E-05
0.0226045 0.0215881 0.954908 9.9919E-05 9.9919E-05 9.9919E-05 9.9919E-05 9.9919E-05 9.9919E-05 9.9919E-05 9.9919E-05 9.9919E-05
9.99279E-05 9.99279E-05 0.0285548 9.99279E-05 9.99279E-05 0.0613304 9.99279E-05 9.99279E-05 0.187256 9.99279E-05 9.99279E-05 0.72206
9.99098E-05 9.99098E-05 0.957793 0.0412083 9.99098E-05 9.99098E-05 9.99098E-05 9.99098E-05 9.99098E-05 9.99098E-05 9.99098E-05 9.99098E-05
9.99008E-05 9.99008E-05 0.998901 9.99008E-05 9.99008E-05 9.99008E-05 9.99008E-05 9.99008E-05 9.99008E-05 9.99008E-05 9.99008E-05 9.99008E-05
9.99008E-05 9.99008E-05 0.998901 9.99008E-05 9.99008E-05 9.99008E-05 9.99008E-05 9.99008E-05 9.99008E-05 9.99008E-05 9.99008E-05 9.99008E-05
9.9928E-05 0.926208 9.9928E-05 0.0296773 9.9928E-05 9.9928E-05 0.0392211 9.9928E-05 9.9928E-05 9.9928E-05 9.9928E-05 0.00409427
0.011456 0.948595 0.0219372 9.9928E-05 9.9928E-05 0.0172122 9.9928E-05 9.9928E-05 9.9928E-05 9.9928E-05 9.9928E-05 9.9928E-05
9.99189E-05 0.135219 9.99189E-05 9.99189E-05 9.99189E-05 9.99189E-05 9.99189E-05 9.99189E-05 0.818003 9.99189E-05 0.0458795 9.99189E-05
0.00355347 0.868077 0.0178837 9.9964E-05 0.0152571 9.9964E-05 0.0337005 0.00991479 0.0262078 9.9964E-05 0.0250054 9.9964E-05
9.99009E-05 0.998901 9.99009E-05 9.99009E-05 9.99009E-05 9.99009E-05 9.99009E-05 9.99009E-05 9.99009E-05 9.99009E-05 9.99009E-05 9.99009E-05
9.9919E-05 0.243294 0.619243 9.9919E-05 9.9919E-05 9.9919E-05 9.9919E-05 9.9919E-05 9.9919E-05 9.9919E-05 0.136564 9.9919E-05
0.00502235 0.749173 9.9955E-05 0.00597228 0.0192815 9.9955E-05 9.9955E-05 9.9955E-05 9.9955E-05 0.117438 0.099219 0.00339426
0.00585872 0.714227 9.9946E-05 9.9946E-05 0.00936327 9.9946E-05 9.9946E-05 9.9946E-05 9.9946E-05 0.145273 0.0941914 0.0304869
0.211379 0.111057 9.9973E-05 0.0146529 9.9973E-05 9.9973E-05 0.0118882 0.0258354 0.123794 0.366311 0.107469 0.0273134
0.0328622 9.9955E-05 0.129954 9.9955E-05 0.0064052 0.814787 0.00936052 9.9955E-05 9.9955E-05 0.00325472 9.9955E-05 0.00287686
9.9937E-05 0.588633 0.149772 9.9937E-05 9.9937E-05 0.0231684 9.9937E-05 9.9937E-05 0.0515882 9.9937E-05 0.186139 9.9937E-05
9.9955E-05 9.9955E-05 0.0467187 9.9955E-05 0.057056 0.0202325 0.409217 9.9955E-05 0.00483716 9.9955E-05 0.179634 0.281804
9.9919E-05 0.506046 0.205234 9.9919E-05 9.9919E-05 9.9919E-05 9.9919E-05 9.9919E-05 9.9919E-05 9.9919E-05 0.287821 9.9919E-05
9.9928E-05 0.960808 0.0165077 9.9928E-05 9.9928E-05 9.9928E-05 0.000762261 0.0211225 9.9928E-05 9.9928E-05 9.9928E-05 9.9928E-05
9.9919E-05 9.9919E-05 0.990906 0.00291183 0.00528273 9.9919E-05 9.9919E-05 9.9919E-05 9.9919E-05 9.9919E-05 9.9919E-05 9.9919E-05
0.0218343 0.236514 0.573675 0.125833 9.9946E-05 9.9946E-05 9.9946E-05 0.0308005 9.9946E-05 9.9946E-05 0.0107433 9.9946E-05
0.104407 9.9937E-05 0.0545513 9.9937E-05 9.9937E-05 0.807168 9.9937E-05 0.0255781 9.9937E-05 9.9937E-05 9.9937E-05 0.0075963
0.0804577 9.991E-05 9.991E-05 9.991E-05 9.991E-05 9.991E-05 9.991E-05 0.918543 9.991E-05 9.991E-05 9.991E-05 9.991E-05
0.0060631 9.99371E-05 0.0285965 0.957734 9.99371E-05 9.99371E-05 9.99371E-05 9.99371E-05 9.99371E-05 0.00231223 9.99371E-05 0.00459441
0.915269 9.9919E-05 0.02376 0.060072 9.9919E-05 9.9919E-05 9.9919E-05 9.9919E-05 9.9919E-05 9.9919E-05 9.9919E-05 9.9919E-05
0.015834 0.0309318 0.0400516 0.0385024 9.9946E-05 0.853943 9.9946E-05 0.0201371 9.9946E-05 9.9946E-05 9.9946E-05 9.9946E-05
9.9946E-05 0.0391401 0.0870299 0.0340419 9.9946E-05 0.824781 9.9946E-05 0.0096724 9.9946E-05 9.9946E-05 9.9946E-05 0.00473541
0.97143 9.99189E-05 9.99189E-05 9.99189E-05 9.99189E-05 9.99189E-05 9.99189E-05 0.00416408 0.0235067 9.99189E-05 9.99189E-05 9.99189E-05
9.99459E-05 9.99459E-05 0.216402 0.125283 0.0220683 0.0561321 9.99459E-05 0.45517 0.124345 9.99459E-05 9.99459E-05 9.99459E-05
0.077978 9.9919E-05 0.0667328 9.9919E-05 9.9919E-05 0.85439 9.9919E-05 9.9919E-05 9.9919E-05 9.9919E-05 9.9919E-05 9.9919E-05
0.203485 0.0862051 9.9964E-05 9.9964E-05 9.9964E-05 9.9964E-05 0.032428 0.0338392 0.0782096 0.360635 0.145733 0.059066
9.9928E-05 9.9928E-05 9.9928E-05 0.0369709 9.9928E-05 0.0497866 0.0166949 9.9928E-05 9.9928E-05 9.9928E-05 9.9928E-05 0.895748
9.99279E-05 9.99279E-05 0.0193655 9.99279E-05 9.99279E-05 0.0822761 9.99279E-05 9.99279E-05 0.173085 9.99279E-05 9.99279E-05 0.724474
9.9901E-05 9.9901E-05 9.9901E-05 9.9901E-05 9.9901E-05 9.9901E-05 0.998901 9.9901E-05 9.9901E-05 9.9901E-05 9.9901E-05 9.9901E-05
9.9946E-05 0.0299895 9.9946E-05 0.00999018 0.00415393 0.14587 9.9946E-05 9.9946E-05 0.172699 9.9946E-05 9.9946E-05 0.636698
9.9937E-05 9.9937E-05 0.0340146 0.0531222 9.9937E-05 0.0679403 0.00638455 9.9937E-05 9.9937E-05 9.9937E-05 9.9937E-05 0.837839
9.9937E-05 0.0112024 0.00866021 0.052773 9.9937E-05 0.580598 9.9937E-05 9.9937E-05 9.9937E-05 9.9937E-05 9.9937E-05 0.346067
9.9937E-05 9.9937E-05 0.0572529 0.0628699 9.9937E-05 0.0212988 0.0202125 9.9937E-05 9.9937E-05 9.9937E-05 9.9937E-05 0.837666
0.0158094 9.9973E-05 0.0228469 0.532861 0.0429217 0.00337513 0.0492281 0.114757 0.0166876 9.9973E-05 9.9973E-05 0.201214
0.00833979 9.9964E-05 0.0390602 9.9964E-05 0.00579753 9.9964E-05 0.00344431 9.9964E-05 0.000706216 0.025442 0.0214782 0.895332
0.314661 9.99459E-05 9.99459E-05 0.0721012 9.99459E-05 9.99459E-05 0.0827164 0.151269 9.99459E-05 0.292798 9.99459E-05 0.0858556
0.686092 9.9955E-05 0.0452401 0.0856284 0.0318292 9.9955E-05 9.9955E-05 9.9955E-05 9.9955E-05 0.0668822 0.00325663 0.0805721
0.0528568 9.9973E-05 0.186295 0.15024 9.9973E-05 0.101956 0.018194 0.153234 0.00991843 0.1698 9.9973E-05 0.157205
0.0330563 0.0289743 0.0279777 0.0556327 9.9946E-05 9.9946E-05 9.9946E-05 0.0166339 9.9946E-05 9.9946E-05 9.9946E-05 0.837125
0.0240355 0.846235 9.9928E-05 9.9928E-05 9.9928E-05 9.9928E-05 0.0209629 9.9928E-05 9.9928E-05 9.9928E-05 0.107967 9.9928E-05
0.0130635 9.99281E-05 0.035965 0.939014 9.99281E-05 9.99281E-05 9.99281E-05 9.99281E-05 0.0111576 9.99281E-05 9.99281E-05 9.99281E-05
0.216784 9.99459E-05 9.99459E-05 0.026841 9.99459E-05 9.99459E-05 0.0494931 0.247187 9.99459E-05 0.355214 9.99459E-05 0.103881
0.0272834 9.9937E-05 0.0267382 0.912228 9.9937E-05 0.018168 9.9937E-05 0.0148831 9.9937E-05 9.9937E-05 9.9937E-05 9.9937E-05
9.9919E-05 0.778963 9.9919E-05 9.9919E-05 9.9919E-05 9.9919E-05 9.9919E-05 9.9919E-05 9.9919E-05 0.13951 0.0806273 9.9919E-05
9.9937E-05 9.9937E-05 0.0367163 9.9937E-05 9.9937E-05 0.942278 0.00773316 9.9937E-05 9.9937E-05 0.00697501 0.00559806 9.9937E-05
0.011284 9.9937E-05 9.9937E-05 9.9937E-05 9.9937E-05 0.0163878 0.959035 9.9937E-05 0.00493864 9.9937E-05 0.00765525 9.9937E-05
0.0253656 9.9973E-05 0.00966405 9.9973E-05 9.9973E-05 0.0424605 0.680196 0.00125605 0.00729374 0.0567591 0.120681 0.0560242
9.99281E-05 9.99281E-05 9.99281E-05 9.99281E-05 9.99281E-05 0.0217779 0.0352566 0.01686 9.99281E-05 9.99281E-05 9.99281E-05 0.925306
9.9946E-05 9.9946E-05 0.351578 0.257931 9.9946E-05 0.10862 0.0189628 9.9946E-05 0.0102351 9.9946E-05 9.9946E-05 0.252073
9.9901E-05 9.9901E-05 9.9901E-05 9.9901E-05 9.9901E-05 0.998901 9.9901E-05 9.9901E-05 9.9901E-05 9.9901E-05 9.9901E-05 9.9901E-05
9.9901E-05 9.9901E-05 9.9901E-05 9.9901E-05 9.9901E-05 0.998901 9.9901E-05 9.9901E-05 9.9901E-05 9.9901E-05 9.9901E-05 9.9901E-05
9.99639E-05 0.0209067 0.38081 0.273294 0.0369749 0.0601052 9.99639E-05 0.0197207 0.1542 9.99639E-05 0.0535884 9.99639E-05
9.9946E-05 9.9946E-05 0.294372 0.351267 9.9946E-05 0.0759299 0.0155932 9.9946E-05 9.9946E-05 0.00858192 9.9946E-05 0.253656
9.9928E-05 0.811044 9.9928E-05 9.9928E-05 9.9928E-05 9.9928E-05 9.9928E-05 0.00760484 0.0551049 0.125447 9.9928E-05 9.9928E-05
9.99097E-05 0.00331403 9.99097E-05 9.99097E-05 9.99097E-05 9.99097E-05 9.99097E-05 9.99097E-05 9.99097E-05 0.995687 9.99097E-05 9.99097E-05
9.9928E-05 0.469468 9.9928E-05 9.9928E-05 0.193885 9.9928E-05 9.9928E-05 9.9928E-05 9.9928E-05 0.2378 0.0980476 9.9928E-05
9.9955E-05 0.00988444 0.035859 9.9955E-05 0.282291 9.9955E-05 0.0408866 9.9955E-05 9.9955E-05 0.44488 0.180167 0.00553194
9.99461E-05 9.99461E-05 0.0219144 9.99461E-05 0.281589 0.034381 0.0166758 9.99461E-05 9.99461E-05 0.488113 0.156727 9.99461E-05
9.99369E-05 0.18368 9.99369E-05 9.99369E-05 0.194921 0.0136893 9.99369E-05 9.99369E-05 9.99369E-05 0.353015 0.253994 9.99369E-05
9.99006E-05 9.99006E-05 9.99006E-05 9.99006E-05 9.99006E-05 9.99006E-05 9.99006E-05 9.99006E-05 9.99006E-05 0.998901 9.99006E-05 9.99006E-05
9.9973E-05 0.0721245 9.9973E-05 0.00721554 0.325171 0.0361027 0.0131737 9.9973E-05 0.0243497 0.358425 0.153072 0.0100659
9.9946E-05 0.106944 9.9946E-05 9.9946E-05 0.155421 9.9946E-05 9.9946E-05 9.9946E-05 0.0180482 0.348318 0.366533 0.00413606
0.18808 9.99549E-05 0.0079838 9.99549E-05 9.99549E-05 0.0503314 0.0363227 0.143935 9.99549E-05 0.548418 9.99549E-05 0.0244291
9.9946E-05 0.246607 9.9946E-05 9.9946E-05 0.154631 9.9946E-05 9.9946E-05 9.9946E-05 0.0132962 0.357028 0.216009 0.011829
0.15685 9.9973E-05 0.0204483 9.9973E-05 0.0113448 0.0142936 0.040779 0.117751 0.000851845 0.557165 9.9973E-05 0.0802167
0.686895 9.9946E-05 0.0264786 0.0638778 9.9946E-05 0.0455924 9.9946E-05 0.151793 0.024763 9.9946E-05 9.9946E-05 9.9946E-05
0.142509 9.99278E-05 0.00140376 9.99278E-05 9.99278E-05 9.99278E-05 0.0269279 9.99278E-05 0.82836 9.99278E-05 9.99278E-05 9.99278E-05
9.9973E-05 0.184906 9.9973E-05 0.0517798 0.0873256 0.0110659 0.0402498 0.062052 0.0274801 0.353393 0.181448 9.9973E-05
9.9964E-05 0.146149 9.9964E-05 0.0702513 0.115538 9.9964E-05 0.00759459 0.126117 0.0289269 0.350711 0.154313 9.9964E-05
9.99008E-05 9.99008E-05 9.99008E-05 9.99008E-05 9.99008E-05 9.99008E-05 9.99008E-05 9.99008E-05 9.99008E-05 0.998901 9.99008E-05 9.99008E-05
9.99369E-05 0.226922 9.99369E-05 9.99369E-05 0.165806 9.99369E-05 0.0111807 9.99369E-05 9.99369E-05 0.392493 0.202899 9.99369E-05
0.0673402 9.99281E-05 9.99281E-05 0.833169 9.99281E-05 9.99281E-05 9.99281E-05 9.99281E-05 9.99281E-05 9.99281E-05 0.0158958 0.0827955
9.9928E-05 0.843433 9.9928E-05 0.0129598 9.9928E-05 9.9928E-05 9.9928E-05 9.9928E-05 0.026197 0.116611 9.9928E-05 9.9928E-05
9.9955E-05 9.9955E-05 0.03414 9.9955E-05 0.290717 0.0157845 0.0158574 9.9955E-05 9.9955E-05 0.496445 0.127336 0.0192199
9.9946E-05 0.214269 9.9946E-05 9.9946E-05 0.0471476 9.9946E-05 0.00324681 9.9946E-05 0.0556088 0.397309 0.28182 9.9946E-05
9.9955E-05 0.0828812 9.9955E-05 9.9955E-05 0.282904 9.9955E-05 0.0322988 9.9955E-05 0.00614405 0.423972 0.169033 0.00226692
9.9955E-05 0.0726082 0.00492536 9.9955E-05 0.216615 9.9955E-05 0.0223054 9.9955E-05 0.0330884 0.368798 0.28116 9.9955E-05
0.0310222 9.9937E-05 0.0430383 9.9937E-05 9.9937E-05 0.0694415 9.9937E-05 9.9937E-05 0.18115 9.9937E-05 9.9937E-05 0.674649
9.99549E-05 9.99549E-05 0.0283251 0.435139 0.0390631 9.99549E-05 0.0386684 0.0617968 0.0690757 9.99549E-05 9.99549E-05 0.327432
0.00288336 0.735668 9.9937E-05 9.9937E-05 0.0419407 9.9937E-05 9.9937E-05 9.9937E-05 9.9937E-05 0.133881 0.0849277 9.9937E-05
9.9928E-05 9.9928E-05 9.9928E-05 0.947152 0.00300574 9.9928E-05 9.9928E-05 0.0428145 9.9928E-05 9.9928E-05 9.9928E-05 0.00622882
0.0310198 9.99369E-05 0.0614498 9.99369E-05 9.99369E-05 0.046718 9.99369E-05 9.99369E-05 0.208206 9.99369E-05 9.99369E-05 0.651906
0.0528575 9.99279E-05 9.99279E-05 9.99279E-05 9.99279E-05 0.0143521 9.99279E-05 0.878818 9.99279E-05 0.0531732 9.99279E-05 9.99279E-05
9.9901E-05 0.998901 9.9901E-05 9.9901E-05 9.9901E-05 9.9901E-05 9.9901E-05 9.9901E-05 9.9901E-05 9.9901E-05 9.9901E-05 9.9901E-05
0.00589117 0.976742 9.99191E-05 9.99191E-05 9.99191E-05 9.99191E-05 0.0164679 9.99191E-05 9.99191E-05 9.99191E-05 9.99191E-05 9.99191E-05
9.9955E-05 0.892844 9.9955E-05 0.0189522 0.0219918 0.0185977 0.0404453 0.00246045 9.9955E-05 9.9955E-05 0.00420891 9.9955E-05
9.9928E-05 0.95875 9.9928E-05 9.9928E-05 0.0216935 9.9928E-05 0.00324985 0.0155076 9.9928E-05 9.9928E-05 9.9928E-05 9.9928E-05
0.028929 0.0243591 0.16708 9.9946E-05 9.9946E-05 0.696034 9.9946E-05 0.0743802 9.9946E-05 9.9946E-05 9.9946E-05 0.00861799
9.9946E-05 0.818544 0.0192786 9.9946E-05 9.9946E-05 9.9946E-05 0.0435748 0.000479589 9.9946E-05 9.9946E-05 0.0450181 0.0725055
9.99279E-05 9.99279E-05 0.0163041 9.99279E-05 9.99279E-05 0.120003 9.99279E-05 9.99279E-05 0.174457 9.99279E-05 9.99279E-05 0.688436
0.0149833 9.9937E-05 9.9937E-05 9.9937E-05 9.9937E-05 9.9937E-05 9.9937E-05 0.00894553 0.00622487 0.0486239 9.9937E-05 0.920523
9.9928E-05 9.9928E-05 0.0871874 9.9928E-05 0.0320211 9.9928E-05 0.0204478 9.9928E-05 9.9928E-05 9.9928E-05 9.9928E-05 0.859544
9.9946E-05 9.9946E-05 0.012748 9.9946E-05 9.9946E-05 0.00252569 0.0338602 9.9946E-05 9.9946E-05 0.023641 0.0126863 0.913939
9.9955E-05 9.9955E-05 0.0480093 0.0491743 0.00347151 9.9955E-05 0.0304853 9.9955E-05 0.0157045 9.9955E-05 0.00114202 0.851513
9.9973E-05 9.9973E-05 0.0103738 0.00873356 0.427993 0.00508212 0.0562163 9.9973E-05 0.0186852 0.368844 0.0363459 0.0674259
9.9964E-05 9.9964E-05 9.9964E-05 0.0189251 0.408389 0.0121457 0.0682397 9.9964E-05 0.00655685 0.375049 0.0492186 0.0610763
0.042052 9.9946E-05 9.9946E-05 0.0292905 0.887779 0.0217819 9.9946E-05 9.9946E-05 9.9946E-05 0.0122178 9.9946E-05 0.00627904
9.9946E-05 0.0601144 9.9946E-05 9.9946E-05 0.854788 9.9946E-05 0.0100186 9.9946E-05 0.0372508 9.9946E-05 0.0252832 0.0119457
9.9937E-05 0.0090978 9.9937E-05 0.00815487 0.920523 9.9937E-05 9.9937E-05 9.9937E-05 0.0601415 0.00138307 9.9937E-05 9.9937E-05
0.554932 0.00707444 9.9973E-05 0.0385024 0.269986 0.0327248 0.0244627 0.0478065 0.00262701 9.9973E-05 0.0215848 9.9973E-05
0.00197956 9.9946E-05 0.00958215 0.0104624 0.90276 9.9946E-05 0.0273441 9.9946E-05 9.9946E-05 0.0472717 9.9946E-05 9.9946E-05
0.0203071 0.180339 0.0635486 0.172519 0.109035 0.104415 0.00397272 9.9982E-05 0.124482 0.0320383 9.9982E-05 0.189143
