0.184393 0.000968072 9.99369E-05 9.99369E-05 9.99369E-05 0.0296769 9.99369E-05 0.740774 0.0434889 9.99369E-05 9.99369E-05 9.99369E-05
9.99189E-05 9.99189E-05 0.151818 9.99189E-05 9.99189E-05 9.99189E-05 0.0341082 0.813175 9.99189E-05 9.99189E-05 9.99189E-05 9.99189E-05
9.9982E-05 0.0301702 0.212465 0.00228759 0.00576779 9.9982E-05 0.0578507 0.578399 0.0160109 0.0116435 0.0481448 0.03706
0.163292 9.99279E-05 9.99279E-05 9.99279E-05 9.99279E-05 0.0201554 9.99279E-05 0.792715 0.0230387 9.99279E-05 9.99279E-05 9.99279E-05
0.0202594 0.0309111 0.844061 0.00837836 0.0901967 9.9955E-05 9.9955E-05 9.9955E-05 9.9955E-05 0.00192383 0.00376947 9.9955E-05
9.9919E-05 9.9919E-05 0.120156 9.9919E-05 9.9919E-05 9.9919E-05 0.0632828 0.815662 9.9919E-05 9.9919E-05 9.9919E-05 9.9919E-05
9.99371E-05 9.99371E-05 9.99371E-05 0.537233 0.00730616 0.430445 9.99371E-05 9.99371E-05 0.0187356 0.00558122 9.99371E-05 9.99371E-05
0.0207772 9.99281E-05 9.99281E-05 0.962923 9.99281E-05 9.99281E-05 0.0082839 0.00721688 9.99281E-05 9.99281E-05 9.99281E-05 9.99281E-05
9.99191E-05 0.00352657 9.99191E-05 0.967341 9.99191E-05 9.99191E-05 0.0282333 9.99191E-05 9.99191E-05 9.99191E-05 9.99191E-05 9.99191E-05
9.99191E-05 0.0045308 9.99191E-05 0.988908 9.99191E-05 9.99191E-05 9.99191E-05 0.00566221 9.99191E-05 9.99191E-05 9.99191E-05 9.99191E-05
0.0172976 0.00849906 0.0042828 9.9964E-05 0.031538 0.136177 0.0263513 0.0122854 9.9964E-05 9.9964E-05 0.763169 9.9964E-05
0.0439662 9.9937E-05 9.9937E-05 0.00189078 9.9937E-05 0.0385975 9.9937E-05 9.9937E-05 0.00596069 9.9937E-05 0.908885 9.9937E-05
0.0270091 9.99371E-05 9.99371E-05 0.00705426 9.99371E-05 0.0536438 9.99371E-05 9.99371E-05 0.007614 9.99371E-05 0.903979 9.99371E-05
9.99281E-05 0.000908197 9.99281E-05 9.99281E-05 9.99281E-05 0.080795 0.00242966 9.99281E-05 9.99281E-05 9.99281E-05 0.915068 9.99281E-05
9.9946E-05 0.0334548 9.9946E-05 0.0101667 9.9946E-05 9.9946E-05 9.9946E-05 0.0335593 0.117234 0.780251 9.9946E-05 0.0247343
9.99101E-05 9.99101E-05 9.99101E-05 0.998606 9.99101E-05 0.000395221 9.99101E-05 9.99101E-05 9.99101E-05 9.99101E-05 9.99101E-05 9.99101E-05
0.040424 9.9937E-05 9.9937E-05 0.0239873 9.9937E-05 0.891408 9.9937E-05 0.0110224 0.0324591 9.9937E-05 9.9937E-05 9.9937E-05
9.99461E-05 9.99461E-05 9.99461E-05 9.99461E-05 9.99461E-05 0.0149895 9.99461E-05 0.0415734 0.000544648 0.864214 0.0770513 0.00102765
0.128506 0.000443794 9.9964E-05 0.0368181 0.0607408 9.9964E-05 9.9964E-05 9.9964E-05 0.0179382 0.541371 0.190017 0.0237654
9.9946E-05 9.9946E-05 9.9946E-05 0.0297287 9.9946E-05 0.00508108 9.9946E-05 9.9946E-05 0.0166893 0.377576 0.545811 0.024514
0.0504405 0.061569 9.99549E-05 0.0266552 0.020115 9.99549E-05 9.99549E-05 9.99549E-05 0.0341984 0.770379 0.036143 9.99549E-05
9.9946E-05 9.9946E-05 9.9946E-05 0.0170606 9.9946E-05 9.9946E-05 0.0131263 9.9946E-05 0.0354563 0.0632491 0.86548 0.00502828
9.9928E-05 9.9928E-05 9.9928E-05 0.0113291 9.9928E-05 9.9928E-05 9.9928E-05 0.0372998 9.9928E-05 0.880635 0.0699366 9.9928E-05
9.9946E-05 9.9946E-05 9.9946E-05 0.0072257 9.9946E-05 9.9946E-05 0.0216225 9.9946E-05 0.0755429 0.0771365 0.810754 0.00711849
0.0134058 9.9928E-05 9.9928E-05 9.9928E-05 9.9928E-05 9.9928E-05 9.9928E-05 0.0188623 9.9928E-05 0.0567329 0.9102 9.9928E-05
0.00359812 0.0200851 9.99371E-05 9.99371E-05 9.99371E-05 0.0607914 9.99371E-05 0.0107026 9.99371E-05 0.904123 9.99371E-05 9.99371E-05
9.99371E-05 9.99371E-05 9.99371E-05 0.0111201 9.99371E-05 9.99371E-05 9.99371E-05 0.00749797 0.0363807 0.847418 0.0968841 9.99371E-05
0.00743681 0.0469731 9.9955E-05 9.9955E-05 9.9955E-05 9.9955E-05 0.023499 0.0300066 9.9955E-05 0.576247 0.284039 0.0312994
9.9937E-05 9.9937E-05 9.9937E-05 0.00871713 9.9937E-05 9.9937E-05 9.9937E-05 9.9937E-05 0.00380721 0.915191 0.0295148 0.0420703
9.99461E-05 9.99461E-05 9.99461E-05 9.99461E-05 9.99461E-05 9.99461E-05 0.00955833 0.00178047 0.0152052 0.912957 0.0417235 0.0181763
0.0408867 9.9937E-05 9.9937E-05 9.9937E-05 0.0116482 9.9937E-05 9.9937E-05 9.9937E-05 9.9937E-05 0.0320007 0.900976 0.0137886
9.99101E-05 9.99101E-05 9.99101E-05 9.99101E-05 9.99101E-05 0.183658 9.99101E-05 9.99101E-05 9.99101E-05 9.99101E-05 0.815343 9.99101E-05
9.99281E-05 9.99281E-05 9.99281E-05 9.99281E-05 9.99281E-05 0.00274076 9.99281E-05 0.0413121 9.99281E-05 0.874605 0.0805426 9.99281E-05
0.0418992 0.0210629 9.9946E-05 0.0252998 0.0147622 9.9946E-05 9.9946E-05 9.9946E-05 9.9946E-05 0.151262 0.745114 9.9946E-05
0.00925061 9.9937E-05 9.9937E-05 0.00988751 9.9937E-05 9.9937E-05 9.9937E-05 0.0063385 9.9937E-05 0.935467 0.0383571 9.9937E-05
0.00553542 0.0231478 9.9937E-05 0.00290668 9.9937E-05 9.9937E-05 9.9937E-05 9.9937E-05 9.9937E-05 0.0345919 0.933119 9.9937E-05
9.99281E-05 9.99281E-05 0.00845895 9.99281E-05 9.99281E-05 9.99281E-05 0.0188788 9.99281E-05 9.99281E-05 0.871728 0.100134 9.99281E-05
0.0377646 9.9937E-05 9.9937E-05 9.9937E-05 0.016332 9.9937E-05 9.9937E-05 9.9937E-05 9.9937E-05 0.0335646 0.89104 0.0205995
9.9937E-05 0.0208308 0.0658927 9.9937E-05 0.196571 9.9937E-05 0.0392075 9.9937E-05 0.676799 9.9937E-05 9.9937E-05 9.9937E-05
9.9919E-05 9.9919E-05 0.623552 9.9919E-05 9.9919E-05 9.9919E-05 0.371385 0.00416402 9.9919E-05 9.9919E-05 9.9919E-05 9.9919E-05
9.99281E-05 9.99281E-05 0.0952624 9.99281E-05 9.99281E-05 0.145135 9.99281E-05 9.99281E-05 0.00252054 9.99281E-05 0.756283 9.99281E-05
9.9928E-05 9.9928E-05 9.9928E-05 9.9928E-05 9.9928E-05 0.0142279 9.9928E-05 9.9928E-05 0.00322113 0.919671 0.0620806 9.9928E-05
0.0235736 9.9937E-05 9.9937E-05 9.9937E-05 0.0139021 9.9937E-05 9.9937E-05 9.9937E-05 9.9937E-05 0.046785 0.891121 0.0239186
0.0385596 9.9964E-05 9.9964E-05 9.9964E-05 0.00215121 0.260759 0.534354 0.0486146 0.0232658 9.9964E-05 0.00244786 0.0894488
0.0915693 9.9964E-05 9.9964E-05 0.0556605 0.0251245 9.9964E-05 9.9964E-05 0.0258317 0.0328126 0.531436 0.217383 0.0197818
0.0363592 9.9946E-05 9.9946E-05 0.0371325 0.0232234 0.0881182 9.9946E-05 9.9946E-05 9.9946E-05 0.382368 0.432199 9.9946E-05
0.029932 9.9964E-05 0.0206446 0.0256973 9.9964E-05 9.9964E-05 0.00337128 9.9964E-05 0.0384826 0.815118 0.04292 0.0234347
9.99189E-05 9.99189E-05 0.227677 9.99189E-05 9.99189E-05 9.99189E-05 0.0892623 0.682161 9.99189E-05 9.99189E-05 9.99189E-05 9.99189E-05
0.0284047 0.0215999 0.0898131 9.9964E-05 0.112672 9.9964E-05 0.216291 0.0381003 0.0337537 9.9964E-05 9.9964E-05 0.458966
0.381316 9.9928E-05 9.9928E-05 0.00502026 9.9928E-05 0.191123 9.9928E-05 9.9928E-05 0.421741 9.9928E-05 9.9928E-05 9.9928E-05
0.951372 9.991E-05 9.991E-05 9.991E-05 9.991E-05 9.991E-05 9.991E-05 9.991E-05 9.991E-05 9.991E-05 0.0476285 9.991E-05
0.669832 0.0285887 9.99549E-05 0.00142688 9.99549E-05 0.0246019 9.99549E-05 0.0745444 0.0886434 9.99549E-05 0.111863 9.99549E-05
0.998901 9.99009E-05 9.99009E-05 9.99009E-05 9.99009E-05 9.99009E-05 9.99009E-05 9.99009E-05 9.99009E-05 9.99009E-05 9.99009E-05 9.99009E-05
9.99371E-05 0.0173191 0.0109402 0.931809 9.99371E-05 0.00342837 9.99371E-05 9.99371E-05 9.99371E-05 9.99371E-05 0.035804 9.99371E-05
9.9946E-05 9.9946E-05 0.000925863 0.931383 9.9946E-05 9.9946E-05 9.9946E-05 0.0246628 0.00627138 9.9946E-05 0.019526 0.0166318
9.99371E-05 9.99371E-05 9.99371E-05 0.0220135 0.000487668 0.449217 9.99371E-05 9.99371E-05 9.99371E-05 0.0115929 0.51599 9.99371E-05
9.9937E-05 0.00949997 9.9937E-05 0.012472 9.9937E-05 9.9937E-05 9.9937E-05 9.9937E-05 0.0182586 0.0413753 0.917695 9.9937E-05
0.0196239 0.783774 9.9937E-05 9.9937E-05 9.9937E-05 9.9937E-05 9.9937E-05 0.00781883 9.9937E-05 0.140048 0.0480355 9.9937E-05
9.9928E-05 0.0187334 0.77531 9.9928E-05 0.110493 9.9928E-05 9.9928E-05 0.0946638 9.9928E-05 9.9928E-05 9.9928E-05 9.9928E-05
9.99279E-05 9.99279E-05 0.299923 9.99279E-05 0.598138 9.99279E-05 0.0805942 9.99279E-05 9.99279E-05 9.99279E-05 9.99279E-05 0.0205461
0.0297685 9.9937E-05 9.9937E-05 9.9937E-05 9.9937E-05 0.93279 0.0209511 0.00721633 0.00857452 9.9937E-05 9.9937E-05 9.9937E-05
0.104484 0.0194706 0.0160902 0.000229741 9.9973E-05 0.633365 0.00633482 9.9973E-05 0.174634 0.0350855 0.0100061 9.9973E-05
0.0414616 9.9955E-05 9.9955E-05 9.9955E-05 0.00818799 0.66113 9.9955E-05 0.0624967 0.159553 9.9955E-05 0.0386307 0.0280399
0.020305 9.9928E-05 9.9928E-05 0.949142 9.9928E-05 9.9928E-05 9.9928E-05 9.9928E-05 0.0281487 9.9928E-05 0.00160486 9.9928E-05
9.9937E-05 0.054014 0.715314 9.9937E-05 0.196211 9.9937E-05 0.0317775 0.00198357 9.9937E-05 9.9937E-05 9.9937E-05 9.9937E-05
9.9919E-05 9.9919E-05 9.9919E-05 9.9919E-05 0.0164085 0.967075 9.9919E-05 9.9919E-05 9.9919E-05 0.0156174 9.9919E-05 9.9919E-05
9.99459E-05 0.14956 9.99459E-05 9.99459E-05 0.0289559 9.99459E-05 0.0237406 0.0151569 0.772907 9.99459E-05 9.99459E-05 0.00907993
9.9919E-05 9.9919E-05 9.9919E-05 9.9919E-05 9.9919E-05 0.047513 9.9919E-05 9.9919E-05 9.9919E-05 0.0126239 0.938964 9.9919E-05
9.99192E-05 9.99192E-05 9.99192E-05 9.99192E-05 0.00560785 0.0441742 9.99192E-05 9.99192E-05 9.99192E-05 9.99192E-05 0.949319 9.99192E-05
0.0571275 0.0146291 0.0233551 0.779345 9.9973E-05 0.0207075 9.9973E-05 0.0136898 0.0271895 0.0379397 9.9973E-05 0.0257166
0.0370785 0.0128869 0.0156356 0.79277 9.9982E-05 0.00360253 9.9982E-05 0.0111136 0.0553539 0.0282993 0.0126432 0.030416
0.0491054 9.9946E-05 9.9946E-05 0.856542 9.9946E-05 0.00998348 9.9946E-05 0.0418206 9.9946E-05 9.9946E-05 0.039518 0.00243057
0.0140833 9.9928E-05 0.0358011 0.947923 9.9928E-05 0.00139307 9.9928E-05 9.9928E-05 9.9928E-05 9.9928E-05 9.9928E-05 9.9928E-05
0.0609103 9.9919E-05 9.9919E-05 0.933937 9.9919E-05 9.9919E-05 9.9919E-05 9.9919E-05 9.9919E-05 0.00425334 9.9919E-05 9.9919E-05
9.9937E-05 9.9937E-05 9.9937E-05 0.955941 9.9937E-05 9.9937E-05 0.00429045 0.0182072 9.9937E-05 9.9937E-05 0.00520823 0.0156535
9.99191E-05 9.99191E-05 9.99191E-05 0.980446 9.99191E-05 9.99191E-05 0.0176253 9.99191E-05 0.00102948 9.99191E-05 9.99191E-05 9.99191E-05
0.0089334 0.00976328 0.013338 0.957147 9.9946E-05 9.9946E-05 9.9946E-05 9.9946E-05 9.9946E-05 9.9946E-05 0.00135379 0.00886493
9.9946E-05 9.9946E-05 9.9946E-05 0.945546 0.0241387 0.000363968 0.00653346 0.00798475 0.0148338 9.9946E-05 9.9946E-05 9.9946E-05
9.99011E-05 9.99011E-05 9.99011E-05 0.998901 9.99011E-05 9.99011E-05 9.99011E-05 9.99011E-05 9.99011E-05 9.99011E-05 9.99011E-05 9.99011E-05
9.9955E-05 9.9955E-05 9.9955E-05 0.923489 0.016358 9.9955E-05 9.9955E-05 0.00845569 0.0267339 0.00478955 0.0194757 0.000198703
9.9946E-05 9.9946E-05 9.9946E-05 0.919461 0.0263424 9.9946E-05 9.9946E-05 9.9946E-05 0.0204687 0.0120571 0.017599 0.00347258
0.0095809 9.9946E-05 9.9946E-05 0.936528 0.0300141 9.9946E-05 9.9946E-05 0.00173389 0.00965703 9.9946E-05 0.0118861 9.9946E-05
9.99281E-05 9.99281E-05 9.99281E-05 0.525169 0.0113384 9.99281E-05 9.99281E-05 9.99281E-05 9.99281E-05 0.405495 0.0571979 9.99281E-05
9.99281E-05 9.99281E-05 9.99281E-05 0.56259 9.99281E-05 9.99281E-05 9.99281E-05 0.0047943 9.99281E-05 0.423069 0.00874666 9.99281E-05
9.9919E-05 0.00428771 0.00130237 0.993511 9.9919E-05 9.9919E-05 9.9919E-05 9.9919E-05 9.9919E-05 9.9919E-05 9.9919E-05 9.9919E-05
0.0229328 0.0195948 9.9928E-05 0.938136 9.9928E-05 9.9928E-05 9.9928E-05 9.9928E-05 0.0185367 9.9928E-05 9.9928E-05 9.9928E-05
0.010043 9.9937E-05 9.9937E-05 0.911905 9.9937E-05 0.00358377 9.9937E-05 0.0462345 0.0275339 9.9937E-05 9.9937E-05 9.9937E-05
9.9946E-05 0.0137037 0.00795608 0.92917 9.9946E-05 9.9946E-05 9.9946E-05 9.9946E-05 9.9946E-05 0.0370716 0.00190761 0.00959112
9.99105E-05 9.99105E-05 9.99105E-05 0.986327 9.99105E-05 9.99105E-05 9.99105E-05 0.0126737 9.99105E-05 9.99105E-05 9.99105E-05 9.99105E-05
9.99191E-05 9.99191E-05 9.99191E-05 0.538975 9.99191E-05 9.99191E-05 9.99191E-05 9.99191E-05 9.99191E-05 0.405669 0.0544562 9.99191E-05
0.0172402 9.9946E-05 9.9946E-05 0.862179 0.0256778 0.0155087 9.9946E-05 9.9946E-05 9.9946E-05 0.0336442 0.04515 9.9946E-05
9.9955E-05 9.9955E-05 0.00290314 0.937709 9.9955E-05 0.0260349 0.0198974 9.9955E-05 0.00985514 9.9955E-05 0.000747023 0.00235386
0.00999762 9.9937E-05 0.0122395 0.947074 9.9937E-05 9.9937E-05 9.9937E-05 9.9937E-05 0.0247982 9.9937E-05 9.9937E-05 0.00519109
0.0159267 0.00203681 0.0279128 0.928273 9.9955E-05 0.00718744 0.015377 9.9955E-05 9.9955E-05 9.9955E-05 9.9955E-05 0.00278624
0.0417123 0.0198984 0.00280338 0.874559 9.9973E-05 0.0111906 9.9973E-05 9.9973E-05 0.0116727 0.0122594 0.00650171 0.0191025
0.00383139 0.00134071 9.9955E-05 0.933463 9.9955E-05 9.9955E-05 9.9955E-05 0.0381741 0.000271749 0.0109845 9.9955E-05 0.0114353
9.9928E-05 9.9928E-05 0.0517624 9.9928E-05 9.9928E-05 0.144404 9.9928E-05 0.235493 9.9928E-05 0.567542 9.9928E-05 9.9928E-05
9.99371E-05 0.000678514 9.99371E-05 0.901565 9.99371E-05 9.99371E-05 0.0138199 0.059626 9.99371E-05 0.023611 9.99371E-05 9.99371E-05
9.9919E-05 9.9919E-05 9.9919E-05 0.971551 9.9919E-05 9.9919E-05 9.9919E-05 0.0163871 0.0111625 9.9919E-05 9.9919E-05 9.9919E-05
0.026373 9.9973E-05 0.00383611 0.714379 0.0844472 0.0217063 0.0646454 9.9973E-05 0.0150002 0.0609982 0.00831461 9.9973E-05
9.99011E-05 9.99011E-05 9.99011E-05 0.998901 9.99011E-05 9.99011E-05 9.99011E-05 9.99011E-05 9.99011E-05 9.99011E-05 9.99011E-05 9.99011E-05
9.9919E-05 9.9919E-05 9.9919E-05 0.958192 9.9919E-05 0.0357024 9.9919E-05 9.9919E-05 9.9919E-05 9.9919E-05 0.00520663 9.9919E-05
0.0165913 0.0157661 9.99371E-05 0.957426 9.99371E-05 9.99371E-05 9.99371E-05 9.99371E-05 0.00934562 9.99371E-05 9.99371E-05 0.000171133
9.9928E-05 0.0218014 9.9928E-05 0.955483 0.0210126 9.9928E-05 9.9928E-05 9.9928E-05 9.9928E-05 0.000903444 9.9928E-05 9.9928E-05
9.9955E-05 0.0232367 0.000637311 0.0385692 0.00365921 9.9955E-05 9.9955E-05 0.0222248 9.9955E-05 0.899249 0.011924 9.9955E-05
9.991E-05 9.991E-05 9.991E-05 0.988085 0.0109161 9.991E-05 9.991E-05 9.991E-05 9.991E-05 9.991E-05 9.991E-05 9.991E-05
0.0260352 9.9928E-05 9.9928E-05 0.936812 9.9928E-05 9.9928E-05 9.9928E-05 9.9928E-05 0.00657518 9.9928E-05 9.9928E-05 0.029778
9.99191E-05 9.99191E-05 9.99191E-05 0.975457 9.99191E-05 0.000428223 9.99191E-05 9.99191E-05 9.99191E-05 9.99191E-05 9.99191E-05 0.0232152
9.9955E-05 9.9955E-05 9.9955E-05 0.00724373 0.0042898 0.114063 0.00755179 0.0426047 9.9955E-05 0.57438 0.249367 9.9955E-05
9.99461E-05 9.99461E-05 0.0296763 0.870748 9.99461E-05 9.99461E-05 0.0110367 9.99461E-05 0.0373168 0.0265418 9.99461E-05 0.0240811
0.00507454 0.0101127 9.9946E-05 0.928553 9.9946E-05 9.9946E-05 9.9946E-05 0.0133361 9.9946E-05 9.9946E-05 0.0302669 0.0120567
0.0136156 9.9955E-05 9.9955E-05 0.937258 0.000818732 0.000730908 0.00276206 0.0403572 9.9955E-05 0.00395805 9.9955E-05 9.9955E-05
9.99101E-05 9.99101E-05 9.99101E-05 0.983986 9.99101E-05 9.99101E-05 9.99101E-05 0.0150152 9.99101E-05 9.99101E-05 9.99101E-05 9.99101E-05
0.0471374 0.0462991 9.9946E-05 0.0422922 9.9946E-05 0.0108145 9.9946E-05 9.9946E-05 9.9946E-05 0.624053 0.228804 9.9946E-05
9.99191E-05 9.99191E-05 9.99191E-05 0.98994 0.00283969 9.99191E-05 9.99191E-05 9.99191E-05 9.99191E-05 9.99191E-05 9.99191E-05 0.006321
0.0103486 9.99461E-05 9.99461E-05 0.906765 9.99461E-05 9.99461E-05 0.0068212 0.0558704 0.0153795 9.99461E-05 9.99461E-05 0.00421601
9.99192E-05 9.99192E-05 9.99192E-05 0.507645 9.99192E-05 9.99192E-05 9.99192E-05 9.99192E-05 9.99192E-05 0.465755 0.0257006 9.99192E-05
9.99101E-05 9.99101E-05 9.99101E-05 0.986712 9.99101E-05 9.99101E-05 9.99101E-05 9.99101E-05 9.99101E-05 9.99101E-05 0.0122885 9.99101E-05
0.00729857 0.0184566 9.9946E-05 0.0282834 0.0277975 9.9946E-05 9.9946E-05 9.9946E-05 9.9946E-05 0.190377 0.727187 9.9946E-05
0.00967982 0.0139001 0.0386125 9.9946E-05 0.0185854 9.9946E-05 9.9946E-05 9.9946E-05 9.9946E-05 0.258154 0.660468 9.9946E-05
9.9964E-05 9.9964E-05 0.00383242 0.0242861 0.0066951 0.0196639 0.0287033 0.03563 9.9964E-05 0.0329869 0.847802 9.9964E-05
9.9955E-05 0.00786938 0.0161766 0.0211127 9.9955E-05 0.0336542 0.0426484 9.9955E-05 9.9955E-05 0.869025 0.00901389 9.9955E-05
0.0630475 0.0564179 9.9955E-05 0.0635706 9.9955E-05 0.751308 9.9955E-05 9.9955E-05 0.0284932 0.0105411 9.9955E-05 0.0261219
9.9937E-05 9.9937E-05 9.9937E-05 0.03398 0.0280389 9.9937E-05 0.0239612 9.9937E-05 9.9937E-05 0.0635861 0.849734 9.9937E-05
9.9955E-05 0.0568931 0.00626707 9.9955E-05 9.9955E-05 0.330719 9.9955E-05 0.0497452 9.9955E-05 0.206778 0.316634 0.0324641
0.000899852 9.9955E-05 0.0137683 0.0114226 9.9955E-05 9.9955E-05 9.9955E-05 0.0233965 9.9955E-05 0.150775 0.771826 0.0274118
9.9955E-05 0.0247403 9.9955E-05 9.9955E-05 0.00408748 0.0106827 9.9955E-05 0.0221914 9.9955E-05 0.258966 0.64867 0.030162
0.0136321 0.0320547 9.9955E-05 0.0134836 9.9955E-05 9.9955E-05 9.9955E-05 9.9955E-05 0.0282716 0.184325 0.702412 0.0253221
9.9964E-05 0.0238846 0.0103572 9.9964E-05 0.0555993 9.9964E-05 9.9964E-05 0.00142609 0.0364421 0.258102 0.575912 0.0378769
9.9955E-05 0.0220695 0.0239241 0.0135825 9.9955E-05 9.9955E-05 9.9955E-05 0.0151199 9.9955E-05 0.316303 0.567534 0.0409674
9.9937E-05 0.00887274 0.0219831 0.00357969 0.0413686 9.9937E-05 9.9937E-05 9.9937E-05 9.9937E-05 9.9937E-05 0.923496 9.9937E-05
9.9937E-05 9.9937E-05 0.0135846 0.0251509 9.9937E-05 0.0928756 0.0337637 9.9937E-05 9.9937E-05 9.9937E-05 0.833926 9.9937E-05
9.99461E-05 9.99461E-05 0.0175997 0.0277179 9.99461E-05 0.098986 0.000377949 9.99461E-05 9.99461E-05 9.99461E-05 0.852659 0.00205928
0.0106516 0.0283241 9.9964E-05 0.0240002 9.9964E-05 0.0354136 0.023965 9.9964E-05 9.9964E-05 0.738989 0.093675 0.0445816
9.9919E-05 0.030684 9.9919E-05 9.9919E-05 9.9919E-05 9.9919E-05 0.968131 9.9919E-05 9.9919E-05 9.9919E-05 0.000285759 9.9919E-05
9.9946E-05 0.00983339 9.9946E-05 0.0179214 0.0412299 9.9946E-05 0.877954 0.0130951 0.0393669 9.9946E-05 9.9946E-05 9.9946E-05
0.0463548 0.0332278 0.584612 9.99639E-05 0.0952992 9.99639E-05 0.20225 9.99639E-05 0.0132775 9.99639E-05 0.0243116 0.00026698
9.9982E-05 0.0632578 9.9982E-05 0.0963932 0.0156894 0.361419 0.00506825 0.0195431 0.0206249 0.320869 0.0519848 0.0449508
9.9937E-05 9.9937E-05 0.0049742 0.00314588 9.9937E-05 9.9937E-05 0.879646 0.046588 0.0649466 9.9937E-05 9.9937E-05 9.9937E-05
0.00630767 0.0353705 0.00390376 9.9946E-05 9.9946E-05 9.9946E-05 0.869769 0.0428298 0.04122 9.9946E-05 9.9946E-05 9.9946E-05
9.9973E-05 0.00818373 0.0288717 0.0958015 9.9973E-05 0.235258 0.038688 0.0423992 9.9973E-05 0.134257 0.402802 0.0134383
9.9964E-05 0.0691879 0.384436 0.00919812 0.100896 0.0180404 0.186574 9.9964E-05 0.0301192 9.9964E-05 9.9964E-05 0.201149
9.9973E-05 0.0452663 0.354438 0.0165497 0.162775 9.9973E-05 0.0941248 9.9973E-05 0.0224977 0.0142111 0.0140187 0.275818
9.9964E-05 0.00715345 0.412537 9.9964E-05 0.127559 0.015855 0.0555199 0.005704 0.0290237 9.9964E-05 9.9964E-05 0.346248
0.0246621 9.99719E-05 0.209369 0.0276786 0.083907 0.0436439 9.99719E-05 9.99719E-05 0.0485787 0.0376589 9.99719E-05 0.524102
0.0222294 9.9964E-05 0.217292 0.0189514 0.111891 0.0234435 9.9964E-05 9.9964E-05 0.0621025 0.000318949 9.9964E-05 0.543372
9.9973E-05 0.0141939 0.401874 9.9973E-05 0.04608 9.9973E-05 0.0628252 0.0219727 0.0381736 0.00884329 0.0277828 0.377954
0.0956602 0.0054389 9.99639E-05 0.00815247 9.99639E-05 0.740617 0.00516545 0.029617 0.0945233 9.99639E-05 9.99639E-05 0.0204263
9.9928E-05 9.9928E-05 0.63721 9.9928E-05 9.9928E-05 9.9928E-05 0.288366 9.9928E-05 0.0438764 9.9928E-05 9.9928E-05 0.0297485
0.00472535 9.99461E-05 9.99461E-05 0.0182628 9.99461E-05 9.99461E-05 0.0161403 9.99461E-05 0.0851742 0.853251 0.0218468 9.99461E-05
9.9955E-05 9.9955E-05 9.9955E-05 0.0550731 0.00013113 9.9955E-05 0.0133187 0.0152292 9.9955E-05 0.901494 0.00762007 0.00663383
0.0308089 9.9946E-05 0.763241 0.00221081 0.153215 9.9946E-05 0.0323696 9.9946E-05 9.9946E-05 0.0175543 9.9946E-05 9.9946E-05
0.00997828 0.0747543 0.0412347 0.184844 0.00357025 0.0570805 0.152572 0.028539 0.0607923 0.169308 0.143937 0.0733895
0.0921803 0.0297764 9.9982E-05 9.9982E-05 0.0127682 0.680005 0.0461143 0.0261433 0.0212405 0.0602273 0.0178023 0.0135428
9.9946E-05 9.9946E-05 0.0475907 9.9946E-05 0.0180692 0.142409 0.0612947 9.9946E-05 9.9946E-05 9.9946E-05 0.711846 0.01819
9.9946E-05 9.9946E-05 9.9946E-05 0.00692122 9.9946E-05 0.0220842 9.9946E-05 0.0719359 9.9946E-05 0.760258 0.0781341 0.0600672
9.99551E-05 9.99551E-05 0.0332228 0.0237038 0.00211861 0.167875 0.224145 9.99551E-05 9.99551E-05 9.99551E-05 0.501121 0.0473142
0.0404756 9.9982E-05 9.9982E-05 0.00136217 0.00352039 0.810693 0.0533662 0.0117488 0.00295293 0.0252424 0.0290541 0.0213842
0.0268555 9.9955E-05 9.9955E-05 9.9955E-05 9.9955E-05 0.000900222 0.706923 0.0304448 9.9955E-05 0.0396078 0.00519886 0.18957
0.0935328 0.0336382 0.0129751 0.013619 9.9955E-05 0.841575 9.9955E-05 0.00202973 0.00213053 9.9955E-05 9.9955E-05 9.9955E-05
0.143591 0.362345 9.9964E-05 0.043191 9.9964E-05 0.00552337 9.9964E-05 9.9964E-05 0.213555 0.112527 0.106627 0.0122411
9.9937E-05 9.9937E-05 9.9937E-05 0.0449144 0.00988502 0.0228339 9.9937E-05 0.00733021 9.9937E-05 0.914337 9.9937E-05 9.9937E-05
9.9937E-05 9.9937E-05 0.597015 0.0247439 9.9937E-05 0.0455584 0.328083 9.9937E-05 9.9937E-05 0.00390051 9.9937E-05 9.9937E-05
9.9937E-05 9.9937E-05 0.404968 0.00768191 9.9937E-05 0.100991 9.9937E-05 9.9937E-05 9.9937E-05 9.9937E-05 0.47532 0.0103388
9.9937E-05 9.9937E-05 0.865925 0.0313022 9.9937E-05 9.9937E-05 9.9937E-05 9.9937E-05 9.9937E-05 0.0581298 0.0267979 0.017145
0.0230724 9.9982E-05 0.0116179 0.00394448 0.017116 0.350525 0.0348149 0.231928 9.9982E-05 0.0219914 0.296606 0.00818317
0.00950149 0.00280384 0.957191 0.00748111 9.9946E-05 9.9946E-05 9.9946E-05 9.9946E-05 9.9946E-05 0.00890249 9.9946E-05 0.0135201
0.0433271 9.9955E-05 0.021065 9.9955E-05 0.00730779 0.867214 0.000883008 9.9955E-05 9.9955E-05 0.0214149 0.0382883 9.9955E-05
0.00843022 9.9964E-05 0.767856 0.0474004 9.9964E-05 0.0658335 9.9964E-05 0.0214934 9.9964E-05 0.0491146 0.0155433 0.0239291
0.00132562 9.9973E-05 0.793416 0.0369531 9.9973E-05 0.0943686 9.9973E-05 0.0137591 0.0124568 0.0156959 0.0238067 0.0079185
9.9937E-05 9.9937E-05 0.0541864 9.9937E-05 9.9937E-05 0.0496599 9.9937E-05 0.0328661 9.9937E-05 0.854804 9.9937E-05 0.00778379
9.99641E-05 0.0310884 9.99641E-05 9.99641E-05 0.0742584 0.0503889 0.258309 0.040718 0.0428619 0.364601 0.137375 9.99641E-05
9.9964E-05 9.9964E-05 0.0508479 0.0235239 9.9964E-05 0.26589 0.0131389 0.0519898 9.9964E-05 0.305513 0.256186 0.0325106
9.9973E-05 0.0265087 0.0607295 9.9973E-05 0.0555207 0.0264025 9.9973E-05 0.033576 0.00128597 0.0187004 0.0166938 0.760282
9.9937E-05 9.9937E-05 9.9937E-05 9.9937E-05 0.183007 9.9937E-05 9.9937E-05 0.0146485 0.00499036 9.9937E-05 0.00498692 0.791668
9.99459E-05 9.99459E-05 9.99459E-05 9.99459E-05 0.147434 0.0292745 9.99459E-05 9.99459E-05 0.0191487 0.0222598 0.00286401 0.77842
0.00645559 9.9973E-05 9.9973E-05 0.0191517 0.0993984 0.0439248 9.9973E-05 0.00038364 0.0175889 0.031443 0.00936299 0.771991
9.9928E-05 0.0472033 9.9928E-05 9.9928E-05 9.9928E-05 9.9928E-05 9.9928E-05 0.0218843 9.9928E-05 0.91335 9.9928E-05 0.0167628
9.9955E-05 0.05884 0.00182022 0.00258469 0.0291785 9.9955E-05 9.9955E-05 9.9955E-05 0.0171217 0.858875 0.0310797 9.9955E-05
0.084696 9.9964E-05 9.9964E-05 0.0157261 0.00985294 0.00271247 9.9964E-05 0.0231625 9.9964E-05 0.792674 0.0474067 0.0233696
0.0225474 9.9955E-05 0.236616 9.9955E-05 0.0959872 9.9955E-05 0.169383 0.0502371 0.0408466 9.9955E-05 9.9955E-05 0.383882
9.9991E-05 0.0541086 0.090077 0.15876 0.0863118 0.119937 0.0426664 0.0351432 0.0434659 0.157379 0.150994 0.0610572
0.03844 0.184504 9.9973E-05 0.113654 0.0967462 0.0424407 9.9973E-05 9.9973E-05 0.158246 0.338191 0.0156957 0.0117826
0.0644919 0.0423713 9.9964E-05 0.0262808 0.00195173 9.9964E-05 9.9964E-05 0.0502723 0.0177245 0.724132 0.0723759 9.9964E-05
0.0635307 0.101608 9.9964E-05 0.0797118 0.0290215 9.9964E-05 0.00988491 9.9964E-05 0.0194359 0.614339 0.0820677 9.9964E-05
9.9964E-05 0.114765 9.9964E-05 0.0211099 0.0293668 9.9964E-05 0.032108 0.00762662 0.0794946 0.695742 9.9964E-05 0.0193872
9.9955E-05 0.194163 9.9955E-05 0.142619 0.0297798 9.9955E-05 0.0402221 9.9955E-05 0.0943678 0.448864 0.049485 9.9955E-05
9.99369E-05 9.99369E-05 9.99369E-05 9.99369E-05 9.99369E-05 9.99369E-05 0.00983044 0.0767181 0.821712 9.99369E-05 0.0618323 0.0292079
9.9955E-05 0.0216075 9.9955E-05 9.9955E-05 0.00494946 0.0963622 9.9955E-05 9.9955E-05 0.00395567 0.00775996 0.862702 0.00216305
9.9955E-05 0.0154998 9.9955E-05 0.0460929 9.9955E-05 0.16184 9.9955E-05 0.00734132 9.9955E-05 0.220571 0.525808 0.0223474
9.9919E-05 9.9919E-05 0.869782 9.9919E-05 0.1101 9.9919E-05 9.9919E-05 0.0192188 9.9919E-05 9.9919E-05 9.9919E-05 9.9919E-05
9.9937E-05 0.0435249 0.827374 9.9937E-05 0.0488794 9.9937E-05 9.9937E-05 0.0510179 0.028504 9.9937E-05 9.9937E-05 9.9937E-05
9.9937E-05 0.0402131 0.786983 9.9937E-05 0.0793067 9.9937E-05 9.9937E-05 0.051452 0.0413456 9.9937E-05 9.9937E-05 9.9937E-05
0.00558756 9.99549E-05 0.252476 9.99549E-05 0.41743 9.99549E-05 0.0844884 0.0533271 0.12546 9.99549E-05 9.99549E-05 0.0607314
9.99098E-05 0.968356 0.0306446 9.99098E-05 9.99098E-05 9.99098E-05 9.99098E-05 9.99098E-05 9.99098E-05 9.99098E-05 9.99098E-05 9.99098E-05
9.99098E-05 0.984441 0.0145597 9.99098E-05 9.99098E-05 9.99098E-05 9.99098E-05 9.99098E-05 9.99098E-05 9.99098E-05 9.99098E-05 9.99098E-05
0.0233613 0.0312038 9.9937E-05 9.9937E-05 0.0445205 9.9937E-05 9.9937E-05 9.9937E-05 0.0374978 0.862717 9.9937E-05 9.9937E-05
0.0109286 0.047721 9.9973E-05 0.0124033 0.0645341 9.9973E-05 0.00363252 9.9973E-05 0.0468476 0.797556 0.00904263 0.00703454
9.9937E-05 0.0113205 9.9937E-05 9.9937E-05 9.9937E-05 0.00171387 9.9937E-05 9.9937E-05 0.0310801 0.923022 0.0321642 9.9937E-05
0.0597719 0.00540706 0.0382601 0.011392 9.9964E-05 0.76913 9.9964E-05 9.9964E-05 0.0248957 0.0116458 0.0790978 9.9964E-05
9.9937E-05 9.9937E-05 0.911422 0.0383615 9.9937E-05 0.00551257 9.9937E-05 9.9937E-05 9.9937E-05 0.00898576 9.9937E-05 0.0350183
9.9955E-05 9.9955E-05 0.899784 0.00433322 9.9955E-05 9.9955E-05 0.037825 9.9955E-05 0.00686106 0.0110725 0.011562 0.0280621
0.00953682 9.9937E-05 0.870511 0.00413182 9.9937E-05 9.9937E-05 0.0987664 9.9937E-05 9.9937E-05 9.9937E-05 9.9937E-05 0.0163546
9.9946E-05 0.0105093 0.785306 9.9946E-05 0.000760871 9.9946E-05 0.154691 0.016793 9.9946E-05 9.9946E-05 0.0313409 9.9946E-05
9.9955E-05 9.9955E-05 0.809831 0.00511304 0.0223816 0.0381475 0.0902333 9.9955E-05 9.9955E-05 9.9955E-05 0.0165589 0.0172353
9.99281E-05 9.99281E-05 0.103897 9.99281E-05 9.99281E-05 0.161112 0.0086705 9.99281E-05 9.99281E-05 9.99281E-05 0.725521 9.99281E-05
0.0239928 0.0264396 0.0811315 0.0606954 0.465839 0.00738196 0.189492 0.130255 9.9973E-05 0.0144729 9.9973E-05 9.9973E-05
9.9919E-05 0.0428383 9.9919E-05 9.9919E-05 9.9919E-05 0.944098 9.9919E-05 9.9919E-05 0.0121644 9.9919E-05 9.9919E-05 9.9919E-05
9.99281E-05 9.99281E-05 0.0611495 9.99281E-05 9.99281E-05 0.196658 9.99281E-05 9.99281E-05 9.99281E-05 9.99281E-05 0.722456 0.0189366
9.9919E-05 9.9919E-05 9.9919E-05 9.9919E-05 9.9919E-05 0.071816 9.9919E-05 0.188158 9.9919E-05 0.739127 9.9919E-05 9.9919E-05
9.991E-05 9.991E-05 9.991E-05 9.991E-05 9.991E-05 0.195237 9.991E-05 9.991E-05 9.991E-05 9.991E-05 0.803764 9.991E-05
9.99101E-05 9.99101E-05 9.99101E-05 9.99101E-05 9.99101E-05 0.258635 9.99101E-05 9.99101E-05 9.99101E-05 9.99101E-05 0.740366 9.99101E-05
9.9919E-05 9.9919E-05 9.9919E-05 9.9919E-05 9.9919E-05 0.243198 9.9919E-05 9.9919E-05 9.9919E-05 9.9919E-05 0.725591 0.0303117
9.9955E-05 9.9955E-05 0.913099 0.040583 9.9955E-05 0.00167143 0.00175647 9.9955E-05 9.9955E-05 0.0042154 0.0263679 0.0118066
9.9919E-05 9.9919E-05 0.957362 9.9919E-05 9.9919E-05 0.034453 9.9919E-05 9.9919E-05 9.9919E-05 9.9919E-05 0.00728571 9.9919E-05
9.99279E-05 9.99279E-05 0.121601 9.99279E-05 0.00927095 9.99279E-05 0.0535893 0.81474 9.99279E-05 9.99279E-05 9.99279E-05 9.99279E-05
0.00538244 9.9955E-05 0.889445 0.0404121 9.9955E-05 9.9955E-05 0.0466945 0.00112064 0.00762421 9.9955E-05 9.9955E-05 0.00882144
9.99009E-05 9.99009E-05 0.998901 9.99009E-05 9.99009E-05 9.99009E-05 9.99009E-05 9.99009E-05 9.99009E-05 9.99009E-05 9.99009E-05 9.99009E-05
9.99461E-05 9.99461E-05 0.305823 0.014833 9.99461E-05 0.0459096 0.155562 0.0144621 9.99461E-05 9.99461E-05 0.46281 9.99461E-05
9.9946E-05 0.0563669 0.717376 9.9946E-05 0.122537 9.9946E-05 0.0554093 9.9946E-05 9.9946E-05 0.00566324 9.9946E-05 0.0420475
0.00584319 0.0148024 0.715455 9.99373E-05 0.224358 9.99373E-05 0.0388414 9.99373E-05 9.99373E-05 9.99373E-05 9.99373E-05 9.99373E-05
0.216457 0.208276 0.049232 0.0130806 0.27536 9.9973E-05 0.0803165 0.105765 0.00299242 0.0482204 9.9973E-05 9.9973E-05
0.0265243 0.0225568 9.9946E-05 0.0154047 9.9946E-05 0.888867 0.0141572 9.9946E-05 9.9946E-05 9.9946E-05 0.03189 9.9946E-05
9.99461E-05 9.99461E-05 0.621847 9.99461E-05 9.99461E-05 0.131085 0.168661 0.0515172 9.99461E-05 9.99461E-05 0.0101232 0.0161675
9.9955E-05 9.9955E-05 9.9955E-05 0.435816 9.9955E-05 0.0114865 0.170346 0.0158089 9.9955E-05 0.302315 0.0110542 0.0526732
9.9937E-05 9.9937E-05 0.540937 9.9937E-05 9.9937E-05 0.0769541 0.289202 0.0133749 9.9937E-05 9.9937E-05 0.0788317 9.9937E-05
9.9937E-05 9.9937E-05 0.941935 0.0183601 9.9937E-05 9.9937E-05 9.9937E-05 9.9937E-05 0.036974 9.9937E-05 0.0016825 0.000349176
9.99281E-05 9.99281E-05 0.0352479 9.99281E-05 9.99281E-05 0.164264 9.99281E-05 9.99281E-05 9.99281E-05 9.99281E-05 0.784362 0.0153265
9.9946E-05 9.9946E-05 0.242163 9.9946E-05 9.9946E-05 0.0887362 0.0293468 9.9946E-05 0.059069 9.9946E-05 0.563649 0.0164362
0.0953454 0.00268566 9.9946E-05 0.00202134 9.9946E-05 0.837265 9.9946E-05 9.9946E-05 0.0441006 0.0179825 9.9946E-05 9.9946E-05
0.065009 0.00511258 9.9919E-05 9.9919E-05 9.9919E-05 9.9919E-05 9.9919E-05 9.9919E-05 0.928979 9.9919E-05 9.9919E-05 9.9919E-05
0.00605533 0.00287936 9.9928E-05 9.9928E-05 9.9928E-05 9.9928E-05 9.9928E-05 9.9928E-05 9.9928E-05 0.0616605 0.928605 9.9928E-05
0.92995 9.9919E-05 0.000785247 9.9919E-05 9.9919E-05 9.9919E-05 9.9919E-05 9.9919E-05 9.9919E-05 9.9919E-05 0.0683658 9.9919E-05
0.0706412 9.9946E-05 0.021432 9.9946E-05 9.9946E-05 0.872548 9.9946E-05 9.9946E-05 0.00719593 0.00736586 0.0202176 9.9946E-05
9.9937E-05 9.9937E-05 0.0359417 9.9937E-05 9.9937E-05 0.868935 0.00676929 9.9937E-05 9.9937E-05 0.0292626 0.058392 9.9937E-05
0.993088 9.99153E-05 9.99153E-05 9.99153E-05 9.99153E-05 9.99153E-05 9.99153E-05 0.00591294 9.99153E-05 9.99153E-05 9.99153E-05 9.99153E-05
9.99369E-05 9.99369E-05 9.99369E-05 9.99369E-05 9.99369E-05 0.106186 9.99369E-05 0.119791 0.487823 9.99369E-05 0.263498 0.0220025
0.0719091 9.9937E-05 0.0073532 0.00659695 9.9937E-05 0.912722 9.9937E-05 9.9937E-05 0.000719043 9.9937E-05 9.9937E-05 9.9937E-05
0.231119 0.210567 0.0615992 0.0171522 0.241874 9.9973E-05 0.0674216 0.119256 0.00885913 0.0418528 9.9973E-05 9.9973E-05
9.9928E-05 9.9928E-05 9.9928E-05 9.9928E-05 9.9928E-05 0.0246497 9.9928E-05 9.9928E-05 0.0155977 0.935856 0.0230968 9.9928E-05
9.99189E-05 9.99189E-05 9.99189E-05 9.99189E-05 9.99189E-05 0.097806 9.99189E-05 0.193678 9.99189E-05 0.707617 9.99189E-05 9.99189E-05
9.9901E-05 9.9901E-05 9.9901E-05 0.998901 9.9901E-05 9.9901E-05 9.9901E-05 9.9901E-05 9.9901E-05 9.9901E-05 9.9901E-05 9.9901E-05
9.9946E-05 0.00425759 0.00746752 9.9946E-05 9.9946E-05 0.139535 9.9946E-05 0.188355 9.9946E-05 0.659044 9.9946E-05 0.000740689
9.9955E-05 9.9955E-05 0.00133265 0.0195582 0.00723318 0.0743547 0.00250814 9.9955E-05 9.9955E-05 0.826892 0.0676214 9.9955E-05
9.9937E-05 9.9937E-05 0.0107898 9.9937E-05 0.00350779 0.580927 9.9937E-05 9.9937E-05 9.9937E-05 0.342633 0.0614433 9.9937E-05
9.99281E-05 9.99281E-05 9.99281E-05 0.0272271 9.99281E-05 0.0483831 9.99281E-05 9.99281E-05 9.99281E-05 0.864213 0.059377 9.99281E-05
0.0132128 9.99549E-05 9.99549E-05 0.021017 9.99549E-05 9.99549E-05 9.99549E-05 0.0497839 0.102936 0.223713 0.543163 0.0456755
0.0324905 0.00762579 9.9946E-05 9.9946E-05 0.027814 9.9946E-05 0.00296251 9.9946E-05 9.9946E-05 0.921563 9.9946E-05 0.00694487
0.290302 0.300264 9.9946E-05 0.0955733 9.9946E-05 9.9946E-05 9.9946E-05 9.9946E-05 0.174458 0.113775 0.0250282 9.9946E-05
0.676274 0.0574935 9.9946E-05 9.9946E-05 9.9946E-05 9.9946E-05 0.000923932 9.9946E-05 9.9946E-05 0.0946145 0.12346 0.046634
0.0122122 0.172031 9.99641E-05 0.0339876 9.99641E-05 0.160582 9.99641E-05 0.0317469 0.129974 0.165533 0.293534 9.99641E-05
0.0175298 0.00439448 0.0138784 0.00995118 9.9973E-05 0.00487538 9.9973E-05 0.0202445 0.0128006 0.866516 0.0495094 9.9973E-05
0.00660606 9.9937E-05 0.832132 0.0107754 9.9937E-05 9.9937E-05 0.133236 9.9937E-05 9.9937E-05 9.9937E-05 9.9937E-05 0.0165511
0.029166 9.9928E-05 9.9928E-05 9.9928E-05 9.9928E-05 9.9928E-05 9.9928E-05 0.00587707 9.9928E-05 0.0387978 0.92536 9.9928E-05
0.204665 0.349385 9.9937E-05 0.0617795 9.9937E-05 9.9937E-05 9.9937E-05 9.9937E-05 0.267819 0.115652 9.9937E-05 9.9937E-05
0.0515826 9.99459E-05 9.99459E-05 9.99459E-05 9.99459E-05 9.99459E-05 9.99459E-05 0.000198441 0.0391299 0.0396182 0.862358 0.00651317
9.9928E-05 0.0445513 0.718718 9.9928E-05 0.199084 9.9928E-05 0.0368473 9.9928E-05 9.9928E-05 9.9928E-05 9.9928E-05 9.9928E-05
0.0330784 9.9928E-05 9.9928E-05 9.9928E-05 0.00683863 0.94946 0.00982339 9.9928E-05 9.9928E-05 9.9928E-05 9.9928E-05 9.9928E-05
9.9919E-05 9.9919E-05 9.9919E-05 0.951733 0.0404304 0.00693775 9.9919E-05 9.9919E-05 9.9919E-05 9.9919E-05 9.9919E-05 9.9919E-05
0.0449396 0.00695335 9.9955E-05 0.700342 0.0514783 0.030209 0.111457 9.9955E-05 9.9955E-05 0.0541211 9.9955E-05 9.9955E-05
9.99281E-05 9.99281E-05 9.99281E-05 0.028856 9.99281E-05 0.00256536 9.99281E-05 9.99281E-05 0.0327644 0.935015 9.99281E-05 9.99281E-05
9.9937E-05 9.9937E-05 9.9937E-05 0.0351133 9.9937E-05 0.173942 9.9937E-05 0.0161986 9.9937E-05 0.234868 0.539178 9.9937E-05
0.00560499 0.00419242 9.99369E-05 9.99369E-05 9.99369E-05 0.984487 9.99369E-05 0.00370916 0.00130732 9.99369E-05 9.99369E-05 9.99369E-05
9.991E-05 9.991E-05 9.991E-05 9.991E-05 9.991E-05 0.992069 9.991E-05 0.00693152 9.991E-05 9.991E-05 9.991E-05 9.991E-05
9.9973E-05 0.00865591 0.037474 9.9973E-05 0.036106 0.181454 0.0651183 0.111297 0.010901 9.9973E-05 0.531112 0.0175822
9.99551E-05 0.00590732 9.99551E-05 0.0079624 9.99551E-05 0.122443 9.99551E-05 0.00802118 9.99551E-05 0.281474 0.573427 0.000266455
9.9937E-05 0.0539528 0.78137 9.9937E-05 0.114348 9.9937E-05 9.9937E-05 0.0480582 0.00157169 9.9937E-05 9.9937E-05 9.9937E-05
9.99098E-05 0.998704 0.000296621 9.99098E-05 9.99098E-05 9.99098E-05 9.99098E-05 9.99098E-05 9.99098E-05 9.99098E-05 9.99098E-05 9.99098E-05
9.99189E-05 9.99189E-05 0.386659 9.99189E-05 0.5561 9.99189E-05 9.99189E-05 9.99189E-05 9.99189E-05 9.99189E-05 9.99189E-05 0.0563416
9.99279E-05 9.99279E-05 9.99279E-05 0.0596377 0.870076 9.99279E-05 9.99279E-05 9.99279E-05 9.99279E-05 9.99279E-05 0.0240959 0.0453912
9.9928E-05 9.9928E-05 9.9928E-05 0.0438639 0.932739 0.0223623 9.9928E-05 9.9928E-05 9.9928E-05 9.9928E-05 0.000235323 9.9928E-05
9.99459E-05 0.0189975 0.139805 9.99459E-05 0.671395 0.0148886 0.147268 9.99459E-05 9.99459E-05 9.99459E-05 9.99459E-05 0.00704636
9.99098E-05 0.991271 0.00772993 9.99098E-05 9.99098E-05 9.99098E-05 9.99098E-05 9.99098E-05 9.99098E-05 9.99098E-05 9.99098E-05 9.99098E-05
9.9946E-05 9.9946E-05 9.9946E-05 0.0371739 0.818648 0.0010789 9.9946E-05 0.0392489 9.9946E-05 9.9946E-05 0.0298627 0.0733879
9.9928E-05 0.0221416 0.0578192 9.9928E-05 0.705712 9.9928E-05 0.213528 9.9928E-05 9.9928E-05 9.9928E-05 9.9928E-05 9.9928E-05
0.179577 0.421975 9.99549E-05 0.0400507 0.13804 0.0517596 9.99549E-05 9.99549E-05 0.136196 0.0319029 9.99549E-05 9.99549E-05
9.9928E-05 9.9928E-05 0.174342 9.9928E-05 0.730174 9.9928E-05 0.0574849 0.0371996 9.9928E-05 9.9928E-05 9.9928E-05 9.9928E-05
0.128533 0.480814 9.9964E-05 0.0535875 0.145718 0.0198733 9.9964E-05 9.9964E-05 0.108194 0.0606613 9.9964E-05 0.00221878
0.716704 9.9946E-05 9.9946E-05 0.000454428 9.9946E-05 0.0562961 9.9946E-05 0.0289134 0.130161 9.9946E-05 0.0668722 9.9946E-05
0.141998 9.99189E-05 9.99189E-05 0.02143 9.99189E-05 9.99189E-05 9.99189E-05 0.835672 9.99189E-05 9.99189E-05 9.99189E-05 9.99189E-05
9.9964E-05 0.0854308 0.145278 0.00605806 0.514868 9.9964E-05 0.0811889 0.0272217 0.106051 9.9964E-05 0.0335035 9.9964E-05
9.9973E-05 0.0463064 0.103342 0.00257928 0.470279 9.9973E-05 0.0527463 0.023789 0.177412 9.9973E-05 0.0824855 0.0407619
9.99008E-05 0.998901 9.99008E-05 9.99008E-05 9.99008E-05 9.99008E-05 9.99008E-05 9.99008E-05 9.99008E-05 9.99008E-05 9.99008E-05 9.99008E-05
9.99549E-05 0.040538 0.168113 0.0321428 0.670676 9.99549E-05 0.0744119 0.00539112 9.99549E-05 9.99549E-05 9.99549E-05 0.00822809
0.0484958 9.99281E-05 9.99281E-05 9.99281E-05 0.0117829 9.99281E-05 9.99281E-05 9.99281E-05 9.99281E-05 0.13493 0.803992 9.99281E-05
9.9937E-05 0.0362072 0.79892 9.9937E-05 0.119076 9.9937E-05 9.9937E-05 0.0434335 9.9937E-05 9.9937E-05 0.00166354 9.9937E-05
0.00505796 9.9937E-05 9.9937E-05 0.0248942 0.927518 0.0401293 9.9937E-05 9.9937E-05 9.9937E-05 0.00170124 9.9937E-05 9.9937E-05
9.9937E-05 0.100077 0.168174 9.9937E-05 0.55541 9.9937E-05 0.135866 0.0397737 9.9937E-05 9.9937E-05 9.9937E-05 9.9937E-05
9.9955E-05 0.0181135 0.0390949 0.0364265 0.79049 9.9955E-05 0.0116256 0.00721163 9.9955E-05 9.9955E-05 9.9955E-05 0.0965386
9.9937E-05 9.9937E-05 0.0157937 0.0407735 0.824549 9.9937E-05 0.110381 0.00780267 9.9937E-05 9.9937E-05 9.9937E-05 9.9937E-05
9.9919E-05 9.9919E-05 9.9919E-05 9.9919E-05 9.9919E-05 0.119589 9.9919E-05 0.194301 9.9919E-05 0.685211 9.9919E-05 9.9919E-05
9.99549E-05 9.99549E-05 9.99549E-05 0.0368375 9.99549E-05 0.0188517 9.99549E-05 0.0637983 0.0838459 0.331394 0.416743 0.0480298
0.00627627 9.9928E-05 0.673919 9.9928E-05 0.294873 9.9928E-05 0.0241329 9.9928E-05 9.9928E-05 9.9928E-05 9.9928E-05 9.9928E-05
0.0174888 9.99369E-05 9.99369E-05 9.99369E-05 9.99369E-05 9.99369E-05 9.99369E-05 9.99369E-05 0.0460829 0.0618563 0.873129 0.000743775
0.0184298 9.99369E-05 0.0242073 9.99369E-05 9.99369E-05 0.0988751 9.99369E-05 0.208755 9.99369E-05 0.649034 9.99369E-05 9.99369E-05
0.0866014 0.0515402 9.99279E-05 9.99279E-05 9.99279E-05 0.022794 9.99279E-05 9.99279E-05 0.838265 9.99279E-05 9.99279E-05 9.99279E-05
9.991E-05 9.991E-05 0.997243 9.991E-05 9.991E-05 9.991E-05 9.991E-05 0.00175821 9.991E-05 9.991E-05 9.991E-05 9.991E-05
9.99191E-05 9.99191E-05 0.97023 0.0223748 9.99191E-05 9.99191E-05 0.00649567 9.99191E-05 9.99191E-05 9.99191E-05 9.99191E-05 9.99191E-05
9.9937E-05 9.9937E-05 0.882384 0.0346227 9.9937E-05 9.9937E-05 9.9937E-05 0.0113707 9.9937E-05 9.9937E-05 0.0125915 0.0583311
9.9919E-05 9.9919E-05 0.961259 0.0036905 9.9919E-05 9.9919E-05 9.9919E-05 9.9919E-05 9.9919E-05 9.9919E-05 9.9919E-05 0.0341513
0.0691907 0.00432979 0.0384797 0.0101338 9.9964E-05 0.739199 0.000612613 9.9964E-05 0.0529775 9.9964E-05 0.0846774 9.9964E-05
9.9964E-05 0.00884062 0.792797 0.0305712 9.9964E-05 0.00865047 0.0642086 0.0287197 9.9964E-05 0.0646349 0.00117815 9.9964E-05
9.99279E-05 9.99279E-05 9.99279E-05 9.99279E-05 9.99279E-05 0.130503 9.99279E-05 0.187949 9.99279E-05 0.667652 9.99279E-05 0.0130966
0.0138638 0.0414989 9.9937E-05 9.9937E-05 9.9937E-05 9.9937E-05 9.9937E-05 9.9937E-05 0.00937949 0.916103 9.9937E-05 0.0184552
9.9937E-05 9.9937E-05 9.9937E-05 0.0187227 9.9937E-05 0.042787 9.9937E-05 9.9937E-05 9.9937E-05 0.869544 0.0376568 0.0305898
9.9946E-05 0.0212588 0.00608365 0.0218033 9.9946E-05 0.0246362 9.9946E-05 9.9946E-05 0.000151622 0.925467 9.9946E-05 9.9946E-05
9.9955E-05 9.9955E-05 9.9955E-05 0.0589578 9.9955E-05 0.00458132 0.00559265 0.0156903 9.9955E-05 0.872408 0.0369561 0.00531414
0.00917186 9.99459E-05 9.99459E-05 0.0771277 0.741831 9.99459E-05 9.99459E-05 9.99459E-05 0.00573174 0.020578 9.99459E-05 0.14496
0.0110977 9.99459E-05 9.99459E-05 0.0791232 0.730157 9.99459E-05 9.99459E-05 9.99459E-05 9.99459E-05 0.0175769 0.0253666 0.136079
0.0145978 0.0164718 9.9964E-05 9.9964E-05 0.0601936 0.0361525 9.9964E-05 9.9964E-05 0.00207472 0.00519328 0.0219549 0.842962
9.9937E-05 0.0253673 0.105225 9.9937E-05 9.9937E-05 9.9937E-05 0.00711863 9.9937E-05 9.9937E-05 0.0179758 9.9937E-05 0.843613
9.9928E-05 0.0350649 0.0102627 9.9928E-05 9.9928E-05 9.9928E-05 9.9928E-05 0.0414606 9.9928E-05 9.9928E-05 9.9928E-05 0.912412
0.574331 9.9973E-05 0.0125789 9.9973E-05 9.9973E-05 0.0281508 0.00108952 0.00158844 0.048201 0.0247985 0.0184059 0.290556
