9.9964E-05 9.9964E-05 0.0403503 0.174529 9.9964E-05 9.9964E-05 0.0530496 0.697338 0.0343334
0.0020885 0.0260188 0.000931533 0.309965 9.9991E-05 0.0153737 0.0417477 0.308455 0.29532
0.0261684 0.00687685 0.0313538 0.231284 9.9991E-05 0.0111638 0.103189 0.282071 0.307793
9.9964E-05 9.9964E-05 0.0434975 0.211634 9.9964E-05 9.9964E-05 0.0368546 0.6768 0.0308139
0.0161676 0.10506 9.9955E-05 9.9955E-05 9.9955E-05 0.0145814 9.9955E-05 9.9955E-05 0.863691
9.9973E-05 9.9973E-05 0.000764696 0.342977 9.9973E-05 0.0749644 0.0427783 0.282713 0.255502
0.524872 9.99371E-05 9.99371E-05 9.99371E-05 0.474429 9.99371E-05 9.99371E-05 9.99371E-05 9.99371E-05
0.976241 9.9946E-05 9.9946E-05 9.9946E-05 0.00277272 9.9946E-05 9.9946E-05 0.0203862 9.9946E-05
0.974272 9.9937E-05 9.9937E-05 0.0250282 9.9937E-05 9.9937E-05 9.9937E-05 9.9937E-05 9.9937E-05
0.978339 0.00392832 9.9955E-05 9.9955E-05 9.9955E-05 9.9955E-05 9.9955E-05 0.00911889 0.00811416
9.9964E-05 9.9964E-05 0.0277107 0.0317193 0.152586 9.9964E-05 0.769111 9.9964E-05 0.018473
0.0212633 9.9955E-05 9.9955E-05 9.9955E-05 0.0168867 9.9955E-05 0.898681 0.0626688 9.9955E-05
0.0170103 9.9964E-05 9.9964E-05 9.9964E-05 0.0732565 0.0187032 0.87424 0.0163898 9.9964E-05
9.9946E-05 0.0146884 9.9946E-05 9.9946E-05 0.0774387 9.9946E-05 0.907273 9.9946E-05 9.9946E-05
0.0228487 9.9964E-05 0.0344245 9.9964E-05 0.017835 0.822237 9.9964E-05 0.102254 9.9964E-05
0.968105 0.0105541 9.9955E-05 9.9955E-05 0.00374926 9.9955E-05 9.9955E-05 0.0170922 9.9955E-05
0.0156551 9.9946E-05 9.9946E-05 9.9946E-05 0.919165 9.9946E-05 9.9946E-05 0.0645801 9.9946E-05
0.011194 9.99551E-05 9.99551E-05 9.99551E-05 9.99551E-05 0.874519 0.0956175 0.0181693 9.99551E-05
0.0134853 0.0572645 0.0389851 9.9973E-05 9.9973E-05 0.554594 0.224977 0.110394 9.9973E-05
0.0177781 9.9964E-05 0.0154705 9.9964E-05 0.0160131 0.351451 0.598888 9.9964E-05 9.9964E-05
0.0399382 0.0764424 9.9964E-05 9.9964E-05 9.9964E-05 0.796369 0.0461688 0.0406814 9.9964E-05
0.0288124 9.9973E-05 0.00122896 0.00966342 9.9973E-05 0.0727204 0.879184 0.00809119 9.9973E-05
9.9955E-05 9.9955E-05 9.9955E-05 0.00500021 0.0137798 0.892264 0.0884558 9.9955E-05 9.9955E-05
0.0143096 9.9973E-05 0.00972142 0.0324425 9.9973E-05 0.0890572 0.778276 0.0758936 9.9973E-05
9.9946E-05 9.9946E-05 9.9946E-05 9.9946E-05 9.9946E-05 0.0488021 0.92521 0.0253879 9.9946E-05
9.99559E-05 0.0315314 9.99559E-05 0.00359886 0.048944 0.915426 9.99559E-05 9.99559E-05 9.99559E-05
0.019749 9.9955E-05 9.9955E-05 0.00960202 9.9955E-05 0.860511 0.109638 9.9955E-05 9.9955E-05
9.9964E-05 0.0437538 0.0169335 0.0598795 9.9964E-05 0.596381 0.282652 9.9964E-05 9.9964E-05
0.0142909 9.9955E-05 0.0248002 9.9955E-05 9.9955E-05 0.903249 0.0571603 9.9955E-05 9.9955E-05
9.9973E-05 0.00627281 9.9973E-05 0.010917 9.9973E-05 0.934032 0.0365862 0.0117281 0.000164328
9.9955E-05 0.00160033 0.0179825 9.9955E-05 9.9955E-05 0.047182 0.932735 9.9955E-05 9.9955E-05
9.9937E-05 9.9937E-05 9.9937E-05 9.9937E-05 0.179588 9.9937E-05 0.819713 9.9937E-05 9.9937E-05
9.99461E-05 9.99461E-05 9.99461E-05 9.99461E-05 0.0121098 0.894537 0.0927534 9.99461E-05 9.99461E-05
0.00780311 0.0321339 9.9973E-05 0.00477949 9.9973E-05 0.157312 0.767719 0.0299531 9.9973E-05
9.9955E-05 9.9955E-05 9.9955E-05 9.9955E-05 9.9955E-05 0.948413 0.0456527 0.00407479 0.00135972
9.9946E-05 0.027476 9.9946E-05 9.9946E-05 9.9946E-05 0.016291 0.955633 9.9946E-05 9.9946E-05
9.99461E-05 9.99461E-05 9.99461E-05 9.99461E-05 9.99461E-05 0.903382 0.0884664 9.99461E-05 0.00755212
0.0160582 9.9964E-05 0.0195391 9.9964E-05 9.9964E-05 0.0288559 0.932778 0.0023686 9.9964E-05
9.9964E-05 0.14165 0.0687503 0.0913347 9.9964E-05 9.9964E-05 9.9964E-05 0.591273 0.106593
9.9937E-05 9.9937E-05 9.9937E-05 0.371255 9.9937E-05 9.9937E-05 9.9937E-05 9.9937E-05 0.628045
9.9955E-05 9.9955E-05 9.9955E-05 0.00577815 0.164758 9.9955E-05 0.739582 9.9955E-05 0.0893823
9.99371E-05 9.99371E-05 9.99371E-05 9.99371E-05 9.99371E-05 0.9384 0.0609002 9.99371E-05 9.99371E-05
0.0076973 9.99551E-05 0.0237706 9.99551E-05 9.99551E-05 0.0445989 0.923433 9.99551E-05 9.99551E-05
9.9964E-05 9.9964E-05 0.0653388 0.588056 0.273553 9.9964E-05 0.017418 0.0552347 9.9964E-05
0.0420053 0.050872 0.0187153 9.9973E-05 9.9973E-05 0.524906 0.253866 0.109335 9.9973E-05
0.0331137 0.0289018 0.00567082 0.00499719 0.0946421 0.383458 0.449016 9.9982E-05 9.9982E-05
0.017827 0.00656095 0.0118666 9.9982E-05 9.9982E-05 0.853545 0.0492317 0.043992 0.0167764
9.999E-05 0.0226692 0.0410352 0.339859 0.00495013 0.0385031 0.0365247 0.199186 0.317173
9.9964E-05 0.0792651 0.492293 0.281457 9.9964E-05 9.9964E-05 9.9964E-05 0.0575953 0.0889898
9.9946E-05 0.0403092 9.9946E-05 9.9946E-05 0.213774 9.9946E-05 9.9946E-05 0.745317 9.9946E-05
9.9946E-05 9.9946E-05 9.9946E-05 9.9946E-05 0.0472689 9.9946E-05 0.155702 0.79643 9.9946E-05
0.00152807 0.0156665 9.9973E-05 9.9973E-05 0.0286674 0.00120849 0.198722 0.753908 9.9973E-05
0.00174085 9.9955E-05 9.9955E-05 9.9955E-05 0.0422744 9.9955E-05 0.0126071 0.942878 9.9955E-05
0.938615 9.9964E-05 9.9964E-05 9.9964E-05 0.0111812 0.00830662 0.010465 9.9964E-05 0.0310319
0.961021 9.9955E-05 0.0044084 9.9955E-05 9.9955E-05 9.9955E-05 0.0213954 0.0126758 9.9955E-05
0.0288845 9.99461E-05 9.99461E-05 9.99461E-05 0.45213 9.99461E-05 0.518385 9.99461E-05 9.99461E-05
0.0140167 9.9946E-05 9.9946E-05 9.9946E-05 9.9946E-05 0.057733 0.927651 9.9946E-05 9.9946E-05
0.00625096 0.74133 9.99639E-05 9.99639E-05 9.99639E-05 0.159082 0.0423323 0.0506057 9.99639E-05
9.9955E-05 0.0933959 9.9955E-05 0.0143008 9.9955E-05 9.9955E-05 9.9955E-05 0.0349327 0.856871
9.9955E-05 0.257983 0.204466 0.186298 9.9955E-05 9.9955E-05 9.9955E-05 9.9955E-05 0.350753
9.9946E-05 9.9946E-05 9.9946E-05 0.0143091 0.972632 9.9946E-05 9.9946E-05 0.0124594 9.9946E-05
9.9964E-05 9.9964E-05 9.9964E-05 9.9964E-05 0.675634 0.0280482 0.0328995 0.224777 0.0382412
9.9973E-05 9.9973E-05 0.081816 0.00177502 0.668816 9.9973E-05 0.0413455 0.201105 0.00484273
0.976702 9.9946E-05 9.9946E-05 9.9946E-05 9.9946E-05 9.9946E-05 0.0162933 0.00640505 9.9946E-05
9.9946E-05 0.158948 9.9946E-05 0.0983218 9.9946E-05 9.9946E-05 9.9946E-05 9.9946E-05 0.742131
9.9937E-05 9.9937E-05 9.9937E-05 9.9937E-05 0.982239 0.0170614 9.9937E-05 9.9937E-05 9.9937E-05
0.0155782 0.174068 0.00615461 0.0620491 9.9973E-05 9.9973E-05 9.9973E-05 0.704821 0.0370295
9.9946E-05 9.9946E-05 9.9946E-05 9.9946E-05 0.0434568 0.0369529 0.918991 9.9946E-05 9.9946E-05
0.000214583 0.00501957 9.99551E-05 9.99551E-05 0.0503921 9.99551E-05 0.943874 9.99551E-05 9.99551E-05
0.792742 0.0317485 0.0300164 9.9982E-05 0.0022768 0.037004 9.9982E-05 0.0847359 0.0212769
0.807108 9.9982E-05 0.0352606 9.9982E-05 0.0152514 0.0374681 0.00249612 0.0901982 0.0120173
0.884621 0.00380938 0.001818 0.000804265 0.0134203 0.0111569 0.0117128 0.0725576 9.9991E-05
0.966378 0.00524923 9.9955E-05 9.9955E-05 0.00479853 9.9955E-05 9.9955E-05 9.9955E-05 0.0230747
0.959752 0.00666487 9.9955E-05 9.9955E-05 0.0167368 9.9955E-05 9.9955E-05 0.0163462 9.9955E-05
0.97659 9.9964E-05 9.9964E-05 9.9964E-05 9.9964E-05 0.00501454 0.00425468 0.00317724 0.0105639
0.977945 9.9955E-05 9.9955E-05 0.00331809 9.9955E-05 0.0127795 9.9955E-05 0.00545791 9.9955E-05
0.987564 9.9937E-05 9.9937E-05 9.9937E-05 9.9937E-05 9.9937E-05 0.0117359 9.9937E-05 9.9937E-05
0.96706 0.0165454 9.9955E-05 0.00463344 0.0112614 9.9955E-05 9.9955E-05 9.9955E-05 9.9955E-05
0.999201 9.993E-05 9.993E-05 9.993E-05 9.993E-05 9.993E-05 9.993E-05 9.993E-05 9.993E-05
0.952545 0.0269823 9.9973E-05 0.00234769 0.00710505 0.00873121 0.00198884 9.9973E-05 9.9973E-05
0.941545 0.0203095 0.00398218 9.9964E-05 0.0202409 9.9964E-05 0.0135228 9.9964E-05 9.9964E-05
0.93827 0.0130148 9.9982E-05 9.9982E-05 0.00997643 0.005721 0.00468333 0.0263292 0.00180571
0.531799 0.014514 9.9955E-05 9.9955E-05 9.9955E-05 0.370354 0.0828324 9.9955E-05 9.9955E-05
0.554743 9.99461E-05 9.99461E-05 9.99461E-05 9.99461E-05 0.420708 0.0239491 9.99461E-05 9.99461E-05
0.999201 9.993E-05 9.993E-05 9.993E-05 9.993E-05 9.993E-05 9.993E-05 9.993E-05 9.993E-05
0.955399 0.00119669 9.99461E-05 9.99461E-05 9.99461E-05 9.99461E-05 9.99461E-05 0.0428047 9.99461E-05
0.902945 9.9973E-05 9.9973E-05 0.0174004 0.00934216 0.0102816 0.0169432 0.0427878 9.9973E-05
0.93325 9.9964E-05 0.0065964 9.9964E-05 9.9964E-05 0.023144 9.9964E-05 0.0105598 0.0260498
0.999201 9.993E-05 9.993E-05 9.993E-05 9.993E-05 9.993E-05 9.993E-05 9.993E-05 9.993E-05
0.533384 9.99461E-05 9.99461E-05 9.99461E-05 9.99461E-05 0.437214 0.0288018 9.99461E-05 9.99461E-05
0.876308 9.9973E-05 0.0299057 9.9973E-05 0.00678801 0.0360641 0.029903 9.9973E-05 0.0207312
0.945888 9.99551E-05 9.99551E-05 0.0107819 0.0277521 9.99551E-05 9.99551E-05 9.99551E-05 0.0150785
0.944575 9.9955E-05 0.00123545 9.9955E-05 9.9955E-05 9.9955E-05 9.9955E-05 0.0432156 0.0104746
0.9465 0.00471102 9.9955E-05 0.0367287 9.9955E-05 9.9955E-05 9.9955E-05 0.0115603 9.9955E-05
0.871839 9.9982E-05 0.0200032 9.9982E-05 0.010907 0.0200428 0.0244924 0.0453804 0.00713568
0.950002 9.9946E-05 9.9946E-05 9.9946E-05 0.00619371 9.9946E-05 9.9946E-05 0.043205 9.9946E-05
9.9982E-05 9.9982E-05 0.0160937 0.0482734 0.210317 0.617444 0.00407165 0.0191122 0.0844875
0.963112 0.00943509 0.00438599 0.0160646 9.99641E-05 0.00660249 9.99641E-05 9.99641E-05 9.99641E-05
0.989466 9.9937E-05 9.9937E-05 9.9937E-05 9.9937E-05 0.00983447 9.9937E-05 9.9937E-05 9.9937E-05
0.715208 0.0228167 9.9982E-05 0.120609 0.0414652 0.0728154 0.00480151 9.9982E-05 0.0220836
0.999201 9.993E-05 9.993E-05 9.993E-05 9.993E-05 9.993E-05 9.993E-05 9.993E-05 9.993E-05
0.972677 9.9946E-05 9.9946E-05 9.9946E-05 9.9946E-05 0.0149993 0.0117242 9.9946E-05 9.9946E-05
0.951206 9.9973E-05 0.00783389 0.0064402 9.9973E-05 0.0123478 0.000313262 0.0215591 9.9973E-05
0.98618 9.9946E-05 0.00761917 9.9946E-05 9.9946E-05 9.9946E-05 9.9946E-05 9.9946E-05 0.00560118
0.0136055 0.0201308 9.9964E-05 0.0070445 0.0519386 0.906881 9.9964E-05 9.9964E-05 9.9964E-05
0.999201 9.993E-05 9.993E-05 9.993E-05 9.993E-05 9.993E-05 9.993E-05 9.993E-05 9.993E-05
0.940292 9.9946E-05 0.0356558 9.9946E-05 9.9946E-05 9.9946E-05 9.9946E-05 0.023453 9.9946E-05
0.999201 9.99314E-05 9.99314E-05 9.99314E-05 9.99314E-05 9.99314E-05 9.99314E-05 9.99314E-05 9.99314E-05
0.0116213 9.9964E-05 9.9964E-05 0.0261643 0.130422 0.597096 0.234296 9.9964E-05 9.9964E-05
0.909912 9.9973E-05 0.00700394 9.9973E-05 9.9973E-05 0.00969179 0.017387 0.0262141 0.0294913
0.93725 9.9955E-05 0.000747261 9.9955E-05 9.9955E-05 9.9955E-05 0.0201039 0.041399 9.9955E-05
0.961928 0.000989762 9.9955E-05 0.0171687 9.9955E-05 0.0194138 9.9955E-05 9.9955E-05 9.9955E-05
0.978162 9.9946E-05 9.9946E-05 9.9946E-05 0.00755765 9.9946E-05 9.9946E-05 0.0136811 9.9946E-05
0.0236336 0.0423551 9.9973E-05 9.9973E-05 0.0114083 0.647528 0.25278 0.0219955 9.9973E-05
0.985877 9.9946E-05 9.9946E-05 0.0079149 9.9946E-05 9.9946E-05 9.9946E-05 9.9946E-05 0.0056084
0.919208 9.9955E-05 9.9955E-05 0.0160854 9.9955E-05 9.9955E-05 9.9955E-05 0.0521659 0.012041
0.521397 9.99461E-05 9.99461E-05 9.99461E-05 9.99461E-05 0.455343 0.0226595 9.99461E-05 9.99461E-05
0.999201 9.993E-05 9.993E-05 9.993E-05 9.993E-05 9.993E-05 9.993E-05 9.993E-05 9.993E-05
0.00885369 0.0509389 9.9964E-05 9.9964E-05 0.0203981 0.1862 0.73321 9.9964E-05 9.9964E-05
9.9955E-05 0.0441998 9.9955E-05 9.9955E-05 9.9955E-05 0.249023 0.682005 9.9955E-05 0.0242726
0.00647844 0.00477344 9.9973E-05 0.0462737 9.9973E-05 0.0586781 0.859828 0.0236688 9.9973E-05
0.0433268 9.9964E-05 9.9964E-05 9.9964E-05 0.0368415 0.858199 0.0604061 9.9964E-05 0.000826724
0.0605347 0.0533689 0.0235289 9.9982E-05 0.762281 9.9982E-05 0.00790767 0.0890541 0.00312443
0.0467709 9.9964E-05 9.9964E-05 0.0510429 0.00424466 0.0713958 0.826146 9.9964E-05 9.9964E-05
9.9982E-05 0.0348541 0.0218496 0.00496351 0.372949 0.207084 0.327401 9.9982E-05 0.0306991
0.0292938 9.9973E-05 0.0120683 0.00693028 9.9973E-05 0.173779 0.746428 9.9973E-05 0.0312006
9.9964E-05 0.0327965 0.0281494 9.9964E-05 0.0108494 0.265446 0.662359 9.9964E-05 9.9964E-05
0.0244937 0.0350165 0.00711902 9.9982E-05 0.014525 0.202797 0.695912 0.0199376 9.9982E-05
9.9973E-05 0.0206616 0.0443897 0.0309224 9.9973E-05 0.247022 0.605994 9.9973E-05 0.0507105
9.9964E-05 0.0387228 0.0569982 9.9964E-05 9.9964E-05 0.293121 0.586802 9.9964E-05 0.0239557
9.9955E-05 0.0118 9.9955E-05 9.9955E-05 9.9955E-05 0.00775466 0.939691 9.9955E-05 0.0402542
0.0299657 9.9964E-05 0.0105316 0.0222728 0.0839128 9.9964E-05 0.852917 9.9964E-05 9.9964E-05
0.0374108 9.9964E-05 0.00292332 9.9964E-05 0.109474 9.9964E-05 0.836753 9.9964E-05 0.0130386
0.0293131 0.061332 0.0620852 9.9982E-05 0.0288222 0.747308 0.0703502 0.000589031 9.9982E-05
0.013035 9.9937E-05 9.9937E-05 0.986265 9.9937E-05 9.9937E-05 9.9937E-05 9.9937E-05 9.9937E-05
0.0375784 0.0562294 9.9964E-05 0.902213 9.9964E-05 9.9964E-05 9.9964E-05 0.00115953 0.00241992
9.9982E-05 0.0743013 0.0268705 0.215781 0.0176133 9.9982E-05 0.0264599 0.0439391 0.594835
0.092446 0.0939061 0.0333007 0.0232126 0.319426 0.333271 0.0619384 0.0399236 0.0025753
0.012489 9.9955E-05 0.0174596 0.948535 9.9955E-05 9.9955E-05 9.9955E-05 0.0210162 9.9955E-05
9.9955E-05 0.0492149 9.9955E-05 0.901095 9.9955E-05 9.9955E-05 0.00070775 0.0484822 9.9955E-05
0.126235 0.00986794 9.9982E-05 0.0246348 0.25762 0.148945 0.365184 9.9982E-05 0.0673137
9.9955E-05 0.146346 0.263704 0.172697 9.9955E-05 9.9955E-05 9.9955E-05 9.9955E-05 0.416754
0.0193736 0.119262 0.297461 0.0864879 0.0346128 0.0392309 9.9982E-05 9.9982E-05 0.403372
9.9982E-05 0.0759596 0.381997 0.0666511 0.000968729 0.0102091 9.9982E-05 0.0137393 0.450275
0.023285 0.0185907 0.572146 9.9982E-05 0.0408069 0.0343367 9.9982E-05 0.0663829 0.244251
0.0265343 0.0211861 0.582929 9.9982E-05 0.0265439 0.0459461 9.9982E-05 0.0350889 0.261572
9.9982E-05 0.0167453 0.386647 0.0812713 0.0209626 0.0290844 9.9982E-05 0.0422767 0.422813
0.00132368 9.99549E-05 0.0224449 9.99549E-05 0.748333 9.99549E-05 9.99549E-05 0.227399 9.99549E-05
9.9964E-05 9.9964E-05 0.0155673 0.273117 0.024165 0.0260708 9.9964E-05 9.9964E-05 0.66068
0.0157229 9.9973E-05 9.9973E-05 0.00754089 0.0152895 0.904803 9.9973E-05 0.0450065 0.0113369
0.027372 0.00295718 9.9973E-05 0.0153312 0.0221972 0.925671 0.00617153 9.9973E-05 9.9973E-05
0.0105366 0.0679976 0.00146786 0.069042 0.00297986 0.000452607 9.9991E-05 0.0379279 0.809496
0.0826772 0.0597583 0.104584 0.0478613 0.0329113 0.208092 0.197462 0.115264 0.15139
9.9982E-05 0.010992 0.0266829 0.0485002 0.756626 0.0294587 0.0309473 0.0965928 9.9982E-05
9.9964E-05 9.9964E-05 0.0214687 0.0451105 0.161038 9.9964E-05 0.711719 9.9964E-05 0.060264
0.0115879 0.000208615 0.0316758 9.9973E-05 0.0744847 0.822609 0.0591342 9.9973E-05 9.9973E-05
9.9973E-05 9.9973E-05 0.0316824 0.247393 0.176656 0.00875036 0.508888 9.9973E-05 0.0263311
9.9973E-05 0.022657 0.0367351 0.0493706 0.801447 0.0562493 9.9973E-05 0.0332407 9.9973E-05
0.0105148 9.9982E-05 0.164513 0.724477 0.00678281 0.0642062 0.00161032 0.0276959 9.9982E-05
0.0011557 0.0431303 9.9955E-05 9.9955E-05 0.840468 9.9955E-05 9.9955E-05 0.114746 9.9955E-05
0.0630675 0.35018 0.0260298 9.9982E-05 9.9982E-05 0.0966367 0.0914068 0.371657 0.000822592
0.0233673 9.9955E-05 0.00640631 9.9955E-05 0.0424275 0.927299 9.9955E-05 9.9955E-05 9.9955E-05
0.013337 9.9973E-05 9.9973E-05 0.314785 0.032136 0.00759028 0.00580161 9.9973E-05 0.626051
0.0181204 0.0175195 0.0232014 9.9973E-05 0.0855235 9.9973E-05 0.455586 9.9973E-05 0.399749
0.0099988 9.9964E-05 0.0239503 9.9964E-05 9.9964E-05 0.0715768 0.0455146 9.9964E-05 0.84856
0.0280311 9.9991E-05 0.0378213 0.103818 0.381829 0.0297992 0.291865 0.0822452 0.0444905
9.993E-05 9.993E-05 9.993E-05 9.993E-05 9.993E-05 9.993E-05 9.993E-05 9.993E-05 0.999201
9.9955E-05 9.9955E-05 9.9955E-05 9.9955E-05 0.895906 0.00643968 0.0712255 9.9955E-05 0.0259287
0.0370286 9.9964E-05 9.9964E-05 9.9964E-05 0.0567078 0.0727964 0.0439127 9.9964E-05 0.789155
0.0442094 9.9973E-05 0.0069448 0.00513496 0.105783 0.019987 9.9973E-05 9.9973E-05 0.817641
0.00196874 9.9982E-05 0.0049051 0.0206355 0.0430694 0.835587 0.0200058 9.9982E-05 0.0736286
9.99731E-05 0.0902583 9.99731E-05 0.307805 0.0810408 0.388618 0.119653 9.99731E-05 0.0123246
0.0149405 9.9982E-05 0.0338323 0.0356379 0.258455 0.329431 0.270128 9.9982E-05 0.0573753
0.0170488 0.0245529 0.804207 9.9982E-05 9.9982E-05 0.0247272 0.00885865 0.0307921 0.0896135
9.9964E-05 0.0365985 0.922326 9.9964E-05 0.0246409 9.9964E-05 0.0123806 9.9964E-05 0.00365373
9.9973E-05 0.0651244 0.866788 9.9973E-05 0.0267809 0.00962708 9.9973E-05 0.0195967 0.0117832
0.0148665 0.0582772 0.849332 9.9982E-05 0.0307654 0.00888316 0.0180625 0.0196138 9.9982E-05
9.9955E-05 0.0352235 0.0249728 9.9955E-05 9.9955E-05 0.936252 9.9955E-05 0.0030523 9.9955E-05
9.9964E-05 0.0695242 9.9964E-05 9.9964E-05 9.9964E-05 0.878858 0.00434588 0.0242026 0.0226689
0.0313802 9.9982E-05 0.0331701 0.0130861 0.00837809 0.777521 0.0730494 0.0632154 9.9982E-05
9.9964E-05 0.0172115 0.424422 0.205869 9.9964E-05 9.9964E-05 9.9964E-05 0.0923057 0.259792
0.130321 0.0608667 0.122972 0.0762746 0.0579493 0.223357 0.0920779 0.125812 0.110369
0.114383 0.32246 0.0224935 9.9982E-05 0.0318068 0.335889 0.0186661 0.154101 9.9982E-05
0.0352914 0.0382838 9.9973E-05 9.9973E-05 9.9973E-05 0.718609 0.103487 0.0779523 0.0260772
0.0759744 0.127963 9.9973E-05 0.0145707 9.9973E-05 0.626994 0.0856513 0.0685465 9.9973E-05
0.0334975 0.147889 0.0257265 0.0194432 9.9973E-05 0.732694 9.9973E-05 0.0404503 9.9973E-05
0.142519 0.263127 9.9982E-05 0.0277865 0.00484868 0.476927 0.0403281 0.0442633 9.9982E-05
0.0138528 9.9991E-05 0.018017 0.051791 0.0408873 0.00635389 0.0468842 0.770719 0.0513947
9.9946E-05 0.0357438 9.9946E-05 9.9946E-05 0.105438 9.9946E-05 0.858219 9.9946E-05 9.9946E-05
0.0637306 9.99551E-05 9.99551E-05 9.99551E-05 0.145391 0.243651 0.546727 9.99551E-05 9.99551E-05
9.9955E-05 0.0700669 0.00202132 0.00849579 9.9955E-05 9.9955E-05 9.9955E-05 9.9955E-05 0.918916
9.9955E-05 0.0928678 9.9955E-05 9.9955E-05 9.9955E-05 9.9955E-05 0.00209375 0.0377564 0.866782
9.9973E-05 0.116119 9.9973E-05 0.00729332 9.9973E-05 0.0148016 0.0142913 0.0249332 0.822261
0.0118165 0.223744 0.17764 0.171677 0.00771684 9.9982E-05 9.9982E-05 0.0882956 0.318909
9.99368E-05 0.974476 9.99368E-05 9.99368E-05 9.99368E-05 9.99368E-05 9.99368E-05 9.99368E-05 0.0248249
9.99368E-05 0.968262 9.99368E-05 9.99368E-05 9.99368E-05 9.99368E-05 9.99368E-05 9.99368E-05 0.031038
9.9955E-05 0.0527174 0.0106756 9.9955E-05 9.9955E-05 0.879025 9.9955E-05 0.0570825 9.9955E-05
0.015416 0.0677333 0.020879 0.0107602 9.9991E-05 0.807351 0.0189399 0.043634 0.0151867
9.9955E-05 9.9955E-05 9.9955E-05 0.00381859 9.9955E-05 0.933646 0.0481581 9.9955E-05 0.0138777
0.0140334 9.9973E-05 9.9973E-05 9.9973E-05 0.81332 0.00230992 0.0849125 0.0604981 0.0246266
0.0251225 9.9955E-05 0.0611001 9.9955E-05 9.9955E-05 0.00405044 9.9955E-05 9.9955E-05 0.909227
0.0289353 9.9955E-05 0.00808003 0.0355026 9.9955E-05 9.9955E-05 9.9955E-05 9.9955E-05 0.926982
9.9955E-05 9.9955E-05 0.0226473 0.0712287 9.9955E-05 9.9955E-05 0.00362803 9.9955E-05 0.901996
9.9964E-05 0.019298 0.0111462 0.132887 9.9964E-05 9.9964E-05 0.0229632 9.9964E-05 0.813306
0.00617622 9.9973E-05 0.0252357 0.109978 0.0250934 9.9973E-05 0.0316913 9.9973E-05 0.801526
9.9955E-05 9.9955E-05 9.9955E-05 0.00902838 0.202984 9.9955E-05 0.720491 9.9955E-05 0.0669971
0.0437126 0.259633 0.103406 0.355994 0.0428858 0.0364901 9.9991E-05 0.0317723 0.126006
9.9937E-05 0.019661 9.9937E-05 9.9937E-05 0.979639 9.9937E-05 9.9937E-05 9.9937E-05 9.9937E-05
9.99461E-05 9.99461E-05 9.99461E-05 9.99461E-05 0.205034 9.99461E-05 0.724737 9.99461E-05 0.0696291
9.9973E-05 9.9973E-05 0.0121305 0.0475784 0.139973 0.739588 9.9973E-05 0.0225038 0.0379265
9.9937E-05 9.9937E-05 9.9937E-05 9.9937E-05 0.218493 9.9937E-05 0.780807 9.9937E-05 9.9937E-05
9.9937E-05 9.9937E-05 9.9937E-05 9.9937E-05 0.260067 9.9937E-05 0.739233 9.9937E-05 9.9937E-05
9.9955E-05 9.9955E-05 0.00358786 9.9955E-05 0.26333 9.9955E-05 0.715405 9.9955E-05 0.0171774
0.0259717 9.9968E-05 0.00291528 9.9968E-05 9.9968E-05 0.0254029 0.0182012 9.9968E-05 0.927109
9.9946E-05 9.9946E-05 9.9946E-05 9.9946E-05 0.0265304 9.9946E-05 0.00188568 9.9946E-05 0.970984
9.9982E-05 0.0340212 0.0294614 0.336195 9.9982E-05 0.0285554 0.0290162 0.289228 0.253323
0.0291225 0.014208 0.00964916 0.00819036 9.9973E-05 9.9973E-05 9.9973E-05 0.0158852 0.922645
9.993E-05 9.993E-05 9.993E-05 9.993E-05 9.993E-05 9.993E-05 9.993E-05 9.993E-05 0.999201
9.99551E-05 9.99551E-05 9.99551E-05 0.175268 0.0679167 9.99551E-05 0.453565 9.99551E-05 0.302751
9.9964E-05 0.116803 0.0412265 0.0756548 9.9964E-05 0.00568999 9.9964E-05 9.9964E-05 0.760226
9.9964E-05 0.142662 0.0272858 0.0841133 9.9964E-05 0.024004 9.9964E-05 9.9964E-05 0.721535
0.0146857 0.358007 9.9982E-05 0.146844 9.9982E-05 0.0650124 0.000623248 0.29411 0.120519
0.0107967 0.0217761 0.0193312 9.9964E-05 0.906883 9.9964E-05 0.0408133 9.9964E-05 9.9964E-05
9.9955E-05 9.9955E-05 9.9955E-05 0.222303 0.10191 9.9955E-05 0.0361935 9.9955E-05 0.639093
0.405798 9.9973E-05 0.0623436 0.204516 0.0251879 0.290428 0.0114264 9.9973E-05 9.9973E-05
9.9955E-05 9.9955E-05 9.9955E-05 0.287483 0.0888132 9.9955E-05 0.0721246 9.9955E-05 0.55108
9.9937E-05 9.9937E-05 9.9937E-05 9.9937E-05 9.9937E-05 9.9937E-05 0.0275936 9.9937E-05 0.971707
9.9955E-05 9.9955E-05 0.00398873 9.9955E-05 0.179713 9.9955E-05 0.785927 9.9955E-05 0.0298712
9.9964E-05 9.9964E-05 9.9964E-05 0.0229857 0.106347 9.9964E-05 0.567657 0.0352024 0.267408
9.9946E-05 9.9946E-05 9.9946E-05 9.9946E-05 0.850963 0.0385786 9.9946E-05 0.109859 9.9946E-05
9.9946E-05 0.0175897 9.9946E-05 9.9946E-05 9.9946E-05 9.9946E-05 9.9946E-05 0.967547 0.0142637
9.9946E-05 0.0103131 9.9946E-05 9.9946E-05 9.9946E-05 0.0714649 0.917622 9.9946E-05 9.9946E-05
9.9946E-05 9.9946E-05 9.9946E-05 9.9946E-05 0.0562384 9.9946E-05 0.139957 0.803205 9.9946E-05
9.9964E-05 9.9964E-05 9.9964E-05 9.9964E-05 0.875091 0.0216443 0.0381166 0.0298663 0.0348824
9.9946E-05 9.9946E-05 9.9946E-05 9.9946E-05 0.893354 9.9946E-05 0.0614246 9.9946E-05 0.0446218
9.99459E-05 9.99459E-05 9.99459E-05 9.99459E-05 0.0234102 9.99459E-05 0.0374464 0.938544 9.99459E-05
9.9982E-05 9.9982E-05 0.0313413 0.0348171 0.144787 0.00223588 0.280154 0.48558 0.0208843
9.9955E-05 0.00164442 9.9955E-05 9.9955E-05 0.894994 0.0214256 9.9955E-05 0.0814359 9.9955E-05
0.0220307 0.345192 0.01804 0.186009 9.9982E-05 0.073247 9.9982E-05 0.273757 0.081524
9.99479E-05 9.99479E-05 9.99479E-05 9.99479E-05 0.0361161 0.937599 0.0256855 9.99479E-05 9.99479E-05
9.9973E-05 9.9973E-05 0.00735973 0.0207661 0.145367 0.767452 9.9973E-05 0.00195422 0.0568011
0.999201 9.993E-05 9.993E-05 9.993E-05 9.993E-05 9.993E-05 9.993E-05 9.993E-05 9.993E-05
9.9982E-05 0.0163815 9.9982E-05 0.0349988 0.135306 0.68479 0.0107693 0.0632758 0.0542781
0.00899612 9.9964E-05 9.9964E-05 0.00105271 0.0818251 0.845798 0.0619286 9.9964E-05 9.9964E-05
9.9955E-05 9.9955E-05 9.9955E-05 9.9955E-05 0.579116 0.345946 0.0726515 9.9955E-05 0.00178711
0.023653 9.9955E-05 9.9955E-05 9.9955E-05 0.0255778 0.878214 0.0720559 9.9955E-05 9.9955E-05
0.0350884 9.99729E-05 0.064434 9.99729E-05 9.99729E-05 0.248446 0.507743 0.126415 0.0175739
0.00037537 0.0429532 0.00541525 9.9973E-05 0.0228048 0.924222 9.9973E-05 9.9973E-05 0.00392958
0.0967821 0.302132 9.99639E-05 9.99639E-05 9.99639E-05 0.0956433 0.0488744 0.456168 9.99639E-05
9.9973E-05 0.0783426 0.0425518 9.9973E-05 0.0861638 0.0204207 0.198164 0.574057 9.9973E-05
0.0231601 0.16973 9.9973E-05 9.9973E-05 0.140651 0.162787 0.285613 0.217759 9.9973E-05
0.00553761 9.9964E-05 9.9964E-05 9.9964E-05 9.9964E-05 0.881456 0.0597199 0.0278328 0.0250543
0.0388535 9.99461E-05 9.99461E-05 0.116797 9.99461E-05 9.99461E-05 9.99461E-05 9.99461E-05 0.843749
9.9946E-05 9.9946E-05 9.9946E-05 9.9946E-05 9.9946E-05 0.018517 0.951689 0.0291947 9.9946E-05
0.0571089 0.362216 9.9964E-05 9.9964E-05 9.9964E-05 0.0861643 0.0436676 0.450443 9.9964E-05
9.9946E-05 9.9946E-05 9.9946E-05 9.9946E-05 9.9946E-05 0.000222866 0.929355 0.0698228 9.9946E-05
9.9946E-05 0.162429 9.9946E-05 0.0583389 9.9946E-05 9.9946E-05 9.9946E-05 9.9946E-05 0.778632
0.00997529 0.00218104 0.00835009 9.9955E-05 0.978994 9.9955E-05 9.9955E-05 9.9955E-05 9.9955E-05
0.962166 9.9946E-05 9.9946E-05 0.0135863 0.023648 9.9946E-05 9.9946E-05 9.9946E-05 9.9946E-05
0.700969 0.051286 0.0137306 0.120558 0.05427 0.04976 9.9982E-05 0.00922646 9.9982E-05
0.00891852 9.99461E-05 9.99461E-05 9.99461E-05 0.0330264 0.957455 9.99461E-05 9.99461E-05 9.99461E-05
0.0332957 9.9955E-05 9.9955E-05 9.9955E-05 0.196488 0.24826 0.521457 9.9955E-05 9.9955E-05
9.9937E-05 0.00426211 9.9937E-05 9.9937E-05 0.995038 9.9937E-05 9.9937E-05 9.9937E-05 9.9937E-05
9.993E-05 9.993E-05 9.993E-05 9.993E-05 0.999201 9.993E-05 9.993E-05 9.993E-05 9.993E-05
9.9982E-05 0.0129862 0.0506928 0.104254 0.181449 9.9982E-05 0.564592 0.0367594 0.0490676
0.0103487 0.00193208 9.9964E-05 9.9964E-05 0.12439 0.278216 0.584713 9.9964E-05 9.9964E-05
9.9946E-05 0.122776 9.9946E-05 9.9946E-05 9.9946E-05 9.9946E-05 9.9946E-05 0.0382213 0.838403
9.993E-05 0.999201 9.993E-05 9.993E-05 9.993E-05 9.993E-05 9.993E-05 9.993E-05 9.993E-05
9.9955E-05 0.23448 0.201009 0.107192 9.9955E-05 9.9955E-05 9.9955E-05 9.9955E-05 0.45682
0.0620255 0.442501 0.264895 0.196087 9.9973E-05 0.0176082 9.9973E-05 9.9973E-05 0.0165835
0.034901 0.486448 0.284393 0.169347 9.9964E-05 0.0245106 9.9964E-05 9.9964E-05 9.9964E-05
9.9964E-05 0.380229 0.159042 0.289805 0.00257076 9.9964E-05 9.9964E-05 9.9964E-05 0.167954
9.99368E-05 0.994264 9.99368E-05 9.99368E-05 9.99368E-05 9.99368E-05 9.99368E-05 9.99368E-05 0.00503642
0.0422668 0.37327 0.300559 0.184923 0.0162662 0.0134356 0.00424357 9.9991E-05 0.0649364
9.9955E-05 0.361382 0.1598 0.390807 9.9955E-05 9.9955E-05 9.9955E-05 9.9955E-05 0.087511
0.0342982 0.582367 9.99639E-05 9.99639E-05 0.0558059 0.037152 9.99639E-05 0.289977 9.99639E-05
9.9973E-05 0.329783 0.149602 0.236888 0.00110187 0.0182899 9.9973E-05 9.9973E-05 0.264036
0.0465276 0.562118 0.0181583 9.99729E-05 0.034301 0.082324 9.99729E-05 0.256271 9.99729E-05
9.9946E-05 9.9946E-05 9.9946E-05 9.9946E-05 0.098948 9.9946E-05 0.119093 0.78136 9.9946E-05
0.0255557 9.9982E-05 0.0705707 0.224282 9.9982E-05 0.00497783 0.0498357 0.614185 0.0103934
0.0389508 0.394117 0.0863974 0.21042 0.000623959 9.9991E-05 0.0519046 0.032064 0.185422
0.0214549 0.346179 0.121112 0.160543 9.9982E-05 9.9982E-05 0.0942982 0.100651 0.155562
9.993E-05 0.999201 9.993E-05 9.993E-05 9.993E-05 9.993E-05 9.993E-05 9.993E-05 9.993E-05
0.000702122 0.389152 0.167456 0.238759 9.9964E-05 9.9964E-05 9.9964E-05 9.9964E-05 0.203531
0.00693707 0.00689886 9.9973E-05 0.0227226 9.9973E-05 0.122962 0.830185 0.00999468 9.9973E-05
9.9964E-05 0.11479 9.9964E-05 0.0164699 9.9964E-05 9.9964E-05 0.00101836 0.0127299 0.854592
0.0297274 0.492426 0.270579 0.171644 0.00933791 0.0259868 9.9973E-05 9.9973E-05 9.9973E-05
9.9955E-05 0.399359 0.0732749 0.29988 9.9955E-05 9.9955E-05 9.9955E-05 9.9955E-05 0.226986
0.0245372 0.417628 0.289196 0.17999 9.9973E-05 0.000198645 9.9973E-05 9.9973E-05 0.0881501
0.019337 0.352346 0.261465 0.305543 9.9964E-05 9.9964E-05 9.9964E-05 9.9964E-05 0.0609093
9.9973E-05 9.9973E-05 0.0115782 0.048419 0.169064 0.728304 9.9973E-05 0.020888 0.0214469
0.039441 9.9982E-05 0.0544966 0.0129257 0.0336886 0.346034 0.433607 0.0796065 9.9982E-05
0.00528582 0.129002 0.0344858 0.0899482 9.9964E-05 9.9964E-05 9.9964E-05 9.9964E-05 0.740879
9.9955E-05 9.9955E-05 0.000878076 9.9955E-05 9.9955E-05 0.0280572 0.911192 0.0593732 9.9955E-05
9.9964E-05 9.9964E-05 9.9964E-05 0.0219778 0.149014 0.704556 9.9964E-05 0.0413942 0.0826577
0.0231416 0.053349 9.9955E-05 9.9955E-05 0.0493067 9.9955E-05 9.9955E-05 0.873703 9.9955E-05
9.993E-05 9.993E-05 9.993E-05 9.993E-05 9.993E-05 9.993E-05 9.993E-05 9.993E-05 0.999201
0.0165064 9.9937E-05 9.9937E-05 9.9937E-05 9.9937E-05 9.9937E-05 9.9937E-05 9.9937E-05 0.982794
0.012627 9.9964E-05 0.0571246 9.9964E-05 0.00891969 9.9964E-05 0.00775566 9.9964E-05 0.913173
0.0114635 9.9937E-05 9.9937E-05 9.9937E-05 9.9937E-05 9.9937E-05 9.9937E-05 9.9937E-05 0.987837
9.9964E-05 9.9964E-05 9.9964E-05 9.9964E-05 0.785993 0.0129393 0.0769512 0.0901491 0.0335672
0.0440907 9.9964E-05 9.9964E-05 0.0490335 0.00837327 0.0754425 9.9964E-05 9.9964E-05 0.82266
9.9973E-05 9.9973E-05 0.0361615 0.0111864 0.197543 0.714715 9.9973E-05 0.00700833 0.0330858
9.9946E-05 0.0451326 9.9946E-05 9.9946E-05 9.9946E-05 0.932385 9.9946E-05 0.0218827 9.9946E-05
0.0231007 9.9964E-05 0.0258502 9.9964E-05 0.065605 0.867583 0.0174609 9.9964E-05 9.9964E-05
0.0351788 0.0130927 9.9973E-05 0.000350903 0.00219367 0.935021 9.9973E-05 9.9973E-05 0.0138632
0.0197261 9.9973E-05 0.0113602 0.0140735 0.0172769 0.896513 0.0407499 9.9973E-05 9.9973E-05
0.0689226 0.406764 0.408657 0.0645007 9.9964E-05 0.0507548 9.9964E-05 9.9964E-05 9.9964E-05
0.0658055 0.415912 0.415234 0.0587388 0.00903285 0.0349763 9.9973E-05 9.9973E-05 9.9973E-05
9.9973E-05 0.0302513 0.894205 9.9973E-05 0.0311408 0.0113215 0.0309467 0.00183508 9.9973E-05
9.9955E-05 9.9955E-05 0.872104 0.043283 9.9955E-05 0.00357124 9.9955E-05 9.9955E-05 0.0805417
0.00724765 0.0019171 0.938753 0.0120951 9.9982E-05 9.9982E-05 0.0113802 0.0162572 0.0121495
0.0281728 0.0166811 0.28094 9.9973E-05 0.0501356 9.9973E-05 0.0810479 0.542722 9.9973E-05
9.9955E-05 0.0247474 0.937771 9.9955E-05 9.9955E-05 0.00127256 0.0357091 9.9955E-05 9.9955E-05
0.00583486 0.0821384 0.0857844 0.0294479 0.123886 0.191773 0.249378 0.0417874 0.18997
9.9937E-05 9.9937E-05 0.986217 0.0130833 9.9937E-05 9.9937E-05 9.9937E-05 9.9937E-05 9.9937E-05
9.993E-05 9.993E-05 0.999201 9.993E-05 9.993E-05 9.993E-05 9.993E-05 9.993E-05 9.993E-05
0.0265202 9.9955E-05 0.933787 0.0290462 9.9955E-05 9.9955E-05 9.9955E-05 9.9955E-05 0.0101471
9.9964E-05 9.9964E-05 0.242 0.687512 9.9964E-05 0.0272809 0.0261157 9.9964E-05 0.0166917
0.0032506 9.99461E-05 0.989728 0.00642194 9.99461E-05 9.99461E-05 9.99461E-05 9.99461E-05 9.99461E-05
0.0127177 9.9973E-05 0.81573 0.125702 9.9973E-05 0.0312245 9.9973E-05 0.00372818 0.010597
9.9955E-05 0.0166087 9.9955E-05 9.9955E-05 9.9955E-05 0.0903377 0.873355 0.0191986 9.9955E-05
0.049266 9.9982E-05 0.0671187 0.0148399 9.9982E-05 0.202393 0.574278 0.0739445 0.0179596
9.9973E-05 0.0324814 0.0063847 0.0207643 9.9973E-05 0.693353 0.127071 0.119645 9.9973E-05
0.0456783 9.9964E-05 9.9964E-05 9.9964E-05 9.9964E-05 0.873244 0.0665889 0.013325 0.00076415
9.9964E-05 0.0514082 9.9964E-05 9.9964E-05 0.0424976 0.0301429 0.124688 0.750864 9.9964E-05
0.0547117 9.9973E-05 0.0470195 9.9973E-05 9.9973E-05 0.751974 0.0661164 0.0750715 0.00480675
9.9973E-05 0.0147697 9.9973E-05 0.00962857 9.9973E-05 0.00947124 0.957582 0.00272569 0.00552264
9.9937E-05 9.9937E-05 9.9937E-05 9.9937E-05 9.9937E-05 0.0779813 0.921319 9.9937E-05 9.9937E-05
9.9946E-05 9.9946E-05 9.9946E-05 9.9946E-05 0.0689753 9.9946E-05 0.0525639 0.877861 9.9946E-05
0.0643713 0.0647611 0.00794639 0.0204914 9.9982E-05 0.691847 0.0717394 0.0786431 9.9982E-05
0.0932809 0.0601809 0.016859 0.0230012 9.9991E-05 0.500962 0.166671 0.115433 0.0235129
0.0324207 0.230432 9.99731E-05 9.99731E-05 0.115386 0.0419857 0.00367224 0.575804 9.99731E-05
9.9964E-05 0.0316364 0.0027227 9.9964E-05 0.08551 9.9964E-05 0.0319351 0.847796 9.9964E-05
9.9964E-05 0.11888 9.9964E-05 9.9964E-05 0.0643604 0.0672792 0.1142 0.634881 9.9964E-05
9.9982E-05 9.9982E-05 0.00802492 0.0545683 0.0545609 0.21883 0.534982 0.0656706 0.0631639
0.0036113 9.9964E-05 9.9964E-05 9.9964E-05 0.116412 0.00465013 0.0670964 0.80783 9.9964E-05
9.9955E-05 9.9955E-05 0.00362913 9.9955E-05 9.9955E-05 9.9955E-05 0.943242 0.0494931 0.00313582
9.9946E-05 9.9946E-05 9.9946E-05 9.9946E-05 0.0295394 9.9946E-05 9.9946E-05 0.938483 0.031378
0.0182925 0.031675 9.99551E-05 9.99551E-05 9.99551E-05 9.99551E-05 9.99551E-05 0.947821 0.00171178
0.0491721 0.353127 0.0740238 0.162164 0.0580505 9.9982E-05 9.9982E-05 0.161926 0.141335
9.9955E-05 0.0214098 9.9955E-05 9.9955E-05 0.13378 9.9955E-05 0.000802075 0.843508 9.9955E-05
9.99369E-05 9.99369E-05 9.99369E-05 9.99369E-05 0.0849343 9.99369E-05 9.99369E-05 0.914366 9.99369E-05
9.9937E-05 9.9937E-05 9.9937E-05 9.9937E-05 0.163313 9.9937E-05 9.9937E-05 0.835987 9.9937E-05
0.0938409 0.268296 0.0189392 9.9973E-05 9.9973E-05 0.1579 0.0959667 0.364757 9.9973E-05
9.9973E-05 0.0116255 9.9973E-05 0.0119875 9.9973E-05 0.135923 0.750508 0.084914 0.00474133
9.9964E-05 9.9964E-05 0.00757503 9.9964E-05 9.9964E-05 0.0038004 0.855137 0.104062 0.0290257
9.9982E-05 0.00663205 0.0318973 9.9982E-05 0.00828229 0.00248728 0.855018 0.0850665 0.010417
9.9946E-05 9.9946E-05 9.9946E-05 9.9946E-05 9.9946E-05 0.0645264 0.87474 0.0601342 9.9946E-05
9.9946E-05 0.0928166 9.9946E-05 9.9946E-05 9.9946E-05 9.9946E-05 9.9946E-05 0.0263867 0.880197
9.9982E-05 0.0433377 0.0305935 0.321877 9.9982E-05 0.0223057 0.0339375 0.300306 0.247443
0.00744931 9.9991E-05 0.0141041 0.0219018 0.0355185 0.769069 0.13044 0.0196142 0.00180279
0.0199617 9.9982E-05 0.019433 0.00238521 0.226175 0.275736 0.443222 0.0128876 9.9982E-05
9.9973E-05 9.9973E-05 0.0381432 0.177549 0.00724008 9.9973E-05 0.0815415 0.658315 0.0369112
0.0403639 9.9982E-05 0.0349758 0.159267 9.9982E-05 0.00247041 0.0749552 0.663769 0.0239986
9.99459E-05 0.0768001 9.99459E-05 9.99459E-05 9.99459E-05 0.883954 9.99459E-05 9.99459E-05 0.0386461
9.9955E-05 9.9955E-05 9.9955E-05 0.0113216 0.200658 0.739689 9.9955E-05 9.9955E-05 0.0478322
9.9973E-05 9.9973E-05 0.0495416 0.543692 0.094113 9.9973E-05 0.234841 0.0428006 0.0347121
9.9991E-05 0.0638403 0.0257029 0.0243409 0.437493 0.0122507 0.327799 0.0510156 0.0574569
9.99641E-05 0.00610322 9.99641E-05 9.99641E-05 0.00713784 0.836653 0.114704 0.0350024 9.99641E-05
0.119336 0.32406 9.9973E-05 9.9973E-05 0.000140355 0.229207 0.00303607 0.323921 9.9973E-05
0.0179701 9.9964E-05 0.0762294 0.197598 9.9964E-05 9.9964E-05 0.0765817 0.631221 9.9964E-05
0.100554 0.416135 9.99639E-05 9.99639E-05 9.99639E-05 0.102074 0.0761788 0.304658 9.99639E-05
0.120238 0.326709 0.00532451 9.9973E-05 9.9973E-05 0.23167 0.0874479 0.228311 9.9973E-05
0.06683 0.0322038 9.9955E-05 9.9955E-05 9.9955E-05 0.872123 0.028343 9.9955E-05 9.9955E-05
0.00202478 0.0222097 9.9973E-05 0.012936 9.9973E-05 0.903764 0.0304887 9.9973E-05 0.0282767
0.0107252 9.9955E-05 9.9955E-05 0.0158759 9.9955E-05 0.968837 9.9955E-05 0.00406176 9.9955E-05
0.0214297 0.057604 0.00335099 9.9973E-05 0.0453865 0.85019 0.0217386 9.9973E-05 9.9973E-05
0.0296835 9.9964E-05 9.9964E-05 0.00709907 0.00616753 0.944711 0.0119387 9.9964E-05 9.9964E-05
9.9946E-05 9.9946E-05 9.9946E-05 9.9946E-05 0.0674416 0.864446 0.0675124 9.9946E-05 9.9946E-05
0.148758 0.205926 9.9964E-05 0.0645016 9.9964E-05 0.512164 9.9964E-05 0.0682514 9.9964E-05
0.115884 0.392686 0.0475542 0.0123686 0.00699291 0.189577 0.038251 0.196586 9.9991E-05
9.9946E-05 9.9946E-05 9.9946E-05 0.0300498 0.0470091 0.922341 9.9946E-05 9.9946E-05 9.9946E-05
0.0969642 0.35292 0.020113 9.9982E-05 0.0175496 0.209728 0.0590503 0.243475 9.9982E-05
0.0622754 0.369537 9.9964E-05 9.9964E-05 9.9964E-05 0.114131 0.0809321 0.372724 9.9964E-05
9.993E-05 9.993E-05 9.993E-05 0.999201 9.993E-05 9.993E-05 9.993E-05 9.993E-05 9.993E-05
9.99459E-05 0.0463139 9.99459E-05 0.940701 9.99459E-05 9.99459E-05 9.99459E-05 0.0123859 9.99459E-05
9.993E-05 9.993E-05 9.993E-05 0.999201 9.993E-05 9.993E-05 9.993E-05 9.993E-05 9.993E-05
9.99369E-05 0.0292524 9.99369E-05 0.970048 9.99369E-05 9.99369E-05 9.99369E-05 9.99369E-05 9.99369E-05
9.993E-05 9.993E-05 9.993E-05 0.999201 9.993E-05 9.993E-05 9.993E-05 9.993E-05 9.993E-05
9.993E-05 9.993E-05 9.993E-05 0.999201 9.993E-05 9.993E-05 9.993E-05 9.993E-05 9.993E-05
9.993E-05 9.993E-05 9.993E-05 0.999201 9.993E-05 9.993E-05 9.993E-05 9.993E-05 9.993E-05
9.9964E-05 0.00820506 9.9964E-05 0.0116923 9.9964E-05 0.00269515 9.9964E-05 0.946403 0.0306043
0.0278227 9.99459E-05 9.99459E-05 9.99459E-05 0.260564 9.99459E-05 9.99459E-05 0.711013 9.99459E-05
0.0118372 0.243819 0.041257 0.184358 0.000360369 9.9991E-05 0.00523878 0.372059 0.14097
0.000260656 0.2767 0.0561324 0.162905 9.9973E-05 9.9973E-05 9.9973E-05 0.38105 0.122653
9.9982E-05 0.0362732 0.0177074 0.0408327 0.0110491 0.815915 0.0667584 9.9982E-05 0.0112645
0.0479015 0.115983 0.00575532 0.0166582 0.00754131 0.772907 9.9982E-05 0.0330541 9.9982E-05
9.99554E-05 0.00287832 9.99554E-05 0.0238281 9.99554E-05 0.971218 0.00157552 9.99554E-05 9.99554E-05
0.0156358 0.0262796 9.9964E-05 0.0631156 9.9964E-05 9.9964E-05 0.00484594 9.9964E-05 0.889723
9.9946E-05 9.9946E-05 9.9946E-05 0.307224 0.00706335 9.9946E-05 9.9946E-05 9.9946E-05 0.685113
0.0172758 9.9964E-05 0.00695914 0.074402 9.9964E-05 0.00858365 9.9964E-05 9.9964E-05 0.89238
9.9937E-05 9.9937E-05 9.9937E-05 0.357243 9.9937E-05 9.9937E-05 9.9937E-05 9.9937E-05 0.642058
9.9982E-05 0.0231995 0.000282316 0.103059 0.419959 0.0115188 0.0505974 9.9982E-05 0.391184
9.9964E-05 9.9964E-05 0.174271 0.292531 0.202592 0.0241075 9.9964E-05 9.9964E-05 0.306099
0.000309326 9.9982E-05 0.0475852 0.795483 0.0308406 0.00297074 0.0267092 9.9982E-05 0.0959015
0.00103734 9.9946E-05 9.9946E-05 0.353929 9.9946E-05 9.9946E-05 9.9946E-05 9.9946E-05 0.644434
9.9937E-05 9.9937E-05 9.9937E-05 0.313738 9.9937E-05 9.9937E-05 9.9937E-05 9.9937E-05 0.685563
0.00178273 9.9946E-05 9.9946E-05 9.9946E-05 9.9946E-05 0.00454836 9.9946E-05 9.9946E-05 0.993069
0.0120856 9.9973E-05 0.016602 0.203539 0.00640999 9.9973E-05 9.9973E-05 0.0268238 0.73424
0.110139 0.0498342 0.151075 0.0555293 0.102346 0.158776 0.291372 0.0453503 0.0355782
0.00786652 9.9964E-05 9.9964E-05 9.9964E-05 0.0116504 0.968649 9.9964E-05 0.00544787 0.00598649
9.9955E-05 9.9955E-05 0.0050115 9.9955E-05 9.9955E-05 0.0107543 9.9955E-05 0.943345 0.0403893
0.0669737 0.0335649 9.9982E-05 9.9982E-05 0.0386556 0.630201 0.182045 0.0127387 0.0356205
9.9964E-05 0.0525027 9.9964E-05 9.9964E-05 0.0247265 0.0255996 0.118684 0.778087 9.9964E-05
9.9964E-05 0.103272 9.9964E-05 0.00189609 9.9964E-05 0.0270736 9.9964E-05 0.0390863 0.828272
9.9973E-05 0.0182882 0.0567462 0.836858 0.0278658 9.9973E-05 9.9973E-05 0.00259624 0.0573457
9.9973E-05 0.182807 0.00741657 0.233162 0.0190701 0.013404 9.9973E-05 9.9973E-05 0.54384
0.0926306 0.35385 9.9964E-05 9.9964E-05 9.9964E-05 0.22647 0.027446 0.299204 9.9964E-05
0.104609 0.372393 0.0478669 9.9991E-05 0.0579649 0.0846418 0.03019 0.298055 0.0041796
0.0384224 9.9991E-05 0.0293081 0.0322284 0.0753415 0.495579 0.288143 0.0104406 0.0304369
9.99369E-05 9.99369E-05 9.99369E-05 9.99369E-05 0.768174 9.99369E-05 9.99369E-05 0.231127 9.99369E-05
0.0753797 9.9964E-05 0.730323 0.0213811 9.9964E-05 0.0620568 9.9964E-05 9.9964E-05 0.11046
0.0143259 0.020632 0.805357 0.0212619 0.00649059 0.0452956 9.9991E-05 0.0153837 0.0711537
0.00251439 9.9964E-05 0.953011 0.0255331 9.9964E-05 9.9964E-05 9.9964E-05 0.00658519 0.011957
0.0126926 9.9973E-05 0.908153 0.00795821 0.014114 9.9973E-05 9.9973E-05 0.0110887 0.0456936
9.9937E-05 9.9937E-05 0.957879 0.0414212 9.9937E-05 9.9937E-05 9.9937E-05 9.9937E-05 9.9937E-05
0.0397852 9.9964E-05 0.775106 0.138681 9.9964E-05 0.0337959 9.9964E-05 9.9964E-05 0.0122317
0.0356027 0.0892658 9.9964E-05 9.9964E-05 0.0378773 9.9964E-05 9.9964E-05 0.815143 0.0217115
0.0369534 0.311039 0.00913896 0.434055 9.9973E-05 0.0226751 9.9973E-05 9.9973E-05 0.185838
9.9964E-05 0.119822 0.024562 0.0905013 9.9964E-05 0.0338343 9.9964E-05 9.9964E-05 0.73088
0.00172056 9.9937E-05 9.9937E-05 9.9937E-05 9.9937E-05 9.9937E-05 9.9937E-05 9.9937E-05 0.99758
0.0228881 9.9946E-05 9.9946E-05 0.000511097 9.9946E-05 9.9946E-05 9.9946E-05 9.9946E-05 0.976001
9.9955E-05 9.9955E-05 0.014949 0.273146 9.9955E-05 0.0091741 9.9955E-05 9.9955E-05 0.702231
9.9937E-05 9.9937E-05 0.976709 9.9937E-05 9.9937E-05 9.9937E-05 9.9937E-05 9.9937E-05 0.0225917
0.00506317 9.9955E-05 0.939735 0.0314171 9.9955E-05 0.023285 9.9955E-05 9.9955E-05 9.9955E-05
9.9964E-05 9.9964E-05 0.287532 0.64806 9.9964E-05 0.0115844 0.0108011 9.9964E-05 0.0416222
0.000407046 9.9964E-05 0.312977 0.672149 9.9964E-05 0.00022654 0.0138406 9.9964E-05 9.9964E-05
9.9946E-05 9.9946E-05 0.921853 0.0370371 9.9946E-05 9.9946E-05 9.9946E-05 9.9946E-05 0.0405098
9.9964E-05 9.9964E-05 0.158496 0.776086 9.9964E-05 0.00522389 0.0187386 9.9964E-05 0.0410556
