9.9937E-05 0.802228 0.168854 9.9937E-05 9.9937E-05 0.0282179 9.9937E-05 9.9937E-05 9.9937E-05 9.9937E-05
9.99369E-05 0.779752 9.99369E-05 9.99369E-05 9.99369E-05 9.99369E-05 0.0427732 9.99369E-05 9.99369E-05 0.176775
9.9982E-05 0.57041 0.000749402 0.053339 0.00897269 9.9982E-05 0.0777611 0.0406823 0.0300486 0.217837
9.99369E-05 0.804052 0.165918 9.99369E-05 9.99369E-05 0.0293299 9.99369E-05 9.99369E-05 9.99369E-05 9.99369E-05
0.0220507 9.9964E-05 0.0130633 0.0852373 0.00814301 9.9964E-05 9.9964E-05 9.9964E-05 0.00387592 0.86723
9.9937E-05 0.781813 9.9937E-05 9.9937E-05 9.9937E-05 9.9937E-05 0.0899619 9.9937E-05 9.9937E-05 0.127525
0.509964 9.99461E-05 9.99461E-05 9.99461E-05 9.99461E-05 0.472397 9.99461E-05 9.99461E-05 0.01215 0.00488964
0.967025 0.0301244 9.9946E-05 9.9946E-05 0.00100396 9.9946E-05 0.00124697 9.9946E-05 9.9946E-05 9.9946E-05
0.963378 9.9946E-05 9.9946E-05 0.00649918 9.9946E-05 9.9946E-05 0.0288887 9.9946E-05 0.000634396 9.9946E-05
0.990636 9.9928E-05 9.9928E-05 0.00856423 9.9928E-05 9.9928E-05 9.9928E-05 9.9928E-05 9.9928E-05 9.9928E-05
9.9964E-05 0.0263229 9.9964E-05 0.0158853 9.9964E-05 0.149364 0.000140471 0.777286 9.9964E-05 0.0306019
0.00915898 9.9946E-05 0.0420125 9.9946E-05 9.9946E-05 0.0198988 9.9946E-05 0.92833 9.9946E-05 9.9946E-05
0.0166062 9.99461E-05 0.0094545 9.99461E-05 9.99461E-05 0.0967384 9.99461E-05 0.876601 9.99461E-05 9.99461E-05
9.99371E-05 9.99371E-05 9.99371E-05 0.0201249 9.99371E-05 0.0823356 9.99371E-05 0.89684 9.99371E-05 9.99371E-05
0.0217968 0.0236929 0.0781578 9.9964E-05 0.0362999 0.00622794 9.9964E-05 9.9964E-05 0.833425 9.9964E-05
0.979443 9.9937E-05 0.0119598 9.9937E-05 9.9937E-05 9.9937E-05 9.9937E-05 9.9937E-05 0.00789797 9.9937E-05
0.0179168 9.9946E-05 0.0875142 9.9946E-05 0.00171737 0.892252 9.9946E-05 9.9946E-05 9.9946E-05 9.9946E-05
0.00934885 0.0133946 0.0109435 9.99551E-05 9.99551E-05 9.99551E-05 9.99551E-05 0.0856067 0.880207 9.99551E-05
9.9955E-05 9.9955E-05 0.13531 0.0586415 0.0353867 9.9955E-05 9.9955E-05 0.214469 0.555694 9.9955E-05
0.0296999 9.9955E-05 9.9955E-05 9.9955E-05 0.0121713 0.0332908 9.9955E-05 0.569221 0.355117 9.9955E-05
0.0220132 9.9955E-05 0.0762247 0.0794416 9.9955E-05 9.9955E-05 9.9955E-05 0.0592323 0.762588 9.9955E-05
0.0149712 9.9946E-05 9.9946E-05 0.0146389 9.9946E-05 9.9946E-05 9.9946E-05 0.91459 0.0552 9.9946E-05
0.00514457 0.0441761 9.9955E-05 9.9955E-05 9.9955E-05 0.0100626 9.9955E-05 0.07884 0.861277 9.9955E-05
0.00825728 9.9964E-05 0.0512376 9.9964E-05 9.9964E-05 0.00506043 0.0350967 0.811364 0.0885845 9.9964E-05
9.9946E-05 0.0270844 0.00690661 9.9946E-05 9.9946E-05 9.9946E-05 9.9946E-05 0.939832 0.0255774 9.9946E-05
9.9946E-05 0.020561 0.00792283 9.9946E-05 9.9946E-05 0.041273 9.9946E-05 9.9946E-05 0.929644 9.9946E-05
0.0157879 9.9955E-05 0.0294504 9.9955E-05 9.9955E-05 9.9955E-05 0.00863805 0.105562 0.840062 9.9955E-05
9.9973E-05 0.0252406 9.9973E-05 0.0550712 0.0226028 0.0137846 0.0320417 0.273748 0.577212 9.9973E-05
0.0197789 9.9946E-05 9.9946E-05 9.9946E-05 0.0301074 9.9946E-05 9.9946E-05 0.0403741 0.90914 9.9946E-05
9.9973E-05 0.0156972 0.0148221 9.9973E-05 0.004882 9.9973E-05 0.000841578 0.0338889 0.922518 0.0070506
9.9955E-05 9.9955E-05 0.00834239 9.9955E-05 0.0226675 9.9955E-05 0.00448565 0.948334 0.0156704 9.9955E-05
9.99281E-05 9.99281E-05 9.99281E-05 9.99281E-05 9.99281E-05 0.192047 9.99281E-05 0.807154 9.99281E-05 9.99281E-05
9.99371E-05 0.0571202 9.99371E-05 9.99371E-05 9.99371E-05 9.99371E-05 9.99371E-05 0.0695451 0.872635 9.99371E-05
0.0197408 0.0186693 9.9955E-05 0.0325837 9.9955E-05 9.9955E-05 9.9955E-05 0.767135 0.161371 9.9955E-05
0.00983082 0.00929966 9.9964E-05 9.9964E-05 9.9964E-05 9.9964E-05 0.00052458 0.0433523 0.92265 0.0139424
9.9955E-05 0.00455406 9.9955E-05 0.0146888 9.9955E-05 9.9955E-05 0.00779822 0.967026 0.00543299 9.9955E-05
9.9946E-05 0.00443932 9.9946E-05 9.9946E-05 9.9946E-05 9.9946E-05 9.9946E-05 0.0993264 0.87729 0.0183445
9.9946E-05 9.9946E-05 0.015669 9.9946E-05 0.0230982 9.9946E-05 9.9946E-05 0.908517 0.052116 9.9946E-05
9.9955E-05 9.9955E-05 0.610078 0.101917 0.0576923 9.9955E-05 0.113591 9.9955E-05 9.9955E-05 0.116221
9.9937E-05 0.00292194 9.9937E-05 9.9937E-05 9.9937E-05 9.9937E-05 0.364662 9.9937E-05 9.9937E-05 0.631716
9.99371E-05 9.99371E-05 9.99371E-05 9.99371E-05 9.99371E-05 0.176209 9.99371E-05 0.742422 9.99371E-05 0.0806696
9.99371E-05 9.99371E-05 9.99371E-05 9.99371E-05 9.99371E-05 0.0157662 9.99371E-05 0.0464923 0.937042 9.99371E-05
9.99461E-05 9.99461E-05 0.030904 9.99461E-05 0.00990136 9.99461E-05 9.99461E-05 0.931136 0.0274589 9.99461E-05
9.9964E-05 0.0452707 0.0391522 9.9964E-05 0.0527172 0.281912 0.561994 0.0185533 9.9964E-05 9.9964E-05
0.0521509 0.0199941 0.133282 0.011494 0.0466551 9.9973E-05 9.9973E-05 0.229784 0.50634 9.9973E-05
0.0231654 0.0375038 9.9964E-05 0.0304945 9.9964E-05 0.118879 9.9964E-05 0.441773 0.347784 9.9964E-05
0.0201472 9.9973E-05 0.0368204 0.00293081 0.0155255 9.9973E-05 9.9973E-05 0.071459 0.821775 0.0310416
9.99369E-05 0.681482 9.99369E-05 9.99369E-05 9.99369E-05 9.99369E-05 0.0905116 9.99369E-05 9.99369E-05 0.227307
0.0128496 0.0390343 0.0233643 0.0925669 0.473624 0.00300717 0.262948 9.9982E-05 9.9982E-05 0.0924051
0.00589826 0.00886234 0.760529 0.0147749 9.9955E-05 0.209436 9.9955E-05 9.9955E-05 9.9955E-05 9.9955E-05
9.9946E-05 0.0296235 0.757214 9.9946E-05 9.9946E-05 0.0527821 9.9946E-05 0.159781 9.9946E-05 9.9946E-05
9.99459E-05 0.103037 0.671593 9.99459E-05 9.99459E-05 0.0728219 9.99459E-05 0.151948 9.99459E-05 9.99459E-05
9.99459E-05 0.0205008 0.887767 9.99459E-05 9.99459E-05 0.062713 9.99459E-05 0.0284198 9.99459E-05 9.99459E-05
0.935542 0.00164416 9.9964E-05 9.9964E-05 9.9964E-05 0.00236061 9.9964E-05 0.0197049 0.0061099 0.0342386
0.937727 0.0302014 0.00973457 9.9955E-05 9.9955E-05 9.9955E-05 9.9955E-05 0.0155315 9.9955E-05 0.00630539
0.0250456 9.99461E-05 9.99461E-05 9.99461E-05 9.99461E-05 0.449121 9.99461E-05 0.522948 0.00228561 9.99461E-05
9.9937E-05 9.9937E-05 0.0290948 9.9937E-05 9.9937E-05 9.9937E-05 9.9937E-05 0.921849 0.0483566 9.9937E-05
9.99639E-05 0.00141401 0.0367029 0.752969 9.99639E-05 0.00631205 9.99639E-05 0.0579852 0.144217 9.99639E-05
9.9946E-05 0.0653223 9.9946E-05 0.132886 9.9946E-05 9.9946E-05 0.00635283 9.9946E-05 9.9946E-05 0.794839
9.9946E-05 9.9946E-05 9.9946E-05 0.283176 0.179535 9.9946E-05 0.208141 9.9946E-05 9.9946E-05 0.328548
9.99459E-05 0.0183382 0.047387 9.99459E-05 9.99459E-05 0.928012 0.00566322 9.99459E-05 9.99459E-05 9.99459E-05
9.9955E-05 9.9955E-05 0.269897 9.9955E-05 9.9955E-05 0.677414 9.9955E-05 0.0014382 0.0163533 0.0343982
0.00168476 0.0541382 0.185676 9.9973E-05 0.0643103 0.67264 9.9973E-05 0.00970918 9.9973E-05 0.0115411
0.971417 9.9937E-05 0.0061976 0.0216863 9.9937E-05 9.9937E-05 9.9937E-05 9.9937E-05 9.9937E-05 9.9937E-05
9.9937E-05 9.9937E-05 9.9937E-05 0.171963 9.9937E-05 9.9937E-05 0.0874133 9.9937E-05 9.9937E-05 0.739924
9.9937E-05 9.9937E-05 9.9937E-05 9.9937E-05 0.0147012 0.979765 9.9937E-05 9.9937E-05 0.0048338 9.9937E-05
0.0117741 0.0200252 0.720674 0.15295 9.99689E-05 9.99689E-05 0.0521695 9.99689E-05 9.99689E-05 0.042007
9.9937E-05 9.9937E-05 9.9937E-05 9.9937E-05 9.9937E-05 0.0523919 9.9937E-05 0.913501 0.0334075 9.9937E-05
9.99281E-05 9.99281E-05 9.99281E-05 9.99281E-05 9.99281E-05 0.0696322 9.99281E-05 0.929568 9.99281E-05 9.99281E-05
0.790363 0.00737955 0.0980952 9.9973E-05 0.0285508 0.0125295 9.9973E-05 9.9973E-05 0.0221764 0.0406056
0.782911 9.9973E-05 0.121553 9.9973E-05 0.0326305 0.00614484 9.9973E-05 0.00860395 0.0395221 0.00833407
0.843136 0.0132331 0.0484609 0.00630697 0.0286537 0.00177037 9.9982E-05 0.0279562 0.0302827 9.9982E-05
0.968787 9.99461E-05 0.000163458 0.00192884 9.99461E-05 9.99461E-05 9.99461E-05 9.99461E-05 9.99461E-05 0.0285215
0.965139 9.9955E-05 0.0233904 0.000225341 9.9955E-05 0.00910123 9.9955E-05 0.00164418 9.9955E-05 9.9955E-05
0.969401 9.9937E-05 9.9937E-05 9.9937E-05 9.9937E-05 0.0233558 9.9937E-05 9.9937E-05 9.9937E-05 0.00654327
0.973476 9.9937E-05 9.9937E-05 9.9937E-05 9.9937E-05 9.9937E-05 0.0176271 9.9937E-05 0.00819696 9.9937E-05
0.961055 9.9946E-05 9.9946E-05 0.00292141 9.9946E-05 9.9946E-05 9.9946E-05 9.9946E-05 0.013143 0.0222806
0.968204 0.0151458 9.9955E-05 9.9955E-05 0.00121324 9.9955E-05 0.00877888 9.9955E-05 9.9955E-05 0.00615871
0.999101 9.99201E-05 9.99201E-05 9.99201E-05 9.99201E-05 9.99201E-05 9.99201E-05 9.99201E-05 9.99201E-05 9.99201E-05
0.949682 9.9955E-05 9.9955E-05 0.0271658 9.9955E-05 0.00105995 9.9955E-05 0.018833 9.9955E-05 0.00275955
0.936667 9.9973E-05 0.0183065 0.00842937 0.00785872 9.9973E-05 9.9973E-05 0.0188215 0.00168832 0.00792919
0.947482 9.9955E-05 0.00522671 0.0231188 9.9955E-05 0.0102502 9.9955E-05 0.0134225 9.9955E-05 9.9955E-05
0.558786 0.00832035 9.99461E-05 9.99461E-05 9.99461E-05 9.99461E-05 9.99461E-05 0.039423 0.392871 9.99461E-05
0.565698 9.99371E-05 9.99371E-05 9.99371E-05 9.99371E-05 9.99371E-05 9.99371E-05 0.000314842 0.433288 9.99371E-05
0.996807 9.9928E-05 9.9928E-05 0.00239356 9.9928E-05 9.9928E-05 9.9928E-05 9.9928E-05 9.9928E-05 9.9928E-05
0.944446 9.9937E-05 0.0405448 0.0143098 9.9937E-05 9.9937E-05 9.9937E-05 9.9937E-05 9.9937E-05 9.9937E-05
0.925387 0.0450117 0.00610015 9.9955E-05 9.9955E-05 0.00929456 9.9955E-05 9.9955E-05 0.0137066 9.9955E-05
0.925429 9.9964E-05 0.0001203 0.00597343 0.0234275 9.9964E-05 9.9964E-05 9.9964E-05 0.0236937 0.0209565
0.980018 0.0144676 9.99373E-05 9.99373E-05 9.99373E-05 0.00481494 9.99373E-05 9.99373E-05 9.99373E-05 9.99373E-05
0.515182 9.99371E-05 9.99371E-05 9.99371E-05 9.99371E-05 9.99371E-05 9.99371E-05 0.0420084 0.44211 9.99371E-05
0.861009 9.9973E-05 0.0525235 9.9973E-05 0.0071661 0.00588568 9.9973E-05 0.00605739 0.048577 0.0184816
0.92428 9.9955E-05 9.9955E-05 9.9955E-05 9.9955E-05 0.0424457 0.0171349 0.0144006 0.00123864 9.9955E-05
0.929234 9.9946E-05 0.0523795 9.9946E-05 0.00613684 9.9946E-05 9.9946E-05 9.9946E-05 9.9946E-05 0.0116497
0.952461 9.9955E-05 0.00986399 0.0233369 9.9955E-05 9.9955E-05 0.00895566 9.9955E-05 9.9955E-05 0.00488236
0.893398 9.9964E-05 0.0503383 9.9964E-05 9.9964E-05 0.0104177 9.9964E-05 0.020171 0.0168828 0.00839248
0.937746 0.00887328 0.0526816 9.9937E-05 9.9937E-05 9.9937E-05 9.9937E-05 9.9937E-05 9.9937E-05 9.9937E-05
9.9955E-05 0.239654 9.9955E-05 9.9955E-05 0.0160833 0.11806 9.9955E-05 9.9955E-05 0.576275 0.0494281
0.911165 0.0510924 9.9955E-05 9.9955E-05 9.9955E-05 9.9955E-05 0.00905249 0.00289098 0.0252998 9.9955E-05
0.964956 0.00966767 9.9946E-05 9.9946E-05 9.9946E-05 9.9946E-05 9.9946E-05 0.00607145 0.0187048 9.9946E-05
0.707059 9.9973E-05 0.0559644 0.018959 0.00955836 0.0132927 0.124592 9.9973E-05 0.0702747 9.9973E-05
0.999101 9.99201E-05 9.99201E-05 9.99201E-05 9.99201E-05 9.99201E-05 9.99201E-05 9.99201E-05 9.99201E-05 9.99201E-05
0.976485 0.00896707 0.00698677 9.9946E-05 9.9946E-05 0.0069612 9.9946E-05 9.9946E-05 9.9946E-05 9.9946E-05
0.969052 0.0166355 9.99371E-05 0.0136126 9.99371E-05 9.99371E-05 9.99371E-05 9.99371E-05 9.99371E-05 9.99371E-05
0.938646 9.9946E-05 0.0283174 0.0132062 9.9946E-05 9.9946E-05 9.9946E-05 9.9946E-05 0.0192307 9.9946E-05
0.0197654 0.011625 9.9973E-05 0.0211615 0.00384839 0.0184915 0.0151428 9.9973E-05 0.909666 9.9973E-05
0.999101 9.99201E-05 9.99201E-05 9.99201E-05 9.99201E-05 9.99201E-05 9.99201E-05 9.99201E-05 9.99201E-05 9.99201E-05
0.930927 0.00261606 0.0454539 0.0129174 0.00758604 9.9955E-05 9.9955E-05 9.9955E-05 9.9955E-05 9.9955E-05
0.988597 9.9928E-05 9.9928E-05 9.9928E-05 0.0106035 9.9928E-05 9.9928E-05 9.9928E-05 9.9928E-05 9.9928E-05
0.00282863 0.0287097 9.9973E-05 9.9973E-05 0.0131814 0.112069 0.0107922 0.24005 0.59207 9.9973E-05
0.936078 0.00300288 0.00796909 0.00524624 0.0117658 0.00907108 9.9973E-05 9.9973E-05 9.9973E-05 0.0265666
0.91976 0.0388473 0.00442583 9.9955E-05 0.00107074 9.9955E-05 9.9955E-05 0.0353965 9.9955E-05 9.9955E-05
0.971845 0.0089994 0.0018917 9.9955E-05 9.9955E-05 9.9955E-05 0.011244 9.9955E-05 0.00552033 9.9955E-05
0.987617 0.0115833 9.9928E-05 9.9928E-05 9.9928E-05 9.9928E-05 9.9928E-05 9.9928E-05 9.9928E-05 9.9928E-05
0.0160583 9.9955E-05 0.0651005 0.0337753 9.9955E-05 9.9955E-05 9.9955E-05 0.274249 0.610317 9.9955E-05
0.993922 0.00527879 9.99336E-05 9.99336E-05 9.99336E-05 9.99336E-05 9.99336E-05 9.99336E-05 9.99336E-05 9.99336E-05
0.890675 0.0689949 0.0233283 9.9955E-05 0.00932994 9.9955E-05 9.9955E-05 9.9955E-05 0.00717211 9.9955E-05
0.517818 9.99371E-05 9.99371E-05 9.99371E-05 9.99371E-05 9.99371E-05 9.99371E-05 0.0127118 0.468771 9.99371E-05
0.980349 9.99281E-05 9.99281E-05 9.99281E-05 9.99281E-05 9.99281E-05 9.99281E-05 0.0188513 9.99281E-05 9.99281E-05
0.0180421 9.9955E-05 9.9955E-05 0.0373638 9.9955E-05 0.0175758 9.9955E-05 0.744352 0.182166 9.9955E-05
9.9946E-05 9.9946E-05 9.9946E-05 0.0271833 9.9946E-05 9.9946E-05 9.9946E-05 0.660833 0.272937 0.0384479
0.00377073 0.0410368 0.0440233 9.9964E-05 9.9964E-05 9.9964E-05 0.0141886 0.855506 0.041075 9.9964E-05
0.0388797 9.9964E-05 9.9964E-05 0.00451234 9.9964E-05 0.0544866 0.020658 0.0308511 0.850212 9.9964E-05
0.0472987 0.0361646 0.0829717 0.0433087 0.00236796 0.756265 9.9991E-05 0.0113624 0.00302116 0.0171393
0.0138447 0.00301547 9.9973E-05 0.0087266 9.9973E-05 0.000816687 0.0376725 0.85602 0.0796046 9.9973E-05
0.00527471 0.0363451 9.9982E-05 0.0350433 0.0209685 0.354063 9.9982E-05 0.359988 0.162367 0.0257505
0.0346391 9.9955E-05 9.9955E-05 9.9955E-05 0.00222646 9.9955E-05 9.9955E-05 0.766702 0.152389 0.0435429
9.9973E-05 0.0342055 9.9973E-05 0.00613999 0.0235606 0.0136833 9.9973E-05 0.66523 0.253716 0.00316519
0.0228989 9.9991E-05 0.00560027 0.030544 0.0104972 0.0105513 0.0074485 0.706656 0.19533 0.0103734
9.9964E-05 9.9964E-05 9.9964E-05 0.0331992 0.0362664 9.9964E-05 0.0331235 0.581722 0.276129 0.0391603
0.0103408 9.9964E-05 9.9964E-05 9.9964E-05 0.0495416 0.0182338 9.9964E-05 0.610552 0.298266 0.0126664
0.00592606 9.9955E-05 9.9955E-05 9.9955E-05 0.0176047 9.9955E-05 9.9955E-05 0.942415 0.0128503 0.0207046
0.0392444 9.9964E-05 9.9964E-05 9.9964E-05 0.0109146 0.111506 0.00503296 0.830596 9.9964E-05 0.00230655
0.0417613 9.9955E-05 9.9955E-05 9.9955E-05 0.0170344 0.0924556 9.9955E-05 0.826543 9.9955E-05 0.0217063
0.0522889 0.0411894 0.00666572 0.033436 0.0656601 0.00119285 0.00164933 0.0775355 0.720282 9.9991E-05
9.9937E-05 9.9937E-05 9.9937E-05 0.0144643 9.9937E-05 0.00308587 0.98175 9.9937E-05 9.9937E-05 9.9937E-05
9.9955E-05 0.00760329 0.0394655 0.0357349 9.9955E-05 9.9955E-05 0.902672 9.9955E-05 9.9955E-05 0.0140248
0.00301173 9.9973E-05 0.0449225 0.113968 0.0235195 9.9973E-05 0.230075 0.00475222 9.9973E-05 0.579452
0.0819634 0.0106021 0.0375836 0.0706618 0.00805763 0.355237 0.0159362 0.0714555 0.33884 0.00966208
9.9946E-05 0.0430576 0.0323459 0.00944292 9.9946E-05 9.9946E-05 0.914554 9.9946E-05 9.9946E-05 9.9946E-05
0.00666123 0.0249967 0.0656009 0.0107361 9.9964E-05 9.9964E-05 0.883388 9.9964E-05 9.9964E-05 0.00821681
0.131921 0.0343065 9.9973E-05 9.9973E-05 9.9973E-05 0.215333 0.0371716 0.431321 0.122913 0.026734
9.9955E-05 9.9955E-05 9.9955E-05 0.136745 0.248693 0.0226819 0.202934 9.9955E-05 9.9955E-05 0.388446
0.0036362 9.9991E-05 0.0436482 0.0802303 0.299952 0.013091 0.118164 0.0179059 0.0247836 0.398489
9.9973E-05 0.0166959 0.0175391 0.0653602 0.3648 0.0200718 0.0608219 9.9973E-05 9.9973E-05 0.454411
0.0458152 9.9973E-05 0.0541449 0.029139 0.571833 0.0365051 9.9973E-05 9.9973E-05 0.0458842 0.216379
0.00781065 9.9991E-05 0.106366 0.0169338 0.566448 0.00229713 0.00263518 0.00231191 0.0382732 0.256824
9.9982E-05 0.0278386 0.00711086 0.062134 0.403183 0.0175437 0.0767396 9.9982E-05 0.0188969 0.386353
9.99459E-05 0.00973478 0.173894 9.99459E-05 0.0524941 0.763277 9.99459E-05 9.99459E-05 9.99459E-05 9.99459E-05
9.9946E-05 9.9946E-05 9.9946E-05 9.9946E-05 0.0222854 9.9946E-05 0.29766 9.9946E-05 0.0222933 0.657161
0.0140652 9.9964E-05 0.0480214 9.9964E-05 9.9964E-05 0.0202455 0.0213133 0.0173802 0.878574 9.9964E-05
0.0339223 0.0200975 9.9973E-05 9.9973E-05 9.9973E-05 0.0253691 0.00238563 0.0219961 0.883434 0.0124957
0.0301774 0.0172939 9.9991E-05 0.0633552 0.0244611 0.00394078 0.0462143 0.00013816 0.00632613 0.807993
0.0997962 0.0362444 0.147672 0.0956772 0.104815 0.0187836 0.0754423 0.174819 0.131063 0.115686
9.9973E-05 0.0368588 0.0876139 0.0499724 9.9973E-05 0.778003 0.00904534 0.00989034 0.0283166 9.9973E-05
9.9955E-05 9.9955E-05 9.9955E-05 9.9955E-05 0.0320183 0.176379 0.0460154 0.685877 9.9955E-05 0.0592107
0.00175784 0.0488097 9.9973E-05 0.0200973 0.0366187 0.0625915 9.9973E-05 0.0494513 0.780374 9.9973E-05
0.0133482 0.0270307 9.9973E-05 9.9973E-05 0.04011 0.171345 0.236216 0.490859 0.0207912 9.9973E-05
0.00810074 9.9982E-05 0.0362944 0.00987338 0.0191646 0.817508 0.0877699 0.00640225 0.0146864 9.9982E-05
0.0191096 0.0499015 9.9973E-05 9.9973E-05 0.141282 0.00809544 0.711011 0.0317325 0.038569 9.9973E-05
0.00991546 9.9964E-05 0.10523 0.0150808 0.0138501 0.854563 9.9964E-05 9.9964E-05 9.9964E-05 0.000960406
0.00811868 9.9973E-05 0.421985 0.35306 0.00765168 9.9973E-05 9.9973E-05 0.123316 0.0688244 0.0167439
0.0209361 0.0146477 9.9964E-05 9.9964E-05 0.012387 0.0137165 9.9964E-05 0.0125374 0.925375 9.9964E-05
0.0235123 9.9955E-05 9.9955E-05 9.9955E-05 9.9955E-05 0.0698869 0.322301 0.00926292 9.9955E-05 0.574537
9.9955E-05 9.9955E-05 9.9955E-05 0.0104908 0.0164603 0.100953 9.9955E-05 0.450276 9.9955E-05 0.42132
0.0158336 9.9955E-05 9.9955E-05 9.9955E-05 0.0275403 9.9955E-05 9.9955E-05 0.0161442 0.0434496 0.896533
0.0204159 0.22942 9.9982E-05 9.9982E-05 0.036034 0.343188 0.0503855 0.298209 0.0161705 0.00597725
9.9928E-05 9.9928E-05 9.9928E-05 9.9928E-05 0.00713966 9.9928E-05 9.9928E-05 9.9928E-05 9.9928E-05 0.992061
9.9955E-05 9.9955E-05 0.0239025 9.9955E-05 9.9955E-05 0.884053 9.9955E-05 0.0337937 0.0259763 0.031775
0.0596041 9.9964E-05 9.9964E-05 9.9964E-05 0.00814399 0.0305127 9.9964E-05 0.0315385 0.0512173 0.818584
0.0391817 0.0208815 0.0175644 9.9973E-05 9.9973E-05 0.0701815 9.9973E-05 0.0198852 0.0220199 0.809986
9.9964E-05 0.00497986 0.0132806 9.9964E-05 9.9964E-05 0.0374633 9.9964E-05 0.017552 0.859197 0.0671277
9.9982E-05 0.0226338 0.0402147 0.0660779 9.9982E-05 0.0644245 0.293589 0.115869 0.378969 0.0180224
0.0147 0.0365831 9.9982E-05 9.9982E-05 0.00996746 0.257775 0.0390772 0.262152 0.331098 0.0484472
0.0212978 0.0150454 0.0268424 0.0202601 0.796383 0.0172724 0.0018443 9.9991E-05 0.0383576 0.062597
9.9964E-05 0.00765772 0.0109143 0.037911 0.886364 0.022091 9.9964E-05 9.9964E-05 9.9964E-05 0.0346618
9.9982E-05 0.0445745 0.0030269 0.0589824 0.832793 0.0209504 9.9982E-05 0.0138945 0.0194765 0.00610203
0.0184855 0.0190246 9.9973E-05 0.0530767 0.828572 0.0646315 9.9973E-05 9.9973E-05 0.0105383 0.00537117
9.9955E-05 0.00519948 0.00432345 0.0357102 0.0319355 9.9955E-05 9.9955E-05 9.9955E-05 0.922332 9.9955E-05
9.9946E-05 9.9946E-05 0.0515458 0.0586143 9.9946E-05 9.9946E-05 9.9946E-05 9.9946E-05 0.879885 0.00935511
0.0192263 0.0651804 0.0636396 0.00383327 0.00354523 0.0168331 9.9982E-05 0.0750858 0.752456 9.9982E-05
0.00364824 0.0182646 0.0916442 0.00412853 0.394736 0.00895453 0.195817 9.9982E-05 9.9982E-05 0.282606
0.15795 0.0725156 0.0688048 0.0747007 0.0874667 0.013659 0.0364658 0.172046 0.192551 0.123841
0.127059 9.9964E-05 0.234397 0.254032 0.025567 9.9964E-05 9.9964E-05 0.02385 0.334695 9.9964E-05
0.0279326 0.0464455 0.0684871 0.0290481 9.9973E-05 9.9973E-05 9.9973E-05 0.0782161 0.7364 0.0131709
0.0717548 0.0189037 0.0744646 0.125072 9.9973E-05 9.9973E-05 0.0161854 0.0862283 0.607091 9.9973E-05
0.0349266 0.0149957 0.0379588 0.148431 0.0283381 9.9973E-05 0.0225049 9.9973E-05 0.712545 9.9973E-05
0.123576 9.9964E-05 0.0680722 0.271053 9.9964E-05 9.9964E-05 0.0460771 0.0265468 0.464275 9.9964E-05
9.9973E-05 0.0669699 0.751291 9.9973E-05 0.0475939 9.9973E-05 0.0300873 0.0425305 0.0235557 0.0376718
9.9964E-05 9.9964E-05 0.00384858 0.009691 0.00824909 0.0993606 9.9964E-05 0.870905 0.00754615 9.9964E-05
0.0448509 0.0393957 9.9973E-05 0.0118649 0.026459 0.122893 9.9973E-05 0.546025 0.208211 9.9973E-05
9.9964E-05 0.0256277 9.9964E-05 0.0434551 0.00554495 9.9964E-05 0.000881043 0.00211992 9.9964E-05 0.921971
9.9946E-05 0.0378961 9.9946E-05 0.108388 9.9946E-05 9.9946E-05 9.9946E-05 9.9946E-05 0.000576652 0.85254
9.9955E-05 0.0663994 9.9955E-05 0.124584 9.9955E-05 0.0177657 9.9955E-05 0.00347667 9.9955E-05 0.787275
9.9964E-05 0.0459749 0.123216 0.199662 0.145394 9.9964E-05 0.17163 9.9964E-05 9.9964E-05 0.313724
9.99368E-05 9.99368E-05 0.0140198 0.978945 9.99368E-05 9.99368E-05 9.99368E-05 9.99368E-05 9.99368E-05 0.00633538
9.99277E-05 9.99277E-05 9.99277E-05 0.993619 9.99277E-05 9.99277E-05 9.99277E-05 9.99277E-05 9.99277E-05 0.00558207
9.99549E-05 9.99549E-05 0.0497069 0.0535489 0.00306791 9.99549E-05 0.0124139 9.99549E-05 0.880763 9.99549E-05
0.0101696 9.9982E-05 0.0672761 0.0718864 0.0211834 9.9982E-05 0.012843 0.0319219 0.781276 0.00324361
0.00534479 9.9964E-05 0.00319824 9.9964E-05 9.9964E-05 0.0247389 0.00267818 9.9964E-05 0.942644 0.0209961
0.00338275 9.9973E-05 0.0980535 0.00316546 9.9973E-05 0.7927 9.9973E-05 0.063829 0.00984991 0.0287199
0.00392918 9.9964E-05 0.00656538 9.9964E-05 0.0372569 0.0213328 9.9964E-05 9.9964E-05 0.00102479 0.929491
0.0158166 9.9955E-05 0.0128033 9.9955E-05 0.0193326 9.9955E-05 0.0511478 9.9955E-05 9.9955E-05 0.9004
0.000670577 9.9955E-05 0.00526843 9.9955E-05 9.9955E-05 9.9955E-05 0.103122 0.0156111 9.9955E-05 0.874828
9.9973E-05 0.0253311 0.000276335 0.0201152 0.0187393 9.9973E-05 0.127583 0.0205765 9.9973E-05 0.787078
0.0126248 0.0374725 9.9973E-05 9.9973E-05 0.00485914 0.024445 0.0751042 9.9973E-05 0.00139378 0.843801
9.99371E-05 9.99371E-05 9.99371E-05 9.99371E-05 9.99371E-05 0.20504 9.99371E-05 0.716622 9.99371E-05 0.077638
0.0483583 0.147072 9.9982E-05 0.260804 0.0937971 0.0146199 0.309143 9.9982E-05 0.036307 0.0896993
9.9946E-05 0.000834406 0.00825615 0.0355379 9.9946E-05 0.954772 9.9946E-05 9.9946E-05 9.9946E-05 9.9946E-05
9.9946E-05 0.00834129 9.9946E-05 9.9946E-05 9.9946E-05 0.226978 9.9946E-05 0.680967 9.9946E-05 0.0831141
9.9937E-05 0.195266 9.9937E-05 9.9937E-05 9.9937E-05 0.0630414 9.9937E-05 9.9937E-05 0.740993 9.9937E-05
9.9928E-05 9.9928E-05 9.9928E-05 9.9928E-05 9.9928E-05 0.19834 9.9928E-05 0.800861 9.9928E-05 9.9928E-05
9.9928E-05 9.9928E-05 9.9928E-05 9.9928E-05 9.9928E-05 0.264731 9.9928E-05 0.73447 9.9928E-05 9.9928E-05
9.9946E-05 9.9946E-05 9.9946E-05 9.9946E-05 0.0091362 0.268538 9.9946E-05 0.72006 9.9946E-05 0.00166684
0.0517772 9.9946E-05 9.9946E-05 9.9946E-05 9.9946E-05 0.0124554 9.9946E-05 0.0406994 9.9946E-05 0.894468
9.9937E-05 0.0295842 9.9937E-05 9.9937E-05 9.9937E-05 0.0344564 9.9937E-05 9.9937E-05 9.9937E-05 0.93526
9.9937E-05 0.790801 9.9937E-05 9.9937E-05 9.9937E-05 9.9937E-05 0.062474 9.9937E-05 9.9937E-05 0.146025
0.0330128 0.0334412 0.0137252 9.9973E-05 9.9973E-05 0.00909219 0.00642374 0.00910054 9.9973E-05 0.894904
9.99201E-05 9.99201E-05 9.99201E-05 9.99201E-05 9.99201E-05 9.99201E-05 9.99201E-05 9.99201E-05 9.99201E-05 0.999101
0.000482957 0.0116638 9.9964E-05 9.9964E-05 9.9964E-05 0.062355 0.174536 0.469992 9.9964E-05 0.28057
9.9955E-05 9.9955E-05 9.9955E-05 0.103321 0.0361084 9.9955E-05 0.057809 9.9955E-05 0.0333052 0.768957
9.9955E-05 9.9955E-05 9.9955E-05 0.139715 0.0263591 9.9955E-05 0.0941267 9.9955E-05 0.0094155 0.729884
9.9964E-05 0.119451 0.22523 0.364171 9.9964E-05 9.9964E-05 0.130031 9.9964E-05 0.0582748 0.102441
0.0201596 9.9973E-05 9.9973E-05 0.0123561 0.0119977 0.909044 0.00734787 0.0299529 0.00884223 9.9973E-05
9.9964E-05 0.0699107 9.9964E-05 9.9964E-05 0.00445826 0.0981453 0.17261 0.015209 9.9964E-05 0.639267
0.399647 9.9964E-05 9.9964E-05 9.9964E-05 0.0698684 0.0336546 0.17774 0.0301039 0.288586 9.9964E-05
9.9955E-05 0.00835137 9.9955E-05 9.9955E-05 9.9955E-05 0.0815717 0.290428 0.0605121 9.9955E-05 0.558637
0.0207413 9.9937E-05 9.9937E-05 9.9937E-05 9.9937E-05 9.9937E-05 9.9937E-05 0.0157819 9.9937E-05 0.962777
9.99371E-05 9.99371E-05 9.99371E-05 9.99371E-05 9.99371E-05 0.175886 9.99371E-05 0.778007 9.99371E-05 0.0454083
9.9955E-05 9.9955E-05 0.0608913 9.9955E-05 9.9955E-05 0.0974459 0.0149459 0.56254 9.9955E-05 0.263677
0.00200086 9.9946E-05 0.142038 9.9946E-05 9.9946E-05 0.824962 9.9946E-05 9.9946E-05 0.0303991 9.9946E-05
9.9946E-05 9.9946E-05 0.968915 0.0175603 9.9946E-05 9.9946E-05 9.9946E-05 9.9946E-05 0.00284197 0.0100832
9.9937E-05 9.9937E-05 9.9937E-05 0.00402963 9.9937E-05 9.9937E-05 9.9937E-05 0.943893 0.0513782 9.9937E-05
9.9946E-05 0.0189448 0.798637 9.9946E-05 9.9946E-05 0.0328345 9.9946E-05 0.148984 9.9946E-05 9.9946E-05
9.9964E-05 9.9964E-05 0.0478301 9.9964E-05 9.9964E-05 0.857886 0.0059622 0.0512592 0.00864556 0.0280174
9.9955E-05 9.9955E-05 0.00900475 9.9955E-05 9.9955E-05 0.867183 9.9955E-05 0.0651935 0.00853927 0.0495797
9.99459E-05 0.060723 0.884394 9.99459E-05 9.99459E-05 0.0347234 9.99459E-05 0.0195603 9.99459E-05 9.99459E-05
9.9973E-05 0.108394 0.437252 9.9973E-05 0.00286886 0.105941 0.0153149 0.289853 9.9973E-05 0.0400764
0.00712811 9.9955E-05 0.0809051 9.9955E-05 9.9955E-05 0.901376 9.9955E-05 9.9955E-05 0.00492963 0.00516176
0.0244664 0.122589 0.233285 0.347865 9.9973E-05 9.9973E-05 0.123676 9.9973E-05 0.0547316 0.0930883
0.0151554 9.9946E-05 9.9946E-05 9.9946E-05 9.9946E-05 0.0414451 9.9946E-05 0.00503751 0.937762 9.9946E-05
9.99369E-05 0.195674 9.99369E-05 9.99369E-05 9.99369E-05 0.101088 9.99369E-05 9.99369E-05 0.702539 9.99369E-05
0.999101 9.99201E-05 9.99201E-05 9.99201E-05 9.99201E-05 9.99201E-05 9.99201E-05 9.99201E-05 9.99201E-05 9.99201E-05
9.9964E-05 0.208896 9.9964E-05 0.00978526 0.00268334 0.125655 9.9964E-05 0.00514832 0.647433 9.9964E-05
0.0181994 9.9946E-05 9.9946E-05 9.9946E-05 9.9946E-05 0.0679424 9.9946E-05 0.0791342 0.834124 9.9946E-05
9.9946E-05 9.9946E-05 9.9946E-05 9.9946E-05 9.9946E-05 0.564204 9.9946E-05 0.0727928 0.347162 0.0152418
0.0262196 9.9946E-05 9.9946E-05 9.9946E-05 9.9946E-05 0.044327 9.9946E-05 0.0717843 0.857069 9.9946E-05
0.0144442 0.0179706 0.127498 9.9973E-05 0.0334978 9.9973E-05 9.9973E-05 0.550854 0.252927 0.00250877
0.00723676 9.9964E-05 0.0138117 0.0381946 9.9964E-05 0.0196319 0.0115313 9.9964E-05 0.909194 9.9964E-05
0.0865506 9.99549E-05 0.481514 0.28319 9.99549E-05 9.99549E-05 9.99549E-05 0.0460754 0.10217 9.99549E-05
9.9973E-05 0.00584899 0.563433 0.0824757 0.0303145 0.0632903 9.9973E-05 0.188427 0.0659108 9.9973E-05
9.99641E-05 0.0398307 0.225655 0.169806 9.99641E-05 0.110351 9.99641E-05 0.273915 0.180044 9.99641E-05
0.0100394 0.0136718 0.0139978 9.9973E-05 9.9973E-05 0.0126964 9.9973E-05 0.0618363 0.858396 0.0290622
0.00962568 9.9937E-05 9.9937E-05 9.9937E-05 9.9937E-05 9.9937E-05 0.139155 9.9937E-05 9.9937E-05 0.85052
9.9946E-05 9.9946E-05 0.0429832 9.9946E-05 9.9946E-05 9.9946E-05 9.9946E-05 0.93022 0.0256504 0.000546232
0.0520049 9.99549E-05 0.484992 0.328451 9.99549E-05 9.99549E-05 9.99549E-05 0.00930659 0.124746 9.99549E-05
9.9946E-05 0.016459 0.0493151 9.9946E-05 9.9946E-05 9.9946E-05 9.9946E-05 0.903932 0.0296945 9.9946E-05
9.9937E-05 9.9937E-05 9.9937E-05 0.155246 9.9937E-05 9.9937E-05 0.0663031 9.9937E-05 9.9937E-05 0.777751
0.00800208 9.9937E-05 9.9937E-05 0.0283245 9.9937E-05 0.962974 9.9937E-05 9.9937E-05 9.9937E-05 9.9937E-05
0.947885 0.00616415 9.9964E-05 9.9964E-05 0.0127404 0.0163357 0.00903007 9.9964E-05 9.9964E-05 0.00744508
0.704304 9.9973E-05 0.0327935 0.0475469 0.000992568 0.0398295 0.113036 9.9973E-05 0.0611979 9.9973E-05
0.0189772 9.99461E-05 0.0207304 9.99461E-05 9.99461E-05 0.0099346 9.99461E-05 9.99461E-05 0.949758 9.99461E-05
0.0397276 0.0118829 9.9955E-05 9.9955E-05 9.9955E-05 0.196376 9.9955E-05 0.517452 0.234062 9.9955E-05
9.99279E-05 0.00209663 9.99279E-05 9.99279E-05 9.99279E-05 0.997104 9.99279E-05 9.99279E-05 9.99279E-05 9.99279E-05
9.9928E-05 0.0032449 9.9928E-05 9.9928E-05 9.9928E-05 0.995956 9.9928E-05 9.9928E-05 9.9928E-05 9.9928E-05
9.9973E-05 0.10805 9.9973E-05 0.000851361 0.0407955 0.187376 0.0758814 0.538079 9.9973E-05 0.0486668
0.0159645 0.0130674 9.9982E-05 0.0131393 0.000442761 0.110964 9.9982E-05 0.57427 0.271031 0.000921015
9.9937E-05 0.0462719 9.9937E-05 0.127153 9.9937E-05 9.9937E-05 9.9937E-05 9.9937E-05 9.9937E-05 0.825876
9.99201E-05 9.99201E-05 9.99201E-05 0.999101 9.99201E-05 9.99201E-05 9.99201E-05 9.99201E-05 9.99201E-05 9.99201E-05
9.99459E-05 9.99459E-05 9.99459E-05 0.247032 0.209188 9.99459E-05 0.0987268 9.99459E-05 9.99459E-05 0.444454
0.0628405 9.9955E-05 9.9955E-05 0.454601 0.26667 9.9955E-05 0.187592 9.9955E-05 0.0277967 9.9955E-05
0.0375917 9.9973E-05 9.9973E-05 0.514215 0.250875 0.0159609 0.154408 0.0170175 0.00963111 9.9973E-05
9.9955E-05 9.9955E-05 9.9955E-05 0.378356 0.15699 0.0112424 0.272562 9.9955E-05 9.9955E-05 0.180349
9.99201E-05 9.99201E-05 9.99201E-05 0.999101 9.99201E-05 9.99201E-05 9.99201E-05 9.99201E-05 9.99201E-05 9.99201E-05
0.0288213 0.0356787 9.9991E-05 0.374198 0.299443 0.0230544 0.162898 0.00489422 0.00437226 0.0665404
9.9964E-05 0.0184344 9.9964E-05 0.353961 0.149616 9.9964E-05 0.370899 9.9964E-05 0.0196902 0.0869989
0.0518609 0.000356608 0.306136 0.55676 9.9973E-05 0.0123402 9.9973E-05 0.024959 0.0472876 9.9973E-05
9.9964E-05 0.0143913 9.9964E-05 0.337259 0.155585 9.9964E-05 0.216325 9.9964E-05 0.0190999 0.25694
0.0429952 0.0148787 0.278246 0.569521 0.0110202 0.0165865 9.9982E-05 0.000855616 0.0656966 9.9982E-05
9.9946E-05 0.070894 0.720301 9.9946E-05 9.9946E-05 0.0857361 9.9946E-05 0.122469 9.9946E-05 9.9946E-05
0.0136017 0.888324 0.0973748 9.99369E-05 9.99369E-05 9.99369E-05 9.99369E-05 9.99369E-05 9.99369E-05 9.99369E-05
0.00968267 0.00269847 0.0480354 0.406332 0.085244 0.0135517 0.204732 0.049958 9.9991E-05 0.179666
0.00767859 0.0268896 0.092146 0.351544 0.107693 9.9991E-05 0.163194 0.088333 0.0274939 0.134928
9.99201E-05 9.99201E-05 9.99201E-05 0.999101 9.99201E-05 9.99201E-05 9.99201E-05 9.99201E-05 9.99201E-05 9.99201E-05
9.9955E-05 0.013983 9.9955E-05 0.378208 0.146424 9.9955E-05 0.216898 9.9955E-05 9.9955E-05 0.243988
9.9955E-05 9.9955E-05 0.0298635 0.0244668 9.9955E-05 9.9955E-05 0.0151291 0.811493 0.118548 9.9955E-05
9.9937E-05 0.066477 9.9937E-05 0.0956104 9.9937E-05 9.9937E-05 9.9937E-05 9.9937E-05 9.9937E-05 0.837213
9.9955E-05 9.9955E-05 9.9955E-05 0.507186 0.268058 0.0564589 0.139822 9.9955E-05 0.027976 9.9955E-05
0.0123966 0.0269918 9.9964E-05 0.424203 0.0467543 9.9964E-05 0.266741 9.9964E-05 9.9964E-05 0.222513
0.022503 0.0226718 9.9964E-05 0.472548 0.264761 9.9964E-05 0.164435 9.9964E-05 9.9964E-05 0.052682
0.000470358 0.0589111 9.9964E-05 0.362981 0.251335 9.9964E-05 0.247339 9.9964E-05 9.9964E-05 0.0785636
9.9937E-05 0.189967 9.9937E-05 9.9937E-05 9.9937E-05 0.104995 9.9937E-05 9.9937E-05 0.704338 9.9937E-05
0.0329318 0.0600886 0.0692123 9.9973E-05 0.0340933 0.00958621 9.9973E-05 0.443066 0.350722 9.9973E-05
0.0104421 9.9964E-05 0.00643263 0.126451 0.0441799 9.9964E-05 0.0908366 9.9964E-05 9.9964E-05 0.721258
9.99549E-05 9.99549E-05 0.070198 9.99549E-05 0.00390037 9.99549E-05 0.000446335 0.905719 0.0192367 9.99549E-05
9.99369E-05 0.221958 9.99369E-05 9.99369E-05 9.99369E-05 0.118279 9.99369E-05 9.99369E-05 0.659063 9.99369E-05
9.99442E-05 9.99442E-05 0.884086 0.0795616 9.99442E-05 0.0356527 9.99442E-05 9.99442E-05 9.99442E-05 9.99442E-05
9.99201E-05 9.99201E-05 9.99201E-05 9.99201E-05 9.99201E-05 9.99201E-05 9.99201E-05 9.99201E-05 9.99201E-05 0.999101
0.0372214 9.9928E-05 9.9928E-05 9.9928E-05 9.9928E-05 9.9928E-05 9.9928E-05 9.9928E-05 9.9928E-05 0.961979
0.0365355 9.9955E-05 9.9955E-05 9.9955E-05 0.0202121 0.00980113 9.9955E-05 0.0409623 9.9955E-05 0.891989
0.00389059 9.9946E-05 9.9946E-05 9.9946E-05 0.00471615 9.9946E-05 0.0183496 9.9946E-05 9.9946E-05 0.972444
9.9964E-05 9.9964E-05 0.108518 9.9964E-05 9.9964E-05 0.80067 0.00654031 0.0438316 0.00906542 0.030975
0.0271925 0.00243763 9.9964E-05 9.9964E-05 9.9964E-05 0.0279997 0.0453078 9.9964E-05 0.0768515 0.819811
9.9937E-05 0.171881 9.9937E-05 9.9937E-05 9.9937E-05 0.125703 9.9937E-05 9.9937E-05 0.701716 9.9937E-05
9.9946E-05 0.0103437 0.0165417 0.0397756 9.9946E-05 9.9946E-05 9.9946E-05 9.9946E-05 0.932739 9.9946E-05
0.0209753 9.9955E-05 9.9955E-05 9.9955E-05 0.0410083 0.0550491 9.9955E-05 0.0075558 0.874912 9.9955E-05
0.0133019 9.9955E-05 9.9955E-05 0.0367449 9.9955E-05 0.0227621 9.9955E-05 9.9955E-05 0.921951 0.00473997
0.0233454 9.9964E-05 9.9964E-05 9.9964E-05 0.0151967 0.0181163 0.0042337 0.057038 0.88167 9.9964E-05
0.0693983 9.9973E-05 9.9973E-05 0.397458 0.382856 0.0128607 0.0490592 0.00658951 0.0814786 9.9973E-05
0.0814609 9.9964E-05 9.9964E-05 0.414096 0.398828 0.0178397 0.035762 9.9964E-05 0.0516136 9.9964E-05
9.9964E-05 9.9964E-05 0.0383252 0.0223509 0.909624 0.0132206 9.9964E-05 0.0144389 0.00164089 9.9964E-05
9.9955E-05 0.00200711 9.9955E-05 9.9955E-05 0.865769 9.9955E-05 0.00566024 9.9955E-05 0.0339175 0.0921462
0.0159773 0.0413246 9.9946E-05 9.9946E-05 0.931999 9.9946E-05 9.9946E-05 9.9946E-05 0.0100997 9.9946E-05
0.0147474 0.034838 0.508587 9.9973E-05 0.284798 0.0941122 9.9973E-05 0.054354 0.00826273 9.9973E-05
9.9955E-05 0.000830337 9.9955E-05 0.0200452 0.936494 9.9955E-05 9.9955E-05 0.0306815 0.0114491 9.9955E-05
9.9982E-05 0.164175 9.9982E-05 0.0473419 0.0815911 0.116377 0.0147352 0.242933 0.166565 0.166082
9.99201E-05 9.99201E-05 9.99201E-05 9.99201E-05 0.999101 9.99201E-05 9.99201E-05 9.99201E-05 9.99201E-05 9.99201E-05
9.9928E-05 9.9928E-05 9.9928E-05 9.9928E-05 0.978042 9.9928E-05 0.0211587 9.9928E-05 9.9928E-05 9.9928E-05
0.0156951 9.9955E-05 9.9955E-05 0.0134967 0.934962 9.9955E-05 0.0350122 9.9955E-05 9.9955E-05 0.000334383
9.9964E-05 0.0493269 9.9964E-05 9.9964E-05 0.232839 9.9964E-05 0.667544 0.0286274 0.00662222 0.0146403
0.0004312 9.99371E-05 9.99371E-05 9.99371E-05 0.989909 9.99371E-05 0.00895995 9.99371E-05 9.99371E-05 9.99371E-05
0.0385007 9.9955E-05 9.9955E-05 9.9955E-05 0.794062 9.9955E-05 0.125881 9.9955E-05 0.0392434 0.00181291
9.9955E-05 0.0063858 0.0181407 0.0226331 9.9955E-05 9.9955E-05 9.9955E-05 0.857595 0.0947452 9.9955E-05
0.0449062 0.0261581 0.0751236 9.9973E-05 0.0716612 9.9973E-05 9.9973E-05 0.548862 0.221366 0.0116229
0.00369459 0.0149987 0.131992 0.0266146 0.0140107 9.9973E-05 9.9973E-05 0.116206 0.692184 9.9973E-05
0.0281365 9.9964E-05 0.0407153 9.9964E-05 9.9964E-05 0.0103311 9.9964E-05 0.0497849 0.868807 0.00182578
9.9964E-05 9.9964E-05 0.713101 0.0574855 0.00406387 0.037651 9.9964E-05 0.143815 0.0434831 9.9964E-05
0.0268181 0.0471377 0.0657452 9.9973E-05 0.0372744 9.9973E-05 9.9973E-05 0.0648593 0.753518 0.00434765
0.00201267 9.9973E-05 0.0287643 0.0115987 0.000491885 9.9973E-05 9.9973E-05 0.9306 0.0243777 0.00185448
9.9928E-05 9.9928E-05 9.9928E-05 9.9928E-05 9.9928E-05 9.9928E-05 9.9928E-05 0.92265 0.0765501 9.9928E-05
9.9955E-05 0.0332857 0.883903 0.00516983 9.9955E-05 0.0264435 9.9955E-05 0.0506977 9.9955E-05 9.9955E-05
0.0481035 9.9964E-05 0.10488 0.0659256 0.0178962 9.9964E-05 9.9964E-05 0.0373919 0.725403 9.9964E-05
0.0817789 0.0177576 0.130465 0.0755167 9.9982E-05 9.9982E-05 0.0241731 0.165817 0.484764 0.0195282
0.0594382 9.99642E-05 0.550523 0.253036 9.99642E-05 0.0683494 9.99642E-05 0.0266582 0.0415951 9.99642E-05
9.9973E-05 0.0732618 0.769888 0.0105119 0.00713305 0.0807544 9.9973E-05 0.0501985 0.00795214 9.9973E-05
9.9964E-05 0.0202259 0.641005 0.102793 9.9964E-05 0.0570099 9.9964E-05 0.11264 0.065926 9.9964E-05
9.9973E-05 0.126175 0.0217972 9.9973E-05 9.9973E-05 0.0399611 0.0142586 0.51592 0.232342 0.0492463
9.9964E-05 0.023173 0.787335 0.00522605 9.9964E-05 0.0978256 9.9964E-05 0.076617 0.00942354 9.9964E-05
0.0109917 0.00710872 0.0115534 9.9964E-05 0.0268312 9.9964E-05 9.9964E-05 0.936862 0.00625263 9.9964E-05
9.9937E-05 9.9937E-05 0.963279 9.9937E-05 9.9937E-05 9.9937E-05 0.0215868 9.9937E-05 9.9937E-05 0.0144349
0.0293835 9.99461E-05 0.934069 9.99461E-05 9.99461E-05 9.99461E-05 0.00290898 9.99461E-05 9.99461E-05 0.0330392
0.0196952 0.0238329 0.222031 0.3502 0.0596529 0.0298018 0.148703 9.9982E-05 9.9982E-05 0.145883
9.9946E-05 0.0281371 0.856077 9.9946E-05 9.9946E-05 0.0833559 9.9946E-05 0.0318306 9.9946E-05 9.9946E-05
9.9946E-05 0.0526041 0.851012 9.9946E-05 9.9946E-05 0.0592897 9.9946E-05 0.0364944 9.9946E-05 9.9946E-05
9.9946E-05 0.07232 0.832656 9.9946E-05 9.9946E-05 0.0723202 9.9946E-05 0.022104 9.9946E-05 9.9946E-05
0.0907858 9.9973E-05 0.377266 0.268697 0.016359 9.9973E-05 0.00225595 0.0750705 0.169266 9.9973E-05
9.9955E-05 0.0186772 0.0947183 9.9955E-05 9.9955E-05 9.9955E-05 0.00562259 0.740149 0.140334 9.9955E-05
9.9973E-05 0.0223861 0.0549782 0.0364764 0.0101173 9.9973E-05 9.9973E-05 0.862384 0.0083365 0.00502166
9.9955E-05 0.0443649 0.0863691 9.9955E-05 0.00807306 9.9955E-05 9.9955E-05 0.856681 9.9955E-05 0.0040123
9.9937E-05 9.9937E-05 0.0485422 9.9937E-05 9.9937E-05 9.9937E-05 9.9937E-05 0.85923 0.091528 9.9937E-05
9.9955E-05 0.0370376 0.0312759 0.119648 9.9955E-05 9.9955E-05 9.9955E-05 0.00271098 9.9955E-05 0.808827
9.99369E-05 0.791025 9.99369E-05 9.99369E-05 9.99369E-05 9.99369E-05 0.0527429 9.99369E-05 9.99369E-05 0.155533
0.0239884 0.0138714 0.00620904 0.0168361 0.00439212 0.0414338 0.0149361 0.127949 0.743026 0.0073578
0.0499378 0.00218346 0.00900377 9.9973E-05 0.0264684 0.166554 9.9973E-05 0.455063 0.29049 9.9973E-05
0.0151973 0.778757 0.146326 9.99459E-05 9.99459E-05 0.0591204 9.99459E-05 9.99459E-05 9.99459E-05 9.99459E-05
0.0136031 0.806716 0.145069 9.99549E-05 9.99549E-05 0.0338951 9.99549E-05 0.000216563 9.99549E-05 9.99549E-05
9.99442E-05 9.99442E-05 9.99442E-05 0.0794971 9.99442E-05 9.99442E-05 9.99442E-05 9.99442E-05 0.883997 0.0358066
9.99369E-05 0.204819 9.99369E-05 9.99369E-05 9.99369E-05 0.112343 9.99369E-05 9.99369E-05 0.682138 9.99369E-05
9.9964E-05 0.133077 9.9964E-05 9.9964E-05 0.0204575 0.108076 0.496331 0.214616 9.9964E-05 0.0270427
9.9973E-05 0.0726684 0.057069 0.0435921 0.0354186 0.416428 9.9973E-05 0.310101 9.9973E-05 0.0644237
9.99641E-05 0.0232352 0.0153248 0.0125319 9.99641E-05 0.0400033 9.99641E-05 0.125054 0.783451 9.99641E-05
0.0985975 9.9946E-05 0.395559 0.286594 9.9946E-05 9.9946E-05 9.9946E-05 9.9946E-05 0.218649 9.9946E-05
0.0437413 0.751864 0.129564 9.99549E-05 9.99549E-05 0.0614084 9.99549E-05 0.0129226 9.99549E-05 9.99549E-05
0.103653 9.99639E-05 0.342294 0.365785 0.0120986 9.99639E-05 9.99639E-05 0.0729547 0.102815 9.99639E-05
0.0863528 9.9955E-05 0.275098 0.315747 9.9955E-05 9.9955E-05 9.9955E-05 0.0883802 0.233923 9.9955E-05
0.0748029 9.9946E-05 9.9946E-05 0.0116237 9.9946E-05 9.9946E-05 0.0347862 9.9946E-05 0.878188 9.9946E-05
0.00452172 9.9964E-05 0.0113844 0.011255 9.9964E-05 9.9964E-05 0.0622767 9.9964E-05 0.905329 0.00483303
0.023069 0.005777 0.0125106 9.9955E-05 9.9955E-05 9.9955E-05 0.0361229 9.9955E-05 0.922021 9.9955E-05
0.0256402 9.9973E-05 9.9973E-05 0.0340967 0.00522364 0.049954 0.00222423 0.0297959 0.852766 9.9973E-05
0.0274884 9.9946E-05 9.9946E-05 9.9946E-05 9.9946E-05 0.0341635 0.0132792 9.9946E-05 0.924469 9.9946E-05
9.99461E-05 0.0177304 9.99461E-05 9.99461E-05 9.99461E-05 0.0466398 9.99461E-05 0.0329903 0.90204 9.99461E-05
0.155367 9.9964E-05 0.0773212 0.215043 9.9964E-05 9.9964E-05 0.0452477 0.0466058 0.460015 9.9964E-05
0.101979 9.9964E-05 0.218201 0.350206 0.0677286 9.9964E-05 9.9964E-05 0.0324747 0.229012 9.9964E-05
9.99371E-05 9.99371E-05 9.99371E-05 9.99371E-05 9.99371E-05 0.0472423 0.0219949 9.99371E-05 0.930063 9.99371E-05
0.0754655 9.9973E-05 0.29798 0.307889 0.0365675 0.0270047 9.9973E-05 0.0384822 0.216312 9.9973E-05
0.0463851 9.9955E-05 0.440662 0.357522 9.9955E-05 9.9955E-05 9.9955E-05 0.024595 0.130336 9.9955E-05
9.99201E-05 9.99201E-05 9.99201E-05 9.99201E-05 9.99201E-05 9.99201E-05 0.999101 9.99201E-05 9.99201E-05 9.99201E-05
9.99369E-05 0.0531889 9.99369E-05 0.0299645 9.99369E-05 9.99369E-05 0.916147 9.99369E-05 9.99369E-05 9.99369E-05
9.99201E-05 9.99201E-05 9.99201E-05 9.99201E-05 9.99201E-05 9.99201E-05 0.999101 9.99201E-05 9.99201E-05 9.99201E-05
9.99279E-05 9.99279E-05 9.99279E-05 0.0365019 9.99279E-05 9.99279E-05 0.962699 9.99279E-05 9.99279E-05 9.99279E-05
9.9937E-05 9.9937E-05 9.9937E-05 9.9937E-05 9.9937E-05 0.00640265 0.97416 9.9937E-05 0.0187377 9.9937E-05
9.99201E-05 9.99201E-05 9.99201E-05 9.99201E-05 9.99201E-05 9.99201E-05 0.999101 9.99201E-05 9.99201E-05 9.99201E-05
