9.9991E-05 0.507587 0.161048 0.127845 0.20342
0.0124064 0.246645 0.189215 0.0566498 0.495084
0.039187 0.26287 0.159454 0.0821521 0.456336
9.999E-05 0.501588 0.188165 0.134187 0.175959
0.0113308 0.00129833 9.9991E-05 0.0141472 0.973124
0.0696178 0.201413 0.21338 0.071285 0.444304
0.0140615 0.379169 9.9991E-05 0.590825 0.0158443
9.9973E-05 9.9973E-05 0.00886873 0.990831 9.9973E-05
0.00305349 9.9982E-05 0.0203703 0.976376 9.9982E-05
9.997E-05 9.997E-05 9.997E-05 0.9996 9.997E-05
0.0555201 0.918609 0.0256708 9.9982E-05 9.9982E-05
0.0864933 0.913207 9.9973E-05 9.9973E-05 9.9973E-05
0.103168 0.896532 9.9973E-05 9.9973E-05 9.9973E-05
0.0881219 0.911578 9.9973E-05 9.9973E-05 9.9973E-05
0.902116 9.9982E-05 0.0468657 0.0508187 9.9982E-05
9.997E-05 9.997E-05 9.997E-05 0.9996 9.997E-05
9.999E-05 0.810751 0.0479025 0.135518 0.00572774
0.933765 0.064533 9.9982E-05 0.00150187 9.9982E-05
0.647812 0.259322 0.0709381 0.0218275 9.9991E-05
0.479017 0.520683 9.9973E-05 9.9973E-05 9.9973E-05
0.845201 0.068989 0.0336207 0.0520892 9.9991E-05
0.214219 0.785481 9.9973E-05 9.9973E-05 9.9973E-05
0.936428 0.0518969 9.9982E-05 0.0114748 9.9982E-05
0.219687 0.780013 9.9973E-05 9.9973E-05 9.9973E-05
0.185165 0.814535 9.9973E-05 9.9973E-05 9.9973E-05
0.978165 0.0215347 9.9973E-05 9.9973E-05 9.9973E-05
0.929132 0.0461287 9.9982E-05 0.024539 9.9982E-05
0.66692 0.260257 0.0726223 9.9982E-05 9.9982E-05
0.948759 9.9982E-05 0.0375948 0.0134462 9.9982E-05
0.974575 9.9973E-05 0.025125 9.9973E-05 9.9973E-05
0.158325 0.841375 9.9973E-05 9.9973E-05 9.9973E-05
0.0953968 0.904303 9.9973E-05 9.9973E-05 9.9973E-05
0.93468 0.0645414 0.000578601 9.9982E-05 9.9982E-05
0.272309 0.727391 9.9973E-05 9.9973E-05 9.9973E-05
0.98098 0.0009352 9.9991E-05 0.00681352 0.0111713
0.15031 0.84939 9.9973E-05 9.9973E-05 9.9973E-05
0.949426 0.0433137 9.9982E-05 9.9982E-05 0.00705984
0.180604 0.819096 9.9973E-05 9.9973E-05 9.9973E-05
9.9991E-05 0.369022 0.213297 0.150267 0.267314
9.9973E-05 9.9973E-05 0.197869 9.9973E-05 0.801832
9.9973E-05 0.935821 9.9973E-05 9.9973E-05 0.063879
0.997978 0.00172256 9.9973E-05 9.9973E-05 9.9973E-05
0.155288 0.844412 9.9973E-05 9.9973E-05 9.9973E-05
9.9982E-05 0.332843 0.468864 9.9982E-05 0.198094
0.593964 0.265864 0.0642604 0.075811 9.9991E-05
0.449644 0.533113 0.00759671 0.00954627 9.9991E-05
0.885793 0.029999 0.0149392 0.0394602 0.0298086
0.0575003 0.171555 0.24482 0.0289438 0.497181
9.9991E-05 0.0760925 0.726723 0.00242907 0.194655
9.9991E-05 0.702044 0.00499766 0.211071 0.0817875
9.9991E-05 0.761932 0.0513305 0.152194 0.0344431
9.9991E-05 0.749087 0.0195515 0.155656 0.0756058
9.9982E-05 0.74785 9.9982E-05 0.183924 0.0680266
0.00842493 0.0152899 9.9991E-05 0.970023 0.00616217
0.00171682 0.0247958 9.9991E-05 0.972568 0.000819416
0.0678472 0.876833 9.9982E-05 0.0551194 9.9982E-05
0.168052 0.831648 9.9973E-05 9.9973E-05 9.9973E-05
0.236394 0.281859 0.0667366 0.135708 0.279303
0.0190468 0.00610505 0.0140709 0.00310478 0.957672
0.0393407 0.0265256 0.409054 9.9991E-05 0.52498
9.9991E-05 0.822509 0.0576741 0.11501 0.00470746
9.9982E-05 0.762092 9.9982E-05 0.139691 0.0980162
9.9991E-05 0.747692 0.0845872 0.112055 0.0555653
9.997E-05 9.997E-05 9.997E-05 0.9996 9.997E-05
9.9991E-05 0.0047609 0.0305668 0.0144493 0.950123
0.00661853 0.834662 0.0568921 0.0966203 0.00520675
9.9991E-05 0.468502 0.108101 0.207968 0.215329
0.137322 0.862378 9.9973E-05 9.9973E-05 9.9973E-05
0.109747 0.889953 9.9973E-05 9.9973E-05 9.9973E-05
0.0454065 0.0376945 0.0288363 0.829692 0.0583708
0.0675386 0.0516127 0.000976713 0.840703 0.0391692
0.00341944 0.0709877 0.0163301 0.900061 0.00920224
9.9973E-05 9.9973E-05 9.9973E-05 0.987535 0.0121649
9.997E-05 9.997E-05 9.997E-05 0.9996 9.997E-05
9.997E-05 9.997E-05 9.997E-05 0.9996 9.997E-05
0.00736376 9.9973E-05 9.9973E-05 0.992336 9.9973E-05
0.0080564 9.9973E-05 9.9973E-05 0.991644 9.9973E-05
9.9973E-05 9.9973E-05 0.014739 0.984961 9.9973E-05
9.997E-05 9.997E-05 9.997E-05 0.9996 9.997E-05
0.00130792 0.0124574 0.0222374 0.963897 9.9991E-05
0.0208941 0.0124021 9.9982E-05 0.966504 9.9982E-05
0.0126602 9.9973E-05 9.9973E-05 0.98704 9.9973E-05
0.428701 0.0176823 9.9982E-05 0.553417 9.9982E-05
0.446122 9.9973E-05 9.9973E-05 0.553578 9.9973E-05
9.997E-05 9.997E-05 9.997E-05 0.9996 9.997E-05
9.9973E-05 0.0151027 9.9973E-05 0.984597 9.9973E-05
0.0282486 0.0161487 9.9991E-05 0.942135 0.0133677
0.0417 9.9991E-05 0.00312338 0.947463 0.00761326
9.997E-05 9.997E-05 9.997E-05 0.9996 9.997E-05
0.483072 9.9973E-05 9.9973E-05 0.516628 9.9973E-05
0.0435627 0.0290396 0.022418 0.885039 0.0199409
0.00526906 0.0225745 0.0117528 0.958097 0.00230617
9.9982E-05 0.00426321 9.9982E-05 0.983946 0.0115904
9.9982E-05 9.9982E-05 0.0141596 0.968894 0.0167467
0.0294855 0.0362126 9.9991E-05 0.926301 0.00790056
0.00850312 0.0107155 0.00742953 0.973252 9.9991E-05
0.658104 0.139241 0.0800957 9.9991E-05 0.122459
0.024726 9.9991E-05 0.0238431 0.941035 0.0102957
0.0194927 9.9973E-05 9.9973E-05 0.980207 9.9973E-05
0.0888072 0.0158628 0.0913489 0.7521 0.0518806
9.997E-05 9.997E-05 9.997E-05 0.9996 9.997E-05
0.00230698 9.9973E-05 9.9973E-05 0.997393 9.9973E-05
0.000771306 9.9982E-05 0.0114866 0.987542 9.9982E-05
0.0228026 0.00224461 9.9982E-05 0.974753 9.9982E-05
0.944255 9.9982E-05 0.028964 0.0265806 9.9982E-05
9.997E-05 9.997E-05 9.997E-05 0.9996 9.997E-05
9.9973E-05 9.9973E-05 0.0165349 0.983165 9.9973E-05
9.9973E-05 9.9973E-05 0.00860385 0.991096 9.9973E-05
0.68026 0.293845 0.00845329 0.0173417 9.9991E-05
0.0224133 9.9991E-05 0.0164966 0.939332 0.0216584
9.9982E-05 0.0254122 0.00814329 0.966245 9.9982E-05
0.0142296 9.9973E-05 9.9973E-05 0.98547 9.9973E-05
9.997E-05 9.997E-05 9.997E-05 0.9996 9.997E-05
0.703751 0.263704 9.9982E-05 0.032345 9.9982E-05
9.997E-05 9.997E-05 9.997E-05 0.9996 9.997E-05
0.023715 0.00925719 0.0122218 0.95142 0.0033859
0.479937 9.9973E-05 9.9973E-05 0.519763 9.9973E-05
9.997E-05 9.997E-05 9.997E-05 0.9996 9.997E-05
0.311698 0.688002 9.9973E-05 9.9973E-05 9.9973E-05
0.396445 0.596667 9.9982E-05 9.9982E-05 0.00668805
0.184675 0.779703 0.0226309 9.9991E-05 0.0128913
0.940015 9.9982E-05 9.9982E-05 0.0291482 0.0306366
9.9991E-05 0.746067 0.0555019 0.153688 0.044643
0.200942 0.792093 0.0067644 9.9982E-05 9.9982E-05
0.253293 0.642119 0.0565504 0.0186361 0.0294015
0.321112 0.676854 9.9982E-05 9.9982E-05 0.00183398
0.389956 0.608267 0.00157649 9.9982E-05 9.9982E-05
0.320298 0.67679 9.9982E-05 0.00271203 9.9982E-05
0.391509 0.554179 0.0474647 9.9991E-05 0.00674703
0.409871 0.55666 0.0239595 9.9991E-05 0.00940892
0.146028 0.853672 9.9973E-05 9.9973E-05 9.9973E-05
0.099162 0.889602 9.9982E-05 0.0110362 9.9982E-05
0.149505 0.848098 0.00219745 9.9982E-05 9.9982E-05
0.812063 0.0561791 0.0840799 0.0475783 9.9991E-05
0.0158074 0.0230978 0.568482 0.00603913 0.386574
0.00379186 0.00769307 0.538583 0.0601639 0.389768
9.9991E-05 0.0812128 0.143115 0.00511945 0.770453
0.356154 0.394508 0.076216 0.144946 0.0281757
0.00143244 0.0391475 0.576041 0.0191696 0.364209
0.0350129 0.031545 0.501647 0.0537399 0.378055
0.210272 0.581076 0.0258384 0.134806 0.0480068
0.00579459 0.0146407 0.413923 0.0239631 0.541679
0.0381153 0.0133898 0.451188 0.0252736 0.472033
9.9991E-05 0.0204662 0.441968 0.0301525 0.507313
0.0423814 0.0737464 0.585643 0.0557021 0.242527
0.043073 0.0382479 0.608804 0.0431904 0.266685
0.0428639 0.0431484 0.462499 9.9991E-05 0.451389
9.9991E-05 0.723155 0.0940519 0.126826 0.0558674
0.0271943 9.9982E-05 0.16939 9.9982E-05 0.803216
0.925028 0.0249535 9.9991E-05 0.0396343 0.010284
0.951879 9.9991E-05 0.00125596 0.0243008 0.0224639
0.0268612 0.017953 0.0462928 0.0226437 0.886249
0.205093 0.270208 0.158516 0.180553 0.18563
0.0181981 0.755803 0.0708125 0.091896 0.0632904
0.0363223 0.840369 0.0699538 9.9991E-05 0.053255
0.842686 0.0853676 0.0591754 0.012129 0.000642201
0.0997811 0.618001 0.21275 9.9991E-05 0.0693679
0.0252166 0.736908 0.0973971 0.0897141 0.0507641
0.0490278 0.0613111 0.667623 0.00393907 0.218099
9.9991E-05 0.772233 0.0272585 0.132709 0.067699
0.115638 0.433264 0.116044 0.176246 0.158809
0.980819 9.9973E-05 9.9973E-05 0.0188813 9.9973E-05
0.0572517 9.9991E-05 0.14485 0.0431437 0.754654
0.0466508 0.51631 0.0167045 9.9991E-05 0.420235
0.0444371 9.9991E-05 0.00930813 0.0104386 0.935716
0.0599619 0.659826 0.104476 0.0723575 0.103379
9.997E-05 9.997E-05 9.997E-05 9.997E-05 0.9996
0.00648066 0.836376 0.00165158 0.0722615 0.0832299
0.0574633 0.0399318 9.9991E-05 0.0617713 0.840734
9.9982E-05 0.110908 9.9982E-05 0.0381353 0.850757
0.917245 0.0030042 9.9991E-05 0.0133853 0.0662656
0.424761 0.194338 0.209215 9.9991E-05 0.171585
0.405912 0.446785 0.0394965 0.0399574 0.0678485
0.0643453 0.0202951 0.829956 0.0323624 0.053041
9.9973E-05 0.050891 0.948809 9.9973E-05 9.9973E-05
0.0419228 0.0289828 0.917546 0.0114485 9.9991E-05
0.0233584 0.0701201 0.890155 0.0162667 9.9991E-05
0.961634 9.9973E-05 0.0380665 9.9973E-05 9.9973E-05
0.925281 9.9982E-05 9.9982E-05 0.0246877 0.0498315
0.81839 0.109656 0.0317289 0.0401255 9.9991E-05
9.9991E-05 0.0634081 0.562468 0.0103075 0.363717
0.182436 0.325012 0.172219 0.130723 0.189609
0.390822 0.20948 0.108084 0.217174 0.0744393
0.810443 0.087862 0.0119303 0.0544295 0.0353353
0.667337 0.139769 0.0315065 0.116508 0.0448796
0.771273 9.9991E-05 0.128837 0.0766209 0.0231696
0.497228 0.109971 0.0980515 0.210217 0.0845324
9.9991E-05 0.587269 0.0880913 0.177213 0.147327
0.122942 0.876758 9.9973E-05 9.9973E-05 9.9973E-05
0.311139 0.633988 0.00161062 0.0531625 9.9991E-05
9.997E-05 9.997E-05 9.997E-05 9.997E-05 0.9996
0.00364946 0.0361188 9.9982E-05 9.9982E-05 0.960032
0.0178776 0.0611583 9.9982E-05 9.9982E-05 0.920764
9.9991E-05 0.114622 0.355814 0.0442172 0.485247
0.0147898 0.28198 0.131328 0.13357 0.438333
0.043568 0.257758 0.123095 0.143641 0.431937
0.952527 9.9982E-05 0.0151953 0.0320772 9.9982E-05
0.872653 0.0354662 0.0342726 0.0381349 0.0194737
0.980685 9.9973E-05 9.9973E-05 0.0190148 9.9973E-05
9.9982E-05 0.815266 9.9982E-05 0.109069 0.0754655
0.0218573 9.9982E-05 9.9982E-05 0.0136959 0.964247
9.9973E-05 9.9973E-05 0.028369 9.9973E-05 0.971331
9.9975E-05 9.9975E-05 0.0279756 9.9975E-05 0.971725
9.9982E-05 0.0158696 0.0726917 9.9982E-05 0.911239
0.00122317 0.0393267 0.0305665 0.00880523 0.920078
9.9973E-05 0.917358 9.9973E-05 9.9973E-05 0.0823423
0.055518 0.0897558 0.388567 0.106615 0.359544
9.9991E-05 0.864159 0.0186767 0.0797757 0.0372885
9.9973E-05 0.933818 9.9973E-05 9.9973E-05 0.065882
0.81277 0.0786488 0.0357426 9.9991E-05 0.0727385
0.00817534 0.991525 9.9973E-05 9.9973E-05 9.9973E-05
9.997E-05 0.9996 9.997E-05 9.997E-05 9.997E-05
9.9973E-05 0.982836 0.0168643 9.9973E-05 9.9973E-05
0.0216883 9.9982E-05 9.9982E-05 0.0261465 0.951965
9.997E-05 9.997E-05 9.997E-05 9.997E-05 0.9996
0.0623016 0.198571 0.224225 0.0603311 0.454571
0.00830237 0.0153684 9.9991E-05 0.0176698 0.958559
9.997E-05 9.997E-05 9.997E-05 9.997E-05 0.9996
0.0105358 0.54439 0.0525325 9.9991E-05 0.392442
0.0399919 9.9982E-05 0.0780853 9.9982E-05 0.881723
0.0432882 0.00654727 0.0844648 9.9991E-05 0.8656
0.0829141 0.265714 0.204448 0.117836 0.329088
9.9991E-05 0.792124 0.0771896 0.121223 0.00936335
9.9982E-05 0.115864 0.13023 9.9982E-05 0.753706
0.328394 0.0219024 0.218114 0.419174 0.0124165
9.9982E-05 0.159127 0.104969 9.9982E-05 0.735704
0.00989436 9.9973E-05 9.9973E-05 9.9973E-05 0.989806
0.0396949 0.941219 0.00164742 9.9991E-05 0.0173382
0.0327006 0.699078 9.9982E-05 9.9982E-05 0.268022
0.0185716 0.831138 9.9991E-05 0.121667 0.0285233
9.9991E-05 0.614561 0.0204438 0.211472 0.153423
0.188551 0.811149 9.9973E-05 9.9973E-05 9.9973E-05
9.9991E-05 0.764705 0.0442265 0.161707 0.0292614
9.9991E-05 0.826302 0.0248888 0.0776395 0.0710695
9.9982E-05 0.832186 9.9982E-05 0.0712642 0.09635
9.9991E-05 0.744062 0.00411745 0.193414 0.0583065
9.9991E-05 0.732042 0.0660277 0.0928488 0.108982
9.9982E-05 0.830854 9.9982E-05 0.11785 0.0510958
0.0918232 0.246975 0.206961 0.139011 0.31523
0.986958 9.9973E-05 9.9973E-05 0.0127423 9.9973E-05
0.793044 0.0907228 0.0349148 0.00446645 0.0768522
9.997E-05 9.997E-05 9.997E-05 0.9996 9.997E-05
0.690829 0.174848 0.0614691 9.9991E-05 0.0727541
0.908166 0.0692014 9.9982E-05 0.0224323 9.9982E-05
0.375274 0.568128 9.9991E-05 0.0215308 0.0349675
0.92655 0.0595588 9.9982E-05 0.0136908 9.9982E-05
0.373358 0.581525 0.00600183 0.0213989 0.0177162
0.969696 9.9991E-05 0.00806044 0.0110751 0.0110686
0.163958 0.440577 0.0545305 0.253636 0.0872984
0.0801608 0.670159 0.123549 0.102303 0.0238286
0.239754 0.573449 0.0354501 0.0960803 0.0552661
0.905222 0.0561855 9.9991E-05 0.0155031 0.0229898
9.9982E-05 9.9982E-05 0.0329169 0.0129361 0.953947
0.169811 0.829889 9.9973E-05 9.9973E-05 9.9973E-05
0.14438 0.399926 0.130267 0.246847 0.0785798
0.149862 0.849838 9.99729E-05 9.99729E-05 9.99729E-05
9.9982E-05 0.00268319 0.0540191 9.9982E-05 0.943098
9.9991E-05 0.82031 0.0432488 0.116726 0.0196152
9.9982E-05 9.9982E-05 0.023399 0.972951 0.00344985
0.0828451 0.0436268 0.116808 0.734433 0.0222866
0.97101 9.9973E-05 9.9973E-05 0.0286904 9.9973E-05
0.342138 0.641319 9.9982E-05 0.0163435 9.9982E-05
9.9991E-05 0.827995 0.0100451 0.130904 0.0309561
9.9982E-05 0.853516 9.9982E-05 0.103269 0.0430155
0.0449323 0.744494 0.120904 9.9991E-05 0.0895696
0.37782 0.62188 9.9973E-05 9.9973E-05 9.9973E-05
0.015559 0.0305135 9.9982E-05 9.9982E-05 0.953727
0.0309037 0.26453 0.141935 0.144828 0.417803
9.9982E-05 0.0334713 0.367066 9.9982E-05 0.599263
0.0718081 0.0493081 0.558792 0.120734 0.199358
0.0647963 0.0924015 0.571344 0.0975187 0.17394
0.0404102 0.0294836 0.456757 0.0397086 0.433641
0.00737129 0.274161 0.11281 0.149448 0.456209
0.0569048 0.10161 0.533594 0.0538331 0.254057
0.0914297 0.0283172 0.501146 9.9991E-05 0.379008
0.0823061 0.391543 0.15888 0.187736 0.179536
0.0679888 0.0582638 0.416538 9.9991E-05 0.457109
0.109781 0.352746 0.172254 0.1886 0.176619
9.9982E-05 0.759379 9.9982E-05 0.173363 0.0670588
9.9991E-05 0.470359 0.232053 0.160338 0.13715
9.9991E-05 0.192261 0.316506 0.0767375 0.414395
0.0700483 0.218921 0.303593 0.0694347 0.338003
0.0257962 0.262356 0.181861 0.133306 0.396681
9.9991E-05 0.0668232 0.405203 0.0531241 0.47475
0.282915 0.716785 9.9973E-05 9.9973E-05 9.9973E-05
9.9973E-05 0.0385645 9.9973E-05 9.9973E-05 0.961136
0.0674505 0.101365 0.559272 0.0801005 0.191811
0.0405968 0.0267899 0.335453 0.0723356 0.524825
0.0627167 0.0332069 0.533229 0.0970799 0.273767
0.0447793 0.0529412 0.545988 0.0630637 0.293228
0.789697 0.116449 0.051339 9.9991E-05 0.0424155
0.445938 0.47946 0.0332875 0.0360171 0.00529749
9.9982E-05 9.9982E-05 0.125647 0.0201081 0.854045
0.177311 0.82239 9.99729E-05 9.99729E-05 9.99729E-05
0.73495 0.155653 0.0232384 9.9991E-05 0.0860586
9.9991E-05 0.631878 0.0199276 0.228118 0.119977
9.997E-05 9.997E-05 9.997E-05 9.997E-05 0.9996
9.9973E-05 9.9973E-05 9.9973E-05 0.00860677 0.991093
0.00533972 9.9982E-05 9.9982E-05 0.0457343 0.948726
9.997E-05 9.997E-05 9.997E-05 9.997E-05 0.9996
9.9982E-05 0.820749 9.9982E-05 0.107071 0.0719799
0.0811334 9.9982E-05 9.9982E-05 0.0545864 0.86408
0.780621 0.109845 0.0468524 9.9991E-05 0.0625816
0.998149 9.9973E-05 0.00155148 9.9973E-05 9.9973E-05
0.938314 9.9982E-05 0.0188144 0.0426712 9.9982E-05
0.976942 9.9982E-05 9.9982E-05 0.0188302 0.00402793
0.947025 0.0122007 0.0274273 0.0132465 9.9991E-05
0.100744 0.0768141 0.620847 0.104579 0.0970159
0.0855188 0.0954409 0.578641 0.136362 0.104037
0.0212825 0.0547546 0.923763 9.9982E-05 9.9982E-05
0.0293109 9.9982E-05 0.915048 9.9982E-05 0.0554409
0.0384466 0.00279856 0.958555 9.9982E-05 9.9982E-05
9.9991E-05 0.496882 0.330724 0.135263 0.0370309
9.9973E-05 0.0329894 0.966711 9.9973E-05 9.9973E-05
0.237002 0.36995 0.148605 0.0200929 0.22435
9.997E-05 9.997E-05 0.9996 9.997E-05 9.997E-05
9.997E-05 9.997E-05 0.9996 9.997E-05 9.997E-05
9.9973E-05 9.9973E-05 0.994874 0.00482654 9.9973E-05
0.0614256 0.0111878 0.686723 9.9991E-05 0.240563
9.997E-05 9.997E-05 0.9996 9.997E-05 9.997E-05
0.0343055 9.9982E-05 0.938833 0.0266613 9.9982E-05
0.260786 0.738914 9.9973E-05 9.9973E-05 9.9973E-05
0.326102 0.560375 0.0784687 0.0287058 0.00634821
0.76637 0.134655 0.0606892 0.0381853 9.9991E-05
0.901636 0.0629372 9.9982E-05 0.0352266 9.9982E-05
0.0413424 0.709786 0.0940245 0.12844 0.0264075
0.827061 0.0546766 0.0244215 0.0618806 0.0319606
0.175045 0.824655 9.9973E-05 9.9973E-05 9.9973E-05
0.206892 0.792808 9.9973E-05 9.9973E-05 9.9973E-05
9.9982E-05 0.723639 9.9982E-05 0.19988 0.0762815
0.789862 0.0622839 0.050606 0.0743605 0.0228872
0.552747 0.225703 0.0545335 0.115286 0.0517303
0.0713432 0.556094 0.0743915 0.23365 0.064522
9.9991E-05 0.702293 0.0579093 0.179297 0.0604006
0.0619479 0.650055 0.0675467 0.150854 0.0695961
0.333364 0.557927 0.0417903 9.9991E-05 0.0668186
9.9991E-05 0.725426 0.0544801 0.175267 0.0447267
0.146425 0.853275 9.99729E-05 9.99729E-05 9.99729E-05
9.9991E-05 0.630901 0.0113397 0.200235 0.157424
9.9982E-05 0.592668 9.9982E-05 0.240669 0.166463
9.9991E-05 0.265752 0.239655 0.139785 0.354708
9.9991E-05 0.71559 0.00442795 0.201711 0.0781716
9.9991E-05 0.717473 0.00977183 0.196637 0.0760183
9.9991E-05 0.712239 0.0235765 0.184636 0.0794481
0.206439 0.36404 0.113512 0.217656 0.098353
0.28482 0.71488 9.9973E-05 9.9973E-05 9.9973E-05
0.135404 0.864296 9.9973E-05 9.9973E-05 9.9973E-05
0.129434 0.870266 9.9973E-05 9.9973E-05 9.9973E-05
0.235016 0.764684 9.9973E-05 9.9973E-05 9.9973E-05
9.9973E-05 0.0531246 9.9973E-05 9.9973E-05 0.946575
0.0290252 0.249901 0.197419 0.0620273 0.461628
0.809783 0.136504 0.0171884 0.0236211 0.012904
0.373368 0.588319 9.9982E-05 0.0381123 9.9982E-05
9.9991E-05 0.496286 0.160595 0.165702 0.177317
9.9991E-05 0.479553 0.163166 0.167585 0.189596
0.929712 9.9982E-05 0.0371527 9.9982E-05 0.0329357
0.771016 0.123599 0.046784 9.9991E-05 0.0585009
0.033743 0.341852 0.354851 0.0273816 0.242172
0.0521329 0.706736 0.0917173 0.0313253 0.118089
0.850412 0.148373 9.9982E-05 9.9982E-05 0.00101521
0.266529 0.291594 0.0823043 0.246317 0.113255
9.9991E-05 0.477354 0.1932 0.184408 0.144938
0.150314 0.428431 0.121632 0.226282 0.0733405
0.281868 0.31814 0.0798406 0.195616 0.124535
0.91874 9.9982E-05 0.0116961 0.069364 9.9982E-05
0.967843 9.9991E-05 0.00255471 0.0115949 0.0179074
0.971641 9.9982E-05 9.9982E-05 0.0120584 0.0161004
0.912986 0.0382674 0.00391435 0.0405936 0.00423845
0.98187 9.9973E-05 9.9973E-05 0.0178304 9.9973E-05
0.959401 0.0402987 9.9973E-05 9.9973E-05 9.9973E-05
0.525508 0.0995294 0.120003 0.190813 0.0641469
0.295257 0.212713 0.140112 0.211014 0.140905
0.990535 9.9973E-05 9.9973E-05 9.9973E-05 0.00916531
0.301056 0.275463 0.117875 0.19644 0.109166
0.174528 0.400524 0.128339 0.194831 0.101778
0.0078143 0.0278394 0.587879 0.000179956 0.376288
9.9982E-05 9.9982E-05 0.642387 0.00293399 0.354479
0.0173944 0.0140779 0.606464 0.00706448 0.354999
9.9991E-05 0.0150779 0.581596 0.0271106 0.376115
0.0372438 9.9991E-05 0.609614 0.000855508 0.352186
9.9991E-05 0.00555126 0.586976 0.00484027 0.402533
9.9991E-05 0.00246075 0.581271 0.0328086 0.38336
9.9991E-05 0.584861 0.0538914 0.207512 0.153636
9.9991E-05 0.64879 0.0103411 0.233626 0.107143
0.0037785 0.297537 0.217999 0.120962 0.359723
9.9991E-05 0.310103 0.217916 0.120962 0.350918
0.901466 0.00340448 0.0541269 0.0199417 0.021061
0.804449 0.0438455 0.0469495 0.0631518 0.0416038
0.99579 9.9973E-05 0.00390993 9.9973E-05 9.9973E-05
9.9982E-05 9.9982E-05 0.017311 0.0187714 0.963718
0.0149389 9.9991E-05 0.115376 0.0026159 0.866969
0.0198503 9.9982E-05 9.9982E-05 0.000879581 0.97907
9.9973E-05 9.9973E-05 0.16051 9.9973E-05 0.83919
0.0222753 0.412776 0.0951826 0.0127477 0.457019
0.0185186 0.188403 0.374961 0.00712266 0.410995
0.0227322 0.0750091 0.5006 0.00298729 0.398671
9.9973E-05 9.9973E-05 0.180846 9.9973E-05 0.818854
9.9973E-05 9.9973E-05 0.154708 9.9973E-05 0.844992
9.997E-05 9.997E-05 9.997E-05 9.997E-05 0.9996
9.9973E-05 9.9973E-05 0.150744 9.9973E-05 0.848956
0.197137 0.421137 0.20557 0.116211 0.0599444
0.980499 9.9973E-05 9.9973E-05 0.019201 9.9973E-05
9.9991E-05 0.566995 0.0295391 0.215486 0.18788
0.687006 0.206212 0.0316172 0.0529645 0.0221998
0.0251985 0.72482 0.0670999 0.152959 0.0299233
0.0346302 0.052158 9.9982E-05 9.9982E-05 0.913012
0.0348803 0.0208701 0.536165 0.0377972 0.370287
0.0480492 0.0434455 0.167717 0.0302053 0.710583
0.275123 0.298578 0.0675202 0.241088 0.117691
0.0910837 0.377829 0.130479 0.243303 0.157305
0.562411 0.359248 0.0391441 0.0390972 9.9991E-05
9.9991E-05 0.786617 0.00717826 0.161511 0.0445935
0.0472169 0.000212278 0.817581 0.0441013 0.0908884
0.0399292 9.9991E-05 0.876469 0.0216205 0.0618809
0.0170925 9.9973E-05 0.982608 9.9973E-05 9.9973E-05
9.9982E-05 9.9982E-05 0.986523 0.0126955 0.000581977
9.997E-05 9.997E-05 0.9996 9.997E-05 9.997E-05
0.0393964 9.9991E-05 0.927933 0.0175326 0.0150385
9.9991E-05 0.592645 0.0166274 0.237779 0.152849
0.0859192 0.00475199 0.373047 0.0808335 0.455449
0.058756 0.013404 0.0721336 9.9991E-05 0.855606
9.997E-05 9.997E-05 9.997E-05 9.997E-05 0.9996
9.997E-05 9.997E-05 9.997E-05 9.997E-05 0.9996
0.0256028 9.9991E-05 0.11331 0.00510601 0.855881
9.997E-05 9.997E-05 0.9996 9.997E-05 9.997E-05
0.0109921 9.9973E-05 0.988708 9.9973E-05 9.9973E-05
0.0411295 9.9982E-05 0.707066 9.9982E-05 0.251604
0.00152118 0.0250609 0.761084 0.0127096 0.199625
9.9973E-05 9.9973E-05 0.992838 9.9973E-05 0.00686233
0.0474523 0.000775079 0.661887 9.9991E-05 0.289786
0.355989 0.0528501 0.373027 9.9991E-05 0.218033
0.85056 0.102913 0.0300981 0.0163293 9.9991E-05
0.799913 0.146258 0.0536287 9.9982E-05 9.9982E-05
0.885656 0.0617729 0.0144078 0.0380632 9.9991E-05
0.954199 0.0214848 9.9982E-05 0.0241165 9.9982E-05
9.997E-05 9.997E-05 0.9996 9.997E-05 9.997E-05
9.997E-05 9.997E-05 0.9996 9.997E-05 9.997E-05
0.0342862 9.9982E-05 0.774118 9.9982E-05 0.191396
0.0095319 0.00704458 0.892069 9.9991E-05 0.0912547
9.9973E-05 9.9973E-05 0.990093 0.00960732 9.9973E-05
0.00726502 0.0021177 0.958002 0.027001 0.00561382
9.997E-05 9.997E-05 0.9996 9.997E-05 9.997E-05
0.0236441 0.0102395 0.725476 0.0137498 0.226891
0.036222 0.807945 0.00393081 0.0996637 0.0522384
9.9982E-05 0.860223 9.9982E-05 0.0967759 0.0428014
9.9982E-05 0.827338 0.0390022 0.13346 9.9982E-05
9.9991E-05 0.774865 0.105181 0.101561 0.0182931
0.0449949 0.0779163 0.489402 9.9991E-05 0.387587
0.0247097 0.0204906 0.479818 9.9991E-05 0.474881
0.00285183 0.0601063 0.369018 9.9991E-05 0.567923
9.9982E-05 0.0668377 0.332258 9.9982E-05 0.600704
0.101447 0.108724 0.555051 0.117582 0.117195
9.9991E-05 0.195324 0.10692 0.134839 0.562816
9.9973E-05 0.00699104 0.992709 9.9973E-05 9.9973E-05
0.00543402 0.0598221 0.63311 9.9991E-05 0.301534
9.9991E-05 0.0338918 0.634534 0.0121267 0.319347
0.439328 0.272118 0.0466994 0.130693 0.111162
0.0130878 0.507217 0.0512941 0.222005 0.206397
0.900827 0.0988728 9.9973E-05 9.9973E-05 9.9973E-05
0.208684 0.791016 9.9973E-05 9.9973E-05 9.9973E-05
0.38199 0.611234 9.9982E-05 0.00657583 9.9982E-05
0.551304 0.409088 0.038087 9.9991E-05 0.00142101
0.346051 0.427863 0.0518974 0.105569 0.0686203
0.961185 0.0385149 9.9973E-05 9.9973E-05 9.9973E-05
0.975305 9.9982E-05 0.0026008 9.9982E-05 0.0218942
0.896116 0.0243067 0.052464 0.0270137 9.9991E-05
0.949305 0.0271905 9.9982E-05 0.0233047 9.9982E-05
0.142508 0.126803 0.498498 0.114013 0.118178
0.405206 0.131784 0.312473 0.066907 0.0836295
0.285292 0.0517459 0.348391 0.0434801 0.27109
0.0578883 0.0851889 0.572332 0.0741494 0.210442
0.545646 0.247536 0.0618755 0.0774913 0.0674507
0.953835 9.9982E-05 9.9982E-05 0.0449423 0.00102288
9.9991E-05 0.0286474 0.546496 0.0292699 0.395487
0.764901 0.0855872 0.0631787 0.0862333 9.9991E-05
0.243865 0.755835 9.9973E-05 9.9973E-05 9.9973E-05
0.113528 0.886172 9.9973E-05 9.9973E-05 9.9973E-05
0.991414 0.00828563 9.9973E-05 9.9973E-05 9.9973E-05
0.174653 0.111573 0.152562 0.528878 0.0323346
0.524168 0.436557 0.0193752 0.00191726 0.0179823
0.182268 0.817432 9.9973E-05 9.9973E-05 9.9973E-05
0.703971 0.223878 0.0583721 0.0136796 9.9991E-05
0.132412 0.175452 0.106241 0.541016 0.0448795
9.997E-05 9.997E-05 9.997E-05 0.9996 9.997E-05
0.0231461 0.0213028 0.107745 9.9991E-05 0.847706
0.152572 0.75996 0.0246558 0.00482907 0.0579831
9.9991E-05 0.449364 0.227936 0.156868 0.165733
9.9991E-05 0.530665 0.0730576 0.237299 0.158878
0.0659137 0.547804 0.0265709 0.197741 0.16197
0.0678772 0.931823 9.9973E-05 9.9973E-05 9.9973E-05
0.0153695 0.0444273 9.9982E-05 9.9982E-05 0.940003
0.0176211 0.2722 0.29934 0.136203 0.274636
9.9982E-05 0.843557 9.9982E-05 0.114253 0.0419899
0.123527 0.876173 9.99729E-05 9.99729E-05 9.99729E-05
9.9991E-05 0.784822 0.00230164 0.156883 0.0558932
9.9991E-05 0.4595 0.180912 0.192673 0.166814
0.00368935 0.467909 0.194874 0.168869 0.164659
0.0563195 0.186161 0.2616 0.0175549 0.478365
0.0356923 0.0765719 0.157853 0.0013372 0.728545
0.0204623 0.310822 0.26635 0.108264 0.294102
9.9991E-05 0.543183 0.0721586 0.189623 0.194936
0.133991 0.865709 9.99729E-05 9.99729E-05 9.99729E-05
0.15834 0.84136 9.9973E-05 9.9973E-05 9.9973E-05
0.427639 0.203586 0.0719998 0.201892 0.0948833
0.0266665 0.236089 0.198846 0.0776943 0.460704
9.9991E-05 0.579893 0.0317994 0.210263 0.177945
0.965476 9.9982E-05 9.9982E-05 0.0321632 0.00216045
0.0228974 0.297952 0.172595 0.114508 0.392048
0.392202 0.249822 0.139569 0.0742804 0.144127
0.0907921 0.0296104 0.342886 0.166898 0.369814
0.549147 0.127802 0.0985039 0.141193 0.0833535
0.00571607 0.831872 9.9991E-05 0.104776 0.0575356
0.206156 0.388383 0.106366 0.230199 0.0688957
0.988148 9.9973E-05 0.0115526 9.9973E-05 9.9973E-05
0.928286 9.9973E-05 0.0714143 9.9973E-05 9.9973E-05
0.112589 0.887111 9.9973E-05 9.9973E-05 9.9973E-05
0.9996 9.997E-05 9.997E-05 9.997E-05 9.997E-05
0.606018 0.108494 0.112621 0.106991 0.0658752
0.873389 0.0490197 0.0364253 0.0364241 0.00474211
0.819555 0.1293 9.9991E-05 0.00106575 0.049979
0.00543059 0.487393 0.206582 0.147389 0.153205
0.0182869 0.0134434 0.0951024 9.9991E-05 0.873067
9.9973E-05 9.9973E-05 0.0448275 9.9973E-05 0.954873
0.271347 0.728353 9.99731E-05 9.99731E-05 9.99731E-05
0.0164919 9.9982E-05 0.0897601 9.9982E-05 0.893548
0.0392021 9.9982E-05 0.013643 0.946955 9.9982E-05
0.0039533 0.00148063 9.9991E-05 0.993444 0.00102184
0.216512 0.0754896 0.0114947 0.486437 0.210067
0.794885 0.110719 0.046972 9.9991E-05 0.047324
9.997E-05 9.997E-05 9.997E-05 0.9996 9.997E-05
9.997E-05 9.997E-05 9.997E-05 0.9996 9.997E-05
9.9973E-05 9.9973E-05 9.9973E-05 0.998687 0.00101275
9.9973E-05 9.9973E-05 0.000466368 0.999234 9.9973E-05
9.997E-05 9.997E-05 9.997E-05 0.9996 9.997E-05
0.0638296 0.935871 9.9973E-05 9.9973E-05 9.9973E-05
9.9982E-05 0.606529 9.9982E-05 0.189218 0.204053
9.9991E-05 0.767256 0.120466 0.111111 0.00106616
9.9991E-05 0.868505 0.00539266 0.110634 0.0153683
0.536033 0.463667 9.9973E-05 9.9973E-05 9.9973E-05
0.120371 0.875921 9.9982E-05 0.00350814 9.9982E-05
9.9982E-05 0.602254 9.9982E-05 0.202986 0.194559
9.9991E-05 0.718824 0.0928655 0.182195 0.00601545
9.9982E-05 0.850151 9.9982E-05 0.0629996 0.0866499
9.9991E-05 0.699134 0.0216499 0.206838 0.0722779
9.9982E-05 0.018464 9.9982E-05 0.976352 0.00498385
0.200596 0.641583 0.0499704 9.9991E-05 0.107751
0.856726 0.0558105 0.0409544 0.0240634 0.0224459
0.889195 0.053086 0.00311403 0.0417544 0.0128504
0.701985 0.11463 0.12143 0.0535262 0.00842901
0.176255 0.823445 9.99729E-05 9.99729E-05 9.99729E-05
0.0816959 0.883561 9.9991E-05 0.0333756 0.00126714
9.9973E-05 9.9973E-05 0.118969 9.9973E-05 0.880731
0.235393 0.331635 0.251128 0.0193863 0.162458
0.0172316 0.837488 0.0133004 0.0778568 0.0541231
