0.350573 0.444198 0.205228
0.656435 0.230234 0.11333
0.631723 0.269453 0.0988236
0.340459 0.428037 0.231504
0.9998 9.999E-05 9.999E-05
0.632665 0.279228 0.0881067
0.0231833 0.343473 0.633344
9.999E-05 9.999E-05 0.9998
9.999E-05 9.999E-05 0.9998
9.999E-05 9.999E-05 0.9998
0.0718049 0.901827 0.0263678
9.9991E-05 0.99471 0.00518986
9.9991E-05 0.990457 0.00944341
9.999E-05 0.9998 9.999E-05
0.0264608 0.928062 0.0454768
9.999E-05 9.999E-05 0.9998
0.0569507 0.704762 0.238287
9.999E-05 0.9998 9.999E-05
0.036202 0.931749 0.0320486
9.9991E-05 0.985157 0.0147434
0.0104488 0.959971 0.0295798
9.9991E-05 0.985474 0.0144261
9.999E-05 0.9998 9.999E-05
9.9991E-05 0.989795 0.0101051
9.999E-05 0.9998 9.999E-05
9.999E-05 0.9998 9.999E-05
9.999E-05 0.9998 9.999E-05
0.0553944 0.944506 9.9991E-05
9.9991E-05 0.996241 0.00365887
0.00606058 0.993839 9.9991E-05
9.999E-05 0.9998 9.999E-05
9.9991E-05 0.991068 0.008832
9.999E-05 0.9998 9.999E-05
9.9991E-05 0.984483 0.0154167
9.999E-05 0.9998 9.999E-05
9.999E-05 0.9998 9.999E-05
0.000189496 0.999711 9.9991E-05
9.999E-05 0.9998 9.999E-05
0.449078 0.319477 0.231444
0.9998 9.999E-05 9.999E-05
0.0967565 0.903144 9.9991E-05
9.999E-05 0.9998 9.999E-05
9.999E-05 0.9998 9.999E-05
0.570028 0.317646 0.112326
0.0130756 0.900747 0.086177
0.0197595 0.961067 0.0191736
0.0351657 0.950207 0.0146269
0.701452 0.218752 0.0797958
0.738824 0.13488 0.126297
0.124916 0.576634 0.29845
0.105243 0.662044 0.232713
0.114869 0.636722 0.248409
0.110197 0.583833 0.305971
0.015808 9.9991E-05 0.984092
9.999E-05 9.999E-05 0.9998
9.9991E-05 0.883962 0.115938
9.999E-05 0.9998 9.999E-05
0.346705 0.494557 0.158738
0.9998 9.999E-05 9.999E-05
0.85912 0.0937701 0.0471095
0.0873784 0.714445 0.198177
0.114167 0.668826 0.217008
0.164569 0.616476 0.218956
9.999E-05 9.999E-05 0.9998
0.9998 9.999E-05 9.999E-05
0.0697456 0.769499 0.160755
0.31944 0.397884 0.282676
9.999E-05 0.9998 9.999E-05
9.999E-05 0.9998 9.999E-05
0.0533007 0.0697768 0.876922
0.0144934 0.106482 0.879024
0.0241309 0.0682717 0.907597
9.999E-05 9.999E-05 0.9998
9.999E-05 9.999E-05 0.9998
9.999E-05 9.999E-05 0.9998
9.999E-05 9.999E-05 0.9998
9.999E-05 9.999E-05 0.9998
9.999E-05 9.999E-05 0.9998
9.999E-05 9.999E-05 0.9998
9.999E-05 9.999E-05 0.9998
9.9991E-05 0.00518745 0.994713
9.999E-05 9.999E-05 0.9998
9.9991E-05 0.455699 0.544201
9.9991E-05 0.445106 0.554794
9.999E-05 9.999E-05 0.9998
9.999E-05 9.999E-05 0.9998
9.9991E-05 0.00832486 0.991575
0.00432723 0.020927 0.974746
9.999E-05 9.999E-05 0.9998
9.9991E-05 0.475787 0.524113
0.0236498 0.0853039 0.891046
0.0165558 9.9991E-05 0.983344
0.00435709 9.9991E-05 0.995543
0.0278661 9.9991E-05 0.972034
9.9991E-05 0.0641784 0.935722
9.999E-05 9.999E-05 0.9998
0.199719 0.800181 9.9991E-05
0.00921955 0.0118969 0.978884
9.999E-05 9.999E-05 0.9998
0.116233 0.090734 0.793033
9.999E-05 9.999E-05 0.9998
9.999E-05 9.999E-05 0.9998
9.999E-05 9.999E-05 0.9998
9.9991E-05 0.0041667 0.995733
0.0120834 0.98029 0.0076262
9.999E-05 9.999E-05 0.9998
9.999E-05 9.999E-05 0.9998
9.999E-05 9.999E-05 0.9998
0.0113317 0.980764 0.00790388
0.032454 9.9991E-05 0.967446
9.999E-05 9.999E-05 0.9998
9.999E-05 9.999E-05 0.9998
9.999E-05 9.999E-05 0.9998
9.9991E-05 0.983009 0.0168911
9.999E-05 9.999E-05 0.9998
0.0233468 0.00578303 0.97087
9.9991E-05 0.484179 0.515721
9.999E-05 9.999E-05 0.9998
9.9991E-05 0.980768 0.0191315
0.00965983 0.99024 9.9991E-05
0.014756 0.95519 0.0300536
0.00224818 0.976727 0.0210249
0.108453 0.649777 0.241769
0.0165485 0.963689 0.0197621
0.0861867 0.841782 0.0720309
0.018164 0.954318 0.0275179
0.0204754 0.979425 9.9991E-05
9.9991E-05 0.996575 0.003325
0.0699208 0.929979 9.9991E-05
0.055373 0.944527 9.9991E-05
0.0193111 0.980589 9.9991E-05
9.9991E-05 0.956326 0.0435743
0.025273 0.94902 0.0257069
0.074995 0.921301 0.00370366
0.816017 0.100694 0.0832889
0.830754 0.0501946 0.119051
0.936266 0.0194506 0.044283
0.103717 0.711662 0.184621
0.806895 0.100306 0.0927992
0.79964 0.0702597 0.1301
0.08135 0.744561 0.174089
0.861444 0.0593359 0.0792199
0.813498 0.110245 0.0762568
0.857781 0.0741353 0.0680841
0.680371 0.20416 0.115469
0.693772 0.186189 0.120039
0.825007 0.133945 0.0410482
0.149309 0.624516 0.226174
0.995017 0.00488287 9.9991E-05
0.00401196 0.989794 0.00619406
0.0172367 0.97787 0.00489295
0.989051 9.9991E-05 0.0108494
0.251553 0.5639 0.184547
0.144191 0.671288 0.184521
0.149454 0.845779 0.00476691
0.0122083 0.987692 9.9991E-05
0.260184 0.676092 0.0637238
0.134665 0.679342 0.185993
0.714061 0.196072 0.0898673
0.106122 0.655801 0.238077
0.256717 0.518023 0.22526
9.9991E-05 0.987635 0.012265
0.92845 0.0295325 0.0420176
0.497173 0.502727 9.9991E-05
0.98479 0.0151104 9.9991E-05
0.188672 0.684021 0.127307
0.9998 9.999E-05 9.999E-05
0.102706 0.742343 0.154951
0.875896 0.102632 0.0214715
0.93419 0.0475866 0.018223
0.0672903 0.93261 9.9991E-05
0.334769 0.64657 0.0186607
0.122959 0.82654 0.0505007
0.648769 0.191263 0.159968
0.692291 0.161758 0.145952
0.638198 0.197814 0.163987
0.60113 0.214253 0.184618
0.016935 0.982965 9.9991E-05
0.048587 0.951313 9.9991E-05
0.00303583 0.981418 0.0155459
0.791197 0.0913032 0.1175
0.330507 0.51484 0.154653
0.162123 0.587935 0.249941
0.0448717 0.905584 0.0495441
0.0858394 0.802843 0.111317
0.0977747 0.825911 0.0763143
0.164065 0.626162 0.209773
0.229755 0.53395 0.236295
9.999E-05 0.9998 9.999E-05
9.9991E-05 0.910868 0.0890325
0.9998 9.999E-05 9.999E-05
0.982362 0.0175377 9.9991E-05
0.973293 0.0266068 9.9991E-05
0.791189 0.0939261 0.114885
0.54768 0.26706 0.18526
0.565416 0.265464 0.16912
0.0228011 0.975229 0.00197
0.0772598 0.902547 0.0201929
9.999E-05 0.9998 9.999E-05
0.10109 0.712636 0.186274
0.9998 9.999E-05 9.999E-05
0.9998 9.999E-05 9.999E-05
0.9998 9.999E-05 9.999E-05
0.9998 9.999E-05 9.999E-05
0.994219 9.9991E-05 0.00568063
0.1183 0.8816 9.9991E-05
0.674728 0.15629 0.168983
0.100233 0.721089 0.178678
0.108559 0.870547 0.0208938
0.0947478 0.905152 9.9991E-05
9.9991E-05 0.979854 0.0200462
9.9991E-05 0.959 0.0408999
0.00790368 0.94951 0.0425859
0.992614 9.9991E-05 0.00728629
0.9998 9.999E-05 9.999E-05
0.645199 0.259855 0.0949456
0.9998 9.999E-05 9.999E-05
0.9998 9.999E-05 9.999E-05
0.459309 0.518766 0.0219252
0.982186 0.0177135 9.9991E-05
0.982756 0.0171438 9.9991E-05
0.499811 0.334953 0.165237
0.0891189 0.712644 0.198237
0.928728 0.071172 9.9991E-05
0.174741 0.37849 0.446769
0.870221 0.129679 9.9991E-05
0.9998 9.999E-05 9.999E-05
0.0477416 0.952158 9.9991E-05
0.299835 0.700065 9.9991E-05
0.0403755 0.745795 0.213829
0.20185 0.520321 0.277829
9.999E-05 0.9998 9.999E-05
0.0959093 0.652126 0.251965
0.118205 0.724924 0.156871
0.109432 0.739914 0.150655
0.12774 0.582585 0.289674
0.203838 0.653443 0.142719
0.0701237 0.720116 0.20976
0.501938 0.329198 0.168863
9.999E-05 0.9998 9.999E-05
0.078506 0.921394 9.9991E-05
9.999E-05 9.999E-05 0.9998
0.125697 0.874203 9.9991E-05
9.999E-05 0.9998 9.999E-05
0.0483623 0.893665 0.0579726
9.999E-05 0.9998 9.999E-05
0.0320005 0.903894 0.0641057
0.0187695 0.98113 9.9991E-05
0.147567 0.547768 0.304665
0.127875 0.694367 0.177758
0.093507 0.758874 0.147619
0.0104495 0.989451 9.9991E-05
0.9998 9.999E-05 9.999E-05
9.999E-05 0.9998 9.999E-05
0.211267 0.50727 0.281463
9.999E-05 0.9998 9.999E-05
0.9998 9.999E-05 9.999E-05
0.0827079 0.715405 0.201888
0.018183 9.9991E-05 0.981717
0.104463 0.116462 0.779076
9.999E-05 0.9998 9.999E-05
9.9991E-05 0.953565 0.0463352
0.073061 0.703543 0.223396
0.0744752 0.719598 0.205927
0.217845 0.763859 0.0182962
9.9991E-05 0.981856 0.0180441
0.9998 9.999E-05 9.999E-05
0.552215 0.261814 0.185971
0.917914 0.0462591 0.0358272
0.610713 0.189115 0.200172
0.595131 0.230889 0.17398
0.77649 0.121809 0.101701
0.562985 0.234719 0.202296
0.660217 0.176535 0.163248
0.770665 0.157226 0.0721096
0.324002 0.43282 0.243179
0.827205 0.140976 0.0318197
0.318921 0.433841 0.247238
0.106359 0.632385 0.261256
0.326331 0.411571 0.262099
0.672797 0.211281 0.115922
0.582498 0.296365 0.121137
0.554315 0.267069 0.178616
0.796964 0.0822241 0.120812
9.999E-05 0.9998 9.999E-05
0.9998 9.999E-05 9.999E-05
0.589309 0.242288 0.168402
0.791989 0.0751772 0.132833
0.695876 0.135325 0.1688
0.700155 0.150432 0.149414
0.0975872 0.902313 9.9991E-05
0.0362039 0.896838 0.0669576
0.987203 9.9991E-05 0.0126967
9.999E-05 0.9998 9.999E-05
0.117405 0.882495 9.9991E-05
0.176124 0.498591 0.325284
0.9998 9.999E-05 9.999E-05
0.9998 9.999E-05 9.999E-05
0.9998 9.999E-05 9.999E-05
0.9998 9.999E-05 9.999E-05
0.122788 0.70214 0.175072
0.930581 0.0425521 0.0268673
0.0926617 0.907238 9.9991E-05
9.999E-05 0.9998 9.999E-05
0.00114699 0.994831 0.00402193
9.999E-05 0.9998 9.999E-05
9.999E-05 0.9998 9.999E-05
0.538788 0.258513 0.202699
0.52874 0.251706 0.219554
0.585347 0.230525 0.184128
0.707144 0.142353 0.150502
0.679437 0.138482 0.182082
0.294833 0.46375 0.241416
0.600046 0.212224 0.18773
0.339853 0.601697 0.0584504
0.705919 0.129873 0.164208
0.715206 0.114943 0.16985
0.692259 0.0970458 0.210695
0.774047 0.142378 0.0835753
0.698811 0.112876 0.188313
0.662676 0.157228 0.180096
9.9991E-05 0.996502 0.00339761
0.0344383 0.899366 0.0661961
0.0268643 0.932055 0.0410808
9.9991E-05 0.980321 0.019579
0.104667 0.686983 0.208351
0.0395726 0.90655 0.0538774
9.999E-05 0.9998 9.999E-05
9.999E-05 0.9998 9.999E-05
0.129549 0.599479 0.270972
0.0516361 0.877536 0.0708281
0.0792019 0.778493 0.142305
0.141983 0.564492 0.293526
0.134176 0.592296 0.273528
0.125061 0.667149 0.207791
0.120132 0.873076 0.00679264
0.109964 0.621518 0.268518
9.999E-05 0.9998 9.999E-05
0.212205 0.5076 0.280195
0.207953 0.474603 0.317443
0.599597 0.211297 0.189105
0.133656 0.569715 0.296629
0.131694 0.581425 0.286881
0.130111 0.593436 0.276452
0.18721 0.552951 0.259839
9.999E-05 0.9998 9.999E-05
0.012065 0.987835 9.9991E-05
0.0234795 0.955397 0.0211233
9.9991E-05 0.984206 0.015694
0.974484 0.0254158 9.9991E-05
0.626624 0.259784 0.113592
0.0299475 0.964392 0.00566083
9.9991E-05 0.931975 0.0679255
0.329357 0.432174 0.238469
0.33376 0.423416 0.242825
0.0680774 0.931823 9.9991E-05
0.0967841 0.903116 9.9991E-05
0.516865 0.394219 0.0889161
0.219332 0.701953 0.0787153
9.999E-05 0.9998 9.999E-05
0.209619 0.545212 0.24517
0.325531 0.409645 0.264823
0.200635 0.51986 0.279506
0.186876 0.570718 0.242406
0.0271595 0.942219 0.0306213
0.0519895 0.94791 9.9991E-05
9.999E-05 0.9998 9.999E-05
0.018744 0.981156 9.9991E-05
9.9991E-05 0.990964 0.00893554
9.999E-05 0.9998 9.999E-05
0.146846 0.647487 0.205667
0.263519 0.504562 0.231919
9.999E-05 0.9998 9.999E-05
0.223637 0.55019 0.226172
0.220359 0.534712 0.244929
0.846208 0.0686271 0.0851644
0.856207 0.055144 0.0886494
0.831627 0.0773074 0.0910658
0.829508 0.0693046 0.101187
0.832867 0.0768473 0.0902859
0.869667 0.0441705 0.0861626
0.854433 0.0464356 0.0991314
0.217753 0.508491 0.273756
0.136636 0.541782 0.321583
0.542649 0.2852 0.172151
0.544643 0.271573 0.183784
0.0877649 0.912135 9.9991E-05
0.0674869 0.847743 0.0847696
9.999E-05 0.9998 9.999E-05
0.9998 9.999E-05 9.999E-05
0.9998 9.999E-05 9.999E-05
0.9998 9.999E-05 9.999E-05
0.9998 9.999E-05 9.999E-05
0.564943 0.397162 0.0378949
0.711418 0.221087 0.0674952
0.793764 0.131337 0.0748984
0.9998 9.999E-05 9.999E-05
0.9998 9.999E-05 9.999E-05
0.9998 9.999E-05 9.999E-05
0.9998 9.999E-05 9.999E-05
0.215308 0.609228 0.175464
9.999E-05 0.9998 9.999E-05
0.240754 0.479168 0.280078
0.0501045 0.897702 0.0521936
0.116068 0.653617 0.230315
0.964415 0.035485 9.9991E-05
0.799019 0.0866619 0.114319
0.892135 0.0768835 0.0309818
0.192914 0.552488 0.254598
0.270797 0.449144 0.280059
0.0401793 0.946614 0.013207
0.0711226 0.70471 0.224167
0.654407 0.162919 0.182674
0.679689 0.16586 0.154451
0.665843 0.159697 0.17446
0.709546 0.085172 0.205282
0.685208 0.137868 0.176924
0.664745 0.141694 0.193562
0.198704 0.487938 0.313358
0.748921 0.109776 0.141302
0.963072 0.0368282 9.9991E-05
0.9998 9.999E-05 9.999E-05
0.9998 9.999E-05 9.999E-05
0.9998 9.999E-05 9.999E-05
0.724023 0.0880673 0.18791
0.667696 0.144961 0.187343
0.782712 0.118562 0.0987263
0.762798 0.108501 0.128702
0.738512 0.119472 0.142016
0.795555 0.131389 0.0730561
0.496189 0.471438 0.0323735
0.0160662 0.958967 0.0249672
0.0230169 0.976883 9.9991E-05
9.9991E-05 0.99935 0.000549655
9.999E-05 0.9998 9.999E-05
0.663193 0.166069 0.170739
0.636896 0.157678 0.205426
0.758161 0.132131 0.109708
0.754288 0.0870294 0.158683
0.663925 0.126072 0.210003
0.671517 0.139305 0.189178
0.752941 0.082473 0.164586
0.771872 0.112737 0.115391
0.0791922 0.752904 0.167903
0.0726223 0.731045 0.196332
0.0534199 0.742487 0.204093
0.114147 0.694335 0.191518
0.793097 0.146712 0.0601915
0.834391 0.113974 0.0516349
0.897727 0.0713822 0.0308904
0.888923 0.0720235 0.0390532
0.494322 0.283315 0.222363
0.716094 0.128655 0.155251
0.631377 0.201485 0.167138
0.799171 0.126678 0.0741506
0.78305 0.104994 0.111955
0.153625 0.718311 0.128064
0.274318 0.440646 0.285036
9.999E-05 0.9998 9.999E-05
0.000667941 0.999232 9.9991E-05
9.9991E-05 0.96143 0.0384698
0.0315531 0.965122 0.00332511
0.113187 0.74196 0.144852
9.999E-05 0.9998 9.999E-05
0.0231208 0.976779 9.9991E-05
0.0424059 0.957494 9.9991E-05
9.9991E-05 0.998606 0.0012942
0.489885 0.312974 0.197141
0.302407 0.584073 0.113521
0.565236 0.362311 0.0724527
0.640322 0.185284 0.174395
0.138889 0.779249 0.0818618
0.0011786 0.975179 0.0236425
0.83374 0.0618045 0.104456
0.0477049 0.849892 0.102403
9.999E-05 0.9998 9.999E-05
9.9991E-05 0.988124 0.0117765
9.999E-05 0.9998 9.999E-05
0.167363 0.264089 0.568549
0.0424703 0.929929 0.0276005
9.999E-05 0.9998 9.999E-05
0.0272983 0.942684 0.0300173
0.106623 0.307814 0.585563
9.999E-05 9.999E-05 0.9998
0.976995 0.0229054 9.9991E-05
0.0953109 0.86532 0.0393696
0.372125 0.400184 0.227691
0.229671 0.476201 0.294129
0.201027 0.554992 0.243981
9.9991E-05 0.967832 0.0320679
0.994942 0.00495796 9.9991E-05
0.506116 0.302118 0.191766
0.0717304 0.73661 0.191659
9.999E-05 0.9998 9.999E-05
0.108384 0.668178 0.223438
0.327071 0.413452 0.259478
0.351748 0.38366 0.264592
0.706829 0.225407 0.0677649
0.868117 0.11716 0.0147237
0.503246 0.345721 0.151033
0.283053 0.455352 0.261596
9.999E-05 0.9998 9.999E-05
9.999E-05 0.9998 9.999E-05
0.158904 0.617823 0.223274
0.634342 0.250391 0.115267
0.24541 0.479497 0.275093
0.0178418 0.982058 9.9991E-05
0.54918 0.276763 0.174057
0.262878 0.630743 0.106379
0.657705 0.132764 0.209531
0.159631 0.672194 0.168175
0.0933401 0.755543 0.151117
0.147147 0.554593 0.29826
9.999E-05 0.9998 9.999E-05
0.0309732 0.968927 9.9991E-05
9.9991E-05 0.999761 0.000139249
9.999E-05 0.9998 9.999E-05
0.157752 0.732606 0.109642
0.0142264 0.963614 0.0221595
0.0589964 0.940904 9.9991E-05
0.320547 0.437893 0.241559
0.988565 0.0113353 9.9991E-05
0.9998 9.999E-05 9.999E-05
0.00917866 0.990721 9.9991E-05
0.9998 9.999E-05 9.999E-05
9.9991E-05 0.0477416 0.952158
9.999E-05 9.999E-05 0.9998
0.216412 0.277282 0.506305
0.0867206 0.913179 9.9991E-05
9.999E-05 9.999E-05 0.9998
9.999E-05 9.999E-05 0.9998
9.999E-05 9.999E-05 0.9998
9.999E-05 9.999E-05 0.9998
9.999E-05 9.999E-05 0.9998
0.00748455 0.992415 9.9991E-05
0.232864 0.500941 0.266195
0.104556 0.680096 0.215348
0.0822864 0.718919 0.198795
9.9991E-05 0.979596 0.020304
9.9991E-05 0.953092 0.0468079
0.226702 0.492458 0.28084
0.104259 0.628139 0.267601
0.128721 0.717574 0.153705
0.127038 0.540399 0.332563
0.0127625 9.9991E-05 0.987138
0.154075 0.806418 0.0395074
0.0526748 0.947225 9.9991E-05
0.0320565 0.949796 0.0181478
0.0944282 0.852933 0.0526391
9.999E-05 0.9998 9.999E-05
0.0285833 0.901726 0.0696911
0.9998 9.999E-05 9.999E-05
0.356785 0.570428 0.0727868
0.092044 0.779033 0.128923
