0.140161 0.109767 0.0124271 0.0593683 0.589528 0.0886489 9.9991E-05
0.164744 0.00779399 0.0061418 0.0702933 0.319417 0.43151 9.9991E-05
0.116292 9.9991E-05 0.0287916 0.11336 0.301588 0.415726 0.0241421
0.134964 0.102326 0.00372859 0.0300424 0.627911 0.100927 9.9991E-05
9.9973E-05 9.9973E-05 0.0360313 9.9973E-05 0.0163261 0.932925 0.0144179
0.20301 9.9991E-05 0.0137329 0.0256392 0.308674 0.385685 0.0631587
9.9973E-05 0.451061 0.51388 9.9973E-05 0.00619827 9.9973E-05 0.0285609
9.9955E-05 0.020867 0.978633 9.9955E-05 9.9955E-05 9.9955E-05 9.9955E-05
9.9964E-05 9.9964E-05 0.988614 9.9964E-05 0.00543109 0.00555464 9.9964E-05
9.995E-05 9.995E-05 0.9994 9.995E-05 9.995E-05 9.995E-05 9.995E-05
0.00713843 0.144141 9.9982E-05 0.778828 0.00786965 0.0618229 9.9982E-05
9.9973E-05 0.0390215 0.0113281 0.900175 0.0491758 9.9973E-05 9.9973E-05
9.9964E-05 0.0796433 9.9964E-05 0.912608 0.00734893 9.9964E-05 9.9964E-05
9.9955E-05 0.0651936 9.9955E-05 0.934307 9.9955E-05 9.9955E-05 9.9955E-05
0.0211521 0.0115742 9.9973E-05 9.9973E-05 0.121418 9.9973E-05 0.845556
0.000730733 0.000186036 0.987266 9.9973E-05 0.0115176 9.9973E-05 9.9973E-05
0.00738343 0.931994 0.0058306 9.9973E-05 0.0544921 9.9973E-05 9.9973E-05
9.9973E-05 9.9973E-05 0.00825354 0.107856 0.00158256 9.9973E-05 0.882008
0.0398349 0.0251146 9.9982E-05 0.186955 0.190244 9.9982E-05 0.557652
0.0160816 0.0201201 0.0156669 0.587471 9.9982E-05 9.9982E-05 0.360461
9.9973E-05 9.9973E-05 0.0530133 0.0469336 0.0909567 9.9973E-05 0.808797
0.0082563 9.9973E-05 0.0168483 0.892922 9.9973E-05 9.9973E-05 0.0816733
9.9964E-05 0.022759 9.9964E-05 0.0699959 9.9964E-05 9.9964E-05 0.906845
0.0204726 0.0352801 0.0141272 0.810116 0.022882 9.9991E-05 0.0970218
9.9964E-05 9.9964E-05 9.9964E-05 0.919067 0.0290758 9.9964E-05 0.0514571
9.9973E-05 0.0263797 9.9973E-05 0.00291117 0.0310441 9.9973E-05 0.939365
9.9973E-05 9.9973E-05 0.0155369 0.113429 0.0059094 9.9973E-05 0.864825
0.065093 9.9991E-05 0.00252337 0.292442 0.0181956 0.00843279 0.613213
0.0244034 9.9973E-05 0.0296153 0.0409887 9.9973E-05 9.9973E-05 0.904693
0.0103027 9.9973E-05 9.9973E-05 0.0358002 0.0233688 9.9973E-05 0.930228
0.0394989 9.9964E-05 9.9964E-05 0.924717 9.9964E-05 9.9964E-05 0.0353842
9.9955E-05 0.193509 9.9955E-05 0.805991 9.9955E-05 9.9955E-05 9.9955E-05
0.00559335 9.99641E-05 9.99641E-05 0.105711 9.99641E-05 9.99641E-05 0.888296
9.9982E-05 9.9982E-05 0.0216654 0.775234 0.0441134 0.00480194 0.153985
9.9964E-05 9.9964E-05 9.9964E-05 0.0398856 9.9964E-05 0.00860499 0.95111
0.0110038 9.9973E-05 9.9973E-05 0.965453 0.00211718 9.9973E-05 0.0211258
9.9964E-05 9.9964E-05 9.9964E-05 0.102697 9.9964E-05 0.00258718 0.894316
0.0384527 9.9973E-05 0.00366597 0.929113 9.9973E-05 9.9973E-05 0.0284687
0.167223 0.000954004 9.9973E-05 9.9973E-05 0.674386 0.157137 9.9973E-05
0.142741 9.9964E-05 9.9964E-05 0.00850224 9.9964E-05 0.848357 9.9964E-05
9.9964E-05 0.151114 9.9964E-05 0.749154 9.9964E-05 0.0993319 9.9964E-05
9.9964E-05 0.0142573 9.9964E-05 0.0415175 9.9964E-05 9.9964E-05 0.943825
0.020333 9.9973E-05 9.9973E-05 0.922285 0.0179332 9.9973E-05 0.0391487
0.389597 0.359772 9.9973E-05 9.9973E-05 0.044602 0.205729 9.9973E-05
0.0223857 9.9982E-05 0.0488892 0.232064 0.146619 9.9982E-05 0.549842
9.9973E-05 0.1206 0.0391649 0.469484 9.9973E-05 9.9973E-05 0.370452
0.00302734 9.9991E-05 0.0270888 0.0573102 0.0509082 0.0191197 0.842446
0.221621 0.031423 0.00170374 0.0251833 0.213349 0.448648 0.0580725
0.684887 0.0184898 9.9973E-05 9.9973E-05 0.106784 0.18954 9.9973E-05
9.99549E-05 0.289863 9.99549E-05 9.99549E-05 0.709637 9.99549E-05 9.99549E-05
9.9964E-05 0.165639 9.9964E-05 0.131259 0.702702 9.9964E-05 9.9964E-05
9.99639E-05 0.156966 9.99639E-05 0.133519 0.709115 9.99639E-05 9.99639E-05
9.99549E-05 0.219151 9.99549E-05 9.99549E-05 0.780349 9.99549E-05 9.99549E-05
9.9973E-05 0.00284645 0.944779 0.0313646 9.9973E-05 0.0207102 9.9973E-05
0.00194185 0.00338943 0.940634 0.0109608 0.0325297 0.0104445 9.9991E-05
9.9964E-05 0.430075 0.0523261 0.517199 9.9964E-05 9.9964E-05 9.9964E-05
9.9973E-05 9.9973E-05 0.0152834 0.919545 0.0266693 9.9973E-05 0.038202
0.0454482 9.9991E-05 0.00893608 0.0433318 0.482425 0.198352 0.221406
9.9955E-05 9.9955E-05 9.9955E-05 9.9955E-05 0.0808476 0.918653 9.9955E-05
0.400076 9.9973E-05 9.9973E-05 9.9973E-05 0.0645061 0.509883 0.0252356
0.00416698 0.971962 9.9964E-05 9.9964E-05 0.0234708 9.9964E-05 9.9964E-05
9.9982E-05 0.72424 0.00439596 0.0169962 0.220127 0.0340404 9.9982E-05
0.0546209 0.692545 0.015569 0.0502272 0.175784 0.0111536 9.9991E-05
9.9964E-05 0.0190812 0.958511 9.9964E-05 0.0220081 9.9964E-05 9.9964E-05
0.0110157 9.9973E-05 0.00789009 9.9973E-05 0.07053 0.910264 9.9973E-05
0.00151728 0.964526 9.9982E-05 0.0178589 9.9982E-05 0.00388688 0.0120108
0.062675 0.00453107 0.0230005 9.9982E-05 0.821126 0.0884672 9.9982E-05
9.9964E-05 0.0334032 9.9964E-05 0.941387 9.9964E-05 9.9964E-05 0.0248095
9.9973E-05 0.0550338 0.0141713 0.928985 9.9973E-05 9.9973E-05 0.00150969
0.0472327 0.036696 0.797021 9.9991E-05 0.0527957 0.0290685 0.0370858
0.0237477 0.0278344 0.81538 9.99996E-05 0.0829635 0.00416714 0.0458074
0.0134756 0.0143713 0.873713 0.0136524 0.0746519 9.9991E-05 0.0100358
9.9964E-05 0.0165828 0.964421 9.9964E-05 9.9964E-05 0.0185965 9.9964E-05
0.00557848 0.0195794 0.969391 0.00515109 9.9973E-05 9.9973E-05 9.9973E-05
9.9973E-05 9.9973E-05 0.988177 0.00496035 0.00625376 0.000308509 9.9973E-05
9.9964E-05 0.00269813 0.992318 9.9964E-05 9.9964E-05 9.9964E-05 0.00458381
9.9964E-05 9.9964E-05 0.984041 0.0116937 9.9964E-05 0.00386586 9.9964E-05
9.99787E-05 0.0248887 0.95092 0.00570448 9.99787E-05 0.0181873 9.99787E-05
9.995E-05 9.995E-05 0.9994 9.995E-05 9.995E-05 9.995E-05 9.995E-05
0.0162336 9.9982E-05 0.904953 0.00122311 0.0444793 9.9982E-05 0.0329106
9.9973E-05 0.0174494 0.930457 0.0126726 0.0391215 9.9973E-05 9.9973E-05
0.00825726 9.9991E-05 0.958892 0.0131948 0.0127666 0.000829265 0.00595979
9.99641E-05 9.99641E-05 0.531923 0.0536965 9.99641E-05 9.99641E-05 0.413981
9.99641E-05 9.99641E-05 0.569435 0.0106333 9.99641E-05 9.99641E-05 0.419531
9.9964E-05 9.9964E-05 0.991456 0.00229893 0.00584522 9.9964E-05 9.9964E-05
9.9955E-05 9.9955E-05 0.957064 9.9955E-05 0.0424365 9.9955E-05 9.9955E-05
9.9973E-05 0.00182147 0.935432 9.9973E-05 0.0619615 9.9973E-05 0.00048479
9.9982E-05 9.9982E-05 0.916635 0.00028677 0.0138327 0.0293223 0.0397237
9.995E-05 9.995E-05 0.9994 9.995E-05 9.995E-05 9.995E-05 9.995E-05
9.9964E-05 9.9964E-05 0.544336 0.0353659 9.9964E-05 9.9964E-05 0.419899
0.0172015 0.00962419 0.870696 0.0560091 9.9991E-05 0.0109652 0.0354041
0.0137414 0.0433729 0.928206 0.0112334 9.9982E-05 0.00324579 9.9982E-05
0.00791891 9.9973E-05 0.963628 9.9973E-05 0.018291 0.00986192 9.9973E-05
0.0113568 9.9973E-05 0.93317 9.9973E-05 0.0419377 0.013236 9.9973E-05
9.9973E-05 9.9973E-05 0.892122 0.0153158 0.0528884 9.9973E-05 0.0393739
9.9964E-05 0.04083 0.940404 9.9964E-05 0.0183665 9.9964E-05 9.9964E-05
0.0488836 0.201443 9.9982E-05 9.9982E-05 0.0219292 0.127551 0.599994
9.9982E-05 9.9982E-05 0.928388 0.00782913 0.0397672 0.0146642 0.00915182
9.9964E-05 9.9964E-05 0.965569 9.9964E-05 0.0125817 9.9964E-05 0.0214491
0.102863 0.0519487 0.714393 9.9991E-05 0.0185864 0.035262 0.0768466
9.9955E-05 9.9955E-05 0.995206 0.00429434 9.9955E-05 9.9955E-05 9.9955E-05
9.995E-05 9.995E-05 0.9994 9.995E-05 9.995E-05 9.995E-05 9.995E-05
0.000365476 9.9973E-05 0.958024 0.00373132 0.0375795 9.9973E-05 9.9973E-05
9.9982E-05 0.00935825 0.960057 0.000665477 9.9982E-05 0.00365597 0.0260635
0.00721176 0.0200575 0.0272852 9.9982E-05 9.9982E-05 0.00733164 0.937914
9.995E-05 9.995E-05 0.9994 9.995E-05 9.995E-05 9.995E-05 9.995E-05
9.9955E-05 9.9955E-05 0.943575 9.9955E-05 0.0559249 9.9955E-05 9.9955E-05
0.00886323 9.9964E-05 0.985874 9.9964E-05 9.9964E-05 9.9964E-05 0.00486267
0.00148468 0.121842 0.012963 0.25668 9.9982E-05 9.9982E-05 0.606831
0.0148565 0.0064775 0.925349 0.0104987 0.0195461 0.0231725 9.9991E-05
9.9964E-05 9.9964E-05 0.930144 0.0583365 0.0111192 9.9964E-05 9.9964E-05
0.0230531 0.00343872 0.957759 9.9982E-05 0.0141776 9.9982E-05 0.00137201
9.9955E-05 9.9955E-05 0.997578 0.00192264 9.9955E-05 9.9955E-05 9.9955E-05
9.9982E-05 0.0137711 0.0217563 0.261759 0.0586552 9.9982E-05 0.643859
9.9964E-05 9.9964E-05 0.979769 9.9964E-05 9.9964E-05 0.0168226 0.00300842
0.0160902 9.9973E-05 0.905997 9.9973E-05 0.0703812 0.00723166 9.9973E-05
9.9964E-05 9.9964E-05 0.526666 0.0173814 9.9964E-05 9.9964E-05 0.455553
9.9964E-05 9.9964E-05 0.986771 0.00560071 9.9964E-05 9.9964E-05 0.00722825
9.9964E-05 9.9964E-05 0.0373668 0.753431 9.9964E-05 9.9964E-05 0.208803
9.9964E-05 9.9964E-05 9.9964E-05 0.689759 9.9964E-05 0.0446126 0.265229
0.0235014 9.9991E-05 0.0153784 0.854964 0.038523 0.0289056 0.0386276
9.9982E-05 0.00221179 0.038478 0.0451268 9.9982E-05 0.0210343 0.892949
0.0195041 0.777946 0.0696083 0.00909296 0.0873139 0.0364344 9.9991E-05
9.9973E-05 9.9973E-05 0.0402014 0.875982 9.9973E-05 0.0128779 0.0706388
0.0417151 0.378619 9.9991E-05 0.353677 0.00220357 0.045676 0.178009
9.9973E-05 9.9973E-05 0.0291702 0.764929 9.9973E-05 0.0494614 0.156139
0.0428475 9.9973E-05 9.9973E-05 0.648087 9.9973E-05 0.0326528 0.276113
9.9973E-05 9.9973E-05 0.0274535 0.733616 0.0400131 9.9973E-05 0.198617
0.0709205 9.9982E-05 9.9982E-05 0.61735 0.000238803 0.045751 0.26554
0.0656579 9.9982E-05 0.00758677 0.602368 9.9982E-05 0.0284949 0.295693
9.9982E-05 0.027596 0.0123296 0.919094 9.9982E-05 0.0343979 0.00638248
0.00813835 0.135545 0.0204895 0.835527 9.9973E-05 9.9973E-05 9.9973E-05
9.9964E-05 0.0810315 0.0327663 0.885802 9.9964E-05 9.9964E-05 9.9964E-05
0.0720609 0.0228415 0.0568404 0.0971655 9.9982E-05 9.9982E-05 0.750892
0.527054 0.0896956 9.9973E-05 9.9973E-05 9.9973E-05 0.3729 0.0100498
0.517766 0.0729597 0.0102956 9.9982E-05 0.0463996 0.352379 9.9982E-05
0.128025 0.0339511 9.9982E-05 0.0124051 0.0863707 0.739048 9.9982E-05
0.034774 0.325633 0.0974602 0.0894311 0.0761215 0.0297443 0.346836
0.49936 0.0698681 0.0238731 9.9982E-05 0.0579899 0.348709 9.9982E-05
0.505335 0.0481018 0.00724694 9.9982E-05 0.0896009 0.349515 9.9982E-05
0.0142066 0.242868 0.142517 0.404394 9.9991E-05 0.0460671 0.149848
0.437052 0.0319439 9.9982E-05 9.9982E-05 0.0225518 0.500846 0.00740686
0.43168 0.0205838 0.0136975 0.0244279 0.0289768 0.459814 0.0208201
0.456572 9.9982E-05 0.00988191 0.0151321 0.0551662 0.463048 9.9982E-05
0.536286 0.0413517 0.0172774 9.9991E-05 0.102968 0.241304 0.0607129
0.621137 0.0225459 0.0160656 9.9991E-05 0.0685977 0.242676 0.0288778
0.454586 9.9982E-05 9.9982E-05 0.0274479 0.0451414 0.446133 0.026492
0.0449301 0.753876 9.99639E-05 9.99639E-05 0.200794 9.99639E-05 9.99639E-05
0.150231 0.0129962 9.9973E-05 9.9973E-05 9.9973E-05 0.809771 0.0267011
9.9982E-05 0.00365417 0.0081224 9.9982E-05 0.0475074 0.00716136 0.933355
9.9982E-05 0.0523658 0.0224783 0.0178964 9.9982E-05 0.000912266 0.906147
0.0430476 9.9991E-05 0.00773341 0.000779994 0.0426747 0.898095 0.00756915
0.156552 0.102679 0.103254 0.0991163 0.181053 0.1634 0.193946
0.069731 0.80178 9.9991E-05 0.0186891 0.0853977 0.00156664 0.0227358
0.0317112 0.14809 9.9973E-05 0.745428 9.9973E-05 0.0744705 9.9973E-05
0.0388686 0.0513038 0.0318169 0.0710696 9.9982E-05 9.9982E-05 0.806741
0.170385 0.179479 0.00700679 0.51936 9.9982E-05 0.123569 9.9982E-05
0.0725576 0.817387 0.0196 0.0113295 0.021494 0.012959 0.0446731
0.602965 0.116648 0.00345765 9.9982E-05 9.9982E-05 0.244555 0.0321746
9.9964E-05 0.871923 0.0226658 9.9964E-05 0.105011 9.9964E-05 9.9964E-05
0.100648 9.9991E-05 0.0593259 0.12123 0.587938 0.0422554 0.0885024
9.9964E-05 0.0414573 0.018203 9.9964E-05 9.9964E-05 9.9964E-05 0.93994
0.141385 0.0706548 0.0345695 0.00925472 9.9991E-05 0.743721 0.000315032
9.9964E-05 0.0615335 9.9964E-05 0.498711 9.9964E-05 0.439356 9.9964E-05
0.00267895 0.000318161 0.0181597 0.0216693 9.9991E-05 0.921467 0.0356071
0.0823845 0.3835 0.0184229 0.313802 0.0817083 0.0847962 0.0353853
9.995E-05 9.995E-05 9.995E-05 9.995E-05 9.995E-05 0.9994 9.995E-05
9.9973E-05 0.911461 9.9973E-05 0.0441323 9.9973E-05 0.0266678 0.0174388
9.9991E-05 0.0229805 0.0194504 0.0280346 0.0241125 0.819516 0.085806
9.9982E-05 0.0610208 0.0335096 0.0162653 9.9982E-05 0.874462 0.0145421
9.9973E-05 0.0537647 0.0028042 9.9973E-05 9.9973E-05 0.0737923 0.869339
0.183728 0.0867684 0.0115726 0.107377 0.0630544 0.154399 0.393101
0.0474616 0.23452 0.0301873 0.324157 9.9991E-05 0.0620539 0.30152
0.822371 0.00610193 0.00642222 0.0404179 0.0611171 0.0513024 0.0122672
0.938985 9.9964E-05 9.9964E-05 0.0147896 0.045826 9.9964E-05 9.9964E-05
0.881562 0.00619838 0.00361128 0.0257389 0.0607196 9.9991E-05 0.0220697
0.856121 0.0100144 0.0240875 0.0255788 0.0642155 9.9991E-05 0.0198824
0.0242546 9.9964E-05 9.9964E-05 9.9964E-05 0.0299466 9.9964E-05 0.945399
9.9973E-05 9.9973E-05 9.9973E-05 0.00634668 0.0705334 0.0214789 0.901341
0.0189134 0.0300819 0.0199009 0.0844017 0.0707435 9.9991E-05 0.775859
0.521459 0.0447864 9.9982E-05 0.00884026 0.074478 0.350237 9.9982E-05
0.117496 0.110975 0.113829 0.0915113 0.166299 0.212084 0.187805
0.0956882 9.9991E-05 0.136101 0.0207161 0.366819 0.0134956 0.36708
0.0040592 9.9991E-05 0.0416596 0.0907099 0.112257 0.0171557 0.734059
0.0192545 9.9991E-05 0.0698248 0.0596403 0.167552 0.0127283 0.6709
0.0957484 9.9973E-05 0.0305341 9.9973E-05 0.133744 9.9973E-05 0.739673
0.0657627 9.9991E-05 0.144972 0.00377554 0.250792 0.0602124 0.474385
0.0344308 0.107065 0.014585 0.0728448 0.720242 0.0462785 0.00455406
9.9982E-05 0.0840091 9.9982E-05 0.878884 0.0270257 0.00311493 0.00676657
0.00501204 0.159077 0.0494055 0.539544 9.9991E-05 0.0062684 0.240594
9.9955E-05 9.9955E-05 9.9955E-05 9.9955E-05 0.0356754 0.963825 9.9955E-05
9.9964E-05 9.9964E-05 9.9964E-05 0.012027 0.0720784 0.915495 9.9964E-05
9.9973E-05 9.9973E-05 9.9973E-05 0.0139225 0.0923701 0.879614 0.0137932
0.330689 0.0314067 9.9973E-05 9.9973E-05 0.207781 0.429824 9.9973E-05
0.0830878 9.9973E-05 0.00789402 9.9973E-05 0.589274 0.319445 9.9973E-05
0.0881277 9.9964E-05 9.9964E-05 9.9964E-05 0.609361 0.302112 9.9964E-05
0.030076 9.9991E-05 0.00144433 0.00362474 0.0650373 0.00797894 0.891739
0.0228381 9.9991E-05 0.0247305 0.0257143 0.0758567 0.0266595 0.824101
9.9973E-05 0.00122873 0.0150847 0.0135493 9.9973E-05 9.9973E-05 0.969837
9.9982E-05 0.821293 0.0209184 0.106051 0.0172942 0.0342433 9.9982E-05
9.9973E-05 0.00965953 0.0371883 0.00372031 9.9973E-05 0.949132 9.9973E-05
9.9982E-05 0.00735946 0.0218846 0.016091 9.9982E-05 0.948012 0.00645291
0.0147003 0.0122231 9.9973E-05 0.0202915 9.9973E-05 0.952485 9.9973E-05
0.072691 0.0212104 9.9973E-05 0.0271623 9.9973E-05 0.878636 9.9973E-05
0.0429641 0.03867 0.00930818 0.00651209 9.9991E-05 0.876047 0.0263986
9.9964E-05 0.196821 9.9964E-05 0.718073 9.9964E-05 0.0847065 9.9964E-05
0.344042 0.0433341 0.069902 9.9991E-05 0.153942 0.332029 0.0566509
9.9964E-05 0.96258 9.9964E-05 0.00549601 0.031524 9.9964E-05 9.9964E-05
9.9964E-05 0.20512 9.9964E-05 0.707751 9.9964E-05 0.0867291 9.9964E-05
0.0207348 0.154428 9.9973E-05 9.9973E-05 9.9973E-05 0.0324805 0.792056
9.9955E-05 0.18253 9.9955E-05 0.81697 9.9955E-05 9.9955E-05 9.9955E-05
9.9955E-05 0.248447 9.9955E-05 0.751054 9.9955E-05 9.9955E-05 9.9955E-05
9.9964E-05 0.274413 9.9964E-05 0.718045 9.9964E-05 0.00714261 9.9964E-05
9.9973E-05 9.9973E-05 0.0295816 0.0268434 9.9973E-05 0.922256 0.0210189
9.9955E-05 0.0257204 9.9955E-05 9.9955E-05 9.9955E-05 0.97378 9.9955E-05
0.212158 0.00513615 0.00151754 0.0456363 0.312829 0.388573 0.0341501
9.9982E-05 0.00407109 0.0324769 0.00775358 0.0170129 0.938486 9.9982E-05
9.995E-05 9.995E-05 9.995E-05 9.995E-05 9.995E-05 0.9994 9.995E-05
0.0346237 0.0833835 0.00318482 0.465382 9.9982E-05 0.413226 9.9982E-05
0.0879082 9.9973E-05 9.9973E-05 9.9973E-05 0.0292992 0.869273 0.0132198
0.0590369 9.9973E-05 9.9973E-05 9.9973E-05 0.0602725 0.840309 0.0400822
0.158642 9.9991E-05 0.0328671 0.00316936 0.521544 0.229353 0.0543236
0.0226225 0.907605 0.0147207 0.0468273 0.000886207 9.9991E-05 0.00723802
0.0975482 0.129436 9.9973E-05 0.0206039 9.9973E-05 0.752112 9.9973E-05
0.211806 0.0483009 0.406039 0.0216037 9.9991E-05 0.015484 0.296666
0.0781198 0.111444 9.9973E-05 0.0864669 9.9973E-05 0.72367 9.9973E-05
9.9964E-05 9.9964E-05 0.00802685 0.0269541 9.9964E-05 0.964619 9.9964E-05
0.00476205 0.170915 9.9973E-05 0.792745 9.9973E-05 0.0312787 9.9973E-05
0.00125538 0.119817 9.9982E-05 0.577358 0.0237731 0.277596 9.9982E-05
9.9964E-05 0.862634 9.9964E-05 9.9964E-05 0.110742 9.9964E-05 0.0262242
9.9955E-05 0.0999866 9.9955E-05 9.9955E-05 0.899514 9.9955E-05 9.9955E-05
9.9964E-05 9.9964E-05 9.9964E-05 0.923714 0.0145025 9.9964E-05 0.061384
9.99639E-05 0.175783 9.99639E-05 0.104265 0.719552 9.99639E-05 9.99639E-05
9.9982E-05 0.909541 9.9982E-05 0.0459693 0.00686253 0.0201525 0.0172751
9.9973E-05 0.871975 9.9973E-05 0.0740248 9.9973E-05 0.046981 0.00671922
9.99549E-05 0.185103 9.99549E-05 9.99549E-05 0.814398 9.99549E-05 9.99549E-05
0.051373 0.208882 9.9982E-05 0.274808 0.453326 0.0114111 9.9982E-05
9.9973E-05 0.88675 9.9973E-05 0.0204813 0.0714515 9.9973E-05 0.0210176
0.175129 9.9982E-05 0.0374204 9.9982E-05 0.490341 0.215681 0.0812291
9.9964E-05 0.026548 9.9964E-05 0.0372676 9.9964E-05 9.9964E-05 0.935785
9.9973E-05 0.176578 9.9973E-05 9.9973E-05 0.0165266 0.0514724 0.755123
9.9964E-05 9.9964E-05 0.99262 9.9964E-05 9.9964E-05 0.00453329 0.00244736
0.0115828 0.149992 9.9991E-05 0.0136465 0.0843407 0.0664626 0.673875
9.9973E-05 0.0850362 0.0113342 0.0682905 9.9973E-05 9.9973E-05 0.835039
9.9973E-05 0.599887 9.9973E-05 0.0626239 9.9973E-05 0.00112913 0.33606
9.9973E-05 0.0587763 0.020132 0.0795299 9.9973E-05 9.9973E-05 0.841262
0.0305427 0.0169363 0.0259077 0.5417 0.118359 9.9991E-05 0.266455
0.0230563 0.00169117 9.9982E-05 9.9982E-05 0.0148784 0.0104844 0.94969
0.00560995 9.9982E-05 0.107806 0.0220097 0.720467 9.9982E-05 0.143907
0.0362407 0.124512 9.9982E-05 0.176171 0.614002 9.9982E-05 0.0488742
0.0210839 0.121259 0.0253165 0.284934 0.380734 0.000492451 0.166179
9.9991E-05 0.0218036 0.00619646 0.0644789 0.00487864 0.0357995 0.866743
0.0400937 0.00848726 0.0271343 9.9973E-05 9.9973E-05 0.923985 9.9973E-05
9.9964E-05 9.9964E-05 9.9964E-05 0.918278 0.0577098 9.9964E-05 0.0236123
0.0655236 9.9982E-05 0.0680308 0.0348211 0.716897 9.9982E-05 0.114528
9.9964E-05 9.9964E-05 9.9964E-05 0.92689 0.0498731 9.9964E-05 0.0228369
0.0190758 9.9964E-05 9.9964E-05 9.9964E-05 0.065397 0.915127 9.9964E-05
0.0115059 0.961401 0.0266933 9.9964E-05 9.9964E-05 9.9964E-05 9.9964E-05
0.00485316 0.0280696 0.9501 9.9973E-05 9.9973E-05 0.0166778 9.9973E-05
0.103884 0.0688871 0.674992 9.9991E-05 0.0506012 0.0279836 0.0735514
9.9964E-05 0.0177572 0.0132822 9.9964E-05 9.9964E-05 9.9964E-05 0.968561
9.9973E-05 0.169291 0.0415201 0.527535 9.9973E-05 9.9973E-05 0.261354
9.99549E-05 0.999206 0.000294118 9.99549E-05 9.99549E-05 9.99549E-05 9.99549E-05
9.995E-05 0.9994 9.995E-05 9.995E-05 9.995E-05 9.995E-05 9.995E-05
0.105611 0.150039 9.9982E-05 0.589404 0.0519495 0.102796 9.9982E-05
9.9973E-05 0.11536 0.0349882 0.572985 9.9973E-05 9.9973E-05 0.276366
9.9955E-05 9.9955E-05 9.9955E-05 9.9955E-05 0.0815033 0.917997 9.9955E-05
0.111903 9.9973E-05 0.0191932 9.9973E-05 0.565883 0.302721 9.9973E-05
0.341676 9.9973E-05 9.9973E-05 0.00953744 0.0364883 0.611999 9.9973E-05
0.55855 9.9991E-05 0.0807111 0.0316817 0.107533 0.149499 0.0719255
0.548289 0.0133694 0.0795159 0.00818534 0.145447 0.135824 0.0693686
0.433606 0.00330159 0.018828 9.9991E-05 0.115311 0.380365 0.0484886
0.0806944 9.9964E-05 9.9964E-05 9.9964E-05 0.603852 0.315053 9.9964E-05
0.52277 0.0241919 0.0529282 0.0168996 0.12705 0.206383 0.049777
0.475654 9.9973E-05 9.9973E-05 9.9973E-05 0.123387 0.348906 0.0517541
0.117313 0.00307111 0.0394815 0.0156322 0.683102 0.0681259 0.0732737
0.393938 0.02068 9.9982E-05 9.9982E-05 0.121956 0.44302 0.0202058
0.163655 9.9982E-05 0.047287 9.9982E-05 0.643101 0.0458589 0.099898
9.99639E-05 0.217249 9.99639E-05 0.10784 0.674511 9.99639E-05 9.99639E-05
0.16666 0.0525061 0.0441452 0.0905749 0.583779 0.0622348 9.9991E-05
0.299928 9.9991E-05 0.0362372 0.0551201 0.245424 0.347013 0.0161778
0.271932 9.9991E-05 0.0225528 0.0867964 0.293764 0.302567 0.0222881
0.15924 9.9964E-05 9.9964E-05 9.9964E-05 0.590227 0.250133 9.9964E-05
0.367754 9.9991E-05 0.0274977 0.0317226 0.141687 0.422978 0.00826043
0.00879462 9.9982E-05 0.00593065 0.831868 0.0116284 9.9982E-05 0.141578
9.9955E-05 9.9955E-05 9.9955E-05 9.9955E-05 0.0715998 0.9279 9.9955E-05
0.520829 0.0335752 0.0552313 9.9991E-05 0.183908 0.151536 0.0548211
0.342055 9.9982E-05 0.0116945 9.9982E-05 0.171653 0.448405 0.0259927
0.519264 9.9982E-05 0.0420177 9.9982E-05 0.147089 0.249173 0.0422571
0.520277 0.0194305 0.0560377 0.0276055 0.0799146 0.272236 0.0244983
0.0249787 0.197278 9.9982E-05 9.9982E-05 0.0289332 0.0359171 0.712693
0.0444488 0.0214495 0.063913 0.436858 0.069186 0.0246817 0.339463
0.104649 9.9973E-05 0.0156625 9.9973E-05 0.0398916 0.839497 9.9973E-05
9.9964E-05 9.9964E-05 9.9964E-05 0.909866 0.0709906 9.9964E-05 0.0187437
9.9973E-05 0.165722 9.9973E-05 9.9973E-05 0.042111 0.0713276 0.72054
9.9955E-05 0.103755 9.9955E-05 9.9955E-05 0.895745 9.9955E-05 9.9955E-05
9.995E-05 9.995E-05 9.995E-05 9.995E-05 9.995E-05 0.9994 9.995E-05
9.9955E-05 9.9955E-05 0.00527223 9.9955E-05 9.9955E-05 0.994228 9.9955E-05
0.00720409 9.9973E-05 0.046464 0.0329524 9.9973E-05 0.91308 9.9973E-05
9.995E-05 9.995E-05 9.995E-05 9.995E-05 9.995E-05 0.9994 9.995E-05
9.9973E-05 0.817437 9.9973E-05 0.0718233 0.0629786 0.0474612 9.9973E-05
9.9982E-05 0.0201143 0.0343273 0.0230628 9.9982E-05 0.846668 0.0756275
0.0315517 0.186637 9.9973E-05 9.9973E-05 9.9973E-05 0.0454062 0.736105
9.9955E-05 9.9955E-05 9.9955E-05 9.9955E-05 0.0699949 9.9955E-05 0.929505
0.0264775 0.0490734 0.0282341 0.0247673 9.9982E-05 9.9982E-05 0.871248
9.9973E-05 0.0412936 0.0149483 9.9973E-05 9.9973E-05 0.00445974 0.938998
0.0191706 0.0195821 0.0267654 0.0423745 9.9982E-05 9.9982E-05 0.891908
0.610191 9.9982E-05 0.0603084 9.9982E-05 0.163111 0.0664037 0.0997861
0.569527 9.9991E-05 0.0995613 0.0227145 0.182715 0.05455 0.0708324
0.900832 9.9982E-05 0.00852152 0.0595983 0.0279628 9.9982E-05 0.0028849
0.883587 9.9973E-05 0.0152485 9.9973E-05 9.9973E-05 0.0528908 0.0479739
0.97766 9.9973E-05 0.0023906 0.0126603 0.00698951 9.9973E-05 9.9973E-05
0.26543 0.15901 0.0296609 0.0274642 0.499684 9.9991E-05 0.0186505
0.940572 9.9973E-05 0.00158271 0.0455248 0.0120208 9.9973E-05 9.9973E-05
0.0968395 0.0953761 0.0144261 0.272779 0.0632639 0.246901 0.210414
0.9994 9.995E-05 9.995E-05 9.995E-05 9.995E-05 9.995E-05 9.995E-05
0.9994 9.995E-05 9.995E-05 9.995E-05 9.995E-05 9.995E-05 9.995E-05
0.973209 9.9955E-05 0.0262915 9.9955E-05 9.9955E-05 9.9955E-05 9.9955E-05
0.66351 0.0189557 9.9982E-05 0.0386768 9.9982E-05 0.251683 0.0269746
0.9994 9.995E-05 9.995E-05 9.995E-05 9.995E-05 9.995E-05 9.995E-05
0.923952 9.9991E-05 0.0299608 0.00446398 0.0134038 0.0125976 0.0155223
9.9973E-05 9.9973E-05 0.000269871 0.837125 0.0638223 9.9973E-05 0.0984832
0.0531205 0.0135189 0.0444067 0.559531 0.0915926 9.9991E-05 0.237731
0.0283205 9.9973E-05 9.9973E-05 0.125651 0.153893 9.9973E-05 0.691836
9.9991E-05 0.0257433 0.0311977 0.0519749 0.00770756 0.0037595 0.879517
9.9973E-05 0.149441 9.9973E-05 0.111948 0.699471 9.9973E-05 0.0388401
0.0139888 9.9991E-05 0.0395059 0.0635078 0.0884447 0.0225516 0.771901
0.00123841 9.9991E-05 0.0117098 0.9355 0.0346014 0.00674218 0.0101084
9.9964E-05 9.9964E-05 9.9964E-05 0.898299 0.0209037 9.9964E-05 0.0803977
9.99639E-05 0.195083 9.99639E-05 0.0136949 0.790822 9.99639E-05 9.99639E-05
0.0363695 9.9991E-05 0.0480683 0.0192792 0.144713 0.0102121 0.741258
0.0473064 9.9991E-05 0.103569 0.143513 0.184731 0.0260955 0.494686
9.99821E-05 0.0989191 0.0825314 0.0354547 0.753027 9.99821E-05 0.0298682
9.99729E-05 0.189257 0.00695805 0.0324416 0.771043 9.99729E-05 9.99729E-05
9.9973E-05 0.160356 9.9973E-05 0.093142 0.68091 9.9973E-05 0.0652922
0.0424772 0.0816269 9.9991E-05 0.497429 0.0599379 0.0664307 0.251998
9.9973E-05 0.211081 0.0150705 0.0467917 0.726757 9.9973E-05 9.9973E-05
9.9973E-05 9.9973E-05 0.0162704 0.895549 0.0656378 9.9973E-05 0.0222433
9.9955E-05 0.138589 9.9955E-05 9.9955E-05 0.860912 9.9955E-05 9.9955E-05
9.9964E-05 0.0679687 0.0164646 9.9964E-05 0.915167 9.9964E-05 9.9964E-05
0.216761 0.034332 0.040087 9.9982E-05 0.410988 0.297632 9.9982E-05
9.99549E-05 0.266758 9.99549E-05 9.99549E-05 0.732742 9.99549E-05 9.99549E-05
9.99549E-05 0.217425 9.99549E-05 9.99549E-05 0.782075 9.99549E-05 9.99549E-05
9.9955E-05 0.27361 9.9955E-05 9.9955E-05 0.72589 9.9955E-05 9.9955E-05
0.0604926 9.9991E-05 0.0828804 0.0669844 0.598275 0.0279417 0.163325
9.9973E-05 9.9973E-05 9.9973E-05 0.781378 0.0840331 0.00479264 0.129497
0.0118792 9.9982E-05 9.9982E-05 0.851414 0.105539 0.0167697 0.0141979
0.0147339 0.000832904 0.00388905 0.861443 0.103402 0.0155992 9.9991E-05
0.00997169 9.9991E-05 0.0175051 0.857515 0.0282274 0.00151987 0.0851606
9.9964E-05 9.9964E-05 9.9964E-05 0.0141485 0.0659894 0.919462 9.9964E-05
0.197573 0.0353273 9.9991E-05 0.0521567 0.295694 0.398512 0.0206367
0.00180674 0.0552873 0.0407474 0.11581 0.0132066 0.0290585 0.744084
0.0282382 0.183071 0.0272013 0.444786 0.0130594 9.9991E-05 0.303544
0.11969 0.0902253 0.0434793 0.0433122 0.618983 0.0842107 9.9991E-05
0.141654 0.0766952 0.0280142 0.0471345 0.623433 0.0829688 9.9991E-05
0.00759061 9.9973E-05 9.9973E-05 9.9973E-05 0.0446808 0.0466359 0.900793
0.00787761 0.208389 9.9982E-05 9.9982E-05 0.0104055 0.0418985 0.73123
0.365972 0.147598 0.0217647 0.224227 9.9982E-05 0.240238 9.9982E-05
0.0758207 0.43842 9.9982E-05 0.319952 0.0700335 0.0955737 9.9982E-05
9.9973E-05 0.0304687 9.9973E-05 0.0849578 0.0700444 9.9973E-05 0.814229
0.0460087 9.9991E-05 0.103085 0.00386737 0.574569 0.0235754 0.248794
0.174377 0.107981 0.0563699 0.0764096 0.522516 0.0622467 9.9991E-05
0.0747897 9.9982E-05 0.136164 0.0853626 0.585797 9.9982E-05 0.117686
0.0697343 9.9991E-05 0.087475 0.0952127 0.488018 0.0314405 0.228019
9.9973E-05 9.9973E-05 0.0749313 0.00764777 0.0343933 9.9973E-05 0.882728
0.00397128 9.9991E-05 0.0204277 0.00213947 0.00716609 0.0298448 0.936351
9.9964E-05 9.9964E-05 0.00760501 9.9964E-05 0.0261595 9.9964E-05 0.965836
0.0253832 0.0380928 0.0287152 0.0502454 9.9982E-05 9.9982E-05 0.857363
0.00724679 0.0158624 0.02279 0.0104464 9.9982E-05 9.9982E-05 0.943455
9.9964E-05 0.0706634 9.9964E-05 0.00869182 9.9964E-05 9.9964E-05 0.920245
0.0937617 9.9982E-05 0.139837 9.9982E-05 0.23916 0.00338112 0.52366
0.160578 9.9991E-05 0.0863116 0.0224897 0.420201 0.0588866 0.251433
9.9955E-05 0.0482331 9.9955E-05 9.9955E-05 9.9955E-05 9.9955E-05 0.951267
0.130292 0.0076238 0.0661556 0.0345281 0.501079 0.0283744 0.231947
0.0875545 9.9991E-05 0.032526 0.0787255 0.668535 0.0222092 0.11035
0.539964 0.0559268 0.00339336 9.9973E-05 9.9973E-05 0.400416 9.9973E-05
0.556992 0.00655758 9.9973E-05 9.9973E-05 0.07892 0.35723 9.9973E-05
0.53764 0.0722339 0.00788425 9.9973E-05 9.9973E-05 0.381942 9.9973E-05
0.553347 0.0681829 9.9964E-05 9.9964E-05 9.9964E-05 0.37807 9.9964E-05
0.55342 0.0841025 9.9973E-05 9.9973E-05 9.9973E-05 0.354553 0.00762423
0.540098 0.0714331 0.00969661 9.9973E-05 9.9973E-05 0.378472 9.9973E-05
0.528259 0.056744 0.0144777 9.9973E-05 9.9973E-05 0.400219 9.9973E-05
9.9973E-05 0.111766 0.00753379 9.9973E-05 0.880031 9.9973E-05 0.000369409
9.99639E-05 0.37184 0.024384 9.99639E-05 0.603376 9.99639E-05 9.99639E-05
0.196084 0.0269792 9.9973E-05 9.9973E-05 0.539723 0.236914 9.9973E-05
0.175399 0.0128318 0.00774281 9.9982E-05 0.555056 0.248771 9.9982E-05
0.048883 9.9982E-05 9.9982E-05 0.0406238 0.0278159 0.0354126 0.847065
0.0563898 9.9982E-05 0.0466369 9.9982E-05 0.0846866 0.0345861 0.777501
0.00871248 9.9964E-05 9.9964E-05 9.9964E-05 0.0124758 9.9964E-05 0.978412
0.00920934 9.9982E-05 0.0324294 0.0167274 0.00252349 0.93891 9.9982E-05
0.112365 0.0274951 9.9964E-05 9.9964E-05 9.9964E-05 0.85974 9.9964E-05
0.0126134 9.9964E-05 9.9964E-05 9.9964E-05 9.9964E-05 0.970942 0.0160448
0.15157 9.9955E-05 9.9955E-05 9.9955E-05 9.9955E-05 0.84793 9.9955E-05
0.0444596 0.418825 9.9982E-05 0.0530766 9.9982E-05 0.451417 0.032022
0.304223 0.179126 9.9982E-05 0.0496837 9.9982E-05 0.431651 0.0351162
0.473668 0.0953912 0.0289232 0.00417855 9.9982E-05 0.397639 9.9982E-05
0.157576 0.0140442 9.9964E-05 9.9964E-05 9.9964E-05 0.82798 9.9964E-05
0.153271 9.9955E-05 9.9955E-05 9.9955E-05 9.9955E-05 0.84623 9.9955E-05
9.9955E-05 9.9955E-05 9.9955E-05 0.0179135 9.9955E-05 0.981587 9.9955E-05
0.100495 0.00433615 9.9973E-05 9.9973E-05 9.9973E-05 0.855225 0.0396437
0.215837 0.11173 0.100865 0.286674 0.0489465 0.0315326 0.204415
9.9964E-05 0.0123446 0.000867526 9.9964E-05 9.9964E-05 9.9964E-05 0.986388
9.9973E-05 0.0758962 9.9973E-05 9.9973E-05 0.900029 0.0208485 0.00292679
0.0120565 0.00669916 0.0682929 0.185771 0.058613 0.0455477 0.62302
9.9973E-05 0.115481 9.9973E-05 0.131087 0.73455 9.9973E-05 0.0185816
9.9982E-05 9.9982E-05 0.00483583 0.0253082 0.0741691 0.884305 0.0111817
0.509143 0.0861592 0.0127722 9.9982E-05 9.9982E-05 0.365676 0.0260489
0.159858 9.9991E-05 0.00695264 0.00318922 0.104407 0.690515 0.0349784
0.0245051 9.9982E-05 0.105627 9.9982E-05 0.576912 0.0489576 0.243799
0.110561 0.028578 0.147653 0.00622222 0.531182 0.0525285 0.123275
0.0295065 0.0496069 0.0364435 0.308733 0.0364202 0.0127504 0.52654
9.9955E-05 0.801319 9.9955E-05 9.9955E-05 0.198181 9.9955E-05 9.9955E-05
0.775478 9.9982E-05 0.0602853 0.0500977 9.9982E-05 0.0830245 0.0309149
0.863646 0.0217812 0.0109225 9.9991E-05 0.0169964 0.0265201 0.0600342
0.958719 9.9973E-05 0.00878186 9.9973E-05 0.031647 9.9973E-05 0.000552255
0.975754 9.9982E-05 0.00951862 0.00101163 0.00697172 9.9982E-05 0.00654383
0.995987 9.99549E-05 0.00351348 9.99549E-05 9.99549E-05 9.99549E-05 9.99549E-05
0.898072 9.9973E-05 0.0450934 9.9973E-05 9.9973E-05 0.0222499 0.0342845
9.9991E-05 0.0846015 0.0326828 0.00323822 0.867495 0.000978355 0.0109045
0.363086 0.0048698 0.0603167 9.9991E-05 0.116584 0.395125 0.0599182
0.074007 0.0140554 0.00511125 0.00377365 0.00937103 0.843514 0.0501678
9.995E-05 9.995E-05 9.995E-05 9.995E-05 9.995E-05 0.9994 9.995E-05
9.9964E-05 9.9964E-05 0.0121818 9.9964E-05 9.9964E-05 0.98272 0.00469811
0.108709 9.9964E-05 9.9964E-05 9.9964E-05 9.9964E-05 0.844077 0.0468138
0.9994 9.995E-05 9.995E-05 9.995E-05 9.995E-05 9.995E-05 9.995E-05
0.961954 9.9973E-05 0.00352353 0.0140553 9.9973E-05 9.9973E-05 0.0201669
0.680572 0.0114395 9.9982E-05 0.0216336 9.9982E-05 0.267659 0.018496
0.726653 0.0463052 0.0228124 0.00569548 9.9982E-05 0.198333 9.9982E-05
0.971997 9.9964E-05 9.9964E-05 0.0024371 9.9964E-05 0.025166 9.9964E-05
0.603428 0.0538719 9.99856E-05 0.0114906 9.99856E-05 0.311643 0.0193667
0.338523 0.0815055 9.9982E-05 0.0195634 9.9982E-05 0.222878 0.33733
9.9991E-05 0.0409733 0.00992925 0.0801315 0.0605543 0.00844643 0.799865
0.0415773 0.0831996 9.9973E-05 0.131118 9.9973E-05 9.9973E-05 0.743805
9.9973E-05 0.0186243 0.0360942 0.101742 9.9973E-05 9.9973E-05 0.843239
0.00598947 0.0483737 0.0313197 9.9973E-05 9.9973E-05 9.9973E-05 0.914017
0.975016 9.99639E-05 9.99639E-05 0.013564 0.0110204 9.99639E-05 9.99639E-05
0.9994 9.995E-05 9.995E-05 9.995E-05 9.995E-05 9.995E-05 9.995E-05
0.703878 0.0470522 9.9973E-05 9.9973E-05 9.9973E-05 0.20857 0.0402002
0.835456 0.0353291 9.9982E-05 0.0128818 9.9982E-05 0.110014 0.0061199
0.971174 0.00191025 0.0265161 9.9964E-05 9.9964E-05 9.9964E-05 9.9964E-05
0.922756 9.9964E-05 0.00926812 9.9964E-05 0.067576 9.9964E-05 9.9964E-05
0.9994 9.995E-05 9.995E-05 9.995E-05 9.995E-05 9.995E-05 9.995E-05
0.679899 0.0422828 9.9982E-05 9.9982E-05 0.0375872 0.222303 0.0177276
0.000579466 0.921782 9.9964E-05 9.9964E-05 9.9964E-05 9.9964E-05 0.0772391
9.9982E-05 0.707162 0.0113389 0.197414 0.0776855 0.00620033 9.9982E-05
9.99731E-05 0.923244 0.0129955 0.0414717 9.99731E-05 9.99731E-05 0.0219891
0.0589861 0.870458 0.0151875 9.9973E-05 9.9973E-05 9.9973E-05 0.0550684
0.471207 0.0176683 9.9982E-05 9.9982E-05 0.115581 0.36482 0.0305234
0.424248 9.9973E-05 9.9973E-05 9.9973E-05 0.1055 0.444603 0.0253488
0.356911 0.0244107 9.9991E-05 0.0266262 0.0224127 0.567461 0.00207792
0.337305 0.0261995 9.9982E-05 0.0273162 0.0310416 0.577938 9.9982E-05
0.555317 0.000946544 0.0864579 0.0115725 0.171217 0.0713992 0.10309
0.0740338 9.9973E-05 0.0136509 9.9973E-05 0.424847 0.487168 9.9973E-05
0.976732 0.0023222 9.99639E-05 0.0205459 9.99639E-05 9.99639E-05 9.99639E-05
0.607526 0.0943789 9.9964E-05 9.9964E-05 9.9964E-05 0.297695 9.9964E-05
0.558568 0.122624 0.0189255 9.9973E-05 9.9973E-05 0.299583 9.9973E-05
0.0166509 9.99911E-05 0.0267145 0.0502209 0.466727 0.0114473 0.428139
0.0215441 0.0937239 0.0493382 0.0336032 0.691869 0.0978146 0.0121068
9.9982E-05 0.00764417 0.00377789 0.0793692 0.0387221 9.9982E-05 0.870287
0.003104 9.9973E-05 9.9973E-05 0.908184 9.9973E-05 0.0251239 0.0632881
0.0172819 0.0314446 0.0397554 0.642655 9.9982E-05 9.9982E-05 0.268663
0.0470028 0.0488656 0.00128401 0.424763 9.9991E-05 0.00337461 0.47461
0.0163807 0.338442 0.00546158 0.0298613 0.225737 0.0205464 0.363571
9.9955E-05 9.9955E-05 9.9955E-05 0.0862819 9.9955E-05 9.9955E-05 0.913218
0.00866937 9.9982E-05 9.9982E-05 0.0429416 0.0111336 0.0162186 0.920837
0.0355979 9.9982E-05 9.9982E-05 0.0481248 0.0514855 0.000289673 0.864302
9.9964E-05 9.9964E-05 0.0507312 0.0844749 9.9964E-05 9.9964E-05 0.864394
0.44912 9.9991E-05 0.0607115 0.0341346 0.261708 0.0860544 0.108171
0.293882 0.0421555 0.0323411 0.038476 0.145468 0.0507792 0.396898
0.334658 9.99821E-05 0.010349 9.99821E-05 0.126018 0.230652 0.298123
0.515318 9.9982E-05 0.0115371 9.9982E-05 0.21803 0.195036 0.0598797
0.0559878 0.191469 0.0627956 0.0807484 0.0571926 0.0527489 0.499057
9.9991E-05 0.0155499 0.0321837 0.00636177 0.00881045 0.00689097 0.930103
0.464172 0.0688832 0.010191 9.9982E-05 0.0430087 0.413545 9.9982E-05
0.0381328 9.9982E-05 0.060445 0.083589 0.100677 9.9982E-05 0.716956
0.00494453 9.9973E-05 9.9973E-05 0.869517 0.0224637 9.9973E-05 0.102775
9.9991E-05 0.090407 0.0198624 0.884277 0.00135588 0.0019948 0.00200323
9.9955E-05 9.9955E-05 9.9955E-05 0.0599706 9.9955E-05 9.9955E-05 0.93953
0.119062 9.9991E-05 0.497482 0.0108053 0.20744 0.0149398 0.15017
0.0292563 0.0737917 0.00391436 0.362403 0.0564787 0.0135886 0.460567
9.9964E-05 9.9964E-05 9.9964E-05 0.882728 0.0374584 9.9964E-05 0.0794137
0.0351903 9.9982E-05 0.0029944 0.166664 0.180981 9.9982E-05 0.613971
0.0665246 0.0756653 0.484768 0.0172038 0.211072 0.044925 0.0998414
0.00780801 9.9964E-05 0.980921 9.9964E-05 9.9964E-05 9.9964E-05 0.0108715
0.103416 0.00255175 9.9982E-05 9.9982E-05 0.0481774 0.819122 0.0265334
0.042414 0.191202 0.0239618 0.610277 0.0357107 0.0581252 0.0383089
0.166293 0.0518738 0.0492644 0.0844126 0.562157 0.0858986 9.9991E-05
9.9982E-05 0.100197 0.0349398 9.9982E-05 0.799934 0.0350365 0.0296924
9.9973E-05 0.116781 9.9973E-05 9.9973E-05 0.791048 0.021509 0.070362
9.9964E-05 0.218124 0.00616832 0.775308 9.9964E-05 9.9964E-05 9.9964E-05
9.9973E-05 9.9973E-05 0.02619 0.0320243 0.0221153 0.91937 9.9973E-05
0.310383 0.057293 0.0458912 0.0180591 0.342621 0.205134 0.0206183
9.9964E-05 0.89632 9.9964E-05 0.0302836 0.0729964 9.9964E-05 9.9964E-05
9.9964E-05 0.0309072 9.9964E-05 0.937883 0.0308096 9.9964E-05 9.9964E-05
9.9964E-05 0.841834 0.0219206 9.9964E-05 0.135846 9.9964E-05 9.9964E-05
0.155322 0.0380526 0.0646424 0.0672747 0.588366 0.0862422 9.9991E-05
0.140397 0.0437219 0.0633428 0.0795741 0.589235 0.0836292 9.9991E-05
0.238484 0.000523671 9.9991E-05 0.0362079 0.270561 0.40789 0.0462333
0.066362 9.9991E-05 0.0173421 0.0704945 0.107326 0.684133 0.0542417
0.214487 0.108766 9.9991E-05 0.00218457 0.389362 0.245203 0.0398969
0.0300753 0.11531 0.0041018 9.9982E-05 0.78548 0.0648325 9.9982E-05
9.9982E-05 0.0176333 0.0100166 0.912793 0.0316368 9.9982E-05 0.02772
9.9973E-05 0.0679674 9.9973E-05 0.887968 0.0158487 9.9973E-05 0.0279162
0.0680171 0.0222015 0.121458 0.0532874 0.3108 0.0535049 0.370731
0.187406 9.9991E-05 0.0059405 0.0645454 0.33734 0.387135 0.0175334
9.9973E-05 0.111566 0.0243418 9.9973E-05 0.848746 0.0150465 9.9973E-05
9.99812E-05 0.0159111 0.027358 9.99812E-05 0.0364051 9.99812E-05 0.920026
0.111768 9.9973E-05 9.9973E-05 0.00977733 0.603872 0.274282 9.9973E-05
0.127027 0.136944 9.9991E-05 0.00709131 0.258252 0.0891612 0.381425
0.31748 0.0083766 0.135492 9.99911E-05 0.122158 0.376264 0.0401291
0.0560363 9.9991E-05 0.119845 0.032161 0.233209 0.0449757 0.513673
9.9982E-05 0.149814 0.0250031 0.481708 0.339428 0.0038466 9.9982E-05
0.0273491 9.9982E-05 0.0686874 0.0269789 0.719499 9.9982E-05 0.157286
9.9955E-05 9.9955E-05 9.9955E-05 9.9955E-05 0.0466523 9.9955E-05 0.952848
0.0631815 9.9973E-05 9.9973E-05 0.024667 0.0693466 9.9973E-05 0.842505
9.9955E-05 9.9955E-05 9.9955E-05 0.936535 0.0629649 9.9955E-05 9.9955E-05
9.9964E-05 9.9964E-05 0.000891358 0.0174011 9.9964E-05 9.9964E-05 0.981308
0.0812276 9.9991E-05 0.0644143 0.0329588 0.201711 0.0427006 0.576888
0.0260891 9.9982E-05 0.0297824 0.0475914 0.0644885 9.9982E-05 0.831849
9.9973E-05 0.15283 9.9973E-05 0.0304773 9.9973E-05 0.0188089 0.797583
0.149583 0.0699104 0.0611041 0.0842583 0.53578 0.0916452 0.00771956
0.0672896 9.9973E-05 9.9973E-05 9.9973E-05 0.01856 0.863262 0.0505888
0.0135399 9.9964E-05 9.9964E-05 9.9964E-05 0.027869 0.958191 9.9964E-05
9.99641E-05 0.0820224 9.99641E-05 0.781582 9.99641E-05 9.99641E-05 0.135995
0.10753 0.0125913 9.9982E-05 0.00754387 0.0137284 0.858407 9.9982E-05
0.0229721 9.9973E-05 0.888797 9.9973E-05 0.0504089 9.9973E-05 0.0375219
0.00973799 0.004586 0.960915 0.0244612 9.9973E-05 9.9973E-05 9.9973E-05
0.00255208 0.029338 0.502018 0.0889602 0.00333995 0.1909 0.182893
0.00916751 0.17447 9.9973E-05 9.9973E-05 9.9973E-05 0.0416161 0.774447
9.9964E-05 0.00463414 0.985728 9.9964E-05 9.9964E-05 0.00923776 9.9964E-05
9.9955E-05 9.9955E-05 0.986397 9.9955E-05 0.0131033 9.9955E-05 9.9955E-05
0.0117531 9.9955E-05 0.987747 9.9955E-05 9.9955E-05 9.9955E-05 9.9955E-05
0.00797069 9.9955E-05 0.99153 9.9955E-05 9.9955E-05 9.9955E-05 9.9955E-05
9.995E-05 9.995E-05 0.9994 9.995E-05 9.995E-05 9.995E-05 9.995E-05
9.9964E-05 0.0873146 9.9964E-05 0.898689 9.9964E-05 0.0135968 9.9964E-05
9.9991E-05 0.106836 0.0365766 0.00700976 0.787602 0.0455205 0.0163554
0.026006 0.869027 0.052089 0.0330373 0.00778851 9.9991E-05 0.0119523
9.99549E-05 0.909859 9.99549E-05 9.99549E-05 0.0896414 9.99549E-05 9.99549E-05
9.9982E-05 0.180849 0.000668579 0.367493 9.9982E-05 0.00244772 0.448342
9.9964E-05 0.110046 0.0201299 0.869424 9.9964E-05 9.9964E-05 9.9964E-05
9.9973E-05 0.124719 9.9973E-05 9.9973E-05 0.840436 0.033986 0.000559188
0.0283784 0.711099 0.028062 9.9982E-05 0.216816 9.9982E-05 0.0154449
9.9973E-05 0.827073 9.9973E-05 0.10702 0.00960383 0.0560037 9.9973E-05
9.99639E-05 0.370412 0.0223444 9.99639E-05 0.606844 9.99639E-05 9.99639E-05
9.99723E-05 0.0335242 0.944646 9.99723E-05 0.02143 9.99723E-05 9.99723E-05
0.0553141 0.213555 0.0135368 0.504048 9.9991E-05 0.0972039 0.116241
0.0607445 0.0551025 0.000791495 0.0908389 0.00237066 9.9991E-05 0.790052
0.00545248 9.9982E-05 0.018989 9.9982E-05 0.0890504 0.0112703 0.875038
0.102414 9.9982E-05 0.0489885 0.0694405 0.117619 9.9982E-05 0.661338
9.9964E-05 9.9964E-05 9.9964E-05 0.907222 0.0622813 9.9964E-05 0.030097
0.00299953 0.442786 0.00447807 0.54556 9.9982E-05 0.00397644 9.9982E-05
0.141495 9.99551E-05 9.99551E-05 9.99551E-05 9.99551E-05 0.858005 9.99551E-05
0.232222 0.18351 0.0247957 0.206298 9.9991E-05 0.163314 0.189761
0.0227538 0.449716 0.0199087 0.37794 0.119383 0.0101983 9.9991E-05
