0.141754 0.151877 9.9991E-05 0.508053 0.198216
0.168118 0.0518645 0.0192107 0.258065 0.502742
0.149514 0.0847046 0.055187 0.25259 0.458005
0.190044 0.120105 9.9991E-05 0.496904 0.192847
9.999E-05 0.0277434 0.0156022 0.00527303 0.951281
0.206899 0.0597105 0.107285 0.176744 0.449362
9.9982E-05 0.589571 9.9982E-05 0.396805 0.0134241
0.0102803 0.98942 9.9973E-05 9.9973E-05 9.9973E-05
0.00573435 0.989909 9.9982E-05 9.9982E-05 0.00415636
9.997E-05 0.9996 9.997E-05 9.997E-05 9.997E-05
0.0140818 9.9991E-05 0.0559981 0.913013 0.0168073
9.9973E-05 9.9973E-05 0.0953597 0.90434 9.9973E-05
9.9973E-05 9.9973E-05 0.111773 0.887927 9.9973E-05
9.9973E-05 9.9973E-05 0.0626373 0.937063 9.9973E-05
0.0395491 0.0541699 0.880709 0.00344557 0.0221266
9.997E-05 0.9996 9.997E-05 9.997E-05 9.997E-05
0.0455488 0.124593 9.9982E-05 0.829658 9.9982E-05
9.9982E-05 0.00609789 0.952934 0.0407685 9.9982E-05
0.0785258 0.0253079 0.63903 0.257036 9.9991E-05
9.9973E-05 9.9973E-05 0.489038 0.510662 9.9973E-05
0.0221638 0.0662412 0.876466 0.0350294 9.9991E-05
9.99729E-05 9.99729E-05 0.209073 0.790627 9.99729E-05
0.00219713 0.00570134 0.967928 0.0240733 9.9991E-05
9.9973E-05 9.9973E-05 0.233419 0.766281 9.9973E-05
9.9973E-05 9.9973E-05 0.181708 0.817992 9.9973E-05
0.0100375 9.9991E-05 0.966018 0.0217399 0.00210478
9.9982E-05 0.0236464 0.936057 0.0400966 9.9982E-05
0.0651585 9.9982E-05 0.690755 0.243887 9.9982E-05
0.026923 0.0118056 0.961071 9.9982E-05 9.9982E-05
0.0114559 9.9982E-05 0.984459 9.9982E-05 0.00388558
9.9973E-05 9.9973E-05 0.175574 0.824126 9.9973E-05
9.9973E-05 9.9973E-05 0.0818556 0.917845 9.9973E-05
0.000277064 9.9982E-05 0.95815 0.041373 9.9982E-05
9.9973E-05 9.9973E-05 0.276671 0.723029 9.9973E-05
9.9973E-05 0.00802967 0.99167 9.9973E-05 9.9973E-05
9.99729E-05 9.99729E-05 0.165397 0.834303 9.99729E-05
9.9982E-05 9.9982E-05 0.978178 0.010163 0.0114586
9.9973E-05 9.9973E-05 0.182496 0.817204 9.9973E-05
0.222113 0.136233 9.9991E-05 0.385151 0.256404
0.131186 9.9973E-05 9.9973E-05 9.9973E-05 0.868515
9.9973E-05 9.9973E-05 9.9973E-05 0.910424 0.0892759
9.9973E-05 9.9973E-05 0.977817 0.0218828 9.9973E-05
9.9973E-05 9.9973E-05 0.155555 0.844145 9.9973E-05
0.429127 0.00608978 9.9991E-05 0.343513 0.22117
0.0568762 0.0557036 0.602683 0.284637 9.9991E-05
0.00425616 0.0127758 0.450274 0.532594 9.9991E-05
0.0158982 0.060012 0.893272 0.0084119 0.0224061
0.226072 0.0159845 0.0720181 0.174142 0.511783
0.695539 0.0164741 0.00392265 0.0621183 0.221946
0.0193575 0.190706 9.9991E-05 0.717843 0.0719941
0.051801 0.163015 9.9991E-05 0.745322 0.0397625
0.0406001 0.162501 9.9991E-05 0.730177 0.0666221
9.9982E-05 0.191338 9.9982E-05 0.73706 0.0714018
9.9982E-05 0.953671 0.0225222 9.9982E-05 0.0236066
9.9982E-05 0.968891 0.00344059 0.0274683 9.9982E-05
9.9982E-05 0.0364548 0.068559 0.894786 9.9982E-05
9.9973E-05 9.9973E-05 0.195705 0.803995 9.9973E-05
0.116867 0.132321 0.221504 0.274847 0.25446
0.00834793 9.9991E-05 0.0325766 0.00658085 0.952395
0.37657 9.9991E-05 0.0494344 0.0340462 0.53985
0.0371685 0.0915329 9.9991E-05 0.831269 0.0399301
9.9982E-05 0.144266 9.9982E-05 0.770648 0.0848864
0.0754467 0.114294 9.9991E-05 0.759823 0.0503355
9.997E-05 0.9996 9.997E-05 9.997E-05 9.997E-05
0.0189854 0.0149007 0.017752 0.00381332 0.944549
0.0301226 0.0923031 9.9991E-05 0.857563 0.0199109
0.114754 0.192072 9.9991E-05 0.478335 0.214739
9.99729E-05 9.99729E-05 0.166493 0.833208 9.99729E-05
9.9973E-05 9.9973E-05 0.116611 0.883089 9.9973E-05
0.0520216 0.797805 0.0257382 0.0733646 0.0510704
0.0109786 0.855415 0.053002 0.0576558 0.0229489
0.00460817 0.913135 9.9991E-05 0.0552955 0.0268612
9.9973E-05 0.979642 9.9973E-05 9.9973E-05 0.0200581
9.9982E-05 0.991235 0.00706184 0.00150312 9.9982E-05
9.9973E-05 0.98596 0.0137396 9.9973E-05 9.9973E-05
9.997E-05 0.9996 9.997E-05 9.997E-05 9.997E-05
9.9982E-05 0.973662 0.0143582 9.9982E-05 0.0117802
0.00150136 0.998199 9.9973E-05 9.9973E-05 9.9973E-05
9.997E-05 0.9996 9.997E-05 9.997E-05 9.997E-05
9.9991E-05 0.966192 0.0147512 0.0110372 0.00791975
0.0204005 0.967158 0.0121504 9.9991E-05 0.000191421
0.0104792 0.972549 0.00855446 0.00831744 9.9991E-05
9.9973E-05 0.561708 0.437992 9.9973E-05 9.9973E-05
9.9973E-05 0.558638 0.441062 9.9973E-05 9.9973E-05
9.997E-05 0.9996 9.997E-05 9.997E-05 9.997E-05
9.9973E-05 0.994161 9.9973E-05 9.9973E-05 0.00553926
9.9982E-05 0.966182 9.9982E-05 0.0108642 0.022754
0.00315438 0.9133 0.0532983 0.000543893 0.0297036
9.997E-05 0.9996 9.997E-05 9.997E-05 9.997E-05
9.9973E-05 0.54644 0.45326 9.9973E-05 9.9973E-05
0.0107537 0.895723 0.0515864 9.9991E-05 0.0418374
0.00294713 0.957354 0.0211347 0.0184644 9.9991E-05
9.9973E-05 0.975526 9.9973E-05 0.0241738 9.9973E-05
0.0331862 0.95236 9.9982E-05 9.9982E-05 0.0142542
9.9991E-05 0.911315 0.0235602 0.050967 0.0140578
9.9982E-05 0.977641 0.00247392 0.0196852 9.9982E-05
0.0789697 9.9991E-05 0.625456 0.15118 0.144295
0.00486884 0.973642 0.0212895 9.9982E-05 9.9982E-05
9.9973E-05 0.97911 0.0205902 9.9973E-05 9.9973E-05
0.083075 0.753752 0.0967016 0.0182124 0.0482593
9.997E-05 0.9996 9.997E-05 9.997E-05 9.997E-05
9.9982E-05 0.983187 0.0161618 0.000451189 9.9982E-05
0.000466743 0.999233 9.9973E-05 9.9973E-05 9.9973E-05
9.9973E-05 0.985702 0.0139983 9.9973E-05 9.9973E-05
0.0276836 0.0223451 0.939568 9.9991E-05 0.0103029
9.997E-05 0.9996 9.997E-05 9.997E-05 9.997E-05
0.0164449 0.983255 9.9973E-05 9.9973E-05 9.9973E-05
9.997E-05 0.9996 9.997E-05 9.997E-05 9.997E-05
9.9991E-05 0.0208189 0.661673 0.314591 0.0028176
0.0119548 0.946736 0.0114967 9.9991E-05 0.0297121
9.9982E-05 0.968789 0.000429014 0.0305825 9.9982E-05
0.0208006 0.96198 0.0170197 9.9982E-05 9.9982E-05
9.997E-05 0.9996 9.997E-05 9.997E-05 9.997E-05
9.9982E-05 0.0324506 0.71771 0.24964 9.9982E-05
9.997E-05 0.9996 9.997E-05 9.997E-05 9.997E-05
0.0235807 0.943116 0.0159799 9.9991E-05 0.0172235
9.9973E-05 0.518718 0.480982 9.9973E-05 9.9973E-05
9.997E-05 0.9996 9.997E-05 9.997E-05 9.997E-05
9.9973E-05 9.9973E-05 0.325906 0.673794 9.9973E-05
9.9982E-05 9.9982E-05 0.400842 0.590562 0.00839591
9.9973E-05 9.9973E-05 0.168998 0.830702 9.9973E-05
9.9982E-05 0.0590596 0.915532 9.9982E-05 0.0252087
0.0463713 0.144699 9.9991E-05 0.766821 0.042009
0.000869611 9.9991E-05 0.220152 0.778585 0.000293944
0.0750124 0.00477435 0.256021 0.654287 0.00990524
9.9982E-05 9.9982E-05 0.311164 0.682821 0.00581489
0.0063273 9.9982E-05 0.373182 0.620291 9.9982E-05
0.00572919 9.9982E-05 0.327514 0.666556 9.9982E-05
0.0671998 9.9982E-05 0.386753 0.545847 9.9982E-05
0.0287029 9.9991E-05 0.435885 0.524953 0.0103585
9.9973E-05 9.9973E-05 0.173191 0.826509 9.9973E-05
9.9973E-05 9.9973E-05 0.11989 0.87981 9.9973E-05
0.00355423 0.000878799 0.104862 0.890605 9.9991E-05
0.0507506 0.0507028 0.804633 0.0800902 0.0138238
0.510531 0.041476 0.0352678 0.00345897 0.409267
0.505993 0.0532691 9.9991E-05 0.046385 0.394253
0.157398 0.00694055 9.9991E-05 0.0796379 0.755923
0.0441584 0.159515 0.356255 0.369999 0.0700722
0.525084 0.0350539 0.0102464 0.0314883 0.398127
0.475408 0.0516746 0.00674483 0.0633383 0.402835
0.0439613 0.105501 0.199888 0.591102 0.0595478
0.404995 0.00820289 0.00644931 0.0522399 0.528113
0.419373 0.0255382 0.0572275 0.00798293 0.489878
0.451129 0.00515543 0.0127374 0.0324168 0.498561
0.583895 0.0585042 0.0852921 0.00838503 0.263924
0.610398 0.0366661 0.0395858 0.0617936 0.251557
0.444859 9.9991E-05 0.0258731 0.054235 0.474933
0.0874088 0.158382 9.9991E-05 0.706022 0.048088
0.152278 0.0227127 0.0275333 0.00208776 0.795388
9.9982E-05 0.0187402 0.968354 0.0127059 9.9982E-05
9.9991E-05 0.0304789 0.954268 0.00255822 0.012595
0.0229223 0.0130889 0.0373521 9.9991E-05 0.926537
0.182881 0.108412 0.242357 0.260325 0.206026
0.0634424 0.0950936 0.0247421 0.773589 0.0431324
0.0490131 9.9991E-05 0.034854 0.87459 0.0414424
0.0364968 0.00386071 0.869684 0.0898587 9.9991E-05
0.152558 0.00229869 0.0511219 0.66828 0.125741
0.0736151 0.102624 0.0147334 0.730258 0.0787701
0.565352 0.0548422 0.0506584 0.0674109 0.261736
0.0592878 0.118798 9.9991E-05 0.79642 0.0253949
0.127 0.186418 0.166343 0.387536 0.132703
0.000118016 0.0125443 0.987138 9.9982E-05 9.9982E-05
0.116048 0.0278542 0.0245782 0.0206171 0.810903
0.0056626 9.9991E-05 0.0164404 0.5557 0.422097
0.0201146 0.0161442 0.0478957 9.9991E-05 0.915746
0.0903945 0.0842501 0.0712534 0.668238 0.085864
9.997E-05 9.997E-05 9.997E-05 9.997E-05 0.9996
0.00645535 0.0718318 9.9991E-05 0.862106 0.0595073
9.9991E-05 0.0370698 0.0766161 0.0508304 0.835384
9.9991E-05 0.0563627 0.00253863 0.0664818 0.874517
0.00211964 0.0157609 0.906782 0.00930312 0.0660348
0.188959 9.9991E-05 0.447664 0.194521 0.168756
0.0446315 0.0360661 0.375602 0.446602 0.0970988
0.842466 0.0215864 0.0522007 0.00899681 0.0747505
0.950071 0.000329948 9.9982E-05 0.0493987 9.9982E-05
0.927679 0.00655897 0.0146862 0.050976 9.9991E-05
0.905672 9.9982E-05 0.045813 0.0483154 9.9982E-05
0.0392394 9.9973E-05 0.960461 9.9973E-05 9.9973E-05
9.9982E-05 0.0168348 0.950027 9.9982E-05 0.0329383
0.0486512 0.0335257 0.798578 0.119145 9.9991E-05
0.552513 0.00863927 9.9991E-05 0.0670188 0.371729
0.178746 0.142724 0.238296 0.283703 0.156532
0.149592 0.214274 0.386162 0.196141 0.0538319
0.0142695 0.0420634 0.79958 0.0997377 0.0443499
0.0324809 0.127854 0.702746 0.101002 0.0359172
0.11438 0.0743084 0.774545 0.0155984 0.021169
0.0856191 0.178665 0.523328 0.125732 0.0866555
0.0817369 0.155385 9.9991E-05 0.616945 0.145833
9.9973E-05 9.9973E-05 0.130994 0.868706 9.9973E-05
9.9982E-05 0.0401379 0.317778 0.641884 9.9982E-05
9.9973E-05 9.9973E-05 9.9973E-05 0.00284155 0.996859
9.9982E-05 9.9982E-05 0.0199893 0.0331892 0.946622
9.9982E-05 9.9982E-05 0.0210668 0.0316582 0.947075
0.351554 0.0330769 9.9991E-05 0.110997 0.504272
0.133101 0.146409 0.0378874 0.280955 0.401647
0.131219 0.168731 0.0289594 0.241192 0.429899
0.0297856 0.0202454 0.930239 0.00668394 0.0130466
0.0429729 0.0263193 0.853747 0.0400636 0.0368969
9.9973E-05 9.9973E-05 0.988273 9.9973E-05 0.0114269
9.9982E-05 0.108567 9.9982E-05 0.820949 0.0702844
9.9991E-05 0.00327288 0.0233874 0.00653443 0.966705
9.9973E-05 0.0217869 9.9973E-05 9.9973E-05 0.977913
0.0349701 9.9982E-05 0.00120092 9.9982E-05 0.963629
0.0588562 9.9982E-05 9.9982E-05 0.0329207 0.908023
0.04925 0.00986002 0.0162496 0.0252332 0.899407
9.99731E-05 9.99731E-05 9.99731E-05 0.920869 0.0788308
0.360038 0.103869 0.0759308 0.0816309 0.378531
0.011711 0.083936 9.9991E-05 0.870387 0.033866
9.9973E-05 9.9973E-05 9.9973E-05 0.925377 0.0743235
0.0389629 9.9991E-05 0.816326 0.0857733 0.0588382
9.9973E-05 9.9973E-05 0.00144141 0.998259 9.9973E-05
9.997E-05 9.997E-05 9.997E-05 0.9996 9.997E-05
9.997E-05 9.997E-05 9.997E-05 0.9996 9.997E-05
0.000874735 0.0327097 0.0302819 9.9991E-05 0.936034
9.997E-05 9.997E-05 9.997E-05 9.997E-05 0.9996
0.211785 0.0605328 0.0354113 0.230745 0.461526
9.9973E-05 0.0282436 9.9973E-05 9.9973E-05 0.971456
9.997E-05 9.997E-05 9.997E-05 9.997E-05 0.9996
0.0311561 9.9991E-05 0.00151501 0.571262 0.395966
0.0759961 9.9982E-05 0.0484028 9.9982E-05 0.875401
0.0784287 9.9991E-05 0.0445739 0.0327999 0.844098
0.197145 0.114998 0.097323 0.262737 0.327797
0.0507741 0.105586 9.9991E-05 0.824072 0.019468
0.0905366 9.9982E-05 9.9982E-05 0.13937 0.769893
0.211585 0.431092 0.326447 0.0270602 0.00381526
0.104516 9.9982E-05 9.9982E-05 0.171464 0.72382
9.9982E-05 0.0172177 9.9982E-05 0.00088779 0.981695
9.9982E-05 9.9982E-05 0.0387314 0.956306 0.00476288
9.9982E-05 9.9982E-05 0.0414575 0.683971 0.274371
9.9982E-05 0.119879 9.9982E-05 0.834867 0.0450541
0.0364228 0.203971 9.9991E-05 0.623701 0.135805
9.9973E-05 9.9973E-05 0.192626 0.807074 9.9973E-05
0.0520616 0.152828 9.9991E-05 0.75494 0.040071
0.0311622 0.0823263 9.9991E-05 0.828851 0.0575605
9.9991E-05 0.0558005 0.00867834 0.849856 0.085565
0.0104616 0.184418 9.9991E-05 0.744275 0.0607452
0.0789912 0.086103 0.0112181 0.727363 0.0963245
9.9982E-05 0.114046 9.9982E-05 0.850864 0.0348899
0.192331 0.149417 0.0886646 0.246977 0.32261
9.9973E-05 0.0169176 0.982782 9.9973E-05 9.9973E-05
0.0550073 9.9991E-05 0.794119 0.0914815 0.0592924
9.997E-05 0.9996 9.997E-05 9.997E-05 9.997E-05
0.0428539 9.9991E-05 0.706556 0.162298 0.0881916
9.9991E-05 0.025159 0.897255 0.0640864 0.0134
0.0109938 0.0304071 0.357342 0.573992 0.0272651
0.00795995 0.0190499 0.905741 0.0671487 9.9991E-05
0.03451 0.0206109 0.350052 0.594727 9.9991E-05
0.0261363 9.9973E-05 0.973564 9.9973E-05 9.9973E-05
0.0786906 0.270125 0.145179 0.417163 0.0888418
0.149906 0.102163 0.0816246 0.664051 0.00225621
0.045845 0.0947997 0.248642 0.572963 0.0377502
9.9991E-05 0.0249484 0.91197 0.0448996 0.0180818
0.0458588 9.9973E-05 9.9973E-05 9.9973E-05 0.953841
9.9973E-05 9.9973E-05 0.186648 0.813052 9.9973E-05
0.112275 0.229124 0.157945 0.40894 0.0917151
9.9973E-05 9.9973E-05 0.153777 0.845923 9.9973E-05
0.0473012 9.9982E-05 9.9982E-05 0.00372504 0.948774
0.0468113 0.121689 9.9991E-05 0.809891 0.0215086
0.00491264 0.994787 9.9973E-05 9.9973E-05 9.9973E-05
0.130397 0.721977 0.0646245 0.0587635 0.0242382
9.9973E-05 0.0200913 0.979609 9.9973E-05 9.9973E-05
9.9982E-05 0.00417328 0.341836 0.653791 9.9982E-05
0.0194572 0.119709 9.9991E-05 0.831587 0.0291474
0.00417994 0.104972 9.9991E-05 0.841747 0.0490011
0.101512 9.9991E-05 0.0510798 0.752481 0.094827
9.9973E-05 9.9973E-05 0.38141 0.61829 9.9973E-05
9.9982E-05 9.9982E-05 0.0258571 0.0164467 0.957496
0.150939 0.141514 0.0207419 0.266396 0.420408
0.353399 9.9982E-05 9.9982E-05 0.045303 0.601098
0.549025 0.114657 0.0664577 0.0839067 0.185954
0.527851 0.100556 0.0783406 0.0826086 0.210644
0.439999 0.0412636 0.0697992 0.0195389 0.429399
0.142067 0.142303 0.014226 0.270066 0.431339
0.558761 0.081877 0.0375688 0.0913834 0.23041
0.470133 0.0254355 0.0776141 0.0404181 0.386399
0.167882 0.186143 0.06482 0.423219 0.157936
0.407501 9.9991E-05 0.0563086 0.0533681 0.482722
0.170445 0.189397 0.135636 0.335857 0.168666
9.9982E-05 0.170586 9.9982E-05 0.77262 0.0565935
0.205413 0.168254 9.9991E-05 0.442604 0.183629
0.301044 0.0794813 0.0367055 0.156136 0.426633
0.28465 0.0814909 0.0660214 0.206327 0.361511
0.204358 0.126652 0.0249534 0.268515 0.375521
0.404408 0.0623186 0.0103674 0.0696231 0.453283
9.9973E-05 9.9973E-05 0.279546 0.720154 9.9973E-05
9.9982E-05 9.9982E-05 0.00321832 0.0280523 0.968529
0.537646 0.0854932 0.0671948 0.0976515 0.212015
0.330725 0.0710477 0.0662197 9.9991E-05 0.531907
0.536472 0.0783605 0.0525019 0.031602 0.301064
0.544585 0.0661299 0.0146095 0.0735482 0.301127
0.064696 9.9991E-05 0.756574 0.123548 0.0550817
0.0516233 0.0477135 0.432421 0.464375 0.00386779
0.108157 0.00219306 9.9991E-05 0.0280511 0.861499
9.99729E-05 9.99729E-05 0.185412 0.814288 9.99729E-05
0.0165855 9.9991E-05 0.732296 0.145322 0.105697
0.045342 0.215745 9.9991E-05 0.609732 0.129081
9.997E-05 9.997E-05 9.997E-05 9.997E-05 0.9996
9.997E-05 9.997E-05 9.997E-05 9.997E-05 0.9996
0.0109022 0.043002 0.010605 0.00326429 0.932227
9.997E-05 9.997E-05 9.997E-05 9.997E-05 0.9996
9.9982E-05 0.0971532 9.9982E-05 0.806755 0.0958922
9.9982E-05 0.0345312 0.0857142 9.9982E-05 0.879555
0.0614377 9.9991E-05 0.764324 0.117321 0.0568176
0.0116233 9.9973E-05 0.988077 9.9973E-05 9.9973E-05
0.00328734 0.0190236 0.952533 0.0250564 9.9991E-05
9.9973E-05 0.0201159 0.979584 9.9973E-05 9.9973E-05
0.0301378 0.0095835 0.943185 0.0169938 9.9991E-05
0.608083 0.105804 0.110845 0.0804871 0.0947808
0.615824 0.128198 0.086573 0.0828892 0.0865162
0.914038 0.00696347 0.0346875 0.0442111 9.9991E-05
0.933914 0.0052198 0.000493078 9.9991E-05 0.0602735
0.987148 9.9973E-05 0.0125523 9.9973E-05 9.9973E-05
0.321549 0.127563 0.0176645 0.496407 0.036816
0.965309 9.9982E-05 0.0087884 0.0257025 9.9982E-05
0.121169 0.0165784 0.241311 0.379563 0.241379
0.9996 9.997E-05 9.997E-05 9.997E-05 9.997E-05
0.9996 9.997E-05 9.997E-05 9.997E-05 9.997E-05
0.998024 9.9973E-05 0.00167575 9.9973E-05 9.9973E-05
0.638085 9.9991E-05 0.0456147 0.0302684 0.285932
0.9996 9.997E-05 9.997E-05 9.997E-05 9.997E-05
0.919495 0.0331443 0.0301395 9.9991E-05 0.0171209
9.9973E-05 9.9973E-05 0.260867 0.738833 9.9973E-05
0.0703814 0.0391294 0.333315 0.557074 9.9991E-05
0.0499499 0.0244369 0.743314 0.182199 9.9991E-05
9.9991E-05 0.025472 0.908207 0.06003 0.00619086
0.0980608 0.118506 0.0522982 0.707396 0.0237391
0.0242667 0.0493774 0.815665 0.0804822 0.0302083
9.9973E-05 9.9973E-05 0.144081 0.855619 9.9973E-05
9.9973E-05 9.9973E-05 0.21522 0.78448 9.9973E-05
0.0196682 0.198158 9.9991E-05 0.727803 0.054271
0.0676007 0.0695465 0.775253 0.0674349 0.0201647
0.0343058 0.121382 0.552848 0.242914 0.0485509
0.0824364 0.228881 0.0602588 0.539173 0.0892501
0.0492767 0.209234 9.9991E-05 0.660844 0.0805454
0.0586242 0.158787 0.0677827 0.661427 0.053379
0.0333319 9.9991E-05 0.300635 0.580307 0.0856261
0.0310987 0.193288 9.9991E-05 0.711782 0.0637321
9.99729E-05 9.99729E-05 0.155921 0.843779 9.99729E-05
0.0154308 0.186885 9.9991E-05 0.652019 0.145566
0.000947088 0.24012 9.9991E-05 0.598786 0.160047
0.233665 0.136463 0.00161145 0.257169 0.371091
0.0211276 0.188585 9.9991E-05 0.716108 0.0740789
0.000310035 0.21098 9.9991E-05 0.714345 0.0742649
0.00539245 0.184469 9.9991E-05 0.73353 0.0765081
0.112984 0.19081 0.203648 0.377039 0.115519
9.9973E-05 9.9973E-05 0.268282 0.731418 9.9973E-05
9.9973E-05 9.9973E-05 0.153426 0.846274 9.9973E-05
9.9973E-05 9.9973E-05 0.12349 0.876211 9.9973E-05
9.9973E-05 9.9973E-05 0.212211 0.78749 9.9973E-05
9.9982E-05 9.9982E-05 0.00428457 0.049877 0.945638
0.197192 0.0589206 0.0662494 0.216759 0.460879
0.00789763 0.0288382 0.821177 0.10475 0.0373376
0.00293516 0.0344076 0.371597 0.59096 9.9991E-05
0.164775 0.173224 9.9991E-05 0.492729 0.169171
0.190197 0.163608 0.0151037 0.452913 0.178178
0.0282557 9.9982E-05 0.921735 9.9982E-05 0.0498091
0.0191768 0.0315841 0.742735 0.1334 0.0731041
0.336742 9.9991E-05 0.0392639 0.359019 0.264875
0.0830097 0.0346208 0.0284563 0.728458 0.125455
9.9991E-05 0.0156725 0.860367 0.117353 0.00650811
0.0896358 0.22337 0.260215 0.323109 0.10367
0.157278 0.166872 9.9991E-05 0.492139 0.183611
0.135899 0.233232 0.158934 0.384432 0.0875029
0.131363 0.21057 0.288037 0.272633 0.0973982
9.9973E-05 0.0717775 0.927923 9.9973E-05 9.9973E-05
0.0164703 0.00134929 0.959 9.9991E-05 0.0230808
0.00157033 0.0065087 0.991721 9.9982E-05 9.9982E-05
0.0384834 0.0313595 0.904385 0.0256722 9.9991E-05
9.9973E-05 0.0260114 0.973689 9.9973E-05 9.9973E-05
9.9973E-05 9.9973E-05 0.966259 0.0334409 9.9973E-05
0.102544 0.194968 0.539505 0.0956182 0.0673646
0.168215 0.210446 0.262326 0.218979 0.140034
9.9973E-05 9.9973E-05 0.99658 9.9973E-05 0.00312019
0.152643 0.194911 0.249353 0.282407 0.120686
0.135833 0.168637 0.159518 0.426291 0.109721
0.547418 0.00669968 0.00150494 0.0259389 0.418439
0.560299 0.0130035 9.9991E-05 0.0235326 0.403065
0.553338 0.0139346 0.0126519 0.0400019 0.380074
0.534694 0.0156807 0.0167139 0.0124986 0.420413
0.54863 0.0134342 0.0391583 0.00159418 0.397184
0.542632 0.0239713 9.9991E-05 0.010999 0.422297
0.543058 0.0304817 9.9991E-05 0.0023192 0.424041
0.0424054 0.205112 9.9991E-05 0.605195 0.147188
0.0175472 0.219066 9.9991E-05 0.666834 0.0964525
0.230127 0.135521 9.9991E-05 0.306535 0.327717
0.208573 0.127824 9.9991E-05 0.325999 0.337504
0.0747235 0.00536189 0.889468 9.9991E-05 0.0303466
0.0211307 0.0718701 0.837462 0.0205593 0.048978
9.997E-05 9.997E-05 0.9996 9.997E-05 9.997E-05
9.9982E-05 0.00968281 9.9982E-05 0.0230447 0.967072
0.124503 9.9973E-05 9.9973E-05 9.9973E-05 0.875197
9.9973E-05 9.9973E-05 0.0249197 9.9973E-05 0.97478
0.132872 9.9973E-05 9.9973E-05 9.9973E-05 0.866828
0.0889384 0.00735661 0.0383679 0.403804 0.461533
0.338189 0.00555762 0.0667639 0.151156 0.438334
0.457765 0.0147741 0.00880055 0.085607 0.433053
0.141933 9.9973E-05 9.9973E-05 9.9973E-05 0.857767
0.148424 9.9973E-05 9.9973E-05 9.9973E-05 0.851276
9.997E-05 9.997E-05 9.997E-05 9.997E-05 0.9996
0.125443 9.9982E-05 0.00273263 9.9982E-05 0.871625
0.209577 0.113726 0.231378 0.392678 0.0526402
9.9982E-05 0.0111442 0.985766 9.9982E-05 0.00289033
0.0505693 0.19754 9.9991E-05 0.588135 0.163655
0.00705674 0.0565567 0.684748 0.192232 0.0594066
0.0902396 0.144246 0.027985 0.709956 0.0275734
9.9982E-05 9.9982E-05 0.0191186 0.0541497 0.926532
0.530738 0.0223603 0.012727 0.0515842 0.382591
0.151473 0.0105148 0.0612438 0.0367892 0.739979
0.0692397 0.223714 0.257379 0.316031 0.133635
0.153201 0.237891 0.150397 0.332287 0.126225
0.0556105 0.0182978 0.592104 0.333888 9.9991E-05
0.0209543 0.145154 9.9991E-05 0.80073 0.0330617
0.809116 0.0459544 0.0435324 0.00019629 0.101201
0.892308 0.010582 0.0459879 9.9991E-05 0.051022
0.996347 9.9973E-05 0.00335336 9.9973E-05 9.9973E-05
0.96671 0.0156369 9.9991E-05 0.00163441 0.0159187
0.9996 9.997E-05 9.997E-05 9.997E-05 9.997E-05
0.893522 0.0422918 0.0424241 9.9991E-05 0.0216619
0.0336342 0.23421 9.9991E-05 0.595228 0.136828
0.30746 0.102845 0.0988868 9.9991E-05 0.490708
0.076335 9.9991E-05 0.0494283 0.0233492 0.850787
9.997E-05 9.997E-05 9.997E-05 9.997E-05 0.9996
9.997E-05 9.997E-05 9.997E-05 9.997E-05 0.9996
0.109874 0.00316634 0.0205092 9.9991E-05 0.86635
0.9996 9.997E-05 9.997E-05 9.997E-05 9.997E-05
0.991701 9.9973E-05 0.00799916 9.9973E-05 9.9973E-05
0.661629 0.0125087 0.0301335 9.99958E-05 0.295629
0.724105 0.00369256 0.00689431 0.0457797 0.219529
0.959866 9.9973E-05 9.9973E-05 9.9973E-05 0.0398341
0.58401 9.9991E-05 0.0282341 0.0472829 0.340373
0.348606 9.9991E-05 0.345926 0.0591359 0.246231
0.0076956 0.0329797 0.843364 0.115861 9.9991E-05
0.0543925 9.9982E-05 0.788962 0.156445 9.9982E-05
0.00467171 0.048755 0.892797 0.0536766 9.9991E-05
9.9991E-05 0.0315473 0.963183 0.00175022 0.00341961
0.989789 9.99729E-05 9.99729E-05 0.00991108 9.99729E-05
0.9996 9.997E-05 9.997E-05 9.997E-05 9.997E-05
0.710584 0.0134138 0.0401981 0.014348 0.221456
0.870819 9.9982E-05 0.0105646 9.9982E-05 0.118416
0.983821 0.00214777 9.9982E-05 0.0138315 9.9982E-05
0.951427 0.0460945 0.00133584 0.00104261 9.9991E-05
0.9996 9.997E-05 9.997E-05 9.997E-05 9.997E-05
0.668972 0.0230899 0.00761803 0.0424771 0.257843
0.038745 0.0918145 0.0499834 0.790955 0.0285021
0.000540374 0.112042 9.9991E-05 0.861267 0.0260505
0.0505262 0.131265 9.9982E-05 0.818009 9.9982E-05
0.0920536 0.086696 9.9991E-05 0.787175 0.0339752
0.481232 9.9991E-05 0.019646 0.08665 0.412372
0.491211 9.9991E-05 0.0525296 0.0153769 0.440782
0.378407 9.9982E-05 9.9982E-05 0.0607495 0.560644
0.341564 9.9991E-05 0.00295091 0.0774985 0.577886
0.565272 0.105533 0.128363 0.0976415 0.103191
0.114026 0.117398 9.9991E-05 0.187495 0.58098
0.993941 9.99729E-05 9.99729E-05 0.00575898 9.99729E-05
0.618205 9.9982E-05 9.9982E-05 0.0570787 0.324517
0.559 0.024867 9.9991E-05 0.0863947 0.329638
0.0231519 0.110164 0.435922 0.308919 0.121843
0.0533714 0.179002 0.0154679 0.534464 0.217696
9.9982E-05 0.016884 0.914863 0.0680533 9.9982E-05
9.9973E-05 9.9973E-05 0.207391 0.792309 9.9973E-05
9.9982E-05 0.0243021 0.383633 0.591865 9.9982E-05
0.0411704 0.00625387 0.557854 0.394622 9.9991E-05
0.0517537 0.0860651 0.359158 0.4345 0.0685237
9.9973E-05 9.9973E-05 0.973195 0.0265048 9.9973E-05
0.0136213 9.9982E-05 0.964178 9.9982E-05 0.0220009
0.0600528 0.00346568 0.932548 9.9991E-05 0.00383372
0.00803366 0.0190523 0.921856 0.0403936 0.0106644
0.506876 0.0789933 0.111808 0.167685 0.134637
0.312853 0.0490009 0.435197 0.124282 0.078667
0.368626 0.0393466 0.294313 0.0386807 0.259034
0.56051 0.0807595 0.0367798 0.1036 0.21835
0.0858751 0.0807589 0.541252 0.22775 0.0643641
0.00843891 0.0315066 0.959855 9.9982E-05 9.9982E-05
0.481186 0.026379 9.9991E-05 0.0357356 0.456599
0.0393435 0.10127 0.744006 0.11528 9.9991E-05
9.9973E-05 9.9973E-05 0.238695 0.761006 9.9973E-05
9.9973E-05 9.9973E-05 0.122947 0.876753 9.9973E-05
9.997E-05 9.997E-05 0.9996 9.997E-05 9.997E-05
0.147796 0.545685 0.140711 0.122041 0.0437675
0.0265595 9.9991E-05 0.519399 0.432756 0.0211851
9.9973E-05 9.9973E-05 0.180642 0.819058 9.9973E-05
0.0413831 0.0367946 0.700681 0.221041 9.9991E-05
0.116609 0.553722 0.123412 0.168573 0.0376841
9.9973E-05 0.980292 0.0194078 9.9973E-05 9.9973E-05
0.134265 9.9991E-05 0.0264091 0.00412009 0.835106
0.00883119 0.00896979 0.175616 0.745082 0.0615012
0.224366 0.173027 9.9991E-05 0.435913 0.166594
0.0564112 0.207787 0.0190082 0.548709 0.168085
0.0368305 0.191011 0.0637845 0.557328 0.151046
9.9973E-05 9.9973E-05 0.093638 0.906062 9.9973E-05
9.9982E-05 9.9982E-05 0.0260324 0.0331431 0.940625
0.321426 0.128314 0.0169886 0.256026 0.277245
9.9982E-05 0.0979216 9.9982E-05 0.854481 0.0473975
9.99729E-05 9.99729E-05 0.130995 0.868705 9.99729E-05
0.0121804 0.145445 9.9991E-05 0.801044 0.0412298
0.180494 0.172176 9.9991E-05 0.460681 0.186549
0.210986 0.149284 9.9991E-05 0.464027 0.175603
0.242862 0.0184705 0.0712127 0.175373 0.492082
0.127069 0.027242 0.0712898 0.0812299 0.693169
0.244637 0.105184 0.0166975 0.310191 0.32329
0.0527544 0.206549 9.9991E-05 0.542706 0.197891
9.99729E-05 9.99729E-05 0.148137 0.851563 9.99729E-05
9.9973E-05 9.9973E-05 0.127321 0.872379 9.9973E-05
0.079502 0.204023 0.401401 0.233034 0.0820393
0.228296 0.0633591 0.0510974 0.226896 0.430352
0.0478397 0.196576 9.9991E-05 0.584528 0.170956
9.9982E-05 0.00830233 0.990109 9.9982E-05 0.00138889
0.200884 0.126212 0.0137539 0.292434 0.366716
0.152982 0.0717262 0.363638 0.26967 0.141984
0.323804 0.185407 0.0731744 0.0460697 0.371545
0.0813477 0.159677 0.531586 0.163032 0.0643571
9.9991E-05 0.120711 0.00754176 0.824183 0.0474639
0.105145 0.23481 0.160896 0.426564 0.0725845
0.0175708 9.9973E-05 0.982129 9.9973E-05 9.9973E-05
0.0664164 9.9973E-05 0.933284 9.9973E-05 9.9973E-05
9.9973E-05 9.9973E-05 0.102935 0.896765 9.9973E-05
9.9973E-05 0.00171775 0.997982 9.9973E-05 9.9973E-05
0.119098 0.105454 0.6165 0.0850649 0.0738836
0.0163076 0.053351 0.878249 0.0310687 0.021024
9.9982E-05 9.9982E-05 0.832233 0.13958 0.027988
0.171604 0.192098 9.9991E-05 0.464242 0.171956
0.101287 9.9982E-05 0.0394693 9.9982E-05 0.859044
0.050209 9.9973E-05 9.9973E-05 9.9973E-05 0.949491
9.99731E-05 9.99731E-05 0.203313 0.796387 9.99731E-05
0.12099 9.9973E-05 9.9973E-05 9.9973E-05 0.87871
0.0173963 0.932169 0.0418521 9.9991E-05 0.00848285
9.9973E-05 0.978131 0.0215687 9.9973E-05 9.9973E-05
0.00818 0.494684 0.219439 0.0810031 0.196694
0.021451 9.9991E-05 0.826813 0.0831755 0.06846
9.997E-05 0.9996 9.997E-05 9.997E-05 9.997E-05
0.00780418 0.991896 9.9973E-05 9.9973E-05 9.9973E-05
9.997E-05 0.9996 9.997E-05 9.997E-05 9.997E-05
9.9973E-05 0.982801 0.0168987 9.9973E-05 9.9973E-05
9.997E-05 0.9996 9.997E-05 9.997E-05 9.997E-05
9.9973E-05 9.9973E-05 0.073617 0.926083 9.9973E-05
9.9982E-05 0.209866 9.9982E-05 0.604235 0.185699
0.0875754 0.108382 9.9991E-05 0.800657 0.00328536
0.014065 0.0929491 9.9991E-05 0.864418 0.0284681
9.9982E-05 9.9982E-05 0.551802 0.446242 0.0017553
9.9982E-05 0.00822478 0.121406 0.87017 9.9982E-05
0.0117887 0.216319 9.9991E-05 0.577495 0.194298
0.0822451 0.15637 9.9991E-05 0.753099 0.00818581
9.9982E-05 0.0753733 9.9982E-05 0.846963 0.0774633
0.0495145 0.181278 9.9991E-05 0.686519 0.0825888
9.9982E-05 0.973064 9.9982E-05 0.0202268 0.00650886
0.0771879 9.9991E-05 0.210189 0.611254 0.101268
0.0289473 0.0202941 0.845755 0.0858243 0.0191792
9.9991E-05 0.0397163 0.900025 0.0291842 0.0309741
0.102755 0.0630367 0.744461 0.0821614 0.00758615
9.99729E-05 9.99729E-05 0.15931 0.84039 9.99729E-05
9.9982E-05 0.0241443 0.0856885 0.889967 9.9982E-05
0.109407 9.9973E-05 9.9973E-05 9.9973E-05 0.890293
0.218951 0.0349467 0.250738 0.335124 0.16024
0.0276977 0.074447 0.00464225 0.850983 0.0422298
