0.77264 0.0348758 9.99459E-05 0.183516 9.99459E-05 9.99459E-05 9.99459E-05 9.99459E-05 9.99459E-05 0.0083678
0.795403 9.99369E-05 9.99369E-05 9.99369E-05 9.99369E-05 9.99369E-05 0.0371422 9.99369E-05 0.166755 9.99369E-05
0.593428 9.9982E-05 9.9982E-05 0.0065549 0.00740252 0.00796906 0.0938274 0.0287635 0.217688 0.044167
0.800927 0.0411246 9.99369E-05 0.157249 9.99369E-05 9.99369E-05 9.99369E-05 9.99369E-05 9.99369E-05 9.99369E-05
9.9946E-05 9.9946E-05 9.9946E-05 9.9946E-05 0.0370699 0.0121464 9.9946E-05 0.0882064 0.861978 9.9946E-05
0.768117 9.99369E-05 9.99369E-05 9.99369E-05 9.99369E-05 9.99369E-05 0.0632633 9.99369E-05 0.16792 9.99369E-05
0.0254331 0.453599 0.00657119 0.000138693 0.513758 9.9955E-05 9.9955E-05 9.9955E-05 9.9955E-05 9.9955E-05
0.0205958 9.9937E-05 9.9937E-05 0.00802698 0.970678 9.9937E-05 9.9937E-05 9.9937E-05 9.9937E-05 9.9937E-05
9.9955E-05 9.9955E-05 0.00490592 0.020872 0.942017 0.00435363 0.027352 9.9955E-05 9.9955E-05 9.9955E-05
9.9955E-05 9.9955E-05 9.9955E-05 9.9955E-05 0.971063 0.00998542 0.00322156 0.0136508 0.00157916 9.9955E-05
0.014764 0.131987 9.9973E-05 0.0118253 9.9973E-05 9.9973E-05 0.0185633 0.0199076 0.0308146 0.771838
9.9946E-05 0.0357594 9.9946E-05 0.0602034 0.0087053 9.9946E-05 9.9946E-05 9.9946E-05 9.9946E-05 0.894732
9.99461E-05 0.0674779 9.99461E-05 0.0214435 0.0273616 9.99461E-05 9.99461E-05 9.99461E-05 9.99461E-05 0.883117
9.99371E-05 0.0839966 9.99371E-05 9.99371E-05 9.99371E-05 9.99371E-05 9.99371E-05 0.0137628 9.99371E-05 0.901541
0.0145534 0.0182676 0.798961 0.123525 0.00772921 0.020101 9.9973E-05 0.0165633 9.9973E-05 9.9973E-05
9.99371E-05 9.99371E-05 0.00980675 9.99371E-05 0.986805 9.99371E-05 9.99371E-05 0.00268915 9.99371E-05 9.99371E-05
9.9937E-05 0.886865 9.9937E-05 0.0740358 0.0383994 9.9937E-05 9.9937E-05 9.9937E-05 9.9937E-05 9.9937E-05
0.0310954 9.99551E-05 0.865747 0.00303292 0.00287372 9.99551E-05 9.99551E-05 9.99551E-05 9.99551E-05 0.0967509
0.0112327 9.9973E-05 0.548641 0.152557 0.0138648 0.0270607 9.9973E-05 0.0462106 9.9973E-05 0.200133
9.9955E-05 0.0199586 0.347228 9.9955E-05 0.0236037 0.020648 9.9955E-05 9.9955E-05 9.9955E-05 0.588062
9.9955E-05 9.9955E-05 0.796663 0.0660532 0.0358532 9.9955E-05 9.9955E-05 0.0713089 9.9955E-05 0.0296221
9.9964E-05 9.9964E-05 0.0652173 0.0167171 0.00826561 0.00346268 0.00981694 9.9964E-05 9.9964E-05 0.896121
0.0372846 0.00494843 0.888169 9.9955E-05 0.0122431 9.9955E-05 9.9955E-05 9.9955E-05 9.9955E-05 0.0568552
9.99549E-05 9.99549E-05 0.0960587 0.0573098 0.0166925 9.99549E-05 0.0287079 9.99549E-05 9.99549E-05 0.800731
0.037527 9.9946E-05 0.0429787 0.0167811 9.9946E-05 9.9946E-05 9.9946E-05 9.9946E-05 9.9946E-05 0.902113
0.0275795 0.0242185 0.927052 9.9955E-05 9.9955E-05 9.9955E-05 9.9955E-05 0.0191783 9.9955E-05 0.00147176
9.9937E-05 9.9937E-05 0.860243 9.9937E-05 0.0148932 9.9937E-05 9.9937E-05 9.9937E-05 9.9937E-05 0.124164
0.0373719 9.9964E-05 0.587935 9.9964E-05 9.9964E-05 0.0309944 0.0308599 0.0463464 9.9964E-05 0.266092
9.9955E-05 9.9955E-05 0.897836 9.9955E-05 0.0249781 0.0256724 0.0161937 9.9955E-05 9.9955E-05 0.0348199
0.00290026 9.9982E-05 0.905521 0.00221612 9.9982E-05 0.00165769 0.013644 0.0219578 0.00311331 0.0487899
9.9955E-05 9.9955E-05 0.0158857 0.0261412 9.9955E-05 0.0109069 0.0143105 9.9955E-05 9.9955E-05 0.932256
9.99281E-05 0.197857 9.99281E-05 9.99281E-05 9.99281E-05 9.99281E-05 9.99281E-05 9.99281E-05 9.99281E-05 0.801343
0.0433619 9.9937E-05 0.85587 9.9937E-05 9.9937E-05 9.9937E-05 9.9937E-05 9.9937E-05 9.9937E-05 0.100068
9.9955E-05 9.9955E-05 0.160328 0.0227015 0.0198515 9.9955E-05 9.9955E-05 0.0493336 9.9955E-05 0.747286
0.0114909 9.9955E-05 0.919591 9.9955E-05 0.0126455 9.9955E-05 9.9955E-05 9.9955E-05 0.0057306 0.0500422
9.9937E-05 9.9937E-05 0.0104901 9.9937E-05 9.9937E-05 9.9937E-05 9.9937E-05 0.0176914 9.9937E-05 0.971119
9.9937E-05 9.9937E-05 0.8897 9.9937E-05 9.9937E-05 9.9937E-05 9.9937E-05 9.9937E-05 0.0291943 0.080406
9.9946E-05 9.9946E-05 0.037516 0.0120783 9.9946E-05 0.0292536 9.9946E-05 9.9946E-05 9.9946E-05 0.920552
9.9955E-05 9.9955E-05 9.9955E-05 0.62787 9.9955E-05 0.064264 0.100704 0.0902019 0.116461 9.9955E-05
0.0104063 9.9937E-05 9.9937E-05 9.9937E-05 9.9937E-05 9.9937E-05 0.355478 9.9937E-05 0.633416 9.9937E-05
9.99371E-05 0.178765 9.99371E-05 9.99371E-05 9.99371E-05 9.99371E-05 9.99371E-05 9.99371E-05 0.0964367 0.724099
9.99371E-05 0.000917853 0.924905 9.99371E-05 9.99371E-05 9.99371E-05 9.99371E-05 9.99371E-05 9.99371E-05 0.0734772
9.9955E-05 9.9955E-05 0.0206419 0.00768468 9.9955E-05 0.0217374 0.00200435 9.9955E-05 9.9955E-05 0.947432
0.0308299 0.292354 9.9964E-05 0.0289799 9.9964E-05 0.05119 0.580815 9.9964E-05 9.9964E-05 0.0154312
0.00828275 9.9973E-05 0.56461 0.117444 0.0347463 0.0282762 9.9973E-05 0.0296947 9.9973E-05 0.216645
0.0476667 0.100284 0.352816 9.9973E-05 0.0279654 0.0174411 9.9973E-05 0.00388234 9.9973E-05 0.449645
0.00831987 9.9973E-05 0.831071 0.028011 0.0376861 0.0219592 9.9973E-05 9.9973E-05 0.0119183 0.0607343
0.666461 9.99369E-05 9.99369E-05 9.99369E-05 9.99369E-05 9.99369E-05 0.107341 9.99369E-05 0.225498 9.99369E-05
0.0306317 9.9964E-05 9.9964E-05 0.0454334 9.9964E-05 0.461777 0.260971 0.0846738 0.116113 9.9964E-05
0.01268 0.225331 9.9946E-05 0.759864 9.9946E-05 9.9946E-05 9.9946E-05 0.00152557 9.9946E-05 9.9946E-05
0.00934065 0.0438709 9.9955E-05 0.768554 9.9955E-05 9.9955E-05 9.9955E-05 0.013548 9.9955E-05 0.164187
0.0660902 0.0606477 9.99549E-05 0.668459 9.99549E-05 9.99549E-05 9.99549E-05 0.0412492 9.99549E-05 0.163054
0.0268148 0.0569224 9.99459E-05 0.897099 9.99459E-05 9.99459E-05 9.99459E-05 9.99459E-05 9.99459E-05 0.0185644
0.0261355 0.0104969 0.0176479 9.9964E-05 0.930665 9.9964E-05 9.9964E-05 9.9964E-05 0.00834373 0.00631075
0.0179609 9.9946E-05 9.9946E-05 0.00701205 0.953241 9.9946E-05 9.9946E-05 9.9946E-05 9.9946E-05 0.0211859
9.99461E-05 0.468519 0.0123005 9.99461E-05 0.0284132 9.99461E-05 9.99461E-05 9.99461E-05 9.99461E-05 0.490167
9.9955E-05 9.9955E-05 0.0530731 0.000375317 0.0200019 9.9955E-05 9.9955E-05 0.00720121 9.9955E-05 0.918849
0.0154465 9.99549E-05 0.15873 0.0397744 9.99549E-05 9.99549E-05 9.99549E-05 0.73784 9.99549E-05 0.0477094
0.0824463 9.9937E-05 9.9937E-05 9.9937E-05 9.9937E-05 9.9937E-05 9.9937E-05 0.0980034 0.818851 9.9937E-05
9.9955E-05 9.9955E-05 0.00213488 9.9955E-05 9.9955E-05 0.18808 0.213589 0.277067 0.31863 9.9955E-05
9.9946E-05 0.941731 9.9946E-05 0.031345 9.9946E-05 9.9946E-05 0.0213674 0.00495675 9.9946E-05 9.9946E-05
9.9973E-05 0.648686 0.0271001 0.266725 0.0218793 0.00202945 9.9973E-05 9.9973E-05 0.0253085 0.00797174
0.0752621 0.65992 9.9973E-05 0.185444 0.00390865 0.047253 0.00526523 9.9973E-05 9.9973E-05 0.0226476
9.9946E-05 9.9946E-05 9.9946E-05 0.0130598 0.978104 9.9946E-05 9.9946E-05 0.00407324 9.9946E-05 0.00416292
9.9937E-05 9.9937E-05 9.9937E-05 9.9937E-05 9.9937E-05 9.9937E-05 0.107425 0.175929 0.715946 9.9937E-05
9.9928E-05 0.982074 9.9928E-05 9.9928E-05 9.9928E-05 0.0171262 9.9928E-05 9.9928E-05 9.9928E-05 9.9928E-05
0.0154722 9.9964E-05 9.9964E-05 0.720753 9.9964E-05 0.013133 0.057268 0.143187 0.0497871 9.9964E-05
9.9937E-05 0.0290014 0.0249053 9.9937E-05 9.9937E-05 9.9937E-05 9.9937E-05 9.9937E-05 9.9937E-05 0.945394
9.99371E-05 0.0467985 9.99371E-05 9.99371E-05 0.00943358 9.99371E-05 9.99371E-05 9.99371E-05 9.99371E-05 0.943068
9.9964E-05 0.00755765 0.0327856 0.0885332 0.807448 0.024666 9.9964E-05 9.9964E-05 0.0386094 9.9964E-05
9.9964E-05 9.9964E-05 0.0223874 0.0945954 0.795221 0.0254355 9.9964E-05 9.9964E-05 0.0300542 0.0319062
0.00853681 0.0409631 0.0414094 0.0311026 0.853236 0.0243525 9.9964E-05 9.9964E-05 9.9964E-05 9.9964E-05
9.9937E-05 0.0100394 9.9937E-05 9.9937E-05 0.954072 9.9937E-05 9.9937E-05 9.9937E-05 0.0351891 9.9937E-05
9.9937E-05 9.9937E-05 9.9937E-05 0.0190791 0.979154 9.9937E-05 9.9937E-05 9.9937E-05 9.9937E-05 0.00106763
9.9946E-05 0.00990151 0.00189593 9.9946E-05 0.98635 9.9946E-05 9.9946E-05 9.9946E-05 0.00125329 9.9946E-05
9.9946E-05 0.0144514 0.00356534 0.0145705 0.966813 9.9946E-05 9.9946E-05 9.9946E-05 9.9946E-05 9.9946E-05
9.9955E-05 9.9955E-05 0.000379824 9.9955E-05 0.980173 9.9955E-05 9.9955E-05 0.0015003 0.0041542 0.0132932
0.000346581 0.0139434 9.9964E-05 0.00356378 0.955387 9.9964E-05 0.0180429 9.9964E-05 9.9964E-05 0.00831648
9.9937E-05 9.9937E-05 9.9937E-05 9.9937E-05 0.984061 9.9937E-05 0.00369153 0.0115482 9.9937E-05 9.9937E-05
9.9982E-05 0.0133332 0.0138948 0.00820482 0.936962 0.00413287 0.00697364 0.00974738 0.00655147 9.9982E-05
9.9982E-05 0.00263964 9.9982E-05 0.00478489 0.92954 0.00186078 0.00855362 0.0325412 0.0147621 0.00511808
9.9955E-05 9.9955E-05 0.0156592 9.9955E-05 0.936441 9.9955E-05 9.9955E-05 0.00476173 0.0162057 0.0264331
0.00364093 9.9964E-05 0.412565 9.9964E-05 0.542144 9.9964E-05 9.9964E-05 0.00665346 0.000728493 0.0338686
9.99371E-05 9.99371E-05 0.416069 9.99371E-05 0.564161 9.99371E-05 9.99371E-05 9.99371E-05 9.99371E-05 0.0190701
0.00574639 9.99408E-05 9.99408E-05 9.99408E-05 0.987933 9.99408E-05 9.99408E-05 0.00562073 9.99408E-05 9.99408E-05
0.0141666 9.9937E-05 9.9937E-05 0.0487265 0.936407 9.9937E-05 9.9937E-05 9.9937E-05 9.9937E-05 9.9937E-05
0.0412749 0.0139449 9.9946E-05 0.0291198 0.915061 9.9946E-05 9.9946E-05 9.9946E-05 9.9946E-05 9.9946E-05
0.00247583 9.9973E-05 0.0168938 0.0182114 0.917814 0.0202087 9.9973E-05 9.9973E-05 0.0163504 0.00774608
0.000870107 9.99284E-05 9.99284E-05 9.99284E-05 0.99833 9.99284E-05 9.99284E-05 9.99284E-05 9.99284E-05 9.99284E-05
9.99371E-05 9.99371E-05 0.441252 9.99371E-05 0.551718 9.99371E-05 9.99371E-05 9.99371E-05 9.99371E-05 0.00633049
9.9973E-05 0.013434 0.0289068 0.0328052 0.844138 0.0580982 0.00784157 9.9973E-05 9.9973E-05 0.0144764
9.9964E-05 0.0459856 9.9964E-05 9.9964E-05 0.932729 0.0064916 0.00787964 9.9964E-05 0.00524578 0.0012682
9.9946E-05 0.0145319 9.9946E-05 0.029375 0.947418 9.9946E-05 9.9946E-05 9.9946E-05 9.9946E-05 0.00807542
0.0121433 9.9955E-05 9.9955E-05 0.0207306 0.928354 9.9955E-05 0.0270337 9.9955E-05 0.0112389 9.9955E-05
9.9973E-05 0.0069581 0.0262067 0.0451753 0.895799 0.0203677 9.9973E-05 9.9973E-05 0.00484501 0.000348298
0.0111903 9.9946E-05 9.9946E-05 0.0253102 0.950252 9.9946E-05 9.9946E-05 9.9946E-05 9.9946E-05 0.0126474
0.244511 0.175397 0.546374 9.99459E-05 9.99459E-05 9.99459E-05 9.99459E-05 9.99459E-05 0.0331175 9.99459E-05
0.0620507 9.9937E-05 9.9937E-05 9.9937E-05 0.919448 9.9937E-05 9.9937E-05 0.0178022 9.9937E-05 9.9937E-05
0.02066 9.9937E-05 9.9937E-05 0.0101761 0.968464 9.9937E-05 9.9937E-05 9.9937E-05 9.9937E-05 9.9937E-05
0.00190227 0.0216357 0.0585509 0.0280257 0.715983 0.0150939 0.101584 0.0281191 0.00243436 0.0266702
9.99201E-05 9.99201E-05 9.99201E-05 9.99201E-05 0.999101 9.99201E-05 9.99201E-05 9.99201E-05 9.99201E-05 9.99201E-05
9.9937E-05 0.00731813 9.9937E-05 9.9937E-05 0.990426 9.9937E-05 9.9937E-05 9.9937E-05 0.00155581 9.9937E-05
0.0107889 9.9946E-05 9.9946E-05 9.9946E-05 0.964905 9.9946E-05 9.9946E-05 0.0216319 9.9946E-05 0.00207439
9.9955E-05 9.9955E-05 0.0253043 9.9955E-05 0.948731 9.9955E-05 9.9955E-05 0.00199071 0.0139327 0.00954185
0.0152621 0.00301456 0.894206 9.9982E-05 0.0371441 0.02071 0.0132918 0.00270138 9.9982E-05 0.01347
9.99201E-05 9.99201E-05 9.99201E-05 9.99201E-05 0.999101 9.99201E-05 9.99201E-05 9.99201E-05 9.99201E-05 9.99201E-05
9.9937E-05 9.9937E-05 9.9937E-05 0.0446165 0.952362 0.00232152 9.9937E-05 9.9937E-05 9.9937E-05 9.9937E-05
9.9928E-05 9.9928E-05 9.9928E-05 9.9928E-05 0.987842 0.011359 9.9928E-05 9.9928E-05 9.9928E-05 9.9928E-05
0.0800918 0.107386 0.599529 9.9946E-05 9.9946E-05 9.9946E-05 9.9946E-05 9.9946E-05 9.9946E-05 0.212394
9.99551E-05 9.99551E-05 0.0200378 0.0257317 0.9092 9.99551E-05 9.99551E-05 0.0084362 0.0360947 9.99551E-05
9.9937E-05 9.9937E-05 9.9937E-05 0.0325588 0.937947 9.9937E-05 9.9937E-05 9.9937E-05 9.9937E-05 0.0287942
0.0239562 9.9946E-05 0.00103115 9.9946E-05 0.963195 9.9946E-05 0.0112177 9.9946E-05 9.9946E-05 9.9946E-05
0.007682 9.9937E-05 9.9937E-05 9.9937E-05 0.986479 9.9937E-05 9.9937E-05 9.9937E-05 9.9937E-05 0.00513948
9.9955E-05 9.9955E-05 0.630635 0.0422154 0.0149658 9.9955E-05 9.9955E-05 0.0512792 9.9955E-05 0.260405
9.9937E-05 9.9937E-05 9.9937E-05 9.9937E-05 0.987491 0.00117657 0.0106332 9.9937E-05 9.9937E-05 9.9937E-05
0.0805921 9.9955E-05 0.00860323 0.011065 0.87586 9.9955E-05 0.0233794 9.9955E-05 9.9955E-05 9.9955E-05
9.99461E-05 0.000959141 0.46064 9.99461E-05 0.520138 9.99461E-05 9.99461E-05 9.99461E-05 9.99461E-05 0.0176633
9.9955E-05 9.9955E-05 0.000330648 9.9955E-05 0.992015 9.9955E-05 0.00535674 0.00122029 9.9955E-05 0.000577385
9.9955E-05 0.0144921 0.192946 9.9955E-05 0.019054 9.9955E-05 9.9955E-05 0.0571679 9.9955E-05 0.71584
9.9946E-05 9.9946E-05 0.250579 9.9946E-05 9.9946E-05 9.9946E-05 9.9946E-05 0.0553187 0.0133755 0.680128
0.0118946 9.9973E-05 0.017552 0.0336208 0.0217524 9.9973E-05 0.046052 0.00554019 9.9973E-05 0.863288
9.9955E-05 0.0520878 0.87264 9.9955E-05 0.0321964 9.9955E-05 0.0177428 9.9955E-05 9.9955E-05 0.0248329
9.9982E-05 0.765844 0.00415358 0.106627 0.0434252 0.0202797 9.9982E-05 0.021941 0.0219065 0.015623
0.0118494 0.0039136 0.0777379 9.9964E-05 0.020913 9.9964E-05 0.0441806 9.9964E-05 9.9964E-05 0.841006
0.02048 0.368068 0.219679 9.9982E-05 9.9982E-05 0.0206012 0.00659567 0.0315591 0.0151678 0.317649
0.0125311 9.9964E-05 0.161033 9.9964E-05 0.0369 0.0328099 9.9964E-05 9.9964E-05 0.00950416 0.746822
0.00960927 0.0262652 0.273071 9.9973E-05 9.9973E-05 0.0217188 9.9973E-05 0.011037 0.0190114 0.638987
9.9973E-05 0.0189481 0.208261 0.0188644 0.00738767 0.0396669 9.9973E-05 0.0103571 9.9973E-05 0.696215
0.012586 0.0345852 0.280981 9.9982E-05 9.9982E-05 0.0318945 0.016963 0.0201845 0.0339604 0.568646
0.014693 9.9973E-05 0.313757 9.9973E-05 0.0191307 0.0251857 9.9973E-05 0.0118127 0.0456894 0.569431
9.9946E-05 9.9946E-05 9.9946E-05 9.9946E-05 0.0359206 9.9946E-05 9.9946E-05 0.0178429 0.0258708 0.919766
9.9955E-05 0.115456 9.9955E-05 9.9955E-05 0.0391596 9.9955E-05 0.00400164 9.9955E-05 0.0227094 0.818173
9.99551E-05 0.100804 9.99551E-05 9.99551E-05 0.0202407 9.99551E-05 0.0362223 9.99551E-05 0.00457904 0.837654
0.000261179 0.010955 0.709816 0.0189107 0.041745 0.0215461 0.00645293 0.0725066 9.9991E-05 0.117706
9.9937E-05 0.00510639 9.9937E-05 9.9937E-05 9.9937E-05 9.9937E-05 0.974042 0.0201519 9.9937E-05 9.9937E-05
0.0189106 9.9946E-05 9.9946E-05 9.9946E-05 0.0218052 9.9946E-05 0.906537 0.0521472 9.9946E-05 9.9946E-05
9.9955E-05 9.9955E-05 9.9955E-05 0.0678557 9.9955E-05 0.0252921 0.241279 0.0775432 0.587531 9.9955E-05
0.00547076 0.352078 0.315668 0.0195763 0.102425 0.0309401 0.0236038 0.066834 9.9991E-05 0.0833036
0.035047 9.99459E-05 9.99459E-05 0.0576411 9.99459E-05 9.99459E-05 0.900957 0.00575509 9.99459E-05 9.99459E-05
0.0579295 9.9964E-05 0.00879685 0.0285188 0.0117667 9.9964E-05 0.855675 0.0369138 9.9964E-05 9.9964E-05
0.0218198 0.239228 0.120024 9.9982E-05 0.131333 9.9982E-05 0.0372186 0.000677883 0.0431561 0.406342
9.9955E-05 0.0182277 9.9955E-05 9.9955E-05 9.9955E-05 0.23516 0.22109 0.148827 0.376196 9.9955E-05
9.9973E-05 0.0345818 0.0118315 9.9973E-05 9.9973E-05 0.306411 0.124636 0.136064 0.382141 0.00403395
0.027891 0.0160719 9.9973E-05 0.0217893 9.9973E-05 0.330657 0.0789289 0.0934683 0.430894 9.9973E-05
9.9982E-05 0.0209382 0.0311358 0.0640671 0.0166416 0.572879 9.9982E-05 0.0529824 0.240658 0.000497632
9.9973E-05 0.0292958 0.00249016 0.0796748 0.0021311 0.586461 9.9973E-05 0.0457792 0.253868 9.9973E-05
0.0345929 9.9982E-05 0.0379733 0.0219613 9.9982E-05 0.384497 0.0731448 0.0222434 0.404075 0.0213125
0.0401051 0.732965 9.99459E-05 0.203858 9.99459E-05 0.0224724 9.99459E-05 9.99459E-05 9.99459E-05 9.99459E-05
9.9946E-05 9.9946E-05 0.0489035 9.9946E-05 9.9946E-05 0.0266106 0.296215 9.9946E-05 0.627671 9.9946E-05
9.9955E-05 9.9955E-05 0.885591 0.075824 0.0192256 9.9955E-05 0.0160076 9.9955E-05 9.9955E-05 0.00285191
0.00603728 9.9964E-05 0.920761 9.9964E-05 0.0131925 9.9964E-05 0.0217246 9.9964E-05 0.015885 0.0219996
0.0295287 9.9964E-05 0.0311937 9.9964E-05 0.00979618 9.9964E-05 0.0632141 0.06297 0.802898 9.9964E-05
0.00500497 0.136001 0.214049 0.0788696 0.146087 0.0291135 0.0487926 0.0685702 0.122574 0.150938
0.0268732 0.766363 0.0695725 0.0411637 9.9982E-05 0.00471603 0.0482094 0.0282767 9.9982E-05 0.0146255
0.0116428 0.168166 9.9964E-05 9.9964E-05 9.9964E-05 0.0105523 0.0567004 9.9964E-05 0.0495808 0.702958
0.0451848 0.0357796 0.80343 9.9964E-05 0.0227248 0.0249525 9.9964E-05 9.9964E-05 9.9964E-05 0.0675287
9.99551E-05 0.167389 9.99551E-05 9.99551E-05 9.99551E-05 0.0679471 0.234241 9.99551E-05 0.0194734 0.51045
9.9973E-05 0.819146 0.0555836 0.0246756 0.00176153 0.0187299 0.0452632 0.0345407 9.9973E-05 9.9973E-05
0.0544503 0.0120915 0.0540174 9.9973E-05 0.00807409 0.162653 0.696537 9.9973E-05 9.9973E-05 0.0118768
9.9955E-05 0.841432 9.9955E-05 0.0982579 0.0100992 9.9955E-05 0.0135247 0.0361866 9.9955E-05 9.9955E-05
9.99738E-05 9.99738E-05 0.0999846 0.358153 0.0298982 0.00654578 0.0286186 0.353973 9.99738E-05 0.122527
0.0206542 0.0295633 0.934842 9.9964E-05 0.00855949 0.0044851 9.9964E-05 9.9964E-05 9.9964E-05 0.00149567
9.9955E-05 0.0525607 0.0111476 9.9955E-05 0.026386 9.9955E-05 0.291377 9.9955E-05 0.618029 9.9955E-05
0.023232 0.0687898 9.9964E-05 9.9964E-05 9.9964E-05 0.00380324 9.9964E-05 0.0081425 0.427443 0.46819
9.9955E-05 9.9955E-05 0.0471975 9.9955E-05 0.0204344 0.0268197 9.9955E-05 9.9955E-05 0.884889 0.0201597
0.240804 0.356946 0.0233647 9.9982E-05 0.0292025 0.0246417 0.0387583 9.9982E-05 0.00320295 0.28288
9.9946E-05 9.9946E-05 9.9946E-05 0.0104137 0.00680082 0.0123836 9.9946E-05 9.9946E-05 0.969802 9.9946E-05
9.9946E-05 0.906863 0.0103099 9.9946E-05 9.9946E-05 9.9946E-05 9.9946E-05 9.9946E-05 0.0333376 0.0488903
9.9964E-05 0.0656241 0.0133133 9.9964E-05 0.0517292 9.9964E-05 9.9964E-05 0.0195079 0.80814 0.041286
0.0252955 0.0639578 0.0307208 0.012703 0.0377508 9.9973E-05 9.9973E-05 9.9973E-05 0.82898 0.000292043
0.0594758 0.0175671 0.821934 9.9973E-05 0.0081322 9.9973E-05 0.00495717 9.9973E-05 0.0571124 0.0305213
0.0126827 0.0660402 0.392735 0.0444026 9.9982E-05 9.9982E-05 0.275486 0.0480172 0.0432929 0.117143
0.0332335 0.245796 0.324832 9.9982E-05 0.0227677 0.0332817 0.0235469 9.9982E-05 0.0551515 0.261191
0.0388911 0.00552867 0.0348328 0.00301785 0.0126452 0.808023 9.9991E-05 0.0202824 0.0600217 0.0166574
0.00271742 0.0252221 9.9964E-05 9.9964E-05 9.9964E-05 0.895198 9.9964E-05 0.0417844 0.0162746 0.0184038
0.0313633 0.0393557 9.9973E-05 9.9973E-05 0.0016272 0.849696 9.9973E-05 0.0715765 0.00221063 0.0038705
0.00231645 0.0123002 0.00871794 0.0424069 0.000809259 0.839995 9.9991E-05 0.0731013 0.00330625 0.0169471
0.0119335 9.9937E-05 0.951931 9.9937E-05 9.9937E-05 9.9937E-05 9.9937E-05 0.0354362 9.9937E-05 9.9937E-05
9.9964E-05 9.9964E-05 0.88896 0.0227232 0.00569954 9.9964E-05 9.9964E-05 0.0689791 0.0127915 0.000446787
0.0462743 0.00631253 0.740453 0.0692958 0.017511 0.0269641 9.9982E-05 0.00292622 9.9982E-05 0.0900634
0.0489101 0.0110383 9.9964E-05 0.0567876 9.9964E-05 0.403642 0.180804 9.9964E-05 0.298417 9.9964E-05
0.0504723 0.161515 0.1986 0.0593806 0.100459 0.0712788 9.9991E-05 0.0975869 0.146495 0.114113
9.9964E-05 9.9964E-05 0.346942 0.194447 0.123673 0.0374065 9.9964E-05 0.280308 9.9964E-05 0.0168232
0.0347984 9.9973E-05 0.718733 0.0680294 0.0221715 9.9973E-05 9.9973E-05 0.0546362 0.000814619 0.100517
0.0154806 9.9973E-05 0.608798 0.0628871 0.0916454 9.9973E-05 0.0139191 0.138495 9.9973E-05 0.0684755
9.9964E-05 9.9964E-05 0.732746 0.0473584 0.026195 0.0311218 0.0168602 0.145319 9.9964E-05 9.9964E-05
9.9973E-05 9.9973E-05 0.43862 0.0974943 0.128194 9.9973E-05 0.0389803 0.258039 0.000340476 0.0380323
0.0660218 0.0163892 0.0210643 0.742834 9.9982E-05 0.0319209 0.0671044 9.9982E-05 0.0201565 0.0343088
0.00065677 0.054355 0.0239665 0.0148769 0.00173128 9.9973E-05 9.9973E-05 0.0423 9.9973E-05 0.861814
0.0344215 0.159635 0.218495 9.9964E-05 0.0389946 0.0130399 9.9964E-05 9.9964E-05 9.9964E-05 0.535015
0.0394193 9.9937E-05 9.9937E-05 9.9937E-05 9.9937E-05 9.9937E-05 9.9937E-05 0.0404912 0.91939 9.9937E-05
0.0413881 9.9955E-05 9.9955E-05 0.0150743 9.9955E-05 9.9955E-05 9.9955E-05 0.0859999 0.854807 0.00223065
0.0357656 9.9973E-05 0.0131415 0.00476397 9.9973E-05 9.9973E-05 0.00455889 0.133915 0.797097 0.0104573
0.0689917 0.00283089 9.9973E-05 0.0842722 9.9973E-05 0.167418 0.17852 0.221666 0.276001 9.9973E-05
9.99278E-05 9.99278E-05 9.99278E-05 9.99278E-05 9.99278E-05 9.99278E-05 9.99278E-05 0.980387 0.0188133 9.99278E-05
9.99277E-05 9.99277E-05 9.99277E-05 9.99277E-05 9.99277E-05 9.99277E-05 9.99277E-05 0.977928 0.0212728 9.99277E-05
9.9955E-05 9.9955E-05 0.880695 0.0454104 9.9955E-05 0.0152884 9.9955E-05 0.0559142 9.9955E-05 0.00219205
9.9982E-05 9.9982E-05 0.783378 0.0792282 0.029721 0.0456238 0.00220409 0.0418513 0.00754205 0.0102516
9.9973E-05 0.00141806 0.92637 0.00689445 9.9973E-05 9.9973E-05 0.00540526 0.000637787 0.00452583 0.0544488
9.9964E-05 0.804356 0.00782346 0.0568567 0.0214214 9.9964E-05 9.9964E-05 9.9964E-05 0.037941 0.0712014
9.9955E-05 0.00393932 0.00231913 9.9955E-05 0.0243943 0.0339072 9.9955E-05 9.9955E-05 0.93494 9.9955E-05
0.00544965 9.9964E-05 9.9964E-05 0.00923168 0.0291479 9.9964E-05 0.0184998 9.9964E-05 0.926652 0.0106193
9.9946E-05 9.9946E-05 9.9946E-05 9.9946E-05 0.0128216 0.00845078 0.100553 9.9946E-05 0.877575 9.9946E-05
0.0243577 0.0200452 9.9973E-05 9.9973E-05 9.9973E-05 0.021734 0.13001 0.00331592 0.796779 0.00345911
0.0371166 0.0137466 0.0137578 9.9973E-05 0.0144624 0.0382684 0.0711921 9.9973E-05 0.811156 9.9973E-05
9.9946E-05 0.199874 9.9946E-05 9.9946E-05 9.9946E-05 9.9946E-05 0.013336 9.9946E-05 0.0969161 0.689275
0.147837 0.0137165 0.0587886 9.9982E-05 0.0431154 0.0588658 0.294486 0.274279 0.108712 9.9982E-05
9.9928E-05 0.971011 9.9928E-05 9.9928E-05 9.9928E-05 9.9928E-05 9.9928E-05 0.0281895 9.9928E-05 9.9928E-05
9.99371E-05 0.255486 9.99371E-05 9.99371E-05 9.99371E-05 9.99371E-05 9.99371E-05 9.99371E-05 0.0837291 0.660085
0.183804 0.0698861 0.745611 9.99369E-05 9.99369E-05 9.99369E-05 9.99369E-05 9.99369E-05 9.99369E-05 9.99369E-05
9.9928E-05 0.22081 9.9928E-05 9.9928E-05 9.9928E-05 9.9928E-05 9.9928E-05 9.9928E-05 9.9928E-05 0.778391
9.9928E-05 0.28456 9.9928E-05 9.9928E-05 9.9928E-05 9.9928E-05 9.9928E-05 9.9928E-05 9.9928E-05 0.714641
9.9937E-05 0.263889 9.9937E-05 9.9937E-05 9.9937E-05 0.00119727 9.9937E-05 9.9937E-05 9.9937E-05 0.734215
9.9955E-05 9.9955E-05 0.0157617 9.9955E-05 0.0391748 0.0114287 9.9955E-05 9.9955E-05 0.924914 0.00822077
9.9946E-05 0.00685961 9.9946E-05 9.9946E-05 9.9946E-05 9.9946E-05 0.0150827 9.9946E-05 0.962105 0.0153534
0.783555 9.9937E-05 9.9937E-05 9.9937E-05 9.9937E-05 9.9937E-05 0.0765425 9.9937E-05 0.139203 9.9937E-05
9.9955E-05 0.00539139 9.9955E-05 0.00939861 0.0446697 9.9955E-05 0.0170469 9.9955E-05 0.922994 9.9955E-05
9.99201E-05 9.99201E-05 9.99201E-05 9.99201E-05 9.99201E-05 9.99201E-05 9.99201E-05 9.99201E-05 0.999101 9.99201E-05
0.000188389 0.0741927 9.9955E-05 9.9955E-05 9.9955E-05 9.9955E-05 0.166718 9.9955E-05 0.292639 0.465762
9.9964E-05 9.9964E-05 0.0178661 0.000612683 9.9964E-05 0.054516 0.0664546 0.110964 0.749187 9.9964E-05
9.9955E-05 9.9955E-05 0.0166219 9.9955E-05 9.9955E-05 0.00536503 0.0834592 0.168562 0.725492 9.9955E-05
0.107272 9.9973E-05 0.0741853 0.197545 0.0308265 9.9973E-05 0.11147 0.391495 0.0869066 9.9973E-05
0.0130445 0.909222 9.9964E-05 9.9964E-05 0.0195606 0.0056563 9.9964E-05 0.0119295 9.9964E-05 0.0401871
0.0620474 0.110945 9.9964E-05 9.9964E-05 9.9964E-05 0.0212576 0.175993 9.9964E-05 0.627265 0.00209245
9.9964E-05 0.0258868 0.274483 9.9964E-05 0.401864 0.0710686 0.200851 9.9964E-05 9.9964E-05 0.0254471
0.0128713 0.0861621 9.9955E-05 9.9955E-05 9.9955E-05 9.9955E-05 0.298936 9.9955E-05 0.533298 0.0682331
9.9937E-05 9.9937E-05 9.9937E-05 9.9937E-05 0.0359611 9.9937E-05 9.9937E-05 9.9937E-05 0.938728 0.0246113
9.99371E-05 0.19122 9.99371E-05 9.99371E-05 9.99371E-05 9.99371E-05 9.99371E-05 9.99371E-05 0.0338216 0.774259
9.9964E-05 0.107594 9.9964E-05 0.059817 9.9964E-05 0.0124584 0.00402737 9.9964E-05 0.261898 0.553805
9.9937E-05 0.847043 0.0141919 0.138065 9.9937E-05 9.9937E-05 9.9937E-05 9.9937E-05 9.9937E-05 9.9937E-05
9.9937E-05 9.9937E-05 9.9937E-05 0.968551 9.9937E-05 9.9937E-05 0.0233859 0.0073632 9.9937E-05 9.9937E-05
9.9946E-05 9.9946E-05 0.0411204 0.00453756 9.9946E-05 9.9946E-05 9.9946E-05 0.0165638 9.9946E-05 0.937179
0.0337014 0.0511848 9.9946E-05 0.752901 9.9946E-05 9.9946E-05 9.9946E-05 9.9946E-05 9.9946E-05 0.161613
9.9964E-05 0.833099 0.0019378 0.0662721 9.9964E-05 9.9964E-05 0.0036733 9.9964E-05 0.0302451 0.0643725
9.9964E-05 0.861897 0.0144776 0.00309043 9.9964E-05 9.9964E-05 0.0122311 9.9964E-05 0.0505298 0.0573745
0.0518144 0.041225 9.99459E-05 0.881407 9.99459E-05 9.99459E-05 9.99459E-05 9.99459E-05 9.99459E-05 0.0249541
0.126985 0.104504 9.9973E-05 0.448693 9.9973E-05 0.005353 0.011133 9.9973E-05 0.0246232 0.278408
9.9955E-05 0.908845 9.9955E-05 0.0670636 0.0134862 9.9955E-05 9.9955E-05 0.00443729 9.9955E-05 0.00566812
0.119571 9.9982E-05 0.0658095 0.191727 0.0410659 0.00788725 0.118925 0.384845 0.069969 9.9982E-05
9.9955E-05 0.01806 0.917937 0.0149902 0.00907882 9.9955E-05 9.9955E-05 9.9955E-05 9.9955E-05 0.0394345
0.200198 0.082044 0.717059 9.99369E-05 9.99369E-05 9.99369E-05 9.99369E-05 9.99369E-05 9.99369E-05 9.99369E-05
9.99201E-05 9.99201E-05 9.99201E-05 9.99201E-05 0.999101 9.99201E-05 9.99201E-05 9.99201E-05 9.99201E-05 9.99201E-05
0.177104 0.152221 0.646264 9.9946E-05 9.9946E-05 9.9946E-05 9.9946E-05 9.9946E-05 0.0238113 9.9946E-05
9.9946E-05 0.0600115 0.84254 9.9946E-05 0.0305639 9.9946E-05 9.9946E-05 9.9946E-05 9.9946E-05 0.0662852
9.9946E-05 0.591514 0.329243 9.9946E-05 9.9946E-05 9.9946E-05 9.9946E-05 9.9946E-05 0.00848223 0.0701612
9.9955E-05 0.0699047 0.830759 9.9955E-05 0.0298948 0.00797958 9.9955E-05 9.9955E-05 9.9955E-05 0.0609621
0.044455 9.9964E-05 0.252616 0.109127 0.0307684 0.025336 9.9964E-05 9.9964E-05 9.9964E-05 0.537297
0.011756 0.0179777 0.912247 0.0165521 9.9982E-05 0.00333496 0.0266948 0.00927873 0.00195922 9.9982E-05
9.99549E-05 9.99549E-05 0.0870016 0.472321 0.0871888 9.99549E-05 9.99549E-05 0.29122 9.99549E-05 0.0617686
9.9964E-05 0.0689253 0.0750958 0.576564 9.9964E-05 0.0405167 9.9964E-05 0.0574885 9.9964E-05 0.18101
0.0140674 0.119669 0.183853 0.204498 0.0400469 9.99731E-05 9.99731E-05 0.153537 9.99731E-05 0.284029
0.0117682 0.0199741 0.877527 0.0336996 9.9964E-05 9.9964E-05 9.9964E-05 9.9964E-05 0.024765 0.031866
9.9946E-05 9.9946E-05 9.9946E-05 0.00851105 0.00670856 9.9946E-05 0.138867 9.9946E-05 0.845313 9.9946E-05
9.9937E-05 9.9937E-05 0.0319331 0.0201886 9.9937E-05 9.9937E-05 9.9937E-05 9.9937E-05 9.9937E-05 0.947179
9.99549E-05 9.99549E-05 0.103376 0.484011 0.050753 9.99549E-05 9.99549E-05 0.350493 9.99549E-05 0.0108671
9.9937E-05 9.9937E-05 0.0170596 0.0573443 9.9937E-05 9.9937E-05 9.9937E-05 9.9937E-05 9.9937E-05 0.924897
0.0291028 9.9946E-05 9.9946E-05 9.9946E-05 9.9946E-05 9.9946E-05 0.0612874 0.155749 0.753261 9.9946E-05
9.9937E-05 0.965411 9.9937E-05 9.9937E-05 0.0191382 9.9937E-05 9.9937E-05 0.0147508 9.9937E-05 9.9937E-05
9.9937E-05 0.0120364 9.9937E-05 9.9937E-05 0.977928 0.00933621 9.9937E-05 9.9937E-05 9.9937E-05 9.9937E-05
9.9982E-05 0.0465486 0.0501309 0.024058 0.698167 0.000986221 0.119553 0.0460301 9.9982E-05 0.0143259
9.99461E-05 0.0019122 0.962557 0.014984 0.0199474 9.99461E-05 9.99461E-05 9.99461E-05 9.99461E-05 9.99461E-05
0.0212383 0.173506 0.220069 9.9955E-05 0.0255599 9.9955E-05 9.9955E-05 9.9955E-05 9.9955E-05 0.559128
0.011919 0.984683 9.99369E-05 9.99369E-05 0.00269812 9.99369E-05 9.99369E-05 9.99369E-05 9.99369E-05 9.99369E-05
0.00852116 0.990679 9.9928E-05 9.9928E-05 9.9928E-05 9.9928E-05 9.9928E-05 9.9928E-05 9.9928E-05 9.9928E-05
0.120805 0.166117 9.9964E-05 9.9964E-05 9.9964E-05 0.0362313 0.0859703 9.9964E-05 0.04783 0.542646
0.0200913 0.131115 0.283502 9.9955E-05 0.0229844 9.9955E-05 9.9955E-05 9.9955E-05 9.9955E-05 0.541808
0.0475211 9.9946E-05 0.00414265 9.9946E-05 9.9946E-05 9.9946E-05 9.9946E-05 0.136578 0.811159 9.9946E-05
9.99201E-05 9.99201E-05 9.99201E-05 9.99201E-05 9.99201E-05 9.99201E-05 9.99201E-05 0.999101 9.99201E-05 9.99201E-05
9.9946E-05 9.9946E-05 9.9946E-05 9.9946E-05 9.9946E-05 0.19914 0.1 0.244023 0.456237 9.9946E-05
9.9955E-05 9.9955E-05 9.9955E-05 9.9955E-05 0.0475418 0.283752 0.182353 0.47437 9.9955E-05 0.0114833
9.9964E-05 0.0193735 0.00115025 9.9964E-05 0.0235451 0.26453 0.167426 0.523575 9.9964E-05 9.9964E-05
9.9955E-05 0.00944873 9.9955E-05 9.9955E-05 9.9955E-05 0.174305 0.257674 0.375299 0.182773 9.9955E-05
9.99201E-05 9.99201E-05 9.99201E-05 9.99201E-05 9.99201E-05 9.99201E-05 9.99201E-05 0.999101 9.99201E-05 9.99201E-05
0.0375863 0.0381728 9.9973E-05 9.9973E-05 0.0231437 0.305055 0.171554 0.365598 0.0585907 9.9973E-05
0.00144704 9.9964E-05 0.0163074 9.9964E-05 9.9964E-05 0.146515 0.35819 0.380049 0.0970916 9.9964E-05
9.99639E-05 0.0550478 0.0478129 0.301253 0.0245955 9.99639E-05 9.99639E-05 0.555047 9.99639E-05 0.015844
0.0492014 9.9955E-05 9.9955E-05 9.9955E-05 9.9955E-05 0.137385 0.21339 0.362238 0.237286 9.9955E-05
9.9973E-05 0.0145726 0.101422 0.256265 0.0425185 0.023268 9.9973E-05 0.552431 9.9973E-05 0.00922359
0.0469394 0.0792836 9.99459E-05 0.762424 9.99459E-05 9.99459E-05 9.99459E-05 9.99459E-05 9.99459E-05 0.110753
0.862838 9.99369E-05 9.99369E-05 0.109982 0.0264805 9.99369E-05 9.99369E-05 9.99369E-05 9.99369E-05 9.99369E-05
0.0128421 0.0242134 9.9991E-05 0.0330696 0.0220195 0.0864484 0.187507 0.389615 0.194996 0.0491897
0.0405122 0.00923537 0.0121506 0.0972284 0.0339569 0.112434 0.149619 0.318699 0.163784 0.0623804
9.99201E-05 9.99201E-05 9.99201E-05 9.99201E-05 9.99201E-05 9.99201E-05 9.99201E-05 0.999101 9.99201E-05 9.99201E-05
9.99549E-05 9.99549E-05 9.99549E-05 9.99549E-05 0.0117713 0.163272 0.205788 0.384836 0.233833 9.99549E-05
9.9955E-05 9.9955E-05 0.132525 0.0285029 9.9955E-05 0.00693621 9.9955E-05 0.00728078 9.9955E-05 0.824255
0.0356533 9.9946E-05 9.9946E-05 9.9946E-05 9.9946E-05 9.9946E-05 0.00347354 0.113119 0.847155 9.9946E-05
9.9964E-05 0.0516132 0.000659114 9.9964E-05 0.0262212 0.254692 0.13334 0.533075 9.9964E-05 9.9964E-05
0.0265849 9.9955E-05 9.9955E-05 9.9955E-05 9.9955E-05 0.0412283 0.295754 0.417991 0.217942 9.9955E-05
0.00606964 9.9973E-05 0.00690507 9.9973E-05 0.0280183 0.280411 0.159597 0.429675 0.0890231 9.9973E-05
0.0435707 9.9964E-05 9.9964E-05 9.9964E-05 0.0157734 0.227798 0.257137 0.362585 0.0927365 9.9964E-05
0.209479 0.104591 0.685231 9.99369E-05 9.99369E-05 9.99369E-05 9.99369E-05 9.99369E-05 9.99369E-05 9.99369E-05
0.0474264 0.0166341 0.35213 0.0836741 0.0397886 0.0373946 9.9973E-05 9.9973E-05 9.9973E-05 0.422652
9.9955E-05 9.9955E-05 9.9955E-05 9.9955E-05 0.00241035 0.0232027 0.0897111 0.147283 0.736893 9.9955E-05
9.9937E-05 9.9937E-05 0.0491533 0.0575752 9.9937E-05 9.9937E-05 9.9937E-05 9.9937E-05 9.9937E-05 0.892572
0.220805 0.106703 0.65568 9.99459E-05 9.99459E-05 9.99459E-05 9.99459E-05 9.99459E-05 0.0162116 9.99459E-05
9.9955E-05 0.0111765 9.9955E-05 0.920126 0.0161083 9.9955E-05 0.011664 0.0404256 9.9955E-05 9.9955E-05
9.99201E-05 9.99201E-05 9.99201E-05 9.99201E-05 9.99201E-05 9.99201E-05 9.99201E-05 9.99201E-05 0.999101 9.99201E-05
9.9928E-05 9.9928E-05 9.9928E-05 9.9928E-05 0.0169031 9.9928E-05 9.9928E-05 9.9928E-05 0.982298 9.9928E-05
9.9946E-05 9.9946E-05 9.9946E-05 9.9946E-05 0.0473624 0.0368713 9.9946E-05 9.9946E-05 0.903198 0.0119683
9.9928E-05 9.9928E-05 9.9928E-05 9.9928E-05 9.9928E-05 0.017962 9.9928E-05 9.9928E-05 0.981239 9.9928E-05
9.9964E-05 0.768201 0.00780773 0.110018 9.9964E-05 9.9964E-05 9.9964E-05 0.00920133 0.0411961 0.0631757
9.9955E-05 0.0227128 0.0761291 9.9955E-05 0.0232439 9.9955E-05 0.0595386 9.9955E-05 0.817876 9.9955E-05
0.184795 0.133943 0.680562 9.9937E-05 9.9937E-05 9.9937E-05 9.9937E-05 9.9937E-05 9.9937E-05 9.9937E-05
9.9946E-05 9.9946E-05 0.931582 0.0240688 9.9946E-05 0.00292297 9.9946E-05 0.0408267 9.9946E-05 9.9946E-05
9.9964E-05 0.0154412 0.859669 9.9964E-05 0.0322966 0.0415536 9.9964E-05 9.9964E-05 0.000253378 0.0503861
9.9955E-05 0.0390219 0.92571 0.00272212 0.00865551 9.9955E-05 9.9955E-05 0.0233907 9.9955E-05 9.9955E-05
0.00539662 0.0132993 0.894734 9.9973E-05 0.0247611 0.00495024 0.0107753 9.9973E-05 9.9973E-05 0.0457837
0.00851172 9.9964E-05 0.0671882 9.9964E-05 0.07175 0.39281 0.0184508 0.440889 9.9964E-05 9.9964E-05
0.0100465 9.9973E-05 0.0409888 9.9973E-05 0.0717989 0.413407 0.0379276 0.417568 9.9973E-05 0.00796302
9.9964E-05 0.0352605 0.0134356 0.00928101 9.9964E-05 0.899652 9.9964E-05 0.0202616 9.9964E-05 0.0217099
9.9946E-05 9.9946E-05 0.0309691 9.9946E-05 9.9946E-05 0.860735 0.00664582 9.9946E-05 0.101051 9.9946E-05
0.0468605 9.9964E-05 9.9964E-05 9.9964E-05 0.0103276 0.915161 0.00612901 9.9964E-05 0.0204476 0.000674191
0.0466906 0.076218 0.0265923 0.517918 0.0183304 0.293207 9.9973E-05 9.9973E-05 9.9973E-05 0.0207434
9.9955E-05 9.9955E-05 9.9955E-05 0.011946 0.0196819 0.937254 9.9955E-05 0.0173369 9.9955E-05 0.0132813
0.155598 0.101485 0.171397 9.9982E-05 9.9982E-05 0.0625463 0.0227735 0.0784632 0.171685 0.235852
9.99201E-05 9.99201E-05 9.99201E-05 9.99201E-05 9.99201E-05 0.999101 9.99201E-05 9.99201E-05 9.99201E-05 9.99201E-05
9.9928E-05 9.9928E-05 9.9928E-05 9.9928E-05 9.9928E-05 0.994347 0.00485394 9.9928E-05 9.9928E-05 9.9928E-05
9.9946E-05 9.9946E-05 9.9946E-05 9.9946E-05 0.00438311 0.950198 0.0296113 9.9946E-05 0.0152075 9.9946E-05
0.0440407 9.9964E-05 0.00792581 9.9964E-05 9.9964E-05 0.238215 0.668304 9.9964E-05 0.0176439 0.0234708
9.99461E-05 9.99461E-05 9.99461E-05 9.99461E-05 0.00617989 0.975214 0.00842764 9.99461E-05 0.00957911 9.99461E-05
9.9955E-05 9.9955E-05 0.0268971 9.9955E-05 0.0207798 0.809439 0.126117 9.9955E-05 0.0162668 9.9955E-05
9.9946E-05 9.9946E-05 0.0869001 0.0334566 9.9946E-05 9.9946E-05 9.9946E-05 0.0156077 9.9946E-05 0.863436
0.00739664 9.9973E-05 0.226408 0.0608664 0.0669944 0.0623835 9.9973E-05 9.9973E-05 0.00312838 0.572523
0.0173625 9.9973E-05 0.68159 0.119617 0.00586 0.0221908 9.9973E-05 0.0303934 9.9973E-05 0.122686
9.99461E-05 9.99461E-05 0.855277 0.0573115 0.0256756 9.99461E-05 9.99461E-05 9.99461E-05 9.99461E-05 0.0611359
9.9964E-05 0.0399317 0.0202303 0.729579 9.9964E-05 0.020031 9.9964E-05 0.0589086 9.9964E-05 0.13092
0.0646439 9.9973E-05 0.742496 0.0567738 0.04308 0.0325417 9.9973E-05 9.9973E-05 0.0023906 0.0577745
0.00699569 9.9973E-05 0.00619399 0.00517109 0.00439386 9.9973E-05 0.00182186 0.0232658 9.9973E-05 0.951858
9.9937E-05 9.9937E-05 0.0677358 9.9937E-05 9.9937E-05 9.9937E-05 9.9937E-05 0.0086684 9.9937E-05 0.922896
0.0161302 0.06271 9.9946E-05 0.865837 9.9946E-05 9.9946E-05 9.9946E-05 9.9946E-05 9.9946E-05 0.0547235
9.9964E-05 9.9964E-05 0.709716 0.106064 0.0485006 0.041131 9.9964E-05 0.0807163 9.9964E-05 0.0134719
9.9991E-05 0.0120343 0.488169 0.156412 0.0902144 0.0157583 0.0186521 0.054643 0.0264914 0.137525
9.99642E-05 0.0952381 0.0551864 0.571265 0.0584335 9.99642E-05 9.99642E-05 0.218515 9.99642E-05 0.000962769
0.0663173 0.0388165 0.000202687 0.804759 9.9973E-05 0.00337614 9.9973E-05 0.0160494 9.9973E-05 0.0701789
0.0206509 0.044396 0.0533339 0.630009 9.9964E-05 9.9964E-05 9.9964E-05 0.126175 9.9964E-05 0.125035
0.133115 0.0348548 0.220974 0.0306624 0.00976811 9.9982E-05 0.0164771 9.9982E-05 0.0456992 0.508249
0.0337012 0.0902591 0.028471 0.769252 0.000513157 0.00662167 0.00638576 0.00674627 9.9991E-05 0.0579493
0.00890158 9.99459E-05 9.99459E-05 0.0262745 9.99459E-05 0.0285793 9.99459E-05 9.99459E-05 9.99459E-05 0.935645
9.9937E-05 9.9937E-05 9.9937E-05 0.947062 9.9937E-05 9.9937E-05 0.0365735 9.9937E-05 0.0156652 9.9937E-05
9.9955E-05 9.9955E-05 9.9955E-05 0.944137 0.0109828 9.9955E-05 0.00805997 0.0014939 0.0348266 9.9955E-05
0.0217012 0.0548122 9.9982E-05 0.192969 0.0385118 0.0759334 0.143588 0.298871 0.173413 9.9982E-05
0.0177228 0.144395 9.9955E-05 0.817232 9.9955E-05 9.9955E-05 9.9955E-05 0.00836728 9.9955E-05 0.0117827
0.049774 0.080663 9.9946E-05 0.854031 9.9946E-05 9.9946E-05 9.9946E-05 9.9946E-05 9.9946E-05 0.0149324
0.0478358 0.0809338 9.9946E-05 0.830865 9.9946E-05 9.9946E-05 9.9946E-05 9.9946E-05 9.9946E-05 0.0397657
9.9964E-05 9.9964E-05 0.142348 0.404437 0.0998483 0.00856064 9.9964E-05 0.261299 9.9964E-05 0.0831075
9.9946E-05 9.9946E-05 0.143632 0.0950742 9.9946E-05 9.9946E-05 0.00516789 9.9946E-05 9.9946E-05 0.755527
0.0464048 9.9973E-05 0.0152141 0.0333113 9.9973E-05 9.9973E-05 0.00664442 0.0142322 0.0154144 0.868479
0.0191263 9.9964E-05 0.0320888 0.0790795 9.9964E-05 0.0232896 9.9964E-05 9.9964E-05 0.00790785 0.838108
9.9946E-05 9.9946E-05 0.0897317 0.0590129 0.0111389 9.9946E-05 9.9946E-05 9.9946E-05 9.9946E-05 0.839517
0.00531078 0.00209202 9.9964E-05 0.0147231 9.9964E-05 9.9964E-05 9.9964E-05 0.126894 0.847537 0.00304275
0.795749 9.99369E-05 9.99369E-05 9.99369E-05 9.99369E-05 9.99369E-05 0.0758565 9.99369E-05 0.127695 9.99369E-05
0.0121241 0.0494118 0.750083 9.9982E-05 0.0374755 9.9982E-05 0.0163344 0.0126524 0.00670545 0.115014
0.0282348 0.172763 0.295741 9.9964E-05 0.0417878 0.0105526 9.9964E-05 9.9964E-05 9.9964E-05 0.450521
0.783983 0.0119009 9.99459E-05 0.183446 0.020071 9.99459E-05 9.99459E-05 9.99459E-05 9.99459E-05 9.99459E-05
0.78626 0.0273798 9.99459E-05 0.170003 0.0157577 9.99459E-05 9.99459E-05 9.99459E-05 9.99459E-05 9.99459E-05
9.99459E-05 9.99459E-05 0.86493 9.99459E-05 9.99459E-05 0.00843204 9.99459E-05 0.0999887 0.02605 9.99459E-05
0.184948 0.116167 0.698186 9.99369E-05 9.99369E-05 9.99369E-05 9.99369E-05 9.99369E-05 9.99369E-05 9.99369E-05
0.149235 0.0788093 9.9964E-05 9.9964E-05 9.9964E-05 0.0522662 0.474101 9.9964E-05 0.0172846 0.227904
0.110975 0.45853 9.9973E-05 0.00783948 9.9973E-05 0.0472376 9.9973E-05 0.0329988 0.0428929 0.299226
0.0538271 9.99551E-05 0.781369 0.0366222 9.99551E-05 9.99551E-05 9.99551E-05 0.00352716 9.99551E-05 0.124155
9.9946E-05 9.9946E-05 0.225646 0.37829 0.0713526 9.9946E-05 9.9946E-05 0.324111 9.9946E-05 9.9946E-05
0.741683 0.0256462 9.99549E-05 0.149737 0.0488155 9.99549E-05 9.99549E-05 9.99549E-05 9.99549E-05 0.0336183
9.99549E-05 9.99549E-05 0.106488 0.298726 0.133164 9.99549E-05 9.99549E-05 0.384675 9.99549E-05 0.0764477
9.9973E-05 9.9973E-05 0.242308 0.271504 0.0837595 0.0105416 9.9973E-05 0.294197 0.000181232 0.0972081
9.9964E-05 9.9964E-05 0.86977 0.0154926 0.0667033 9.9964E-05 0.000271339 0.0437096 9.9964E-05 0.00365307
9.9982E-05 9.9982E-05 0.890168 0.0190884 0.00874711 0.00505077 0.0294211 0.0157024 0.00973163 0.0218904
9.9946E-05 9.9946E-05 0.953005 0.011059 0.0172584 9.9946E-05 0.0180775 9.9946E-05 9.9946E-05 9.9946E-05
9.9973E-05 0.0604583 0.834897 9.9973E-05 0.0188858 0.0166849 9.9973E-05 0.0494813 0.00344293 0.0158501
9.9955E-05 0.0129756 0.918993 9.9955E-05 0.0369774 9.9955E-05 0.0168745 9.9955E-05 9.9955E-05 0.0136798
0.00744052 0.0836561 0.899891 9.99461E-05 9.99461E-05 9.99461E-05 9.99461E-05 9.99461E-05 9.99461E-05 0.00841302
9.9955E-05 9.9955E-05 0.51737 0.0787288 0.142112 9.9955E-05 0.0468188 0.214471 9.9955E-05 9.9955E-05
9.9973E-05 9.9973E-05 0.223413 0.21257 0.102113 0.0672393 0.00765362 0.357656 9.9973E-05 0.029054
9.99371E-05 0.0498582 0.929036 9.99371E-05 9.99371E-05 9.99371E-05 0.0204062 9.99371E-05 9.99371E-05 9.99371E-05
9.9973E-05 0.0252695 0.219362 0.285449 0.064409 0.0387722 9.9973E-05 0.35703 9.9973E-05 0.00940804
9.9955E-05 9.9955E-05 0.112205 0.396332 0.0323304 9.9955E-05 9.9955E-05 0.366778 9.9955E-05 0.0918547
9.99201E-05 9.99201E-05 9.99201E-05 9.99201E-05 9.99201E-05 9.99201E-05 0.999101 9.99201E-05 9.99201E-05 9.99201E-05
0.0519499 9.9937E-05 9.9937E-05 9.9937E-05 9.9937E-05 9.9937E-05 0.928521 0.0188294 9.9937E-05 9.9937E-05
9.9928E-05 9.9928E-05 9.9928E-05 0.00381897 9.9928E-05 9.9928E-05 0.995382 9.9928E-05 9.9928E-05 9.9928E-05
9.9928E-05 9.9928E-05 9.9928E-05 9.9928E-05 9.9928E-05 9.9928E-05 0.980063 0.0191375 9.9928E-05 9.9928E-05
9.99279E-05 9.99279E-05 0.00935371 9.99279E-05 9.99279E-05 9.99279E-05 0.989847 9.99279E-05 9.99279E-05 9.99279E-05
9.99201E-05 9.99201E-05 9.99201E-05 9.99201E-05 9.99201E-05 9.99201E-05 0.999101 9.99201E-05 9.99201E-05 9.99201E-05
