9.9955E-05 0.066369 0.683989 0.0552056 0.144798 9.9955E-05 9.9955E-05 0.0491385 9.9955E-05 9.9955E-05
0.0083532 0.30049 0.312402 0.0283172 0.281981 0.0236303 9.9973E-05 9.9973E-05 9.9973E-05 0.0445259
0.0493725 0.322554 0.250441 0.069499 0.218865 0.0149337 0.0192268 0.0338885 9.9991E-05 0.02112
9.9955E-05 0.0483079 0.680124 0.0611788 0.166021 9.9955E-05 9.9955E-05 0.0438684 9.9955E-05 9.9955E-05
9.9955E-05 0.889429 9.9955E-05 9.9955E-05 9.9955E-05 0.017757 0.000749884 0.00454745 9.9955E-05 0.0870165
0.039887 0.275731 0.252544 0.0654132 0.328781 9.9982E-05 0.00901663 0.01908 9.9982E-05 0.00934733
0.000255057 9.99371E-05 9.99371E-05 9.99371E-05 9.99371E-05 9.99371E-05 0.517262 9.99371E-05 0.481784 9.99371E-05
9.99281E-05 9.99281E-05 0.0154074 9.99281E-05 9.99281E-05 9.99281E-05 0.983793 9.99281E-05 9.99281E-05 9.99281E-05
9.9946E-05 0.00463082 9.9946E-05 9.9946E-05 0.0174625 0.00379815 0.973509 9.9946E-05 9.9946E-05 9.9946E-05
9.99281E-05 0.0113114 9.99281E-05 9.99281E-05 9.99281E-05 9.99281E-05 0.987889 9.99281E-05 9.99281E-05 9.99281E-05
9.9964E-05 0.0154617 9.9964E-05 0.575741 0.020881 0.270648 9.9964E-05 0.0207524 0.0961166 9.9964E-05
9.99549E-05 9.99549E-05 0.0384202 0.722506 9.99549E-05 0.21849 0.00697398 9.99549E-05 0.0131103 9.99549E-05
9.9946E-05 9.9946E-05 0.0262609 0.587285 9.9946E-05 0.36923 0.0166243 9.9946E-05 9.9946E-05 9.9946E-05
9.9937E-05 9.9937E-05 9.9937E-05 0.657187 9.9937E-05 0.32499 9.9937E-05 9.9937E-05 0.0171232 9.9937E-05
0.821806 9.9955E-05 0.0943965 9.9955E-05 9.9955E-05 9.9955E-05 0.0119487 0.0414846 0.0298641 9.9955E-05
9.9937E-05 0.00689856 0.00885244 9.9937E-05 9.9937E-05 9.9937E-05 0.983549 9.9937E-05 9.9937E-05 9.9937E-05
9.9946E-05 9.9946E-05 0.0293044 9.9946E-05 9.9946E-05 0.00858113 0.021327 9.9946E-05 0.940188 9.9946E-05
0.866828 9.99371E-05 0.00668933 0.125783 9.99371E-05 9.99371E-05 9.99371E-05 9.99371E-05 9.99371E-05 9.99371E-05
0.521153 9.9955E-05 0.124603 0.243371 9.9955E-05 9.9955E-05 9.9955E-05 0.0488535 9.9955E-05 0.0615193
0.306806 9.9964E-05 9.9964E-05 0.563321 9.9964E-05 0.065591 0.0111512 0.0245885 0.0281426 9.9964E-05
0.768866 9.9955E-05 0.0039817 0.111589 9.9955E-05 9.9955E-05 0.0376083 9.9955E-05 9.9955E-05 0.0774552
0.018431 9.9946E-05 9.9946E-05 0.944952 9.9946E-05 9.9946E-05 0.0300297 0.00598746 9.9946E-05 9.9946E-05
0.883272 9.9937E-05 9.9937E-05 0.100495 9.9937E-05 9.9937E-05 9.9937E-05 9.9937E-05 0.015534 9.9937E-05
0.0522663 9.9982E-05 0.00664993 0.831949 0.0260407 0.000718168 0.0338513 0.0103264 0.0379982 9.9982E-05
0.0131299 9.9937E-05 0.0131346 0.973036 9.9937E-05 9.9937E-05 9.9937E-05 9.9937E-05 9.9937E-05 9.9937E-05
0.904433 9.9946E-05 9.9946E-05 0.0238432 9.9946E-05 9.9946E-05 9.9946E-05 9.9946E-05 0.0363767 0.0347473
0.826046 9.9955E-05 9.9955E-05 0.0981029 0.0130104 0.0355821 0.0267585 9.9955E-05 9.9955E-05 9.9955E-05
0.573452 9.9973E-05 9.9973E-05 0.262534 0.0348881 0.0670015 0.00284991 0.0295364 9.9973E-05 0.0294386
0.886837 9.9946E-05 9.9946E-05 0.0698667 9.9946E-05 9.9946E-05 0.0189778 0.0237191 9.9946E-05 9.9946E-05
0.91033 0.00926568 0.0154027 0.0457544 9.9964E-05 0.012116 9.9964E-05 9.9964E-05 9.9964E-05 0.00673116
9.99371E-05 9.99371E-05 9.99371E-05 0.937652 9.99371E-05 0.0300333 9.99371E-05 0.0316152 9.99371E-05 9.99371E-05
9.9937E-05 9.9937E-05 9.9937E-05 0.396474 9.9937E-05 0.524757 9.9937E-05 9.9937E-05 0.0780695 9.9937E-05
0.880005 9.99371E-05 9.99371E-05 0.088868 9.99371E-05 0.0304277 9.99371E-05 9.99371E-05 9.99371E-05 9.99371E-05
0.109105 9.9964E-05 9.9964E-05 0.746793 9.9964E-05 0.0542755 0.01418 9.9964E-05 0.0420037 0.0332424
0.920484 9.99422E-05 9.99422E-05 0.073049 9.99422E-05 9.99422E-05 0.00576725 9.99422E-05 9.99422E-05 9.99422E-05
9.9937E-05 9.9937E-05 9.9937E-05 0.89154 9.9937E-05 0.103821 9.9937E-05 9.9937E-05 9.9937E-05 0.00393945
0.866517 0.0125227 9.99371E-05 0.12026 9.99371E-05 9.99371E-05 9.99371E-05 9.99371E-05 9.99371E-05 9.99371E-05
9.99461E-05 9.99461E-05 9.99461E-05 0.935708 0.00250175 0.0318085 9.99461E-05 0.029382 9.99461E-05 9.99461E-05
9.9955E-05 0.0668441 0.590647 9.9955E-05 0.108444 9.9955E-05 9.9955E-05 0.0793194 9.9955E-05 0.154246
9.9937E-05 0.626312 9.9937E-05 9.9937E-05 0.370452 0.0025363 9.9937E-05 9.9937E-05 9.9937E-05 9.9937E-05
9.99279E-05 0.0308381 9.99279E-05 9.99279E-05 9.99279E-05 0.968362 9.99279E-05 9.99279E-05 9.99279E-05 9.99279E-05
0.900973 9.9937E-05 9.9937E-05 0.0975564 9.9937E-05 9.9937E-05 9.9937E-05 9.9937E-05 0.000771192 9.9937E-05
9.99371E-05 9.99371E-05 9.99371E-05 0.958532 9.99371E-05 0.0216109 9.99371E-05 0.0191576 9.99371E-05 9.99371E-05
9.9964E-05 9.9964E-05 0.0272269 0.0124163 0.580148 0.0272566 9.9964E-05 0.0722103 0.280342 9.9964E-05
0.519855 9.9973E-05 0.103595 0.251868 9.9973E-05 0.0377761 0.035875 0.016296 9.9973E-05 0.034435
0.362291 9.9964E-05 9.9964E-05 0.279179 9.9964E-05 0.227156 0.0176931 9.9964E-05 0.0686382 0.0446431
0.81712 0.0213802 0.0221172 0.089427 9.9964E-05 9.9964E-05 0.0372465 0.0123091 9.9964E-05 9.9964E-05
0.0387874 0.327858 0.179516 0.055708 0.326568 9.9973E-05 9.9973E-05 0.0443905 9.9973E-05 0.0268716
9.9964E-05 0.0717809 0.0424419 9.9964E-05 0.284318 0.021371 9.9964E-05 0.480902 9.9964E-05 0.0987867
9.9937E-05 9.9937E-05 0.740014 9.9937E-05 9.9937E-05 9.9937E-05 9.9937E-05 9.9937E-05 0.235054 0.0242326
9.9946E-05 9.9946E-05 0.776603 0.14008 9.9946E-05 0.0118921 9.9946E-05 9.9946E-05 0.0708254 9.9946E-05
0.00862176 9.9955E-05 0.734327 0.177923 9.9955E-05 9.9955E-05 0.00521656 9.9955E-05 0.073412 9.9955E-05
9.99369E-05 9.99369E-05 0.90688 0.0302547 9.99369E-05 9.99369E-05 9.99369E-05 9.99369E-05 0.0621654 9.99369E-05
9.9955E-05 0.0279037 9.9955E-05 0.015866 9.9955E-05 9.9955E-05 0.943476 0.00120157 0.0110529 9.9955E-05
9.9946E-05 9.9946E-05 0.0127813 0.0289195 0.0110942 9.9946E-05 0.946605 9.9946E-05 9.9946E-05 9.9946E-05
0.0065817 9.9955E-05 9.9955E-05 0.0808228 9.9955E-05 0.616187 0.0365749 9.9955E-05 0.259334 9.9955E-05
0.00550409 9.9946E-05 9.9946E-05 0.822292 9.9946E-05 0.164867 0.00673697 9.9946E-05 9.9946E-05 9.9946E-05
0.140415 9.99639E-05 0.0177915 0.0571786 9.99639E-05 9.99639E-05 0.0140486 9.99639E-05 0.00642743 0.763739
9.9946E-05 0.858848 0.0165202 9.9946E-05 0.0213357 9.9946E-05 9.9946E-05 9.9946E-05 9.9946E-05 0.102697
9.9946E-05 0.360587 9.9946E-05 9.9946E-05 0.203021 9.9946E-05 9.9946E-05 0.185061 9.9946E-05 0.250732
9.9937E-05 9.9937E-05 9.9937E-05 0.0159862 0.00632867 9.9937E-05 9.9937E-05 9.9937E-05 0.976986 9.9937E-05
0.0241214 0.0437265 0.209007 0.00488846 9.9973E-05 0.0412887 0.00948548 9.9973E-05 0.667182 9.9973E-05
9.9955E-05 9.9955E-05 0.216834 9.9955E-05 0.016466 0.0981163 9.9955E-05 0.0642402 0.603844 9.9955E-05
9.9946E-05 9.9946E-05 0.0187323 0.00311014 9.9946E-05 9.9946E-05 0.966296 9.9946E-05 9.9946E-05 0.011262
9.9937E-05 0.751963 9.9937E-05 9.9937E-05 0.0963087 9.9937E-05 9.9937E-05 9.9937E-05 9.9937E-05 0.151028
0.0279585 9.9946E-05 9.9946E-05 0.00696002 9.9946E-05 0.0205963 9.9946E-05 9.9946E-05 0.943885 9.9946E-05
9.9955E-05 0.0190221 0.717476 9.9955E-05 0.0615857 9.9955E-05 9.9955E-05 0.0133459 9.9955E-05 0.18807
0.00926732 9.9946E-05 9.9946E-05 0.79145 9.9946E-05 0.182924 9.9946E-05 9.9946E-05 0.0157587 9.9946E-05
9.9928E-05 9.9928E-05 9.9928E-05 0.611687 9.9928E-05 0.387514 9.9928E-05 9.9928E-05 9.9928E-05 9.9928E-05
0.0245022 0.02614 0.10237 9.9973E-05 9.9973E-05 9.9973E-05 0.790756 0.0211269 0.00925583 0.0255488
0.0441227 0.0114614 0.0684831 0.0072019 9.9991E-05 0.0123738 0.803335 0.0276806 0.0116143 0.0136269
0.0164362 9.9964E-05 0.0594949 9.9964E-05 9.9964E-05 0.0412202 0.867382 0.0147277 9.9964E-05 0.000339039
9.99371E-05 0.0236646 9.99371E-05 9.99371E-05 9.99371E-05 9.99371E-05 0.960312 9.99371E-05 0.0153236 9.99371E-05
9.9946E-05 9.9946E-05 0.0072539 0.0162513 9.9946E-05 9.9946E-05 0.966464 9.9946E-05 0.00943086 9.9946E-05
9.9946E-05 0.00495056 0.00744241 9.9946E-05 9.9946E-05 9.9946E-05 0.978715 9.9946E-05 0.00829206 9.9946E-05
0.00874743 9.9946E-05 9.9946E-05 9.9946E-05 0.00479989 9.9946E-05 0.970722 9.9946E-05 0.0151308 9.9946E-05
9.9946E-05 0.00665563 9.9946E-05 9.9946E-05 9.9946E-05 0.00108194 0.989682 9.9946E-05 9.9946E-05 0.00198089
9.9946E-05 0.0132408 9.9946E-05 9.9946E-05 0.0113792 9.9946E-05 0.962382 0.0123985 9.9946E-05 9.9946E-05
9.99201E-05 9.99201E-05 9.99201E-05 9.99201E-05 9.99201E-05 9.99201E-05 0.999101 9.99201E-05 9.99201E-05 9.99201E-05
0.0024983 9.9964E-05 9.9964E-05 0.0250039 0.00497283 9.9964E-05 0.92802 9.9964E-05 0.0133279 0.0257776
9.9955E-05 9.9955E-05 0.00101137 9.9955E-05 9.9955E-05 9.9955E-05 0.948169 0.00486417 0.0280996 0.0173564
0.00321487 9.9964E-05 0.0108405 0.0171124 9.9964E-05 9.9964E-05 0.926012 9.9964E-05 0.0237986 0.0186222
0.380017 9.99461E-05 9.99461E-05 0.095552 0.0144193 9.99461E-05 0.509412 9.99461E-05 9.99461E-05 9.99461E-05
0.401141 9.99371E-05 9.99371E-05 0.0429155 9.99371E-05 9.99371E-05 0.555244 9.99371E-05 9.99371E-05 9.99371E-05
9.99201E-05 9.99201E-05 9.99201E-05 9.99201E-05 9.99201E-05 9.99201E-05 0.999101 9.99201E-05 9.99201E-05 9.99201E-05
9.9946E-05 9.9946E-05 0.0230293 9.9946E-05 9.9946E-05 0.00139485 0.971427 9.9946E-05 9.9946E-05 0.00354944
9.9955E-05 0.0185279 0.0407173 9.9955E-05 0.00991683 9.9955E-05 0.920351 9.9955E-05 0.00998698 9.9955E-05
0.0187145 0.0217388 0.0173408 0.00596567 9.9964E-05 9.9964E-05 0.926747 0.00909343 9.9964E-05 9.9964E-05
9.99201E-05 9.99201E-05 9.99201E-05 9.99201E-05 9.99201E-05 9.99201E-05 0.999101 9.99201E-05 9.99201E-05 9.99201E-05
0.412949 9.99371E-05 9.99371E-05 0.046655 9.99371E-05 9.99371E-05 0.539697 9.99371E-05 9.99371E-05 9.99371E-05
0.0540296 0.0245097 0.000894109 0.0326082 9.9964E-05 9.9964E-05 0.861511 0.0260473 9.9964E-05 9.9964E-05
0.01292 0.00191844 9.9964E-05 9.9964E-05 0.0290129 0.0144317 0.933468 9.9964E-05 0.0078488 9.9964E-05
9.9946E-05 0.00983558 0.0306033 9.9946E-05 9.9946E-05 0.026912 0.932049 9.9946E-05 9.9946E-05 9.9946E-05
0.0118465 9.9955E-05 0.0101958 9.9955E-05 0.0253576 9.9955E-05 0.948743 9.9955E-05 9.9955E-05 0.0033578
0.027543 9.99692E-05 0.0478491 0.0157326 9.99692E-05 0.0244893 0.856068 0.0279178 9.99692E-05 9.99692E-05
9.9946E-05 9.9946E-05 0.0229768 9.9946E-05 9.9946E-05 9.9946E-05 0.945473 0.010786 0.020165 9.9946E-05
0.60501 0.0901624 0.016447 9.9973E-05 0.0569122 0.061748 9.9973E-05 0.0353316 0.134089 9.9973E-05
9.9956E-05 9.9956E-05 0.005105 9.9956E-05 0.0176345 0.00501437 0.944762 9.9956E-05 9.9956E-05 0.0269842
0.00121065 9.9937E-05 9.9937E-05 0.0112362 9.9937E-05 9.9937E-05 0.986854 9.9937E-05 9.9937E-05 9.9937E-05
0.0565128 9.9973E-05 9.9973E-05 0.0257106 0.107575 9.9973E-05 0.728537 0.00747102 0.0349803 0.0389132
9.99201E-05 9.99201E-05 9.99201E-05 9.99201E-05 9.99201E-05 9.99201E-05 0.999101 9.99201E-05 9.99201E-05 9.99201E-05
0.0202019 9.9946E-05 9.9946E-05 9.9946E-05 9.9946E-05 0.0107067 0.961949 9.9946E-05 0.0065432 9.9946E-05
0.000162175 0.0118506 9.9955E-05 0.0200118 9.9955E-05 9.9955E-05 0.959962 0.00751319 9.9955E-05 9.9955E-05
0.00673213 9.9946E-05 9.9946E-05 9.9946E-05 9.9946E-05 9.9946E-05 0.975262 0.00460224 9.9946E-05 0.0128043
0.919934 9.9955E-05 9.9955E-05 9.9955E-05 9.9955E-05 0.0413892 0.015047 0.0125814 9.9955E-05 0.010549
9.99201E-05 9.99201E-05 9.99201E-05 9.99201E-05 9.99201E-05 9.99201E-05 0.999101 9.99201E-05 9.99201E-05 9.99201E-05
9.9937E-05 9.9937E-05 0.0286568 9.9937E-05 9.9937E-05 9.9937E-05 0.942616 0.0280277 9.9937E-05 9.9937E-05
9.99201E-05 9.99201E-05 9.99201E-05 9.99201E-05 9.99201E-05 9.99201E-05 0.999101 9.99201E-05 9.99201E-05 9.99201E-05
0.5955 9.99369E-05 9.99369E-05 9.99369E-05 9.99369E-05 0.387665 0.0161358 9.99369E-05 9.99369E-05 9.99369E-05
0.0104036 0.0249924 0.0126139 0.00343998 9.9964E-05 9.9964E-05 0.918636 0.0295143 9.9964E-05 9.9964E-05
9.9946E-05 9.9946E-05 0.0325234 9.9946E-05 9.9946E-05 0.0201217 0.936812 0.00994312 9.9946E-05 9.9946E-05
0.00738364 9.9946E-05 0.021207 9.9946E-05 0.01509 9.9946E-05 0.95572 9.9946E-05 9.9946E-05 9.9946E-05
9.9928E-05 9.9928E-05 9.9928E-05 0.00486789 9.9928E-05 9.9928E-05 0.994333 9.9928E-05 9.9928E-05 9.9928E-05
0.619186 9.9964E-05 0.00352669 0.305268 9.9964E-05 9.9964E-05 0.0154344 9.9964E-05 0.0136102 0.042575
9.9946E-05 0.00630771 9.9946E-05 9.9946E-05 9.9946E-05 9.9946E-05 0.988122 0.00163915 0.00333122 9.9946E-05
9.9946E-05 0.0124286 0.0659203 9.9946E-05 0.0210655 9.9946E-05 0.899986 9.9946E-05 9.9946E-05 9.9946E-05
0.440194 9.99371E-05 9.99371E-05 0.0386775 9.99371E-05 9.99371E-05 0.520429 9.99371E-05 9.99371E-05 9.99371E-05
9.99281E-05 9.99281E-05 9.99281E-05 9.99281E-05 9.99281E-05 9.99281E-05 0.998656 9.99281E-05 0.000544976 9.99281E-05
0.14978 9.99639E-05 9.99639E-05 0.623813 9.99639E-05 0.141394 0.017747 9.99639E-05 0.00671977 0.0601474
0.255944 0.0111665 9.9955E-05 0.564704 9.9955E-05 0.117711 9.9955E-05 9.9955E-05 9.9955E-05 0.0499741
0.0172816 0.0150971 9.9964E-05 0.706589 0.0423428 0.204267 0.0140229 9.9964E-05 9.9964E-05 9.9964E-05
0.869968 0.0120801 9.9973E-05 0.0654996 0.00769158 0.014769 0.0246183 9.9973E-05 0.00507375 9.9973E-05
9.9973E-05 0.0125644 0.0822325 0.0296211 9.9973E-05 9.9973E-05 0.0342625 0.0205873 0.766156 0.0542759
0.0119173 0.000238705 9.9964E-05 0.768795 0.054971 0.120802 0.0428762 9.9964E-05 9.9964E-05 9.9964E-05
0.171975 0.0390386 9.9973E-05 0.243129 9.9973E-05 0.146887 9.9973E-05 0.0289998 0.34134 0.0283306
0.121264 0.0141229 9.9955E-05 0.69335 9.9955E-05 0.119823 0.0509406 9.9955E-05 9.9955E-05 9.9955E-05
0.201828 0.00553036 9.9973E-05 0.66331 9.9973E-05 0.0264207 9.9973E-05 0.0376409 0.0302573 0.0347135
0.160513 9.9982E-05 0.00716675 0.664769 9.9982E-05 0.0815197 0.0231218 0.00859899 0.0395037 0.0146075
0.223067 0.0301012 9.9982E-05 0.598819 0.00653818 0.0509325 9.9982E-05 0.0383683 0.0109393 0.0410345
0.291982 0.0413821 9.9973E-05 0.59636 0.0175566 0.0102021 9.9973E-05 0.0209361 9.9973E-05 0.0212813
9.9955E-05 0.0206565 9.9955E-05 0.84911 9.9955E-05 0.106032 0.0164664 9.9955E-05 9.9955E-05 0.00723555
9.9955E-05 9.9955E-05 9.9955E-05 0.584293 9.9955E-05 0.311749 0.0191886 0.00855721 0.0757128 9.9955E-05
9.99551E-05 9.99551E-05 9.99551E-05 0.641844 9.99551E-05 0.270693 0.0140234 0.0185647 0.054375 9.99551E-05
0.715719 9.9973E-05 0.00013379 0.104645 9.9973E-05 9.9973E-05 0.0498675 0.0530034 0.0305237 0.0458078
9.9946E-05 9.9946E-05 9.9946E-05 9.9946E-05 0.978675 9.9946E-05 0.00467206 9.9946E-05 0.000744502 0.0153088
9.9937E-05 9.9937E-05 0.0523408 9.9937E-05 0.923844 9.9937E-05 9.9937E-05 9.9937E-05 9.9937E-05 0.023116
9.9973E-05 0.588336 0.0493892 9.9973E-05 0.225505 0.0505784 9.9973E-05 0.00861986 0.00463172 0.0726396
0.347573 9.9982E-05 0.0363625 9.9982E-05 0.0213344 0.112216 0.0906312 0.0272173 0.295322 0.0691435
9.9928E-05 9.9928E-05 0.0506319 9.9928E-05 0.948569 9.9928E-05 9.9928E-05 9.9928E-05 9.9928E-05 9.9928E-05
0.00874144 9.9955E-05 0.0454581 9.9955E-05 0.90671 9.9955E-05 0.00601796 9.9955E-05 9.9955E-05 0.0325727
0.158662 0.0179466 0.000195951 9.9991E-05 0.0280077 0.530205 0.126185 0.00291047 0.109562 0.0262246
9.9946E-05 0.409556 9.9946E-05 9.9946E-05 0.193834 9.9946E-05 9.9946E-05 0.272516 9.9946E-05 0.123494
0.0514419 0.407011 0.00741281 0.0206878 0.0807575 9.9982E-05 0.0128654 0.293002 9.9982E-05 0.126621
9.9982E-05 0.439814 0.0285726 0.00783753 0.082539 0.00107256 9.9982E-05 0.378381 0.00116661 0.0604171
0.0375478 0.245797 0.0543322 0.01666 9.9973E-05 9.9973E-05 9.9973E-05 0.544145 0.056694 0.0445249
0.0240128 0.252115 0.054273 0.00293224 9.9982E-05 9.9982E-05 0.011309 0.577233 0.0467839 0.0311406
0.0353953 0.414979 0.0234087 0.0284252 0.0760171 9.9973E-05 9.9973E-05 0.389832 9.9973E-05 0.0316423
9.99639E-05 9.99639E-05 0.160385 9.99639E-05 0.00394521 9.99639E-05 0.00561685 0.0255006 0.797409 0.00674389
0.0198001 0.625676 9.9982E-05 0.00215125 0.306154 0.0192797 0.000629966 0.0169459 0.0091638 9.9982E-05
0.890008 0.00663038 0.056168 0.00601724 0.0119584 0.0164667 0.0124508 9.9973E-05 9.9973E-05 9.9973E-05
0.902131 9.9964E-05 0.013813 9.9964E-05 0.0253305 0.0291608 0.0235459 9.9964E-05 0.00561937 9.9964E-05
0.0190159 0.838949 9.9973E-05 9.9973E-05 0.0671082 9.9973E-05 0.0224104 0.00270792 0.0102826 0.0392257
0.213712 0.117844 0.0608621 0.133175 0.0669578 0.0259041 0.106066 0.0738452 0.090191 0.111443
0.0116931 0.0131092 0.0674013 0.0747727 0.0277411 0.00915004 0.00847455 0.0109624 0.773289 0.00340642
9.9937E-05 0.0296263 9.9937E-05 9.9937E-05 0.0487154 0.920959 9.9937E-05 9.9937E-05 9.9937E-05 9.9937E-05
0.790963 9.9973E-05 9.9973E-05 0.0912989 9.9973E-05 0.0525338 0.00673758 0.0297251 0.0258036 0.00263845
0.0286837 9.9955E-05 9.9955E-05 9.9955E-05 0.217419 0.691439 0.00299173 0.0589661 9.9955E-05 9.9955E-05
0.0295363 9.9964E-05 9.9964E-05 9.9964E-05 0.0749613 0.0780626 0.010982 9.9964E-05 0.778225 0.0278326
0.0420602 9.9964E-05 9.9964E-05 9.9964E-05 0.72 0.0354869 0.00404103 0.181187 0.0168248 9.9964E-05
9.9955E-05 9.9955E-05 0.0906883 9.9955E-05 0.00297919 9.9955E-05 0.0176763 9.9955E-05 0.864187 0.0239692
0.0692668 9.9973E-05 0.342752 0.111794 0.0119672 9.9973E-05 0.04292 0.0537899 9.9973E-05 0.36721
0.916479 9.9946E-05 9.9946E-05 9.9946E-05 9.9946E-05 0.0416462 0.0361439 9.9946E-05 0.0051311 9.9946E-05
0.0147078 0.592866 9.9964E-05 0.00457691 0.3065 9.9964E-05 0.0296669 9.9964E-05 0.0512827 9.9964E-05
9.9955E-05 0.379028 9.9955E-05 0.0150144 9.9955E-05 0.583003 9.9955E-05 0.0107362 9.9955E-05 0.0117189
0.0325033 0.855372 9.9973E-05 0.0175777 9.9973E-05 0.0555644 0.0022066 0.0213183 9.9973E-05 0.0151579
0.0824038 0.0476661 0.0985686 0.099068 0.0590763 0.271595 0.0224298 0.0475268 0.271566 9.9991E-05
9.9928E-05 0.996308 9.9928E-05 9.9928E-05 9.9928E-05 9.9928E-05 0.00289274 9.9928E-05 9.9928E-05 9.9928E-05
0.00874963 0.0201871 9.9946E-05 0.0694844 9.9946E-05 9.9946E-05 9.9946E-05 9.9946E-05 0.900979 9.9946E-05
0.0201498 0.798872 9.9973E-05 0.0575785 9.9973E-05 9.9973E-05 0.0346328 0.0242169 0.0450638 0.0191861
0.0216178 0.83782 9.9973E-05 0.0160441 9.9973E-05 0.022935 0.0282146 0.0172805 0.0557882 9.9973E-05
0.830862 0.0579252 9.9982E-05 0.0235629 0.00061143 0.00701172 0.00233598 0.0276601 0.0498304 9.9982E-05
0.38163 0.00321479 0.0402431 0.0651158 0.297504 0.0880474 9.9991E-05 0.00876416 0.0369048 0.0784754
0.318435 0.0347775 9.9973E-05 9.9973E-05 0.0342458 0.420904 0.00688006 0.034352 0.150106 9.9973E-05
0.0109587 0.0744229 0.026225 0.0336009 0.00657032 9.9991E-05 0.0229595 0.79161 0.00512166 0.0284309
9.9955E-05 0.0138852 9.9955E-05 9.9955E-05 9.9955E-05 0.0010421 9.9955E-05 0.915792 0.00148205 0.0672987
9.9964E-05 9.9964E-05 0.00518355 0.007815 9.9964E-05 9.9964E-05 0.00783816 0.852684 0.0368944 0.0891851
0.025531 0.00109564 0.0285892 0.0149075 9.9991E-05 0.00342418 0.0119468 0.82373 0.0264235 0.0642518
0.938826 9.9946E-05 0.0114998 9.9946E-05 9.9946E-05 9.9946E-05 9.9946E-05 0.0402767 9.9946E-05 0.00879831
0.868923 0.00721777 0.0201976 0.0396871 9.9955E-05 9.9955E-05 9.9955E-05 9.9955E-05 9.9955E-05 0.0634743
0.756873 9.9964E-05 0.047003 0.105419 9.9964E-05 9.9964E-05 0.0300745 0.0165196 0.0437112 9.9964E-05
9.9955E-05 0.313513 0.0702988 9.9955E-05 0.201533 9.9955E-05 9.9955E-05 0.402494 9.9955E-05 0.0116613
0.165102 0.1344 0.098659 0.0445378 0.0483665 0.167403 0.131319 0.0538034 0.0757134 0.0806947
0.327482 9.9973E-05 0.122099 9.9973E-05 9.9973E-05 0.0333702 0.113122 0.0205212 0.0349417 0.348163
0.711919 0.0264104 0.0808617 0.108461 0.00176979 9.9973E-05 0.0341659 9.9973E-05 9.9973E-05 0.0361124
0.617095 9.9964E-05 0.0581762 0.0889095 0.0168381 9.9964E-05 0.0829749 9.9964E-05 9.9964E-05 0.135607
0.722527 9.9973E-05 0.0317381 9.9973E-05 0.0172266 0.013077 0.035174 0.0204388 9.9973E-05 0.159518
0.455159 9.9964E-05 0.0258273 9.9964E-05 0.0221463 0.0557541 0.153271 9.9964E-05 9.9964E-05 0.287443
9.9982E-05 0.027202 0.803321 0.0368273 0.0600535 0.0254156 0.0141027 0.0176537 0.0152242 9.9982E-05
9.9955E-05 9.9955E-05 9.9955E-05 0.571416 9.9955E-05 0.378109 0.00364862 9.9955E-05 0.0234085 0.0229183
0.223809 9.9964E-05 9.9964E-05 0.308185 9.9964E-05 0.304524 0.0582371 0.00492999 0.0999147 9.9964E-05
9.9955E-05 0.922625 0.00758168 0.0232779 0.00584205 9.9955E-05 9.9955E-05 9.9955E-05 9.9955E-05 0.040174
9.9946E-05 0.872484 0.0115988 0.0243263 9.9946E-05 9.9946E-05 9.9946E-05 9.9946E-05 9.9946E-05 0.0909911
0.0032036 0.838085 9.9955E-05 0.0317699 9.9955E-05 9.9955E-05 9.9955E-05 9.9955E-05 0.0184698 0.107972
9.9964E-05 0.316505 0.12185 9.9964E-05 0.20462 9.9964E-05 9.9964E-05 0.147289 0.00479243 0.204544
9.99278E-05 0.0320965 9.99278E-05 9.99278E-05 9.99278E-05 9.99278E-05 9.99278E-05 9.99278E-05 9.99278E-05 0.967104
9.99277E-05 0.0359802 9.99277E-05 9.99277E-05 9.99277E-05 9.99277E-05 9.99277E-05 9.99277E-05 9.99277E-05 0.96322
0.858294 9.9973E-05 0.0288284 0.0414248 0.00310657 9.9973E-05 0.0092681 0.0231879 9.9973E-05 0.0355902
0.794161 0.00701734 0.0402925 0.0449466 0.0083907 9.9982E-05 0.00784388 0.027632 9.9982E-05 0.0695164
0.934474 0.00388228 9.9955E-05 0.0512254 0.00168331 0.0082352 9.9955E-05 9.9955E-05 9.9955E-05 9.9955E-05
9.9964E-05 0.0255261 0.0554853 9.9964E-05 9.9964E-05 0.196354 0.00647564 9.9964E-05 0.711914 0.00384568
9.9946E-05 0.925009 9.9946E-05 9.9946E-05 9.9946E-05 0.0218368 0.0168533 0.0357015 9.9946E-05 9.9946E-05
0.00589108 0.91852 9.99706E-05 0.00813719 0.0365881 9.99706E-05 0.0270224 9.99706E-05 0.00344155 9.99706E-05
9.9946E-05 0.89071 0.00513703 9.9946E-05 0.0907944 0.0127588 9.9946E-05 9.9946E-05 9.9946E-05 9.9946E-05
9.9955E-05 0.812956 9.9955E-05 9.9955E-05 0.115729 0.0561955 9.9955E-05 0.00962513 9.9955E-05 0.00499459
9.9964E-05 0.817068 9.9964E-05 9.9964E-05 0.0868109 0.028046 0.0210343 0.036927 0.00971421 9.9964E-05
9.9928E-05 0.0264359 9.9928E-05 9.9928E-05 9.9928E-05 0.972765 9.9928E-05 9.9928E-05 9.9928E-05 9.9928E-05
0.0605056 0.146946 0.0168169 9.9982E-05 0.331862 9.9982E-05 0.0438898 0.100041 0.0388855 0.260853
9.9937E-05 9.9937E-05 9.9937E-05 9.9937E-05 9.9937E-05 0.00160209 9.9937E-05 9.9937E-05 0.983141 0.0145569
9.9928E-05 0.0359076 9.9928E-05 9.9928E-05 9.9928E-05 0.963293 9.9928E-05 9.9928E-05 9.9928E-05 9.9928E-05
0.75349 0.0402745 0.031252 9.9964E-05 0.0378322 0.0488267 9.9964E-05 9.9964E-05 0.0879252 9.9964E-05
9.99279E-05 9.99279E-05 9.99279E-05 0.0157193 9.99279E-05 0.983481 9.99279E-05 9.99279E-05 9.99279E-05 9.99279E-05
9.99201E-05 9.99201E-05 9.99201E-05 9.99201E-05 9.99201E-05 0.999101 9.99201E-05 9.99201E-05 9.99201E-05 9.99201E-05
9.99201E-05 9.99201E-05 9.99201E-05 9.99201E-05 9.99201E-05 0.999101 9.99201E-05 9.99201E-05 9.99201E-05 9.99201E-05
0.010674 0.921123 9.9946E-05 0.0394079 9.9946E-05 9.9946E-05 0.0281953 9.9946E-05 9.9946E-05 9.9946E-05
9.9946E-05 0.961312 9.9946E-05 9.9946E-05 0.00774875 0.0107705 9.9946E-05 9.9946E-05 0.0195695 9.9946E-05
0.0246446 0.262144 0.281287 0.0456299 0.320654 9.9973E-05 9.9973E-05 0.020689 9.9973E-05 0.0446515
9.9946E-05 0.917413 0.0188705 9.9946E-05 9.9946E-05 0.0295091 0.0336079 9.9946E-05 9.9946E-05 9.9946E-05
9.99201E-05 0.999101 9.99201E-05 9.99201E-05 9.99201E-05 9.99201E-05 9.99201E-05 9.99201E-05 9.99201E-05 9.99201E-05
9.9937E-05 0.25241 9.9937E-05 9.9937E-05 0.122302 0.624589 9.9937E-05 9.9937E-05 9.9937E-05 9.9937E-05
0.0207577 0.756901 9.9955E-05 9.9955E-05 0.0793693 9.9955E-05 9.9955E-05 0.0355449 9.9955E-05 0.106927
0.0224584 0.73833 9.9964E-05 9.9964E-05 0.0749031 0.00673168 9.9964E-05 0.0280178 9.9964E-05 0.129159
0.0456217 0.101872 0.316078 0.0225648 0.136934 9.9982E-05 0.0173141 0.0117707 9.9982E-05 0.347645
0.00570825 9.9973E-05 9.9973E-05 9.9973E-05 0.00143614 0.139924 0.00732249 0.00281262 0.836233 0.0062641
9.9946E-05 0.6345 9.9946E-05 9.9946E-05 0.187395 0.149616 9.9946E-05 9.9946E-05 0.0278905 9.9946E-05
0.271588 9.9964E-05 9.9964E-05 9.9964E-05 0.204577 0.0296372 0.408304 0.0681992 0.0172941 9.9964E-05
9.9937E-05 0.531609 9.9937E-05 9.9937E-05 0.270887 0.196804 9.9937E-05 9.9937E-05 9.9937E-05 9.9937E-05
9.9937E-05 0.961293 9.9937E-05 9.9937E-05 9.9937E-05 0.0223134 0.0156942 9.9937E-05 9.9937E-05 9.9937E-05
9.9928E-05 9.9928E-05 9.9928E-05 0.00133165 9.9928E-05 0.997869 9.9928E-05 9.9928E-05 9.9928E-05 9.9928E-05
9.9955E-05 0.251829 0.0508435 0.111817 0.00349696 0.581514 9.9955E-05 9.9955E-05 9.9955E-05 9.9955E-05
0.011137 9.9946E-05 0.106756 9.9946E-05 9.9946E-05 0.0760333 9.9946E-05 9.9946E-05 0.805474 9.9946E-05
9.9946E-05 0.00389704 0.95316 9.9946E-05 0.0014511 9.9946E-05 9.9946E-05 9.9946E-05 9.9946E-05 0.0408925
0.0115286 9.99394E-05 9.99394E-05 0.938548 9.99394E-05 0.0492242 9.99394E-05 9.99394E-05 9.99394E-05 9.99394E-05
9.9937E-05 9.9937E-05 0.763859 0.16427 9.9937E-05 9.9937E-05 9.9937E-05 9.9937E-05 0.0711714 9.9937E-05
9.9955E-05 0.0292152 0.00641254 0.0154362 9.9955E-05 0.0798264 9.9955E-05 9.9955E-05 0.86861 9.9955E-05
0.00527012 0.0413442 9.9955E-05 0.00281088 9.9955E-05 0.0876529 9.9955E-05 9.9955E-05 0.862422 9.9955E-05
9.99369E-05 9.99369E-05 0.903176 0.0514251 9.99369E-05 9.99369E-05 9.99369E-05 9.99369E-05 0.0446995 9.99369E-05
0.00867579 0.0241271 0.50044 0.103649 0.0362037 0.235038 9.9982E-05 0.0247392 0.0669269 9.9982E-05
9.9937E-05 9.9937E-05 0.0538451 9.9937E-05 9.9937E-05 0.0789249 9.9937E-05 9.9937E-05 0.86653 9.9937E-05
0.0683893 0.103325 0.269127 0.00858729 0.1473 9.9982E-05 0.0211473 0.0408692 9.9982E-05 0.341055
0.91884 9.9937E-05 9.9937E-05 0.0519749 9.9937E-05 9.9937E-05 9.9937E-05 9.9937E-05 0.0284854 9.9937E-05
0.756483 0.0402314 0.0358711 9.9973E-05 0.0127476 0.0532991 9.9973E-05 0.00579996 0.0952677 9.9973E-05
9.99201E-05 9.99201E-05 9.99201E-05 9.99201E-05 9.99201E-05 9.99201E-05 0.999101 9.99201E-05 9.99201E-05 9.99201E-05
0.672375 0.0604105 0.0619426 0.0333047 0.0247626 9.9973E-05 9.9973E-05 0.0083773 0.138528 9.9973E-05
0.835545 9.9955E-05 9.9955E-05 0.0650331 9.9955E-05 0.0388871 0.0150286 9.9955E-05 0.0450065 9.9955E-05
0.312668 0.0168044 9.9955E-05 0.063357 9.9955E-05 0.0030289 9.9955E-05 9.9955E-05 0.603641 9.9955E-05
0.850676 9.9955E-05 9.9955E-05 0.0628594 9.9955E-05 0.0194697 0.0326919 9.9955E-05 0.0338027 9.9955E-05
0.221078 9.9964E-05 0.115355 0.558652 9.9964E-05 9.9964E-05 0.0343028 0.0494453 0.0207674 9.9964E-05
0.919753 0.00674029 9.9964E-05 9.9964E-05 9.9964E-05 0.0181618 9.9964E-05 0.0106937 0.00877757 0.0354736
0.0906159 9.99549E-05 0.431362 0.0595781 9.99549E-05 9.99549E-05 0.0970619 9.99549E-05 9.99549E-05 0.320882
0.0410252 9.9973E-05 0.5735 0.13353 9.9973E-05 0.0691989 9.9973E-05 0.0214486 0.0724272 0.0885698
0.184832 9.9973E-05 0.213548 0.110143 9.9973E-05 0.195921 0.0188824 9.9973E-05 0.0960035 0.180369
0.862442 0.0228629 0.00709366 0.0568973 9.9973E-05 0.0275882 0.0162659 9.9973E-05 0.00655034 9.9973E-05
9.9946E-05 0.866941 9.9946E-05 9.9946E-05 0.105065 9.9946E-05 0.0151666 0.0122279 9.9946E-05 9.9946E-05
9.9937E-05 9.9937E-05 0.0185798 0.951199 9.9937E-05 0.0295216 9.9937E-05 9.9937E-05 9.9937E-05 9.9937E-05
0.0864002 9.99549E-05 0.432138 0.0470895 9.99549E-05 9.99549E-05 0.0516985 9.99549E-05 9.99549E-05 0.382174
9.9946E-05 9.9946E-05 0.0463808 0.92088 9.9946E-05 0.0128492 9.9946E-05 9.9946E-05 0.0192908 9.9946E-05
9.9937E-05 0.774184 9.9937E-05 9.9937E-05 0.0832683 9.9937E-05 9.9937E-05 9.9937E-05 9.9937E-05 0.141849
9.9937E-05 9.9937E-05 9.9937E-05 9.9937E-05 9.9937E-05 0.0517294 9.9937E-05 9.9937E-05 0.947205 0.000366514
9.9946E-05 9.9946E-05 9.9946E-05 9.9946E-05 0.0171676 9.9946E-05 0.96619 9.9946E-05 0.00710653 0.008936
0.0368832 9.9982E-05 0.0217267 0.00853109 0.129629 9.9982E-05 0.696361 0.00723503 0.0597496 0.0396847
0.946989 9.99551E-05 0.0168771 0.00323468 9.99551E-05 9.99551E-05 0.0278481 9.99551E-05 0.00455172 9.99551E-05
0.251422 9.9955E-05 9.9955E-05 0.252152 9.9955E-05 0.361026 0.0268319 9.9955E-05 0.108068 9.9955E-05
9.99201E-05 9.99201E-05 9.99201E-05 9.99201E-05 9.99201E-05 9.99201E-05 9.99201E-05 9.99201E-05 0.999101 9.99201E-05
9.9928E-05 9.9928E-05 9.9928E-05 9.9928E-05 9.9928E-05 9.9928E-05 9.9928E-05 9.9928E-05 0.998387 0.000813239
9.9982E-05 0.0383164 0.0351808 0.27255 0.101132 0.411668 9.9982E-05 0.057462 0.0792496 0.00424074
0.269063 9.99695E-05 9.99695E-05 0.349374 9.99695E-05 0.307446 9.99695E-05 0.00536562 0.066003 0.00234805
0.00555918 0.849812 0.0218147 0.00732821 0.00300078 9.9973E-05 9.9973E-05 9.9973E-05 0.00197405 0.110211
9.99201E-05 9.99201E-05 9.99201E-05 9.99201E-05 9.99201E-05 9.99201E-05 9.99201E-05 9.99201E-05 9.99201E-05 0.999101
9.99459E-05 0.450705 9.99459E-05 9.99459E-05 0.10318 9.99459E-05 9.99459E-05 0.223256 9.99459E-05 0.22226
0.00117271 0.00353311 9.9973E-05 9.9973E-05 0.190614 0.0322974 0.0523502 0.276353 9.9973E-05 0.44338
9.9955E-05 9.9955E-05 9.9955E-05 9.9955E-05 0.173071 0.0317849 0.0529003 0.278087 9.9955E-05 0.463657
0.00461863 0.179444 9.9973E-05 9.9973E-05 0.282348 9.9973E-05 0.00378318 0.177598 0.00707959 0.34483
9.99277E-05 0.00598122 9.99277E-05 9.99277E-05 9.99277E-05 9.99277E-05 9.99277E-05 9.99277E-05 9.99277E-05 0.993219
0.0204379 0.0609982 9.9991E-05 0.00249403 0.177398 0.00701787 0.0381944 0.318246 0.00615279 0.368961
9.9946E-05 0.0997813 9.9946E-05 9.9946E-05 0.387984 9.9946E-05 9.9946E-05 0.157179 9.9946E-05 0.354456
0.0186779 9.99639E-05 0.277522 0.0259227 9.99639E-05 9.99639E-05 0.0497485 9.99639E-05 0.0501508 0.577579
0.0257824 0.243874 9.9964E-05 9.9964E-05 0.259456 9.9964E-05 9.9964E-05 0.133579 0.0156458 0.321262
0.0837331 9.99729E-05 0.243468 9.99729E-05 9.99729E-05 0.0283258 0.0498975 0.0146514 0.0187888 0.560835
9.9937E-05 9.9937E-05 0.749967 0.116286 9.9937E-05 9.9937E-05 9.9937E-05 9.9937E-05 0.133048 9.9937E-05
9.9964E-05 0.0245121 0.611209 9.9964E-05 0.179201 0.0699708 0.0276323 0.0870752 9.9964E-05 9.9964E-05
9.9982E-05 0.190613 0.00747967 0.0776447 0.189956 9.9982E-05 0.036003 0.094779 0.0116618 0.391663
9.9982E-05 0.150063 0.0617144 0.117642 0.165735 9.9982E-05 0.017741 0.110665 0.0152473 0.360992
9.99201E-05 9.99201E-05 9.99201E-05 9.99201E-05 9.99201E-05 9.99201E-05 9.99201E-05 9.99201E-05 9.99201E-05 0.999101
9.9955E-05 0.227976 9.9955E-05 9.9955E-05 0.214084 9.9955E-05 0.00665018 0.178867 9.9955E-05 0.371922
0.103996 9.99641E-05 0.010435 0.870052 0.00478277 0.00172389 0.00861037 9.99641E-05 9.99641E-05 9.99641E-05
9.9955E-05 0.869867 0.00685015 0.0289217 0.0012304 9.9955E-05 9.9955E-05 9.9955E-05 9.9955E-05 0.092631
0.0151845 9.9964E-05 9.9964E-05 9.9964E-05 0.170086 0.036734 0.024803 0.275406 9.9964E-05 0.477387
9.99461E-05 0.232626 9.99461E-05 9.99461E-05 0.306901 9.99461E-05 9.99461E-05 0.0645999 9.99461E-05 0.395274
0.00257817 0.0712688 9.9964E-05 9.9964E-05 0.197584 9.9964E-05 0.0281348 0.289863 9.9964E-05 0.410172
9.9964E-05 0.0718511 9.9964E-05 9.9964E-05 0.280013 0.00740982 0.0318985 0.269463 9.9964E-05 0.338964
0.717097 0.0475026 0.0435425 9.9973E-05 0.0145742 0.0581509 9.9973E-05 0.0188942 0.0999392 9.9973E-05
0.327895 0.0257779 0.0371192 0.47545 9.9973E-05 9.9973E-05 0.0616081 0.0360482 0.0358021 9.9973E-05
9.9955E-05 0.746762 9.9955E-05 9.9955E-05 0.0891426 9.9955E-05 0.000597305 0.039046 9.9955E-05 0.123953
9.9928E-05 9.9928E-05 0.0290329 0.970168 9.9928E-05 9.9928E-05 9.9928E-05 9.9928E-05 9.9928E-05 9.9928E-05
0.679701 0.0637542 0.0847859 9.9964E-05 0.00523333 0.0878621 9.9964E-05 9.9964E-05 0.0782632 9.9964E-05
9.9946E-05 9.9946E-05 0.852627 9.9946E-05 9.9946E-05 9.9946E-05 0.015858 9.9946E-05 0.058411 0.0725046
9.99201E-05 0.999101 9.99201E-05 9.99201E-05 9.99201E-05 9.99201E-05 9.99201E-05 9.99201E-05 9.99201E-05 9.99201E-05
9.9928E-05 0.981284 9.9928E-05 9.9928E-05 9.9928E-05 9.9928E-05 0.0179164 9.9928E-05 9.9928E-05 9.9928E-05
9.9955E-05 0.88702 9.9955E-05 0.0188598 0.0117731 9.9955E-05 0.0395688 0.0422784 9.9955E-05 9.9955E-05
9.9946E-05 0.975035 9.9946E-05 9.9946E-05 9.9946E-05 0.010272 0.00299094 0.0111023 9.9946E-05 9.9946E-05
9.9946E-05 0.0249275 0.0747455 9.9946E-05 9.9946E-05 0.206268 9.9946E-05 9.9946E-05 0.693459 9.9946E-05
0.072971 0.810324 9.9955E-05 9.9955E-05 0.058427 0.00735314 0.0504249 9.9955E-05 9.9955E-05 9.9955E-05
0.71055 0.0430532 0.0227868 9.9973E-05 0.030445 0.0375611 9.9973E-05 0.0225251 0.132779 9.9973E-05
0.956431 9.9937E-05 0.015174 9.9937E-05 9.9937E-05 9.9937E-05 9.9937E-05 9.9937E-05 9.9937E-05 0.0276953
0.841784 9.9946E-05 9.9946E-05 9.9946E-05 9.9946E-05 0.0941355 0.0455631 0.0179179 9.9946E-05 9.9946E-05
0.926496 9.9955E-05 9.9955E-05 9.9955E-05 0.000923454 0.0221198 0.0283758 9.9955E-05 9.9955E-05 0.0215855
0.852616 9.9973E-05 9.9973E-05 0.0714668 0.00626042 0.0359219 0.0191711 0.00183551 0.0124286 9.9973E-05
0.0507974 9.9964E-05 9.9964E-05 9.9964E-05 0.0549021 0.000804807 0.0503836 0.437136 9.9964E-05 0.405576
0.0409074 9.9973E-05 9.9973E-05 0.000899124 0.0547383 9.9973E-05 0.0711242 0.397139 0.00913032 0.425761
0.0256157 9.9964E-05 9.9964E-05 0.0282929 9.9964E-05 0.0114539 9.9964E-05 0.876356 0.0221694 0.0357119
0.0390726 0.0828416 9.9946E-05 9.9946E-05 0.0188505 9.9946E-05 9.9946E-05 0.858636 9.9946E-05 9.9946E-05
0.0307573 0.0156748 9.9964E-05 0.0100935 9.9964E-05 9.9964E-05 0.000373118 0.934611 9.9964E-05 0.00809087
9.9964E-05 9.9964E-05 0.518074 0.0702216 9.9964E-05 9.9964E-05 0.0183105 0.293231 0.0807094 0.019054
9.9946E-05 9.9946E-05 9.9946E-05 0.0472315 9.9946E-05 9.9946E-05 9.9946E-05 0.925106 0.000943164 0.0261199
0.193436 0.194759 0.0306856 0.195738 0.0309325 0.0755611 9.9991E-05 0.0878186 0.112294 0.0786744
9.99201E-05 9.99201E-05 9.99201E-05 9.99201E-05 9.99201E-05 9.99201E-05 9.99201E-05 0.999101 9.99201E-05 9.99201E-05
9.9928E-05 9.9928E-05 9.9928E-05 9.9928E-05 0.00809923 9.9928E-05 9.9928E-05 0.991101 9.9928E-05 9.9928E-05
9.9946E-05 0.0200601 9.9946E-05 9.9946E-05 0.0202303 9.9946E-05 0.0116222 0.947488 9.9946E-05 9.9946E-05
0.0142797 0.0407502 9.9964E-05 0.025509 0.65585 0.0207702 9.9964E-05 0.242441 9.9964E-05 9.9964E-05
9.99281E-05 0.0127647 9.99281E-05 9.99281E-05 9.99281E-05 9.99281E-05 9.99281E-05 0.986436 9.99281E-05 9.99281E-05
0.00957347 0.0113924 9.9973E-05 9.9973E-05 0.122947 0.0299405 0.0234836 0.795685 9.9973E-05 0.0066788
0.0491569 9.9955E-05 0.00460529 0.916526 9.9955E-05 9.9955E-05 9.9955E-05 0.0116743 9.9955E-05 0.0175373
0.194809 0.0110237 0.0618849 0.571638 9.9973E-05 9.9973E-05 0.0691923 0.0515011 0.0396517 9.9973E-05
0.688313 9.9973E-05 0.101414 0.133649 0.0219745 9.9973E-05 0.00708578 0.0174482 9.9973E-05 0.0298154
0.840065 0.000399933 0.0234173 0.0907976 9.9955E-05 9.9955E-05 0.0448203 9.9955E-05 9.9955E-05 9.9955E-05
0.0330742 9.9964E-05 0.722224 0.100037 9.9964E-05 0.0456765 9.9964E-05 9.9964E-05 0.0501079 0.0484808
0.739541 0.00491371 0.0529249 0.100932 9.9964E-05 9.9964E-05 0.0684723 0.0328166 9.9964E-05 9.9964E-05
9.9946E-05 9.9946E-05 9.9946E-05 0.891676 9.9946E-05 0.0919292 0.0153259 9.9946E-05 9.9946E-05 0.000469744
0.0205964 9.99461E-05 9.99461E-05 0.938213 9.99461E-05 0.0262885 9.99461E-05 9.99461E-05 9.99461E-05 0.0143026
9.9946E-05 9.9946E-05 0.857233 0.0495578 9.9946E-05 9.9946E-05 9.9946E-05 9.9946E-05 0.0914914 0.00111814
0.676785 9.9964E-05 0.0691399 0.0884749 9.9964E-05 9.9964E-05 0.0596282 0.00641146 9.9964E-05 0.0991608
0.493063 0.0227231 0.125216 0.109796 9.9982E-05 0.083697 0.0868272 0.0232906 9.9982E-05 0.0551869
0.0148642 9.99642E-05 0.500227 0.0369958 9.99642E-05 9.99642E-05 0.0404816 9.99642E-05 0.147802 0.25923
9.9955E-05 9.9955E-05 0.803473 0.0577063 9.9955E-05 9.9955E-05 9.9955E-05 0.0050952 0.0723137 0.0609125
0.0545053 9.99549E-05 0.616804 0.120912 9.99549E-05 9.99549E-05 9.99549E-05 9.99549E-05 0.0908986 0.116381
0.186541 0.0648372 0.0412155 0.558133 0.0758022 0.00548415 9.9973E-05 9.9973E-05 0.0676866 9.9973E-05
9.9937E-05 9.9937E-05 0.781273 0.0812398 9.9937E-05 9.9937E-05 9.9937E-05 9.9937E-05 0.136788 9.9937E-05
9.9946E-05 9.9946E-05 0.00395888 0.981505 9.9946E-05 9.9946E-05 9.9946E-05 0.00905737 0.00487897 9.9946E-05
9.9955E-05 0.0130974 0.939202 9.9955E-05 0.00159536 9.9955E-05 9.9955E-05 9.9955E-05 0.0368174 0.00878772
9.99461E-05 0.0141165 0.973804 9.99461E-05 9.99461E-05 0.00666419 0.00481599 9.99461E-05 9.99461E-05 9.99461E-05
9.9973E-05 0.158615 0.190195 9.9973E-05 0.133746 9.9973E-05 0.0410664 0.0811519 0.0609102 0.334015
9.9955E-05 9.9955E-05 0.792628 0.0382375 9.9955E-05 9.9955E-05 0.00848506 9.9955E-05 0.156093 0.00405664
9.99369E-05 9.99369E-05 0.887637 0.00506597 9.99369E-05 9.99369E-05 9.99369E-05 9.99369E-05 0.106597 9.99369E-05
9.9946E-05 9.9946E-05 0.797403 0.01924 9.9946E-05 9.9946E-05 9.9946E-05 9.9946E-05 0.162402 0.0203554
0.148465 9.9964E-05 0.358239 0.0988791 9.9964E-05 9.9964E-05 0.0953095 0.0194454 9.9964E-05 0.279263
0.0900014 0.00777872 0.0778832 0.808325 0.0155121 9.9955E-05 9.9955E-05 9.9955E-05 9.9955E-05 9.9955E-05
9.9946E-05 0.0400566 0.0388967 0.903069 9.9946E-05 9.9946E-05 9.9946E-05 9.9946E-05 0.0173779 9.9946E-05
9.9959E-05 0.00989198 0.0526263 0.888572 9.9959E-05 9.9959E-05 9.9959E-05 0.0231245 0.0252855 9.9959E-05
0.0295251 9.9937E-05 0.0589563 0.910819 9.9937E-05 9.9937E-05 9.9937E-05 9.9937E-05 9.9937E-05 9.9937E-05
9.9937E-05 0.890853 0.0164328 9.9937E-05 9.9937E-05 9.9937E-05 9.9937E-05 9.9937E-05 9.9937E-05 0.0920146
0.0262164 0.247917 0.274487 0.0505902 0.313963 0.0127402 9.9982E-05 0.0166399 9.9982E-05 0.0572465
0.722248 0.0316943 0.00562066 0.151285 0.0079984 9.9991E-05 0.0152914 0.00444614 0.0390187 0.0222974
0.307954 9.9964E-05 0.0449967 0.139747 9.9964E-05 0.413779 0.0221556 9.9964E-05 0.070967 9.9964E-05
9.9973E-05 0.0672238 0.661287 0.070325 0.124995 0.00770566 0.0254985 0.0426646 9.9973E-05 9.9973E-05
9.9982E-05 0.0616141 0.664626 0.051388 0.124584 0.0303752 0.0167564 0.0433819 9.9982E-05 0.00707395
0.87163 0.0319023 9.99459E-05 0.00475062 9.99459E-05 9.99459E-05 9.99459E-05 9.99459E-05 9.99459E-05 0.0911174
0.728941 0.0514233 0.0238324 9.9973E-05 0.00247889 0.0768831 9.9973E-05 0.00146183 0.114679 9.9973E-05
9.9973E-05 0.0312309 0.0238443 0.2452 0.52483 9.9973E-05 0.0103627 0.0592192 0.105012 9.9973E-05
9.9982E-05 0.0742902 0.0638915 0.249781 0.00681371 0.129169 9.9982E-05 0.0363414 0.391612 0.0479002
0.810233 9.99641E-05 0.0487067 0.0892764 9.99641E-05 0.0204088 9.99641E-05 9.99641E-05 0.0198322 0.0111429
0.227215 9.9955E-05 0.296511 9.9955E-05 9.9955E-05 0.0207551 0.107398 9.9955E-05 9.9955E-05 0.34762
9.9973E-05 0.0159752 0.603421 0.0555658 0.164934 0.0264465 0.0528565 0.0805017 9.9973E-05 9.9973E-05
0.108868 9.99549E-05 0.300844 0.0877798 9.99549E-05 9.99549E-05 0.0835016 9.99549E-05 9.99549E-05 0.418507
0.225514 9.9964E-05 0.216258 0.0973093 9.9964E-05 9.9964E-05 0.115373 0.00440393 9.9964E-05 0.340742
0.86252 9.9946E-05 9.9946E-05 0.0355228 9.9946E-05 9.9946E-05 0.0725521 9.9946E-05 9.9946E-05 0.028805
0.887111 0.00889805 9.9964E-05 0.0491822 0.0390382 9.9964E-05 0.00627059 9.9964E-05 9.9964E-05 0.00909976
0.938471 9.9955E-05 9.9955E-05 0.0221251 0.0149575 9.9955E-05 0.0190517 9.9955E-05 9.9955E-05 0.00489516
0.834777 9.9964E-05 9.9964E-05 0.0433442 9.9964E-05 9.9964E-05 0.0319265 0.00385825 0.0422894 0.0434044
0.925748 9.9955E-05 9.9955E-05 0.0405876 0.00144258 9.9955E-05 0.027779 0.00394347 9.9955E-05 9.9955E-05
0.905801 9.99371E-05 9.99371E-05 9.99371E-05 9.99371E-05 0.0635769 9.99371E-05 9.99371E-05 0.0299227 9.99371E-05
0.462834 9.9964E-05 0.0757923 9.9964E-05 0.0372201 0.0296759 0.152469 9.9964E-05 9.9964E-05 0.241609
0.194833 9.9973E-05 0.159265 0.0490555 9.9973E-05 9.9973E-05 0.11391 0.0651523 0.0068451 0.410639
0.904334 9.9946E-05 9.9946E-05 0.0121361 0.0322508 9.9946E-05 9.9946E-05 9.9946E-05 0.0506799 9.9946E-05
0.242395 9.9982E-05 0.199543 0.027176 0.000168343 9.9982E-05 0.091922 0.0157568 0.0468242 0.376015
0.117017 9.99639E-05 0.331722 0.0870792 9.99639E-05 0.00757961 0.0553112 9.99639E-05 9.99639E-05 0.400892
9.99201E-05 9.99201E-05 9.99201E-05 9.99201E-05 0.999101 9.99201E-05 9.99201E-05 9.99201E-05 9.99201E-05 9.99201E-05
9.99369E-05 9.99369E-05 0.0196597 9.99369E-05 0.951248 9.99369E-05 9.99369E-05 9.99369E-05 9.99369E-05 0.0283929
9.99233E-05 9.99233E-05 9.99233E-05 9.99233E-05 0.999101 9.99233E-05 9.99233E-05 9.99233E-05 9.99233E-05 9.99233E-05
9.99279E-05 9.99279E-05 9.99279E-05 9.99279E-05 0.977696 9.99279E-05 9.99279E-05 9.99279E-05 9.99279E-05 0.0215049
0.00132314 9.99279E-05 9.99279E-05 9.99279E-05 0.997877 9.99279E-05 9.99279E-05 9.99279E-05 9.99279E-05 9.99279E-05
9.99201E-05 9.99201E-05 9.99201E-05 9.99201E-05 0.999101 9.99201E-05 9.99201E-05 9.99201E-05 9.99201E-05 9.99201E-05
