0.124374 0.15642 0.00366078 0.633648 0.0584445 0.0234526
0.456269 0.170664 0.0292968 0.295534 0.0329652 0.0152713
0.445622 0.14372 0.040387 0.238601 0.0868537 0.0448175
0.094674 0.176963 9.9982E-05 0.678391 0.0497724 9.9982E-05
0.9346 9.9982E-05 0.00553657 0.0387491 9.9982E-05 0.0209143
0.433454 0.183651 0.0898194 0.240628 0.0378863 0.0145613
9.9982E-05 9.9982E-05 0.0121606 0.387442 0.0845684 0.515629
0.000412544 9.9973E-05 9.9973E-05 0.00915808 9.9973E-05 0.990129
0.011832 0.0204371 0.00238412 9.9982E-05 9.9982E-05 0.965147
0.00647615 9.9964E-05 9.9964E-05 9.9964E-05 9.9964E-05 0.993124
0.0324282 0.0206387 9.9982E-05 0.0923953 0.854338 9.9982E-05
9.9973E-05 9.9973E-05 9.9973E-05 0.051879 0.927386 0.0204351
9.9973E-05 9.9973E-05 9.9973E-05 0.014503 0.946927 0.0382706
9.99641E-05 9.99641E-05 9.99641E-05 0.0190127 0.980587 9.99641E-05
9.9982E-05 0.0219121 0.853594 0.123443 9.9982E-05 0.000850806
9.996E-05 9.996E-05 9.996E-05 9.996E-05 9.996E-05 0.9995
9.9964E-05 9.9964E-05 9.9964E-05 0.7907 0.2089 9.9964E-05
9.9973E-05 9.9973E-05 0.899173 9.9973E-05 0.093401 0.00712609
9.999E-05 0.0543269 0.59351 0.124593 0.196672 0.030797
9.9982E-05 0.00376983 0.370599 9.9982E-05 0.617244 0.00818719
9.9982E-05 9.9982E-05 0.855205 0.0506911 0.0342929 0.0596105
0.00321406 0.000295337 0.0770502 9.9991E-05 0.897138 0.0222024
9.9973E-05 9.9973E-05 0.931215 9.9973E-05 0.0528534 0.0156314
9.999E-05 0.0293068 0.108909 0.0365146 0.809919 0.0152507
9.9964E-05 9.9964E-05 0.0766722 9.9964E-05 0.922928 9.9964E-05
9.9973E-05 9.9973E-05 0.971599 0.0256485 0.00245261 9.9973E-05
9.9973E-05 9.9973E-05 0.88268 9.9973E-05 0.101595 0.0154257
0.00065564 0.0863998 0.621539 0.00635665 0.284949 9.9991E-05
9.9982E-05 0.0267875 0.940771 9.9982E-05 0.0149013 0.0173403
9.9973E-05 0.0108654 0.965895 9.9973E-05 0.0229396 9.9973E-05
9.9973E-05 0.0246794 0.0331953 9.9973E-05 0.941825 9.9973E-05
9.9964E-05 9.9964E-05 9.9964E-05 0.0723733 0.927227 9.9964E-05
9.9964E-05 9.9964E-05 0.883549 9.9964E-05 0.116051 9.9964E-05
9.9973E-05 9.9973E-05 0.199323 9.9973E-05 0.760995 0.0393821
0.0130788 9.9982E-05 0.942606 9.9982E-05 0.0359767 0.00813814
9.9964E-05 9.9964E-05 0.040837 9.9964E-05 0.958763 9.9964E-05
0.00343575 9.9973E-05 0.917803 9.9973E-05 0.0784614 9.9973E-05
9.9973E-05 0.0377437 0.0394599 9.9973E-05 0.922496 9.9973E-05
0.182019 0.17598 9.9982E-05 0.627465 9.9982E-05 0.0143358
0.843773 0.150492 9.9973E-05 9.9973E-05 0.00543448 9.9973E-05
0.107214 9.9973E-05 9.9973E-05 0.037919 0.854568 9.9973E-05
9.9964E-05 9.9964E-05 0.954868 9.9964E-05 0.0447324 9.9964E-05
9.9982E-05 0.0106789 0.0507644 9.9982E-05 0.929416 0.0089404
0.219944 0.383025 0.0104525 0.30363 0.0828492 9.9991E-05
9.9991E-05 0.0530625 0.569373 0.129834 0.215795 0.0318364
9.9991E-05 0.0190681 0.378694 0.0448517 0.491616 0.0656705
0.0139865 0.0145274 0.873252 0.017841 0.0538152 0.0265783
0.472925 0.213655 0.0715378 0.230044 0.0117385 9.9991E-05
0.215933 0.672447 9.9991E-05 0.0814232 0.0213963 0.00870052
9.9964E-05 9.9964E-05 9.9964E-05 0.99202 0.00757967 9.9964E-05
9.9982E-05 9.9982E-05 0.0088022 0.852774 0.121702 0.0165213
9.9982E-05 9.9982E-05 0.0306825 0.802887 0.143077 0.023153
9.9964E-05 9.9964E-05 9.9964E-05 0.995785 9.9964E-05 0.00381515
9.9973E-05 0.00244309 9.9973E-05 9.9973E-05 0.0362544 0.961003
9.9973E-05 9.9973E-05 9.9973E-05 0.0206363 0.0285784 0.950485
9.9982E-05 9.9982E-05 0.0131705 0.259433 0.686593 0.0406031
9.9973E-05 9.9973E-05 0.0569923 9.9973E-05 0.929353 0.0133544
0.233664 0.0795124 0.247483 0.344347 0.0383365 0.0566573
0.954806 0.000380491 0.0025546 0.0409463 9.9991E-05 0.00121244
0.526041 0.386261 0.0567635 0.0307344 9.9982E-05 9.9982E-05
9.99639E-05 9.99639E-05 9.99639E-05 0.791118 0.208482 9.99639E-05
0.0118888 9.9991E-05 0.00431181 0.772732 0.177818 0.0331491
9.9973E-05 0.058726 9.9973E-05 0.734267 0.206707 9.9973E-05
9.9964E-05 9.9964E-05 9.9964E-05 0.00766095 9.9964E-05 0.991939
0.917927 0.0356122 0.00700459 0.0379403 9.9991E-05 0.0014158
9.99639E-05 9.99639E-05 9.99639E-05 0.745937 0.253663 9.99639E-05
0.122881 0.0864054 9.9982E-05 0.762449 9.9982E-05 0.0280645
9.9964E-05 9.9964E-05 0.0287227 9.9964E-05 0.970877 9.9964E-05
9.9964E-05 9.9964E-05 9.9964E-05 9.9964E-05 0.995704 0.00389591
0.036858 0.020211 0.0373776 0.0962487 9.9991E-05 0.809205
0.0142285 0.0156052 0.041703 0.0931504 0.0318829 0.80343
9.9991E-05 0.0206644 0.0147659 0.0695709 0.0239162 0.870983
0.0223715 9.9973E-05 9.9973E-05 0.0156024 9.9973E-05 0.961726
9.9973E-05 9.9973E-05 9.9973E-05 0.0181403 0.00300144 0.978558
0.00642894 0.00517128 9.9982E-05 9.9982E-05 0.00677967 0.98142
9.9973E-05 9.9973E-05 0.0184114 0.011852 9.9973E-05 0.969437
0.00193784 9.9973E-05 9.9973E-05 9.9973E-05 0.016335 0.981427
0.012649 0.0156702 9.9982E-05 0.016507 9.9982E-05 0.954974
9.996E-05 9.996E-05 9.996E-05 9.996E-05 9.996E-05 0.9995
9.9982E-05 9.9982E-05 0.0342447 0.0226016 0.00701488 0.935939
9.9991E-05 0.00689906 0.0246714 0.0161588 0.0165192 0.935652
0.00413045 0.0172154 0.0132312 0.0042215 0.0168599 0.944342
0.000296441 0.010998 0.426687 9.9991E-05 0.0232394 0.538679
9.9973E-05 9.9973E-05 0.436112 9.9973E-05 0.00793915 0.555649
9.996E-05 9.996E-05 9.996E-05 9.996E-05 9.996E-05 0.9995
9.9964E-05 9.9964E-05 9.9964E-05 0.0519637 9.9964E-05 0.947636
9.9973E-05 9.9973E-05 0.00126828 0.0564933 9.9973E-05 0.941939
0.0186694 0.0140534 0.0313462 9.9991E-05 0.0120228 0.923808
9.996E-05 9.996E-05 9.996E-05 9.996E-05 9.996E-05 0.9995
9.9973E-05 9.9973E-05 0.457534 9.9973E-05 0.00229455 0.539871
0.0244651 0.0118068 0.0573316 9.9991E-05 0.0477185 0.858578
0.00365128 0.000951518 9.9991E-05 0.0417027 0.0183914 0.935203
0.000701089 9.9982E-05 9.9982E-05 0.0343517 0.000311525 0.964436
0.029147 0.00749947 0.0128275 9.9982E-05 9.9982E-05 0.950326
0.0115552 9.9991E-05 0.0310505 0.048312 0.00903737 0.899945
9.9973E-05 9.9973E-05 9.9973E-05 0.0497614 0.00546583 0.944473
0.117551 0.0364671 0.642803 0.196625 0.00645393 9.9991E-05
0.00189851 0.0158171 0.043119 9.9982E-05 9.9982E-05 0.938965
9.9964E-05 9.9964E-05 9.9964E-05 9.9964E-05 0.00202207 0.997578
0.0458464 0.0795792 0.0702045 0.0795905 9.9991E-05 0.724679
9.996E-05 9.996E-05 9.996E-05 9.996E-05 9.996E-05 0.9995
9.9973E-05 9.9973E-05 0.0185627 0.00949878 9.9973E-05 0.971639
0.0128861 0.00137856 9.9991E-05 0.00341249 0.00851074 0.973712
0.00823902 9.9991E-05 0.0010365 0.012567 0.0164116 0.961646
9.9982E-05 0.0038242 0.949137 9.9982E-05 0.0106074 0.036231
9.996E-05 9.996E-05 9.996E-05 9.996E-05 9.996E-05 0.9995
0.00127481 0.0051389 9.9982E-05 0.0196445 9.9982E-05 0.973742
9.9964E-05 0.00565584 9.9964E-05 9.9964E-05 9.9964E-05 0.993944
0.00272392 0.00852412 0.640446 0.0489592 0.292824 0.00652292
0.0284154 0.00328668 0.00071666 0.0215541 9.9991E-05 0.945927
9.9982E-05 0.0171358 9.9982E-05 0.00454089 0.0214663 0.956657
9.9973E-05 0.00716513 0.0226881 9.9973E-05 9.9973E-05 0.969847
9.9973E-05 9.9973E-05 0.00612795 9.9973E-05 0.00372113 0.989851
9.9982E-05 9.9982E-05 0.674738 0.0427429 0.253808 0.028511
9.9964E-05 0.0068831 9.9964E-05 9.9964E-05 9.9964E-05 0.992717
0.0234197 0.00851249 0.00249471 0.0512328 9.9991E-05 0.91424
9.9964E-05 9.9964E-05 0.501236 9.9964E-05 9.9964E-05 0.498365
9.996E-05 9.996E-05 9.996E-05 9.996E-05 9.996E-05 0.9995
0.00368975 9.9982E-05 0.211717 9.9982E-05 0.748724 0.0356701
0.0314259 9.9973E-05 0.288777 9.9973E-05 0.679497 9.9973E-05
0.0530536 0.018543 0.0248041 0.0038113 0.877242 0.0225463
9.9973E-05 9.9973E-05 0.922261 9.9973E-05 0.0514312 0.0260078
9.9973E-05 9.9973E-05 9.9973E-05 0.723414 0.219703 0.056583
0.0117692 9.9982E-05 0.0514317 9.9982E-05 0.89496 0.041639
0.0192568 0.0270965 0.208041 0.2627 0.482806 9.9991E-05
9.9982E-05 0.00854968 0.209114 9.9982E-05 0.752404 0.029732
0.0178165 0.0327874 0.261497 9.9991E-05 0.675456 0.012343
9.9991E-05 0.0127981 0.22314 0.00279478 0.736811 0.0243562
0.0482849 0.0798532 0.27971 9.9982E-05 0.591951 9.9982E-05
0.0227845 0.0496168 0.312535 9.9991E-05 0.58414 0.0308236
0.0199283 9.9982E-05 0.00460717 9.9982E-05 0.951418 0.023847
0.0078248 0.0270278 9.9991E-05 0.00215489 0.920498 0.0423944
0.0241968 0.0459559 9.9982E-05 9.9982E-05 0.899009 0.0306383
9.9991E-05 0.0406778 0.807911 0.0418786 0.0819406 0.0274919
0.413521 0.51683 9.9982E-05 0.0302422 9.9982E-05 0.0392072
0.404783 0.501351 9.9982E-05 0.0332487 9.9982E-05 0.0604174
0.76178 0.140904 9.9982E-05 0.0926916 0.00442456 9.9982E-05
0.0159643 0.0499137 0.335987 0.320993 0.162606 0.114537
0.39956 0.503941 0.00210449 0.0847295 9.9991E-05 0.00956519
0.358557 0.481298 0.0395126 0.105328 9.9991E-05 0.0152043
0.064712 0.0149139 0.148171 0.144904 0.49846 0.128839
0.516765 0.401025 0.00500415 0.045571 0.0315348 9.9991E-05
0.486326 0.397019 0.00959314 0.0477441 0.0350974 0.0242204
0.507298 0.432112 9.9991E-05 0.0516077 0.00547846 0.00340332
0.239247 0.563498 0.0560827 0.118684 9.9991E-05 0.0223887
0.238825 0.61199 0.0270602 0.0731307 0.0121673 0.0368261
0.478028 0.422756 0.0691623 0.014456 0.0154973 9.9991E-05
9.9973E-05 0.0407592 9.9973E-05 0.878754 0.0801871 9.9973E-05
0.788906 0.181333 0.0126901 0.00376276 0.00723711 0.00607015
0.00126646 9.9991E-05 0.901901 0.0241122 0.0608843 0.0117365
0.0159828 9.9982E-05 0.955261 9.9982E-05 0.0134572 0.0150985
0.916361 0.0148754 0.0126813 0.0391681 9.9991E-05 0.0168137
0.17942 0.15773 0.172661 0.123786 0.159075 0.207328
0.00637741 0.0394202 0.0383078 0.708129 0.207666 9.9991E-05
0.0850384 0.0769179 9.9982E-05 0.0207039 0.81714 9.9982E-05
9.9991E-05 0.0265208 0.852618 0.0389693 0.0747886 0.00700355
0.124082 0.165933 9.9991E-05 0.0394045 0.640057 0.0304233
9.9982E-05 0.0736197 0.0255363 0.689434 0.21121 9.9982E-05
0.275966 0.589967 0.0748859 0.0371535 0.00212168 0.0199052
0.00165999 0.0238422 9.9991E-05 0.822812 0.145023 0.00656266
0.0949469 0.118505 0.145805 0.495584 0.0623819 0.0827766
9.9973E-05 9.9973E-05 0.954769 9.9973E-05 0.0229576 0.0219735
0.800396 0.106328 0.00857417 9.9991E-05 0.0586463 0.0259555
0.444067 9.9973E-05 9.9973E-05 9.9973E-05 0.514376 0.0412573
0.931752 9.9982E-05 0.0193975 9.9982E-05 0.0409832 0.00766746
0.0631658 0.100659 0.0504271 0.328244 0.414511 0.0429929
0.997006 9.9964E-05 9.9964E-05 9.9964E-05 9.9964E-05 0.00259377
0.0042646 9.9982E-05 0.0217917 0.683826 0.289918 9.9982E-05
0.827262 9.9982E-05 0.0408262 9.9982E-05 0.0921399 0.0395718
0.851166 9.9991E-05 0.017205 0.0285481 0.0570343 0.0459461
0.0754194 9.9982E-05 0.868105 0.00314708 0.0531288 9.9982E-05
0.153289 0.176986 0.435173 0.101616 0.125137 0.00779937
0.0879455 0.0579421 0.362317 0.0874333 0.372988 0.0313744
0.053812 0.841538 0.0229005 0.0235717 0.0279335 0.0302443
9.9973E-05 0.947154 9.9973E-05 0.00503463 0.0475112 9.9973E-05
9.9991E-05 0.91218 0.0125401 0.0350517 0.0227333 0.0173951
9.9991E-05 0.883007 0.0138563 0.0374951 0.0387711 0.0267702
9.9964E-05 0.0173557 0.982244 9.9964E-05 9.9964E-05 9.9964E-05
0.0430045 9.9982E-05 0.931041 0.0168581 0.00889668 9.9982E-05
9.9991E-05 0.0450246 0.750352 0.0970291 0.0838935 0.0236007
0.360619 0.533708 9.9982E-05 0.0979112 0.00756181 9.9982E-05
0.134545 0.162958 0.226623 0.18455 0.134359 0.156965
0.0316437 0.106092 0.395314 0.317031 9.9991E-05 0.149818
0.0335117 9.9991E-05 0.791159 0.0617971 0.100613 0.0128195
0.0245841 0.0410723 0.689043 0.0881066 0.0628099 0.094384
0.00639172 0.101318 0.775396 0.0658491 9.9991E-05 0.0509451
0.0681603 0.0692511 0.544786 0.160542 0.0100338 0.147227
0.0578481 0.0677484 0.0309643 0.783979 0.0401802 0.0192802
0.0120609 9.9982E-05 0.0277612 0.0302139 0.929764 9.9982E-05
9.9991E-05 0.0339956 0.251985 0.0751645 0.582183 0.056572
0.988189 9.9964E-05 9.9964E-05 9.9964E-05 0.0114116 9.9964E-05
0.936451 9.9982E-05 0.00935288 0.0510543 0.00294153 9.9982E-05
0.895099 9.9982E-05 0.0254258 0.0712363 0.00803919 9.9982E-05
0.435062 0.376162 9.9982E-05 0.175406 9.9982E-05 0.0131711
0.357583 0.146821 0.0376005 0.400463 9.9991E-05 0.0574325
0.383281 0.0962353 0.0235291 0.417907 9.9991E-05 0.0789472
9.9982E-05 0.022247 0.912315 0.0435638 0.0216746 9.9982E-05
0.00676564 0.0569638 0.842133 0.0584766 0.000482304 0.0351786
0.00640553 9.9973E-05 0.967917 9.9973E-05 0.0253773 9.9973E-05
0.0132852 9.9982E-05 9.9982E-05 0.668101 0.294023 0.0243913
0.971949 9.9982E-05 0.00217154 9.9982E-05 0.0069575 0.0187217
0.984818 9.9973E-05 9.9973E-05 9.9973E-05 0.00507788 0.00980408
0.969382 0.021014 9.9973E-05 9.9973E-05 0.00930427 9.9973E-05
0.910334 0.0691261 9.9973E-05 9.9973E-05 0.0202403 9.9973E-05
0.900614 0.0443114 9.9991E-05 0.00454103 0.0356457 0.0147874
0.116713 9.9973E-05 9.9973E-05 0.0600541 0.822933 9.9973E-05
0.351222 0.339038 0.0853546 0.144444 9.9991E-05 0.0798412
9.9964E-05 9.9964E-05 9.9964E-05 0.789068 0.210532 9.9964E-05
0.0887865 9.9973E-05 9.9973E-05 0.0895056 0.821408 9.9973E-05
0.0572444 0.0122148 0.818907 0.111434 9.9982E-05 9.9982E-05
9.9964E-05 9.9964E-05 9.9964E-05 0.0591359 0.940464 9.9964E-05
0.010714 9.9973E-05 9.9973E-05 0.09152 0.897466 9.9973E-05
9.9973E-05 9.9973E-05 9.9973E-05 0.113688 0.883275 0.00273733
0.969586 9.9973E-05 9.9973E-05 9.9973E-05 0.0161194 0.0139949
0.993664 9.9964E-05 9.9964E-05 9.9964E-05 0.00593591 9.9964E-05
0.416482 0.217256 0.049445 0.262661 0.0288882 0.0252677
0.963597 9.9982E-05 9.9982E-05 0.0263621 0.00269091 0.00715033
0.9995 9.996E-05 9.996E-05 9.996E-05 9.996E-05 9.996E-05
0.414077 0.0201027 9.9982E-05 9.9982E-05 0.562991 0.00262922
0.860602 0.102678 0.0334341 0.00308597 9.9982E-05 9.9982E-05
0.844197 0.0808541 0.0435365 0.0227233 0.00858896 9.9991E-05
0.279255 0.166342 0.09396 0.425598 9.9991E-05 0.0347455
9.9964E-05 9.9964E-05 9.9964E-05 0.735081 0.264519 9.9964E-05
0.749262 0.110839 9.9982E-05 0.0601053 0.079593 9.9982E-05
0.0176242 0.213943 0.303165 9.9991E-05 0.0463421 0.418826
0.737954 0.0776159 9.9982E-05 0.0222454 0.161985 9.9982E-05
0.960313 9.9973E-05 9.9973E-05 9.9973E-05 0.0145555 0.024832
0.0440019 0.00387887 9.9991E-05 0.0296542 0.921224 0.00114105
0.290166 9.9973E-05 9.9973E-05 0.0581446 0.651389 9.9973E-05
9.9973E-05 9.9973E-05 0.016234 0.81766 0.165806 9.9973E-05
0.0218537 9.9982E-05 0.00408636 0.972071 9.9982E-05 0.00178878
9.9964E-05 9.9964E-05 0.0685422 9.9964E-05 0.931058 9.9964E-05
9.9973E-05 9.9973E-05 9.9973E-05 0.849189 0.132224 0.0182875
0.0133356 9.9973E-05 9.9973E-05 0.70784 0.278524 9.9973E-05
0.0307564 9.9973E-05 9.9973E-05 0.654596 0.314348 9.9973E-05
9.9964E-05 9.9964E-05 9.9964E-05 0.994873 0.00472668 9.9964E-05
0.0662049 0.029316 9.9991E-05 0.565646 0.325259 0.0134747
9.9964E-05 9.9964E-05 9.9964E-05 0.771874 0.227726 9.9964E-05
0.269939 0.178346 0.108787 0.379035 9.9991E-05 0.0637923
9.9973E-05 9.9973E-05 0.955064 9.9973E-05 0.0322715 0.0123642
0.052386 0.00941262 0.785569 0.152433 9.9982E-05 9.9982E-05
9.996E-05 9.996E-05 9.996E-05 9.996E-05 9.996E-05 0.9995
0.0692924 0.00785877 0.701613 0.166194 0.0549419 9.9991E-05
9.9973E-05 9.9973E-05 0.862826 9.9973E-05 0.1054 0.0314739
9.9973E-05 9.9973E-05 0.367538 0.397373 0.234789 9.9973E-05
9.9973E-05 9.9973E-05 0.874248 9.9973E-05 0.0913337 0.0341182
9.9991E-05 0.0586985 0.28285 0.0741954 0.547295 0.0368619
0.00933498 0.0148027 0.971391 0.00427177 9.9982E-05 9.9982E-05
0.00590783 0.0409702 0.166179 0.640866 9.9991E-05 0.145977
9.9982E-05 0.0732109 0.0882968 0.677609 0.160683 9.9982E-05
0.0139549 0.0481403 0.219767 0.361206 0.306535 0.0503959
0.0310142 9.9991E-05 0.889502 0.0336614 0.0294109 0.0163114
0.956458 0.0354637 9.9973E-05 9.9973E-05 9.9973E-05 0.00777824
9.9964E-05 9.9964E-05 0.0619132 9.9964E-05 0.937687 9.9964E-05
0.000302178 0.122573 0.171031 0.61734 9.9991E-05 0.0886533
9.9973E-05 9.9973E-05 0.0514055 0.0286792 0.919615 9.9973E-05
0.927023 0.0320851 9.9982E-05 0.0209994 0.0196928 9.9982E-05
9.9964E-05 9.9964E-05 9.9964E-05 0.76474 0.23486 9.9964E-05
9.9964E-05 0.0120154 9.9964E-05 9.9964E-05 9.9964E-05 0.987585
0.0311647 0.0798006 0.0591527 0.102922 0.00635269 0.720607
9.9964E-05 9.9964E-05 0.992488 9.9964E-05 9.9964E-05 0.00711206
9.9982E-05 9.9982E-05 0.255995 0.041825 0.645897 0.0560832
9.99639E-05 9.99639E-05 9.99639E-05 0.810156 0.189444 9.99639E-05
9.99639E-05 9.99639E-05 9.99639E-05 0.781914 0.217686 9.99639E-05
0.115883 0.0996172 0.0114408 0.143055 0.629904 9.9991E-05
9.9991E-05 0.00426733 0.313413 0.0284679 0.609454 0.044297
0.924572 9.9973E-05 0.000988861 0.0741397 9.9973E-05 9.9973E-05
0.350338 0.158507 0.0129931 0.44471 9.9991E-05 0.0333518
0.637365 0.342374 9.9982E-05 0.00541979 0.0146418 9.9982E-05
0.186575 0.563711 0.0586612 0.0127773 0.0670943 0.111182
0.161676 0.574407 0.0575382 0.0888292 0.0426053 0.0749442
0.41715 0.430249 0.0232484 0.116737 9.9991E-05 0.0125156
0.367714 0.126706 0.030417 0.439238 9.9991E-05 0.0358251
0.230375 0.531751 0.0458309 0.121941 0.0111704 0.0589314
0.366767 0.486649 0.0583307 0.0880535 9.9982E-05 9.9982E-05
0.126562 0.140722 0.0855486 0.588858 9.9991E-05 0.0582081
0.453543 0.404568 0.02614 0.115548 9.9982E-05 9.9982E-05
0.103802 0.153876 0.14452 0.533817 9.9991E-05 0.063885
9.9973E-05 9.9973E-05 9.9973E-05 0.881739 0.0975329 0.0204286
0.0931307 0.198881 9.9991E-05 0.580822 0.0637638 0.0633019
0.40321 0.286534 9.9991E-05 0.209208 0.0568113 0.0441358
0.341767 0.269107 0.0589397 0.233804 0.0482266 0.0481562
0.320045 0.190862 0.0485207 0.407306 9.9991E-05 0.0331675
0.443911 0.408939 9.9991E-05 0.0920534 0.0160353 0.0389614
9.9964E-05 9.9964E-05 0.172503 9.9964E-05 0.827097 9.9964E-05
0.962098 9.9973E-05 9.9973E-05 0.0339559 0.00364602 9.9973E-05
0.167161 0.535882 0.0790211 0.144646 0.00258015 0.0707101
0.506716 0.320217 0.0251984 0.106684 9.9991E-05 0.0410849
0.256547 0.542636 0.0407545 0.105444 9.9991E-05 0.0545181
0.285883 0.538449 0.0319824 0.0530703 0.0275187 0.0630961
0.0324034 0.0154477 0.747442 0.204507 9.9982E-05 9.9982E-05
0.0282594 0.0379637 0.389752 0.0415691 0.442522 0.0599331
0.861339 0.0955932 9.9982E-05 0.0121862 9.9982E-05 0.030682
9.9973E-05 0.00818386 0.0652494 9.9973E-05 0.926267 9.9973E-05
0.0834685 9.9982E-05 0.732037 0.173873 0.010421 9.9982E-05
0.00483037 0.0136341 9.9982E-05 0.94426 9.9982E-05 0.0370758
0.9995 9.996E-05 9.996E-05 9.996E-05 9.996E-05 9.996E-05
0.9995 9.996E-05 9.996E-05 9.996E-05 9.996E-05 9.996E-05
0.935568 9.9973E-05 9.9973E-05 9.9973E-05 0.0284691 0.0356634
0.998159 9.9964E-05 9.9964E-05 9.9964E-05 9.9964E-05 0.00144161
0.025083 9.9982E-05 0.00940148 0.678794 0.286522 9.9982E-05
0.892464 9.9982E-05 0.0767328 9.9982E-05 0.00413322 0.0264702
0.0627669 0.0132765 0.765047 0.15253 0.00627947 9.9991E-05
9.9973E-05 0.00990349 0.96765 0.0221464 9.9973E-05 9.9973E-05
9.9982E-05 0.0367506 0.885413 9.9982E-05 0.051461 0.0261753
0.0133259 9.9982E-05 0.962942 0.013634 9.9982E-05 0.0098983
9.9982E-05 0.00384123 0.91633 9.9982E-05 0.0600675 0.0195617
0.087056 0.605299 0.0867451 0.148496 0.00308029 0.0693235
0.0846749 0.601896 0.0839543 0.112195 0.0165924 0.100687
9.9982E-05 0.919714 0.0209704 0.0163187 0.0427966 9.9982E-05
0.0670924 0.897191 0.0354161 9.9973E-05 9.9973E-05 9.9973E-05
9.9982E-05 0.958296 0.0017831 9.9982E-05 0.0209224 0.0187981
9.9991E-05 0.288466 0.0435794 0.618553 0.033371 0.0159307
9.9973E-05 0.954014 9.9973E-05 9.9973E-05 0.0207978 0.0248884
0.243099 0.126081 0.200031 0.124992 0.287065 0.0187323
9.996E-05 0.9995 9.996E-05 9.996E-05 9.996E-05 9.996E-05
9.996E-05 0.9995 9.996E-05 9.996E-05 9.996E-05 9.996E-05
9.9964E-05 0.969278 9.9964E-05 9.9964E-05 9.9964E-05 0.0303218
0.286691 0.634484 0.0226306 9.9982E-05 0.0559952 9.9982E-05
9.996E-05 0.9995 9.996E-05 9.996E-05 9.996E-05 9.996E-05
0.0163488 0.924562 0.0271582 9.9982E-05 9.9982E-05 0.0317314
9.9973E-05 0.00400184 0.110637 9.9973E-05 0.885061 9.9973E-05
0.00768739 0.0556964 0.254672 0.0590219 0.572012 0.0509097
9.9991E-05 0.0369392 0.717359 0.138227 0.10419 0.00318453
0.00604246 9.9991E-05 0.918366 0.0184275 0.0448333 0.0122303
9.9982E-05 0.0292877 0.0591368 0.807807 0.103568 9.9982E-05
0.00954226 0.0751165 0.783094 0.010307 0.0731471 0.0487932
9.9982E-05 0.00794162 0.0387807 9.9982E-05 0.942291 0.0107868
9.9964E-05 9.9964E-05 0.100264 9.9964E-05 0.899336 9.9964E-05
9.9973E-05 9.9973E-05 9.9973E-05 0.990368 0.00558895 0.00374329
0.00689082 0.0482621 0.743374 0.0956404 0.0312364 0.074596
0.0231297 0.0359571 0.540272 0.156887 0.123156 0.120599
9.99821E-05 0.0219742 0.0938595 0.814312 9.99821E-05 0.0696541
9.9982E-05 0.0268679 9.9982E-05 0.935476 0.0232993 0.0141574
9.9991E-05 0.0263127 0.0961212 0.783877 0.0889502 0.00463862
0.0891141 0.0175774 0.25171 0.0822451 0.556688 0.00266493
9.9991E-05 0.0176584 0.00584052 0.911552 0.0411832 0.0236658
9.9973E-05 0.0210051 0.0220011 9.9973E-05 0.956694 9.9973E-05
0.0499446 9.9964E-05 9.9964E-05 0.949655 9.9964E-05 9.9964E-05
0.0315733 9.9973E-05 9.9973E-05 0.927408 9.9973E-05 0.0407191
0.328155 0.250954 9.9982E-05 0.35778 9.9982E-05 0.0629113
9.9964E-05 9.9964E-05 9.9964E-05 0.99566 0.00393972 9.9964E-05
9.996E-05 9.996E-05 9.996E-05 0.9995 9.996E-05 9.996E-05
9.9964E-05 9.9964E-05 9.9964E-05 0.990917 0.00868338 9.9964E-05
0.0407385 0.093456 0.203638 0.496809 0.0517236 0.113635
0.0188598 9.9982E-05 0.167138 0.0459543 0.767848 9.9982E-05
0.0341924 0.0371315 0.0357603 0.0219038 0.870912 9.9991E-05
0.0231156 0.00686678 0.0100897 0.0899609 0.867019 0.00294842
9.9982E-05 9.9982E-05 0.0959226 0.00875272 0.885635 0.00949022
0.934099 9.9973E-05 9.9973E-05 0.0608792 0.00472229 9.9973E-05
0.430046 0.185772 0.0684859 0.285898 0.00397286 0.0258249
0.00974376 0.0156773 0.799856 0.032464 0.110963 0.0312961
9.9991E-05 0.0363509 0.289118 0.0967236 0.541328 0.0363795
0.132968 0.122223 0.0136258 0.616208 0.0565921 0.0583823
0.122906 0.15712 0.0153429 0.625566 0.0287486 0.0503164
0.0497422 0.024422 0.925536 9.9973E-05 9.9973E-05 9.9973E-05
0.0534522 0.0181659 0.781389 0.146305 0.00058771 9.9991E-05
0.250295 0.338932 0.0198935 0.108784 0.269161 0.0129337
0.0856949 0.0694933 9.9991E-05 0.408848 0.433346 0.00251824
9.9982E-05 9.9982E-05 0.829186 0.0388512 0.122222 0.00954119
0.104543 0.0351788 0.272296 0.476989 9.9991E-05 0.110894
0.0900358 0.171557 9.9991E-05 0.595535 0.0740042 0.0687676
0.0308612 0.111188 0.1784 0.492017 0.0385912 0.148943
0.0697686 0.0734057 0.289697 0.382908 0.0747231 0.109498
0.00794545 0.00779061 0.92526 9.9982E-05 9.9982E-05 0.0588037
0.0209691 0.0180811 0.928862 0.0177977 9.9991E-05 0.0141901
9.9964E-05 9.9964E-05 0.984349 9.9964E-05 9.9964E-05 0.0152515
0.0170513 0.0087144 0.878661 9.9991E-05 0.0619808 0.0334928
9.9964E-05 9.9964E-05 0.96398 9.9964E-05 9.9964E-05 0.0356202
0.00848737 9.9973E-05 0.922649 9.9973E-05 0.0685639 9.9973E-05
0.0324488 0.105715 0.550364 0.152067 9.9991E-05 0.159305
0.111724 0.154662 0.268875 0.352495 0.00233201 0.109912
0.000293784 9.9973E-05 0.984012 0.0153947 9.9973E-05 9.9973E-05
0.0556825 0.132742 0.258986 0.440508 0.0126155 0.0994652
0.0317049 0.120551 0.186709 0.554967 0.0373758 0.0686919
0.425159 0.527506 9.9982E-05 0.0385395 9.9982E-05 0.00859587
0.373304 0.567131 9.9973E-05 0.0592652 9.9973E-05 9.9973E-05
0.385708 0.547429 9.9991E-05 0.0446451 0.00832882 0.0137891
0.406042 0.531626 9.9982E-05 0.0549479 9.9982E-05 0.00718434
0.38008 0.547458 0.059878 0.0123843 9.9982E-05 9.9982E-05
0.395801 0.535502 9.9982E-05 0.0325939 9.9982E-05 0.0359035
0.408564 0.532209 9.9982E-05 0.0441531 9.9982E-05 0.0148739
0.035234 0.0148825 0.0118531 0.934951 9.9991E-05 0.00297899
9.9964E-05 9.9964E-05 9.9964E-05 0.975842 9.9964E-05 0.023758
0.284332 0.216563 9.9982E-05 0.472438 9.9982E-05 0.0264666
0.276652 0.203822 0.00876495 0.496441 9.9991E-05 0.0142204
0.0324576 0.0584609 0.871054 0.0038738 0.034054 9.9991E-05
0.0423708 0.00863318 0.814891 0.0805535 9.9991E-05 0.0534518
9.9964E-05 0.00240089 0.997199 9.9964E-05 9.9964E-05 9.9964E-05
0.967814 0.00876206 9.9991E-05 0.00123238 0.0107184 0.011373
0.88932 0.11028 9.9964E-05 9.9964E-05 9.9964E-05 9.9964E-05
0.977385 9.9973E-05 0.0120627 9.9973E-05 9.9973E-05 0.010252
0.868686 0.128191 9.99742E-05 9.99742E-05 9.99742E-05 0.0028233
0.457258 0.0571463 0.0317135 0.253841 0.199941 9.9991E-05
0.401615 0.355976 0.0175729 0.13359 0.0911464 9.9991E-05
0.416266 0.47622 9.9991E-05 0.0541426 0.0379662 0.0153049
0.840358 0.159242 9.9964E-05 9.9964E-05 9.9964E-05 9.9964E-05
0.885405 0.114195 9.9964E-05 9.9964E-05 9.9964E-05 9.9964E-05
0.9995 9.996E-05 9.996E-05 9.996E-05 9.996E-05 9.996E-05
0.842943 0.134851 0.0219062 9.9973E-05 9.9973E-05 9.9973E-05
0.0520319 0.213976 0.164045 0.108924 0.350011 0.111011
9.9964E-05 9.9964E-05 0.99463 9.9964E-05 9.9964E-05 0.00496987
0.0583995 9.9973E-05 9.9973E-05 0.926751 9.9973E-05 0.0145494
0.0379678 0.00378386 0.624598 0.101842 0.17301 0.0587985
9.9982E-05 0.0381393 0.0403882 0.816974 0.104299 9.9982E-05
0.917637 9.9982E-05 0.0134782 0.0518812 0.0168033 9.9982E-05
0.388874 0.507686 0.0193883 0.0638272 9.9991E-05 0.0201253
0.716389 0.169041 0.0316954 0.0662164 0.00123703 0.0154212
0.0829037 0.0427538 0.269306 0.491271 9.9991E-05 0.113666
0.0962999 0.153148 0.122819 0.440426 0.049594 0.137713
0.0221817 0.041033 0.517816 0.0409806 0.342448 0.0355412
9.9964E-05 9.9964E-05 9.9964E-05 0.896069 0.103532 9.9964E-05
0.0879342 0.782851 0.0586347 9.9991E-05 0.00737675 0.0631033
0.0299052 0.885193 0.0412903 0.00785239 9.9991E-05 0.0356593
9.9964E-05 0.998719 0.000881641 9.9964E-05 9.9964E-05 9.9964E-05
0.00869788 0.971025 0.00336032 9.9982E-05 9.9982E-05 0.0167173
9.996E-05 0.9995 9.996E-05 9.996E-05 9.996E-05 9.996E-05
0.0355593 0.884891 0.0295552 9.9982E-05 9.9982E-05 0.0497948
0.0349422 9.9973E-05 9.9973E-05 0.91788 9.9973E-05 0.0468781
0.419589 0.37021 0.0588691 0.0885868 9.9991E-05 0.0626451
0.857119 0.0856278 0.0378722 9.9982E-05 0.0191813 9.9982E-05
0.9995 9.996E-05 9.996E-05 9.996E-05 9.996E-05 9.996E-05
0.98941 9.9964E-05 9.9964E-05 9.9964E-05 0.0101905 9.9964E-05
0.852867 0.119938 0.0144655 9.9982E-05 9.9982E-05 0.0125291
9.996E-05 0.9995 9.996E-05 9.996E-05 9.996E-05 9.996E-05
9.9973E-05 0.979672 0.00747548 9.9973E-05 9.9973E-05 0.012553
0.286914 0.683776 0.0149306 9.9991E-05 0.00574838 0.00853034
0.223832 0.709485 0.00703225 9.9991E-05 0.038832 0.0207195
0.0174907 0.982109 9.9964E-05 9.9964E-05 9.9964E-05 9.9964E-05
0.333155 0.610292 0.00984075 9.9991E-05 0.0328215 0.0137908
0.222001 0.362961 0.370479 9.9982E-05 0.0443593 9.9982E-05
0.00221833 0.0138764 0.837874 0.034993 0.0859093 0.0251287
9.9973E-05 0.0636769 0.740494 9.9973E-05 0.195529 9.9973E-05
9.9973E-05 9.9973E-05 0.843926 9.9973E-05 0.107641 0.0481336
9.9982E-05 9.9982E-05 0.926463 0.0116941 0.0336234 0.0280197
9.99639E-05 0.977328 9.99639E-05 9.99639E-05 0.0222724 9.99639E-05
9.996E-05 0.9995 9.996E-05 9.996E-05 9.996E-05 9.996E-05
0.222827 0.698936 0.0297618 9.9991E-05 0.0324263 0.0159482
0.108706 0.855297 0.0206882 9.9982E-05 0.0151091 9.9982E-05
9.9973E-05 0.976965 9.9973E-05 9.9973E-05 0.00783491 0.0149002
0.0104056 0.934807 9.9991E-05 0.0219712 0.00126742 0.0314486
9.996E-05 0.9995 9.996E-05 9.996E-05 9.996E-05 9.996E-05
0.248404 0.688389 0.0112281 0.0394091 0.0124689 9.9991E-05
9.9973E-05 9.9973E-05 0.0741452 0.708868 0.216687 9.9973E-05
0.0160125 9.9982E-05 9.9982E-05 0.569923 0.390106 0.0237583
9.9982E-05 9.9982E-05 0.00827088 0.751934 0.232405 0.00719089
9.9982E-05 0.045708 0.0183808 0.71517 0.220542 9.9982E-05
0.389018 0.492294 0.00985586 0.0861622 0.0225694 9.9991E-05
0.492942 0.461439 0.00614078 0.0392778 9.9982E-05 9.9982E-05
0.58349 0.359992 9.9982E-05 0.0315323 0.024786 9.9982E-05
0.58753 0.316389 9.9982E-05 0.0553307 0.0405497 9.9982E-05
0.0864587 0.541577 0.0987435 0.127731 0.0353447 0.110145
0.520081 0.0863582 9.9982E-05 0.373294 9.9982E-05 0.0200669
9.9982E-05 0.965548 0.00235172 0.0179739 0.0139268 9.9982E-05
0.34628 0.593063 0.0144414 0.00983841 0.0307867 0.00559003
0.326105 0.57964 9.9991E-05 0.0408574 0.037602 0.0156953
0.0329435 0.0240634 0.455781 0.420754 0.0251368 0.041322
0.134964 0.0339298 0.0535265 0.698422 0.026443 0.0527146
9.9982E-05 9.9982E-05 0.850536 0.0193062 0.118173 0.0117844
0.0188142 0.0140738 0.0714191 9.9991E-05 0.88589 0.00970259
0.0148513 9.9982E-05 0.288431 9.9982E-05 0.645339 0.0511787
9.9982E-05 0.0344304 0.488406 9.9982E-05 0.457978 0.0189857
0.0228596 0.0211938 0.37958 0.47824 0.0664786 0.0316478
9.9964E-05 9.9964E-05 0.91141 9.9964E-05 0.0881899 9.9964E-05
0.00688925 0.00445243 0.951391 0.00436294 0.0328042 9.9991E-05
9.9982E-05 0.0549234 0.899027 9.9982E-05 0.0289073 0.0169426
9.9991E-05 0.0105789 0.893664 0.00707195 0.0775209 0.0110645
0.0974071 0.503278 0.12939 0.135028 0.0491679 0.0857293
0.0579425 0.307727 0.416342 0.147273 0.0327265 0.0379886
0.262792 0.342478 0.276455 0.0955409 9.99911E-05 0.0226346
0.187104 0.555776 0.0577062 0.16967 9.9991E-05 0.0296441
0.0571714 0.0301292 0.55787 0.198376 0.0958034 0.0606506
0.000464048 9.9982E-05 0.939128 0.019133 9.9982E-05 0.041075
0.437421 0.470027 9.9982E-05 0.0707827 9.9982E-05 0.0215701
9.9991E-05 0.062325 0.699442 0.0688969 0.0880612 0.0811753
9.9973E-05 0.0114842 0.115905 9.9973E-05 0.872311 9.9973E-05
0.000101039 9.9982E-05 0.0278885 9.9982E-05 0.944935 0.0268752
9.9964E-05 9.9964E-05 0.963254 9.9964E-05 0.0363458 9.9964E-05
0.0213341 0.131893 0.160757 0.198756 9.9991E-05 0.48716
0.0373862 0.00329568 0.491718 0.0578005 0.4097 9.9991E-05
0.000356168 0.00726076 0.0900106 9.9982E-05 0.902173 9.9982E-05
9.9991E-05 0.046356 0.66603 0.118908 0.142753 0.0258519
0.0400451 0.102791 0.117031 0.205313 0.0375136 0.497306
9.9973E-05 9.9973E-05 0.0188564 9.9973E-05 0.000532835 0.980311
0.857512 0.0817434 0.0496092 0.0109356 9.9982E-05 9.9982E-05
0.0758515 0.0334283 0.0549565 0.106735 0.69781 0.031219
0.138027 0.181891 0.0391326 0.516161 0.0575482 0.0672395
0.063898 0.0147475 0.041256 0.842683 9.9991E-05 0.037315
0.0476769 9.9982E-05 0.102049 0.816293 9.9982E-05 0.0337815
9.9982E-05 0.00316144 9.9982E-05 0.0459178 0.931305 0.0194159
0.929982 9.9991E-05 0.000223771 0.0106558 0.0372162 0.0218224
0.252804 0.266383 0.0414975 0.374561 0.00774202 0.0570126
9.9964E-05 9.9964E-05 9.9964E-05 0.777324 0.222276 9.9964E-05
9.9973E-05 9.9973E-05 0.0168798 0.00403182 0.978788 9.9973E-05
9.9973E-05 9.9973E-05 9.9973E-05 0.801281 0.191703 0.00671595
0.123352 0.175007 0.00912828 0.540519 0.0763829 0.0756113
0.144827 0.142883 0.0225502 0.531006 0.0755845 0.0831497
0.464206 0.236446 0.0772414 0.213629 9.9991E-05 0.00837771
0.698544 0.137468 0.0864556 0.0297849 0.0454623 0.0022856
0.263701 0.241845 0.0386678 0.455586 9.9982E-05 9.9982E-05
0.124311 0.0572424 9.9982E-05 0.80192 9.9982E-05 0.016326
9.9973E-05 9.9973E-05 0.023059 0.0342221 0.942419 9.9973E-05
0.00532753 9.9982E-05 0.0549283 0.037645 0.901899 9.9982E-05
0.0533311 0.0492148 0.397391 0.329957 0.0108008 0.159304
0.427402 0.194445 0.0446374 0.270859 0.0500166 0.0126404
0.0508089 0.00494388 0.00389749 0.925152 9.9991E-05 0.0150976
0.0125332 9.9973E-05 0.979847 9.9973E-05 9.9973E-05 0.00731961
0.307552 0.180266 0.0409689 0.427968 9.9991E-05 0.0431452
0.116021 0.117752 0.378445 0.346996 0.0406863 9.9991E-05
0.346703 0.322235 0.0597446 0.139486 9.99911E-05 0.131731
0.0805413 0.0521297 0.51838 0.170837 0.0381713 0.139941
0.0185358 9.9982E-05 9.9982E-05 0.456554 0.464632 0.0600777
0.0057833 0.0944048 0.194027 0.626111 9.9991E-05 0.0795741
9.996E-05 9.996E-05 0.9995 9.996E-05 9.996E-05 9.996E-05
0.00308353 0.0755312 0.914959 9.9982E-05 0.00622641 9.9982E-05
9.9973E-05 9.9973E-05 0.00608713 0.0380173 0.955596 9.9973E-05
9.9973E-05 9.9973E-05 0.990125 9.9973E-05 0.00475937 0.00481536
0.0468583 0.0759523 0.624911 0.168204 9.9991E-05 0.0839743
0.00683244 0.0264172 0.842192 0.0179275 0.0564761 0.050155
0.0318104 9.9982E-05 0.816823 0.0888225 0.0623442 9.9982E-05
0.110216 0.180941 9.9991E-05 0.536606 0.0921001 0.0800359
0.872324 0.0934881 0.0338876 9.9973E-05 9.9973E-05 9.9973E-05
0.96484 0.0291092 0.00575043 9.9973E-05 9.9973E-05 9.9973E-05
9.99821E-05 0.017126 0.124343 0.0350238 0.823307 9.99821E-05
0.860321 0.10194 0.0185683 0.00373096 0.0153393 9.9991E-05
9.9982E-05 0.019611 0.0213094 0.0382982 9.9982E-05 0.920581
0.0125624 9.9973E-05 9.9973E-05 9.9973E-05 0.0186064 0.968531
0.193447 0.0155667 0.197714 0.0424295 0.0698146 0.481029
0.0521097 0.000425753 0.826417 0.120847 9.9982E-05 9.9982E-05
0.000134013 9.9964E-05 9.9964E-05 9.9964E-05 9.9964E-05 0.999466
9.9964E-05 9.9964E-05 9.9964E-05 0.00613395 9.9964E-05 0.993466
0.00315297 0.0101293 9.9973E-05 9.9973E-05 9.9973E-05 0.986418
0.00319081 9.9964E-05 9.9964E-05 9.9964E-05 9.9964E-05 0.996409
9.996E-05 9.996E-05 9.996E-05 9.996E-05 9.996E-05 0.9995
0.00476483 9.9973E-05 9.9973E-05 0.02035 0.974585 9.9973E-05
0.107182 9.9982E-05 0.0336367 0.830035 9.9982E-05 0.0289465
9.9991E-05 0.0368718 0.0230159 0.703992 0.234271 0.00174941
9.9964E-05 9.9964E-05 9.9964E-05 0.808175 0.191425 9.9964E-05
9.9973E-05 9.9973E-05 0.461769 0.101594 0.436336 9.9973E-05
9.9973E-05 9.9973E-05 9.9973E-05 0.0286352 0.91615 0.0549146
0.0841751 9.9982E-05 0.000906165 0.873122 9.9982E-05 0.0415964
9.9991E-05 0.0384571 0.0190075 0.766311 0.137676 0.0384476
0.037262 9.9973E-05 9.9973E-05 0.635759 0.326679 9.9973E-05
9.9964E-05 9.9964E-05 9.9964E-05 0.970706 9.9964E-05 0.028894
0.00989707 9.9973E-05 9.9973E-05 0.0401475 9.9973E-05 0.949656
0.122285 0.0535049 0.152263 0.0956171 0.557723 0.0186067
0.0214993 0.021296 0.831671 0.0241911 0.063586 0.0377563
0.0269156 9.9991E-05 0.893417 0.0571553 0.00409894 0.0183131
9.9991E-05 0.102523 0.704195 0.0769489 0.0746057 0.0416269
9.9973E-05 9.9973E-05 0.0900389 0.0184903 0.891171 9.9973E-05
0.0104873 0.00370213 0.00122636 0.20948 0.762626 0.0124784
0.891421 0.108179 9.9964E-05 9.9964E-05 9.9964E-05 9.9964E-05
0.1676 0.217633 0.206994 0.165353 0.235617 0.00680217
0.00851236 0.00571813 9.9991E-05 0.469087 0.498847 0.0177355
