0.163727 0.1952 0.12862 0.512353 9.9991E-05
0.164736 0.517906 0.0557436 0.255142 0.00647171
0.169333 0.461103 0.072107 0.251693 0.0457643
0.17801 0.184444 0.13787 0.499577 9.9991E-05
0.0199692 0.927969 0.0223047 0.0251552 0.00460181
0.221289 0.438832 0.0766404 0.195532 0.0677071
9.9982E-05 0.0143674 0.602392 0.38304 9.9982E-05
9.997E-05 9.997E-05 0.9996 9.997E-05 9.997E-05
0.00375701 9.9973E-05 0.995943 9.9973E-05 9.9973E-05
9.997E-05 9.997E-05 0.9996 9.997E-05 9.997E-05
0.00768693 0.0279401 9.9991E-05 0.902535 0.0617383
9.9973E-05 9.9973E-05 9.9973E-05 0.927942 0.0717581
9.9973E-05 9.9973E-05 9.9973E-05 0.880401 0.119299
9.9973E-05 9.9973E-05 9.9973E-05 0.925254 0.0744464
0.0487415 0.0199844 0.0504465 9.9991E-05 0.880728
9.997E-05 9.997E-05 0.9996 9.997E-05 9.997E-05
0.0529604 9.9982E-05 0.136327 0.810513 9.9982E-05
9.9973E-05 9.9973E-05 9.9973E-05 0.0466826 0.953018
0.0713993 9.9991E-05 0.0321211 0.278678 0.617702
9.9973E-05 9.9973E-05 9.9973E-05 0.533409 0.466291
0.0125012 9.9991E-05 0.0662383 0.0338866 0.887274
9.9973E-05 9.9973E-05 9.9973E-05 0.768559 0.231141
9.9973E-05 9.9973E-05 9.9973E-05 0.0431906 0.956509
9.9973E-05 9.9973E-05 9.9973E-05 0.763313 0.236388
9.9973E-05 9.9973E-05 9.9973E-05 0.819282 0.180418
0.00360583 9.9982E-05 9.9982E-05 0.0206893 0.975505
9.9982E-05 9.9982E-05 0.0167987 0.0528259 0.930175
0.078929 9.9991E-05 0.00391084 0.237446 0.679614
0.0266187 9.9982E-05 0.00869268 9.9982E-05 0.964489
0.0236284 9.9982E-05 9.9982E-05 0.00198217 0.974189
9.9973E-05 9.9973E-05 9.9973E-05 0.805223 0.194478
9.9973E-05 9.9973E-05 9.9973E-05 0.911332 0.0883678
9.9973E-05 9.9973E-05 9.9973E-05 0.065551 0.934149
9.9973E-05 9.9973E-05 9.9973E-05 0.720185 0.279515
9.9973E-05 9.9973E-05 0.00872722 9.9973E-05 0.990973
9.99729E-05 9.99729E-05 9.99729E-05 0.834926 0.164774
9.9982E-05 0.00309761 9.9982E-05 0.04303 0.953672
9.9973E-05 9.9973E-05 9.9973E-05 0.842044 0.157656
0.217171 0.260348 0.148108 0.374273 9.9991E-05
0.161569 0.838131 9.9973E-05 9.9973E-05 9.9973E-05
9.9973E-05 0.0642863 9.9973E-05 0.935414 9.9973E-05
9.9973E-05 9.9973E-05 9.9973E-05 0.0141717 0.985528
9.9973E-05 9.9973E-05 9.9973E-05 0.838729 0.160971
0.438977 0.223444 0.0140126 0.323467 9.9991E-05
0.0424498 9.9991E-05 0.0618836 0.299114 0.596452
0.0102261 9.9991E-05 0.0184285 0.520551 0.450695
9.9991E-05 0.0377188 0.0493674 0.0403941 0.87242
0.21136 0.508442 0.0234553 0.168543 0.0882002
0.723654 0.189704 0.00966562 0.0768764 9.9991E-05
0.0296315 0.0805952 0.192766 0.696908 9.9991E-05
0.0408477 0.0327493 0.152709 0.773594 9.9991E-05
0.0211355 0.0846006 0.172801 0.721363 9.9991E-05
9.9982E-05 0.0564177 0.203843 0.739539 9.9982E-05
9.9982E-05 0.0111027 0.968718 0.0199796 9.9982E-05
9.997E-05 9.997E-05 0.9996 9.997E-05 9.997E-05
9.9982E-05 9.9982E-05 0.0551097 0.871058 0.0736324
9.9973E-05 9.9973E-05 9.9973E-05 0.803527 0.196173
0.0876075 0.265233 0.122549 0.282974 0.241636
0.0109654 0.975768 0.00599098 0.0010685 0.00620726
0.409815 0.521556 9.9991E-05 0.020492 0.048037
0.0487135 0.0277735 0.090298 0.833115 9.9991E-05
9.9982E-05 0.0953504 0.134222 0.770228 9.9982E-05
0.072964 0.0586137 0.115354 0.752968 9.9991E-05
9.997E-05 9.997E-05 0.9996 9.997E-05 9.997E-05
0.0351906 0.927649 0.0202377 9.9991E-05 0.0168221
0.0395748 0.0233917 0.0871157 0.835392 0.0145253
0.125347 0.205577 0.191053 0.477923 9.9991E-05
9.99729E-05 9.99729E-05 9.99729E-05 0.83252 0.16718
9.9973E-05 9.9973E-05 9.9973E-05 0.904439 0.095261
0.0177225 0.0538805 0.837428 0.0453369 0.0456322
0.0417384 0.024843 0.846582 0.0663335 0.0205031
0.00257985 0.0163475 0.91161 0.0359009 0.0335621
9.9973E-05 0.0036995 0.996001 9.9973E-05 9.9973E-05
9.9973E-05 9.9973E-05 0.996824 0.00287563 9.9973E-05
9.9973E-05 9.9973E-05 0.993242 9.9973E-05 0.00645768
9.997E-05 9.997E-05 0.9996 9.997E-05 9.997E-05
9.9982E-05 0.00999574 0.979702 9.9982E-05 0.0101026
0.00195207 0.00219662 0.995651 9.9982E-05 9.9982E-05
9.997E-05 9.997E-05 0.9996 9.997E-05 9.997E-05
0.0123542 0.00139122 0.967427 0.0128227 0.00600496
9.9991E-05 0.00770283 0.949886 0.00627303 0.0360378
9.9991E-05 0.0175777 0.977432 0.00202383 0.00286604
9.9973E-05 9.9973E-05 0.566252 9.9973E-05 0.433448
9.9973E-05 9.9973E-05 0.550282 9.9973E-05 0.449418
9.997E-05 9.997E-05 0.9996 9.997E-05 9.997E-05
9.997E-05 9.997E-05 0.9996 9.997E-05 9.997E-05
9.9982E-05 0.000459327 0.994325 0.00501613 9.9982E-05
9.9982E-05 0.0280922 0.947091 9.9982E-05 0.0246166
9.997E-05 9.997E-05 0.9996 9.997E-05 9.997E-05
9.9973E-05 9.9973E-05 0.544151 9.9973E-05 0.455549
0.0631388 9.9991E-05 0.858267 0.0376791 0.0408147
0.0141096 0.00357433 0.976994 0.00240491 0.00291688
9.9973E-05 0.00371503 0.995985 9.9973E-05 9.9973E-05
0.00460162 0.0247418 0.951289 9.9991E-05 0.0192681
9.9982E-05 9.9982E-05 0.904304 0.0379377 0.0575579
0.006943 9.9982E-05 0.987553 0.00530422 9.9982E-05
0.0832344 0.131168 9.9991E-05 0.161766 0.623732
0.0127086 9.9982E-05 0.97066 9.9982E-05 0.0164311
9.9973E-05 9.9973E-05 0.998548 9.9973E-05 0.00115242
0.0864836 0.0342336 0.759864 0.0257943 0.093625
9.997E-05 9.997E-05 0.9996 9.997E-05 9.997E-05
9.9973E-05 9.9973E-05 0.991485 9.9973E-05 0.00821516
0.00196212 0.000601705 0.997236 9.9982E-05 9.9982E-05
9.9973E-05 9.9973E-05 0.975686 9.9973E-05 0.0240136
0.020217 0.0145909 0.0246886 9.9991E-05 0.940403
9.997E-05 9.997E-05 0.9996 9.997E-05 9.997E-05
0.01999 9.9973E-05 0.97971 9.9973E-05 9.9973E-05
9.997E-05 9.997E-05 0.9996 9.997E-05 9.997E-05
9.9982E-05 9.9982E-05 0.0112065 0.304553 0.68404
0.00979566 9.9982E-05 0.961811 9.9982E-05 0.0281931
0.00754108 9.9982E-05 0.970888 0.0213709 9.9982E-05
0.00743079 9.9973E-05 0.992269 9.9973E-05 9.9973E-05
9.997E-05 9.997E-05 0.9996 9.997E-05 9.997E-05
9.9982E-05 9.9982E-05 0.0364489 0.258279 0.705072
9.997E-05 9.997E-05 0.9996 9.997E-05 9.997E-05
9.9982E-05 0.0158807 0.965748 9.9982E-05 0.0181718
9.9973E-05 9.9973E-05 0.509817 9.9973E-05 0.489883
9.997E-05 9.997E-05 0.9996 9.997E-05 9.997E-05
9.9973E-05 9.9973E-05 9.9973E-05 0.692721 0.306979
9.9982E-05 0.00613317 9.9982E-05 0.593952 0.399715
9.9973E-05 9.9973E-05 9.9973E-05 0.806119 0.193581
0.0207715 0.0119236 0.0215893 0.0247473 0.920968
0.0402174 0.0582345 0.13379 0.767658 9.9991E-05
0.00586441 9.9991E-05 0.0257222 0.782676 0.185637
0.0620445 0.0396214 0.0019365 0.647982 0.248416
9.9973E-05 9.9973E-05 9.9973E-05 0.679257 0.320443
0.000415802 9.9982E-05 9.9982E-05 0.618008 0.381376
9.9973E-05 9.9973E-05 9.9973E-05 0.656189 0.343511
0.0350483 0.0320207 9.9991E-05 0.540636 0.392195
0.0417126 0.00473787 9.9991E-05 0.53426 0.419189
9.9973E-05 9.9973E-05 9.9973E-05 0.83662 0.16308
0.00616389 9.9982E-05 9.9982E-05 0.859986 0.13365
9.9973E-05 9.9973E-05 9.9973E-05 0.867346 0.132354
0.0721605 0.0165041 0.0593438 0.117242 0.73475
0.543623 0.403419 0.0177153 0.0350788 0.000164336
0.509945 0.390355 0.0527883 0.000646781 0.0462643
0.132114 0.76024 0.0153879 0.0921584 9.9991E-05
0.0656617 0.0514426 0.139335 0.395084 0.348477
0.533128 0.383779 0.0430323 0.0398476 0.000212823
0.47872 0.409008 0.0583622 0.0352457 0.0186638
0.0227195 0.0641806 0.116241 0.587211 0.209647
0.419608 0.54814 0.00617784 0.0141058 0.0119685
0.416486 0.499605 0.0175178 0.0152108 0.0511808
0.473898 0.490869 9.9982E-05 0.0350328 9.9982E-05
0.592571 0.253718 0.0259356 0.0499052 0.0778696
0.570642 0.287684 0.0305142 0.0517993 0.0593606
0.419741 0.473527 9.9991E-05 0.040615 0.0660171
0.079218 0.0560355 0.12471 0.739936 9.9991E-05
0.172495 0.803864 0.00630438 9.9991E-05 0.0172369
9.9991E-05 0.00301537 0.0375936 0.0361513 0.92314
0.0220599 0.0115909 0.0235581 9.9991E-05 0.942691
0.0523174 0.920533 0.0107537 0.00488908 0.0115072
0.125595 0.207553 0.128868 0.275136 0.262848
0.0837552 0.0351413 0.101689 0.779315 9.9991E-05
0.0642586 0.0520948 9.9991E-05 0.854142 0.0294043
0.0438099 0.00133628 0.00620548 0.0896055 0.859043
0.174991 0.110908 9.9991E-05 0.639958 0.0740426
0.0649961 0.0564232 0.12322 0.745598 0.0097622
0.618349 0.267764 0.00948907 0.0691535 0.0352452
0.0545482 0.0539105 0.146038 0.745403 9.9991E-05
0.110198 0.136255 0.186452 0.441551 0.125545
0.0120838 0.000131671 0.0122662 9.9991E-05 0.975418
0.18611 0.72419 0.0397049 0.0219266 0.0280683
9.9982E-05 0.423701 9.9982E-05 0.528059 0.0480405
0.00834933 0.922029 0.0116317 9.9991E-05 0.0578902
0.0837953 0.110269 0.0733195 0.676934 0.0556822
9.997E-05 0.9996 9.997E-05 9.997E-05 9.997E-05
0.0208245 0.0660077 0.0777728 0.828673 0.00672214
9.9991E-05 0.821894 0.0332702 0.0810847 0.0636511
9.9991E-05 0.860598 0.0279906 0.0760864 0.0352253
0.0121986 0.0626218 0.00149309 9.9991E-05 0.923587
0.167724 0.169582 9.9991E-05 0.193134 0.46946
0.0367602 0.0666324 0.0219792 0.471217 0.403411
0.83123 0.0596165 0.00772745 0.0604255 0.0410002
0.934199 9.9973E-05 9.9973E-05 0.065501 9.9973E-05
0.904302 9.9991E-05 0.0212668 0.0478797 0.0264516
0.872963 0.00286614 0.0241912 0.0642275 0.0357519
0.035227 9.9973E-05 9.9973E-05 9.9973E-05 0.964473
9.9982E-05 0.0468496 0.00333874 9.9982E-05 0.949612
0.0329498 9.9991E-05 0.05105 0.105064 0.810837
0.538937 0.371218 0.0182347 0.0665576 0.00505253
0.101331 0.185553 0.148045 0.285032 0.280039
0.143493 0.0620523 0.204631 0.21717 0.372653
0.031782 0.0363335 0.0295366 0.082783 0.819565
0.050713 0.0277401 0.117942 0.114484 0.689121
0.107941 0.0215099 0.0616087 0.0227575 0.786183
0.0892649 0.0915511 0.179082 0.108527 0.531575
0.106416 0.133882 0.170175 0.589426 9.9991E-05
9.9973E-05 9.9973E-05 9.9973E-05 0.87611 0.12359
9.9982E-05 9.9982E-05 0.0195462 0.663742 0.316512
9.9982E-05 0.993355 9.9982E-05 0.00526581 0.0011797
9.9973E-05 0.96704 9.9973E-05 0.03266 9.9973E-05
9.9982E-05 0.929241 9.9982E-05 0.0534775 0.0170817
0.370891 0.470193 0.0383003 0.120516 9.9991E-05
0.134036 0.423662 0.149783 0.254401 0.0381175
0.145641 0.429599 0.15393 0.26138 0.00945049
0.043766 0.00335199 0.0134411 9.9991E-05 0.939341
0.0440496 0.0416926 0.0239865 9.9991E-05 0.890171
9.9991E-05 0.00751064 0.0196863 0.00618567 0.966517
9.9982E-05 0.0701642 0.107809 0.821826 9.9982E-05
9.9982E-05 0.948525 0.0330324 9.9982E-05 0.0182427
9.9973E-05 0.982508 0.0171925 9.9973E-05 9.9973E-05
0.0328434 0.965079 9.9982E-05 0.00187728 9.9982E-05
0.0702652 0.891297 9.9982E-05 0.0382378 9.9982E-05
0.0655496 0.914257 9.9991E-05 0.0174796 0.00261387
9.9982E-05 0.071701 9.9982E-05 0.919433 0.00866636
0.352972 0.395551 0.115307 0.0815011 0.0546683
0.0166243 0.0392458 0.0961633 0.847867 9.9991E-05
9.9982E-05 0.083416 9.9982E-05 0.912266 0.00411761
0.0401442 0.0624055 9.9991E-05 0.0868568 0.810493
9.9973E-05 9.9973E-05 9.9973E-05 0.981948 0.0177517
9.997E-05 9.997E-05 9.997E-05 0.9996 9.997E-05
9.9973E-05 9.9973E-05 9.9973E-05 0.995964 0.0037364
9.9982E-05 0.931731 0.0290175 9.9982E-05 0.0390516
9.997E-05 0.9996 9.997E-05 9.997E-05 9.997E-05
0.230153 0.479741 0.0463693 0.193147 0.0505899
9.9982E-05 0.963366 0.031085 9.9982E-05 0.00534866
9.997E-05 0.9996 9.997E-05 9.997E-05 9.997E-05
0.0382015 0.392898 9.9991E-05 0.567351 0.00144968
0.0818973 0.883442 9.9982E-05 9.9982E-05 0.0344605
0.0825415 0.880865 9.9991E-05 0.00830104 0.0281924
0.211861 0.333804 0.124836 0.253264 0.0762346
0.0409204 0.0166699 0.12329 0.81902 9.9991E-05
0.102948 0.773744 9.9982E-05 0.123108 9.9982E-05
0.206185 0.0227432 0.436295 0.00664516 0.328132
0.0877651 0.732326 9.9982E-05 0.179709 9.9982E-05
9.9973E-05 0.981343 0.018357 9.9973E-05 9.9973E-05
0.0227386 0.0089303 9.9991E-05 0.925313 0.0429185
9.9982E-05 0.266292 9.9982E-05 0.688789 0.0447185
9.9982E-05 0.0291566 0.1309 0.839744 9.9982E-05
0.0448469 0.155179 0.196752 0.603122 9.9991E-05
9.9973E-05 9.9973E-05 9.9973E-05 0.818008 0.181692
0.0383124 0.0376365 0.168368 0.755583 9.9991E-05
0.0064217 0.074531 0.0957083 0.823239 9.9991E-05
9.9991E-05 0.0940321 0.0689844 0.831848 0.00503563
0.00653506 0.0787946 0.202328 0.712242 9.9991E-05
0.0608595 0.108015 0.101616 0.72874 0.000769917
9.9982E-05 0.041858 0.112853 0.845089 9.9982E-05
0.214753 0.31467 0.115104 0.268463 0.0870105
9.9982E-05 9.9982E-05 0.00852646 0.010981 0.980293
0.0581825 0.0448487 9.9991E-05 0.0987615 0.798107
9.997E-05 9.997E-05 0.9996 9.997E-05 9.997E-05
0.0601293 0.0821555 0.0051599 0.165257 0.687299
9.9982E-05 9.9982E-05 0.0152453 0.076415 0.90814
9.9991E-05 0.029319 0.0495486 0.542148 0.378884
9.9982E-05 9.9982E-05 0.0360488 0.0581831 0.905568
0.030682 9.9991E-05 0.0317723 0.603339 0.334106
9.9982E-05 0.0101492 0.0032711 9.9982E-05 0.98638
0.081996 0.0839951 0.244355 0.441426 0.148227
0.126851 0.0178967 0.099068 0.694007 0.0621777
0.0298803 0.0426253 0.0988367 0.578993 0.249665
9.9991E-05 0.038305 0.00384354 0.031282 0.926469
0.0477293 0.943394 0.00867711 9.9982E-05 9.9982E-05
9.9973E-05 9.9973E-05 9.9973E-05 0.809209 0.190491
0.148547 0.0562112 0.231311 0.401159 0.162771
9.9973E-05 9.9973E-05 9.9973E-05 0.843956 0.155744
0.056577 0.931765 9.9982E-05 0.0114584 9.9982E-05
0.0415934 0.00856073 0.128001 0.821745 9.9991E-05
0.00950697 9.9973E-05 0.990193 9.9973E-05 9.9973E-05
0.0905017 0.0579456 0.719322 0.0549307 0.0772999
9.9973E-05 9.9973E-05 0.0347772 9.9973E-05 0.964923
9.9982E-05 9.9982E-05 0.0156061 0.637066 0.347128
9.9982E-05 0.0359206 0.118487 0.845393 9.9982E-05
9.9982E-05 0.0563564 0.0927611 0.850683 9.9982E-05
0.104401 0.0963027 9.9991E-05 0.723579 0.0756169
9.9973E-05 9.9973E-05 9.9973E-05 0.615576 0.384124
9.9982E-05 0.945755 9.9982E-05 0.0239196 0.0301254
0.151266 0.409706 0.131066 0.289371 0.0185917
0.349058 0.62493 9.9982E-05 0.0258116 9.9982E-05
0.568929 0.18547 0.125323 0.0393073 0.0809703
0.551044 0.179558 0.107312 0.106586 0.0555003
0.445264 0.433009 0.0362103 0.0352622 0.050254
0.134108 0.43082 0.14625 0.283464 0.00535896
0.543202 0.231351 0.0702472 0.112809 0.0423907
0.521333 0.373254 9.9991E-05 0.0201033 0.0852095
0.165283 0.176572 0.188205 0.387923 0.0820165
0.410755 0.46612 9.9991E-05 0.0644534 0.0585719
0.196484 0.183155 0.16598 0.344638 0.109743
9.9982E-05 0.0329431 0.185065 0.781792 9.9982E-05
0.209573 0.15979 0.17851 0.452028 9.9991E-05
0.3237 0.413825 0.0608359 0.170533 0.0311061
0.312218 0.343129 0.0657732 0.213948 0.0649321
0.181878 0.389681 0.137771 0.285882 0.00478719
0.404672 0.470301 0.0585613 0.0663656 9.9991E-05
9.9973E-05 9.9973E-05 9.9973E-05 0.727254 0.272446
9.9982E-05 0.957772 9.9982E-05 0.0388903 0.00313748
0.54474 0.191399 0.0872283 0.110097 0.0665362
0.338665 0.52963 0.0660694 0.0154921 0.0501443
0.537686 0.292622 0.0750001 0.0287955 0.0658966
0.562795 0.290901 0.0466302 0.0682415 0.0314321
0.0557475 0.066033 9.9991E-05 0.134656 0.743463
0.0341766 0.0129132 0.0402132 0.453509 0.459188
0.110619 0.856844 0.00841535 0.0240219 9.9991E-05
9.99729E-05 9.99729E-05 9.99729E-05 0.821512 0.178189
0.0272858 0.0987478 9.9991E-05 0.157247 0.716619
0.0467661 0.127474 0.221207 0.604453 9.9991E-05
9.997E-05 0.9996 9.997E-05 9.997E-05 9.997E-05
9.997E-05 0.9996 9.997E-05 9.997E-05 9.997E-05
0.0371583 0.941239 0.0178176 9.9991E-05 0.00368511
9.997E-05 0.9996 9.997E-05 9.997E-05 9.997E-05
9.9982E-05 0.102639 0.0886547 0.808507 9.9982E-05
9.9982E-05 0.884082 0.040659 9.9982E-05 0.0750592
0.0339413 0.0837679 9.9991E-05 0.120748 0.761442
0.02445 9.9973E-05 9.9973E-05 9.9973E-05 0.97525
0.0145655 9.9991E-05 0.0154482 0.0183434 0.951543
9.9982E-05 0.00847955 0.0241233 9.9982E-05 0.967197
0.0169906 9.9991E-05 0.0139219 0.0408676 0.92812
0.622067 0.0990352 0.111647 0.0730916 0.094159
0.616698 0.0871007 0.127683 0.0695706 0.0989477
0.916798 9.9982E-05 9.9982E-05 0.066692 0.0163102
0.907135 0.0547578 9.9982E-05 9.9982E-05 0.0379077
0.955296 0.00233431 0.0152663 0.0017347 0.0253691
0.325543 0.0302797 0.147323 0.496755 9.9991E-05
0.954271 9.9982E-05 0.023488 0.0220408 9.9982E-05
0.129477 0.246174 0.0224044 0.366511 0.235433
0.9996 9.997E-05 9.997E-05 9.997E-05 9.997E-05
0.9996 9.997E-05 9.997E-05 9.997E-05 9.997E-05
0.9996 9.997E-05 9.997E-05 9.997E-05 9.997E-05
0.67396 0.267276 9.9991E-05 0.0164794 0.042185
0.9996 9.997E-05 9.997E-05 9.997E-05 9.997E-05
0.934406 0.0177797 0.0221814 9.9991E-05 0.0255329
9.9973E-05 9.9973E-05 9.9973E-05 0.744513 0.255187
0.061862 0.00434928 0.0296362 0.59263 0.311523
0.0602762 9.9991E-05 0.0205402 0.160313 0.75877
9.9982E-05 9.9982E-05 0.0284579 0.0473553 0.923987
0.0955193 0.0421632 0.115998 0.713731 0.0325881
0.0438214 9.9991E-05 0.0510947 0.0588156 0.846168
9.9973E-05 9.9973E-05 9.9973E-05 0.826329 0.173371
9.9973E-05 9.9973E-05 9.9973E-05 0.80213 0.19757
0.000566671 0.0764814 0.185945 0.736907 9.9991E-05
0.0505609 0.0221049 0.0571097 0.0653833 0.804841
0.0522889 0.0477549 0.133869 0.224754 0.541333
0.0896052 0.0601476 0.233259 0.56194 0.0550484
0.05732 0.0672966 0.193785 0.681498 9.9991E-05
0.0772955 0.0555 0.127149 0.683785 0.05627
0.0178547 0.0860344 9.9991E-05 0.571835 0.324176
0.0498037 0.0511115 0.171792 0.727193 9.9991E-05
9.99729E-05 9.99729E-05 9.99729E-05 0.845078 0.154622
0.0227416 0.164432 0.211549 0.601177 9.9991E-05
0.0201818 0.141478 0.250082 0.588158 9.9991E-05
0.247666 0.364864 0.127607 0.259764 9.9991E-05
9.9982E-05 0.0742682 0.183787 0.741745 9.9982E-05
9.9982E-05 0.0659675 0.229314 0.704519 9.9982E-05
0.00438916 0.103364 0.191378 0.700769 9.9991E-05
0.0922997 0.0988599 0.218205 0.370951 0.219684
9.9973E-05 9.9973E-05 9.9973E-05 0.732586 0.267114
9.9973E-05 9.9973E-05 9.9973E-05 0.878009 0.121691
9.9973E-05 9.9973E-05 9.9973E-05 0.849411 0.15029
9.9973E-05 9.9973E-05 9.9973E-05 0.788957 0.210743
9.9973E-05 0.948101 9.9973E-05 0.051599 9.9973E-05
0.215618 0.432005 0.0753321 0.240427 0.0366184
9.9991E-05 0.0181843 0.0226879 0.152283 0.806745
0.0376946 9.9991E-05 0.0274141 0.58896 0.345831
0.160522 0.176627 0.155844 0.506907 9.9991E-05
0.156735 0.192858 0.166103 0.484204 9.9991E-05
0.0452673 0.0317326 9.9982E-05 9.9982E-05 0.9228
0.0239109 0.0577758 0.0341765 0.133293 0.750844
0.348123 0.241274 0.0211279 0.357549 0.031925
0.0967061 0.106727 0.0340328 0.721683 0.0408502
0.00147932 9.9991E-05 0.0137089 0.13258 0.852132
0.0783318 0.132814 0.225863 0.293537 0.269454
0.188617 0.151432 0.198647 0.461204 9.9991E-05
0.111552 0.0864999 0.236978 0.411756 0.153215
0.0849912 0.093564 0.203461 0.364868 0.253116
9.99858E-05 0.000561088 0.063263 9.99858E-05 0.935976
0.00617288 0.0369626 9.9982E-05 9.9982E-05 0.956665
0.000635707 9.9982E-05 0.00234364 9.9982E-05 0.996821
0.0231444 0.00357234 0.0126714 0.00661874 0.953993
9.9973E-05 9.9973E-05 0.0124429 9.9973E-05 0.987257
9.9982E-05 0.00933382 9.9982E-05 0.0293531 0.961113
0.115782 0.0485389 0.215632 0.0634174 0.55663
0.168724 0.133709 0.203657 0.237831 0.256079
9.997E-05 9.997E-05 9.997E-05 9.997E-05 0.9996
0.120151 0.123213 0.18771 0.299079 0.269847
0.140621 0.104698 0.21133 0.384608 0.158744
0.560388 0.415513 0.0238991 9.9982E-05 9.9982E-05
0.549063 0.387948 0.0253141 0.0366422 0.00103294
0.569992 0.384644 9.9991E-05 0.0214941 0.02377
0.528036 0.411036 0.0424508 9.9991E-05 0.0183769
0.541063 0.380457 0.0326657 0.00727401 0.0385404
0.545043 0.427594 0.0261062 0.00115667 9.9991E-05
0.567507 0.402421 0.0246199 0.00535199 9.9991E-05
0.055841 0.151915 0.220804 0.57134 9.9991E-05
9.9982E-05 0.121908 0.231241 0.646651 9.9982E-05
0.226261 0.34313 0.109947 0.320562 9.9991E-05
0.237499 0.352135 0.116859 0.29023 0.00327693
0.0589492 0.0300336 9.9991E-05 0.0299426 0.880975
0.0607928 0.0379728 0.0798042 0.031513 0.789917
0.00318564 9.9973E-05 9.9973E-05 9.9973E-05 0.996514
0.00885639 0.964513 0.0216665 0.00486368 9.9991E-05
0.128742 0.870958 9.9973E-05 9.9973E-05 9.9973E-05
9.9973E-05 0.991409 9.9973E-05 9.9973E-05 0.00829148
0.159798 0.839902 9.9973E-05 9.9973E-05 9.9973E-05
0.069206 0.475443 0.0201521 0.409648 0.0255513
0.354418 0.429505 9.9991E-05 0.172231 0.0437457
0.476793 0.419556 0.0104805 0.0873534 0.00581697
0.149375 0.847937 0.00248811 9.9982E-05 9.9982E-05
0.15021 0.84949 9.9973E-05 9.9973E-05 9.9973E-05
9.997E-05 0.9996 9.997E-05 9.997E-05 9.997E-05
0.115776 0.852886 9.9982E-05 9.9982E-05 0.0311386
0.213932 0.0519852 0.13212 0.377618 0.224345
9.9973E-05 9.9973E-05 0.0117702 9.9973E-05 0.98793
0.0296477 0.200026 0.20095 0.567024 0.00235287
0.0258676 0.0243147 0.0414913 0.207188 0.701138
0.0753081 0.0464608 0.142607 0.735524 9.9991E-05
9.9991E-05 0.924 0.00230526 0.0503576 0.0232371
0.548146 0.364058 0.0160906 0.0408802 0.0308248
0.153974 0.729827 0.0193977 0.0614412 0.0353603
0.052875 0.131303 0.240588 0.320375 0.254859
0.108992 0.159538 0.252904 0.390482 0.0880842
0.0390236 9.9991E-05 0.0128188 0.370712 0.577345
9.9982E-05 0.0425894 0.154263 0.802948 9.9982E-05
0.778246 0.0975175 0.0679409 0.00548788 0.0508072
0.8797 0.044766 0.00431337 9.9991E-05 0.0711211
0.996057 9.9982E-05 0.00107539 9.9982E-05 0.00266785
0.970685 9.9973E-05 0.0290153 9.9973E-05 9.9973E-05
0.9996 9.997E-05 9.997E-05 9.997E-05 9.997E-05
0.917728 0.0167149 0.00941642 9.9991E-05 0.0560402
0.0476112 0.146307 0.231686 0.574295 9.9991E-05
0.373158 0.454827 0.0929568 9.9991E-05 0.0789575
0.0755946 0.871323 9.9991E-05 0.00521774 0.0477644
9.997E-05 0.9996 9.997E-05 9.997E-05 9.997E-05
9.997E-05 0.9996 9.997E-05 9.997E-05 9.997E-05
0.126684 0.862064 9.9982E-05 9.9982E-05 0.0110522
0.9996 9.997E-05 9.997E-05 9.997E-05 9.997E-05
0.981415 9.9973E-05 9.9973E-05 9.9973E-05 0.0182846
0.70757 0.273974 0.0182559 9.9982E-05 9.9982E-05
0.728359 0.21893 0.0033268 0.0314013 0.0179837
0.978788 0.0209122 9.9973E-05 9.9973E-05 9.9973E-05
0.595353 0.32264 9.9991E-05 0.0390074 0.0428998
0.375504 0.236534 0.0160207 0.0246105 0.347331
0.00777526 0.00577009 0.024544 0.120437 0.841474
0.0671097 9.9982E-05 9.9982E-05 0.135184 0.797506
9.9982E-05 9.9982E-05 0.0505981 0.0399952 0.909207
9.9973E-05 9.9973E-05 0.030365 9.9973E-05 0.969335
0.977768 9.9973E-05 9.9973E-05 0.021932 9.9973E-05
0.9996 9.997E-05 9.997E-05 9.997E-05 9.997E-05
0.723935 0.211484 9.9991E-05 0.00795715 0.0565237
0.879805 0.0998837 9.9982E-05 9.9982E-05 0.0201113
0.998346 9.9973E-05 0.00135418 9.9973E-05 9.9973E-05
0.96623 9.9982E-05 0.0291112 0.00445885 9.9982E-05
0.9996 9.997E-05 9.997E-05 9.997E-05 9.997E-05
0.72519 0.239899 9.9991E-05 0.00774955 0.027062
0.0356352 0.0238711 0.102082 0.786295 0.0521172
0.00024157 0.0509896 0.0955999 0.853069 9.9991E-05
0.0512644 9.9982E-05 0.146974 0.801561 9.9982E-05
0.0961146 0.0188815 0.108213 0.759584 0.0172066
0.464523 0.415082 9.9991E-05 0.0778216 0.0424741
0.453359 0.496734 9.9991E-05 0.00765605 0.0421509
0.354157 0.571936 9.9982E-05 0.0737073 9.9982E-05
0.332243 0.594844 9.9982E-05 0.0727136 9.9982E-05
0.553459 0.109317 0.115455 0.108921 0.112847
0.118209 0.561409 0.105508 0.214775 9.9991E-05
0.99829 9.99729E-05 9.99729E-05 0.00141023 9.99729E-05
0.594627 0.323199 0.0123871 0.0444357 0.0253511
0.569204 0.325564 0.04739 0.0544162 0.00342578
9.99911E-05 0.110125 0.135214 0.304591 0.44997
0.0703304 0.204487 0.197204 0.50353 0.0244481
9.9982E-05 9.9982E-05 0.0040973 0.101433 0.89427
9.9973E-05 9.9973E-05 9.9973E-05 0.794431 0.205269
9.9973E-05 9.9973E-05 9.9973E-05 0.610221 0.389479
0.0458308 9.9982E-05 9.9982E-05 0.405267 0.548702
0.0171932 0.0800783 0.103073 0.423472 0.376183
9.9973E-05 9.9973E-05 9.9973E-05 0.0299482 0.969752
0.0222849 0.00821686 9.9991E-05 0.00602632 0.963372
0.0523373 0.0118941 0.02404 9.9991E-05 0.911629
0.0122787 9.9991E-05 0.0267336 0.0217241 0.939164
0.505433 0.12245 0.0955797 0.153196 0.123341
0.312579 0.087855 0.0704944 0.125205 0.403867
0.390701 0.258587 0.0383717 0.033821 0.27852
0.552783 0.209895 0.0793102 0.103904 0.0541078
0.042035 0.0900663 0.0768979 0.245007 0.545994
9.9982E-05 0.00867454 0.0304402 9.9982E-05 0.960685
0.528657 0.414169 0.0235231 0.0211688 0.0124817
0.0493349 9.9991E-05 0.100047 0.119134 0.731385
9.9973E-05 9.9973E-05 9.9973E-05 0.737207 0.262493
9.9973E-05 9.9973E-05 9.9973E-05 0.894565 0.105135
9.9973E-05 9.9973E-05 9.9973E-05 0.0181964 0.981504
0.155451 0.0353611 0.533352 0.115032 0.160804
0.00681929 0.00300971 9.9991E-05 0.43927 0.550801
9.9973E-05 9.9973E-05 9.9973E-05 0.805174 0.194526
0.079406 9.9991E-05 0.0247981 0.187576 0.70812
0.097447 0.0460931 0.561853 0.19556 0.0990466
9.9973E-05 9.9973E-05 0.987404 9.9973E-05 0.0122965
0.105027 0.849594 9.9982E-05 9.9982E-05 0.0451793
0.03344 0.0462253 0.000580781 0.772578 0.147176
0.212686 0.168634 0.154064 0.464515 9.9991E-05
0.0995132 0.141957 0.202968 0.551686 0.00387644
0.00943368 0.160642 0.201016 0.564161 0.0647466
9.9973E-05 9.9973E-05 9.9973E-05 0.916021 0.0836786
9.9982E-05 0.952092 9.9982E-05 0.0419848 0.00572291
0.292298 0.278115 0.135821 0.285842 0.00792406
9.9982E-05 0.0373956 0.100453 0.861951 9.9982E-05
9.99729E-05 9.99729E-05 9.99729E-05 0.876963 0.122737
0.0235121 0.0630586 0.146842 0.766487 9.9991E-05
0.182301 0.187422 0.175816 0.454361 9.9991E-05
0.186771 0.191131 0.178109 0.443889 9.9991E-05
0.250516 0.49534 0.0155918 0.147484 0.0910679
0.10834 0.737363 0.00190032 0.108754 0.0436426
0.251145 0.310795 0.0945417 0.307797 0.0357211
0.091734 0.186072 0.206452 0.515641 9.9991E-05
9.99729E-05 9.99729E-05 9.99729E-05 0.872603 0.127097
9.9973E-05 9.9973E-05 9.9973E-05 0.854193 0.145507
0.0743457 0.0970498 0.211128 0.225552 0.391925
0.235167 0.446719 0.0518099 0.239244 0.0270602
0.0420581 0.164864 0.220502 0.572476 9.9991E-05
9.9982E-05 0.000242484 0.0200197 9.9982E-05 0.979538
0.160991 0.402644 0.1494 0.284862 0.00210337
0.14333 0.147271 0.0561457 0.281977 0.371277
0.309367 0.395889 0.183043 0.0411143 0.0705869
0.0642345 0.0896117 0.175615 0.139123 0.531416
0.0114849 0.0583034 0.0927182 0.837393 9.9991E-05
0.0994012 0.0673997 0.244596 0.405267 0.183336
0.00737953 9.9973E-05 9.9973E-05 9.9973E-05 0.992321
0.0487459 0.014758 9.9982E-05 9.9982E-05 0.936296
9.99729E-05 9.99729E-05 9.99729E-05 0.885827 0.113873
9.9973E-05 9.9973E-05 0.00761767 9.9973E-05 0.992082
0.113744 0.0718306 0.0976285 0.0984541 0.618343
0.0257457 0.00104851 0.0399981 0.0408352 0.892372
9.9991E-05 0.0462516 0.0186511 0.11361 0.821387
0.177848 0.163978 0.177751 0.480322 9.9991E-05
0.104614 0.861886 9.9982E-05 9.9982E-05 0.0333004
0.0396976 0.952119 0.00798391 9.9982E-05 9.9982E-05
9.99731E-05 9.99731E-05 9.99731E-05 0.791395 0.208305
0.117136 0.869856 9.9991E-05 0.0102823 0.00262604
0.00706661 0.00758599 0.935463 9.9991E-05 0.0497842
9.9973E-05 9.9973E-05 0.99076 9.9973E-05 0.00893973
0.0194447 0.199097 0.505058 0.0856581 0.190742
0.0280466 0.0615055 9.9991E-05 0.114038 0.79631
9.997E-05 9.997E-05 0.9996 9.997E-05 9.997E-05
9.997E-05 9.997E-05 0.9996 9.997E-05 9.997E-05
9.997E-05 9.997E-05 0.9996 9.997E-05 9.997E-05
9.997E-05 9.997E-05 0.9996 9.997E-05 9.997E-05
9.997E-05 9.997E-05 0.9996 9.997E-05 9.997E-05
9.9973E-05 9.9973E-05 9.9973E-05 0.913756 0.0859439
9.9991E-05 0.194631 0.215667 0.584401 0.00520006
0.039369 0.0253558 0.134349 0.800826 9.9991E-05
9.9982E-05 0.0312878 0.12707 0.841442 9.9982E-05
9.9982E-05 0.0028768 9.9982E-05 0.472805 0.524118
9.9973E-05 9.9973E-05 9.9973E-05 0.897601 0.102099
0.0104276 0.185495 0.22554 0.578437 9.9991E-05
0.057063 0.035246 0.1758 0.731791 9.9991E-05
9.9982E-05 0.0934844 0.0743177 0.831998 9.9982E-05
0.0336914 0.0793617 0.200247 0.6866 9.9991E-05
9.9982E-05 9.9982E-05 0.975666 0.0231201 0.0010144
0.0486023 0.112306 9.9991E-05 0.61442 0.224571
0.037149 0.0157848 0.0300005 0.0694273 0.847638
9.9991E-05 0.0412809 0.0508214 0.0167632 0.891035
0.126709 9.9991E-05 0.0535188 0.0941815 0.725491
9.99729E-05 9.99729E-05 9.99729E-05 0.827263 0.172437
0.000569103 9.9982E-05 9.9982E-05 0.902752 0.0964789
0.116522 0.883178 9.9973E-05 9.9973E-05 9.9973E-05
0.222053 0.173453 0.010023 0.343677 0.250794
0.00467528 0.0378488 0.0857437 0.850614 0.0211187
