0.104183 0.089225 0.646676 9.9991E-05 0.0896767 0.0641201 0.00601929
0.451976 9.9982E-05 0.368674 0.00832635 0.127239 0.0435842 9.9982E-05
0.42456 9.9982E-05 0.295714 9.9982E-05 0.133055 0.126177 0.0202948
0.0915816 0.0767213 0.644554 9.9982E-05 0.127734 0.0592093 9.9982E-05
0.935969 0.00850785 0.0161746 0.00433628 0.0154848 9.9991E-05 0.0194279
0.401086 9.9991E-05 0.310596 0.0713739 0.169441 0.0317025 0.0157004
9.9964E-05 0.456804 9.9964E-05 0.0107949 9.9964E-05 9.9964E-05 0.532002
0.000982641 0.0191584 9.9964E-05 9.9964E-05 9.9964E-05 9.9964E-05 0.979459
0.00828642 9.9973E-05 0.00287656 9.9973E-05 0.0188818 9.9973E-05 0.969655
9.9964E-05 9.9964E-05 0.00416052 9.9964E-05 0.00386379 9.9964E-05 0.991576
0.0345683 0.13495 0.0227019 9.9973E-05 9.9973E-05 0.80748 9.9973E-05
9.9973E-05 0.00283508 0.0576992 9.9973E-05 9.9973E-05 0.926788 0.0123778
9.9973E-05 0.0747536 0.0243066 9.9973E-05 9.9973E-05 0.897361 0.00327935
9.9955E-05 0.0701985 9.9955E-05 9.9955E-05 9.9955E-05 0.929302 9.9955E-05
9.9982E-05 0.041912 0.125628 0.803714 0.024606 9.9982E-05 0.00394008
9.995E-05 9.995E-05 9.995E-05 9.995E-05 9.995E-05 9.995E-05 0.9994
9.9964E-05 0.907348 0.0871636 9.9964E-05 9.9964E-05 9.9964E-05 0.00508863
9.99641E-05 9.99641E-05 9.99641E-05 0.894696 9.99641E-05 0.0885022 0.0164017
9.999E-05 0.00122884 0.159036 0.565095 0.0464829 0.209836 0.0182216
9.9982E-05 0.000562423 9.9982E-05 0.37701 0.00205804 0.583816 0.0363539
9.9973E-05 9.9973E-05 0.107143 0.813679 9.9973E-05 0.0439733 0.0349042
9.9964E-05 9.9964E-05 9.9964E-05 0.0719149 9.9964E-05 0.925147 0.00253846
9.9973E-05 0.0133546 9.9973E-05 0.88946 9.9973E-05 0.0846598 0.0122261
9.999E-05 0.0304597 0.0456064 0.0882099 0.01554 0.808013 0.0120708
9.9964E-05 9.9964E-05 0.0293388 0.0359461 9.9964E-05 0.934315 9.9964E-05
0.00182729 0.0297306 0.030229 0.930709 9.9982E-05 0.00730428 9.9982E-05
9.9973E-05 9.9973E-05 0.0122698 0.879534 9.9973E-05 0.103502 0.00439426
9.9964E-05 9.9964E-05 9.9964E-05 0.600449 0.0880983 0.311053 9.9964E-05
9.9973E-05 9.9973E-05 9.9973E-05 0.910561 0.0380448 0.0248083 0.026286
0.000583849 9.9973E-05 9.9973E-05 0.932926 0.00982645 0.0563634 9.9973E-05
9.9964E-05 9.9964E-05 9.9964E-05 0.03398 0.0252681 0.940352 9.9964E-05
9.9955E-05 0.195859 9.9955E-05 9.9955E-05 9.9955E-05 0.803641 9.9955E-05
0.0174506 0.0138871 9.9973E-05 0.89585 9.9973E-05 0.0725126 9.9973E-05
9.9982E-05 9.9982E-05 0.0428691 0.173404 0.00043452 0.773706 0.0093864
9.9973E-05 9.9973E-05 0.015249 0.928427 9.9973E-05 0.0512325 0.00479203
0.000676743 9.9973E-05 0.0177925 0.0205908 9.9973E-05 0.96064 9.9973E-05
0.0174164 9.9964E-05 9.9964E-05 0.898487 9.9964E-05 0.0836968 9.9964E-05
9.9973E-05 9.9973E-05 9.9973E-05 0.0156925 0.0252534 0.956259 0.00249516
0.146414 9.9964E-05 0.688532 9.9964E-05 0.164653 9.9964E-05 9.9964E-05
0.847252 0.0111618 9.9973E-05 9.9973E-05 0.140787 0.000499526 9.9973E-05
0.114229 0.140592 9.9964E-05 9.9964E-05 9.9964E-05 0.744779 9.9964E-05
9.9964E-05 0.0221104 9.9964E-05 0.924274 9.9964E-05 0.0532162 9.9964E-05
9.9973E-05 9.9973E-05 0.0229545 0.00945061 0.0343943 0.932901 9.9973E-05
0.210029 0.361618 0.0330659 9.9982E-05 0.381475 0.0136119 9.9982E-05
9.9982E-05 9.9982E-05 0.144127 0.541278 0.0238476 0.227545 0.0630029
9.999E-05 0.120518 0.0180446 0.349089 0.0153572 0.462351 0.0345404
0.0160499 0.00546709 0.0777798 0.8306 0.0170461 0.0322853 0.0207715
0.463892 0.0631671 0.200982 0.0566304 0.190927 0.0243022 9.9991E-05
0.210007 0.0243536 0.0902808 9.9982E-05 0.672668 0.00249012 9.9982E-05
9.9955E-05 0.323805 0.675696 9.9955E-05 9.9955E-05 9.9955E-05 9.9955E-05
9.9964E-05 0.163445 0.712123 9.9964E-05 9.9964E-05 0.124031 9.9964E-05
9.99729E-05 0.13871 0.707786 9.99729E-05 9.99729E-05 0.152775 0.000429841
9.99549E-05 0.200359 0.799141 9.99549E-05 9.99549E-05 9.99549E-05 9.99549E-05
0.01866 9.9973E-05 0.0159205 9.9973E-05 9.9973E-05 0.0343128 0.930807
0.000699588 9.9973E-05 0.0207552 9.9973E-05 9.9973E-05 0.009471 0.968774
9.99664E-05 0.454202 9.99664E-05 9.99664E-05 9.99664E-05 0.521322 0.0240758
9.9964E-05 9.9964E-05 0.026942 0.0333707 9.9964E-05 0.939287 9.9964E-05
0.185062 9.9991E-05 0.512016 0.186369 0.0615748 0.0440571 0.0108204
0.915835 9.9955E-05 0.0836657 9.9955E-05 9.9955E-05 9.9955E-05 9.9955E-05
0.518599 9.9973E-05 0.0791097 0.0379862 0.364005 9.9973E-05 9.9973E-05
9.9955E-05 0.966678 0.0328217 9.9955E-05 9.9955E-05 9.9955E-05 9.9955E-05
0.0146811 0.734636 0.214606 0.0141951 9.9991E-05 0.0015472 0.0202346
9.9982E-05 0.722519 0.171238 9.9982E-05 0.0413629 0.048783 0.0158969
9.9973E-05 0.00089368 0.0102813 9.9973E-05 9.9973E-05 0.0047375 0.983788
0.915093 9.9973E-05 0.0593222 9.9973E-05 0.0187566 9.9973E-05 0.00652797
9.9955E-05 0.979593 9.9955E-05 0.0199075 9.9955E-05 9.9955E-05 9.9955E-05
0.0832774 0.026141 0.835022 9.9973E-05 0.0552596 9.9973E-05 9.9973E-05
9.9964E-05 0.0324978 9.9964E-05 0.0439393 9.9964E-05 0.923163 9.9964E-05
9.9964E-05 0.0660035 9.9964E-05 9.9964E-05 9.9964E-05 0.933381 0.000215932
0.0324521 0.0359413 0.111249 0.0207547 0.0263608 9.9991E-05 0.773142
0.00544053 0.0553317 0.0646534 0.0479251 0.00969884 0.00347045 0.81348
9.9991E-05 0.0165714 0.0181929 0.0376248 0.00959445 0.0515752 0.866341
0.0300255 9.9964E-05 0.0114088 9.9964E-05 9.9964E-05 9.9964E-05 0.958166
9.9955E-05 9.9955E-05 0.018816 9.9955E-05 9.9955E-05 9.9955E-05 0.980684
0.00554545 0.00423277 9.9982E-05 0.0170885 0.000114827 9.9982E-05 0.972818
9.9955E-05 0.00232489 9.9955E-05 9.9955E-05 9.9955E-05 9.9955E-05 0.997175
0.0103807 9.9973E-05 9.9973E-05 0.0124113 0.0110466 9.9973E-05 0.965862
0.0013843 0.00833265 0.00394288 9.9982E-05 0.0141927 9.9982E-05 0.971948
9.995E-05 9.995E-05 9.995E-05 9.995E-05 9.995E-05 9.995E-05 0.9994
9.9973E-05 9.9973E-05 0.03578 0.0020872 9.9973E-05 0.0126309 0.949202
9.9973E-05 9.9973E-05 0.0178755 9.9973E-05 0.0287286 0.0195054 0.933591
0.00236226 9.9982E-05 0.00495584 9.9982E-05 0.00355518 0.0291861 0.959741
9.99641E-05 9.99641E-05 9.99641E-05 0.415278 9.99641E-05 0.0371167 0.547206
9.99551E-05 9.99551E-05 9.99551E-05 0.435029 9.99551E-05 9.99551E-05 0.564471
0.00992311 9.9955E-05 9.9955E-05 9.9955E-05 9.9955E-05 9.9955E-05 0.989577
9.9955E-05 9.9955E-05 0.0394471 9.9955E-05 9.9955E-05 9.9955E-05 0.960053
9.9964E-05 0.0222319 0.0541949 9.9964E-05 9.9964E-05 9.9964E-05 0.923173
0.0123639 9.9982E-05 0.00417362 0.0515828 9.9982E-05 0.0193887 0.912291
9.995E-05 9.995E-05 9.995E-05 9.995E-05 9.995E-05 9.995E-05 0.9994
9.9964E-05 9.9964E-05 9.9964E-05 0.440999 9.9964E-05 0.0188251 0.539776
0.0418463 0.0311746 0.0289302 0.028034 0.0158633 9.9991E-05 0.854052
9.9982E-05 0.0403574 9.9982E-05 0.0102068 0.00326239 0.014061 0.931913
9.9973E-05 0.00976539 0.0265891 9.9973E-05 9.9973E-05 0.0065602 0.956785
0.0298654 9.9973E-05 0.0102483 9.9973E-05 0.00959026 9.9973E-05 0.949996
0.0138947 0.0302687 0.0121095 0.0197982 0.0105958 0.0366815 0.876652
9.9973E-05 0.0116298 0.0273055 9.9973E-05 0.00990091 9.9973E-05 0.950864
0.115788 0.21758 9.9973E-05 0.611258 0.0550749 9.9973E-05 9.9973E-05
0.0158031 9.9973E-05 9.9973E-05 0.0109616 9.9973E-05 0.0170696 0.955866
9.9964E-05 9.9964E-05 9.9964E-05 0.0153034 9.9964E-05 0.0127791 0.971518
0.0597825 0.031523 0.0431279 0.0798657 0.0705316 9.9991E-05 0.715069
9.995E-05 9.995E-05 9.995E-05 9.995E-05 9.995E-05 9.995E-05 0.9994
9.9964E-05 0.0195242 9.9964E-05 9.9964E-05 9.9964E-05 0.0133708 0.966705
9.9964E-05 9.9964E-05 0.0141759 9.9964E-05 0.0140254 9.9964E-05 0.971399
0.00646569 9.9982E-05 0.00726178 0.010917 9.9982E-05 0.0053979 0.969758
9.9982E-05 0.0167463 9.9982E-05 0.921465 0.0193855 0.014647 0.0275567
9.995E-05 9.995E-05 9.995E-05 9.995E-05 9.995E-05 9.995E-05 0.9994
9.9955E-05 9.9955E-05 0.0466762 9.9955E-05 9.9955E-05 9.9955E-05 0.952824
9.995E-05 9.995E-05 9.995E-05 9.995E-05 9.995E-05 9.995E-05 0.9994
9.9973E-05 0.118763 9.9973E-05 0.629947 9.9973E-05 0.23645 0.0145398
0.0298669 9.9982E-05 0.000417914 0.0148227 0.0178777 9.9982E-05 0.936815
9.9964E-05 9.9964E-05 0.0187932 9.9964E-05 9.9964E-05 0.0352249 0.945582
9.9982E-05 0.0111914 0.0146756 0.00541675 0.00493559 9.9982E-05 0.963581
9.9964E-05 0.000957602 9.9964E-05 9.9964E-05 9.9964E-05 0.0169419 0.981701
9.9982E-05 0.00324386 0.0685075 0.645157 9.9982E-05 0.244601 0.0382905
9.9955E-05 0.000433323 9.9955E-05 9.9955E-05 9.9955E-05 9.9955E-05 0.999067
0.0230488 9.9964E-05 0.0638243 9.9964E-05 9.9964E-05 9.9964E-05 0.912727
9.9964E-05 9.9964E-05 9.9964E-05 0.471136 9.9964E-05 0.0207919 0.507673
9.9964E-05 0.0131571 9.9964E-05 9.9964E-05 9.9964E-05 0.00341771 0.983025
9.9973E-05 9.9973E-05 0.0373253 0.215503 9.9973E-05 0.723382 0.0234896
0.023719 9.9982E-05 0.00789785 0.281575 9.9982E-05 0.678042 0.00856683
0.027889 9.9982E-05 0.0200355 0.0406437 9.9982E-05 0.885056 0.0261755
0.00191456 0.0455887 9.9982E-05 0.887872 9.9982E-05 0.034964 0.0294607
0.0231945 0.778083 0.111393 9.9982E-05 9.9982E-05 0.024655 0.0624743
0.017089 9.9982E-05 9.9982E-05 0.0448715 0.00608206 0.857382 0.0743759
0.0153229 0.345484 9.9982E-05 0.212276 0.0667424 0.359974 9.9982E-05
0.0212676 9.9982E-05 9.9982E-05 0.169423 0.00161804 0.789523 0.0179681
0.0348723 0.0404731 9.9982E-05 0.266636 0.0175753 0.640243 9.9982E-05
0.000876737 9.9991E-05 0.0264581 0.222205 0.0164366 0.707699 0.026224
0.0328404 0.00770387 0.00571074 0.300138 0.0553113 0.598196 9.9991E-05
0.0479402 9.9982E-05 9.9982E-05 0.297869 0.0340783 0.601488 0.0184244
0.00887131 9.9973E-05 9.9973E-05 0.0140285 9.9973E-05 0.926487 0.050313
0.0171793 0.0969211 9.9982E-05 9.9982E-05 0.0145347 0.853053 0.0181118
9.9964E-05 0.111207 9.9964E-05 9.9964E-05 9.9964E-05 0.849728 0.0386651
0.013449 0.0597397 0.041078 0.742711 0.0578383 0.0600454 0.0251389
0.399139 0.0774424 9.9982E-05 0.00201991 0.498944 9.9982E-05 0.022254
0.402222 0.060024 0.0429332 9.9982E-05 0.45667 9.9982E-05 0.0379517
0.720367 0.0241863 0.113355 9.9982E-05 0.113972 0.0279203 9.9982E-05
0.0266277 0.308414 0.0931508 0.355382 0.0374708 0.0826848 0.0962703
0.396634 0.109799 9.9973E-05 9.9973E-05 0.482795 9.9973E-05 0.0104709
0.379324 0.0445047 0.0893243 0.00360751 0.418838 9.9991E-05 0.0643013
0.0682069 0.258936 9.9991E-05 0.143559 0.0133673 0.389758 0.126072
0.545846 0.0232093 0.0189848 0.00105115 0.390088 9.9991E-05 0.0207203
0.473189 0.00415383 0.0543707 0.0241339 0.395096 0.00839863 0.040658
0.474981 0.0291696 0.0712227 0.00392163 0.420505 9.9982E-05 9.9982E-05
0.240118 0.0306035 0.0658136 0.0601321 0.576079 9.9991E-05 0.0271531
0.23071 0.0223053 0.0696998 0.0578867 0.59993 9.9991E-05 0.019368
0.462255 0.0554334 0.00362659 0.0229322 0.441758 0.013895 9.9991E-05
9.99729E-05 0.774195 0.192912 9.99729E-05 0.0227893 9.99729E-05 0.00980373
0.778414 0.0179733 9.9982E-05 0.0289006 0.144465 9.9982E-05 0.0300471
9.9991E-05 0.0408534 0.0165121 0.878018 0.000891127 0.0304337 0.0331914
0.0137376 0.0351997 9.9973E-05 0.913743 9.9973E-05 9.9973E-05 0.0370198
0.902834 9.9982E-05 0.0655002 0.0265993 0.0042115 9.9982E-05 0.000655391
0.166182 0.128645 0.184723 0.226756 0.109166 0.122565 0.0619638
0.012294 0.783276 0.0985368 0.0472819 0.0574672 9.9991E-05 0.00104375
0.0767735 0.179909 9.9973E-05 9.9973E-05 0.0367751 0.706242 9.9973E-05
9.9991E-05 0.0553197 0.00380103 0.814692 0.0309148 0.0685844 0.0265884
0.128874 0.242281 9.9982E-05 9.9982E-05 0.143499 0.465778 0.0193681
0.0156399 0.819941 0.0639948 0.0324268 0.0534908 0.0144067 9.9991E-05
0.288476 0.0852219 9.9982E-05 0.0469469 0.535561 9.9982E-05 0.043594
0.00431091 0.88467 0.0650176 9.9982E-05 0.0033287 9.9982E-05 0.0424728
0.0537914 9.9991E-05 0.575365 0.141976 0.0605814 0.107896 0.0602905
9.9973E-05 0.0540073 9.9973E-05 0.938823 9.9973E-05 0.00023968 0.00663043
0.782145 0.0425428 9.9991E-05 0.0222262 0.116538 0.00501077 0.0314375
0.420786 0.0947856 9.9973E-05 9.9973E-05 0.0171997 0.466929 9.9973E-05
0.927265 9.9973E-05 9.9973E-05 0.0255178 9.9973E-05 0.0272307 0.0196862
0.0808769 0.357556 0.0546507 0.0455142 0.082471 0.317943 0.0609885
0.9994 9.995E-05 9.995E-05 9.995E-05 9.995E-05 9.995E-05 9.995E-05
0.021069 0.888119 9.9973E-05 0.00881851 9.9973E-05 0.0816936 9.9973E-05
0.820775 0.0107187 0.000850379 0.0510924 0.0258279 0.0477733 0.0429624
0.843977 0.0583864 0.0132639 0.0120909 9.9991E-05 0.043575 0.028607
0.0633706 0.0468785 0.000907404 0.865322 9.9991E-05 0.0137258 0.00969607
0.160588 0.0800709 0.0746785 0.425029 0.152522 0.106133 0.000978876
0.0765213 0.265843 9.9991E-05 0.338778 0.0489174 0.243699 0.0261411
0.0627587 9.9991E-05 0.0778765 0.0108173 0.799328 0.0313227 0.0177966
0.00148707 0.007854 0.0249457 9.9982E-05 0.942699 0.0228142 9.9982E-05
9.9982E-05 0.020373 0.0547017 0.029184 0.868523 0.0270182 9.9982E-05
9.9991E-05 0.0076093 0.0704806 0.044568 0.852013 0.0194967 0.0057327
9.9964E-05 9.9964E-05 0.0391752 0.940039 0.0203855 9.9964E-05 9.9964E-05
0.0200045 9.9973E-05 0.0894935 0.889999 9.9973E-05 9.9973E-05 0.000202646
9.9991E-05 0.027547 0.065618 0.740243 0.0436793 0.0895594 0.0332534
0.392719 0.00838745 0.0933242 9.9982E-05 0.50345 9.9982E-05 0.00191896
0.189104 0.184633 0.0503285 0.248686 0.0926004 0.109526 0.125122
0.0107838 9.9991E-05 0.396293 0.372605 0.102349 0.0114382 0.106431
0.0126072 9.9991E-05 0.131437 0.724696 0.00814856 0.0905236 0.0324876
0.0208427 9.9991E-05 0.172545 0.674943 0.00425117 0.0540457 0.0732727
0.000228903 9.9982E-05 0.155929 0.717787 0.0864647 9.9982E-05 0.0393908
0.0649528 9.9991E-05 0.232286 0.487614 0.0559111 0.0298172 0.129319
0.0271774 0.155242 0.70828 0.0147599 0.0306413 0.0569838 0.00691519
9.9982E-05 0.080936 0.032437 0.0222776 0.011161 0.852988 9.9982E-05
0.000360188 0.147492 9.9991E-05 0.230654 0.0101991 0.556894 0.0543007
0.946239 9.9955E-05 0.0532615 9.9955E-05 9.9955E-05 9.9955E-05 9.9955E-05
0.920614 9.9973E-05 0.0594642 0.010448 9.9973E-05 0.00917436 9.9973E-05
0.902069 9.9973E-05 0.079207 0.00285233 9.9973E-05 0.0155721 9.9973E-05
0.428642 0.00832003 0.234861 9.9973E-05 0.327877 9.9973E-05 9.9973E-05
0.308584 9.9982E-05 0.610074 0.00775961 0.0710243 9.9982E-05 0.00235745
0.329741 9.9973E-05 0.585666 9.9973E-05 0.0729177 9.9973E-05 0.0113749
9.9973E-05 9.9973E-05 0.0909097 0.883783 0.0145412 9.9973E-05 0.0104665
0.0228865 9.9991E-05 0.095869 0.808616 0.0360004 0.0283756 0.00815223
0.00318538 0.00946455 9.9982E-05 0.950076 9.9982E-05 0.0214756 0.0155982
0.0301874 0.815754 0.0563312 9.9982E-05 9.9982E-05 0.0738183 0.0237088
0.962644 0.0170016 9.9982E-05 0.00501079 9.9982E-05 0.0141888 0.000954483
0.965578 9.9955E-05 9.9955E-05 9.9955E-05 9.9955E-05 9.9955E-05 0.0339218
0.936507 0.0120188 9.9982E-05 0.00379665 0.0434103 0.00406736 9.9982E-05
0.892127 0.00397223 9.9973E-05 9.9973E-05 0.0592815 0.0443196 9.9973E-05
0.902423 0.0461627 9.9982E-05 9.9982E-05 0.0353511 0.00708532 0.00877766
0.0911807 0.208175 9.99641E-05 9.99641E-05 9.99641E-05 0.700244 9.99641E-05
0.345291 0.033403 0.143865 0.0646045 0.339372 9.9991E-05 0.0733637
9.9955E-05 0.96546 0.03404 9.9955E-05 9.9955E-05 9.9955E-05 9.9955E-05
0.075949 0.2115 9.9964E-05 9.9964E-05 9.9964E-05 0.712151 9.9964E-05
0.0615666 0.166365 9.9973E-05 0.756759 0.01501 9.9973E-05 9.9973E-05
9.9955E-05 0.205273 9.9955E-05 9.9955E-05 9.9955E-05 0.794227 9.9955E-05
9.9955E-05 0.257375 9.9955E-05 9.9955E-05 9.9955E-05 0.742125 9.9955E-05
9.9955E-05 0.263639 9.9955E-05 9.9955E-05 9.9955E-05 0.735861 9.9955E-05
0.937919 9.9973E-05 9.9973E-05 0.0195144 0.0112506 9.9973E-05 0.0310166
0.99238 9.9955E-05 9.9955E-05 9.9955E-05 9.9955E-05 0.00712042 9.9955E-05
0.38932 0.0192592 0.317621 0.0381134 0.180677 0.0549101 9.9991E-05
0.961925 9.9973E-05 0.00234943 0.00505675 9.9973E-05 9.9973E-05 0.030369
0.9994 9.995E-05 9.995E-05 9.995E-05 9.995E-05 9.995E-05 9.995E-05
0.396886 0.0965316 9.9973E-05 9.9973E-05 0.0266695 0.479613 9.9973E-05
0.853714 9.9973E-05 0.0379238 0.03569 0.0723728 9.9973E-05 9.9973E-05
0.822074 9.9973E-05 0.0700249 0.0371968 0.0704048 9.9973E-05 9.9973E-05
0.251199 9.9982E-05 0.532736 0.0614045 0.151693 9.9982E-05 0.00276727
9.9982E-05 0.926481 0.00177475 0.00288218 0.0348801 0.0337821 9.9982E-05
0.741642 0.173875 9.9964E-05 9.9964E-05 0.0840831 9.9964E-05 9.9964E-05
0.0102909 0.0264068 9.9991E-05 0.302058 0.219805 0.0182005 0.423139
0.717064 0.128651 9.9973E-05 9.9973E-05 0.0791857 0.0747996 9.9973E-05
0.966951 9.9964E-05 9.9964E-05 9.9964E-05 9.9964E-05 0.0102402 0.0224093
0.0263904 0.173473 9.9973E-05 9.9973E-05 0.00976016 0.790076 9.9973E-05
0.294881 0.104625 0.00614406 9.9973E-05 9.9973E-05 0.59405 9.9973E-05
9.9964E-05 0.885097 0.101494 0.0130099 9.9964E-05 9.9964E-05 9.9964E-05
9.9955E-05 0.0893868 0.910113 9.9955E-05 9.9955E-05 9.9955E-05 9.9955E-05
9.9964E-05 9.9964E-05 0.0158013 0.0631873 9.9964E-05 0.920612 9.9964E-05
9.99639E-05 0.166564 0.713344 9.99639E-05 9.99639E-05 0.119692 9.99639E-05
0.0209957 0.904228 0.00791889 0.00836382 9.9982E-05 0.058294 9.9982E-05
0.0354416 0.873963 9.9973E-05 0.0282862 9.9973E-05 0.0620093 9.9973E-05
9.99639E-05 0.166172 0.828998 9.99639E-05 9.99639E-05 0.00442953 9.99639E-05
0.0404054 0.20976 0.450764 9.9982E-05 0.0349851 0.263886 9.9982E-05
9.9973E-05 0.918577 0.057574 9.9973E-05 9.9973E-05 0.00586451 0.0176851
0.237761 9.9982E-05 0.518975 0.0711454 0.154678 9.9982E-05 0.0172406
9.9973E-05 0.0178706 9.9973E-05 0.933418 9.9973E-05 0.0410732 0.00733836
0.0404834 0.159365 0.0171605 0.763979 0.0188125 9.9982E-05 9.9982E-05
9.995E-05 9.995E-05 9.995E-05 9.995E-05 9.995E-05 9.995E-05 0.9994
0.0596007 0.162427 0.0399133 0.702992 0.0243969 0.0105698 9.9991E-05
9.9973E-05 0.0719387 9.9973E-05 0.828464 9.9973E-05 0.0781307 0.0211663
9.9964E-05 0.596964 9.9964E-05 0.36343 9.9964E-05 0.0392058 9.9964E-05
9.9973E-05 0.0448945 9.9973E-05 0.853438 9.9973E-05 0.077423 0.0239442
9.9982E-05 9.9982E-05 0.109195 0.267491 0.0347406 0.557544 0.0308287
0.000712164 0.00107568 0.0197545 0.958867 0.014254 9.9991E-05 0.005237
9.9982E-05 9.9982E-05 0.715507 0.0934164 0.0208348 0.0535075 0.116535
9.9982E-05 0.112075 0.608276 0.061485 0.0438862 0.174078 9.9982E-05
9.9991E-05 0.089407 0.377835 0.217081 0.00151052 0.294329 0.019738
0.0180099 0.0169655 9.9982E-05 0.871856 9.9982E-05 0.058265 0.0347039
0.943166 0.00591186 9.9973E-05 9.9973E-05 0.027547 9.9973E-05 0.0230748
9.9964E-05 9.9964E-05 0.0281968 0.037132 9.9964E-05 0.934271 9.9964E-05
9.9982E-05 9.9982E-05 0.72425 0.141242 0.0645714 0.0247067 0.0450305
9.9964E-05 9.9964E-05 0.0447099 0.0202651 9.9964E-05 0.934625 9.9964E-05
0.9294 9.9973E-05 0.0545402 9.9973E-05 0.00798298 0.00777654 9.9973E-05
9.9973E-05 0.972913 9.9973E-05 0.000246492 0.00535124 9.9973E-05 0.0211896
9.9964E-05 0.02153 9.9964E-05 9.9964E-05 0.0138354 9.9964E-05 0.964235
0.0257023 0.0743272 0.0519093 0.0508715 0.100528 9.9991E-05 0.696561
9.9964E-05 0.0203226 9.9964E-05 0.95899 9.9964E-05 9.9964E-05 0.0202873
9.9973E-05 0.189418 9.9973E-05 0.224644 9.9973E-05 0.547038 0.0385999
9.995E-05 0.9994 9.995E-05 9.995E-05 9.995E-05 9.995E-05 9.995E-05
9.995E-05 0.9994 9.995E-05 9.995E-05 9.995E-05 9.995E-05 9.995E-05
0.106507 0.222972 9.9982E-05 0.0123518 0.10162 0.556349 9.9982E-05
9.9973E-05 0.119002 9.9973E-05 0.282338 9.9973E-05 0.575446 0.0229139
0.906814 9.9964E-05 0.0832736 0.00951223 9.9964E-05 9.9964E-05 9.9964E-05
0.299318 9.9973E-05 0.609676 0.0010259 0.0896807 9.9973E-05 9.9973E-05
0.588752 9.9973E-05 0.0230818 9.9973E-05 0.368083 0.0197834 9.9973E-05
0.158349 9.9991E-05 0.127298 0.0425168 0.535042 0.0452858 0.0914082
0.159036 9.9991E-05 0.163936 0.0529946 0.525286 0.0242975 0.0743496
0.395033 0.0332114 0.114108 0.0276861 0.419225 9.9991E-05 0.010636
0.332071 9.9964E-05 0.604605 9.9964E-05 0.0629234 9.9964E-05 9.9964E-05
0.203923 9.9991E-05 0.143386 0.0259043 0.549411 0.0253163 0.0519589
0.366118 0.000625977 0.138737 0.0415658 0.452753 9.9982E-05 9.9982E-05
0.0702585 0.00975741 0.695392 0.058206 0.112787 0.011318 0.0422815
0.443264 0.0138976 0.132816 0.0288554 0.379442 0.0016257 9.9991E-05
0.056314 9.9982E-05 0.64205 0.120558 0.13808 9.9982E-05 0.0427981
9.99639E-05 0.185071 0.697644 9.99639E-05 9.99639E-05 0.116885 9.99639E-05
0.0851862 9.9982E-05 0.614429 9.9982E-05 0.152833 0.0989507 0.0484007
0.364194 9.9991E-05 0.235094 0.0211806 0.301605 0.0375998 0.0402274
0.295656 9.9991E-05 0.290718 0.0324586 0.27842 0.073003 0.0296454
0.256687 9.9964E-05 0.588793 9.9964E-05 0.15412 9.9964E-05 9.9964E-05
0.424421 9.9982E-05 0.129535 9.9982E-05 0.408952 0.0116266 0.0252661
0.000681478 9.9982E-05 0.028285 0.141484 0.00301371 0.826336 9.9982E-05
0.932845 9.9964E-05 0.0514106 9.9964E-05 9.9964E-05 0.0153443 9.9964E-05
0.170377 0.00741989 0.178347 0.0210594 0.524213 0.0373456 0.0612383
0.499498 9.9982E-05 0.180506 0.00726164 0.296339 9.9982E-05 0.0161952
0.251549 9.9982E-05 0.151107 0.0392769 0.515855 9.9982E-05 0.0420124
0.273017 9.9991E-05 0.102839 0.0172347 0.524737 0.0304283 0.0516428
0.0395572 0.18272 0.033638 0.723525 0.0203601 9.9982E-05 9.9982E-05
9.9991E-05 0.0346225 0.0573819 0.346198 0.0584061 0.429993 0.0732982
0.838968 9.9973E-05 0.0604969 9.9973E-05 0.089588 9.9973E-05 0.0106468
9.9964E-05 9.9964E-05 0.0487912 0.0223686 9.9964E-05 0.92844 9.9964E-05
0.0725518 0.167567 0.0517584 0.707823 9.9973E-05 9.9973E-05 9.9973E-05
9.9964E-05 0.126556 0.869343 9.9964E-05 9.9964E-05 9.9964E-05 0.0037006
0.9994 9.995E-05 9.995E-05 9.995E-05 9.995E-05 9.995E-05 9.995E-05
0.9994 9.995E-05 9.995E-05 9.995E-05 9.995E-05 9.995E-05 9.995E-05
0.940169 9.9964E-05 9.9964E-05 9.9964E-05 0.00765377 9.9964E-05 0.0517774
0.9994 9.995E-05 9.995E-05 9.995E-05 9.995E-05 9.995E-05 9.995E-05
0.0323144 0.798404 0.10856 9.9973E-05 9.9973E-05 0.0604217 9.9973E-05
0.864913 0.0250151 9.9982E-05 0.0734594 9.9982E-05 0.000385035 0.0360271
0.0504816 0.198813 9.9973E-05 0.727654 0.0227515 9.9973E-05 9.9973E-05
9.9964E-05 9.9964E-05 0.0439984 0.940356 0.0152462 9.9964E-05 9.9964E-05
9.9973E-05 0.0562807 9.9973E-05 0.920041 0.0150562 9.9973E-05 0.00832227
9.9973E-05 0.028648 0.00126303 0.95148 9.9973E-05 9.9973E-05 0.0183093
9.9982E-05 0.011718 9.9982E-05 0.888285 0.0155665 0.0690496 0.0151809
0.0654013 9.9991E-05 0.173389 0.0791901 0.588013 0.0414433 0.0524632
0.0462729 9.9991E-05 0.165799 0.0878065 0.595955 0.0178502 0.0862167
9.9991E-05 0.00530335 0.0434948 0.0228535 0.872499 0.04998 0.0057691
0.0546667 9.9973E-05 9.9973E-05 0.0284747 0.915194 9.9973E-05 0.00136487
9.9973E-05 9.9973E-05 0.0131568 0.0203232 0.952537 9.9973E-05 0.0136828
9.9982E-05 0.14126 0.515898 9.9982E-05 0.262442 0.0494817 0.0307181
9.9964E-05 9.9964E-05 9.9964E-05 9.9964E-05 0.950455 0.0407945 0.00835112
0.21028 0.122835 0.074211 0.19494 0.150102 0.243636 0.00399625
9.995E-05 9.995E-05 9.995E-05 9.995E-05 0.9994 9.995E-05 9.995E-05
9.995E-05 9.995E-05 9.995E-05 9.995E-05 0.9994 9.995E-05 9.995E-05
9.99549E-05 9.99549E-05 9.99549E-05 9.99549E-05 0.977707 9.99549E-05 0.0217935
0.262194 0.0214065 9.9991E-05 0.0450373 0.639121 0.0248603 0.00728106
9.9964E-05 9.9964E-05 9.9964E-05 9.9964E-05 0.985517 0.00860781 0.00547576
0.0213127 9.9982E-05 9.9982E-05 0.0189054 0.921217 0.014332 0.0240331
9.9964E-05 9.9964E-05 0.0405175 0.105376 9.9964E-05 0.853707 9.9964E-05
0.00397007 0.0307043 0.0788673 0.226297 0.0368921 0.57255 0.0507192
9.9973E-05 9.9973E-05 0.153469 0.70157 0.0215987 0.123063 9.9973E-05
9.9973E-05 9.9973E-05 0.0254148 0.85547 9.9973E-05 0.0741639 0.0446517
9.9982E-05 0.126797 0.726455 0.0312848 0.00303053 0.112232 9.9982E-05
0.0146507 9.9991E-05 0.0736566 0.75289 0.0217903 0.082342 0.05457
9.9964E-05 9.9964E-05 0.012687 9.9964E-05 9.9964E-05 0.955907 0.0310058
9.9964E-05 9.9964E-05 0.00224713 0.0797413 9.9964E-05 0.917612 9.9964E-05
9.9964E-05 0.18999 0.782805 9.9964E-05 9.9964E-05 0.0268047 9.9964E-05
9.9982E-05 9.9982E-05 0.12741 0.73907 0.0399522 0.0553492 0.0380194
0.0179922 9.9991E-05 0.168235 0.493244 0.0485029 0.160977 0.110948
9.99821E-05 0.101018 0.753023 0.0755162 9.99821E-05 0.0120373 0.0582055
9.9973E-05 0.187344 0.761241 9.9973E-05 9.9973E-05 0.0379873 0.0131277
9.9973E-05 0.111401 0.700682 0.060326 9.9973E-05 0.127292 9.9973E-05
0.0860301 0.0572369 0.0547812 0.222077 0.0238674 0.542205 0.0138025
9.9973E-05 0.184462 0.724289 9.9973E-05 9.9973E-05 0.0803526 0.0105956
9.9964E-05 9.9964E-05 0.0428633 0.010198 9.9964E-05 0.946539 9.9964E-05
9.9955E-05 0.146507 0.852993 9.9955E-05 9.9955E-05 9.9955E-05 9.9955E-05
9.9964E-05 0.0856865 0.89563 9.9964E-05 9.9964E-05 9.9964E-05 0.0182841
0.278014 0.0560172 0.397453 9.9982E-05 0.202464 9.9982E-05 0.0658524
9.99639E-05 0.198764 0.795204 9.99639E-05 9.99639E-05 0.00563253 9.99639E-05
9.99549E-05 0.198645 0.800856 9.99549E-05 9.99549E-05 9.99549E-05 9.99549E-05
9.9955E-05 0.207452 0.792048 9.9955E-05 9.9955E-05 9.9955E-05 9.9955E-05
0.0225826 9.9991E-05 0.592083 0.171782 0.0494451 0.0719937 0.0920131
9.9964E-05 9.9964E-05 0.0990566 0.137953 9.9964E-05 0.76259 9.9964E-05
0.0447712 9.9982E-05 0.0574604 0.0197871 9.9982E-05 0.874044 0.00373681
0.00886171 9.9982E-05 0.11011 0.00234923 0.00504195 0.873437 9.9982E-05
9.9982E-05 9.9982E-05 0.0176728 0.0830721 0.00612306 0.861514 0.0314183
0.910148 9.9955E-05 0.089352 9.9955E-05 9.9955E-05 9.9955E-05 9.9955E-05
0.3998 0.0223481 0.324122 0.0374268 0.175546 0.0397302 0.00102679
0.0152972 0.0431632 0.0321527 0.775662 0.000530999 0.105705 0.0274886
9.9982E-05 0.192021 9.9982E-05 0.315939 0.00729463 0.436666 0.0478794
0.102318 0.0789129 0.640435 9.9991E-05 0.0896816 0.0610419 0.0275103
0.105353 0.055884 0.628314 9.9991E-05 0.122367 0.0554502 0.032532
0.0294264 9.9973E-05 0.0408423 0.904013 0.0254182 9.9973E-05 9.9973E-05
0.0557015 0.200843 9.9973E-05 0.737982 0.00517321 9.9973E-05 9.9973E-05
0.272432 0.174714 9.9982E-05 9.9982E-05 0.312186 0.239156 0.00131251
0.0824973 0.442837 0.0772538 9.9982E-05 0.0807046 0.316508 9.9982E-05
9.9982E-05 0.00202356 0.0591887 0.812713 9.9982E-05 0.112677 0.0131975
0.0326399 9.9991E-05 0.560102 0.24285 0.0487912 0.015326 0.100191
0.0869191 0.0528758 0.588016 9.9991E-05 0.131588 0.0920331 0.0484674
0.0211806 9.9991E-05 0.602296 0.131595 0.0558877 0.0517781 0.137163
0.0174786 9.9991E-05 0.497064 0.248597 0.0818434 0.0631304 0.0917864
9.9982E-05 9.9982E-05 0.0228183 0.894141 0.00573465 0.00342926 0.0736765
0.0196716 9.9982E-05 0.0349693 0.939126 0.00521602 9.9982E-05 0.000816866
9.9964E-05 9.9964E-05 0.0117687 0.977496 9.9964E-05 9.9964E-05 0.0103352
9.9982E-05 0.0534024 9.9982E-05 0.859802 0.0308605 0.0275175 0.0282177
9.9973E-05 0.00708755 9.9973E-05 0.94362 9.9973E-05 0.0238562 0.0251367
9.9964E-05 0.0567587 9.9964E-05 0.921568 9.9964E-05 0.0212736 9.9964E-05
0.0354352 9.9991E-05 0.234747 0.500778 0.0825303 0.00496502 0.141445
0.0663946 9.9991E-05 0.446689 0.231217 0.141752 0.0321918 0.0816558
9.9955E-05 0.0561728 9.9955E-05 0.943327 9.9955E-05 9.9955E-05 9.9955E-05
0.0334986 9.9991E-05 0.477729 0.259938 0.107063 0.0297218 0.0919495
0.00211221 9.9991E-05 0.67818 0.144049 0.0666231 0.0811318 0.0278037
0.416994 0.0815343 9.9973E-05 9.9973E-05 0.492582 9.9973E-05 0.00858941
0.389395 0.0544387 0.0571354 9.9973E-05 0.49873 9.9973E-05 9.9973E-05
0.407486 0.0840056 9.9973E-05 9.9973E-05 0.496036 9.9973E-05 0.0121717
0.407209 0.0621284 9.9973E-05 9.9973E-05 0.501235 9.9973E-05 0.0291281
0.377074 0.0855551 9.9973E-05 0.0228581 0.514213 9.9973E-05 9.9973E-05
0.399587 0.0690548 9.9973E-05 9.9973E-05 0.518526 9.9973E-05 0.0125317
0.417605 0.0619325 9.9973E-05 9.9973E-05 0.502853 9.9973E-05 0.0173097
9.9955E-05 0.112525 0.886975 9.9955E-05 9.9955E-05 9.9955E-05 9.9955E-05
9.99639E-05 0.3341 0.633284 9.99639E-05 9.99639E-05 9.99639E-05 0.0322156
0.243305 0.0353828 0.533402 9.9982E-05 0.178043 9.9982E-05 0.00966669
0.25737 0.0102645 0.562533 9.9982E-05 0.163014 9.9982E-05 0.00661923
0.0285036 9.9982E-05 0.0098199 0.859935 0.0607231 0.0408187 9.9982E-05
0.00760816 0.0209345 0.0911727 0.79121 0.0425213 9.9991E-05 0.0464538
9.9982E-05 0.000836836 0.00123951 0.987276 0.00232949 0.00811847 9.9982E-05
0.951263 0.031856 9.9973E-05 9.9973E-05 9.9973E-05 0.00792806 0.00865307
0.871009 0.027617 9.9964E-05 9.9964E-05 0.100974 9.9964E-05 9.9964E-05
0.978868 9.9964E-05 9.9964E-05 0.0115658 9.9964E-05 9.9964E-05 0.0091668
0.849027 9.9964E-05 9.9964E-05 9.9964E-05 0.137915 9.9964E-05 0.0126585
0.453892 0.419297 9.9982E-05 0.0320843 0.0444095 0.0501172 9.9982E-05
0.408994 0.195893 9.9982E-05 0.0644574 0.327611 0.00284506 9.9982E-05
0.413055 0.139273 9.9973E-05 9.9973E-05 0.432585 9.9973E-05 0.0147877
0.839392 0.0193922 9.9973E-05 9.9973E-05 0.139369 9.9973E-05 0.00154749
0.86641 0.00079919 9.9973E-05 9.9973E-05 0.120875 9.9973E-05 0.0116165
0.9994 9.995E-05 9.995E-05 9.995E-05 9.995E-05 9.995E-05 9.995E-05
0.865784 0.0245869 9.9973E-05 0.0162926 0.0930362 9.9973E-05 9.9973E-05
0.0670417 0.0946814 0.0708875 0.174526 0.192076 0.295272 0.105516
9.9973E-05 0.0171534 0.0154202 0.965353 9.9973E-05 9.9973E-05 0.00177382
9.9964E-05 0.0989465 0.899803 0.000850977 9.9964E-05 9.9964E-05 9.9964E-05
0.0436038 9.9982E-05 0.0767063 0.612891 9.9982E-05 0.206998 0.0596007
9.9973E-05 0.0869092 0.731614 0.0353414 9.9973E-05 0.145836 9.9973E-05
0.880865 0.00456848 0.0597571 0.0178148 9.9982E-05 0.0367949 9.9982E-05
0.367386 0.11791 9.9982E-05 0.0100663 0.485572 9.9982E-05 0.0188658
0.723591 9.9982E-05 0.0991852 0.0410113 0.125886 9.9982E-05 0.0101271
0.0412796 9.9991E-05 0.57746 0.261668 0.0285599 0.00479184 0.0861415
0.0657714 0.0675513 0.506531 0.101828 0.103506 0.0335586 0.121254
0.00801535 0.047908 0.0366398 0.504589 0.0313681 0.316508 0.0549716
9.99549E-05 0.777863 0.221637 9.99549E-05 9.99549E-05 9.99549E-05 9.99549E-05
0.108988 9.9991E-05 0.00399785 0.0322694 0.751763 0.0417128 0.0611691
0.0442796 9.9973E-05 0.0434285 0.0490177 0.862974 9.9973E-05 9.9973E-05
9.9964E-05 9.9964E-05 0.0338409 0.00227879 0.96348 9.9964E-05 9.9964E-05
0.0258961 0.00176863 0.0101541 9.9982E-05 0.958019 9.9982E-05 0.00396209
9.995E-05 9.995E-05 9.995E-05 9.995E-05 0.9994 9.995E-05 9.995E-05
0.0232228 9.9991E-05 0.0033069 0.0214362 0.895128 0.00923035 0.047576
0.00154896 0.117696 0.849432 9.9973E-05 9.9973E-05 9.9973E-05 0.0310233
0.415949 9.9982E-05 0.134347 0.0618205 0.317538 9.9982E-05 0.0701462
0.847 0.0264828 0.00640343 0.0376364 0.0822776 9.9982E-05 9.9982E-05
0.9994 9.995E-05 9.995E-05 9.995E-05 9.995E-05 9.995E-05 9.995E-05
0.996659 9.9955E-05 0.00284079 9.9955E-05 9.9955E-05 9.9955E-05 9.9955E-05
0.868557 0.0145531 9.9973E-05 0.0304336 0.0861566 9.9973E-05 9.9973E-05
9.995E-05 9.995E-05 9.995E-05 9.995E-05 0.9994 9.995E-05 9.995E-05
9.9955E-05 9.9955E-05 9.9955E-05 0.0160577 0.983442 9.9955E-05 9.9955E-05
0.278218 0.0174578 9.9991E-05 0.0152638 0.654417 0.0187445 0.0157995
0.23136 0.029699 9.9991E-05 0.0128791 0.697011 0.0180996 0.0108515
0.0123441 9.9955E-05 9.9955E-05 9.9955E-05 0.987156 9.9955E-05 9.9955E-05
0.331845 0.0615061 9.9991E-05 0.0204904 0.564373 0.0180637 0.00362158
0.239965 0.0987162 9.9991E-05 0.310382 0.318751 0.0283671 0.0037189
9.9982E-05 0.0192132 0.0786519 0.785568 9.9982E-05 0.0895926 0.0267744
0.0036205 0.0711069 9.9982E-05 0.728815 0.0445429 0.151714 9.9982E-05
9.9964E-05 9.9964E-05 9.9964E-05 0.850621 9.9964E-05 0.096512 0.0524671
9.9973E-05 0.0571326 9.9973E-05 0.918425 9.9973E-05 0.00270699 0.0214354
9.9964E-05 9.9964E-05 0.00689509 9.9964E-05 0.974692 0.0180135 9.9964E-05
9.9964E-05 9.9964E-05 0.00587036 9.9964E-05 0.992092 9.9964E-05 0.00163785
0.198931 0.0404181 9.9991E-05 0.0189213 0.715168 0.00225064 0.0242116
0.105608 0.0293618 9.9973E-05 0.0239368 0.840793 9.9973E-05 9.9973E-05
9.9973E-05 0.0169883 9.9973E-05 9.9973E-05 0.964866 0.00270012 0.0151455
9.9964E-05 9.9964E-05 0.0567715 9.9964E-05 0.934025 9.9964E-05 0.00880338
9.995E-05 9.995E-05 9.995E-05 9.995E-05 0.9994 9.995E-05 9.995E-05
0.253675 0.0478479 9.9991E-05 0.00584504 0.644272 0.0267034 0.0215564
9.9973E-05 0.924315 9.9973E-05 0.0678654 9.9973E-05 0.00699969 0.000520409
0.0038433 0.728018 0.024042 9.9982E-05 9.9982E-05 0.193963 0.0499337
9.9982E-05 0.922784 0.0101771 9.9982E-05 0.00713876 0.0365786 0.0231214
9.9982E-05 0.870157 0.0128107 0.0388215 0.0703501 0.00766122 9.9982E-05
0.374128 9.9982E-05 0.131052 0.00516323 0.455606 0.0338501 9.9982E-05
0.432526 9.9973E-05 0.109643 0.0120003 0.445531 9.9973E-05 9.9973E-05
0.536667 0.0238611 0.0258084 9.9982E-05 0.368306 0.045158 9.9982E-05
0.572369 0.00730306 0.04151 9.9982E-05 0.336443 0.042175 9.9982E-05
0.0676515 0.00770958 0.178737 0.104123 0.531903 0.0221135 0.0877629
0.489811 9.9973E-05 0.412687 9.9973E-05 0.0762342 9.9973E-05 0.0209672
9.99639E-05 0.0159752 9.99639E-05 9.99639E-05 0.976116 0.00750915 9.99639E-05
0.318345 0.103903 9.9964E-05 9.9964E-05 0.577353 9.9964E-05 9.9964E-05
0.322149 0.135912 9.9973E-05 9.9973E-05 0.535376 9.9973E-05 0.00626313
0.0289717 0.0197149 0.456729 0.442657 9.99911E-05 0.0433879 0.00843921
0.0978931 0.117617 0.654997 0.0435152 0.0189319 0.0418424 0.0252034
9.9973E-05 9.9973E-05 0.0217311 0.860697 9.9973E-05 0.101108 0.0161643
0.0173238 9.9991E-05 0.00849688 0.0789683 0.0026197 0.884503 0.0079883
0.0119372 0.00470176 9.9991E-05 0.276347 0.000510204 0.649454 0.0569504
0.0172262 0.0375269 9.9991E-05 0.463287 0.037488 0.430415 0.0139569
0.0215289 0.342916 0.22626 0.353759 0.0319982 9.9991E-05 0.0234378
9.9955E-05 9.9955E-05 9.9955E-05 0.910288 9.9955E-05 0.0892119 9.9955E-05
0.000689048 9.9982E-05 0.0371428 0.905389 0.0165641 0.0400147 9.9982E-05
9.9973E-05 9.9973E-05 0.0588414 0.890287 0.0298762 0.0206952 9.9973E-05
0.00365151 9.9982E-05 0.0311232 0.864105 9.9982E-05 0.0948254 0.00609527
0.0943062 9.9991E-05 0.207845 0.0980834 0.489236 0.0673458 0.0430832
0.0421402 0.0464849 0.123348 0.408663 0.330795 0.0193011 0.0292673
0.229291 9.99821E-05 0.153403 0.26224 0.342734 9.99821E-05 0.0121322
0.161825 9.9991E-05 0.226295 0.0374632 0.535503 0.00197898 0.0368338
0.0469667 0.218028 0.0381487 0.497012 0.0487978 0.0901433 0.0609041
0.0137568 9.9973E-05 0.0181541 0.94217 9.9973E-05 9.9973E-05 0.0256196
0.427596 0.065285 0.0616801 9.9982E-05 0.436639 9.9982E-05 0.00859982
9.9982E-05 9.9982E-05 0.120626 0.703317 0.0402134 0.0686572 0.0669873
9.9982E-05 0.00478922 0.00912003 0.131316 0.00976041 0.844814 9.9982E-05
0.00505914 0.0810022 9.9982E-05 0.0114978 9.9982E-05 0.896324 0.00591668
9.9955E-05 9.9955E-05 9.9955E-05 0.938612 9.9955E-05 0.0608885 9.9955E-05
0.0177975 9.9991E-05 0.225227 0.130918 0.112104 0.0130304 0.500823
0.0304588 0.034501 0.0903322 0.464725 9.9991E-05 0.377929 0.00195484
9.9973E-05 9.9973E-05 0.00130032 0.0538178 0.0173395 0.927242 9.9973E-05
9.9982E-05 9.9982E-05 0.181526 0.616978 0.0278056 0.165378 0.008112
0.0268042 0.032029 0.215698 0.112033 0.0813608 0.0362548 0.49582
9.9955E-05 9.9955E-05 9.9955E-05 0.00392166 9.9955E-05 9.9955E-05 0.995579
0.811077 9.99731E-05 0.058128 0.0243028 0.106193 9.99731E-05 9.99731E-05
0.0804806 0.173753 0.0114293 0.0411283 0.0232605 0.657119 0.0128299
0.0948046 0.0166985 0.569232 9.9991E-05 0.168163 0.117101 0.0339009
0.0409469 0.113786 0.803413 0.00537479 0.00759281 9.9991E-05 0.0287867
0.0111458 0.127778 0.77423 0.0765291 9.9982E-05 9.9982E-05 0.0101164
9.9964E-05 0.220569 9.9964E-05 9.9964E-05 9.9964E-05 0.778442 0.000588835
0.915833 9.9973E-05 0.0290345 9.9973E-05 9.9973E-05 0.0487839 0.00604886
0.226934 0.11437 0.288141 0.00534659 0.262795 0.0229278 0.0794863
9.9973E-05 0.86045 0.103195 0.00174554 9.9973E-05 0.0343096 9.9973E-05
9.9973E-05 0.0114149 0.0355221 9.9973E-05 0.000962133 0.951801 9.9973E-05
9.9982E-05 0.858294 0.0833288 0.00347753 9.9982E-05 0.00578455 0.0489148
0.103581 0.0024653 0.627686 9.9991E-05 0.131607 0.0836521 0.0509079
0.0960476 9.9982E-05 0.615879 9.9982E-05 0.129908 0.108675 0.04929
0.446501 0.0175431 0.254482 0.0686829 0.193611 0.0190802 9.9991E-05
0.682658 9.9991E-05 0.111513 0.0465299 0.116559 0.0415574 0.00108297
0.251601 0.133384 0.363514 0.0313782 0.196003 9.9991E-05 0.0240206
0.0552765 0.142619 0.780068 9.9982E-05 0.0107961 9.9982E-05 0.011041
9.9973E-05 0.02641 0.0301705 0.0209339 9.9973E-05 0.922186 9.9973E-05
9.9973E-05 0.0777089 0.00988298 0.0274026 9.9973E-05 0.884706 9.9973E-05
0.0356693 0.00676243 0.372707 0.356471 0.0517291 0.0471089 0.129553
0.395977 9.9982E-05 0.347033 0.0269911 0.174064 0.0557353 9.9982E-05
0.0113886 0.132822 0.85539 9.9964E-05 9.9964E-05 9.9964E-05 9.9964E-05
0.000129581 0.0132787 0.00628326 0.961713 9.9982E-05 9.9982E-05 0.0183954
0.24729 9.9973E-05 0.613502 0.00137752 0.13753 9.9973E-05 9.9973E-05
0.108011 0.159777 0.230544 0.373493 0.127975 9.9982E-05 9.9982E-05
0.34741 0.0224344 0.108033 0.0656802 0.313981 9.99911E-05 0.142362
0.034609 9.9991E-05 0.252055 0.502609 0.0605897 0.0488569 0.10118
9.9973E-05 0.161783 0.347304 9.9973E-05 9.9973E-05 0.463103 0.0275097
9.9982E-05 9.9982E-05 0.71517 0.153674 0.0332753 0.0268466 0.0708343
9.9964E-05 9.9964E-05 0.0409007 0.955754 0.00294541 9.9964E-05 9.9964E-05
9.9964E-05 9.9964E-05 0.0536735 0.883005 0.0629214 9.9964E-05 9.9964E-05
9.9955E-05 9.9955E-05 0.074028 9.9955E-05 9.9955E-05 0.925472 9.9955E-05
9.9982E-05 0.0113117 0.0172079 0.958069 9.9982E-05 0.00584517 0.00736668
0.0520234 0.000279248 0.178022 0.58602 0.0931759 0.0229173 0.0675629
9.9982E-05 9.9982E-05 0.0783761 0.828847 0.0173937 0.0432312 0.0319525
0.0229735 0.150002 9.9973E-05 0.794999 9.9973E-05 0.0317255 9.9973E-05
0.0898359 0.0227519 0.568683 9.9991E-05 0.143526 0.113674 0.0614294
0.848153 9.9973E-05 0.0566881 0.013191 0.0816682 9.9973E-05 9.9973E-05
0.952314 9.9973E-05 0.00332002 9.9973E-05 0.0346907 9.9973E-05 0.00937546
0.00847668 0.0709289 0.0285344 0.116228 0.000554595 0.773768 0.00150911
0.875986 0.00124007 9.9982E-05 0.00283561 0.106545 0.013193 9.9982E-05
9.9973E-05 9.9973E-05 0.0446965 0.0144364 0.0281142 9.9973E-05 0.912453
9.9964E-05 0.0143628 9.9964E-05 9.9964E-05 9.9964E-05 0.00920122 0.976036
0.195253 0.00883892 0.0315636 0.181779 0.0149022 0.0710177 0.496645
0.0356159 0.169162 9.9973E-05 0.787805 0.00711738 9.9973E-05 9.9973E-05
9.995E-05 9.995E-05 9.995E-05 9.995E-05 9.995E-05 9.995E-05 0.9994
9.9964E-05 9.9964E-05 0.00788982 9.9964E-05 0.000792546 9.9964E-05 0.990918
9.9955E-05 9.9955E-05 9.9955E-05 9.9955E-05 0.00335659 9.9955E-05 0.996144
9.9973E-05 0.00202897 9.9973E-05 9.9973E-05 0.010925 0.00116036 0.985586
9.995E-05 9.995E-05 9.995E-05 9.995E-05 9.995E-05 9.995E-05 0.9994
0.00184538 0.104519 9.9964E-05 9.9964E-05 9.9964E-05 0.893236 9.9964E-05
0.0411736 0.125897 0.776621 0.0249754 9.9991E-05 0.0205166 0.0107165
9.9982E-05 0.895801 9.9982E-05 0.0219661 0.0378046 0.0122026 0.032026
9.9964E-05 0.926298 0.0661318 9.9964E-05 9.9964E-05 0.00716982 9.9964E-05
0.0234982 0.169245 9.9973E-05 0.472223 9.9973E-05 0.334734 9.9973E-05
9.9964E-05 0.114081 9.9964E-05 9.9964E-05 9.9964E-05 0.842072 0.0434473
0.0404825 0.152508 0.806609 9.99639E-05 9.99639E-05 9.99639E-05 9.99639E-05
9.9982E-05 0.686978 0.211089 0.0190001 0.0151776 9.9982E-05 0.0675552
0.0553843 0.827711 9.9964E-05 9.9964E-05 9.9964E-05 0.116505 9.9964E-05
9.99639E-05 0.357698 0.633303 9.99639E-05 9.99639E-05 9.99639E-05 0.00859936
0.0103226 0.0378414 0.0164892 9.9973E-05 9.9973E-05 9.9973E-05 0.935047
0.108873 0.233538 9.9991E-05 0.152105 0.0485589 0.446325 0.0105007
0.0214064 0.0569596 0.00194849 0.803847 0.0273016 0.0780517 0.0104853
0.0217055 0.0113119 0.0524936 0.865431 0.00514161 0.0111424 0.0327736
9.9982E-05 9.9982E-05 0.124327 0.693682 0.0972614 0.067705 0.0168246
9.9964E-05 9.9964E-05 0.0691564 0.0347589 9.9964E-05 0.895685 9.9964E-05
9.9973E-05 0.459521 9.9973E-05 0.00538143 9.9973E-05 0.527311 0.00748655
0.874946 9.99551E-05 9.99551E-05 9.99551E-05 0.124555 9.99551E-05 9.99551E-05
0.153174 0.24984 9.99821E-05 0.215778 0.22504 0.155969 9.99821E-05
0.0352951 0.453248 0.107305 9.9982E-05 9.9982E-05 0.385447 0.0185048
