9.9919E-05 9.9919E-05 9.9919E-05 9.9919E-05 0.0519508 9.9919E-05 0.137022 9.9919E-05 9.9919E-05 9.9919E-05 0.810128 9.9919E-05
9.99279E-05 9.99279E-05 9.99279E-05 0.206525 9.99279E-05 9.99279E-05 9.99279E-05 9.99279E-05 0.031947 9.99279E-05 0.738383 0.0223463
0.0194237 0.00654953 0.0431602 0.258828 9.9964E-05 9.9964E-05 9.9964E-05 9.9964E-05 0.0596787 0.0235373 0.538145 0.0502778
9.9919E-05 9.9919E-05 9.9919E-05 9.9919E-05 0.0175433 9.9919E-05 0.145733 9.9919E-05 9.9919E-05 9.9919E-05 0.835824 9.9919E-05
0.0717517 0.0194776 9.9946E-05 0.870986 9.9946E-05 0.0154131 0.0141524 9.9946E-05 9.9946E-05 9.9946E-05 9.9946E-05 0.00761991
9.99279E-05 9.99279E-05 9.99279E-05 0.172861 9.99279E-05 9.99279E-05 9.99279E-05 9.99279E-05 0.0702188 9.99279E-05 0.698554 0.0575661
9.99371E-05 0.515316 9.99371E-05 9.99371E-05 0.462127 9.99371E-05 9.99371E-05 0.00865585 9.99371E-05 9.99371E-05 0.00299016 0.0102122
9.9928E-05 0.976187 9.9928E-05 9.9928E-05 0.00945625 9.9928E-05 0.00457023 9.9928E-05 9.9928E-05 9.9928E-05 0.00898722 9.9928E-05
9.99101E-05 0.983247 9.99101E-05 9.99101E-05 9.99101E-05 9.99101E-05 9.99101E-05 9.99101E-05 0.0157535 9.99101E-05 9.99101E-05 9.99101E-05
0.0161847 0.981528 9.9928E-05 0.000847778 9.9928E-05 9.9928E-05 9.9928E-05 9.9928E-05 9.9928E-05 9.9928E-05 0.000640241 9.9928E-05
9.9955E-05 9.9955E-05 0.571076 0.0247338 0.108287 0.255908 9.9955E-05 9.9955E-05 0.00774081 0.0205781 0.0111762 9.9955E-05
9.99369E-05 0.01629 0.707493 9.99369E-05 0.00903496 0.23356 0.0329223 9.99369E-05 9.99369E-05 9.99369E-05 9.99369E-05 9.99369E-05
9.9955E-05 0.0208413 0.583948 9.9955E-05 0.0120233 0.362614 9.9955E-05 0.000195422 9.9955E-05 9.9955E-05 0.00774295 0.0121355
0.00091245 9.9928E-05 0.663506 9.9928E-05 0.0115408 0.323241 9.9928E-05 9.9928E-05 9.9928E-05 9.9928E-05 9.9928E-05 9.9928E-05
0.00938506 9.9955E-05 9.9955E-05 9.9955E-05 0.0177382 9.9955E-05 0.0867212 0.721914 9.9955E-05 0.0258762 0.0238249 0.114041
0.00226878 0.969793 0.00169986 0.00281244 0.0203648 9.9946E-05 9.9946E-05 9.9946E-05 0.00246149 9.9946E-05 9.9946E-05 9.9946E-05
9.9955E-05 0.01448 0.0112087 9.9955E-05 0.909265 9.9955E-05 0.0300766 9.9955E-05 9.9955E-05 0.00821997 0.006247 0.0200034
9.99371E-05 9.99371E-05 0.100964 9.99371E-05 9.99371E-05 9.99371E-05 0.00852587 0.868579 9.99371E-05 0.000123852 0.0211074 9.99371E-05
0.0382654 0.00269933 0.224119 9.9955E-05 9.9955E-05 9.9955E-05 0.125374 0.493515 9.9955E-05 0.0410314 9.9955E-05 0.0744958
9.9946E-05 0.00905854 0.544245 9.9946E-05 0.0280898 0.0770876 9.9946E-05 0.331952 9.9946E-05 0.00896794 9.9946E-05 9.9946E-05
0.0527556 0.0266456 0.0511828 9.9937E-05 9.9937E-05 9.9937E-05 0.0513673 0.817349 9.9937E-05 9.9937E-05 9.9937E-05 9.9937E-05
9.9946E-05 0.0328531 0.916273 0.00953617 9.9946E-05 9.9946E-05 0.000161311 0.00185363 9.9946E-05 9.9946E-05 9.9946E-05 0.038723
9.9937E-05 9.9937E-05 0.0541779 9.9937E-05 0.0218477 9.9937E-05 9.9937E-05 0.826385 9.9937E-05 9.9937E-05 0.0470433 0.0498461
9.9964E-05 0.0244543 0.820161 9.9964E-05 0.0243421 9.9964E-05 0.0164499 0.0388487 0.025081 0.00101081 9.9964E-05 0.0492528
9.9919E-05 9.9919E-05 0.968514 9.9919E-05 9.9919E-05 9.9919E-05 9.9919E-05 0.00962708 9.9919E-05 9.9919E-05 0.0209596 9.9919E-05
0.0153654 9.9955E-05 0.00489032 9.9955E-05 0.0401803 9.9955E-05 0.00571703 0.869887 9.9955E-05 9.9955E-05 0.0110748 0.052385
9.9928E-05 0.000715914 0.049951 9.9928E-05 9.9928E-05 0.0719512 9.9928E-05 0.876582 9.9928E-05 9.9928E-05 9.9928E-05 9.9928E-05
0.024856 9.9973E-05 0.244091 9.9973E-05 0.0131103 0.0498275 9.9973E-05 0.529608 0.0247068 0.0205585 0.0295724 0.0633691
9.9937E-05 0.0246713 0.0482493 9.9937E-05 9.9937E-05 9.9937E-05 9.9937E-05 0.887024 9.9937E-05 0.0128958 9.9937E-05 0.02646
9.9946E-05 9.9946E-05 0.0133981 0.0022287 9.9946E-05 0.0212235 0.000944809 0.933398 9.9946E-05 9.9946E-05 0.028207 9.9946E-05
9.99281E-05 9.99281E-05 0.966859 9.99281E-05 9.99281E-05 0.0138477 0.00106924 9.99281E-05 9.99281E-05 0.0174245 9.99281E-05 9.99281E-05
9.9928E-05 9.9928E-05 0.418713 9.9928E-05 0.0557086 0.523892 9.9928E-05 0.000886428 9.9928E-05 9.9928E-05 9.9928E-05 9.9928E-05
9.99371E-05 9.99371E-05 0.0495746 9.99371E-05 9.99371E-05 0.0175139 9.99371E-05 0.845852 9.99371E-05 9.99371E-05 0.0519246 0.0344351
0.0231548 0.0120475 0.783235 9.9964E-05 0.011862 0.0328709 9.9964E-05 0.103858 0.0115276 9.9964E-05 0.0210449 9.9964E-05
9.9937E-05 9.9937E-05 0.00662521 0.0102039 9.9937E-05 0.0239909 9.9937E-05 0.930146 9.9937E-05 9.9937E-05 0.028334 9.9937E-05
0.0109033 9.9928E-05 0.899141 9.9928E-05 9.9928E-05 0.0827959 9.9928E-05 9.9928E-05 9.9928E-05 9.9928E-05 0.00636085 9.9928E-05
9.99191E-05 9.99191E-05 0.101059 0.0147403 9.99191E-05 9.99191E-05 9.99191E-05 0.883301 9.99191E-05 9.99191E-05 9.99191E-05 9.99191E-05
9.99191E-05 0.0116013 0.965875 9.99191E-05 9.99191E-05 9.99191E-05 9.99191E-05 9.99191E-05 9.99191E-05 0.0216247 9.99191E-05 9.99191E-05
0.103434 9.9937E-05 9.9937E-05 0.0839181 9.9937E-05 9.9937E-05 0.638036 9.9937E-05 0.0936022 0.0803107 9.9937E-05 9.9937E-05
9.99101E-05 9.99101E-05 9.99101E-05 0.636697 9.99101E-05 9.99101E-05 9.99101E-05 9.99101E-05 0.362304 9.99101E-05 9.99101E-05 9.99101E-05
9.991E-05 9.991E-05 9.991E-05 0.0324653 9.991E-05 0.966536 9.991E-05 9.991E-05 9.991E-05 9.991E-05 9.991E-05 9.991E-05
9.9928E-05 9.9928E-05 0.051212 9.9928E-05 0.0334225 9.9928E-05 9.9928E-05 0.906093 9.9928E-05 9.9928E-05 9.9928E-05 0.00847299
9.99281E-05 0.00630078 0.968304 9.99281E-05 0.011311 9.99281E-05 9.99281E-05 9.99281E-05 9.99281E-05 0.0132851 9.99281E-05 9.99281E-05
9.9955E-05 9.9955E-05 0.0107627 9.9955E-05 0.283229 0.037898 0.00626041 9.9955E-05 0.549539 0.064535 0.0472765 9.9955E-05
0.0294511 0.0389934 0.24423 9.9964E-05 9.9964E-05 0.0167364 0.116005 0.438664 9.9964E-05 0.0365336 9.9964E-05 0.0789855
0.0315285 0.00725193 0.30683 9.9964E-05 0.0542032 0.212371 9.9964E-05 0.325584 9.9964E-05 9.9964E-05 0.00418247 0.0576485
0.00818087 0.0177182 0.0490555 0.0270136 0.00604878 9.9973E-05 0.0340041 0.843652 9.9973E-05 0.00288407 0.0111427 9.9973E-05
9.99279E-05 9.99279E-05 9.99279E-05 0.232364 9.99279E-05 9.99279E-05 9.99279E-05 9.99279E-05 0.119888 9.99279E-05 0.590044 0.0569056
0.089341 9.9964E-05 9.9964E-05 0.0654159 9.9964E-05 0.0167025 0.0458205 9.9964E-05 0.267748 0.506028 0.00245654 0.00608709
0.00595292 9.9937E-05 0.00821153 9.9937E-05 0.228711 9.9937E-05 0.743061 9.9937E-05 9.9937E-05 9.9937E-05 0.0133635 9.9937E-05
0.0064217 9.9946E-05 0.140792 9.9946E-05 0.0778791 9.9946E-05 0.72486 9.9946E-05 9.9946E-05 9.9946E-05 0.0301382 0.0193089
9.99369E-05 0.0158828 0.175848 9.99369E-05 0.0886335 9.99369E-05 0.621266 9.99369E-05 9.99369E-05 9.99369E-05 0.0976704 9.99369E-05
9.99279E-05 9.99279E-05 0.0370069 9.99279E-05 0.088232 9.99279E-05 0.842375 9.99279E-05 9.99279E-05 9.99279E-05 0.0315867 9.99279E-05
9.9955E-05 0.921606 0.00496589 0.0212418 0.009321 0.0240654 9.9955E-05 0.01335 9.9955E-05 9.9955E-05 0.00495054 9.9955E-05
9.9946E-05 0.946028 0.0274933 0.00686457 9.9946E-05 9.9946E-05 0.0115436 9.9946E-05 9.9946E-05 0.006476 0.000995075 9.9946E-05
9.9937E-05 0.0336882 0.0421912 9.9937E-05 0.26013 0.635883 9.9937E-05 9.9937E-05 9.9937E-05 9.9937E-05 9.9937E-05 0.0274077
9.9928E-05 0.00783994 0.848153 9.9928E-05 9.9928E-05 0.131514 9.9928E-05 9.9928E-05 9.9928E-05 9.9928E-05 9.9928E-05 0.0116938
0.749385 0.00189567 0.046701 9.99549E-05 0.00310447 9.99549E-05 0.0354812 0.15858 9.99549E-05 9.99549E-05 0.00435324 9.99549E-05
0.101927 9.9928E-05 9.9928E-05 0.830363 9.9928E-05 9.9928E-05 9.9928E-05 9.9928E-05 0.00337915 9.9928E-05 0.0635315 9.9928E-05
0.294572 9.99279E-05 9.99279E-05 0.323927 9.99279E-05 9.99279E-05 9.99279E-05 9.99279E-05 0.194 0.186701 9.99279E-05 9.99279E-05
9.9919E-05 9.9919E-05 0.0171283 9.9919E-05 0.965523 9.9919E-05 9.9919E-05 9.9919E-05 0.0164499 9.9919E-05 9.9919E-05 9.9919E-05
9.9955E-05 0.00755122 9.9955E-05 0.0299301 0.627703 0.0552208 0.251325 0.00257438 9.9955E-05 9.9955E-05 9.9955E-05 0.0251952
9.9937E-05 9.9937E-05 9.9937E-05 9.9937E-05 0.626492 0.089792 0.182458 9.9937E-05 9.9937E-05 0.0592356 0.0413229 9.9937E-05
9.9919E-05 0.968496 0.009115 9.9919E-05 9.9919E-05 9.9919E-05 0.02149 9.9919E-05 9.9919E-05 9.9919E-05 9.9919E-05 9.9919E-05
0.171894 9.99189E-05 9.99189E-05 0.735195 9.99189E-05 9.99189E-05 9.99189E-05 9.99189E-05 0.0920119 9.99189E-05 9.99189E-05 9.99189E-05
9.9928E-05 9.9928E-05 0.00537177 9.9928E-05 0.950547 9.9928E-05 9.9928E-05 0.0093902 9.9928E-05 9.9928E-05 9.9928E-05 0.0338915
0.151137 9.9946E-05 9.9946E-05 0.0405349 9.9946E-05 9.9946E-05 0.728249 9.9946E-05 0.0556179 0.0188668 0.00499474 9.9946E-05
9.9928E-05 9.9928E-05 0.802027 9.9928E-05 0.0173933 0.157404 9.9928E-05 9.9928E-05 9.9928E-05 9.9928E-05 9.9928E-05 0.0223765
9.99101E-05 9.99101E-05 0.6221 9.99101E-05 9.99101E-05 0.3769 9.99101E-05 9.99101E-05 9.99101E-05 9.99101E-05 9.99101E-05 9.99101E-05
0.0153511 0.785353 9.9964E-05 0.0381704 0.0207088 9.9964E-05 0.0639701 0.0324196 9.9964E-05 0.024938 0.018689 9.9964E-05
0.00446457 0.80797 9.9964E-05 0.00684721 0.0135572 0.00618492 0.0950228 0.0445693 9.9964E-05 0.020984 9.9964E-05 9.9964E-05
9.9982E-05 0.860748 0.0184756 0.00583229 0.00114502 0.00996676 0.0326636 0.0111418 9.9982E-05 0.032247 0.0266446 0.000934906
0.0123497 0.954509 9.99371E-05 0.0149768 0.00477912 9.99371E-05 9.99371E-05 9.99371E-05 9.99371E-05 9.99371E-05 0.0126856 9.99371E-05
9.9925E-05 0.948118 0.00928641 9.9925E-05 9.9925E-05 9.9925E-05 0.0416967 9.9925E-05 9.9925E-05 9.9925E-05 9.9925E-05 9.9925E-05
9.9946E-05 0.978201 9.9946E-05 0.0075085 0.0031493 0.000636801 9.9946E-05 9.9946E-05 9.9946E-05 9.9946E-05 0.00335457 0.00655027
9.99371E-05 0.952995 9.99371E-05 9.99371E-05 9.99371E-05 9.99371E-05 0.00280944 9.99371E-05 0.0143667 9.99371E-05 0.00140961 0.0277194
0.0090908 0.975954 0.00776455 9.9928E-05 9.9928E-05 9.9928E-05 9.9928E-05 9.9928E-05 9.9928E-05 9.9928E-05 9.9928E-05 0.00639092
9.99191E-05 0.964865 0.0188804 9.99191E-05 9.99191E-05 9.99191E-05 9.99191E-05 9.99191E-05 0.0153556 9.99191E-05 9.99191E-05 9.99191E-05
9.99011E-05 0.998901 9.99011E-05 9.99011E-05 9.99011E-05 9.99011E-05 9.99011E-05 9.99011E-05 9.99011E-05 9.99011E-05 9.99011E-05 9.99011E-05
0.0304188 0.931049 0.0106825 9.9937E-05 0.0144189 9.9937E-05 9.9937E-05 9.9937E-05 9.9937E-05 9.9937E-05 9.9937E-05 0.0127308
0.0342296 0.917309 0.0119039 9.9964E-05 0.021991 0.00152083 0.00257412 9.9964E-05 9.9964E-05 0.00900088 9.9964E-05 0.00107034
0.0332482 0.931804 0.0162703 9.9964E-05 0.00474209 9.9964E-05 0.00603123 0.000377739 9.9964E-05 9.9964E-05 0.00639994 0.000726463
0.00706709 0.522377 0.0555869 0.00348563 9.99461E-05 9.99461E-05 9.99461E-05 0.402652 9.99461E-05 0.00823178 9.99461E-05 9.99461E-05
9.99191E-05 0.548491 0.0263201 9.99191E-05 9.99191E-05 9.99191E-05 9.99191E-05 0.424289 9.99191E-05 9.99191E-05 9.99191E-05 9.99191E-05
0.00382218 0.995179 9.991E-05 9.991E-05 9.991E-05 9.991E-05 9.991E-05 9.991E-05 9.991E-05 9.991E-05 9.991E-05 9.991E-05
0.0098786 0.958239 9.99191E-05 9.99191E-05 9.99191E-05 9.99191E-05 0.030983 9.99191E-05 9.99191E-05 9.99191E-05 9.99191E-05 9.99191E-05
9.9946E-05 0.912723 9.9946E-05 9.9946E-05 0.00181745 9.9946E-05 0.0172484 9.9946E-05 0.0119444 9.9946E-05 0.0480444 0.00762303
0.00971771 0.95298 0.00362782 0.0214702 9.9955E-05 0.000152948 0.00527728 9.9955E-05 9.9955E-05 9.9955E-05 9.9955E-05 0.00627444
9.99015E-05 0.998901 9.99015E-05 9.99015E-05 9.99015E-05 9.99015E-05 9.99015E-05 9.99015E-05 9.99015E-05 9.99015E-05 9.99015E-05 9.99015E-05
9.99191E-05 0.522588 0.0411003 9.99191E-05 9.99191E-05 9.99191E-05 9.99191E-05 0.435413 9.99191E-05 9.99191E-05 9.99191E-05 9.99191E-05
9.9946E-05 0.889555 0.0197016 9.9946E-05 9.9946E-05 9.9946E-05 0.0050622 0.0314309 9.9946E-05 0.0400777 9.9946E-05 0.0135733
9.99281E-05 0.94318 9.99281E-05 9.99281E-05 0.0241898 0.008098 9.99281E-05 9.99281E-05 0.0237328 9.99281E-05 9.99281E-05 9.99281E-05
9.9928E-05 0.942078 9.9928E-05 9.9928E-05 0.000155347 9.9928E-05 0.0485037 9.9928E-05 9.9928E-05 0.00846367 9.9928E-05 9.9928E-05
9.9937E-05 0.92542 9.9937E-05 0.00535025 9.9937E-05 9.9937E-05 0.0209703 9.9937E-05 0.0381801 9.9937E-05 9.9937E-05 0.00938011
9.9946E-05 0.871486 0.0211828 0.0104341 9.9946E-05 9.9946E-05 0.0583551 0.0221484 9.9946E-05 0.0157934 9.9946E-05 9.9946E-05
9.99371E-05 0.94952 9.99371E-05 9.99371E-05 0.0101641 9.99371E-05 0.00879227 0.00595088 9.99371E-05 9.99371E-05 0.0248735 9.99371E-05
0.00870504 9.9955E-05 9.9955E-05 0.0246232 0.0427801 9.9955E-05 9.9955E-05 0.0291451 9.9955E-05 0.031473 0.0953004 0.767473
0.00178309 0.928684 9.99371E-05 9.99371E-05 9.99371E-05 0.00303487 9.99371E-05 0.00957918 9.99371E-05 9.99371E-05 0.056219 9.99371E-05
9.9919E-05 0.981464 9.9919E-05 9.9919E-05 9.9919E-05 9.9919E-05 9.9919E-05 9.9919E-05 9.9919E-05 9.9919E-05 0.000923142 0.0167134
0.025678 0.708874 0.0100415 9.9982E-05 0.0166334 9.9982E-05 0.023001 0.0682411 0.103547 0.00909922 0.024134 0.0105508
9.99011E-05 0.998901 9.99011E-05 9.99011E-05 9.99011E-05 9.99011E-05 9.99011E-05 9.99011E-05 9.99011E-05 9.99011E-05 9.99011E-05 9.99011E-05
9.9947E-05 0.971245 9.9947E-05 9.9947E-05 0.0046276 0.0115301 9.9947E-05 0.00196705 9.9947E-05 9.9947E-05 0.00507689 0.00495355
9.99281E-05 0.966499 9.99281E-05 0.015232 9.99281E-05 9.99281E-05 0.0014702 9.99281E-05 9.99281E-05 9.99281E-05 0.0159991 9.99281E-05
0.00172079 0.967081 0.00474987 9.9937E-05 0.00732726 9.9937E-05 9.9937E-05 0.0184211 9.9937E-05 9.9937E-05 9.9937E-05 9.9937E-05
9.99369E-05 0.0112088 9.99369E-05 9.99369E-05 9.99369E-05 0.0256518 9.99369E-05 0.612081 9.99369E-05 0.005388 9.99369E-05 0.344971
9.9901E-05 0.998901 9.9901E-05 9.9901E-05 9.9901E-05 9.9901E-05 9.9901E-05 9.9901E-05 9.9901E-05 9.9901E-05 9.9901E-05 9.9901E-05
9.9919E-05 0.945876 9.9919E-05 9.9919E-05 9.9919E-05 9.9919E-05 0.0392158 9.9919E-05 9.9919E-05 0.0140084 9.9919E-05 9.9919E-05
9.99011E-05 0.998901 9.99011E-05 9.99011E-05 9.99011E-05 9.99011E-05 9.99011E-05 9.99011E-05 9.99011E-05 9.99011E-05 9.99011E-05 9.99011E-05
9.99189E-05 9.99189E-05 9.99189E-05 9.99189E-05 9.99189E-05 0.339745 9.99189E-05 0.221232 9.99189E-05 9.99189E-05 9.99189E-05 0.438124
9.9964E-05 0.929306 9.9964E-05 0.0157306 9.9964E-05 0.00815772 0.00775827 0.00971265 9.9964E-05 0.0109792 0.00188969 0.0160655
9.9937E-05 0.941076 9.9937E-05 9.9937E-05 9.9937E-05 0.0171561 0.0108398 9.9937E-05 9.9937E-05 0.00352898 0.0266998 9.9937E-05
9.9937E-05 0.95276 9.9937E-05 9.9937E-05 0.0124812 9.9937E-05 9.9937E-05 0.00281435 0.00583064 9.9937E-05 0.0254146 9.9937E-05
9.9928E-05 0.97253 0.0036392 9.9928E-05 0.00402382 9.9928E-05 9.9928E-05 9.9928E-05 9.9928E-05 9.9928E-05 0.0190074 9.9928E-05
0.0245274 0.0191789 0.279205 9.9955E-05 0.0219955 9.9955E-05 0.0196759 0.608354 9.9955E-05 9.9955E-05 9.9955E-05 0.0265627
9.9928E-05 0.981312 9.9928E-05 0.00311244 9.9928E-05 9.9928E-05 9.9928E-05 9.9928E-05 0.00495887 9.9928E-05 0.00981688 9.9928E-05
9.99281E-05 0.908991 9.99281E-05 9.99281E-05 9.99281E-05 9.99281E-05 0.0267097 9.99281E-05 0.0018113 9.99281E-05 0.0616881 9.99281E-05
9.99191E-05 0.509854 0.026372 9.99191E-05 9.99191E-05 9.99191E-05 9.99191E-05 0.462875 9.99191E-05 9.99191E-05 9.99191E-05 9.99191E-05
9.99191E-05 0.985625 9.99191E-05 9.99191E-05 9.99191E-05 9.99191E-05 9.99191E-05 9.99191E-05 0.000559519 9.99191E-05 9.99191E-05 0.0129162
0.0458144 0.0127034 0.624474 9.9955E-05 0.0249017 0.12777 9.9955E-05 0.162699 9.9955E-05 9.9955E-05 9.9955E-05 0.00113832
0.0105893 9.9937E-05 0.602312 0.0315055 9.9937E-05 0.10289 9.9937E-05 0.252004 9.9937E-05 9.9937E-05 9.9937E-05 9.9937E-05
9.9973E-05 0.00120349 0.749711 9.9973E-05 0.00930887 0.138064 9.9973E-05 0.00249654 0.0512847 0.000568997 0.0297178 0.0173446
9.9973E-05 0.0226685 0.00280533 0.0157572 0.0116771 0.0578269 0.00263468 0.763128 0.00291134 9.9973E-05 9.9973E-05 0.120291
0.0302672 0.0536818 0.0162715 0.00681749 0.76075 0.0204122 0.0692225 9.9973E-05 9.9973E-05 0.0373612 0.00491665 9.9973E-05
9.9937E-05 0.0583275 0.80717 9.9937E-05 9.9937E-05 0.0552963 9.9937E-05 9.9937E-05 0.0527425 9.9937E-05 9.9937E-05 0.0257641
9.99641E-05 9.99641E-05 0.215037 0.029197 0.326573 0.183037 9.99641E-05 0.144583 9.99641E-05 0.0102971 0.0676576 0.0232189
9.9955E-05 0.0234714 0.691648 0.0319684 9.9955E-05 0.0969322 9.9955E-05 0.13887 9.9955E-05 0.00138826 0.0152221 9.9955E-05
0.0197722 9.9964E-05 0.650352 0.0306287 0.040163 0.0140884 9.9964E-05 0.217689 9.9964E-05 0.00809418 0.018813 9.9964E-05
9.9955E-05 0.0241322 0.650552 9.9955E-05 0.0241311 0.0873049 0.022649 0.16487 9.9955E-05 0.0258613 9.9955E-05 9.9955E-05
0.00296355 9.9973E-05 0.588252 0.00209259 0.0261284 0.050083 9.9973E-05 0.240182 0.0282093 0.0516587 0.0101305 9.9973E-05
9.9964E-05 0.00226215 0.6096 0.0539454 0.0154993 0.0078271 9.9964E-05 0.267441 0.00352682 0.0394982 9.9964E-05 9.9964E-05
0.00554641 0.00755732 0.876456 0.0304842 0.00985289 0.069123 9.9955E-05 9.9955E-05 0.000480499 9.9955E-05 9.9955E-05 9.9955E-05
9.9964E-05 0.0394111 0.581198 0.018192 0.0405602 0.311997 9.9964E-05 9.9964E-05 0.00079509 9.9964E-05 0.00726869 0.000177511
9.9955E-05 0.0159258 0.629158 0.0191635 0.0415455 0.278587 9.9955E-05 9.9955E-05 9.9955E-05 0.00471286 9.9955E-05 0.0104072
0.0437755 0.0332197 0.0762316 9.9982E-05 0.0217074 0.0204027 9.9982E-05 0.745328 0.0172625 0.0396207 0.000244888 0.00200653
0.00875074 9.9937E-05 0.00743533 9.9937E-05 0.00819672 9.9937E-05 0.0066734 9.9937E-05 0.968244 9.9937E-05 9.9937E-05 9.9937E-05
0.0326898 0.0337539 9.9946E-05 0.000439546 9.9946E-05 9.9946E-05 0.00414234 9.9946E-05 0.896223 9.9946E-05 0.0321521 9.9946E-05
0.0869043 0.0113763 9.9964E-05 0.5726 9.9964E-05 0.0241721 0.0635155 9.9964E-05 0.22749 0.00973264 0.00380987 9.9964E-05
0.081661 0.0901832 0.0238409 9.9982E-05 0.272666 0.0790869 0.020557 0.255357 0.0209204 0.0259174 9.9982E-05 0.129611
0.0213913 9.9946E-05 9.9946E-05 9.9946E-05 9.9946E-05 9.9946E-05 0.0241413 9.9946E-05 0.927599 0.00727383 0.0176706 0.00132467
0.0151099 9.9937E-05 9.9937E-05 9.9937E-05 9.9937E-05 9.9937E-05 0.0457869 9.9937E-05 0.883234 9.9937E-05 0.0430757 0.0120937
0.0254498 0.134647 9.9973E-05 0.0329143 0.0529532 0.544997 0.00242003 0.0707383 0.00177483 9.9973E-05 9.9973E-05 0.133805
0.140224 9.9946E-05 9.9946E-05 0.396209 0.00962942 9.9946E-05 9.9946E-05 9.9946E-05 0.211771 0.233142 9.9946E-05 0.00842418
0.110504 0.00509565 9.9964E-05 0.402119 0.0165313 9.9964E-05 0.0201566 0.0524993 0.0978089 0.294885 9.9964E-05 9.9964E-05
0.058991 9.9964E-05 9.9964E-05 0.433774 0.00823311 0.0012022 0.0472924 9.9964E-05 0.0451491 0.389853 0.0151057 9.9964E-05
0.00957805 0.000657481 9.9964E-05 0.262176 0.0567695 9.9964E-05 0.0792518 0.0317136 9.9964E-05 0.544634 9.9964E-05 0.0148202
0.0279933 0.00993257 9.9955E-05 0.25615 0.00734529 9.9955E-05 0.07879 9.9955E-05 9.9955E-05 0.575479 9.9955E-05 0.0438102
0.0107005 9.9973E-05 0.012155 0.394342 0.019178 9.9973E-05 0.0234425 0.0305676 0.0851816 0.404366 0.019767 9.9973E-05
9.99369E-05 0.0151358 9.99369E-05 9.99369E-05 0.783157 9.99369E-05 0.119888 9.99369E-05 9.99369E-05 0.0356425 0.045477 9.99369E-05
9.9937E-05 0.0168348 9.9937E-05 0.653114 9.9937E-05 9.9937E-05 0.0165565 0.0299785 0.282816 9.9937E-05 9.9937E-05 9.9937E-05
9.99371E-05 0.017746 9.99371E-05 9.99371E-05 9.99371E-05 0.0176605 0.0642795 0.811516 9.99371E-05 9.99371E-05 9.99371E-05 0.0880983
9.9946E-05 0.00534475 9.9946E-05 9.9946E-05 9.9946E-05 0.0292382 9.9946E-05 0.612074 0.00344232 0.000192123 9.9946E-05 0.349109
0.0856806 9.9964E-05 9.9964E-05 0.801753 0.0102715 9.9964E-05 0.000389221 0.0112206 0.0530829 9.9964E-05 0.0101914 0.0270109
0.0867245 0.136123 0.0818637 0.0979027 0.0702358 0.0337931 0.0818928 0.135052 0.088762 0.0683082 0.0666535 0.0526891
0.0577436 0.0014399 0.0554564 0.00679258 0.777099 9.9982E-05 9.9982E-05 0.00966862 0.0342702 0.0151515 0.0157721 0.0264057
9.9937E-05 9.9937E-05 9.9937E-05 0.0222894 9.9937E-05 0.903792 9.9937E-05 9.9937E-05 0.0315744 0.0132667 0.0283783 9.9937E-05
9.9964E-05 0.00459649 0.0661964 9.9964E-05 0.0228994 0.0371992 9.9964E-05 0.712032 9.9964E-05 0.026376 0.0351895 0.0951113
9.9946E-05 9.9946E-05 9.9946E-05 0.0160148 9.9946E-05 0.688939 9.9946E-05 0.0346438 0.210479 0.0182188 0.031105 9.9946E-05
0.0310695 9.9973E-05 9.9973E-05 9.9973E-05 0.73256 0.070412 0.0425763 0.0326167 0.0569968 0.0213622 0.00662111 0.00548556
9.9946E-05 9.9946E-05 9.9946E-05 9.9946E-05 0.00699259 0.0103533 9.9946E-05 0.0501309 0.681436 0.197309 0.0531787 9.9946E-05
0.025133 0.00605072 9.9946E-05 9.9946E-05 0.872606 9.9946E-05 0.0573309 0.00443493 9.9946E-05 9.9946E-05 0.0338443 9.9946E-05
0.307034 0.0439461 0.099816 9.9964E-05 9.9964E-05 0.0113639 0.434132 0.0870102 0.00773943 0.00855852 9.9964E-05 9.9964E-05
9.99279E-05 0.0174963 9.99279E-05 9.99279E-05 9.99279E-05 0.0413494 9.99279E-05 0.597639 9.99279E-05 9.99279E-05 9.99279E-05 0.342716
9.9937E-05 0.0172246 9.9937E-05 0.61396 0.0598939 9.9937E-05 9.9937E-05 0.00642785 0.301794 9.9937E-05 9.9937E-05 9.9937E-05
0.013224 9.9946E-05 0.012651 0.375229 9.9946E-05 0.575521 9.9946E-05 0.00653405 9.9946E-05 0.0162409 9.9946E-05 9.9946E-05
9.9946E-05 0.0258619 9.9946E-05 0.861608 9.9946E-05 0.0403578 9.9946E-05 0.0399002 9.9946E-05 0.00889115 9.9946E-05 0.0227809
9.9982E-05 0.0173863 0.0785539 0.00619169 0.273537 0.255489 0.00504489 9.9982E-05 0.0118922 0.0385158 0.19475 0.118439
9.9919E-05 9.9919E-05 9.9919E-05 0.989441 9.9919E-05 9.9919E-05 9.9919E-05 9.9919E-05 9.9919E-05 0.00026971 0.00938952 9.9919E-05
9.9946E-05 9.9946E-05 0.0519058 0.0330707 0.879543 0.0171615 9.9946E-05 0.0175054 9.9946E-05 9.9946E-05 9.9946E-05 0.000214236
9.9955E-05 0.0493541 0.00788885 0.783162 0.0704089 0.027677 9.9955E-05 0.0367705 9.9955E-05 9.9955E-05 9.9955E-05 0.0242389
9.9964E-05 0.0355983 0.0413537 0.81551 0.0679271 9.9964E-05 0.00150441 0.00259925 9.9964E-05 9.9964E-05 0.00989682 0.0252108
9.9955E-05 9.9955E-05 0.0164132 0.0666615 0.0290893 0.0206871 9.9955E-05 0.756056 9.9955E-05 9.9955E-05 0.0206401 0.0899529
0.0475634 9.99731E-05 0.0435919 0.0257293 0.0112512 0.0947365 0.0531371 0.341983 0.302757 9.99731E-05 9.99731E-05 0.0789502
9.9973E-05 0.0205488 9.9973E-05 0.0291402 0.108033 0.409874 9.9973E-05 0.199329 0.0217961 0.0321099 0.00874466 0.170126
0.0396562 0.0185599 0.0184396 0.0713226 0.0223734 9.9955E-05 9.9955E-05 9.9955E-05 9.9955E-05 0.794866 0.0342828 9.9955E-05
0.0472389 9.9928E-05 0.0165228 9.9928E-05 0.00671925 9.9928E-05 9.9928E-05 9.9928E-05 9.9928E-05 0.92872 9.9928E-05 9.9928E-05
0.0930207 9.9946E-05 9.9946E-05 9.9946E-05 9.9946E-05 0.000423807 0.0271809 9.9946E-05 9.9946E-05 0.834495 0.0171668 0.027113
0.0639784 0.0177901 9.9955E-05 0.00314829 0.045672 9.9955E-05 9.9955E-05 0.00719436 9.9955E-05 0.829001 9.9955E-05 0.0327165
9.9928E-05 9.9928E-05 9.9928E-05 9.9928E-05 0.000677064 9.9928E-05 9.9928E-05 0.847208 9.9928E-05 0.0382206 9.9928E-05 0.113095
0.0708245 9.9928E-05 9.9928E-05 9.9928E-05 9.9928E-05 9.9928E-05 0.0414575 0.835146 9.9928E-05 9.9928E-05 9.9928E-05 0.0517726
9.9964E-05 0.0328346 0.0966449 9.9964E-05 0.0384182 9.9964E-05 0.0160418 0.587555 9.9964E-05 0.0152252 0.0263654 0.186515
0.0018167 0.00210005 0.00528312 0.282612 0.00456497 9.9973E-05 0.0616781 9.9973E-05 0.194941 0.409562 0.0371424 9.9973E-05
0.0349062 0.149701 0.140802 0.0560143 0.0700178 0.0652641 0.0862946 0.162807 0.065978 0.0397089 0.110491 0.0180159
0.278029 0.111746 9.9955E-05 9.9955E-05 0.000973858 0.0417661 0.189041 0.340747 9.9955E-05 0.0371972 9.9955E-05 9.9955E-05
0.0322042 0.0193199 0.112046 0.00213241 9.9955E-05 9.9955E-05 0.0794166 0.713927 9.9955E-05 9.9955E-05 0.0404543 9.9955E-05
0.129795 0.0683527 0.0781214 9.99551E-05 9.99551E-05 9.99551E-05 0.0764348 0.62548 9.99551E-05 9.99551E-05 0.0200058 0.00131081
0.139268 0.0301648 9.9973E-05 9.9973E-05 9.9973E-05 0.00577164 0.0282524 0.691813 0.0151871 0.0307794 0.0250321 0.0334312
0.240784 0.133506 9.9946E-05 9.9946E-05 9.9946E-05 0.0524662 0.0811996 0.474709 0.0167354 9.9946E-05 9.9946E-05 9.9946E-05
9.9973E-05 9.9973E-05 0.0196457 0.0342435 0.0118774 0.0274832 0.747396 9.9973E-05 0.0508967 0.00696744 0.0671536 0.0340369
0.0264054 9.99369E-05 0.584152 9.99369E-05 0.0305322 0.347279 9.99369E-05 0.0109316 9.99369E-05 9.99369E-05 9.99369E-05 9.99369E-05
9.9964E-05 0.0494312 0.286617 9.9964E-05 0.0662818 0.324216 9.9964E-05 0.242387 9.9964E-05 0.000294859 0.0173069 0.0130654
0.0675012 9.9937E-05 9.9937E-05 0.905788 9.9937E-05 9.9937E-05 0.00150035 9.9937E-05 0.00934859 9.9937E-05 0.0151625 9.9937E-05
0.104887 9.9937E-05 0.00906911 0.842963 9.9937E-05 9.9937E-05 0.0267581 9.9937E-05 9.9937E-05 9.9937E-05 0.0156237 9.9937E-05
0.112573 9.9937E-05 0.0158286 0.816446 0.0131234 9.9937E-05 9.9937E-05 9.9937E-05 9.9937E-05 9.9937E-05 0.0413292 9.9937E-05
0.218197 9.9955E-05 9.9955E-05 0.298846 9.9955E-05 9.9955E-05 0.0911883 9.9955E-05 0.161732 0.185204 0.0352976 0.00903454
0.987471 9.99097E-05 9.99097E-05 0.0115294 9.99097E-05 9.99097E-05 9.99097E-05 9.99097E-05 9.99097E-05 9.99097E-05 9.99097E-05 9.99097E-05
0.976359 9.99097E-05 9.99097E-05 0.0226419 9.99097E-05 9.99097E-05 9.99097E-05 9.99097E-05 9.99097E-05 9.99097E-05 9.99097E-05 9.99097E-05
0.038635 9.9946E-05 0.00694258 9.9946E-05 9.9946E-05 9.9946E-05 0.0449493 0.806739 9.9946E-05 0.0197555 9.9946E-05 0.0823794
0.0355085 9.99549E-05 0.022183 0.00571204 9.99549E-05 9.99549E-05 0.0889343 0.752518 9.99549E-05 0.0414341 9.99549E-05 0.0532105
9.99281E-05 9.99281E-05 0.0363097 9.99281E-05 9.99281E-05 0.00998213 9.99281E-05 0.877209 9.99281E-05 9.99281E-05 9.99281E-05 0.0756995
9.9937E-05 9.9937E-05 9.9937E-05 0.0174159 0.697831 0.217341 0.0605676 0.00614548 9.9937E-05 9.9937E-05 9.9937E-05 9.9937E-05
9.9955E-05 0.0222849 9.9955E-05 0.924908 0.0141504 0.00277087 9.9955E-05 0.0111973 9.9955E-05 0.020557 9.9955E-05 0.00363178
9.9928E-05 0.0423735 9.9928E-05 0.920348 9.9928E-05 9.9928E-05 9.9928E-05 9.9928E-05 0.0200027 9.9928E-05 9.9928E-05 0.0164767
9.99449E-05 0.000757325 0.00128247 0.879002 9.99449E-05 9.99449E-05 9.99449E-05 9.99449E-05 0.0763123 0.0419462 9.99449E-05 9.99449E-05
0.00293914 9.9937E-05 9.9937E-05 0.788148 9.9937E-05 0.0701773 9.9937E-05 9.9937E-05 0.121513 0.0165227 9.9937E-05 9.9937E-05
9.9946E-05 9.9946E-05 9.9946E-05 0.801955 9.9946E-05 0.0409301 9.9946E-05 9.9946E-05 0.100522 0.0123697 0.0142987 0.0293247
9.9919E-05 9.9919E-05 9.9919E-05 0.0196458 9.9919E-05 0.960127 9.9919E-05 9.9919E-05 0.0193278 9.9919E-05 9.9919E-05 9.9919E-05
0.263982 0.0485726 9.9964E-05 0.1167 0.00392636 9.9964E-05 9.9964E-05 0.0464018 0.286288 0.107483 0.126246 9.9964E-05
0.0239032 9.9919E-05 9.9919E-05 9.9919E-05 0.962665 0.0125327 9.9919E-05 9.9919E-05 9.9919E-05 9.9919E-05 9.9919E-05 9.9919E-05
0.000302958 9.99279E-05 9.99279E-05 0.0333533 9.99279E-05 0.95122 0.0143241 9.99279E-05 9.99279E-05 9.99279E-05 9.99279E-05 9.99279E-05
9.99009E-05 9.99009E-05 9.99009E-05 9.99009E-05 9.99009E-05 9.99009E-05 9.99009E-05 9.99009E-05 9.99009E-05 9.99009E-05 9.99009E-05 0.998901
9.99098E-05 9.99098E-05 0.0159551 9.99098E-05 9.99098E-05 0.983046 9.99098E-05 9.99098E-05 9.99098E-05 9.99098E-05 9.99098E-05 9.99098E-05
9.99098E-05 9.99098E-05 9.99098E-05 9.99098E-05 9.99098E-05 0.995779 0.0032217 9.99098E-05 9.99098E-05 9.99098E-05 9.99098E-05 9.99098E-05
9.99099E-05 9.99099E-05 9.99099E-05 9.99099E-05 9.99099E-05 0.998404 0.000596628 9.99099E-05 9.99099E-05 9.99099E-05 9.99099E-05 9.99099E-05
9.9955E-05 0.0235021 0.0389794 0.887409 9.9955E-05 9.9955E-05 9.9955E-05 0.0075024 0.00962194 0.0283557 9.9955E-05 0.00412979
9.99281E-05 9.99281E-05 9.99281E-05 0.952579 9.99281E-05 0.021091 9.99281E-05 9.99281E-05 9.99281E-05 9.99281E-05 0.0105515 0.0149787
9.9928E-05 9.9928E-05 9.9928E-05 0.164886 9.9928E-05 9.9928E-05 9.9928E-05 9.9928E-05 0.0809409 9.9928E-05 0.723707 0.0296662
9.9937E-05 0.0382735 9.9937E-05 0.906959 9.9937E-05 0.0187661 0.0205174 9.9937E-05 0.0147843 9.9937E-05 9.9937E-05 9.9937E-05
9.9901E-05 9.9901E-05 9.9901E-05 0.998901 9.9901E-05 9.9901E-05 9.9901E-05 9.9901E-05 9.9901E-05 9.9901E-05 9.9901E-05 9.9901E-05
9.9919E-05 9.9919E-05 9.9919E-05 0.247139 9.9919E-05 0.620832 9.9919E-05 9.9919E-05 0.131129 9.9919E-05 9.9919E-05 9.9919E-05
0.124699 9.99371E-05 9.99371E-05 0.741709 9.99371E-05 9.99371E-05 9.99371E-05 0.0171673 0.0805663 0.0351579 9.99371E-05 9.99371E-05
0.168503 9.9946E-05 9.9946E-05 0.703131 9.9946E-05 0.00299975 9.9946E-05 0.0135228 0.0912171 0.0200269 9.9946E-05 9.9946E-05
0.352681 0.00525296 0.0226723 0.0783376 9.9982E-05 9.9982E-05 0.23477 0.0345684 0.123462 0.0150103 0.114482 0.0185637
0.00894721 0.00047199 9.9955E-05 9.9955E-05 0.826457 0.128376 9.9955E-05 9.9955E-05 9.9955E-05 0.00300078 0.0131998 0.0190476
9.9937E-05 9.9937E-05 9.9937E-05 0.644655 9.9937E-05 0.142591 9.9937E-05 9.9937E-05 0.150326 9.9937E-05 0.0352945 0.0264334
9.9955E-05 0.42072 9.9955E-05 9.9955E-05 0.0108098 0.0233476 9.9955E-05 0.255793 0.181275 0.0591629 9.9955E-05 0.0483922
9.9928E-05 9.9928E-05 9.9928E-05 0.514794 9.9928E-05 0.20245 9.9928E-05 9.9928E-05 0.269517 9.9928E-05 0.0124398 9.9928E-05
9.9919E-05 9.9919E-05 9.9919E-05 0.95172 9.9919E-05 0.034913 9.9919E-05 9.9919E-05 9.9919E-05 9.9919E-05 9.9919E-05 0.0124672
9.9919E-05 9.9919E-05 9.9919E-05 9.9919E-05 9.9919E-05 0.990064 9.9919E-05 9.9919E-05 9.9919E-05 0.002438 9.9919E-05 0.0065984
9.99369E-05 9.99369E-05 0.0964317 0.249473 9.99369E-05 0.574461 0.0728124 9.99369E-05 0.00612216 9.99369E-05 9.99369E-05 9.99369E-05
9.9928E-05 9.9928E-05 9.9928E-05 9.9928E-05 0.802501 0.0727117 0.102675 0.0213134 9.9928E-05 9.9928E-05 9.9928E-05 9.9928E-05
9.9919E-05 9.9919E-05 9.9919E-05 0.00360747 9.9919E-05 9.9919E-05 0.97422 9.9919E-05 0.0212736 9.9919E-05 9.9919E-05 9.9919E-05
0.00460692 9.99371E-05 0.946492 9.99371E-05 9.99371E-05 0.031988 0.00106923 9.99371E-05 9.99371E-05 9.99371E-05 9.99371E-05 0.0151439
9.9937E-05 9.9937E-05 0.127804 9.9937E-05 0.088506 9.9937E-05 0.716001 9.9937E-05 9.9937E-05 9.9937E-05 0.0285806 0.0384089
9.9955E-05 9.9955E-05 0.00686942 0.016928 0.858133 0.0643156 0.0180953 0.0264802 0.00867876 9.9955E-05 9.9955E-05 9.9955E-05
9.9928E-05 9.9928E-05 0.0309701 0.0418347 0.835399 0.0909967 9.9928E-05 9.9928E-05 9.9928E-05 9.9928E-05 9.9928E-05 9.9928E-05
9.99278E-05 9.99278E-05 0.0431578 9.99278E-05 0.107236 9.99278E-05 0.771338 9.99278E-05 9.99278E-05 9.99278E-05 0.0774687 9.99278E-05
9.9973E-05 9.9973E-05 0.0949019 9.9973E-05 0.0575653 0.223556 0.425594 0.0164852 0.0198605 0.0228828 0.132751 0.00610354
9.9928E-05 9.9928E-05 9.9928E-05 9.9928E-05 0.87506 0.0783011 0.0379647 0.00787467 9.9928E-05 9.9928E-05 9.9928E-05 9.9928E-05
0.335542 0.0288768 0.000179589 0.0810144 9.9973E-05 9.9973E-05 0.192722 0.0613012 0.132284 0.0318634 0.135917 9.9973E-05
9.9928E-05 9.9928E-05 0.0406088 9.9928E-05 0.0041317 9.9928E-05 9.9928E-05 0.830183 9.9928E-05 9.9928E-05 9.9928E-05 0.124277
9.99009E-05 9.99009E-05 9.99009E-05 9.99009E-05 9.99009E-05 9.99009E-05 9.99009E-05 9.99009E-05 9.99009E-05 9.99009E-05 9.99009E-05 0.998901
9.99011E-05 0.998901 9.99011E-05 9.99011E-05 9.99011E-05 9.99011E-05 9.99011E-05 9.99011E-05 9.99011E-05 9.99011E-05 9.99011E-05 9.99011E-05
0.00160584 9.9955E-05 0.00588278 0.0179124 0.111781 9.9955E-05 9.9955E-05 0.43058 9.9955E-05 9.9955E-05 0.118335 0.313403
9.9946E-05 0.00274565 0.0569638 9.9946E-05 0.0304394 0.0349576 9.9946E-05 0.72136 9.9946E-05 9.9946E-05 9.9946E-05 0.152934
9.9928E-05 9.9928E-05 0.0260374 9.9928E-05 0.581175 0.0476693 9.9928E-05 0.344319 9.9928E-05 9.9928E-05 9.9928E-05 9.9928E-05
9.9946E-05 0.0170526 0.0304835 9.9946E-05 0.0393731 0.0499863 9.9946E-05 0.817228 9.9946E-05 9.9946E-05 9.9946E-05 0.0452772
9.9955E-05 0.0456326 0.566438 0.00102936 9.9955E-05 9.9955E-05 0.0883026 0.115748 9.9955E-05 0.0471109 9.9955E-05 0.135238
0.0096925 0.00391131 9.9928E-05 9.9928E-05 9.9928E-05 9.9928E-05 9.9928E-05 0.669438 9.9928E-05 9.9928E-05 9.9928E-05 0.316159
0.258429 0.0918853 0.0633116 9.99459E-05 9.99459E-05 9.99459E-05 0.485052 0.0977809 9.99459E-05 9.99459E-05 9.99459E-05 0.0029414
0.0859527 9.9973E-05 0.195698 9.9973E-05 0.0829529 0.0295078 0.513027 0.00614599 9.9973E-05 0.0262607 0.0250982 0.0350566
0.156069 0.0191246 0.117835 9.9973E-05 0.0696055 0.211728 0.230472 0.149504 9.9973E-05 9.9973E-05 0.0158324 0.0295296
9.9964E-05 0.026513 0.02108 0.0230843 9.9964E-05 0.028975 0.0100374 0.778178 9.9964E-05 9.9964E-05 0.00971819 0.102014
9.9928E-05 0.0203901 9.9928E-05 0.84309 9.9928E-05 9.9928E-05 0.01047 9.9928E-05 0.125251 9.9928E-05 9.9928E-05 9.9928E-05
9.9937E-05 9.9937E-05 0.949551 0.00516674 9.9937E-05 0.0266489 0.0105337 9.9937E-05 9.9937E-05 9.9937E-05 0.00740023 9.9937E-05
0.313868 0.060258 0.0405744 9.9937E-05 9.9937E-05 9.9937E-05 0.484723 0.0998771 9.9937E-05 9.9937E-05 9.9937E-05 9.9937E-05
9.9937E-05 9.9937E-05 0.911801 9.9937E-05 0.0174473 0.0242808 0.0304104 9.9937E-05 9.9937E-05 9.9937E-05 0.0153606 9.9937E-05
0.159956 9.9928E-05 9.9928E-05 0.768388 9.9928E-05 9.9928E-05 9.9928E-05 9.9928E-05 0.0610426 9.9928E-05 0.00981387 9.9928E-05
9.9928E-05 0.00424187 9.9928E-05 9.9928E-05 0.945376 0.0300524 9.9928E-05 9.9928E-05 9.9928E-05 9.9928E-05 9.9928E-05 0.0195306
9.99281E-05 0.959637 9.99281E-05 9.99281E-05 0.0216413 9.99281E-05 9.99281E-05 9.99281E-05 0.0170481 0.000874223 9.99281E-05 9.99281E-05
0.0544903 0.686057 0.00680691 9.9973E-05 0.0580799 9.9973E-05 0.0268689 0.0393203 0.117984 0.00221946 9.9973E-05 0.00787338
9.99281E-05 0.0178107 9.99281E-05 9.99281E-05 0.0453201 9.99281E-05 9.99281E-05 0.93246 9.99281E-05 9.99281E-05 9.99281E-05 0.0036093
9.9955E-05 0.0364701 0.245254 9.9955E-05 0.100951 0.356872 9.9955E-05 0.225046 9.9955E-05 9.9955E-05 0.00333185 0.0315744
9.9901E-05 9.9901E-05 9.9901E-05 9.9901E-05 0.998901 9.9901E-05 9.9901E-05 9.9901E-05 9.9901E-05 9.9901E-05 9.9901E-05 9.9901E-05
9.991E-05 9.991E-05 9.991E-05 9.991E-05 0.990678 9.991E-05 9.991E-05 9.991E-05 9.991E-05 9.991E-05 0.00832331 9.991E-05
9.99639E-05 9.99639E-05 0.276761 0.0376742 0.0902547 0.379379 9.99639E-05 9.99639E-05 0.0580065 0.0452294 0.110581 0.0017139
0.00669504 0.0118473 0.330313 9.9964E-05 0.0659525 0.291614 9.9964E-05 0.260279 9.9964E-05 9.9964E-05 0.00306431 0.0298345
0.144186 9.9928E-05 0.00588743 0.805961 9.9928E-05 9.9928E-05 9.9928E-05 9.9928E-05 9.9928E-05 9.9928E-05 0.0431661 9.9928E-05
0.998901 9.99007E-05 9.99007E-05 9.99007E-05 9.99007E-05 9.99007E-05 9.99007E-05 9.99007E-05 9.99007E-05 9.99007E-05 9.99007E-05 9.99007E-05
0.255709 9.9928E-05 9.9928E-05 0.443453 9.9928E-05 9.9928E-05 9.9928E-05 9.9928E-05 0.104497 0.195541 9.9928E-05 9.9928E-05
0.450346 0.0495743 9.9946E-05 9.9946E-05 9.9946E-05 0.0181188 9.9946E-05 0.00841971 0.192172 0.280769 9.9946E-05 9.9946E-05
0.492741 0.0466277 9.9955E-05 9.9955E-05 9.9955E-05 0.034732 9.9955E-05 0.0148009 0.146275 0.261652 0.00267186 9.9955E-05
0.373691 9.9946E-05 9.9946E-05 0.169877 0.00877072 9.9946E-05 9.9946E-05 9.9946E-05 0.264426 0.173916 9.9946E-05 0.00871984
0.998901 9.99007E-05 9.99007E-05 9.99007E-05 9.99007E-05 9.99007E-05 9.99007E-05 9.99007E-05 9.99007E-05 9.99007E-05 9.99007E-05 9.99007E-05
0.392167 0.0346807 0.000999006 0.0493525 9.9964E-05 9.9964E-05 9.9964E-05 9.9964E-05 0.147037 0.299276 0.00716869 0.0689187
0.379507 9.9937E-05 9.9937E-05 0.092245 9.9937E-05 9.9937E-05 9.9937E-05 9.9937E-05 0.35336 0.145076 9.9937E-05 0.0291127
0.546289 0.0338641 0.0129277 9.99549E-05 0.043958 0.0182539 0.311895 0.0323132 9.99549E-05 9.99549E-05 9.99549E-05 9.99549E-05
0.320559 9.9946E-05 9.9946E-05 0.23451 9.9946E-05 9.9946E-05 9.9946E-05 9.9946E-05 0.235553 0.164189 0.00852915 0.0360606
0.544417 0.0366715 9.99729E-05 9.99729E-05 0.00735649 0.0236895 0.269075 0.0849726 9.99729E-05 0.0175129 0.0130479 0.00295754
9.9928E-05 9.9928E-05 0.129108 9.9928E-05 0.133922 9.9928E-05 0.661297 9.9928E-05 9.9928E-05 9.9928E-05 0.0748732 9.9928E-05
9.99369E-05 0.00372892 9.99369E-05 9.99369E-05 0.00619387 0.00900818 0.0427015 9.99369E-05 9.99369E-05 9.99369E-05 0.937668 9.99369E-05
0.385116 0.0450099 0.0318624 0.177233 0.00750031 0.00748726 0.0402424 9.9991E-05 0.189551 0.0892713 0.0144231 0.0122038
0.334299 0.00447025 0.0755929 0.158285 0.00548751 0.0222916 0.113654 9.9991E-05 0.137125 0.12074 0.0191874 0.00876717
0.998901 9.99008E-05 9.99008E-05 9.99008E-05 9.99008E-05 9.99008E-05 9.99008E-05 9.99008E-05 9.99008E-05 9.99008E-05 9.99008E-05 9.99008E-05
0.400777 0.00846389 9.99369E-05 0.199529 9.99369E-05 9.99369E-05 9.99369E-05 9.99369E-05 0.219948 0.170583 9.99369E-05 9.99369E-05
0.00198121 0.0219577 0.857042 9.99461E-05 9.99461E-05 9.99461E-05 0.0281011 0.0776533 0.0126651 9.99461E-05 9.99461E-05 9.99461E-05
0.102788 9.9928E-05 0.0234256 0.846528 9.9928E-05 9.9928E-05 9.9928E-05 9.9928E-05 9.9928E-05 9.9928E-05 0.0264594 9.9928E-05
0.525401 0.0173102 9.9946E-05 9.9946E-05 9.9946E-05 0.0346666 9.9946E-05 9.9946E-05 0.136937 0.266095 9.9946E-05 0.0189906
0.423052 9.99461E-05 9.99461E-05 0.219799 9.99461E-05 9.99461E-05 9.99461E-05 9.99461E-05 0.262891 0.0617983 0.0176303 0.0142292
0.428689 0.0403374 9.9946E-05 0.0571302 9.9946E-05 9.9946E-05 9.9946E-05 9.9946E-05 0.182337 0.274653 9.9946E-05 0.0162537
0.373664 0.0453119 9.9946E-05 0.0541725 9.9946E-05 9.9946E-05 9.9946E-05 9.9946E-05 0.24265 0.2519 0.0317015 9.9946E-05
0.00684611 9.9946E-05 9.9946E-05 9.9946E-05 0.023791 9.9946E-05 9.9946E-05 0.0701515 9.9946E-05 0.00401256 0.0417151 0.852884
9.9982E-05 0.0451435 0.461376 9.9982E-05 0.00406552 0.00957107 0.0619907 0.151959 0.00336486 0.0447288 0.00839648 0.209203
0.1361 9.9928E-05 9.9928E-05 0.748928 9.9928E-05 9.9928E-05 9.9928E-05 9.9928E-05 0.0601721 0.0540007 9.9928E-05 9.9928E-05
9.991E-05 9.991E-05 0.96634 9.991E-05 9.991E-05 9.991E-05 0.0326611 9.991E-05 9.991E-05 9.991E-05 9.991E-05 9.991E-05
9.9937E-05 9.9937E-05 9.9937E-05 0.021899 9.9937E-05 0.0261471 9.9937E-05 0.0492658 9.9937E-05 9.9937E-05 0.0576411 0.844347
0.0385225 0.0190414 0.00923394 9.9946E-05 9.9946E-05 9.9946E-05 0.906513 9.9946E-05 0.0224908 9.9946E-05 0.0035983 9.9946E-05
9.99101E-05 0.0036591 9.99101E-05 0.995342 9.99101E-05 9.99101E-05 9.99101E-05 9.99101E-05 9.99101E-05 9.99101E-05 9.99101E-05 9.99101E-05
9.9919E-05 0.017084 9.9919E-05 0.980003 9.9919E-05 9.9919E-05 0.00201332 9.9919E-05 9.9919E-05 9.9919E-05 9.9919E-05 9.9919E-05
9.9946E-05 0.0372286 0.0157411 0.875375 0.012652 9.9946E-05 9.9946E-05 9.9946E-05 0.0196188 0.0387845 9.9946E-05 9.9946E-05
9.9919E-05 9.9919E-05 9.9919E-05 0.975575 9.9919E-05 9.9919E-05 9.9919E-05 9.9919E-05 0.00841647 0.0151096 9.9919E-05 9.9919E-05
9.9937E-05 9.9937E-05 9.9937E-05 0.0351497 0.662509 0.206624 0.094676 9.9937E-05 0.000341955 9.9937E-05 9.9937E-05 9.9937E-05
9.9946E-05 0.0529897 9.9946E-05 0.802779 9.9946E-05 0.00537845 9.9946E-05 0.0278228 0.0527154 9.9946E-05 9.9946E-05 0.0577153
9.99009E-05 9.99009E-05 9.99009E-05 9.99009E-05 9.99009E-05 9.99009E-05 9.99009E-05 9.99009E-05 9.99009E-05 9.99009E-05 9.99009E-05 0.998901
0.0345028 9.9937E-05 9.9937E-05 9.9937E-05 9.9937E-05 9.9937E-05 0.00987206 0.814615 9.9937E-05 9.9937E-05 0.00456605 0.135744
9.99279E-05 0.0210389 9.99279E-05 9.99279E-05 9.99279E-05 0.0610424 9.99279E-05 0.57922 9.99279E-05 9.99279E-05 9.99279E-05 0.337899
9.99281E-05 0.0158472 9.99281E-05 9.99281E-05 9.99281E-05 0.00641478 9.99281E-05 0.774169 9.99281E-05 9.99281E-05 9.99281E-05 0.202769
9.9937E-05 0.0175968 0.0463171 9.9937E-05 9.9937E-05 0.0246032 9.9937E-05 0.683212 9.9937E-05 9.9937E-05 9.9937E-05 0.227571
0.430939 0.0519611 9.9946E-05 9.9946E-05 9.9946E-05 9.9946E-05 9.9946E-05 0.0111937 0.0454245 0.411334 9.9946E-05 0.0485478
0.433214 0.0629129 0.0146037 9.9964E-05 0.0126039 9.9964E-05 9.9964E-05 0.0152509 0.0365192 0.382141 9.9964E-05 0.0423545
0.0159755 9.9955E-05 0.0100543 9.9955E-05 0.0217561 0.015384 0.0202688 0.0297663 9.9955E-05 0.886295 9.9955E-05 9.9955E-05
9.9928E-05 9.9928E-05 9.9928E-05 0.0798923 9.9928E-05 9.9928E-05 9.9928E-05 0.0403577 0.0149497 0.864001 9.9928E-05 9.9928E-05
9.9946E-05 0.0107495 9.9946E-05 0.0193377 9.9946E-05 9.9946E-05 9.9946E-05 9.9946E-05 0.00101869 0.910791 0.0353983 0.0221047
0.00656464 0.0274898 0.0948661 9.9955E-05 0.0693212 9.9955E-05 0.488784 9.9955E-05 9.9955E-05 0.281389 0.0310849 9.9955E-05
0.017482 0.0117943 0.0480439 9.9937E-05 0.00479999 9.9937E-05 9.9937E-05 9.9937E-05 9.9937E-05 0.91718 9.9937E-05 9.9937E-05
