0.170161 0.502963 9.9991E-05 0.326776
0.0834026 0.265987 0.0126982 0.637912
0.0982869 0.260952 0.0280817 0.612679
0.157304 0.509016 9.9991E-05 0.33358
9.998E-05 9.998E-05 9.998E-05 0.9997
0.0776247 0.231873 0.0845305 0.605972
0.580081 0.404768 0.00482949 0.0103215
0.9997 9.998E-05 9.998E-05 9.998E-05
0.9997 9.998E-05 9.998E-05 9.998E-05
0.9997 9.998E-05 9.998E-05 9.998E-05
9.9991E-05 0.895421 0.071289 0.0331901
9.9982E-05 0.918246 0.0815536 9.9982E-05
9.9982E-05 0.901627 0.098173 9.9982E-05
9.9982E-05 0.948714 0.0510858 9.9982E-05
0.0577426 0.0057412 0.90212 0.0343961
0.9997 9.998E-05 9.998E-05 9.998E-05
0.122786 0.846725 9.9991E-05 0.0303887
0.00844428 0.0530488 0.938407 9.9991E-05
0.0566686 0.273256 0.643507 0.0265683
0.00129356 0.515628 0.482979 9.9991E-05
0.064954 0.0382807 0.896665 9.9991E-05
9.9982E-05 0.772358 0.227442 9.9982E-05
9.9982E-05 0.0387132 0.961087 9.9982E-05
9.9982E-05 0.753492 0.246308 9.9982E-05
9.9982E-05 0.822375 0.177425 9.9982E-05
9.9982E-05 0.012608 0.987192 9.9982E-05
9.9982E-05 0.0540331 0.945767 9.9982E-05
9.9991E-05 0.231311 0.717723 0.0508659
0.021594 9.9982E-05 0.978206 9.9982E-05
9.9982E-05 0.00730624 0.992494 9.9982E-05
9.9982E-05 0.825515 0.174285 9.9982E-05
9.9982E-05 0.92594 0.0738599 9.9982E-05
9.9991E-05 0.0362027 0.961075 0.00262248
9.9982E-05 0.716564 0.283236 9.9982E-05
9.998E-05 9.998E-05 0.9997 9.998E-05
9.9982E-05 0.836424 0.163377 9.9982E-05
9.9982E-05 0.0378975 0.961902 9.9982E-05
9.9982E-05 0.813329 0.186471 9.9982E-05
0.189929 0.387277 9.9991E-05 0.422694
9.998E-05 9.998E-05 9.998E-05 0.9997
9.9991E-05 0.919397 0.0032582 0.0772445
9.9982E-05 0.00361839 0.996182 9.9982E-05
9.9982E-05 0.811074 0.188726 9.9982E-05
0.0712649 0.365056 9.9991E-05 0.563579
0.0828276 0.296942 0.62013 9.9991E-05
0.0150363 0.536412 0.448452 9.9991E-05
0.0444057 0.0177876 0.905735 0.0320715
0.0392827 0.177815 0.089711 0.693192
0.134735 0.0970665 0.0645624 0.703636
0.219127 0.698034 9.9991E-05 0.0827389
0.153721 0.784073 9.9991E-05 0.0621052
0.146052 0.758544 9.9991E-05 0.0953049
0.19692 0.733538 9.9991E-05 0.0694426
0.953599 9.9991E-05 0.023437 0.022864
0.963465 0.0363355 9.9982E-05 9.9982E-05
0.0471237 0.872101 0.080675 9.9991E-05
9.9982E-05 0.830964 0.168836 9.9982E-05
0.120592 0.274513 0.257255 0.34764
9.998E-05 9.998E-05 9.998E-05 0.9997
0.0445709 0.053398 0.0420615 0.85997
0.0836281 0.848288 9.9991E-05 0.0679836
0.121732 0.768537 9.9991E-05 0.109631
0.127096 0.746795 9.9991E-05 0.126008
0.992147 0.00765302 9.9982E-05 9.9982E-05
9.998E-05 9.998E-05 9.998E-05 0.9997
0.100202 0.846956 9.9991E-05 0.052742
0.216695 0.476438 9.9991E-05 0.306767
9.9982E-05 0.854713 0.145087 9.9982E-05
9.9982E-05 0.881175 0.118625 9.9982E-05
0.843311 0.0337177 0.0620963 0.0608754
0.845783 0.0776114 0.0568397 0.0197664
0.906688 0.0806807 0.0125318 9.9991E-05
0.990987 9.9982E-05 9.9982E-05 0.00881273
0.9997 9.998E-05 9.998E-05 9.998E-05
0.9997 9.998E-05 9.998E-05 9.998E-05
0.9997 9.998E-05 9.998E-05 9.998E-05
0.984873 9.9982E-05 0.0149271 9.9982E-05
0.984248 0.0021466 9.9991E-05 0.013505
0.9997 9.998E-05 9.998E-05 9.998E-05
0.941749 0.014696 0.0364869 0.00706843
0.957372 0.0313976 0.0111306 9.9991E-05
0.970458 9.9991E-05 0.014491 0.014951
0.562994 9.9982E-05 0.436806 9.9982E-05
0.553788 9.9982E-05 0.446012 9.9982E-05
0.9997 9.998E-05 9.998E-05 9.998E-05
0.99912 0.000679943 9.9982E-05 9.9982E-05
0.977169 0.0101126 0.0126182 9.9991E-05
0.950167 9.9991E-05 0.0467743 0.00295835
0.9997 9.998E-05 9.998E-05 9.998E-05
0.553376 9.9982E-05 0.446424 9.9982E-05
0.903218 0.0208552 0.067909 0.0080182
0.949053 0.0275489 0.0134368 0.00996175
0.99638 9.9982E-05 9.9982E-05 0.00342038
0.998374 9.9982E-05 9.9982E-05 0.00142577
0.923284 0.0542005 0.0106415 0.0118739
0.995934 9.9982E-05 0.00386646 9.9982E-05
9.9991E-05 0.174093 0.633488 0.192319
0.953711 9.9991E-05 0.0384438 0.00774553
0.988627 9.9982E-05 0.0111727 9.9982E-05
0.763917 0.0464767 0.0838493 0.105757
0.9997 9.998E-05 9.998E-05 9.998E-05
0.9997 9.998E-05 9.998E-05 9.998E-05
0.991922 0.00787829 9.9982E-05 9.9982E-05
0.971506 9.9982E-05 0.028294 9.9982E-05
0.0306647 9.9982E-05 0.969135 9.9982E-05
0.9997 9.998E-05 9.998E-05 9.998E-05
0.991775 9.9982E-05 0.00802528 9.9982E-05
0.9997 9.998E-05 9.998E-05 9.998E-05
9.9991E-05 0.324727 0.6718 0.00337356
0.942638 9.9991E-05 0.0286344 0.0286272
0.961226 0.0385738 9.9982E-05 9.9982E-05
0.993505 9.9982E-05 0.00629523 9.9982E-05
0.9997 9.998E-05 9.998E-05 9.998E-05
0.0306723 0.254239 0.714989 9.9991E-05
0.9997 9.998E-05 9.998E-05 9.998E-05
0.959657 0.0091857 0.00519881 0.025958
0.518057 9.9982E-05 0.481743 9.9982E-05
0.9997 9.998E-05 9.998E-05 9.998E-05
9.9982E-05 0.664833 0.334967 9.9982E-05
9.9982E-05 0.608278 0.391522 9.9982E-05
9.9982E-05 0.818617 0.181183 9.9982E-05
0.0314628 0.0276168 0.927835 0.013085
0.155746 0.729843 9.9991E-05 0.114311
9.9982E-05 0.764587 0.235213 9.9982E-05
0.0166967 0.674855 0.258493 0.0499556
9.9982E-05 0.69932 0.30048 9.9982E-05
9.9991E-05 0.606468 0.381721 0.0117107
9.9982E-05 0.675248 0.324552 9.9982E-05
9.9991E-05 0.537448 0.399741 0.0627114
0.0193994 0.504186 0.454174 0.0222411
9.9982E-05 0.871847 0.127953 9.9982E-05
9.9991E-05 0.880804 0.116702 0.00239379
9.9982E-05 0.870564 0.129237 9.9982E-05
0.0710607 0.0720801 0.822313 0.0345458
0.0907851 0.0288601 0.0805719 0.799783
0.11713 0.0049786 0.0741444 0.803747
0.00815076 0.0836801 9.9991E-05 0.908069
0.148205 0.417378 0.346106 0.0883105
0.112206 0.0592674 0.0522584 0.776268
0.0957443 0.0477143 0.0870306 0.769511
0.0986174 0.575817 0.24019 0.0853759
0.0614016 0.00837934 0.0543474 0.875872
0.0710429 0.0403401 0.0906476 0.797969
0.0572086 0.0567474 0.0467317 0.839312
0.123437 0.0677656 0.134641 0.674156
0.129829 0.0628717 0.0972981 0.710002
0.0247079 0.0760663 0.0950297 0.804196
0.145375 0.732972 9.9991E-05 0.121554
0.00293682 9.9991E-05 0.0271218 0.969841
0.0410792 0.015898 0.942923 9.9991E-05
0.0274456 9.9991E-05 0.970073 0.0023814
9.9982E-05 0.00164801 9.9982E-05 0.998152
0.192807 0.270463 0.26881 0.26792
0.115523 0.748831 0.0170637 0.118582
9.9991E-05 0.87023 0.0428798 0.0867899
0.0218955 0.117981 0.841822 0.0183015
0.0337291 0.668198 0.0673228 0.23075
0.0968072 0.756848 0.0168327 0.129512
0.0949519 0.0773582 0.112128 0.715562
0.125402 0.793811 9.9991E-05 0.0806871
0.227218 0.423111 0.135927 0.213743
0.021424 9.9982E-05 0.978376 9.9982E-05
0.0425379 0.0216326 0.0359394 0.89989
9.9991E-05 0.525536 0.0251304 0.449234
9.9991E-05 0.00929054 0.00110619 0.989503
0.07506 0.683498 0.0664228 0.175019
9.998E-05 9.998E-05 9.998E-05 0.9997
0.071995 0.84644 9.9991E-05 0.0814654
9.9991E-05 0.0686534 0.0374015 0.893845
9.9982E-05 0.0880841 9.9982E-05 0.911716
0.00865912 0.0183172 0.88317 0.0898538
0.0478412 0.177145 0.462618 0.312396
0.0379713 0.469177 0.387649 0.105203
0.160706 0.0582729 0.136154 0.644867
0.164994 0.0772104 0.0891969 0.668598
0.174288 0.0354132 0.167551 0.622747
0.175657 0.0613855 0.171472 0.591485
9.998E-05 9.998E-05 0.9997 9.998E-05
0.00967566 0.00385038 0.955957 0.0305172
0.0511315 0.117861 0.822526 0.0084816
0.112882 0.0907416 0.0463941 0.749982
0.174776 0.334293 0.214436 0.276495
0.236989 0.196687 0.413726 0.152598
0.056021 0.0726313 0.835283 0.0360643
0.114476 0.108555 0.705219 0.0717498
0.0837707 9.9991E-05 0.821009 0.0951201
0.208504 0.0867379 0.55875 0.146009
0.190767 0.603375 9.9991E-05 0.205758
9.9982E-05 0.87465 0.12515 9.9982E-05
0.040129 0.615956 0.343815 9.9991E-05
9.998E-05 9.998E-05 9.998E-05 0.9997
9.9982E-05 0.02585 9.9982E-05 0.97395
9.9991E-05 0.0403651 0.00924103 0.950294
0.0777884 0.147231 9.9991E-05 0.774881
0.146179 0.277327 0.0208774 0.555617
0.141697 0.258496 0.037227 0.56258
0.0267886 9.9991E-05 0.94452 0.0285912
0.0496365 0.0160404 0.871819 0.0625042
0.00578061 9.9982E-05 0.994019 9.9982E-05
0.104856 0.819179 9.9991E-05 0.0758651
9.998E-05 9.998E-05 9.998E-05 0.9997
9.998E-05 9.998E-05 9.998E-05 0.9997
9.998E-05 9.998E-05 9.998E-05 0.9997
9.9982E-05 0.00313686 9.9982E-05 0.996663
0.0121835 9.9991E-05 0.00697196 0.980745
9.9991E-05 0.916195 0.0211779 0.0625269
0.180908 0.069725 0.111466 0.637901
0.0971523 0.856984 9.9991E-05 0.0457638
9.9982E-05 0.926452 9.9982E-05 0.0733482
9.9991E-05 0.0972401 0.808414 0.094246
9.998E-05 0.9997 9.998E-05 9.998E-05
9.998E-05 0.9997 9.998E-05 9.998E-05
9.9982E-05 0.995361 0.00443905 9.9982E-05
9.998E-05 9.998E-05 9.998E-05 0.9997
9.998E-05 9.998E-05 9.998E-05 0.9997
0.0482122 0.248046 0.0598244 0.643918
0.00079827 9.9982E-05 9.9982E-05 0.999002
9.998E-05 9.998E-05 9.998E-05 0.9997
9.9982E-05 0.544641 9.9982E-05 0.455159
9.9982E-05 9.9982E-05 0.00115664 0.998643
9.9982E-05 9.9982E-05 0.0354068 0.964393
0.147858 0.290376 0.0785687 0.483197
0.108691 0.828331 9.9991E-05 0.0628771
9.9982E-05 0.115429 9.9982E-05 0.884371
0.443832 0.0299156 0.343946 0.182307
9.9991E-05 0.15119 0.00195686 0.846753
9.998E-05 9.998E-05 9.998E-05 0.9997
9.9991E-05 0.925588 0.0540235 0.0202887
9.9991E-05 0.680787 0.0251319 0.293981
0.121071 0.856004 9.9991E-05 0.0228246
0.207343 0.620395 9.9991E-05 0.172162
9.9982E-05 0.792585 0.207215 9.9982E-05
0.180149 0.75896 9.9991E-05 0.0607904
0.0811349 0.835167 9.9991E-05 0.0835978
0.0607778 0.844964 9.9991E-05 0.0941578
0.197778 0.719537 9.9991E-05 0.082585
0.101237 0.749125 0.00976308 0.139875
0.112235 0.850092 9.9991E-05 0.0375731
0.155922 0.246253 0.13083 0.466995
9.9982E-05 0.00545835 0.994342 9.9982E-05
9.9991E-05 0.110678 0.794348 0.0948747
0.9997 9.998E-05 9.998E-05 9.998E-05
9.9991E-05 0.182488 0.703768 0.113644
0.00973004 0.0783436 0.911826 9.9991E-05
0.0332039 0.586079 0.338866 0.0418513
0.0293615 0.0627093 0.907829 9.9991E-05
0.0410366 0.563957 0.376588 0.018419
9.9982E-05 9.9982E-05 0.991457 0.00834262
0.275525 0.442306 0.154901 0.127269
0.110166 0.715705 0.0594988 0.11463
0.0905641 0.591489 0.227761 0.090186
0.0118085 0.0267056 0.932565 0.0289205
9.998E-05 9.998E-05 9.998E-05 0.9997
9.9982E-05 0.826425 0.173375 9.9982E-05
0.230473 0.424865 0.175281 0.169381
9.9982E-05 0.848613 0.151187 9.9982E-05
9.998E-05 9.998E-05 9.998E-05 0.9997
0.12168 0.821683 9.9991E-05 0.0565364
0.983605 0.00819783 9.9991E-05 0.0080976
0.738507 0.059761 0.103261 0.0984713
9.998E-05 9.998E-05 0.9997 9.998E-05
0.0218491 0.634237 0.343814 9.9991E-05
0.108967 0.855489 9.9991E-05 0.0354449
0.0857791 0.874485 9.9991E-05 0.0396357
9.9991E-05 0.752484 0.0786564 0.16876
9.9982E-05 0.616064 0.383736 9.9982E-05
9.9982E-05 0.0039753 9.9982E-05 0.995825
0.144099 0.259761 0.0333042 0.562836
0.0271906 0.046505 0.00335638 0.922948
0.190799 0.0657517 0.145419 0.59803
0.191011 0.108043 0.131458 0.569488
0.0969722 0.0496122 0.0964232 0.756992
0.138968 0.294775 0.000754467 0.565502
0.155021 0.106892 0.0971322 0.640955
0.0689812 0.0582098 0.0991612 0.773648
0.201487 0.393778 0.0935245 0.31121
0.0573845 0.0505295 0.0926619 0.799424
0.202744 0.345312 0.130278 0.321666
0.174562 0.759239 9.9991E-05 0.0660992
0.194179 0.478097 0.01847 0.309254
0.103563 0.212722 0.036617 0.647098
0.124329 0.226185 0.0688449 0.580641
0.156913 0.284415 0.0181844 0.540488
0.104464 0.0824104 0.0470018 0.766124
9.9982E-05 0.726716 0.273084 9.9982E-05
9.9982E-05 0.0042013 9.9982E-05 0.995599
0.167065 0.118312 0.145655 0.568969
0.101409 0.037649 0.0824031 0.778539
0.156738 0.0368025 0.133687 0.672772
0.142369 0.0764652 0.0832188 0.697947
0.00800199 0.127976 0.764752 0.0992692
0.0445557 0.47505 0.441757 0.0386378
0.00862009 9.9982E-05 9.9982E-05 0.99118
9.9982E-05 0.817633 0.182167 9.9982E-05
9.9991E-05 0.1735 0.731982 0.0944177
0.233191 0.617193 9.9991E-05 0.149516
9.998E-05 9.998E-05 9.998E-05 0.9997
9.998E-05 9.998E-05 9.998E-05 0.9997
0.000765448 0.0189935 9.9991E-05 0.980141
9.998E-05 9.998E-05 9.998E-05 0.9997
0.0946597 0.807238 9.9991E-05 0.0980019
0.00971742 9.9991E-05 0.0654064 0.924776
0.0128516 0.119581 0.765662 0.101905
9.9982E-05 9.9982E-05 0.997941 0.00185947
0.0313018 0.00791573 0.94537 0.0154129
0.00395012 9.9991E-05 0.99176 0.00418945
0.0300556 0.0133979 0.956447 9.9991E-05
0.212212 0.0693227 0.19576 0.522706
0.229442 0.102439 0.153497 0.514622
0.184249 0.0754952 0.183288 0.556968
0.15422 9.9991E-05 0.156794 0.688886
0.176892 0.0168041 0.135606 0.670698
0.212648 0.472104 0.0632636 0.251984
0.17996 0.0598542 0.13837 0.621815
0.011116 0.390746 0.247617 0.350521
0.185502 0.034797 0.117357 0.662344
0.156516 9.9991E-05 0.107208 0.736176
0.195646 9.9991E-05 0.126019 0.678235
0.0929337 0.028622 0.125281 0.753163
0.20175 0.0230099 0.082609 0.692631
0.190437 9.9991E-05 0.146354 0.663109
9.9982E-05 0.745222 0.254578 9.9982E-05
0.0312298 0.598651 0.349355 0.0207637
0.0290667 0.188491 0.761149 0.021293
0.0328978 0.0377716 0.929231 9.9991E-05
0.142447 0.724758 0.0354988 0.097297
0.0754551 0.0429751 0.850181 0.0313892
9.9982E-05 0.835715 0.164085 9.9982E-05
9.9982E-05 0.805081 0.194719 9.9982E-05
0.16527 0.746148 9.9991E-05 0.0884818
0.0862499 0.0476298 0.803918 0.0622022
0.143226 0.208626 0.57228 0.0758677
0.245014 0.577479 0.0634255 0.114082
0.195215 0.696708 9.9991E-05 0.107977
0.154161 0.672027 0.0538014 0.120011
9.9991E-05 0.591762 0.325999 0.0821389
0.176671 0.730847 9.9991E-05 0.0923823
9.9982E-05 0.839089 0.160711 9.9982E-05
0.21441 0.607212 9.9991E-05 0.178278
0.2334 0.61142 9.9991E-05 0.15508
0.157497 0.26432 9.9991E-05 0.578083
0.176986 0.734006 9.9991E-05 0.0889076
0.191964 0.739122 9.9991E-05 0.0688138
0.164121 0.747085 9.9991E-05 0.0886939
0.236663 0.396215 0.192788 0.174334
9.9982E-05 0.729217 0.270583 9.9982E-05
9.9991E-05 0.853552 0.142665 0.00368298
9.9982E-05 0.874076 0.125724 9.9982E-05
9.9982E-05 0.746724 0.253076 9.9982E-05
9.9982E-05 0.0206594 9.9982E-05 0.979141
0.0907971 0.234201 0.0449698 0.630032
0.0231948 0.114778 0.849818 0.0122092
0.0411817 0.58072 0.369284 0.00881424
0.206492 0.486293 0.00412062 0.303095
0.187276 0.492455 9.9991E-05 0.320169
0.0110743 9.9991E-05 0.934509 0.0543163
0.00101566 0.167415 0.754884 0.0766857
0.0594442 0.359788 0.0616369 0.519131
0.0245957 0.741413 0.0440955 0.189896
9.9982E-05 0.129405 0.870395 9.9982E-05
0.235214 0.306768 0.284083 0.173934
0.196559 0.506064 9.9991E-05 0.297277
0.254923 0.408994 0.182774 0.153308
0.212308 0.339183 0.27259 0.175918
0.0691267 9.9982E-05 0.930673 9.9982E-05
9.9982E-05 9.9982E-05 0.97826 0.0215401
0.00203135 9.9982E-05 0.997769 9.9982E-05
0.0306356 0.0514582 0.8979 0.0200057
0.0163737 9.9982E-05 0.983426 9.9982E-05
9.9982E-05 0.0436399 0.95616 9.9982E-05
0.203615 0.0897905 0.570636 0.135959
0.207121 0.216285 0.321327 0.255268
9.998E-05 9.998E-05 0.9997 9.998E-05
0.222248 0.30737 0.260972 0.20941
0.202913 0.439498 0.159748 0.197841
0.099773 0.0117057 0.0360175 0.852504
0.0797439 0.0417626 0.0685501 0.809943
0.0860293 0.0345845 0.0611908 0.818195
0.0954732 0.0157242 0.0507195 0.838083
0.0978435 0.0027206 0.0761901 0.823246
0.0967022 0.0357835 0.0459064 0.821608
0.0896315 0.0415552 0.0255131 0.8433
0.201488 0.584829 9.9991E-05 0.213583
0.218505 0.653708 9.9991E-05 0.127687
0.139335 0.330026 0.00393558 0.526703
0.146394 0.316565 9.9991E-05 0.536941
0.017382 0.0126149 0.901607 0.068396
0.0699432 0.0297033 0.825031 0.0753221
9.998E-05 9.998E-05 0.9997 9.998E-05
9.998E-05 9.998E-05 9.998E-05 0.9997
9.998E-05 9.998E-05 9.998E-05 0.9997
9.998E-05 9.998E-05 9.998E-05 0.9997
9.998E-05 9.998E-05 9.998E-05 0.9997
9.9991E-05 0.432478 0.00896895 0.558453
0.0511109 0.18333 0.0748112 0.690748
0.0800467 0.049412 0.0869561 0.783585
9.998E-05 9.998E-05 9.998E-05 0.9997
9.998E-05 9.998E-05 9.998E-05 0.9997
9.998E-05 9.998E-05 9.998E-05 0.9997
9.9982E-05 9.9982E-05 0.0231172 0.976683
0.159353 0.396529 0.257684 0.186433
9.998E-05 9.998E-05 0.9997 9.998E-05
0.219392 0.559965 0.00394105 0.216702
0.0573533 0.190688 0.697457 0.0545018
0.170997 0.692789 0.0248639 0.11135
9.9982E-05 0.0408927 9.9982E-05 0.958907
0.109534 0.0460397 0.068573 0.775854
0.0182714 0.0571556 0.0368506 0.887722
0.235618 0.305961 0.272412 0.186009
0.269454 0.364933 0.142524 0.223089
0.0234809 0.337717 0.618396 0.0204055
0.134174 0.810074 9.9991E-05 0.0556524
0.202874 0.0219057 0.143209 0.632011
0.17497 9.9991E-05 0.188513 0.636417
0.199859 0.0058418 0.153383 0.640916
0.18978 0.00656462 0.0986586 0.704997
0.189899 9.9991E-05 0.158998 0.651003
0.209115 9.9991E-05 0.142152 0.648633
0.241578 0.587106 0.00321409 0.168102
0.100328 0.0613914 0.0933859 0.744895
9.9991E-05 0.0117919 0.0298567 0.958251
9.998E-05 9.998E-05 9.998E-05 0.9997
9.998E-05 9.998E-05 9.998E-05 0.9997
9.9982E-05 9.9982E-05 0.0306811 0.969119
0.190037 9.9991E-05 0.119423 0.69044
0.20378 9.9991E-05 0.144509 0.651611
0.0842083 0.0130052 0.115405 0.787381
0.128131 0.0298874 0.0959692 0.746012
0.147231 0.0141912 0.118256 0.720322
0.0703691 0.046288 0.0880008 0.795342
0.0592772 0.066107 0.3778 0.496816
0.0464606 0.102177 0.850535 0.000827293
9.9991E-05 0.15432 0.823288 0.0222921
0.0530188 0.0611876 0.885694 9.9991E-05
0.0261929 9.9991E-05 0.973521 0.000186561
0.199388 0.0653266 0.106074 0.629211
0.199925 0.022144 0.135953 0.641978
0.093022 0.033213 0.138379 0.735386
0.14785 0.0383919 0.112895 0.700863
0.194911 0.0285132 0.118676 0.6579
0.183516 0.038595 0.121713 0.656177
0.195387 9.9991E-05 0.0827188 0.721794
0.106228 0.0323422 0.0916833 0.769747
0.112604 0.793819 0.0453503 0.0482268
0.085797 0.858465 9.9991E-05 0.0556379
0.134898 0.850475 9.9991E-05 0.0145271
0.0924958 0.801758 0.0124617 0.0932849
0.0764242 0.0790853 0.0632421 0.781249
0.0410998 0.0168553 0.0898767 0.852168
0.0397873 0.0490924 0.0143172 0.896803
0.00885304 0.0690475 0.0407147 0.881385
0.213346 0.117379 0.183924 0.485351
0.0990864 0.225305 9.9991E-05 0.675509
0.186849 0.0572003 0.120769 0.635181
0.0977554 0.0559436 0.0590177 0.787283
0.0970891 0.0726601 0.0672644 0.762986
0.124912 0.320368 0.418212 0.136509
0.190274 0.517653 0.0219834 0.27009
0.0052257 0.0822005 0.912474 9.9991E-05
9.9982E-05 0.765464 0.234336 9.9982E-05
9.9982E-05 0.603319 0.396481 9.9982E-05
9.9991E-05 0.401691 0.587583 0.0106258
0.0960746 0.439066 0.372099 0.0927605
9.9982E-05 0.0440732 0.955727 9.9982E-05
9.9991E-05 0.00277864 0.991666 0.00545499
0.015815 0.00496139 0.934628 0.0445959
0.0333401 0.0100458 0.952221 0.00439274
0.170191 0.165012 0.19334 0.471458
0.121246 0.122014 0.452281 0.304458
0.0899974 0.0463501 0.320434 0.543219
0.14374 0.116969 0.112998 0.626293
0.0864853 0.255276 0.531793 0.126445
0.0311418 9.9991E-05 0.95014 0.0186183
0.0933095 0.0787008 0.0285668 0.799423
0.0994276 0.122141 0.754594 0.0238378
9.9982E-05 0.761597 0.238203 9.9982E-05
9.9982E-05 0.858174 0.141626 9.9982E-05
9.9982E-05 0.00624371 0.993556 9.9982E-05
0.57985 0.131012 0.175193 0.113946
0.00133139 0.422326 0.531739 0.0446043
9.9982E-05 0.777876 0.221924 9.9982E-05
0.056358 0.259313 0.682166 0.00216274
0.603011 0.188313 0.102629 0.106047
0.9997 9.998E-05 9.998E-05 9.998E-05
9.9991E-05 0.00838499 0.0206217 0.970893
9.9991E-05 0.79323 0.121695 0.0849747
0.185769 0.457431 0.0323925 0.324407
0.223668 0.527476 0.0198128 0.229044
0.210324 0.577467 0.0469126 0.165296
9.9982E-05 0.938983 0.0608172 9.9982E-05
9.9982E-05 0.0272367 9.9982E-05 0.972563
0.159646 0.257256 0.0608872 0.522211
0.0965755 0.862909 9.9991E-05 0.0404153
9.9982E-05 0.88332 0.11648 9.9982E-05
0.144883 0.804502 9.9991E-05 0.050515
0.215312 0.453105 0.00615966 0.325423
0.208921 0.46081 9.9991E-05 0.330169
0.024028 0.199447 0.0621312 0.714393
0.0213107 0.0675028 0.0632127 0.847974
0.136295 0.32205 0.0282643 0.513391
0.202443 0.533849 9.9991E-05 0.263608
9.9982E-05 0.851356 0.148444 9.9982E-05
9.9982E-05 0.878173 0.121627 9.9982E-05
0.202157 0.223361 0.442057 0.132425
0.0691397 0.241407 0.0561437 0.63331
0.213246 0.579528 9.9991E-05 0.207127
0.0237401 9.9991E-05 0.969047 0.0071127
0.145786 0.298087 0.0162444 0.539882
0.0856145 0.285443 0.396459 0.232484
0.210517 0.0622975 0.0897063 0.637479
0.166792 0.123953 0.565776 0.143479
0.0932272 0.811808 0.0460323 0.0489329
0.233793 0.448196 0.182982 0.135029
9.998E-05 9.998E-05 0.9997 9.998E-05
9.9991E-05 0.0154901 0.937219 0.0471912
9.9982E-05 0.856524 0.143276 9.9982E-05
9.998E-05 9.998E-05 0.9997 9.998E-05
0.129766 0.0875001 0.634298 0.148436
0.0396047 0.0429884 0.900002 0.0174054
0.0088385 0.161963 0.80672 0.0224784
0.18995 0.463289 0.0263408 0.32042
9.9982E-05 9.9982E-05 0.0161007 0.983699
9.998E-05 9.998E-05 9.998E-05 0.9997
9.9982E-05 0.756387 0.243413 9.9982E-05
9.9982E-05 0.00509346 9.9982E-05 0.994707
0.937744 9.9991E-05 0.0433755 0.0187806
0.983234 0.00738504 0.00928058 9.9991E-05
0.521061 0.0739591 0.213712 0.191268
9.9991E-05 0.0999276 0.815321 0.0846516
0.9997 9.998E-05 9.998E-05 9.998E-05
0.9997 9.998E-05 9.998E-05 9.998E-05
0.9997 9.998E-05 9.998E-05 9.998E-05
0.9997 9.998E-05 9.998E-05 9.998E-05
0.9997 9.998E-05 9.998E-05 9.998E-05
9.9982E-05 0.90027 0.09953 9.9982E-05
0.225784 0.581381 9.9991E-05 0.192735
0.12699 0.814959 0.000228076 0.0578226
0.0967808 0.87022 9.9991E-05 0.0328991
9.9982E-05 0.49533 0.50447 9.9982E-05
9.9982E-05 0.890506 0.109294 9.9982E-05
0.201212 0.591769 9.9991E-05 0.206919
0.176695 0.750488 9.9991E-05 0.0727172
0.0657638 0.833059 9.9991E-05 0.101077
0.218866 0.663923 9.9991E-05 0.11711
0.972022 0.0277777 9.9982E-05 9.9982E-05
0.0117706 0.654951 0.198636 0.134643
0.0180393 0.0910343 0.850271 0.0406555
0.0364987 0.0206302 0.914406 0.028465
0.0794926 0.101596 0.744691 0.0742204
9.9982E-05 0.810245 0.189555 9.9982E-05
0.00407153 0.901714 0.0829832 0.0112308
9.998E-05 9.998E-05 9.998E-05 0.9997
0.0634778 0.344255 0.247708 0.34456
0.0644258 0.855219 0.0173004 0.0630547
