0.143146 0.00590808 0.0444906 0.63031 0.0530093 0.123136
0.165646 0.00780931 0.0192238 0.298182 0.0454471 0.463692
0.145702 0.0255205 0.0539416 0.239333 0.0839935 0.45151
0.151796 9.9991E-05 0.0306587 0.663869 0.0191314 0.134444
0.00779364 0.00692398 0.0149705 0.00524041 0.0100026 0.955069
0.180934 0.0834185 0.014192 0.281789 0.00594482 0.433722
9.9982E-05 0.00377431 0.512657 0.374572 0.108797 9.9982E-05
9.9964E-05 9.9964E-05 0.977455 0.0221453 9.9964E-05 9.9964E-05
9.9964E-05 9.9964E-05 0.993542 9.9964E-05 9.9964E-05 0.00605813
9.996E-05 9.996E-05 0.9995 9.996E-05 9.996E-05 9.996E-05
0.0021626 9.9982E-05 9.9982E-05 0.100347 0.864193 0.033098
9.9973E-05 9.9973E-05 0.0209563 0.0359877 0.942756 9.9973E-05
9.9973E-05 9.9973E-05 0.00350638 0.0255997 0.970594 9.9973E-05
9.9964E-05 9.9964E-05 9.9964E-05 0.00864642 0.990954 9.9964E-05
0.0235686 0.876849 0.0132022 0.08618 9.9982E-05 9.9982E-05
0.00394197 9.9964E-05 0.995658 9.9964E-05 9.9964E-05 9.9964E-05
9.9964E-05 9.9964E-05 9.9964E-05 0.784937 0.214663 9.9964E-05
9.9973E-05 0.907438 0.0144937 9.9973E-05 0.0777682 9.9973E-05
0.0508024 0.616542 0.0159225 0.159135 0.157499 9.9991E-05
0.00989092 0.385328 0.00928378 9.9982E-05 0.595297 9.9982E-05
9.9982E-05 0.862769 0.0618613 0.0463913 0.0287789 9.9982E-05
0.00495204 0.0843875 0.00713105 9.9982E-05 0.903329 9.9982E-05
9.9964E-05 0.92126 9.9964E-05 9.9964E-05 0.0783403 9.9964E-05
0.0182184 0.119808 0.0134634 0.042706 0.805704 9.9991E-05
9.9973E-05 0.0530326 0.00564654 9.9973E-05 0.941021 9.9973E-05
9.9973E-05 0.961085 9.9973E-05 0.036963 0.00165188 9.9973E-05
9.9973E-05 0.901572 0.0110487 9.9973E-05 0.0870796 9.9973E-05
0.0764669 0.624162 9.9982E-05 9.9982E-05 0.294894 0.00427745
0.0207606 0.954032 0.0163039 9.9982E-05 0.00870357 9.9982E-05
9.9964E-05 0.970687 9.9964E-05 9.9964E-05 0.0289133 9.9964E-05
0.0291342 0.0367102 9.9973E-05 9.9973E-05 0.933856 9.9973E-05
9.9982E-05 0.00453426 0.000325785 0.0846764 0.910264 9.9982E-05
9.9973E-05 0.918441 9.9973E-05 9.9973E-05 0.0793634 0.00189523
9.999E-05 0.175609 0.0332253 0.024523 0.762915 0.00362725
9.9973E-05 0.980168 9.9973E-05 9.9973E-05 0.0136028 0.00592885
9.9964E-05 0.0368205 9.9964E-05 9.9964E-05 0.96278 9.9964E-05
9.9973E-05 0.915118 9.9973E-05 9.9973E-05 0.0771747 0.00740707
0.0333805 0.0354079 9.9973E-05 9.9973E-05 0.930912 9.9973E-05
0.153872 9.9982E-05 0.0248472 0.636616 9.9982E-05 0.184465
0.161903 9.9964E-05 9.9964E-05 9.9964E-05 9.9964E-05 0.837697
9.9973E-05 9.9973E-05 9.9973E-05 0.0381116 0.871371 0.0902171
9.9964E-05 0.975728 9.9964E-05 9.9964E-05 0.0238726 9.9964E-05
0.00567447 0.0628676 0.0052198 9.9982E-05 0.926038 9.9982E-05
0.413585 9.9982E-05 9.9982E-05 0.31049 0.0805394 0.195186
0.0235958 0.589011 0.0515786 0.112514 0.223201 9.9991E-05
9.9982E-05 0.379885 0.0546458 0.056602 0.508668 9.9982E-05
0.000718513 0.864383 0.039299 0.0237024 0.0536412 0.0182562
0.196471 0.094776 9.9991E-05 0.190734 0.0292071 0.488712
0.704721 9.9982E-05 0.00686535 0.104459 9.9982E-05 0.183754
9.9964E-05 9.9964E-05 0.0275039 0.972096 9.9964E-05 9.9964E-05
0.00468861 0.00388176 9.9982E-05 0.86075 0.13048 9.9982E-05
9.9991E-05 0.0301262 0.0121417 0.822007 0.124454 0.0111713
9.9973E-05 9.9973E-05 0.00475413 0.981389 0.0135573 9.9973E-05
9.9982E-05 0.00855476 0.947656 9.9982E-05 0.0287658 0.014823
0.00605893 9.9991E-05 0.96622 0.00903913 0.0125921 0.00598985
9.9973E-05 9.9973E-05 0.0690459 0.227753 0.702902 9.9973E-05
9.9973E-05 0.0598137 0.00953511 9.9973E-05 0.930351 9.9973E-05
0.07284 0.261894 0.0550742 0.357711 0.0228023 0.229679
9.9973E-05 0.0045061 9.9973E-05 0.051705 9.9973E-05 0.943489
0.403845 0.00706477 9.9982E-05 0.0519926 9.9982E-05 0.536898
0.005837 9.9973E-05 9.9973E-05 0.802474 0.191389 9.9973E-05
9.9991E-05 0.0103539 0.0022761 0.795773 0.158155 0.0333417
0.0589617 9.9991E-05 0.00217111 0.729283 0.202677 0.00680779
9.9964E-05 9.9964E-05 0.97258 0.0270197 9.9964E-05 9.9964E-05
0.0162332 9.9982E-05 0.0112898 0.038619 9.9982E-05 0.933658
9.9973E-05 0.0203044 9.9973E-05 0.728025 0.251371 9.9973E-05
0.0519325 9.9982E-05 0.0366701 0.760433 9.9982E-05 0.150764
9.9964E-05 0.0183031 9.9964E-05 9.9964E-05 0.981297 9.9964E-05
9.9973E-05 0.0160934 0.0180381 9.9973E-05 0.965569 9.9973E-05
0.0493362 0.0202441 0.80058 0.10155 9.9991E-05 0.02819
0.0273321 0.0511139 0.809056 0.109518 0.00287989 9.9991E-05
0.0215974 0.016877 0.873377 0.0768674 0.0111815 9.9991E-05
9.9973E-05 9.9973E-05 0.971335 0.0103421 9.9973E-05 0.0180225
9.9964E-05 9.9964E-05 0.987079 0.0125215 9.9964E-05 9.9964E-05
9.9964E-05 9.9964E-05 0.97589 0.0237097 9.9964E-05 9.9964E-05
9.9964E-05 0.0134368 0.986163 9.9964E-05 9.9964E-05 9.9964E-05
9.9973E-05 0.00993967 0.977785 9.9973E-05 9.9973E-05 0.0119756
9.9982E-05 9.9982E-05 0.97575 0.000790778 0.00764382 0.0156151
9.996E-05 9.996E-05 0.9995 9.996E-05 9.996E-05 9.996E-05
0.0193997 0.0341973 0.910339 0.0221261 0.0138382 9.9991E-05
0.0117035 9.9991E-05 0.919155 0.0432932 0.0137605 0.0119875
0.00790523 0.0217368 0.959422 9.9991E-05 0.00584224 0.00499334
9.9973E-05 0.432196 0.541213 9.9973E-05 0.026291 9.9973E-05
9.9973E-05 0.438874 0.556929 9.9973E-05 0.00389684 9.9973E-05
9.996E-05 9.996E-05 0.9995 9.996E-05 9.996E-05 9.996E-05
9.9964E-05 9.9964E-05 0.9342 0.0654001 9.9964E-05 9.9964E-05
9.9973E-05 9.9973E-05 0.948531 0.0459531 9.9973E-05 0.0052156
9.9982E-05 0.0425388 0.912795 9.9982E-05 0.0185467 0.0259195
9.996E-05 9.996E-05 0.9995 9.996E-05 9.996E-05 9.996E-05
9.9973E-05 0.441084 0.554495 9.9973E-05 0.00412186 9.9973E-05
0.0357248 0.0398472 0.860059 0.0169081 0.0366422 0.0108183
0.0127954 0.0227136 0.92567 0.00304072 0.0260774 0.00970248
9.9973E-05 9.9973E-05 0.954815 0.0385931 9.9973E-05 0.00629228
0.0188781 0.00504852 0.949731 0.0184099 9.9991E-05 0.0078329
9.9991E-05 0.0309337 0.888256 0.05062 0.0210487 0.00904146
9.9964E-05 9.9964E-05 0.936751 0.0628491 9.9964E-05 9.9964E-05
0.0500995 0.618862 9.9991E-05 0.206846 0.00161918 0.122473
0.0028708 0.046693 0.943505 9.9982E-05 9.9982E-05 0.00673114
9.9973E-05 0.0263375 0.96639 0.0069724 9.9973E-05 9.9973E-05
0.106491 0.0724316 0.728785 0.0544585 9.9991E-05 0.0377346
9.996E-05 9.996E-05 0.9995 9.996E-05 9.996E-05 9.996E-05
9.9964E-05 0.00763113 0.991969 9.9964E-05 9.9964E-05 9.9964E-05
0.00452612 9.9982E-05 0.969731 0.00282962 0.0227138 9.9982E-05
0.000640689 0.02983 0.965102 9.9991E-05 0.00398133 0.0003464
0.00809022 0.945146 0.0283538 9.9991E-05 0.000569265 0.017741
9.996E-05 9.996E-05 0.9995 9.996E-05 9.996E-05 9.996E-05
0.014291 9.9973E-05 0.967598 0.0178109 9.9973E-05 9.9973E-05
0.0047274 9.9964E-05 0.994873 9.9964E-05 9.9964E-05 9.9964E-05
0.0225946 0.614069 0.0152322 0.0511633 0.296841 9.9991E-05
0.00984332 0.0304553 0.924625 9.9991E-05 0.0115216 0.0234545
0.00580704 9.9982E-05 0.942667 0.0196667 0.0316594 9.9982E-05
0.00636233 0.0104761 0.965284 0.017678 9.9982E-05 9.9982E-05
9.996E-05 9.996E-05 0.9995 9.996E-05 9.996E-05 9.996E-05
9.9982E-05 0.678186 0.023231 0.0429304 0.255453 9.9982E-05
9.996E-05 9.996E-05 0.9995 9.996E-05 9.996E-05 9.996E-05
0.0228242 9.9982E-05 0.898735 0.059914 9.9982E-05 0.0183263
9.9973E-05 0.475707 0.516517 9.9973E-05 0.00747545 9.9973E-05
9.9973E-05 0.00156521 0.994882 9.9973E-05 0.00325272 9.9973E-05
9.9973E-05 0.233117 0.0194084 9.9973E-05 0.747174 9.9973E-05
9.9973E-05 0.274423 9.9973E-05 9.9973E-05 0.707812 0.0174648
0.0189761 0.0431199 9.9991E-05 0.000999662 0.907322 0.0294827
9.9982E-05 0.89024 0.0336593 9.9982E-05 0.0552185 0.0206822
0.0179573 0.0142608 0.0507775 0.748714 0.16819 9.9991E-05
9.9982E-05 0.0685351 0.0327773 9.9982E-05 0.867953 0.0305349
0.0473986 0.207815 9.9991E-05 0.275496 0.444572 0.0246176
9.9982E-05 0.198626 0.0146911 9.9982E-05 0.772871 0.0136114
0.0178099 0.285211 9.9982E-05 9.9982E-05 0.676246 0.020534
0.0160186 0.241852 0.0244626 9.9982E-05 0.717467 9.9982E-05
0.0390418 0.301393 9.9991E-05 0.0070584 0.62808 0.024326
0.05824 0.320578 0.00956234 9.9991E-05 0.583776 0.0277434
9.9982E-05 0.00137074 0.0191132 9.9982E-05 0.942273 0.0370429
0.0211764 9.9991E-05 0.0355441 0.00600163 0.928516 0.00866215
0.0331754 9.9973E-05 0.034241 9.9973E-05 0.932284 9.9973E-05
0.0759662 0.785345 0.0383908 0.0289107 0.0712868 9.9991E-05
0.53017 0.0160718 0.00186215 0.0369378 0.0150587 0.399899
0.491404 9.9982E-05 0.0308038 0.0914875 9.9982E-05 0.386105
0.112792 9.99824E-05 9.99824E-05 0.0945401 0.0283056 0.764162
0.0746238 0.331723 0.0898745 0.304629 0.191926 0.00722349
0.498535 0.000502628 0.0196149 0.108069 9.9991E-05 0.373178
0.473459 0.0134041 0.0271762 0.0970703 9.9991E-05 0.388791
9.9991E-05 0.169051 0.107225 0.168436 0.469267 0.0859214
0.406084 0.00945912 0.00875124 0.0377667 9.9991E-05 0.537838
0.403009 0.0279436 0.0272765 0.0340144 0.023745 0.484011
0.450383 9.9991E-05 0.0100815 0.0318017 0.0149246 0.492709
0.564307 0.0576937 0.0305037 0.118408 9.9991E-05 0.228988
0.618549 0.0318779 0.0276004 0.0667682 0.0113236 0.243881
0.432438 0.0237457 9.9991E-05 0.0351574 0.0438821 0.464677
0.0270144 0.0149459 9.9982E-05 0.896342 0.0614977 9.9982E-05
0.167287 0.0198817 0.0109844 0.0166334 0.00481568 0.780397
9.9982E-05 0.904765 0.0188013 0.0560846 0.0201488 9.9982E-05
0.00127224 0.930507 0.0187346 9.9991E-05 0.0283331 0.0210529
0.0180965 0.0227836 0.0109802 0.0215628 9.9991E-05 0.926477
0.118001 0.225959 0.114767 0.141358 0.202097 0.197817
0.0433436 0.0300969 9.9991E-05 0.704411 0.196695 0.0253534
0.0639875 9.9982E-05 9.9982E-05 0.0266116 0.844359 0.0648423
0.0352694 0.818818 0.000788921 0.0476875 0.0973357 9.9991E-05
0.178348 9.9982E-05 0.0426934 9.9982E-05 0.666725 0.112034
0.0602984 0.0595874 9.9982E-05 0.687248 0.192666 9.9982E-05
0.614915 0.0340738 0.0209462 0.0578078 0.0213898 0.250867
9.9973E-05 0.00636096 9.9973E-05 0.831656 0.161684 9.9973E-05
0.136413 0.155751 0.0641204 0.486277 0.0931643 0.0642754
9.9964E-05 0.981877 0.0177236 9.9964E-05 9.9964E-05 9.9964E-05
0.127677 0.00712218 0.0441008 0.0157528 0.0528115 0.752536
0.0196302 9.9982E-05 0.0013135 9.9982E-05 0.542293 0.436563
0.000989477 0.0301403 0.0117461 9.9991E-05 0.0171005 0.939924
0.0832578 0.0488882 0.0414937 0.315073 0.422154 0.0891326
9.996E-05 9.996E-05 9.996E-05 9.996E-05 9.996E-05 0.9995
9.9973E-05 9.9973E-05 9.9973E-05 0.712281 0.278872 0.00854676
9.9991E-05 0.105437 0.0210494 0.0216245 0.0298566 0.821933
9.9991E-05 0.00233251 0.0258699 0.0438106 0.0555729 0.872314
0.0173581 0.886519 0.00701599 9.9991E-05 0.0325646 0.0564425
0.187251 0.410583 0.000275352 0.122782 0.137557 0.141552
0.0375957 0.323846 0.0410758 0.10088 0.408007 0.0885955
0.830335 0.035995 0.00877952 0.0711048 0.00396024 0.0498252
0.938927 9.9973E-05 9.9973E-05 0.0171027 0.0436708 9.9973E-05
0.8941 0.0422524 0.00436511 0.0452893 0.013893 9.9991E-05
0.86359 0.0454839 0.0285019 0.00918211 0.0531421 9.9991E-05
0.0273224 0.972278 9.9964E-05 9.9964E-05 9.9964E-05 9.9964E-05
9.9982E-05 0.939739 0.00634725 0.0262472 9.9982E-05 0.0274668
0.0502034 0.790765 0.0316978 0.0648228 0.0624111 9.9991E-05
0.500372 9.9991E-05 0.00234299 0.0906052 0.0309308 0.375649
0.0964965 0.2218 0.138854 0.201545 0.177628 0.163676
0.108271 0.416151 0.149233 0.299526 0.00348503 0.0233335
0.0177016 0.78893 0.0425605 0.0426084 0.086648 0.0215516
0.0258957 0.699861 0.0999987 0.0795672 0.0655982 0.0290795
0.110679 0.772171 0.0499269 0.0554502 9.9991E-05 0.0116728
0.0398524 0.541692 0.163708 0.15252 9.9991E-05 0.102128
0.0521761 0.0404798 0.0288371 0.762359 0.0478784 0.0682696
0.00313942 0.0135067 0.00544348 0.05164 0.917254 0.00901642
0.01524 0.237628 0.062054 0.068418 0.61656 9.9991E-05
0.015893 9.9964E-05 9.9964E-05 9.9964E-05 9.9964E-05 0.983707
9.9964E-05 9.9964E-05 9.9964E-05 0.0605676 9.9964E-05 0.939033
9.9973E-05 0.0150136 9.9973E-05 0.071291 9.9973E-05 0.913396
0.339987 9.9973E-05 9.9973E-05 0.234407 9.9973E-05 0.425305
0.0887027 0.0429957 0.0514307 0.437349 9.9991E-05 0.379422
0.1025 0.02444 0.0430571 0.451606 9.9991E-05 0.378297
0.0425902 0.901619 9.9982E-05 0.0465139 9.9982E-05 0.00907671
0.0203032 0.86366 0.0151955 0.0868705 9.9991E-05 0.0138712
9.9982E-05 0.978676 0.00529308 9.9982E-05 0.0107993 0.00503177
9.9982E-05 9.9982E-05 0.0067955 0.696655 0.283459 0.012891
9.9973E-05 9.9973E-05 0.0376267 9.9973E-05 0.0131827 0.948891
9.9982E-05 0.0134314 0.00926882 9.9982E-05 0.008343 0.968757
0.0393931 0.0058652 9.9982E-05 9.9982E-05 0.012836 0.941706
0.0674068 9.9973E-05 9.9973E-05 9.9973E-05 0.041492 0.890801
0.0476256 0.00772825 0.0230942 9.9991E-05 0.0247681 0.896684
9.9973E-05 9.9973E-05 9.9973E-05 0.063976 0.844303 0.0914212
0.349484 0.0663154 0.0818255 0.152239 9.9991E-05 0.350036
9.99639E-05 9.99639E-05 9.99639E-05 0.780865 0.218735 9.99639E-05
9.9973E-05 9.9973E-05 9.9973E-05 0.0899734 0.813422 0.0963051
0.0238909 0.807413 9.9982E-05 0.141481 9.9982E-05 0.027015
9.9964E-05 9.9964E-05 9.9964E-05 0.0397104 0.95989 9.9964E-05
9.9964E-05 9.9964E-05 9.9964E-05 0.117321 0.882279 9.9964E-05
0.00627232 9.9973E-05 9.9973E-05 0.127903 0.865525 9.9973E-05
9.9982E-05 0.0114395 0.0103909 9.9982E-05 0.0373247 0.940645
9.99644E-05 9.99644E-05 9.99644E-05 9.99644E-05 0.0081477 0.991452
0.215543 0.0668858 0.00605415 0.276259 0.0118779 0.42338
9.9973E-05 9.9973E-05 0.0436639 9.9973E-05 0.0152875 0.940749
9.996E-05 9.996E-05 9.996E-05 9.996E-05 9.996E-05 0.9995
0.0202825 9.9982E-05 0.0320659 9.9982E-05 0.526451 0.421001
0.103285 0.0244191 9.9973E-05 9.9973E-05 9.9973E-05 0.871996
0.0721255 0.0478066 9.9982E-05 0.03225 9.9982E-05 0.847618
0.187217 0.0816396 0.0519927 0.414641 9.9991E-05 0.26441
0.00587981 9.9982E-05 0.00706743 0.724682 0.262171 9.9982E-05
0.10109 9.9982E-05 9.9982E-05 0.0408956 0.0912669 0.766547
0.22055 0.288223 0.423503 9.9991E-05 0.0546928 0.0129305
0.111503 9.9982E-05 9.9982E-05 0.030864 0.122122 0.735312
9.9973E-05 9.9973E-05 0.00528 9.9973E-05 0.0179483 0.976472
0.00939883 9.9991E-05 0.00655559 0.00625559 0.933078 0.044612
0.00120399 9.9982E-05 9.9982E-05 0.0686954 0.641153 0.288747
9.9973E-05 0.0117763 9.9973E-05 0.825493 0.162431 9.9973E-05
9.9973E-05 9.9973E-05 0.02751 0.934461 9.9973E-05 0.0377296
9.9964E-05 0.0875848 9.9964E-05 9.9964E-05 0.912015 9.9964E-05
9.9982E-05 0.00421895 0.0202756 0.851121 0.124185 9.9982E-05
9.9973E-05 9.9973E-05 9.9973E-05 0.71898 0.27201 0.00871066
9.9973E-05 9.9973E-05 9.9973E-05 0.661025 0.299678 0.0389966
9.996E-05 9.996E-05 9.996E-05 0.9995 9.996E-05 9.996E-05
0.0358281 9.9991E-05 0.01165 0.585855 0.317107 0.0494604
9.9973E-05 0.00188685 9.9973E-05 0.784464 0.213349 9.9973E-05
0.193063 0.108423 0.0677307 0.377341 9.9991E-05 0.253341
9.9973E-05 0.948731 9.9973E-05 0.00456006 0.0464088 9.9973E-05
0.00499867 0.786785 9.9982E-05 0.155092 9.9982E-05 0.0529251
9.996E-05 9.996E-05 0.9995 9.996E-05 9.996E-05 9.996E-05
0.0302696 0.694321 9.9991E-05 0.17936 0.0417071 0.0542426
9.9982E-05 0.880696 0.0261398 9.9982E-05 0.0915261 0.00143812
9.9973E-05 0.349634 9.9973E-05 0.409228 0.240838 9.9973E-05
9.9973E-05 0.870398 0.0173748 9.9973E-05 0.111927 9.9973E-05
0.0157378 0.291722 0.0455608 0.0727429 0.559682 0.0145552
0.0083022 0.96974 9.9982E-05 0.0149972 9.9982E-05 0.00676045
0.0228359 0.188834 0.130611 0.611828 0.00967975 0.0362115
0.0682975 0.080944 9.9982E-05 0.698957 0.151602 9.9982E-05
0.031889 0.238472 0.0251018 0.398433 0.306004 9.9991E-05
9.9982E-05 0.910741 0.00255613 9.9982E-05 0.0605436 0.0259593
0.0465062 9.9973E-05 0.0188269 9.9973E-05 9.9973E-05 0.934367
9.9973E-05 0.0610212 9.9973E-05 9.9973E-05 0.935181 0.00349811
0.111119 0.163206 0.0988508 0.619395 9.9991E-05 0.00732934
9.9973E-05 0.058086 9.9973E-05 0.00206388 0.93955 9.9973E-05
0.0549205 0.00179757 9.9982E-05 9.9982E-05 0.0160643 0.927018
0.00278279 9.9982E-05 0.0132843 0.744539 0.239194 9.9982E-05
0.0159447 9.9982E-05 0.967453 0.0101071 9.9982E-05 0.00629536
0.115772 0.073446 0.692981 0.0878982 0.00323272 0.0266699
9.9964E-05 0.988626 0.0109745 9.9964E-05 9.9964E-05 9.9964E-05
9.9982E-05 0.245206 0.0485434 0.0659627 0.640088 9.9982E-05
9.99639E-05 9.99639E-05 9.99639E-05 0.811523 0.188077 9.99639E-05
9.9964E-05 9.9964E-05 9.9964E-05 0.798282 0.201318 9.9964E-05
0.104839 9.9982E-05 9.9982E-05 0.153305 0.630216 0.111439
0.0178603 0.289085 0.0342629 0.0276815 0.63101 9.9991E-05
9.9973E-05 0.00464774 9.9973E-05 0.0534487 9.9973E-05 0.941604
0.141471 0.013584 0.0390938 0.435304 9.9991E-05 0.370447
0.35757 9.9982E-05 9.9982E-05 0.00243157 0.00952377 0.630275
0.585166 0.0859104 0.0888892 0.0236076 0.0445109 0.171916
0.547524 0.0862122 0.102867 0.0817639 0.0229483 0.158685
0.413655 0.0519344 0.0260484 0.107424 9.9991E-05 0.400838
0.105872 0.0144601 0.0368893 0.452638 9.9991E-05 0.39004
0.497741 0.0544567 0.0576377 0.127342 0.0241592 0.238663
0.484037 0.0523973 9.9982E-05 0.0956981 9.9982E-05 0.367668
0.131162 0.107219 0.0691725 0.571577 9.9991E-05 0.12077
0.396649 0.0389619 9.9982E-05 0.108467 9.9982E-05 0.455722
0.181535 0.132596 0.075453 0.517457 9.9991E-05 0.0928598
9.9973E-05 9.9973E-05 0.00875874 0.864057 0.126884 9.9973E-05
0.175265 0.019097 0.0515842 0.576955 0.0677994 0.1093
0.288247 0.00836233 0.0454886 0.214732 0.05299 0.39018
0.271745 0.0716868 0.0397011 0.220038 0.0736736 0.323156
0.165202 0.0295876 0.057206 0.437193 9.9991E-05 0.310711
0.401281 9.9991E-05 0.046804 0.094398 0.0202975 0.437119
0.00642974 0.165671 0.00426916 9.9982E-05 0.82343 9.9982E-05
9.9973E-05 9.9973E-05 9.9973E-05 0.0266258 0.0167796 0.956295
0.531608 0.079563 0.0695597 0.16054 0.00322171 0.155508
0.341438 0.0302767 0.0130969 0.134688 9.9991E-05 0.480401
0.537888 0.0450246 0.0432244 0.104632 9.9991E-05 0.269132
0.526148 0.0365727 0.0636603 0.054477 0.0214921 0.29765
0.00157914 0.758342 9.9982E-05 0.1897 9.9982E-05 0.0501789
0.0450206 0.354303 0.0614175 0.0844951 0.448496 0.00626798
0.105813 9.9982E-05 0.0233608 0.00884254 9.9982E-05 0.861784
9.9973E-05 0.0724628 9.9973E-05 0.00678321 0.920454 9.9973E-05
9.9982E-05 0.747019 9.9982E-05 0.185739 0.00471881 0.0623224
0.0051924 9.9982E-05 0.0393959 0.928792 9.9982E-05 0.02642
9.996E-05 9.996E-05 9.996E-05 9.996E-05 9.996E-05 0.9995
9.9964E-05 9.9964E-05 0.00238776 9.9964E-05 9.9964E-05 0.997212
0.0215469 9.9982E-05 0.0222663 9.9982E-05 0.0288013 0.927186
9.996E-05 9.996E-05 9.996E-05 9.996E-05 9.996E-05 0.9995
9.9973E-05 9.9973E-05 9.9973E-05 0.70349 0.264857 0.0313524
9.9982E-05 0.0968667 0.036269 9.9982E-05 0.00691504 0.859749
0.0221644 0.760491 9.9982E-05 0.162103 9.9982E-05 0.0550423
0.0016376 0.963099 9.9973E-05 0.0349633 9.9973E-05 9.9973E-05
0.0227741 0.905357 0.0260934 9.9982E-05 0.0455753 9.9982E-05
9.9982E-05 0.961434 0.00883534 0.0200312 9.9982E-05 0.00949974
0.0245449 0.90482 0.0204796 9.9982E-05 0.0499558 9.9982E-05
0.634466 0.0966486 0.0809243 0.103911 0.00718325 0.0768662
0.605664 0.0966442 0.107385 0.127212 9.9991E-05 0.0629944
0.904273 0.0414847 9.9982E-05 0.0131248 0.0409173 9.9982E-05
0.885284 0.038202 9.9973E-05 9.9973E-05 9.9973E-05 0.0762138
0.980253 0.00824983 9.9982E-05 0.0101076 0.00118979 9.9982E-05
0.285042 0.0428761 0.0392828 0.590941 0.0417585 9.9991E-05
0.946541 9.9964E-05 9.9964E-05 9.9964E-05 0.0530594 9.9964E-05
0.122002 0.206862 0.0105705 0.132357 0.291985 0.236223
0.9995 9.996E-05 9.996E-05 9.996E-05 9.996E-05 9.996E-05
0.9995 9.996E-05 9.996E-05 9.996E-05 9.996E-05 9.996E-05
0.985463 9.9973E-05 0.0123947 9.9973E-05 0.00184285 9.9973E-05
0.666106 0.0156831 9.9982E-05 9.9982E-05 0.0612336 0.256777
0.9995 9.996E-05 9.996E-05 9.996E-05 9.996E-05 9.996E-05
0.93921 0.0128925 0.02795 9.9982E-05 9.9982E-05 0.0197478
0.00871312 0.131898 0.0168304 9.9982E-05 0.842359 9.9982E-05
0.0618943 0.265088 0.0427098 0.06365 0.550366 0.0162911
0.0251625 0.726899 0.0169161 0.0946057 0.136316 9.9991E-05
9.9973E-05 0.903376 0.0336725 9.9973E-05 0.0626517 9.9973E-05
0.00905455 0.0854439 9.9982E-05 0.814603 0.090699 9.9982E-05
0.0219665 0.784931 0.0738538 0.029794 0.0777129 0.0117413
9.9982E-05 0.0228765 0.0111599 9.9982E-05 0.951665 0.014099
9.9964E-05 0.0964738 9.9964E-05 9.9964E-05 0.903126 9.9964E-05
9.9964E-05 9.9964E-05 9.9964E-05 0.979513 0.0200869 9.9964E-05
0.060317 0.790568 0.0562306 0.0824998 9.9991E-05 0.0102845
0.047604 0.54339 0.106661 0.149149 0.124885 0.0283098
0.0270989 0.0660023 0.0906875 0.815604 9.99911E-05 0.000507115
0.0108058 0.00941306 0.0254974 0.925546 0.0286378 9.9991E-05
0.0341086 0.0754016 9.9982E-05 0.77215 0.118139 9.9982E-05
0.0462312 0.237413 9.9991E-05 0.0886346 0.54174 0.0858812
0.0158364 0.0191293 0.0179905 0.902182 0.0447614 9.9991E-05
0.0114493 0.047295 0.00849388 0.0191959 0.913466 9.9991E-05
9.9973E-05 9.9973E-05 0.00413177 0.932109 9.9973E-05 0.0634588
9.9982E-05 0.00114448 0.0545672 0.906533 9.9982E-05 0.0375558
0.228467 0.0185846 0.0509548 0.371966 9.9991E-05 0.329927
9.9973E-05 9.9973E-05 0.000933236 0.995188 0.00357917 9.9973E-05
9.9964E-05 9.9964E-05 0.00327089 0.996329 9.9964E-05 9.9964E-05
9.9964E-05 9.9964E-05 0.012262 0.987338 9.9964E-05 9.9964E-05
0.0573998 0.207457 0.112995 0.501781 0.0278531 0.0925145
9.9982E-05 0.161815 9.9982E-05 0.0193207 0.795089 0.0235747
0.0304048 0.0482798 9.9991E-05 0.0656544 0.842666 0.0128949
0.0208405 0.0285207 0.00823661 0.0805776 0.840268 0.0215566
9.9982E-05 0.113653 0.0154529 9.9982E-05 0.86949 0.00120357
9.9973E-05 0.00467465 9.9973E-05 0.0675966 9.9973E-05 0.927429
0.173316 0.0660519 0.018164 0.315913 0.0176995 0.408855
0.0310876 0.7877 0.0298269 0.00414961 0.143745 0.00349071
0.0139259 0.320701 0.0204885 0.0977281 0.547056 9.9991E-05
0.0988361 0.00886332 0.0651205 0.655101 0.0447456 0.127334
0.141381 0.0203826 0.0540283 0.638183 0.0215113 0.124514
0.0284599 0.918039 0.00996156 0.0114774 9.9991E-05 0.0319617
0.00996528 0.771221 9.9991E-05 0.168172 0.0055342 0.045008
0.357772 9.9991E-05 0.00567161 0.119129 0.27834 0.238987
0.0785026 9.9982E-05 9.9982E-05 0.386343 0.450364 0.0845909
9.9973E-05 0.835768 9.9973E-05 0.0679675 0.0959641 9.9973E-05
0.073264 0.282955 0.120027 0.470747 9.9991E-05 0.052907
0.170605 9.9991E-05 0.068648 0.592352 0.067534 0.100761
0.0987783 0.207723 0.136106 0.476216 0.0447297 0.0364463
0.0937217 0.263606 0.125384 0.385734 0.0610126 0.0705416
9.9973E-05 0.902195 0.0928731 0.00463169 9.9973E-05 9.9973E-05
9.9973E-05 0.947678 0.00974261 9.9973E-05 9.9973E-05 0.0422796
0.00331779 0.983868 0.00859357 0.00402027 9.9982E-05 9.9982E-05
0.00816632 0.891759 0.0310605 0.00843754 0.0604765 9.9991E-05
0.00119779 0.968634 0.0298682 9.9973E-05 9.9973E-05 9.9973E-05
9.9964E-05 0.950207 9.9964E-05 9.9964E-05 0.0493934 9.9964E-05
0.110108 0.559711 0.151247 0.155198 9.9991E-05 0.0236355
0.141919 0.29439 0.10782 0.365136 9.9991E-05 0.0906354
9.9964E-05 0.991404 9.9964E-05 0.00819571 9.9964E-05 9.9964E-05
0.131157 0.268141 0.112973 0.431344 9.9991E-05 0.0562847
0.109125 0.16626 0.0902786 0.546835 0.0400959 0.0474058
0.541556 9.9973E-05 9.9973E-05 0.0528206 9.9973E-05 0.405323
0.553893 9.9973E-05 9.9973E-05 0.0771367 9.9973E-05 0.368671
0.533431 0.0177967 0.0206002 0.0413609 0.00229119 0.38452
0.552101 9.9973E-05 9.9973E-05 0.0484704 9.9973E-05 0.399129
0.562107 0.0245211 9.9982E-05 0.0439332 9.9982E-05 0.369239
0.531804 9.9982E-05 0.0110691 0.055621 9.9982E-05 0.401306
0.555341 9.9982E-05 0.00783782 0.0399686 9.9982E-05 0.396653
0.0271333 0.0113305 0.0140576 0.904107 9.9991E-05 0.043272
9.9964E-05 9.9964E-05 0.0346886 0.964911 9.9964E-05 9.9964E-05
0.21573 0.00347657 0.0161414 0.483697 9.9991E-05 0.280855
0.220918 9.9982E-05 0.0143991 0.482945 9.9982E-05 0.281538
0.0392517 0.861185 0.0133772 9.9991E-05 0.0374127 0.0486731
0.0538256 0.80659 0.0361987 0.0788045 9.9991E-05 0.0244811
9.996E-05 0.9995 9.996E-05 9.996E-05 9.996E-05 9.996E-05
0.00962817 9.9982E-05 0.0190255 9.9982E-05 0.01919 0.951956
0.124256 0.00888944 9.9973E-05 9.9973E-05 9.9973E-05 0.866554
9.9964E-05 0.0152114 9.9964E-05 9.9964E-05 9.9964E-05 0.984389
0.134673 9.9964E-05 9.9964E-05 9.9964E-05 9.9964E-05 0.864927
0.0663767 0.0149996 9.9991E-05 0.290861 0.191483 0.43618
0.328561 0.0249296 9.9991E-05 0.107958 0.102853 0.435598
0.490776 9.9991E-05 0.0104053 0.0370627 0.0552447 0.406411
0.195153 9.9964E-05 9.9964E-05 9.9964E-05 9.9964E-05 0.804447
0.150591 9.9964E-05 9.9964E-05 9.9964E-05 9.9964E-05 0.849009
9.9973E-05 9.9973E-05 0.00401969 9.9973E-05 0.000984458 0.994696
0.103997 0.0295595 9.9973E-05 9.9973E-05 9.9973E-05 0.866144
0.162715 0.165921 0.13752 0.137355 0.32604 0.0704489
9.996E-05 0.9995 9.996E-05 9.996E-05 9.996E-05 9.996E-05
9.9982E-05 0.0223435 0.0179857 0.903427 9.9982E-05 0.0560442
0.0257073 0.646325 0.067394 0.0457583 0.19237 0.0224456
0.0248974 0.0377843 0.0124105 0.823178 0.10163 9.9991E-05
9.9982E-05 0.0158812 9.9982E-05 0.049278 0.0157971 0.918844
0.522712 0.00224421 0.0298955 0.0600836 0.0150458 0.370018
0.173367 0.0342081 0.0142366 0.0804532 9.9991E-05 0.697635
0.0613719 0.268316 0.103947 0.47123 9.9991E-05 0.0950349
0.112905 0.128834 0.139005 0.48899 0.00593975 0.124326
0.0301287 0.534013 0.0419874 0.0668885 0.30567 0.0213132
9.99639E-05 9.99639E-05 9.99639E-05 0.895344 0.104256 9.99639E-05
0.803617 0.0326779 0.0646556 9.9991E-05 0.0150539 0.083896
0.884384 0.05654 0.01263 0.0278051 9.9991E-05 0.0185412
0.967118 0.0136907 0.00360154 0.0153895 9.9982E-05 9.9982E-05
0.96879 9.9964E-05 9.9964E-05 9.9964E-05 9.9964E-05 0.0308097
0.9995 9.996E-05 9.996E-05 9.996E-05 9.996E-05 9.996E-05
0.905519 0.0547962 0.029172 9.9982E-05 9.9982E-05 0.0103129
0.0130014 0.0374689 0.0409615 0.85744 9.9991E-05 0.0510281
0.346113 0.0761514 0.0591039 0.0948994 9.9991E-05 0.423632
0.0835596 0.0323697 9.9982E-05 9.9982E-05 0.0369385 0.846932
9.996E-05 9.996E-05 9.996E-05 9.996E-05 9.996E-05 0.9995
9.9964E-05 9.9964E-05 0.00318349 9.9964E-05 9.9964E-05 0.996417
0.124486 0.0203498 9.9973E-05 9.9973E-05 9.9973E-05 0.854864
0.9995 9.996E-05 9.996E-05 9.996E-05 9.996E-05 9.996E-05
0.982345 0.0155802 0.00177458 9.9973E-05 9.9973E-05 9.9973E-05
0.68935 0.0188134 9.9982E-05 9.9982E-05 0.0261751 0.265461
0.709153 9.9982E-05 0.0225753 9.9982E-05 0.0315585 0.236514
0.975931 9.9964E-05 9.9964E-05 9.9964E-05 9.9964E-05 0.0236692
0.605692 0.0177621 9.9982E-05 9.9982E-05 0.0559461 0.320399
0.33529 0.34392 0.00523835 0.0354699 0.0394417 0.24064
0.0151613 0.828134 0.00855902 0.0847603 0.0632849 9.9991E-05
0.0596082 0.768237 9.9982E-05 9.9982E-05 0.171497 0.000457701
9.9973E-05 0.862641 0.0425445 9.9973E-05 0.0945146 9.9973E-05
9.9982E-05 0.928311 0.0311896 9.9982E-05 0.0332484 0.00705106
0.966545 9.99639E-05 9.99639E-05 9.99639E-05 0.0330551 9.99639E-05
0.999261 9.9964E-05 0.000339626 9.9964E-05 9.9964E-05 9.9964E-05
0.704029 0.0336466 9.9982E-05 9.9982E-05 0.0529716 0.209153
0.880245 0.0236646 9.9982E-05 9.9982E-05 0.00104725 0.0948433
0.990393 9.9964E-05 9.9964E-05 9.9964E-05 0.0092069 9.9964E-05
0.942215 9.9982E-05 0.00834949 0.0280962 9.9982E-05 0.0211392
0.9995 9.996E-05 9.996E-05 9.996E-05 9.996E-05 9.996E-05
0.686418 0.0229037 9.9991E-05 0.0513279 0.0123623 0.226888
9.9973E-05 0.0655256 9.9973E-05 0.727521 0.206654 9.9973E-05
9.9982E-05 9.9982E-05 0.01068 0.620766 0.367828 0.000526523
9.9973E-05 9.9973E-05 0.00623036 0.72941 0.26406 9.9973E-05
0.0374593 0.0343812 9.9982E-05 0.724814 0.203145 9.9982E-05
0.470698 0.035158 9.9991E-05 0.103811 0.0115067 0.378726
0.447524 0.0527903 9.9982E-05 0.0415951 9.9982E-05 0.45789
0.354165 9.9982E-05 9.9982E-05 0.0267204 0.0332895 0.585626
0.326365 0.00684332 9.9991E-05 0.060402 0.0148559 0.591434
0.543834 0.116417 0.103078 0.141637 9.9991E-05 0.094934
0.0779715 9.9982E-05 0.0368365 0.362723 9.9982E-05 0.522269
0.980027 9.99729E-05 9.99729E-05 0.0109139 0.0087595 9.99729E-05
0.614555 9.9982E-05 9.9982E-05 0.020082 0.0411998 0.323964
0.598557 0.00754269 0.0247692 0.0575494 0.023741 0.28784
0.00196927 0.467148 0.0387899 0.428865 0.00309139 0.060137
0.0150969 0.0725693 0.0721727 0.690043 0.00956197 0.140556
9.9982E-05 0.899044 0.00646412 0.0147187 0.0795733 9.9982E-05
9.9982E-05 0.0828215 0.000522957 9.9982E-05 0.896151 0.0203045
0.00379134 0.283936 0.0393098 9.9982E-05 0.672763 9.9982E-05
0.0635635 0.474476 9.9973E-05 9.9973E-05 0.461661 9.9973E-05
0.013177 0.389783 0.0292154 0.478191 0.0670291 0.0226042
9.9964E-05 0.93336 9.9964E-05 9.9964E-05 0.0662404 9.9964E-05
0.0163902 0.958605 9.9982E-05 9.9982E-05 0.0195852 0.00521941
0.048364 0.913885 0.023755 9.9982E-05 0.0137965 9.9982E-05
9.9982E-05 0.886663 0.0319581 9.9982E-05 0.0647226 0.0164568
0.49725 0.109128 0.0674276 0.194502 0.0437932 0.0878985
0.316904 0.410462 0.0182157 0.185775 0.00705417 0.0615898
0.354623 0.280196 0.00800164 0.120922 9.9991E-05 0.236158
0.55923 0.0579503 0.0175395 0.167651 9.9991E-05 0.19753
0.0390058 0.524151 0.0800004 0.179674 0.120112 0.0570576
0.0047893 0.94085 0.0104735 0.0321784 0.001485 0.0102237
0.474192 0.017084 0.0145329 0.0797448 9.9991E-05 0.414347
0.051467 0.712666 0.0611988 0.0911823 0.0833863 9.9991E-05
0.00459972 0.111153 9.9973E-05 9.9973E-05 0.883947 9.9973E-05
9.99738E-05 0.0306334 0.0331401 9.99738E-05 0.935927 9.99738E-05
9.9964E-05 0.958008 9.9964E-05 9.9964E-05 0.0415918 9.9964E-05
0.118321 0.16781 0.508171 0.16395 0.0174748 0.024273
0.0120117 0.483403 0.0190706 0.0866378 0.35874 0.0401377
9.9964E-05 0.0798416 9.9964E-05 9.9964E-05 0.919759 9.9964E-05
0.0601685 0.612233 0.0163629 0.128672 0.182464 9.9991E-05
0.0835286 0.115764 0.480435 0.26155 0.0316876 0.0270341
0.00645691 0.00551215 0.987731 9.9973E-05 9.9973E-05 9.9973E-05
0.113213 0.0431227 9.9982E-05 0.0198879 9.9982E-05 0.823576
0.0115143 0.0483987 0.034804 0.162877 0.668103 0.0743031
0.186947 0.0269376 0.0542102 0.558544 0.0530955 0.120266
0.00421576 0.0472558 0.0661902 0.80919 9.9991E-05 0.0730479
0.00889915 0.0923654 0.0341856 0.811595 9.9991E-05 0.0528546
0.0156988 9.9982E-05 0.0195184 0.0760208 0.888562 9.9982E-05
9.9964E-05 9.9964E-05 9.9964E-05 9.9964E-05 0.0410653 0.958535
0.285795 0.0446229 0.0460365 0.37773 0.00895851 0.236857
9.9964E-05 9.9964E-05 9.9964E-05 0.761437 0.238163 9.9964E-05
9.9973E-05 0.00736084 9.9973E-05 0.029118 0.963221 9.9973E-05
9.9973E-05 9.9973E-05 0.0169288 0.818669 0.164102 9.9973E-05
0.148137 0.0272643 0.0750208 0.574295 0.0420381 0.133245
0.178468 0.0137952 0.0692151 0.576989 0.054957 0.106576
0.240726 0.060904 9.9991E-05 0.215698 0.0135376 0.469034
0.0990302 0.0644019 0.021455 0.0427309 0.0562944 0.716088
0.225656 0.0528703 0.00669874 0.435261 0.0159432 0.26357
0.0334912 0.0164686 0.0259433 0.807012 9.9991E-05 0.116985
9.9982E-05 0.0438991 0.00706927 0.0191125 0.929719 9.9982E-05
9.9973E-05 0.0258132 9.9973E-05 0.062269 0.911618 9.9973E-05
0.0904947 0.432729 0.147409 0.287079 9.9991E-05 0.0421888
0.198118 0.0517027 0.013949 0.267927 0.0499196 0.418384
0.00450409 9.9982E-05 0.034051 0.90982 9.9982E-05 0.0514246
9.9982E-05 0.957864 0.0202356 0.0199123 9.9982E-05 0.00178792
0.128039 0.0246098 0.0529081 0.443254 9.9991E-05 0.351089
0.119085 0.401275 0.00703246 0.34542 0.0195166 0.10767
0.323079 0.0473253 0.146195 0.109179 9.99911E-05 0.374123
0.0734029 0.551921 0.137464 0.136196 0.0269671 0.0740492
9.9982E-05 9.9982E-05 0.0554686 0.424397 0.504994 0.0149411
0.0737036 0.18774 0.115665 0.607102 9.9991E-05 0.0156889
0.00679358 0.98105 9.9973E-05 0.0118561 9.9973E-05 9.9973E-05
0.068616 0.887829 9.9982E-05 0.0363651 0.00698993 9.9982E-05
9.9973E-05 0.0331423 9.9973E-05 0.0320872 0.934471 9.9973E-05
9.9964E-05 0.99596 0.00363979 9.9964E-05 9.9964E-05 9.9964E-05
0.106072 0.608698 0.0673293 0.160115 0.0152597 0.0425252
0.020211 0.875643 0.0307549 0.028194 0.0450971 9.9991E-05
9.9982E-05 0.811387 9.9982E-05 0.11026 0.049993 0.0281598
0.179747 0.0191985 0.0673125 0.560084 0.0631418 0.110516
0.0823145 0.0288111 9.9982E-05 0.0181148 9.9982E-05 0.87056
0.00719898 0.0100183 9.9973E-05 9.9973E-05 9.9973E-05 0.982483
0.0163044 0.119118 9.99821E-05 0.0108431 0.853535 9.99821E-05
0.107835 9.9973E-05 9.9973E-05 9.9973E-05 0.0178874 0.873978
0.0359634 0.0466019 0.917135 9.9973E-05 9.9973E-05 9.9973E-05
0.0122297 0.0151995 0.958364 9.9991E-05 0.0116886 0.00241766
0.00107939 0.194337 0.51709 0.0169578 0.0805204 0.190016
0.0194615 0.806734 9.9982E-05 0.137139 9.9982E-05 0.0364655
9.996E-05 9.996E-05 0.9995 9.996E-05 9.996E-05 9.996E-05
9.9964E-05 9.9964E-05 0.992532 0.00706818 9.9964E-05 9.9964E-05
9.996E-05 9.996E-05 0.9995 9.996E-05 9.996E-05 9.996E-05
9.996E-05 9.996E-05 0.9995 9.996E-05 9.996E-05 9.996E-05
9.996E-05 9.996E-05 0.9995 9.996E-05 9.996E-05 9.996E-05
9.9973E-05 9.9973E-05 9.9973E-05 0.0208359 0.962706 0.0161577
9.9982E-05 0.0297362 0.0490559 0.808469 9.9982E-05 0.112539
0.0237456 9.9982E-05 0.0172001 0.714754 0.244101 9.9982E-05
9.99639E-05 9.99639E-05 9.99639E-05 0.830214 0.169386 9.99639E-05
9.9973E-05 0.447227 9.9973E-05 0.114104 0.43837 9.9973E-05
9.9973E-05 9.9973E-05 0.0398537 0.0251766 0.93467 9.9973E-05
9.9982E-05 0.00372962 0.0288222 0.872843 9.9982E-05 0.0944054
0.0143106 0.0288699 0.0328223 0.802183 0.121715 9.9991E-05
9.9973E-05 9.9973E-05 9.9973E-05 0.65964 0.306683 0.0333771
0.00195824 9.9973E-05 0.0232854 0.974456 9.9973E-05 9.9973E-05
9.9973E-05 9.9973E-05 0.948789 0.0401892 0.0107216 9.9973E-05
0.0454497 0.137274 0.0297521 0.0939009 0.563729 0.129894
0.0451868 0.830875 0.00709096 0.0449084 0.0718389 9.9991E-05
0.00133954 0.903183 0.0240497 0.0597314 9.9991E-05 0.0115962
0.0855602 0.695545 0.0318555 0.10529 0.0705386 0.0112114
9.9973E-05 0.0813423 9.9973E-05 0.0214247 0.896933 9.9973E-05
0.0111205 0.00753091 0.0198308 0.210314 0.742055 0.00914904
0.151692 9.9973E-05 0.00154533 9.9973E-05 9.9973E-05 0.846463
0.223897 0.199254 0.0293619 0.120116 0.262642 0.164729
0.0231728 9.9991E-05 0.00938386 0.458003 0.501754 0.00758626
