0.128222 9.9982E-05 0.0993795 0.598256 0.0893157 0.0846264 9.9982E-05
0.165355 9.9982E-05 9.9982E-05 0.345609 0.0599086 0.425937 0.00299075
0.138474 0.0315231 9.9991E-05 0.282476 0.0905355 0.430267 0.0266241
0.150521 9.9982E-05 0.0782417 0.626792 0.0600097 0.0842353 9.9982E-05
9.9973E-05 0.0222056 0.00250642 0.0586259 9.9973E-05 0.916362 9.9973E-05
0.193153 0.00493361 9.9991E-05 0.305416 0.0281567 0.40529 0.0629506
9.9973E-05 0.534296 0.443895 9.9973E-05 9.9973E-05 0.00572714 0.0157823
9.9955E-05 0.982656 0.0168442 9.9955E-05 9.9955E-05 9.9955E-05 9.9955E-05
0.0140669 0.947185 9.9982E-05 0.0256333 9.9982E-05 0.00755244 0.0053628
0.00569735 0.991457 9.9964E-05 0.00244616 9.9964E-05 9.9964E-05 9.9964E-05
0.0164708 9.9982E-05 0.133418 0.025887 0.778934 0.0450907 9.9982E-05
9.9973E-05 0.0177462 0.0416424 0.0548893 0.885422 9.9973E-05 9.9973E-05
9.9973E-05 0.0146582 0.0786484 0.0169407 0.889453 9.9973E-05 9.9973E-05
9.9955E-05 9.9955E-05 0.0998533 9.9955E-05 0.899647 9.9955E-05 9.9955E-05
9.9973E-05 0.00439366 0.0499105 0.126662 9.9973E-05 9.9973E-05 0.818734
9.9955E-05 0.996093 9.9955E-05 9.9955E-05 9.9955E-05 9.9955E-05 0.00340704
9.9964E-05 0.0199273 0.921817 0.057856 9.9964E-05 9.9964E-05 9.9964E-05
9.9973E-05 0.0153114 0.00800892 9.9973E-05 0.0921733 9.9973E-05 0.884207
0.0488771 0.0189367 0.0100409 0.148067 0.212556 9.9991E-05 0.561422
9.9973E-05 0.0246008 0.012983 9.9973E-05 0.596589 9.9973E-05 0.365528
9.9973E-05 0.0474864 9.9973E-05 0.0998884 0.0477976 9.9973E-05 0.804528
0.0091046 0.0155559 9.9991E-05 0.00100208 0.898062 0.00517063 0.0710043
9.9973E-05 0.0151943 0.0172002 9.9973E-05 0.0527382 9.9973E-05 0.914567
0.0205481 0.0135707 0.0391629 0.0149348 0.802214 9.9991E-05 0.109469
9.9964E-05 9.9964E-05 9.9964E-05 0.0268537 0.918102 9.9964E-05 0.0546442
9.9964E-05 9.9964E-05 0.0277682 0.0249643 9.9964E-05 9.9964E-05 0.946868
9.9964E-05 0.00375157 9.9964E-05 9.9964E-05 0.127519 9.9964E-05 0.868329
0.0879722 0.00331275 9.9991E-05 0.0235007 0.275559 0.00329416 0.606261
0.0342658 0.011042 9.9973E-05 9.9973E-05 0.0483772 9.9973E-05 0.906015
0.00614902 9.9973E-05 9.9973E-05 9.9973E-05 0.0539934 0.00581397 0.933744
0.0275628 0.000892952 9.9982E-05 0.0106393 0.936225 9.9982E-05 0.0244804
9.9955E-05 9.9955E-05 0.191107 9.9955E-05 0.808394 9.9955E-05 9.9955E-05
9.9964E-05 9.9964E-05 0.0031447 9.9964E-05 0.0974662 9.9964E-05 0.898989
9.9973E-05 0.0213188 9.9973E-05 0.0282925 0.763057 9.9973E-05 0.187032
9.9973E-05 0.00836162 9.9973E-05 9.9973E-05 0.0440371 0.00246569 0.944836
9.9955E-05 9.9955E-05 9.9955E-05 9.9955E-05 0.972341 9.9955E-05 0.027159
9.9964E-05 9.9964E-05 9.9964E-05 9.9964E-05 0.0658047 0.0161945 0.917601
0.0373183 9.9973E-05 9.9973E-05 0.00364383 0.931669 9.9973E-05 0.0270689
0.147468 9.9964E-05 9.9964E-05 0.69617 9.9964E-05 0.155961 9.9964E-05
0.16 0.0118991 9.9973E-05 9.9973E-05 0.00646869 0.821332 9.9973E-05
9.9964E-05 9.9964E-05 0.181855 9.9964E-05 0.718737 0.0990085 9.9964E-05
9.9955E-05 9.9955E-05 9.9955E-05 9.9955E-05 0.0495552 9.9955E-05 0.949945
0.033556 0.00696999 9.9973E-05 9.9973E-05 0.925312 9.9973E-05 0.0338618
0.377699 9.9973E-05 0.385568 9.9973E-05 0.00935852 0.227074 9.9973E-05
0.0401976 0.0437561 9.9982E-05 0.124451 0.233303 9.9982E-05 0.558092
0.0010426 0.037399 0.131366 0.00985676 0.445409 0.00492424 0.370002
9.9982E-05 0.0282663 9.9982E-05 0.0416054 0.0596508 0.00851192 0.861766
0.203993 9.9991E-05 0.0403804 0.230589 0.0229762 0.446402 0.0555595
0.682471 0.00414165 9.9973E-05 0.107878 9.9973E-05 0.20521 9.9973E-05
9.99549E-05 9.99549E-05 0.31836 0.68114 9.99549E-05 9.99549E-05 9.99549E-05
9.99639E-05 9.99639E-05 0.172412 0.704677 0.122511 9.99639E-05 9.99639E-05
9.99639E-05 9.99639E-05 0.11639 0.72199 0.16122 9.99639E-05 9.99639E-05
9.99549E-05 9.99549E-05 0.198082 0.801418 9.99549E-05 9.99549E-05 9.99549E-05
0.0198645 0.947518 9.9982E-05 0.00761084 0.018049 0.00675815 9.9982E-05
9.9964E-05 0.957792 9.9964E-05 0.0205794 0.0212292 9.9964E-05 9.9964E-05
9.9973E-05 0.0170063 0.462251 9.9973E-05 0.512286 9.9973E-05 0.0081567
9.9973E-05 0.0166779 9.9973E-05 0.0139594 0.923625 9.9973E-05 0.0454377
0.0511553 0.0214846 9.9991E-05 0.495379 0.0428524 0.174682 0.214347
9.9955E-05 9.9955E-05 9.9955E-05 0.0775819 9.9955E-05 0.921918 9.9955E-05
0.381787 9.9973E-05 9.9973E-05 0.0676098 9.9973E-05 0.50704 0.0432628
9.9955E-05 9.9955E-05 0.970389 0.0291117 9.9955E-05 9.9955E-05 9.9955E-05
9.9991E-05 0.0319249 0.721839 0.209446 0.0039713 0.0131091 0.0196103
0.065347 0.0230291 0.705206 0.162632 0.0364515 0.00723376 9.9991E-05
9.9964E-05 0.973951 9.9964E-05 0.0112545 0.0143944 9.9964E-05 9.9964E-05
0.0171533 0.00221175 9.9973E-05 0.0799952 9.9973E-05 0.90034 9.9973E-05
9.9955E-05 9.9955E-05 0.997674 9.9955E-05 9.9955E-05 9.9955E-05 0.00182672
0.0551599 0.0112515 0.0283833 0.817731 9.9982E-05 0.0872743 9.9982E-05
9.9964E-05 9.9964E-05 0.0299215 9.9964E-05 0.944534 9.9964E-05 0.0251451
9.99641E-05 0.000631162 0.0426474 9.99641E-05 0.956322 9.99641E-05 9.99641E-05
0.0220102 0.803742 0.0192084 0.100055 9.9991E-05 0.0271693 0.0277146
0.0212689 0.796023 0.0155378 0.0822306 0.0190601 0.0118143 0.0540655
0.00770026 0.881584 0.0269786 0.0444201 0.0391171 9.9982E-05 9.9982E-05
9.9964E-05 0.972168 0.00474529 9.9964E-05 9.9964E-05 0.0226867 9.9964E-05
9.9955E-05 0.989711 9.9955E-05 0.00978891 9.9955E-05 9.9955E-05 9.9955E-05
9.9964E-05 0.978082 0.0155079 9.9964E-05 9.9964E-05 0.00600979 9.9964E-05
9.9955E-05 0.990835 9.9955E-05 9.9955E-05 9.9955E-05 9.9955E-05 0.00866474
9.9964E-05 0.988598 9.9964E-05 9.9964E-05 0.00864825 9.9964E-05 0.00235359
0.0162854 0.962182 9.9973E-05 9.9973E-05 0.0120816 0.00915071 9.9973E-05
9.995E-05 0.9994 9.995E-05 9.995E-05 9.995E-05 9.995E-05 9.995E-05
0.00263929 0.952467 0.00161252 0.0220098 9.9991E-05 0.00549229 0.0156791
9.9982E-05 0.934999 9.9982E-05 0.0458949 0.00542091 0.00568141 0.00780366
9.9973E-05 0.955027 9.9973E-05 0.01828 0.0252169 9.9973E-05 0.00117637
9.9964E-05 0.550958 9.9964E-05 9.9964E-05 0.040172 9.9964E-05 0.40847
9.9964E-05 0.562925 9.9964E-05 9.9964E-05 0.0197675 9.9964E-05 0.416908
9.9955E-05 0.992797 9.9955E-05 9.9955E-05 0.00670334 9.9955E-05 9.9955E-05
9.9955E-05 0.936576 9.9955E-05 0.0629242 9.9955E-05 9.9955E-05 9.9955E-05
9.9973E-05 0.934928 0.0100829 0.0503045 9.9973E-05 0.00438474 9.9973E-05
0.00200362 0.944895 9.9991E-05 0.0232562 0.0242904 0.00103387 0.00442136
9.99552E-05 0.997466 9.99552E-05 0.00203411 9.99552E-05 9.99552E-05 9.99552E-05
9.9964E-05 0.55203 9.9964E-05 9.9964E-05 0.00483315 9.9964E-05 0.442737
0.00662981 0.878097 0.0161089 0.000464515 0.021406 0.0159593 0.0613339
0.0194375 0.926618 0.0397012 9.9982E-05 0.00209521 0.0119481 9.9982E-05
0.0126224 0.948791 0.0182997 0.0199865 9.9973E-05 9.9973E-05 9.9973E-05
0.0273292 0.93565 9.9982E-05 0.0257313 9.9982E-05 0.00761325 0.00347672
9.9991E-05 0.907211 0.0119765 0.0275629 0.0113132 0.0222757 0.0195606
9.9973E-05 0.968662 0.00881038 0.0217927 0.000434558 9.9973E-05 9.9973E-05
0.0421725 9.9982E-05 0.232995 0.0149017 9.9982E-05 0.128316 0.581415
0.000771949 0.948089 9.9982E-05 0.00943092 9.9982E-05 0.0180298 0.0234788
9.9964E-05 0.991063 9.9964E-05 0.00566071 0.00287674 9.9964E-05 9.9964E-05
0.105219 0.70908 0.0223775 0.0522347 0.0125402 0.0499045 0.048644
9.995E-05 0.9994 9.995E-05 9.995E-05 9.995E-05 9.995E-05 9.995E-05
9.9964E-05 0.982056 0.00405288 9.9964E-05 0.0134912 9.9964E-05 9.9964E-05
0.0179852 0.96901 9.9964E-05 9.9964E-05 0.0126045 9.9964E-05 9.9964E-05
9.9964E-05 0.977166 9.9964E-05 9.9964E-05 0.00454617 9.9964E-05 0.017888
0.0212693 0.0476016 0.0200129 9.9982E-05 0.00491509 9.9982E-05 0.906001
9.995E-05 0.9994 9.995E-05 9.995E-05 9.995E-05 9.995E-05 9.995E-05
9.9955E-05 0.951447 9.9955E-05 0.048053 9.9955E-05 9.9955E-05 9.9955E-05
9.995E-05 0.9994 9.995E-05 9.995E-05 9.995E-05 9.995E-05 9.995E-05
9.9973E-05 9.9973E-05 0.169127 9.9973E-05 0.191686 0.0111851 0.627702
0.0493622 0.917028 9.9982E-05 0.0188495 9.9982E-05 0.00577014 0.00879053
0.00650712 0.958135 9.9973E-05 0.019834 0.0152237 9.9973E-05 9.9973E-05
0.00114462 0.980785 9.9973E-05 0.0120071 9.9973E-05 9.9973E-05 0.00576382
9.9955E-05 0.996443 9.9955E-05 9.9955E-05 9.9955E-05 9.9955E-05 0.00305681
9.9982E-05 0.0237163 0.00188017 0.066447 0.27994 9.9982E-05 0.627817
9.9955E-05 0.994185 0.00531484 9.9955E-05 9.9955E-05 9.9955E-05 9.9955E-05
0.0319693 0.891075 0.0107547 0.0569534 9.9982E-05 0.00904794 9.9982E-05
9.9964E-05 0.528497 9.9964E-05 9.9964E-05 0.0047051 9.9964E-05 0.466398
9.995E-05 0.9994 9.995E-05 9.995E-05 9.995E-05 9.995E-05 9.995E-05
9.9973E-05 0.0418114 0.0180288 9.9973E-05 0.723179 9.9973E-05 0.216681
9.9973E-05 9.9973E-05 9.9973E-05 0.0205565 0.682392 0.0420779 0.254674
0.0378674 9.9991E-05 0.0173894 0.0367619 0.85505 0.0236386 0.0291932
9.9982E-05 0.0532199 0.0300105 9.9982E-05 0.0335443 0.0189269 0.864098
0.0116687 0.0514639 0.786966 0.110507 0.0129651 0.0164848 0.00994395
9.9982E-05 0.0529963 0.0121826 9.9982E-05 0.866717 0.0209222 0.0469821
0.0449936 9.9982E-05 0.347685 9.9982E-05 0.370987 0.0407613 0.195373
0.0185049 0.0387726 9.9982E-05 9.9982E-05 0.763449 0.0152059 0.163868
0.0431852 0.00133065 0.0157662 9.9991E-05 0.642392 0.0124778 0.284748
0.0101125 0.00846878 0.0342726 0.00770295 0.694489 0.00697048 0.237983
0.101026 9.9973E-05 9.9973E-05 9.9973E-05 0.602074 0.02798 0.26862
0.0545515 0.0253335 9.9982E-05 9.9982E-05 0.582871 0.0247013 0.312343
0.00649114 0.0105376 9.9982E-05 9.9982E-05 0.947133 0.0284111 0.00722736
0.0105325 0.0273646 0.121587 9.9982E-05 0.825897 0.0144191 9.9982E-05
0.022247 0.0085749 0.0850644 9.9982E-05 0.869901 0.0140122 9.9982E-05
0.033092 0.0542364 0.026644 0.0338893 0.0892227 9.9991E-05 0.762816
0.490085 0.0180714 0.081981 9.9973E-05 9.9973E-05 0.409563 9.9973E-05
0.471417 0.0344596 0.0352301 0.0673531 9.9982E-05 0.39134 9.9982E-05
0.109595 0.00264317 0.033737 0.0854198 0.00830393 0.760201 9.9991E-05
0.0622069 0.115956 0.309859 0.0573884 0.101173 0.0173067 0.33611
0.510274 9.9973E-05 0.0636417 0.0460511 9.9973E-05 0.379733 9.9973E-05
0.474453 0.0500156 0.0526751 0.0377126 9.9982E-05 0.384943 9.9982E-05
0.0273912 0.114578 0.263233 9.9991E-05 0.385483 0.0595954 0.149619
0.405518 0.00157393 0.0199809 0.0407054 0.0346175 0.497505 9.9991E-05
0.396566 0.00769769 0.0242315 0.0369465 9.9991E-05 0.469993 0.0644651
0.416925 0.0103194 0.0194815 0.0405538 0.0172191 0.495402 9.9991E-05
0.53665 0.0449385 0.0467399 0.0836125 9.9991E-05 0.22821 0.0597489
0.609434 0.0204615 0.0286353 0.0791446 9.9991E-05 0.244399 0.0178262
0.413151 9.9991E-05 0.00392554 0.0421338 0.0199304 0.477317 0.0434419
0.0378948 9.99639E-05 0.759856 0.201849 9.99639E-05 9.99639E-05 9.99639E-05
0.170801 9.9973E-05 0.0304633 9.9973E-05 9.9973E-05 0.774307 0.0241295
9.9982E-05 0.0039307 0.00226162 0.0508143 0.0464382 9.9982E-05 0.896355
9.9982E-05 0.00320949 0.0295197 9.9982E-05 0.00872942 0.00766571 0.950676
0.000502694 0.0211301 9.9982E-05 0.0743233 9.9982E-05 0.893809 0.0100353
0.10327 0.0869914 0.0910696 0.180937 0.153094 0.174456 0.210181
0.0785361 9.9982E-05 0.769996 0.0744852 0.0195058 9.9982E-05 0.0572767
0.0479359 9.9973E-05 0.173794 9.9973E-05 0.693722 0.0842482 9.9973E-05
0.0142779 0.0355897 0.0497338 9.9991E-05 0.071069 0.0131603 0.816069
0.159696 9.9973E-05 0.194404 9.9973E-05 0.514674 0.130927 9.9973E-05
0.0813463 9.9991E-05 0.856151 0.0152331 0.00234897 0.00957186 0.0352489
0.593401 0.011342 0.0924103 9.9982E-05 9.9982E-05 0.249728 0.0529187
0.0102252 0.022871 0.856533 0.110071 9.9973E-05 9.9973E-05 9.9973E-05
0.0973336 0.0518004 9.9991E-05 0.608369 0.0904082 0.0334575 0.118532
9.9964E-05 0.0310906 0.0298759 9.9964E-05 9.9964E-05 9.9964E-05 0.938634
0.136209 0.0327978 0.0302943 9.9982E-05 0.012992 0.787507 9.9982E-05
0.0146603 0.0152215 0.0809345 9.9982E-05 0.463638 0.425346 9.9982E-05
9.9973E-05 0.00337307 9.9973E-05 9.9973E-05 0.058823 0.928155 0.00934911
0.092211 0.0269093 0.376573 0.100142 0.307301 0.0623618 0.0345015
0.0035883 9.9964E-05 9.9964E-05 0.00112616 9.9964E-05 0.994886 9.9964E-05
9.9973E-05 9.9973E-05 0.908704 9.9973E-05 0.0583295 0.0278526 0.00481426
9.9982E-05 0.0512157 0.0619962 9.9982E-05 0.0251653 0.826539 0.0348839
9.9991E-05 0.0439566 0.0585931 0.00800141 0.0453446 0.834964 0.00903973
9.9973E-05 9.9973E-05 0.0659491 9.9973E-05 0.0238516 0.0628781 0.847021
0.160936 9.99915E-05 0.100316 0.0656774 0.101838 0.155373 0.41576
0.0264164 0.0294399 0.257823 9.9991E-05 0.260237 0.083068 0.342915
0.831451 0.00741456 0.0105512 0.0507526 0.0213005 0.061725 0.0168056
0.941136 9.9964E-05 9.9964E-05 0.013132 0.045332 9.9964E-05 9.9964E-05
0.904839 9.9973E-05 9.9973E-05 0.0790877 0.0048817 9.9973E-05 0.0108917
0.861774 0.0259985 9.9982E-05 0.057052 0.0435661 9.9982E-05 0.0114095
0.0231125 9.9964E-05 9.9964E-05 0.0178116 9.9964E-05 9.9964E-05 0.958676
9.9973E-05 9.9973E-05 9.9973E-05 0.0625981 0.00504287 0.0353283 0.896731
0.0272519 0.0260867 0.014593 0.081316 0.0852669 9.9991E-05 0.765386
0.555381 9.9973E-05 0.0206658 0.076954 9.9973E-05 0.3467 9.9973E-05
0.121373 0.151403 0.116939 0.0630936 0.161558 0.215123 0.170511
0.0912089 0.122542 9.9991E-05 0.359385 0.0181525 0.0175422 0.391069
0.00506227 0.0205751 9.9991E-05 0.122054 0.0932477 0.023238 0.735723
0.0310394 0.064789 9.9991E-05 0.162436 0.07765 0.0114427 0.652543
0.0866506 0.0240004 9.9982E-05 0.123032 0.00107604 9.9982E-05 0.765041
0.0555291 0.111939 9.9991E-05 0.225219 0.0409817 0.0621423 0.504088
0.0374884 9.9991E-05 0.153567 0.693547 0.0523265 0.0417439 0.0212269
9.9982E-05 9.9982E-05 0.0732197 0.0179825 0.878531 0.0128576 0.0172093
0.0155201 0.0540697 0.151384 9.9982E-05 0.524555 9.9982E-05 0.254271
9.9964E-05 9.9964E-05 9.9964E-05 0.00540349 0.00290314 0.991294 9.9964E-05
9.9964E-05 9.9964E-05 9.9964E-05 0.0592166 0.0122674 0.928116 9.9964E-05
9.9973E-05 9.9973E-05 9.9973E-05 0.0820728 0.00526853 0.879248 0.0331104
0.335931 9.9973E-05 0.0346308 0.204469 9.9973E-05 0.424669 9.9973E-05
0.0985193 9.9964E-05 9.9964E-05 0.58583 9.9964E-05 0.315251 9.9964E-05
0.0584498 9.9964E-05 9.9964E-05 0.603045 9.9964E-05 0.338105 9.9964E-05
0.0111768 0.0196527 9.9982E-05 0.0638269 0.00811524 9.9982E-05 0.897028
0.0342508 0.0392144 9.9991E-05 0.0837713 0.0297043 0.0153257 0.797633
9.9973E-05 9.9973E-05 0.00707844 9.9973E-05 0.0241231 0.0170424 0.951456
9.9991E-05 0.0382881 0.825249 0.0254542 0.0645341 0.0319309 0.0144432
9.9982E-05 0.00892238 0.00470926 9.9982E-05 0.0106765 0.962996 0.0124962
9.9973E-05 0.0218868 9.9973E-05 0.00373517 9.9973E-05 0.971205 0.00287273
0.0254367 0.00498378 0.00089887 9.9973E-05 9.9973E-05 0.968381 9.9973E-05
0.0687073 9.9973E-05 0.014216 9.9973E-05 0.0166181 0.900159 9.9973E-05
0.0460111 0.000298508 0.029491 9.9982E-05 9.9982E-05 0.908707 0.0152922
9.9964E-05 9.9964E-05 0.223528 9.9964E-05 0.678476 0.0975953 9.9964E-05
0.337802 0.0593623 0.00317671 0.19543 9.9991E-05 0.327457 0.0766722
9.9955E-05 9.9955E-05 0.966312 0.0331886 9.9955E-05 9.9955E-05 9.9955E-05
9.9964E-05 9.9964E-05 0.229437 9.9964E-05 0.696463 0.0736996 9.9964E-05
9.9964E-05 9.9964E-05 0.16712 9.9964E-05 9.9964E-05 0.0422906 0.79019
9.9955E-05 9.9955E-05 0.223688 9.9955E-05 0.775812 9.9955E-05 9.9955E-05
9.9955E-05 9.9955E-05 0.276192 9.9955E-05 0.723309 9.9955E-05 9.9955E-05
9.9955E-05 9.9955E-05 0.251978 9.9955E-05 0.747522 9.9955E-05 9.9955E-05
9.9982E-05 0.0249172 0.00976177 9.9982E-05 0.00254543 0.947437 0.0151383
9.9955E-05 9.9955E-05 9.9955E-05 9.9955E-05 0.0127648 0.986735 9.9955E-05
0.181946 0.00868419 0.00991137 0.340141 0.0346919 0.398542 0.0260834
9.9973E-05 0.0279559 0.0154815 0.00929225 9.9973E-05 0.94697 9.9973E-05
9.995E-05 9.995E-05 9.995E-05 9.995E-05 9.995E-05 0.9994 9.995E-05
0.00552019 9.9973E-05 0.10836 9.9973E-05 0.485028 0.400792 9.9973E-05
0.0789 9.9973E-05 9.9973E-05 0.0354658 9.9973E-05 0.857552 0.0277821
0.0649622 9.9982E-05 9.9982E-05 0.0399139 0.00702334 0.846997 0.0409038
0.156881 0.0102105 9.9991E-05 0.517651 0.00964683 0.231934 0.0735767
0.0206136 0.00906953 0.922948 9.9973E-05 0.047069 9.9973E-05 9.9973E-05
0.107435 9.99641E-05 0.147215 9.99641E-05 9.99641E-05 0.744951 9.99641E-05
0.201652 0.413657 0.054497 9.9991E-05 0.00748588 0.0219908 0.300618
0.0772598 9.9973E-05 0.134417 9.9973E-05 0.0720068 0.716016 9.9973E-05
9.9964E-05 0.0262087 9.9964E-05 9.9964E-05 0.0214667 0.951925 9.9964E-05
0.00526245 9.9973E-05 0.177514 9.9973E-05 0.781945 0.0349792 9.9973E-05
9.9973E-05 9.9973E-05 0.12224 0.0157026 0.575692 0.286066 9.9973E-05
9.9964E-05 9.9964E-05 0.861367 0.109061 9.9964E-05 9.9964E-05 0.029172
9.9955E-05 9.9955E-05 0.105409 0.894091 9.9955E-05 9.9955E-05 9.9955E-05
9.9964E-05 9.9964E-05 9.9964E-05 0.0473764 0.921089 9.9964E-05 0.031135
9.99639E-05 9.99639E-05 0.157869 0.704992 0.136739 9.99639E-05 9.99639E-05
9.9982E-05 9.9982E-05 0.876328 0.0140112 0.059069 0.0268559 0.0235363
9.9973E-05 9.9973E-05 0.868129 9.9973E-05 0.0538695 0.0440224 0.0336791
9.99549E-05 9.99549E-05 0.18199 0.81751 9.99549E-05 9.99549E-05 9.99549E-05
0.0232426 9.9982E-05 0.201126 0.454894 0.272416 0.0481226 9.9982E-05
9.9973E-05 0.0119055 0.922388 0.049987 0.0154192 9.9973E-05 9.9973E-05
0.173088 0.0367061 9.9982E-05 0.491958 9.9982E-05 0.229089 0.0689596
9.9973E-05 0.0070015 0.0423105 9.9973E-05 0.0268563 9.9973E-05 0.923532
9.9964E-05 9.9964E-05 0.169374 9.9964E-05 9.9964E-05 0.0516734 0.778553
9.995E-05 0.9994 9.995E-05 9.995E-05 9.995E-05 9.995E-05 9.995E-05
0.00684057 9.9991E-05 0.149099 0.0601628 0.0291994 0.0600815 0.694517
9.9973E-05 0.0221232 0.0534662 9.9973E-05 0.0651915 9.9973E-05 0.858919
9.9964E-05 9.9964E-05 0.599078 9.9964E-05 0.0507052 9.9964E-05 0.349817
9.9973E-05 0.0260068 0.0667348 9.9973E-05 0.0585147 9.9973E-05 0.848444
0.038728 0.0382399 0.00188884 0.104859 0.547256 9.9991E-05 0.268928
0.017317 9.9973E-05 0.0203769 0.00867658 9.9973E-05 9.9973E-05 0.95333
9.9973E-05 0.113242 9.9973E-05 0.712596 0.0613639 9.9973E-05 0.112497
0.0254844 9.9982E-05 0.100285 0.611775 0.200338 9.9982E-05 0.0619176
0.0208023 0.0231809 0.106864 0.36843 0.283683 0.00548886 0.191551
9.9991E-05 0.0261127 0.0137034 0.0273454 0.0360119 0.0168898 0.879837
0.0255182 0.0259546 9.9964E-05 9.9964E-05 9.9964E-05 0.948127 9.9964E-05
9.9964E-05 9.9964E-05 9.9964E-05 0.0272672 0.948792 9.9964E-05 0.0235413
0.0512249 0.0613709 9.9982E-05 0.735728 0.0126386 9.9982E-05 0.138838
9.9964E-05 9.9964E-05 9.9964E-05 0.0550199 0.916979 9.9964E-05 0.027601
0.0211977 9.9964E-05 9.9964E-05 0.064744 9.9964E-05 0.913658 9.9964E-05
9.9964E-05 0.0123785 0.980025 9.9964E-05 9.9964E-05 9.9964E-05 0.00719677
0.0119751 0.983005 0.00462045 9.9964E-05 9.9964E-05 9.9964E-05 9.9964E-05
0.0756431 0.718463 0.0734407 0.0510912 9.9991E-05 0.0347315 0.0465301
9.9964E-05 0.0270577 0.00231755 9.9964E-05 9.9964E-05 9.9964E-05 0.970225
9.9973E-05 0.0359697 0.166263 9.9973E-05 0.55827 9.9973E-05 0.239197
9.9955E-05 0.00886809 0.990632 9.9955E-05 9.9955E-05 9.9955E-05 9.9955E-05
9.995E-05 9.995E-05 0.9994 9.995E-05 9.995E-05 9.995E-05 9.995E-05
0.100733 9.9991E-05 0.173101 0.0414042 0.564572 0.0983859 0.0217039
9.9973E-05 0.0338448 0.125025 9.9973E-05 0.586622 9.9973E-05 0.254208
9.9955E-05 9.9955E-05 9.9955E-05 0.0901665 9.9955E-05 0.909334 9.9955E-05
0.103231 9.9964E-05 9.9964E-05 0.597354 9.9964E-05 0.299015 9.9964E-05
0.336075 9.9973E-05 9.9973E-05 0.0335402 0.0079344 0.622151 9.9973E-05
0.523357 0.0863748 9.9991E-05 0.119139 0.0389638 0.188148 0.043918
0.576008 0.0593076 0.0139542 0.167665 0.0148945 0.122914 0.0452568
0.440352 9.9982E-05 0.0113817 0.132591 9.9982E-05 0.387391 0.028084
0.0586341 9.9964E-05 9.9964E-05 0.613444 9.9964E-05 0.327522 9.9964E-05
0.537113 0.0354526 0.00704868 0.160182 0.0233271 0.209648 0.0272296
0.464719 9.9973E-05 9.9973E-05 0.131837 9.9973E-05 0.355209 0.047935
0.110772 0.021566 9.9991E-05 0.70175 0.0202941 0.0738812 0.0716367
0.382512 9.9973E-05 9.9973E-05 0.143177 9.9973E-05 0.428963 0.0450486
0.169065 0.0503573 9.9991E-05 0.604488 0.00052404 0.0393703 0.136095
9.99639E-05 9.99639E-05 0.190319 0.710299 0.0989823 9.99639E-05 9.99639E-05
0.195167 0.0305486 0.020082 0.621627 0.0930613 0.0394143 9.9991E-05
0.275047 0.0139909 9.9982E-05 0.267332 0.0668303 0.3766 9.9982E-05
0.287599 0.0297343 9.9991E-05 0.294256 0.0683593 0.299911 0.0200403
0.138057 9.9964E-05 9.9964E-05 0.589277 9.9964E-05 0.272266 9.9964E-05
0.409758 0.0201866 9.9982E-05 0.136454 0.0172406 0.41616 9.9982E-05
9.9964E-05 9.9964E-05 9.9964E-05 0.0221446 0.835237 9.9964E-05 0.142219
9.9964E-05 9.9964E-05 9.9964E-05 0.0569448 0.00579136 0.936864 9.9964E-05
0.52879 0.0540947 9.9991E-05 0.195801 0.0216696 0.156529 0.0430169
0.321135 0.0082012 9.9982E-05 0.172906 9.9982E-05 0.479346 0.0182115
0.524736 0.0393228 9.9982E-05 0.177697 9.9982E-05 0.226156 0.0318885
0.518437 0.0531324 9.9991E-05 0.093792 0.0295022 0.29984 0.00519689
0.0198872 9.9982E-05 0.183525 0.0398563 9.9982E-05 0.0353943 0.721138
0.0426578 0.0548266 0.0264015 0.0645414 0.44499 0.00805119 0.358531
0.0787929 0.0272817 9.9973E-05 0.0371963 9.9973E-05 0.856429 9.9973E-05
9.9964E-05 9.9964E-05 9.9964E-05 0.06212 0.907266 9.9964E-05 0.0302142
0.001103 9.9982E-05 0.170859 0.0376402 9.9982E-05 0.071791 0.718406
9.9964E-05 0.0164389 0.129185 0.853976 9.9964E-05 9.9964E-05 9.9964E-05
9.995E-05 9.995E-05 9.995E-05 9.995E-05 9.995E-05 0.9994 9.995E-05
9.995E-05 9.995E-05 9.995E-05 9.995E-05 9.995E-05 0.9994 9.995E-05
0.0012776 0.0478987 9.9973E-05 9.9973E-05 0.0267617 0.923762 9.9973E-05
9.995E-05 9.995E-05 9.995E-05 9.995E-05 9.995E-05 0.9994 9.995E-05
9.9991E-05 0.0113792 0.801688 0.0576535 0.0664765 0.0337923 0.0289106
9.9973E-05 0.0298448 0.0175949 9.9973E-05 9.9973E-05 0.871168 0.0810927
0.0210166 9.9973E-05 0.188548 9.9973E-05 9.9973E-05 0.0370941 0.753041
9.9955E-05 9.9955E-05 9.9955E-05 0.0397642 9.9955E-05 9.9955E-05 0.959736
0.0555766 0.0104878 0.0454357 9.9982E-05 0.0379445 9.9982E-05 0.850355
9.9973E-05 0.00760154 0.0370376 9.9973E-05 9.9973E-05 0.0104022 0.944659
0.00978296 0.0198071 0.0212145 9.9982E-05 0.0496931 9.9982E-05 0.899302
0.593186 0.0739302 9.9982E-05 0.177379 9.9982E-05 0.0632183 0.0920865
0.568819 0.0920199 9.9991E-05 0.172399 0.0132235 0.068245 0.085193
0.906261 0.00280373 9.9982E-05 0.0252872 0.0505377 9.9982E-05 0.0149105
0.882255 9.9964E-05 9.9964E-05 9.9964E-05 9.9964E-05 0.0853343 0.0320109
0.958461 9.9973E-05 9.9973E-05 0.0151841 9.9973E-05 0.00467269 0.0213824
0.270081 0.0287315 0.153982 0.49512 0.0485053 9.9991E-05 0.00348154
0.94853 0.0122773 9.99639E-05 9.99639E-05 0.0387932 9.99639E-05 9.99639E-05
0.112758 0.0272479 0.100587 0.0602894 0.26144 0.234925 0.202752
0.9994 9.995E-05 9.995E-05 9.995E-05 9.995E-05 9.995E-05 9.995E-05
0.9994 9.995E-05 9.995E-05 9.995E-05 9.995E-05 9.995E-05 9.995E-05
0.980088 0.019412 9.9955E-05 9.9955E-05 9.9955E-05 9.9955E-05 9.9955E-05
0.665355 9.9982E-05 0.00406433 9.9982E-05 0.0377919 0.275161 0.0174275
0.991574 0.0079259 9.9955E-05 9.9955E-05 9.9955E-05 9.9955E-05 9.9955E-05
0.923836 0.0152994 9.9973E-05 9.9973E-05 9.9973E-05 0.0272929 0.0332722
9.9964E-05 9.9964E-05 9.9964E-05 0.0513167 0.870697 9.9964E-05 0.0775868
0.0546967 0.0827005 0.0143204 0.0379159 0.565304 0.0135684 0.231494
0.0123267 9.9973E-05 9.9973E-05 0.157136 0.131781 9.9973E-05 0.698457
9.9982E-05 0.013957 0.0305844 0.0204728 0.0677121 9.9982E-05 0.867074
9.9973E-05 9.9973E-05 0.130378 0.712422 0.125524 9.9973E-05 0.0313762
0.0396346 0.0537803 9.9991E-05 0.0642171 0.0744709 0.000754158 0.767043
9.9973E-05 0.0112763 9.9973E-05 0.0204541 0.963242 9.9973E-05 0.00472761
9.9964E-05 9.9964E-05 9.9964E-05 9.9964E-05 0.917197 0.00406927 0.0783342
9.99639E-05 9.99639E-05 0.179199 0.80063 0.0197706 9.99639E-05 9.99639E-05
0.042395 0.0558896 9.9991E-05 0.15532 0.0129574 0.00591108 0.727427
0.0272083 0.10516 0.0206958 0.185111 0.131828 0.0140496 0.515947
9.99821E-05 0.0576339 0.0883502 0.758379 0.0275501 9.99821E-05 0.0678867
9.9964E-05 9.9964E-05 0.18287 0.771988 0.0447425 9.9964E-05 9.9964E-05
9.9982E-05 0.00339751 0.124258 0.701957 0.117655 9.9982E-05 0.0525328
0.0140139 0.0154935 0.0505159 0.0712079 0.518999 0.0907517 0.239019
9.9973E-05 0.0218082 0.222822 0.710185 0.0448847 9.9973E-05 9.9973E-05
0.00777052 9.9973E-05 9.9973E-05 0.0554616 0.933954 9.9973E-05 0.00251412
9.9955E-05 9.9955E-05 0.155826 0.843674 9.9955E-05 9.9955E-05 9.9955E-05
9.9964E-05 0.0147811 0.0827405 0.902079 9.9964E-05 9.9964E-05 9.9964E-05
0.220466 0.0409827 0.0488141 0.381104 9.9982E-05 0.308433 9.9982E-05
9.99639E-05 9.99639E-05 0.246276 0.749164 0.00415985 9.99639E-05 9.99639E-05
9.99549E-05 9.99549E-05 0.223316 0.776184 9.99549E-05 9.99549E-05 9.99549E-05
9.99639E-05 9.99639E-05 0.181098 0.778454 0.0400483 9.99639E-05 9.99639E-05
0.0522966 0.115247 9.9991E-05 0.561586 0.0925865 0.0252097 0.152975
9.9973E-05 9.9973E-05 9.9973E-05 0.113235 0.751129 0.00396953 0.131367
0.0092323 9.9982E-05 9.9982E-05 0.086844 0.864056 0.0310937 0.00857415
0.00571686 0.0106653 9.99865E-05 0.0910174 0.875151 0.0172494 9.99865E-05
9.9973E-05 0.00854014 9.9973E-05 0.0333052 0.866468 9.9973E-05 0.091387
9.9955E-05 9.9955E-05 9.9955E-05 0.0749472 9.9955E-05 0.924553 9.9955E-05
0.201852 9.9991E-05 0.0446369 0.307642 0.0382666 0.401429 0.00607378
9.9991E-05 0.0356564 0.0470056 0.0250249 0.105656 0.0173652 0.769192
0.0268978 0.0294329 0.175642 0.00679324 0.469756 9.9991E-05 0.291378
0.113774 0.0459801 0.0626248 0.610152 0.078305 0.0890642 9.9991E-05
0.137709 0.0111733 0.0622528 0.6319 0.0615622 0.0953029 9.9991E-05
0.00343479 9.9973E-05 9.9973E-05 0.0309855 9.9973E-05 0.0537965 0.911483
0.0265261 9.9973E-05 0.188425 9.9973E-05 9.9973E-05 0.0497265 0.735022
0.314472 0.0185148 0.162368 0.000598479 0.224287 0.27966 9.9991E-05
0.0522456 0.00506771 0.429458 0.0958559 0.325158 0.0921152 9.9991E-05
9.99731E-05 9.99731E-05 0.0510996 0.0304743 0.117491 9.99731E-05 0.800635
0.0091125 0.0927286 9.9991E-05 0.593312 0.0140088 0.0374392 0.253298
0.162005 0.0650054 0.0536124 0.559844 0.10093 0.0585032 9.9991E-05
0.0879293 0.122324 9.9982E-05 0.561507 0.0806062 9.9982E-05 0.147434
0.0639596 0.0840702 9.9991E-05 0.455298 0.0892304 0.058001 0.249341
0.0128941 0.0655525 9.9982E-05 0.0101479 0.00540249 9.9982E-05 0.905803
9.9982E-05 0.0151171 0.00721145 0.0193653 9.9982E-05 0.0407479 0.917358
9.9964E-05 0.012407 9.9964E-05 0.0165468 9.9964E-05 9.9964E-05 0.970646
0.0415891 0.0213604 0.0381355 9.9982E-05 0.039915 9.9982E-05 0.8588
9.9964E-05 0.0362738 0.0292865 9.9964E-05 9.9964E-05 9.9964E-05 0.93404
9.9964E-05 9.9964E-05 0.0577237 9.9964E-05 0.0399247 9.9964E-05 0.901952
0.0668849 0.151607 9.9991E-05 0.22815 0.00287323 0.0330303 0.517355
0.104397 0.114392 9.9991E-05 0.447401 0.0302763 0.0742847 0.229149
9.99551E-05 9.99551E-05 0.0522095 9.99551E-05 9.99551E-05 9.99551E-05 0.947291
0.0963032 0.101653 0.00440286 0.488114 0.0317002 0.0375552 0.240272
0.0839285 0.0523702 9.9991E-05 0.642864 0.0767863 0.00108209 0.142868
0.493095 9.9964E-05 0.0715626 9.9964E-05 9.9964E-05 0.434943 9.9964E-05
0.53427 9.9973E-05 0.00538195 0.0789535 9.9973E-05 0.381094 9.9973E-05
0.528927 0.0171027 0.0708623 9.9973E-05 9.9973E-05 0.382808 9.9973E-05
0.510196 0.00581507 0.0744826 9.9973E-05 9.9973E-05 0.409207 9.9973E-05
0.542704 9.9973E-05 0.0655144 9.9973E-05 9.9973E-05 0.382724 0.0087578
0.490676 0.0242345 0.0740225 9.9973E-05 9.9973E-05 0.410767 9.9973E-05
0.510738 0.03801 0.0494028 9.9973E-05 9.9973E-05 0.401549 9.9973E-05
9.9955E-05 9.9955E-05 0.113408 0.886092 9.9955E-05 9.9955E-05 9.9955E-05
9.99639E-05 0.00318857 0.338151 0.658261 9.99639E-05 9.99639E-05 9.99639E-05
0.196951 0.0157365 0.0540149 0.493021 9.9991E-05 0.233924 0.00625199
0.188397 0.0096178 0.0364053 0.515061 9.9991E-05 0.248481 0.00193837
0.0496896 9.9982E-05 9.9982E-05 0.0214301 0.0541998 0.0191011 0.855379
0.0377442 0.0688798 9.9982E-05 0.0923368 9.9982E-05 0.0274057 0.773434
9.9955E-05 9.9955E-05 9.9955E-05 0.00256047 9.9955E-05 9.9955E-05 0.99694
0.00447628 0.00869652 0.00376748 9.9982E-05 0.0268223 0.956037 9.9982E-05
0.107023 9.9964E-05 0.0324565 9.9964E-05 9.9964E-05 0.860121 9.9964E-05
9.9964E-05 0.00338044 9.9964E-05 9.9964E-05 9.9964E-05 0.977638 0.0185821
0.144259 9.9955E-05 9.9955E-05 9.9955E-05 9.9955E-05 0.855241 9.9955E-05
0.0608033 9.9982E-05 0.422422 9.9982E-05 0.0619833 0.443618 0.0109742
0.354518 9.9982E-05 0.205513 9.9982E-05 0.0200171 0.393602 0.0261494
0.448151 0.0256403 0.0966059 9.9973E-05 9.9973E-05 0.429303 9.9973E-05
0.158093 0.00581323 0.0130021 9.9973E-05 9.9973E-05 0.822792 9.9973E-05
0.116204 0.00458805 9.9964E-05 9.9964E-05 9.9964E-05 0.878808 9.9964E-05
9.995E-05 9.995E-05 9.995E-05 9.995E-05 9.995E-05 0.9994 9.995E-05
0.0932643 9.9982E-05 0.0198333 9.9982E-05 0.00928328 0.855131 0.0222881
0.170637 0.112894 0.107107 0.0528114 0.29726 0.078085 0.181205
9.9964E-05 0.00179145 0.0120316 9.9964E-05 9.9964E-05 9.9964E-05 0.985777
9.9964E-05 9.9964E-05 0.0950062 0.900319 9.9964E-05 0.00427476 9.9964E-05
9.9991E-05 0.0714863 0.0320227 0.0556118 0.170157 0.0375388 0.633083
9.9973E-05 9.9973E-05 0.106158 0.739692 0.140638 9.9973E-05 0.0132111
9.9964E-05 9.9964E-05 9.9964E-05 0.0699691 0.0187268 0.910904 9.9964E-05
0.50862 9.9973E-05 0.102255 9.9973E-05 9.9973E-05 0.384319 0.00450604
0.138418 0.0181214 0.00693315 0.0906718 9.9991E-05 0.721945 0.0238106
0.0200679 0.0998767 9.9991E-05 0.591647 0.0153713 0.0433555 0.229581
0.120906 0.0918949 0.044733 0.530434 0.0509263 0.0676789 0.0934272
0.0335567 0.0291246 0.0593132 0.0377382 0.310779 0.00295926 0.526529
9.99549E-05 9.99549E-05 0.819722 0.179778 9.99549E-05 9.99549E-05 9.99549E-05
0.761504 0.0681756 9.9991E-05 0.00533301 0.00661007 0.10644 0.0518375
0.87607 0.0180168 0.0115681 0.0195582 9.9991E-05 0.0376611 0.0370257
0.967098 0.0134423 9.9973E-05 0.0169385 9.9973E-05 9.9973E-05 0.00222106
0.960179 0.00371899 9.9973E-05 0.0087028 9.9973E-05 0.0270994 9.9973E-05
0.989236 0.0102638 9.99549E-05 9.99549E-05 9.99549E-05 9.99549E-05 9.99549E-05
0.899527 0.0438552 9.9982E-05 0.0145122 9.9982E-05 0.0104464 0.031459
9.9964E-05 0.0254917 0.105518 0.86859 9.9964E-05 9.9964E-05 9.9964E-05
0.349361 0.0711401 9.9982E-05 0.0986973 9.9982E-05 0.427018 0.0535842
0.0601089 9.9991E-05 0.0051591 0.0206935 0.00258539 0.855462 0.0558915
9.995E-05 9.995E-05 9.995E-05 9.995E-05 9.995E-05 0.9994 9.995E-05
9.9973E-05 0.00673127 0.00960864 0.00154868 9.9973E-05 0.981811 9.9973E-05
0.108171 0.00124494 9.9973E-05 9.9973E-05 9.9973E-05 0.853632 0.0366515
0.9994 9.995E-05 9.995E-05 9.995E-05 9.995E-05 9.995E-05 9.995E-05
0.954902 0.0208499 9.9964E-05 9.9964E-05 9.9964E-05 9.9964E-05 0.0238481
0.642731 0.0141866 9.9982E-05 9.9982E-05 0.0177749 0.289852 0.0352553
0.693563 0.0311978 0.0432167 9.9982E-05 0.0141948 0.217628 9.9982E-05
0.994737 9.9955E-05 9.9955E-05 9.9955E-05 9.9955E-05 0.00476316 9.9955E-05
0.596112 9.9982E-05 0.0490198 9.9982E-05 0.00581514 0.314529 0.0343244
0.333392 9.9982E-05 0.0685531 9.9982E-05 0.0184928 0.23567 0.343692
9.9982E-05 0.00621786 0.0349208 0.0566148 0.102163 9.9982E-05 0.799884
0.0509599 9.9973E-05 0.0773982 9.9973E-05 0.132162 9.9973E-05 0.73918
0.00744499 0.0367761 0.00787972 9.9982E-05 0.107215 9.9982E-05 0.840485
9.9973E-05 0.0155691 0.0666328 9.9973E-05 0.0103438 9.9973E-05 0.907154
0.971476 9.99549E-05 9.99549E-05 9.99549E-05 0.0280239 9.99549E-05 9.99549E-05
0.9994 9.995E-05 9.995E-05 9.995E-05 9.995E-05 9.995E-05 9.995E-05
0.716111 0.00408698 0.0339188 9.9991E-05 0.0267674 0.210528 0.00848805
0.833709 9.9973E-05 0.0256312 9.9973E-05 9.9973E-05 0.110422 0.0299384
0.957303 0.00682207 0.0343255 9.9973E-05 0.00124996 9.9973E-05 9.9973E-05
0.926153 0.026275 9.9964E-05 0.0471717 9.9964E-05 9.9964E-05 9.9964E-05
0.9994 9.995E-05 9.995E-05 9.995E-05 9.995E-05 9.995E-05 9.995E-05
0.673503 9.9982E-05 0.06295 0.021393 9.9982E-05 0.230009 0.0119456
9.9964E-05 9.9964E-05 0.9096 9.9964E-05 0.00804431 9.9964E-05 0.0819558
9.9982E-05 0.0381219 0.723335 0.0302054 0.198552 0.00958574 9.9982E-05
9.99731E-05 0.0171263 0.933037 9.99731E-05 0.00678857 9.99731E-05 0.0427483
0.0730995 9.9982E-05 0.827351 0.0233506 0.0155838 9.9982E-05 0.0604152
0.453087 9.9991E-05 0.0114756 0.126106 0.0155634 0.370638 0.0230299
0.431601 9.9973E-05 9.9973E-05 0.0938129 9.9973E-05 0.466021 0.00826504
0.359214 9.9982E-05 0.035164 0.0131556 0.0140619 0.578205 9.9982E-05
0.32125 9.9982E-05 0.00193203 0.0744581 0.0289282 0.573232 9.9982E-05
0.525594 0.10085 9.9991E-05 0.138878 0.0557608 0.0838145 0.0950023
0.0761264 9.9973E-05 0.00908574 0.414083 9.9973E-05 0.500405 9.9973E-05
0.959272 9.99639E-05 0.0329228 9.99639E-05 0.00740533 9.99639E-05 9.99639E-05
0.593426 9.9973E-05 0.0669306 9.9973E-05 0.00542267 0.333921 9.9973E-05
0.569894 0.00930419 0.0973412 9.9973E-05 9.9973E-05 0.32316 9.9973E-05
0.0198772 0.0124582 0.00151002 0.458015 0.0534502 0.00863924 0.446051
0.029911 0.0433384 0.079376 0.68709 0.0525106 0.0805346 0.027239
9.9973E-05 0.0249525 9.9973E-05 0.028461 0.0995863 9.9973E-05 0.8467
0.000337932 0.0266173 9.9991E-05 0.003937 0.876567 0.0277321 0.0647081
0.00396574 0.0433668 9.9991E-05 0.00768358 0.638584 0.01499 0.29131
0.0339635 0.0114381 0.0523377 9.9982E-05 0.411419 9.9982E-05 0.490642
9.9991E-05 0.0280524 0.332096 0.228396 0.0102934 0.0246219 0.37644
9.9955E-05 9.9955E-05 9.9955E-05 9.9955E-05 0.111872 9.9955E-05 0.887628
0.0081083 9.9973E-05 9.9973E-05 0.0277658 0.0391046 9.9973E-05 0.924721
0.0302757 0.00190123 9.9982E-05 0.0636488 0.0230637 9.9982E-05 0.880911
9.9973E-05 0.00710996 9.9973E-05 0.012607 0.108314 9.9973E-05 0.871669
0.475515 0.0580256 9.9991E-05 0.244976 0.0371016 0.0787664 0.105516
0.298287 0.0238061 0.103616 0.13299 0.0152365 0.0563987 0.369664
0.343373 0.0171852 9.99821E-05 0.135149 9.99821E-05 0.232577 0.271516
0.533547 0.0213097 9.9982E-05 0.229826 9.9982E-05 0.176026 0.0390918
0.0602401 0.0456338 0.16933 0.0956314 0.0362441 0.0576037 0.535317
0.000833629 0.0309798 0.0442221 0.00241155 9.9991E-05 0.0121533 0.9093
0.478856 9.9982E-05 0.055761 0.0358257 9.9982E-05 0.42257 0.00678819
0.0406456 0.0787526 9.9982E-05 0.125549 0.0766534 9.9982E-05 0.6782
0.0212518 9.9964E-05 9.9964E-05 9.9964E-05 0.862389 9.9964E-05 0.11596
9.9982E-05 0.0270222 0.0737529 9.9982E-05 0.87961 0.00357343 0.0158419
9.9973E-05 9.9973E-05 0.00782854 9.9973E-05 0.0439134 0.0060916 0.941867
0.109661 0.476698 0.0133336 0.205071 0.0127547 0.0215953 0.160886
9.9991E-05 0.0051183 0.0379912 0.0805069 0.367902 0.0331864 0.475195
0.00015655 9.9973E-05 9.9973E-05 0.0196768 0.889693 9.9973E-05 0.0901734
0.0197372 0.0163541 9.9982E-05 0.146527 0.172334 9.9982E-05 0.644848
0.108118 0.510908 0.0455332 0.194043 0.0290268 0.0170783 0.0952932
9.9964E-05 0.990272 9.9964E-05 0.00864174 9.9964E-05 0.000686453 9.9964E-05
0.0675274 9.9973E-05 9.9973E-05 0.0586687 9.9973E-05 0.829336 0.0441676
0.0163428 0.0131156 0.152021 0.0160304 0.649973 0.101832 0.0506848
0.177147 0.0323559 0.00722413 0.572505 0.104491 0.0961091 0.010168
0.00995768 0.0418024 0.124521 0.790046 9.9991E-05 0.00076812 0.0328045
9.9982E-05 0.0298934 0.137935 0.751935 9.9982E-05 0.0086645 0.0713723
9.9964E-05 0.000323241 0.210829 9.9964E-05 0.788448 9.9964E-05 9.9964E-05
9.9973E-05 9.9973E-05 0.00156029 0.0581077 0.0177075 0.922325 9.9973E-05
0.277546 0.0342286 0.0616446 0.360343 0.0347121 0.209444 0.0220828
9.9964E-05 9.9964E-05 0.874173 0.0952529 0.0301741 9.9964E-05 9.9964E-05
9.9973E-05 9.9973E-05 0.0243773 0.0194636 0.953297 9.9973E-05 0.00256224
0.00066252 0.036254 0.848985 0.106402 0.00749619 9.9982E-05 9.9982E-05
0.160116 0.0521447 9.9982E-05 0.609932 0.103042 0.074565 9.9982E-05
0.128549 0.0458687 0.00684996 0.603315 0.105655 0.109662 9.9991E-05
0.229724 9.9982E-05 9.9982E-05 0.248222 0.0296487 0.442735 0.04947
0.0988167 0.00760858 9.9991E-05 0.121066 0.0470746 0.677079 0.0482553
0.230355 9.9991E-05 0.128618 0.370289 0.00584979 0.241663 0.0231262
0.0309627 0.00774262 0.154971 0.733942 9.9982E-05 0.072182 9.9982E-05
9.9973E-05 9.9973E-05 0.0189417 0.0166552 0.947377 9.9973E-05 0.0167263
9.9973E-05 9.9973E-05 0.0808956 0.0211259 0.861093 9.9973E-05 0.0365856
0.0603775 0.14759 0.015733 0.329754 0.0453182 0.0347961 0.366432
0.190732 9.9982E-05 9.9982E-05 0.334748 0.0658717 0.390967 0.0174817
9.9964E-05 9.9964E-05 0.132604 0.859924 9.9964E-05 0.0070719 9.9964E-05
9.9982E-05 0.0162697 0.00867146 0.0144916 0.0038111 9.9982E-05 0.956556
0.11956 9.9964E-05 9.9964E-05 0.601438 9.9964E-05 0.278602 9.9964E-05
0.0969129 0.0105674 0.172341 0.242796 9.9991E-05 0.105828 0.371455
0.315554 0.128516 0.0337173 0.126097 9.99911E-05 0.345956 0.0500587
0.0440988 0.138601 9.9991E-05 0.233059 0.0349193 0.0486944 0.500527
9.9982E-05 0.0486867 0.158316 0.328571 0.461822 0.00240429 9.9982E-05
0.0333254 0.0676473 9.9982E-05 0.720879 0.0209559 9.9982E-05 0.156992
9.9955E-05 9.9955E-05 9.9955E-05 0.0229321 9.9955E-05 9.9955E-05 0.976568
0.0482964 9.9973E-05 9.9973E-05 0.0290941 0.00848567 9.9973E-05 0.913824
9.9955E-05 9.9955E-05 9.9955E-05 0.0634627 0.936038 9.9955E-05 9.9955E-05
9.9964E-05 0.00664549 0.0192829 9.9964E-05 9.9964E-05 9.9964E-05 0.973672
0.0907647 0.0660072 9.9991E-05 0.176803 0.0351918 0.0312941 0.599839
0.0281518 0.0385832 9.9982E-05 0.052758 0.05381 9.9982E-05 0.826497
9.9982E-05 9.9982E-05 0.138974 0.0191387 0.0128088 0.0239313 0.804947
0.128235 0.0663665 0.0790781 0.528145 0.0915134 0.104721 0.00194068
0.0757602 9.9973E-05 9.9973E-05 0.0326788 9.9973E-05 0.864453 0.0268079
0.0385957 0.00100452 9.9982E-05 0.00537911 9.9982E-05 0.945265 0.00955537
9.99821E-05 0.0119806 0.052812 0.0186402 0.802088 9.99821E-05 0.114279
0.0935096 9.9973E-05 9.9973E-05 9.9973E-05 0.0298241 0.870695 0.0056718
0.0156082 0.926334 9.9973E-05 0.0470539 9.9973E-05 9.9973E-05 0.0107039
9.9982E-05 0.970173 0.00528659 0.00218212 0.0154862 0.00667222 9.9982E-05
0.0113485 0.477155 0.010415 0.0533317 0.0578173 0.174959 0.214974
9.9964E-05 9.9964E-05 0.180171 9.9964E-05 9.9964E-05 0.0464983 0.772931
9.9955E-05 0.997552 0.00194831 9.9955E-05 9.9955E-05 9.9955E-05 9.9955E-05
9.9955E-05 0.971537 9.9955E-05 0.0279628 9.9955E-05 9.9955E-05 9.9955E-05
9.9955E-05 0.998033 9.9955E-05 0.00146732 9.9955E-05 9.9955E-05 9.9955E-05
9.995E-05 0.9994 9.995E-05 9.995E-05 9.995E-05 9.995E-05 9.995E-05
9.995E-05 0.9994 9.995E-05 9.995E-05 9.995E-05 9.995E-05 9.995E-05
9.9955E-05 9.9955E-05 0.078296 9.9955E-05 0.921204 9.9955E-05 9.9955E-05
9.9973E-05 0.0193577 0.179261 0.748743 9.9973E-05 0.0523389 9.9973E-05
0.0378606 0.024879 0.88382 0.0169452 0.00968052 9.9991E-05 0.0267152
9.9955E-05 9.9955E-05 0.92372 0.0757807 9.9955E-05 9.9955E-05 9.9955E-05
9.9964E-05 9.9964E-05 0.183252 9.9964E-05 0.38076 9.9964E-05 0.435588
9.9964E-05 0.0411815 0.121208 9.9964E-05 0.837211 9.9964E-05 9.9964E-05
9.9973E-05 0.0190167 0.152477 0.801612 9.9973E-05 0.0265948 9.9973E-05
0.0425264 0.0511076 0.710074 0.190719 9.9982E-05 9.9982E-05 0.00537299
9.9973E-05 9.9973E-05 0.850749 0.00189087 0.10889 0.0381706 9.9973E-05
9.9964E-05 0.0313253 0.355743 0.612532 9.9964E-05 9.9964E-05 9.9964E-05
9.9973E-05 0.942429 0.0167953 0.0356533 9.9973E-05 0.004822 9.9973E-05
0.052626 0.0169037 0.232304 9.9991E-05 0.464 0.100293 0.133774
0.041214 9.9991E-05 0.0864211 0.0150497 0.0435017 0.0165156 0.797198
9.9991E-05 0.0277481 0.00677847 0.0908503 0.0316271 0.000508451 0.842388
0.108438 0.0324647 9.9982E-05 0.121291 0.0660686 9.9982E-05 0.671538
9.9964E-05 9.9964E-05 9.9964E-05 0.0671947 0.87276 9.9964E-05 0.0596451
0.000504819 9.9964E-05 0.441053 9.9964E-05 0.558042 9.9964E-05 9.9964E-05
0.106079 0.00836986 9.9964E-05 9.9964E-05 9.9964E-05 0.885151 9.9964E-05
0.205734 9.99821E-05 0.223349 9.99821E-05 0.179997 0.170199 0.220521
0.0221463 0.0181799 0.462412 0.113367 0.383695 9.9982E-05 9.9982E-05
