0.0426226 0.162071 0.652208 9.9991E-05 0.0214028 0.121596
0.0175714 0.176089 0.31575 0.0198591 0.00350659 0.467224
0.0943965 0.150444 0.222569 0.0464272 0.0558827 0.430281
0.0423382 0.187964 0.649488 9.9982E-05 9.9982E-05 0.12001
0.0113811 9.99844E-05 0.0243979 9.99844E-05 0.0218843 0.942137
0.0434893 0.207953 0.26248 0.0795287 9.9991E-05 0.406449
0.0863204 9.9982E-05 0.38033 0.0050166 0.528133 9.9982E-05
9.9964E-05 9.9964E-05 0.0203613 9.9964E-05 0.979239 9.9964E-05
9.9973E-05 0.00909472 9.9973E-05 9.9973E-05 0.980987 0.00961877
9.9964E-05 9.9964E-05 9.9964E-05 9.9964E-05 0.998124 0.00147593
0.838454 0.0517489 0.0789562 9.9982E-05 9.9982E-05 0.0306405
0.940003 9.9973E-05 0.0270603 9.9973E-05 0.0326371 9.9973E-05
0.93128 9.9982E-05 0.0378685 0.010474 0.0201773 9.9982E-05
0.999207 9.9964E-05 0.000393387 9.9964E-05 9.9964E-05 9.9964E-05
9.9982E-05 0.020017 0.116226 0.853063 0.0104944 9.9982E-05
9.9982E-05 9.9982E-05 0.00299052 0.00343323 0.991833 0.0015435
0.197158 9.9973E-05 0.801863 9.9973E-05 0.00067875 9.9973E-05
0.0802748 9.9973E-05 9.9973E-05 0.909381 0.0100438 9.9973E-05
0.212392 0.0516287 0.127455 0.595535 0.0128886 9.9991E-05
0.630227 0.003573 9.9982E-05 0.359743 0.00625644 9.9982E-05
0.02902 9.9982E-05 0.0659534 0.856699 0.0481281 9.9982E-05
0.871894 9.9973E-05 9.9973E-05 0.0932636 0.0345423 9.9973E-05
0.0779845 9.9964E-05 9.9964E-05 0.921616 9.9964E-05 9.9964E-05
0.797718 0.0281637 0.0107899 0.122864 0.0360557 0.00440895
0.933476 9.9964E-05 9.9964E-05 0.066124 9.9964E-05 9.9964E-05
9.9973E-05 0.00369853 0.0468081 0.949193 9.9973E-05 9.9973E-05
0.098447 9.9973E-05 9.9973E-05 0.883004 0.0182491 9.9973E-05
0.30523 0.0734479 9.9982E-05 0.613334 9.9982E-05 0.00778845
0.0179507 0.0157783 9.9982E-05 0.943929 0.022142 9.9982E-05
0.0288591 9.9973E-05 9.9973E-05 0.965186 9.9973E-05 0.00565462
0.927696 0.0114689 9.9973E-05 0.0605348 9.9973E-05 9.9973E-05
0.937862 9.99641E-05 0.0617384 9.99641E-05 9.99641E-05 9.99641E-05
0.0756837 9.99641E-05 9.99641E-05 0.923916 9.99641E-05 9.99641E-05
0.776245 0.0146567 0.0179749 0.17504 0.010742 0.00534103
0.0261829 9.9964E-05 9.9964E-05 0.973417 9.9964E-05 9.9964E-05
0.959134 9.9982E-05 9.9982E-05 0.0346529 0.00215538 0.0038576
0.0892765 9.9973E-05 9.9973E-05 0.910262 9.9973E-05 0.00016166
0.92643 0.0183741 9.9982E-05 0.0546441 0.000352298 9.9982E-05
9.9973E-05 0.185322 0.632191 9.9973E-05 9.9973E-05 0.182187
0.0101641 0.163419 9.9973E-05 9.9973E-05 9.9973E-05 0.826117
0.845141 9.9973E-05 0.0607656 9.9973E-05 9.9973E-05 0.0937936
0.0578464 9.9964E-05 9.9964E-05 0.941754 9.9964E-05 9.9964E-05
0.92663 0.0196052 9.9973E-05 0.053465 9.9973E-05 9.9973E-05
0.0942498 0.411898 0.289717 9.9982E-05 9.9982E-05 0.203935
0.233846 0.0516259 0.112119 0.551044 0.0507551 0.000610736
0.488526 0.00545023 0.0873803 0.40292 0.0135492 0.00217459
0.0180092 0.0133293 0.0417016 0.88225 0.0274544 0.0172558
0.027465 0.226702 0.20793 0.0639917 9.9991E-05 0.473812
9.9982E-05 0.713569 0.0840577 9.9982E-05 0.00875725 0.193416
0.0074656 9.9973E-05 0.967615 9.9973E-05 0.0246199 9.9973E-05
0.129208 0.011152 0.85934 9.9973E-05 9.9973E-05 9.9973E-05
0.149973 9.9982E-05 0.811177 0.0148356 0.0238147 9.9982E-05
0.000505721 9.9973E-05 0.993473 9.9973E-05 0.00572125 9.9973E-05
0.0267931 0.000234159 0.00662031 0.00973166 0.944882 0.0117393
0.0238565 0.0207607 0.00422902 9.9982E-05 0.950954 9.9982E-05
0.712338 9.9973E-05 0.226539 9.9973E-05 0.0608222 9.9973E-05
0.942837 9.9973E-05 9.9973E-05 0.045607 0.0112557 9.9973E-05
0.0266163 0.0564526 0.356845 0.263115 0.0728609 0.22411
9.9982E-05 0.0064409 0.0456259 0.0138924 9.9982E-05 0.933841
9.9982E-05 0.409492 0.0477732 0.0316138 9.9982E-05 0.510921
0.210316 9.9964E-05 0.789284 9.9964E-05 9.9964E-05 9.9964E-05
0.187273 9.9982E-05 0.757349 0.0326514 9.9982E-05 0.0225269
0.190857 0.0717568 0.737086 9.9973E-05 9.9973E-05 9.9973E-05
0.000661398 9.9973E-05 0.0216552 9.9973E-05 0.977383 9.9973E-05
9.9982E-05 0.0272872 0.0365969 0.014339 9.9982E-05 0.921577
0.240949 9.9973E-05 0.748509 0.0102428 9.9973E-05 9.9973E-05
9.9982E-05 0.0829961 0.752252 9.9982E-05 0.0328222 0.13173
0.936845 9.9964E-05 9.9964E-05 0.0627553 9.9964E-05 9.9964E-05
0.988043 9.9964E-05 9.9964E-05 9.9964E-05 0.0115571 9.9964E-05
9.9991E-05 0.0240374 0.0955557 0.0238794 0.816396 0.0400311
9.9991E-05 0.00750919 0.106982 0.0463163 0.831536 0.00755708
0.0278762 0.017314 0.0561148 0.0170574 0.881538 9.9991E-05
9.9973E-05 9.9973E-05 0.0225165 9.9973E-05 0.968289 0.00889431
0.00455331 9.9973E-05 0.0287766 9.9973E-05 0.96637 9.9973E-05
0.00957231 9.9973E-05 9.9973E-05 9.9973E-05 0.984079 0.00604849
9.9973E-05 9.9973E-05 0.0131998 0.00661174 0.979889 9.9973E-05
9.9964E-05 9.9964E-05 9.9964E-05 9.9964E-05 0.990645 0.00895465
9.9973E-05 0.0293816 9.9973E-05 9.9973E-05 0.969888 0.000430244
9.996E-05 9.996E-05 9.996E-05 9.996E-05 0.9995 9.996E-05
0.0219324 0.00870287 0.00786116 0.013183 0.948221 9.9991E-05
0.0236418 0.00788885 9.9982E-05 9.9982E-05 0.960161 0.00810877
0.00532364 0.00976187 0.01852 0.0189218 0.946124 0.00134869
0.0520798 9.9973E-05 9.9973E-05 0.426831 0.520789 9.9973E-05
0.0158488 9.9973E-05 9.9973E-05 0.422638 0.561213 9.9973E-05
9.996E-05 9.996E-05 9.996E-05 9.996E-05 0.9995 9.996E-05
9.9964E-05 9.9964E-05 0.0321814 9.9964E-05 0.967419 9.9964E-05
9.9973E-05 9.9973E-05 0.057985 9.9973E-05 0.938537 0.00317812
0.00952736 9.9991E-05 0.0188765 0.00670931 0.953728 0.0110592
9.996E-05 9.996E-05 9.996E-05 9.996E-05 0.9995 9.996E-05
0.0038869 9.9973E-05 9.9973E-05 0.446563 0.54925 9.9973E-05
0.0389884 0.0278893 9.9991E-05 0.0597801 0.867062 0.00618057
0.009974 0.0086819 0.020329 9.9991E-05 0.947911 0.013004
9.9973E-05 9.9973E-05 0.0355141 9.9973E-05 0.957074 0.0071123
9.9982E-05 0.0250667 0.0194235 9.9982E-05 0.949031 0.00627916
0.0356981 9.9991E-05 0.0341292 0.0415119 0.877321 0.0112395
9.9964E-05 9.9964E-05 0.0428816 9.9964E-05 0.956719 9.9964E-05
0.0274309 0.0727282 0.180614 0.627228 9.9991E-05 0.091899
9.9973E-05 9.9973E-05 9.9973E-05 0.0478826 0.929382 0.022435
9.9964E-05 9.9964E-05 9.9964E-05 0.015444 0.984156 9.9964E-05
0.0163126 0.0777057 0.051742 0.0676794 0.730153 0.0564076
9.996E-05 9.996E-05 9.996E-05 9.996E-05 0.9995 9.996E-05
0.000818497 9.9973E-05 9.9973E-05 0.0208122 0.978069 9.9973E-05
0.0151571 0.00484109 9.9982E-05 9.9982E-05 0.96882 0.0109823
0.00409922 9.9991E-05 0.00248102 0.012462 0.980042 0.000815719
0.0109675 0.00824019 9.9982E-05 0.947161 0.0334312 9.9982E-05
9.996E-05 9.996E-05 9.996E-05 9.996E-05 0.9995 9.996E-05
9.9973E-05 0.0207353 0.016782 9.9973E-05 0.962183 9.9973E-05
9.996E-05 9.996E-05 9.996E-05 9.996E-05 0.9995 9.996E-05
0.294674 9.9982E-05 0.0594579 0.62061 0.0250581 9.9982E-05
0.0021563 9.9991E-05 0.0378566 0.00382889 0.933332 0.022726
0.0168282 0.00363086 0.0224418 9.9982E-05 0.956899 9.9982E-05
9.9982E-05 0.00582391 0.00724538 0.0215513 0.965179 9.9982E-05
0.00873089 9.9964E-05 9.9964E-05 9.9964E-05 0.990869 9.9964E-05
0.231993 9.9982E-05 0.0298577 0.683638 0.0543117 9.9982E-05
9.996E-05 9.996E-05 9.996E-05 9.996E-05 0.9995 9.996E-05
9.9973E-05 9.9973E-05 0.0485897 9.9973E-05 0.929103 0.0220075
0.0223473 9.9973E-05 9.9973E-05 0.463985 0.513368 9.9973E-05
0.00839839 9.9964E-05 9.9964E-05 9.9964E-05 0.991202 9.9964E-05
0.738263 9.9973E-05 9.9973E-05 0.23108 0.0303571 9.9973E-05
0.674061 9.9973E-05 9.9973E-05 0.298467 9.9973E-05 0.0271719
0.884259 9.9982E-05 0.0217306 0.060578 9.9982E-05 0.033232
0.0551639 9.9982E-05 9.9982E-05 0.911262 0.0261584 0.00721524
0.196502 0.0193828 0.722568 9.99949E-05 0.0609371 0.000509384
0.855384 0.0199791 9.9991E-05 0.0621681 0.0566764 0.00569225
0.458784 0.070067 0.259973 0.192713 9.9991E-05 0.0183626
0.770589 0.0122511 9.9991E-05 0.176905 0.0233488 0.0168055
0.683949 0.0285549 9.9982E-05 0.258561 9.9982E-05 0.0287351
0.710317 9.9982E-05 0.0348725 0.22567 0.0289404 9.9982E-05
0.611002 0.0812235 9.9982E-05 0.279577 9.9982E-05 0.0279976
0.585022 0.0663468 9.9991E-05 0.324856 0.00660676 0.0170685
0.933738 9.9982E-05 9.9982E-05 0.0247135 0.0014763 0.0398722
0.930002 9.9991E-05 0.00948722 0.002326 0.0470104 0.0110744
0.934533 0.0241772 9.9982E-05 9.9982E-05 0.0276456 0.0134439
0.101831 0.0484562 0.0472528 0.765302 0.037058 9.9991E-05
0.0124897 0.543306 0.0362152 0.00491556 0.018382 0.384691
9.9991E-05 0.50324 0.0877741 0.00303677 0.049604 0.356245
0.033712 0.13058 0.103324 9.9982E-05 9.9982E-05 0.732183
0.172521 0.0384953 0.332709 0.346784 0.0893992 0.0200921
9.9982E-05 0.542996 0.110402 9.9982E-05 0.00474542 0.341657
0.00613333 0.525082 0.106558 0.000116661 0.00658831 0.355522
0.488262 0.0200317 0.137959 0.157273 0.132219 0.0642543
0.0196151 0.420115 0.0321036 0.0204012 9.9991E-05 0.507665
0.0475734 0.411104 0.0334251 0.0246648 0.0274555 0.455778
0.0119647 0.453047 0.054864 9.9982E-05 9.9982E-05 0.479924
0.000760868 0.591882 0.112791 0.067948 0.00946507 0.217153
0.0047769 0.593757 0.0613056 0.0563384 0.0345987 0.249223
0.0132854 0.447811 0.0496653 0.0358092 9.9991E-05 0.453329
0.0644532 0.0468185 0.888428 9.99729E-05 9.99729E-05 9.99729E-05
9.9982E-05 0.199004 9.9982E-05 0.0301239 0.000130496 0.770542
0.0082631 9.9982E-05 0.03058 0.93035 0.0306074 9.9982E-05
0.00252074 0.0244869 9.9991E-05 0.942346 0.0256867 0.00485997
0.00211111 0.0387394 0.0214038 0.0250538 0.017293 0.895399
0.151899 0.1218 0.206376 0.216476 0.143473 0.159975
0.219094 0.0216648 0.720302 0.0269048 9.9991E-05 0.0119347
0.848395 0.0370833 0.0262719 9.9982E-05 9.9982E-05 0.0880498
0.116034 0.0349452 0.00131104 0.823072 0.0245369 9.9991E-05
0.664335 0.181971 9.9982E-05 9.9982E-05 0.0377902 0.115704
0.218182 0.0693486 0.694417 0.0178533 9.9982E-05 9.9982E-05
0.0434517 0.579631 0.0432107 0.0445364 0.0243283 0.264842
0.122377 0.0105013 0.854943 0.0119784 9.9982E-05 9.9982E-05
0.0455844 0.134742 0.527686 0.173961 0.0403324 0.0776938
9.9973E-05 0.0183093 9.9973E-05 0.952922 0.028469 9.9973E-05
0.0329457 0.113438 9.9982E-05 9.9982E-05 0.0456153 0.807801
0.54418 0.0177546 9.9973E-05 9.9973E-05 9.9973E-05 0.437766
0.0209443 9.9982E-05 9.9982E-05 0.0516645 0.0217672 0.905424
0.434801 0.0865178 0.34773 0.043261 0.0161369 0.0715532
9.996E-05 9.996E-05 9.996E-05 9.996E-05 9.996E-05 0.9995
0.292069 9.9973E-05 0.692933 9.9973E-05 9.9973E-05 0.014698
0.0427613 9.9991E-05 0.0191145 0.0590224 0.0563447 0.822657
0.0433035 9.9982E-05 9.9982E-05 0.033396 0.0588705 0.86423
0.0161571 9.9991E-05 0.0286083 0.866158 0.00228388 0.0866932
0.142293 0.191462 0.0926665 0.415778 0.00400477 0.153797
0.406149 0.0514519 0.0983535 0.328074 0.0337155 0.0822562
0.0179998 0.823104 0.0430097 0.0223754 0.0275183 0.0659927
0.0240094 0.955998 0.0196925 9.9973E-05 9.9973E-05 9.9973E-05
0.0325885 0.896011 0.0543373 0.00575735 0.0112059 9.9991E-05
0.0173658 0.852293 0.0616879 0.0313359 0.0372172 9.9991E-05
9.9964E-05 0.0365818 9.9964E-05 0.963018 9.9964E-05 9.9964E-05
0.00248057 9.9991E-05 0.0283215 0.933102 0.0120785 0.0239178
0.0658238 0.0324744 0.0670202 0.8128 0.0217817 9.9991E-05
9.9982E-05 0.558264 0.0811851 9.9982E-05 0.00823047 0.35212
0.211402 0.104153 0.123067 0.23391 0.151088 0.17638
0.00550826 0.11744 0.313114 0.385022 0.137965 0.0409511
0.0853397 9.9991E-05 0.0835755 0.77271 0.0347403 0.023535
0.063282 0.0279657 0.111176 0.685499 0.0875193 0.0245577
9.9991E-05 0.0928057 0.0677671 0.776049 0.0570257 0.00625255
0.00339691 0.0614563 0.174182 0.523734 0.155599 0.0816309
0.0398939 0.052309 0.793195 0.0117317 0.0268429 0.0760276
0.921172 9.9982E-05 0.0510503 0.0222351 0.0053425 9.9982E-05
0.613247 0.00970297 0.0458008 0.260333 0.0708162 9.9991E-05
9.9973E-05 9.9973E-05 0.0140903 9.9973E-05 0.00144526 0.984165
9.9964E-05 9.9964E-05 0.0785021 9.9964E-05 9.9964E-05 0.921098
0.0172341 9.9982E-05 0.0598389 0.023559 9.9982E-05 0.899168
9.9982E-05 0.330373 0.210475 9.9982E-05 0.00156326 0.457389
9.9991E-05 0.116591 0.432778 0.0197348 0.0532178 0.377579
9.9991E-05 0.0927639 0.407883 0.0411869 0.0665914 0.391475
9.9982E-05 0.0396223 0.0415644 0.912478 0.00613572 9.9982E-05
9.9991E-05 0.0453665 0.0670675 0.856525 0.0294068 0.00153393
0.0300411 9.9964E-05 9.9964E-05 0.969559 9.9964E-05 9.9964E-05
0.300519 9.9973E-05 0.680293 9.9973E-05 9.9973E-05 0.0188884
0.02734 9.9973E-05 9.9973E-05 9.9973E-05 0.0131502 0.95921
0.00216021 9.9973E-05 9.9973E-05 9.9973E-05 0.029195 0.968345
0.000136611 0.031845 9.9973E-05 9.9973E-05 9.9973E-05 0.967719
0.0387621 0.0656992 9.9973E-05 9.9973E-05 9.9973E-05 0.895239
0.0280279 0.0502578 0.00339941 0.00742956 9.9991E-05 0.910785
0.834738 9.9973E-05 0.076933 9.9973E-05 9.9973E-05 0.0880291
9.9991E-05 0.362135 0.167978 0.0738042 0.0696293 0.326353
0.203742 9.99639E-05 0.795858 9.99639E-05 9.99639E-05 9.99639E-05
0.836969 9.9982E-05 0.0843672 9.9982E-05 0.000121712 0.0783418
9.9982E-05 0.00967133 0.144257 0.791884 9.9982E-05 0.053988
0.970058 9.9972E-05 0.0295422 9.9972E-05 9.9972E-05 9.9972E-05
0.901743 9.9973E-05 0.0940784 9.9973E-05 0.00387876 9.9973E-05
0.876144 0.0084753 0.103833 9.9982E-05 0.0113477 9.9982E-05
0.0261261 9.9982E-05 9.9982E-05 0.0180347 0.0160049 0.939634
0.0118647 9.9964E-05 9.9964E-05 9.9964E-05 9.9964E-05 0.987735
0.0171703 0.243481 0.253132 0.0752777 9.9991E-05 0.410839
0.0154156 9.9991E-05 0.00240621 0.00854078 0.0209545 0.952583
9.996E-05 9.996E-05 9.996E-05 9.996E-05 9.996E-05 0.9995
0.5441 0.0384687 9.9982E-05 9.9982E-05 0.00924975 0.407982
9.9982E-05 0.0752845 0.0213796 0.0398497 9.9982E-05 0.863286
9.9982E-05 0.0783506 0.0181516 0.0675722 9.9982E-05 0.835726
9.9991E-05 0.181569 0.428033 0.0936352 0.0404718 0.256191
0.263581 0.0042712 0.731611 9.9982E-05 0.000336626 9.9982E-05
0.083519 0.129034 0.0522178 9.9982E-05 9.9982E-05 0.735029
0.0311633 0.207919 9.9991E-05 0.304986 0.44494 0.0108923
0.147902 0.0777721 0.0517354 9.9982E-05 9.9982E-05 0.722391
0.0249979 9.9964E-05 9.9964E-05 9.9964E-05 9.9964E-05 0.974602
0.902397 9.9982E-05 0.0441896 9.9982E-05 0.00939085 0.0438223
0.631242 9.9973E-05 0.0756095 9.9973E-05 9.9973E-05 0.292849
0.169625 9.9973E-05 0.82113 0.00894531 9.9973E-05 9.9973E-05
9.9982E-05 9.9982E-05 0.930956 0.00604009 0.0244322 0.0383714
0.90656 9.9973E-05 9.9973E-05 0.0873843 9.9973E-05 0.00575579
0.11096 9.9982E-05 0.860519 0.0186781 0.0096425 9.9982E-05
0.268924 9.9982E-05 0.723941 0.00241955 9.9982E-05 0.00451502
0.295348 9.9973E-05 0.689203 9.9973E-05 9.9973E-05 0.0151491
0.0211431 9.9964E-05 0.978457 9.9964E-05 9.9964E-05 9.9964E-05
0.306509 0.0715208 0.56973 0.00704512 9.9991E-05 0.045095
0.207782 9.9964E-05 0.791818 9.9964E-05 9.9964E-05 9.9964E-05
9.9991E-05 0.196431 0.383996 0.104899 0.0545223 0.260052
0.053361 9.9964E-05 9.9964E-05 0.946239 9.9964E-05 9.9964E-05
9.9982E-05 0.0151971 0.137822 0.803616 9.9982E-05 0.0431648
9.996E-05 9.996E-05 9.996E-05 9.996E-05 0.9995 9.996E-05
0.0326142 0.0321634 0.195606 0.680247 9.9991E-05 0.0592692
0.0942797 9.9973E-05 9.9973E-05 0.889431 0.0159898 9.9973E-05
0.250368 9.9973E-05 0.412824 0.336509 9.9973E-05 9.9973E-05
0.0779395 9.9982E-05 0.00783676 0.87847 0.0355536 9.9982E-05
0.547452 0.0258303 0.0830804 0.284254 0.048869 0.0105149
9.9973E-05 0.0174768 0.00204445 0.980179 9.9973E-05 9.9973E-05
0.0272545 0.0365859 0.595453 0.181069 0.14731 0.0123274
0.186484 0.0686508 0.670242 0.0744231 9.9982E-05 9.9982E-05
0.290164 0.0429328 0.411723 0.212215 0.0386881 0.0042772
0.0677395 9.9991E-05 0.00785381 0.89674 0.015812 0.0117549
9.9973E-05 0.0408115 9.9973E-05 9.9973E-05 0.0251657 0.933723
0.952121 9.9973E-05 9.9973E-05 0.041443 9.9973E-05 0.00613571
9.9991E-05 0.0938299 0.626051 0.15687 0.0921346 0.0310146
0.937892 9.9973E-05 0.0263659 0.0354421 9.9973E-05 9.9973E-05
0.0122281 0.0353674 0.0408399 9.9982E-05 9.9982E-05 0.911365
0.229531 9.9964E-05 0.770069 9.9964E-05 9.9964E-05 9.9964E-05
9.9982E-05 0.00574331 0.0117668 9.9982E-05 0.96721 0.0150803
0.0157967 0.110967 0.0926711 0.048925 0.698759 0.0328808
9.9964E-05 9.9964E-05 9.9964E-05 0.983373 0.0162272 9.9964E-05
0.620026 9.9982E-05 0.062965 0.26223 0.0545794 9.9982E-05
0.178911 9.99639E-05 0.82069 9.99639E-05 9.99639E-05 9.99639E-05
0.187571 9.9964E-05 0.812029 9.9964E-05 9.9964E-05 9.9964E-05
0.642009 0.116306 0.127661 9.9982E-05 9.9982E-05 0.113825
0.634099 0.00234689 0.0398678 0.301605 0.0219808 9.9991E-05
9.9973E-05 9.9973E-05 0.0703078 0.0042662 9.9973E-05 0.925126
9.9991E-05 0.125129 0.424416 0.025759 0.0518764 0.372719
0.03313 0.352178 0.0109201 9.9982E-05 9.9982E-05 0.603572
0.0448496 0.5305 0.04151 0.0737824 0.114652 0.194706
0.0382204 0.507142 0.106177 0.0895705 0.0793189 0.179571
9.9991E-05 0.43748 0.0946259 0.0452953 0.0272001 0.395298
9.9991E-05 0.0853273 0.427179 0.03838 0.0486664 0.400348
0.00698833 0.53343 0.125464 0.0733616 0.0473564 0.2134
9.9982E-05 0.484172 0.0850113 0.0754181 9.9982E-05 0.355199
9.9991E-05 0.127644 0.60217 0.0878999 0.0668665 0.11532
9.9982E-05 0.387356 0.0979834 0.0649895 9.9982E-05 0.449472
9.9991E-05 0.163503 0.504795 0.167241 0.0619079 0.102453
0.122358 9.9964E-05 0.877242 9.9964E-05 9.9964E-05 9.9964E-05
0.033565 0.221319 0.564349 0.0350696 0.0500904 0.0956069
0.0450829 0.280251 0.195733 0.0330684 0.0638911 0.381973
0.0891549 0.290526 0.211388 0.0361646 0.036397 0.336369
9.9991E-05 0.157968 0.407808 0.0250459 0.0678292 0.341249
0.0303251 0.413052 0.0745539 0.00153401 0.0576732 0.422862
0.82993 0.0134009 9.9973E-05 0.156369 9.9973E-05 9.9973E-05
0.0196095 9.9982E-05 0.0280846 0.0111182 9.9982E-05 0.940988
0.00206622 0.557471 0.135567 0.0816728 0.0639023 0.159321
9.9991E-05 0.331456 0.139693 0.039148 0.0183238 0.471279
9.9991E-05 0.531306 0.103757 0.0602614 0.0399992 0.264576
0.00978839 0.551275 0.0639002 0.0309625 0.0620699 0.282004
9.9982E-05 0.0455041 0.162782 0.755716 9.9982E-05 0.0357977
0.45762 0.048174 0.0566739 0.380744 0.0505495 0.00623778
9.9982E-05 0.0959675 0.0160881 9.9982E-05 0.0160158 0.871729
0.917346 9.9973E-05 0.0131974 0.0691567 9.9973E-05 9.9973E-05
0.012384 0.00954616 0.194468 0.714633 9.9991E-05 0.0688695
9.9973E-05 9.9973E-05 0.932342 9.9973E-05 0.0610717 0.00628638
9.996E-05 9.996E-05 9.996E-05 9.996E-05 9.996E-05 0.9995
9.996E-05 9.996E-05 9.996E-05 9.996E-05 9.996E-05 0.9995
9.9982E-05 0.0352879 9.9982E-05 0.00796602 0.0188454 0.937701
9.996E-05 9.996E-05 9.996E-05 9.996E-05 9.996E-05 0.9995
0.294087 9.9982E-05 0.680646 0.00157793 9.9982E-05 0.0234892
9.9973E-05 9.9973E-05 9.9973E-05 0.0781858 0.0469204 0.874594
0.00574165 0.0322076 0.154744 0.763499 9.9991E-05 0.0437072
9.9964E-05 9.9964E-05 0.00714038 0.99246 9.9964E-05 9.9964E-05
0.0515193 0.0100175 9.9982E-05 0.896787 0.0414763 9.9982E-05
9.9982E-05 9.9982E-05 0.000857053 0.970737 0.0167648 0.0114417
0.0613219 0.0106969 9.9982E-05 0.909855 0.0179262 9.9982E-05
9.9991E-05 0.607737 0.135212 0.101252 0.0763508 0.0793471
0.0176499 0.594952 0.115728 0.0894 0.0983553 0.0839148
0.0465671 0.90689 0.0124546 0.0338888 9.9982E-05 9.9982E-05
9.9982E-05 0.924833 9.9982E-05 0.0198078 0.00755745 0.0476015
9.9973E-05 0.979457 0.0053954 0.0148474 9.9973E-05 9.9973E-05
0.0585406 0.317101 0.596158 0.0115207 0.016579 9.9991E-05
0.0230601 0.949219 9.9982E-05 0.0268208 0.000700338 9.9982E-05
0.273759 0.157364 0.143535 0.211906 9.9991E-05 0.213335
9.996E-05 0.9995 9.996E-05 9.996E-05 9.996E-05 9.996E-05
9.996E-05 0.9995 9.996E-05 9.996E-05 9.996E-05 9.996E-05
9.9973E-05 0.976121 9.9973E-05 0.00810744 0.0154712 9.9973E-05
0.0251083 0.648477 9.9982E-05 0.0562874 9.9982E-05 0.269928
9.996E-05 0.9995 9.996E-05 9.996E-05 9.996E-05 9.996E-05
0.00611999 0.931645 9.9991E-05 0.0393489 0.0135681 0.00921818
0.848035 0.0186028 9.9982E-05 0.132206 0.000956368 9.9982E-05
0.542447 0.055438 0.0663512 0.252879 0.0614723 0.0214119
0.105914 0.0435346 0.0932091 0.748851 0.00839104 9.9991E-05
0.080629 9.9982E-05 0.000593412 0.876589 0.0419886 9.9982E-05
0.107656 0.0300437 0.815533 0.0465673 9.9982E-05 9.9982E-05
0.0755787 0.045781 9.9982E-05 0.799753 0.0786876 9.9982E-05
0.944307 9.9973E-05 9.9973E-05 0.0398111 0.0155821 9.9973E-05
0.914842 9.9964E-05 9.9964E-05 0.0847577 9.9964E-05 9.9964E-05
0.0362787 9.9973E-05 0.959697 9.9973E-05 0.00372484 9.9973E-05
0.0328573 0.040227 0.102141 0.758707 0.0498057 0.0162618
0.145688 0.0407959 0.145943 0.5365 0.104939 0.0261334
9.99821E-05 0.0319027 0.800761 0.0761486 0.0909873 9.99821E-05
0.0358497 0.0107565 0.92111 0.0080574 0.0241263 9.9991E-05
0.10255 0.0280136 0.773489 0.0773363 0.011131 0.0074805
0.56164 0.030103 0.0872378 0.237667 9.9991E-05 0.0832515
0.0587053 0.00773433 0.903938 0.0124551 0.0170677 9.9991E-05
0.970024 9.9964E-05 9.9964E-05 0.0295764 9.9964E-05 9.9964E-05
9.9973E-05 9.9973E-05 0.944879 9.9973E-05 0.00975035 0.0450704
9.9973E-05 9.9973E-05 0.908692 9.9973E-05 0.0519671 0.0390405
9.9982E-05 0.214361 0.391396 9.9982E-05 0.0713775 0.322666
0.0112681 9.9982E-05 0.958869 0.00345817 0.0262049 9.9982E-05
9.9964E-05 9.9964E-05 0.993513 9.9964E-05 0.00608669 9.9964E-05
9.9964E-05 9.9964E-05 0.974716 9.9964E-05 0.0248845 9.9964E-05
0.0471015 0.0901599 0.488858 0.199677 0.124182 0.0500213
0.760058 9.9991E-05 0.0580792 0.157126 0.0142081 0.0104282
0.872297 9.9982E-05 0.0578813 0.0230417 9.9982E-05 0.04658
0.836497 0.00590867 0.0877726 0.0526746 0.00775456 0.0093929
0.875949 0.0182382 9.9982E-05 0.0999324 0.00568007 9.9982E-05
9.9964E-05 9.9964E-05 0.058955 9.9964E-05 9.9964E-05 0.940645
0.0162124 0.216121 0.293042 0.0508743 0.0199426 0.403807
0.118748 9.9991E-05 0.00958378 0.794423 0.0449113 0.0322342
0.536394 0.0153827 0.129025 0.286961 0.0321379 9.9991E-05
0.0739161 0.137622 0.628696 0.00578542 0.0540342 0.0999467
0.0361944 0.148068 0.631847 0.0325117 0.0479599 0.103418
9.9973E-05 9.9973E-05 0.00897669 0.936988 9.9973E-05 0.0537358
9.9982E-05 0.005857 0.170505 0.796753 9.9982E-05 0.0266844
0.266295 0.355623 0.102934 0.00921216 0.0263599 0.239576
0.45611 0.0503116 0.410662 9.9982E-05 9.9982E-05 0.0827166
0.104224 9.99731E-05 0.0407574 0.854719 9.99731E-05 9.99731E-05
9.9991E-05 0.0421991 0.465337 0.285122 0.138176 0.0690668
0.0756258 0.211863 0.574191 9.9991E-05 0.0579422 0.0802785
0.0565644 0.091701 0.470387 0.204224 0.1511 0.0260233
0.0106079 0.0806096 0.380264 0.323435 0.144034 0.0610486
0.00201358 9.9973E-05 9.9973E-05 0.931147 0.0665392 9.9973E-05
9.9982E-05 0.00894899 9.9982E-05 0.94893 0.0070597 0.0348612
9.9973E-05 9.9973E-05 9.9973E-05 0.993018 0.0043879 0.00229368
0.0556801 0.017144 0.024786 0.860227 0.0323636 0.00979907
0.0106501 9.9973E-05 9.9973E-05 0.959253 0.0297968 9.9973E-05
0.0703419 9.99641E-05 9.99641E-05 0.929258 9.99641E-05 9.99641E-05
9.9991E-05 0.0726535 0.158469 0.541305 0.162311 0.065162
0.016687 0.138267 0.369052 0.270503 0.105224 0.100267
9.9964E-05 9.9964E-05 0.0217444 0.977856 9.9964E-05 9.9964E-05
0.00602805 0.116986 0.397708 0.286605 0.110452 0.0822215
0.0367794 0.0924285 0.545941 0.18669 0.0889084 0.0492526
9.9982E-05 0.544624 0.0554039 9.9982E-05 0.000348782 0.399424
9.9973E-05 0.565838 0.0840238 9.9973E-05 9.9973E-05 0.349838
9.9982E-05 0.551224 0.0440093 0.0151476 9.9982E-05 0.389419
9.9982E-05 0.561872 0.0462514 9.9982E-05 0.0176696 0.374007
9.9991E-05 0.593308 0.0268956 0.0157563 0.0158182 0.348122
0.0196095 0.570951 0.0225866 9.9982E-05 9.9982E-05 0.386652
9.9982E-05 0.549921 0.0489453 9.9982E-05 0.0295978 0.371336
9.9973E-05 9.9973E-05 0.938175 9.9973E-05 0.0248051 0.0367202
9.9964E-05 9.9964E-05 0.969179 9.9964E-05 0.030421 9.9964E-05
9.9991E-05 0.202242 0.486348 0.0135377 0.0139675 0.283805
9.9982E-05 0.205043 0.513883 9.9982E-05 0.00590237 0.274972
0.0336827 0.0441873 0.0105943 0.865497 9.9991E-05 0.0459386
9.9991E-05 0.0487701 0.0877053 0.801134 0.0432356 0.0190553
9.9964E-05 0.00615021 9.9964E-05 0.99345 9.9964E-05 9.9964E-05
0.00706243 9.9973E-05 9.9973E-05 9.9973E-05 0.0188231 0.973815
9.9973E-05 0.140317 9.9973E-05 9.9973E-05 0.000546137 0.858837
9.9982E-05 0.010392 9.9982E-05 0.0109523 0.0130771 0.965379
0.00305456 0.177908 9.9973E-05 9.9973E-05 9.9973E-05 0.818738
0.184798 0.0645461 0.289645 0.0275302 9.9991E-05 0.433381
0.0725356 0.344824 0.146872 0.0282524 9.9991E-05 0.407416
0.0492078 0.494775 0.0323971 9.9991E-05 0.0259596 0.397561
9.9964E-05 0.17857 9.9964E-05 9.9964E-05 9.9964E-05 0.821031
9.9964E-05 0.159325 9.9964E-05 9.9964E-05 9.9964E-05 0.840275
9.996E-05 9.996E-05 9.996E-05 9.996E-05 9.996E-05 0.9995
9.9982E-05 0.126716 0.0410064 0.00282387 9.9982E-05 0.829254
0.350464 0.206217 0.102464 0.149369 0.139157 0.0523291
9.9964E-05 9.9964E-05 9.9964E-05 0.986747 0.0128527 9.9964E-05
9.9991E-05 0.00254148 0.897626 0.00994633 0.034125 0.0556614
0.183683 9.9991E-05 0.0225082 0.681849 0.0776861 0.0341742
0.095114 0.00662827 0.840093 0.0579649 9.9982E-05 9.9982E-05
9.9973E-05 9.9973E-05 0.0600334 0.0313236 9.9973E-05 0.908343
9.9982E-05 0.567063 0.0799835 0.0113864 9.9982E-05 0.341367
9.9982E-05 0.161245 0.0959552 0.0289658 9.9982E-05 0.713634
9.9991E-05 0.0287217 0.475358 0.290302 0.112704 0.0928146
0.0325908 0.132286 0.4831 0.153461 0.127516 0.0710465
0.342 0.0269155 0.0401041 0.547687 0.0431933 9.9991E-05
0.0832399 9.9973E-05 0.914386 0.00207438 9.9973E-05 9.9973E-05
0.00110055 0.789436 9.9991E-05 0.0582085 0.0682728 0.0828824
9.9991E-05 0.867259 0.00553188 0.050946 0.0263317 0.0498316
9.9973E-05 0.974407 0.0103528 9.9973E-05 0.0149405 9.9973E-05
9.9982E-05 0.958913 0.00882374 9.9982E-05 0.0146586 0.0174048
9.996E-05 0.9995 9.996E-05 9.996E-05 9.996E-05 9.996E-05
9.9982E-05 0.895933 9.9982E-05 0.0442305 0.0454135 0.0142227
9.9982E-05 9.9982E-05 0.865489 0.0144402 0.0725018 0.0473685
9.9991E-05 0.3629 0.0639856 0.0951429 0.0564108 0.42146
0.0261582 0.0641881 9.9982E-05 0.0504694 9.9982E-05 0.858984
9.996E-05 9.996E-05 9.996E-05 9.996E-05 9.996E-05 0.9995
9.9964E-05 9.9964E-05 9.9964E-05 9.9964E-05 0.00526648 0.994334
9.9982E-05 0.151533 9.9982E-05 0.0261229 0.0016844 0.82046
9.996E-05 0.9995 9.996E-05 9.996E-05 9.996E-05 9.996E-05
9.9973E-05 0.980775 9.9973E-05 0.0180919 0.000833171 9.9973E-05
0.0265323 0.701239 9.9982E-05 0.0121027 9.9982E-05 0.259926
0.0422201 0.75629 9.9991E-05 0.00349869 0.0199941 0.177897
0.00537306 0.994227 9.9964E-05 9.9964E-05 9.9964E-05 9.9964E-05
0.0395248 0.630023 9.9982E-05 0.0169629 9.9982E-05 0.31329
0.046622 0.370534 9.9982E-05 0.341731 9.9982E-05 0.240913
0.0840962 9.9982E-05 0.0908956 0.805648 0.0191603 9.9982E-05
0.175439 0.0521 0.00726002 0.759334 9.9991E-05 0.00576674
0.0842581 0.00479773 9.9982E-05 0.869941 0.0408031 9.9982E-05
0.0245391 9.9973E-05 9.9973E-05 0.939791 0.0353702 9.9973E-05
0.0108083 0.971396 0.0174962 9.99729E-05 9.99729E-05 9.99729E-05
0.0113183 0.988282 9.99639E-05 9.99639E-05 9.99639E-05 9.99639E-05
0.0344869 0.738312 9.9991E-05 0.0216976 0.000440471 0.204963
0.000983573 0.860258 0.00766821 0.0279244 9.9991E-05 0.103066
0.00586265 0.981821 9.9973E-05 9.9973E-05 0.0120161 9.9973E-05
9.9973E-05 0.932938 0.0306134 9.9973E-05 0.0361492 9.9973E-05
9.996E-05 0.9995 9.996E-05 9.996E-05 9.996E-05 9.996E-05
9.9991E-05 0.699235 0.0356386 0.0279887 0.000578481 0.236459
0.220121 9.9973E-05 0.723848 0.0557308 9.9973E-05 9.9973E-05
0.408074 9.9973E-05 0.588342 9.9973E-05 0.00328454 9.9973E-05
0.255775 9.99641E-05 0.743825 9.99641E-05 9.99641E-05 9.99641E-05
0.218166 0.0412108 0.692896 0.0475273 9.9982E-05 9.9982E-05
0.0125303 0.463481 0.102438 0.037444 9.9991E-05 0.384007
9.9982E-05 0.475535 0.0273465 0.03784 9.9982E-05 0.459079
0.0389986 0.385005 0.018681 0.000180559 9.9991E-05 0.557035
0.0404001 0.340778 0.0506096 9.9982E-05 9.9982E-05 0.568012
9.9991E-05 0.544944 0.136066 0.102961 0.0982726 0.117656
9.9982E-05 0.0813558 0.37596 9.9982E-05 0.0346418 0.507843
0.00345554 0.996145 9.99639E-05 9.99639E-05 9.99639E-05 9.99639E-05
0.0410549 0.624668 0.0151905 9.9982E-05 9.9982E-05 0.318887
0.0339323 0.59609 0.044102 9.9991E-05 0.0255512 0.300224
0.00373607 0.0155525 0.417101 0.480349 0.0365173 0.0467439
0.00825876 0.0279567 0.693723 0.0595268 0.0781121 0.132423
0.109669 9.9973E-05 0.0177336 0.872298 9.9973E-05 9.9973E-05
0.887711 9.9982E-05 9.9982E-05 0.0734388 0.0269075 0.0117425
0.671108 9.9982E-05 9.9982E-05 0.28357 0.0403926 0.00472952
0.472298 0.0388076 0.0106219 0.453435 0.0242286 0.000609095
0.082496 0.0415709 0.473974 0.376162 0.0154831 0.0103143
0.0846358 9.9964E-05 9.9964E-05 0.914964 9.9964E-05 9.9964E-05
0.0199009 0.00414283 9.9982E-05 0.969396 9.9982E-05 0.00635998
0.0258477 0.0485769 0.00444014 0.904166 0.0132371 0.00373226
0.0566497 9.9973E-05 9.9973E-05 0.924783 0.018267 9.9973E-05
0.0618166 0.49339 0.164811 0.118503 0.0696136 0.0918657
0.0174172 0.313883 0.151147 0.462308 0.0109311 0.0443135
9.99911E-05 0.319729 0.159819 0.285041 0.011106 0.224205
9.9991E-05 0.560946 0.184869 0.0471799 0.030826 0.17608
0.110918 0.036831 0.192239 0.541737 0.0521268 0.0661492
9.9982E-05 0.00544367 0.0250354 0.955088 0.014233 9.9982E-05
9.9982E-05 0.48275 0.109762 9.9982E-05 0.00262561 0.404662
0.0702429 0.0562613 0.0774198 0.715372 0.0806039 9.9991E-05
0.860691 0.0167597 9.9973E-05 0.122249 9.9973E-05 9.9973E-05
0.965108 9.99731E-05 9.99731E-05 9.99731E-05 0.0263112 0.00828065
0.0488279 9.9964E-05 9.9964E-05 0.950772 9.9964E-05 9.9964E-05
0.00011239 0.121826 0.196652 0.168694 0.500161 0.0125545
0.384777 0.0334322 0.0734956 0.493724 0.00303076 0.0115402
0.922536 0.00293023 9.9973E-05 0.0742337 9.9973E-05 9.9973E-05
0.145589 0.06208 0.121078 0.664158 0.00699568 9.9991E-05
0.0558686 0.0881181 0.190124 0.110576 0.521968 0.0333459
9.9964E-05 9.9964E-05 9.9964E-05 0.0174462 0.982154 9.9964E-05
9.9982E-05 0.105363 0.0194628 0.031489 9.9982E-05 0.843485
0.681686 0.0130419 0.124803 0.0651071 0.0206001 0.0947615
0.0366037 0.216956 0.553782 0.0209313 0.0665389 0.105188
9.9991E-05 0.0344916 0.838889 0.0207414 0.0361079 0.0696705
9.9991E-05 0.00467445 0.810125 0.0968658 0.0484437 0.0397909
0.905121 0.0113244 0.083255 9.9973E-05 9.9973E-05 9.9973E-05
0.0449484 9.9982E-05 9.9982E-05 0.00774704 0.0185559 0.928549
0.0172512 0.296267 0.361736 0.0243965 0.0553121 0.245037
0.206962 9.9964E-05 0.792638 9.9964E-05 9.9964E-05 9.9964E-05
0.941489 9.9973E-05 0.0465835 0.0116276 9.9973E-05 9.9973E-05
0.165549 9.9973E-05 0.799939 9.9973E-05 0.0342127 9.9973E-05
0.0879773 0.196723 0.546237 9.9991E-05 0.0593057 0.109657
0.0568943 0.187369 0.591359 0.00404601 0.0522688 0.108063
9.9982E-05 0.228179 0.240015 0.0795169 9.9982E-05 0.452089
0.0370844 0.0894714 0.0806064 0.0476269 0.0143765 0.730834
9.9991E-05 0.258844 0.433137 0.0548778 0.00749093 0.24555
9.9991E-05 0.0534113 0.804353 0.0106188 0.0159668 0.11555
0.955451 9.9973E-05 0.0195718 0.0246771 9.9973E-05 9.9973E-05
0.916202 9.9973E-05 0.0404527 0.0430456 9.9973E-05 9.9973E-05
0.034277 0.0547682 0.316865 0.396113 0.136567 0.061409
0.0426967 0.206488 0.297547 0.0375292 0.00318062 0.412558
9.9982E-05 0.0127035 0.908655 9.9982E-05 0.0152587 0.0631825
9.9973E-05 9.9973E-05 9.9973E-05 0.972227 0.0200673 0.00740553
9.9991E-05 0.152942 0.436973 0.0390653 0.0316944 0.339226
0.0100108 0.14238 0.366699 0.37329 9.9991E-05 0.10752
9.99911E-05 0.304886 0.101203 0.0599279 0.152574 0.381309
0.0617525 0.0523805 0.150169 0.512941 0.131316 0.0914416
0.510735 9.9982E-05 0.425071 9.9982E-05 0.0434334 0.0205604
9.9991E-05 0.045888 0.605067 0.223874 0.0960097 0.029061
9.9973E-05 0.00445817 0.000215021 0.995027 9.9973E-05 9.9973E-05
9.9973E-05 0.0573771 0.0236735 0.918649 9.9973E-05 9.9973E-05
0.963079 9.9973E-05 0.0287682 0.00785255 9.9973E-05 9.9973E-05
9.9964E-05 9.9964E-05 9.9964E-05 0.98566 0.0139398 9.9964E-05
0.0232047 0.0863519 0.137417 0.623455 0.0805251 0.0490465
0.0436398 0.0277228 0.042011 0.855822 0.0307045 9.9991E-05
0.0498324 9.9982E-05 0.0892568 0.820798 9.9982E-05 0.039913
0.0902228 0.152229 0.543876 0.00857556 0.074675 0.130421
9.9973E-05 0.0833631 9.9973E-05 0.0257419 9.9973E-05 0.890595
9.9973E-05 0.0332189 9.9973E-05 9.9973E-05 0.0162889 0.950192
0.839341 0.00678084 0.0116308 0.142047 9.99821E-05 9.99821E-05
0.00619919 0.107541 9.9982E-05 0.0190186 9.9982E-05 0.867042
9.9982E-05 0.0222364 0.0398379 0.0197691 0.917957 9.9982E-05
0.026224 0.01737 9.9991E-05 0.00788956 0.946373 0.00204345
0.0775655 0.00168832 0.0378396 0.210019 0.485422 0.187465
9.9982E-05 0.0226588 0.143412 0.807179 9.9982E-05 0.0265505
9.9973E-05 0.00492325 9.9973E-05 9.9973E-05 0.989681 0.00509537
9.9964E-05 9.9964E-05 0.0147492 9.9964E-05 0.984851 9.9964E-05
9.996E-05 9.996E-05 9.996E-05 9.996E-05 0.9995 9.996E-05
9.9964E-05 9.9964E-05 9.9964E-05 9.9964E-05 0.982706 0.0168945
9.996E-05 9.996E-05 9.996E-05 9.996E-05 0.9995 9.996E-05
0.96549 9.9982E-05 0.0212913 9.9982E-05 0.00567027 0.00734848
9.9982E-05 9.9982E-05 0.857914 0.024597 0.0305872 0.0867018
0.249793 0.0301429 0.691488 0.00224462 0.0262311 9.9991E-05
0.181555 9.99639E-05 0.818045 9.99639E-05 9.99639E-05 9.99639E-05
0.433796 0.00985334 0.0777471 0.46783 0.0106738 9.9991E-05
0.929096 9.9973E-05 0.0324371 9.9973E-05 0.0381668 9.9973E-05
9.9982E-05 9.9982E-05 0.838898 0.00992717 0.059265 0.0917102
0.130272 0.0192286 0.814061 9.9982E-05 0.0362381 9.9982E-05
0.339925 9.9973E-05 0.650629 9.9973E-05 9.9973E-05 0.00914593
0.000319 0.0125801 0.956536 9.9982E-05 0.0303646 9.9982E-05
0.00654591 9.9973E-05 0.042777 9.9973E-05 0.950377 9.9973E-05
0.577767 0.0604587 0.107416 0.128764 0.00565091 0.119944
0.081297 0.0466858 0.027 0.827373 9.9991E-05 0.0175441
0.011439 9.9991E-05 0.0283046 0.916858 0.0403206 0.00297803
0.0845279 0.100356 0.0956027 0.685152 0.0256575 0.0087045
0.885901 0.00392536 0.0321157 0.0778578 9.9982E-05 9.9982E-05
0.734159 0.00136694 0.191342 0.0245809 0.0267457 0.0218058
9.9964E-05 0.121936 9.9964E-05 9.9964E-05 9.9964E-05 0.877664
0.270006 0.217939 0.129221 0.199156 0.0244107 0.159268
0.498892 0.00017496 0.464826 9.9991E-05 0.0207459 0.0152606
