9.9991E-05 0.637008 0.0497244 0.144268 0.130418 0.0384817
0.00685202 0.301199 0.0399241 0.157962 0.482091 0.0119712
0.0352757 0.246245 0.108621 0.170299 0.424886 0.0146726
9.999E-05 0.666928 0.0360909 0.155107 0.127803 0.0139707
0.00872276 0.0187338 0.011932 0.00318671 0.946351 0.0110732
0.0529896 0.292746 0.0436217 0.190347 0.395561 0.0247342
9.9973E-05 0.401466 0.0890799 9.9973E-05 9.9973E-05 0.509155
9.9964E-05 0.00931365 9.9964E-05 9.9964E-05 9.9964E-05 0.990286
9.9964E-05 9.9964E-05 9.9964E-05 0.00653862 9.9964E-05 0.993062
0.000218918 0.00596304 0.000471105 9.9982E-05 9.9982E-05 0.993147
9.9982E-05 0.0752093 0.874803 0.00746743 0.0423201 9.9982E-05
9.9973E-05 0.0432781 0.951605 9.9973E-05 9.9973E-05 0.00481717
0.0145492 0.0249983 0.950959 9.9982E-05 9.9982E-05 0.00929355
9.996E-05 9.996E-05 0.9995 9.996E-05 9.996E-05 9.996E-05
0.878095 0.0797706 9.9982E-05 0.0368133 9.9982E-05 0.00512065
9.996E-05 9.996E-05 9.996E-05 9.996E-05 9.996E-05 0.9995
9.9973E-05 0.788549 0.201734 9.9973E-05 9.9973E-05 0.0094178
0.917046 9.9973E-05 0.0664371 9.9973E-05 9.9973E-05 0.0162173
0.596857 0.122113 0.203226 0.0609462 9.9991E-05 0.0167588
0.367227 9.9982E-05 0.613076 0.00172678 9.9982E-05 0.0177699
0.84896 0.0588728 0.0416822 9.9982E-05 9.9982E-05 0.0502851
0.099072 9.9973E-05 0.890773 9.9973E-05 9.9973E-05 0.00985508
0.929104 9.9964E-05 0.0704966 9.9964E-05 9.9964E-05 9.9964E-05
0.102793 0.0540248 0.800244 0.0157032 9.9991E-05 0.027135
0.0702538 9.9964E-05 0.929346 9.9964E-05 9.9964E-05 9.9964E-05
0.955369 0.0173178 0.0270134 9.9973E-05 9.9973E-05 9.9973E-05
0.890819 9.9973E-05 0.10108 9.9973E-05 9.9973E-05 0.00780083
0.60986 9.9991E-05 0.279125 0.0837054 0.00122078 0.0259888
0.955102 9.9982E-05 0.00830044 0.0109581 9.9982E-05 0.0254398
0.973211 9.9982E-05 0.00810154 0.0154838 0.00300338 9.9982E-05
0.0555328 9.9973E-05 0.91711 0.0270571 9.9973E-05 9.9973E-05
0.0219068 0.0697532 0.90804 9.9973E-05 9.9973E-05 9.9973E-05
0.914242 9.99641E-05 0.0853579 9.99641E-05 9.99641E-05 9.99641E-05
0.171806 9.9982E-05 0.776531 9.9982E-05 0.0172879 0.034176
0.953452 9.9982E-05 0.0381129 9.9982E-05 0.000464027 0.00777092
0.0194469 9.9973E-05 0.970045 9.9973E-05 0.0102086 9.9973E-05
0.913326 9.9973E-05 0.0838697 9.9973E-05 0.00250479 9.9973E-05
0.0564296 9.9973E-05 0.932119 0.0111519 9.9973E-05 9.9973E-05
9.9982E-05 0.629823 9.9982E-05 0.172999 0.190029 0.00694799
9.9964E-05 9.9964E-05 9.9964E-05 0.138074 0.861526 9.9964E-05
9.9973E-05 0.0564775 0.847109 9.9973E-05 0.0961134 9.9973E-05
0.969758 9.9964E-05 0.0298422 9.9964E-05 9.9964E-05 9.9964E-05
0.0553837 9.9973E-05 0.929768 0.0145484 9.9973E-05 9.9973E-05
9.9982E-05 0.319975 0.0763131 0.389219 0.214292 9.9982E-05
0.579776 0.135898 0.196064 0.0468244 9.9991E-05 0.0413384
0.405027 0.0739102 0.478845 0.00236817 0.00531357 0.0345355
0.880395 0.0185447 0.0359658 9.9991E-05 0.0300791 0.0349153
0.0740474 0.235829 0.0118052 0.202271 0.475947 9.9991E-05
9.9991E-05 0.0863738 0.0139887 0.68912 0.203709 0.00670914
9.9964E-05 0.992759 9.9964E-05 9.9964E-05 9.9964E-05 0.0068407
0.0142767 0.844364 0.130071 9.9982E-05 9.9982E-05 0.0110884
0.0147747 0.794967 0.153533 0.004605 0.00176533 0.0303546
9.9973E-05 0.981605 0.0120934 9.9973E-05 9.9973E-05 0.00600177
9.9973E-05 9.9973E-05 0.0255421 9.9973E-05 0.0138202 0.960338
9.9991E-05 0.00642857 0.00835822 0.0111771 0.00470483 0.969231
9.9973E-05 0.26272 0.688974 9.9973E-05 9.9973E-05 0.0480064
0.0729819 9.9973E-05 0.910657 9.9973E-05 9.9973E-05 0.0160613
0.254551 0.361633 0.0330829 0.0771448 0.219111 0.0544775
0.00172107 0.0371733 9.9973E-05 9.9973E-05 0.960806 9.9973E-05
0.0386443 0.035684 9.9982E-05 0.40728 0.518192 9.9982E-05
9.99639E-05 0.816915 0.182685 9.99639E-05 9.99639E-05 9.99639E-05
0.0246488 0.78062 0.173597 9.9982E-05 0.0209339 9.9982E-05
9.9973E-05 0.725601 0.207252 0.066847 9.9973E-05 9.9973E-05
9.9964E-05 9.9964E-05 0.00424599 9.9964E-05 9.9964E-05 0.995354
0.000535145 0.0116601 9.9991E-05 0.0126595 0.948269 0.0267766
0.00225576 0.756814 0.24063 9.9973E-05 9.9973E-05 9.9973E-05
9.9982E-05 0.748686 9.9982E-05 0.100203 0.128477 0.0224345
0.043743 9.9964E-05 0.955857 9.9964E-05 9.9964E-05 9.9964E-05
9.99641E-05 9.99641E-05 0.993068 9.99641E-05 9.99641E-05 0.0065325
0.0247852 0.109086 9.9991E-05 0.0128485 0.0588419 0.794338
0.0379705 0.105842 0.0143339 0.0271485 0.0209033 0.793802
0.0192425 0.0370643 0.0487595 0.0123251 0.0125833 0.870025
9.9973E-05 0.0208897 9.9973E-05 9.9973E-05 0.0165761 0.962234
9.9964E-05 0.0291188 9.9964E-05 9.9964E-05 9.9964E-05 0.970481
9.9964E-05 9.9964E-05 0.010541 9.9964E-05 9.9964E-05 0.989059
0.00400817 0.0047207 9.9982E-05 0.00277317 9.9982E-05 0.988298
0.00122641 9.9991E-05 0.00231352 0.0118262 0.0040492 0.980485
9.9982E-05 9.9982E-05 0.00572965 0.00134436 0.00876998 0.983956
0.00984169 9.9964E-05 9.9964E-05 9.9964E-05 9.9964E-05 0.989758
0.00298534 0.0221467 0.0131991 0.00733685 0.00312572 0.951206
0.0260232 9.9982E-05 0.0311225 0.0121567 9.9982E-05 0.930498
0.00427821 9.9982E-05 0.0244464 0.0013174 9.9982E-05 0.969758
0.434133 9.9973E-05 0.0313046 9.9973E-05 9.9973E-05 0.534262
0.455215 9.9964E-05 9.9964E-05 9.9964E-05 9.9964E-05 0.544385
9.996E-05 9.996E-05 9.996E-05 9.996E-05 9.996E-05 0.9995
9.9964E-05 0.0422623 9.9964E-05 9.9964E-05 9.9964E-05 0.957338
0.00321605 0.0374309 9.9982E-05 9.9982E-05 0.00521265 0.95394
0.0154881 9.9982E-05 9.9982E-05 0.00286334 0.0277593 0.953689
9.996E-05 9.996E-05 9.996E-05 9.996E-05 9.996E-05 0.9995
0.4431 9.9973E-05 0.0104043 9.9973E-05 9.9973E-05 0.546196
0.0265537 9.9991E-05 0.0672927 0.0198063 0.00808108 0.878166
9.9991E-05 0.011492 0.0131752 0.0113225 0.0105593 0.953351
9.9973E-05 0.0296567 9.9973E-05 9.9973E-05 0.00427851 0.965765
0.000434052 0.0354474 9.9991E-05 0.0179503 0.019345 0.926723
0.0340567 0.0587127 0.0207329 0.0115314 0.0134369 0.861529
0.0130446 0.0307905 9.9982E-05 0.00208416 9.9982E-05 0.953881
0.61768 0.194051 0.0207706 0.0602703 0.107128 9.9991E-05
0.0125276 9.9982E-05 9.9982E-05 0.0114221 0.0164599 0.95939
0.000235954 9.9973E-05 0.0245604 9.9973E-05 9.9973E-05 0.974904
0.0781421 0.0408671 9.9991E-05 0.0870465 0.0493147 0.74453
9.996E-05 9.996E-05 9.996E-05 9.996E-05 9.996E-05 0.9995
0.00795032 9.9964E-05 9.9964E-05 9.9964E-05 9.9964E-05 0.99165
9.9964E-05 9.9964E-05 0.0125545 9.9964E-05 9.9964E-05 0.987046
0.0386994 9.9982E-05 0.0126117 9.9982E-05 0.0139978 0.934491
0.942979 9.9982E-05 0.0211716 0.000846289 9.9982E-05 0.0348029
9.996E-05 9.996E-05 9.996E-05 9.996E-05 9.996E-05 0.9995
9.9973E-05 0.0227146 9.9973E-05 0.0151248 9.9973E-05 0.961861
9.996E-05 9.996E-05 9.996E-05 9.996E-05 9.996E-05 0.9995
0.621628 0.0458313 0.300356 0.0253518 9.9991E-05 0.00673208
0.0119282 0.0119 9.9982E-05 0.0310535 9.9982E-05 0.944918
9.9964E-05 9.9964E-05 0.0406606 9.9964E-05 9.9964E-05 0.95894
0.00651296 0.0183626 9.9982E-05 0.0119286 9.9982E-05 0.962996
9.9964E-05 9.9964E-05 0.000304794 9.9964E-05 9.9964E-05 0.999295
0.659667 0.0481509 0.247011 9.9982E-05 9.9982E-05 0.044971
9.996E-05 9.996E-05 9.996E-05 9.996E-05 9.996E-05 0.9995
9.9982E-05 0.054912 9.9982E-05 0.0230668 0.00865143 0.91317
0.489507 9.9973E-05 0.00315232 9.9973E-05 9.9973E-05 0.507041
9.9964E-05 9.9964E-05 0.0139669 9.9964E-05 9.9964E-05 0.985633
0.209854 9.9982E-05 0.771996 0.00786123 9.9982E-05 0.010088
0.29203 9.9973E-05 0.651358 9.9973E-05 0.0563122 9.9973E-05
0.0642559 0.0139572 0.865995 0.00449502 0.0211775 0.0301196
0.881839 0.0106918 0.0642204 9.9982E-05 9.9982E-05 0.0430484
9.9982E-05 0.714257 0.216716 0.00808226 9.9982E-05 0.0607451
0.04331 9.9991E-05 0.855858 0.0175615 0.0214072 0.061763
0.198867 0.249269 0.472787 0.0391527 0.0299573 0.00996724
0.192064 9.9982E-05 0.762426 9.9982E-05 0.0236394 0.0216715
0.28807 9.9982E-05 0.662157 0.0368588 0.0127137 9.9982E-05
0.189356 9.9991E-05 0.746063 0.0402883 0.00931693 0.0148759
0.301227 9.9982E-05 0.599187 0.0852675 0.0141195 9.9982E-05
0.353103 9.9991E-05 0.58408 0.0227665 0.0263039 0.0136468
0.00428716 9.9982E-05 0.94869 9.9982E-05 0.0271934 0.0196292
9.9982E-05 9.9982E-05 0.91758 0.038623 0.0165274 0.0270692
9.9991E-05 0.00665679 0.92968 0.00342906 0.0249967 0.0351372
0.762409 0.0317164 0.0913588 0.0536266 0.00668618 0.0542033
0.025695 0.0425831 9.9991E-05 0.503435 0.408204 0.0199824
9.9982E-05 0.0858725 9.9982E-05 0.472618 0.405935 0.0353743
9.9982E-05 0.120486 0.00736976 0.119496 0.752449 9.9982E-05
0.358108 0.332068 0.144151 0.0515273 0.0313708 0.0827743
9.9982E-05 0.110536 9.9982E-05 0.51978 0.367883 0.00160122
0.0112828 0.10681 9.9991E-05 0.451912 0.405676 0.0242183
0.142606 0.185559 0.482284 0.0255327 0.0560884 0.10793
0.00043917 0.0485953 0.0190464 0.40991 0.52191 9.9991E-05
0.0281165 0.0388499 0.0329269 0.423267 0.467056 0.00978366
0.0166424 0.0533605 9.9982E-05 0.43468 0.495117 9.9982E-05
0.0655084 0.0710007 9.9991E-05 0.573081 0.267158 0.0231522
0.0465471 0.0936269 9.9991E-05 0.595058 0.25579 0.00887818
0.0329788 0.0275917 0.0406549 0.424528 0.474147 9.9991E-05
0.0119415 0.865684 0.0808568 0.0413179 9.9982E-05 9.9982E-05
0.0222865 0.00728289 9.9991E-05 0.164341 0.799054 0.00693516
0.929991 0.0696088 9.9964E-05 9.9964E-05 9.9964E-05 9.9964E-05
0.955296 9.9982E-05 0.0183492 9.9982E-05 0.00972249 0.016432
0.0415631 0.0312456 9.9991E-05 0.0107194 0.909968 0.00640419
0.207749 0.140456 0.199881 0.116727 0.157656 0.177531
0.0294104 0.757152 0.169051 0.0441867 9.9982E-05 9.9982E-05
9.9982E-05 0.0515993 0.808195 0.0414892 0.0985168 9.9982E-05
0.816754 0.0313183 0.11145 0.0402778 9.9982E-05 9.9982E-05
9.9991E-05 0.0511551 0.625651 0.181231 0.121536 0.0203263
0.0305054 0.68408 0.213368 0.0560922 0.00351655 0.0124383
0.0450443 0.0659951 0.0317305 0.569325 0.277469 0.0104363
0.0156635 0.836414 0.144093 0.00362946 9.9982E-05 9.9982E-05
0.143133 0.498562 0.0803953 0.110582 0.0859809 0.0813456
0.965718 9.9982E-05 0.018438 0.00243671 9.9982E-05 0.013207
0.0458206 0.0133856 0.0106552 0.128717 0.771517 0.029904
9.9991E-05 0.00632524 0.534875 0.0218613 0.433111 0.0037278
0.0322215 9.9991E-05 0.0219185 0.0176382 0.924063 0.00405895
0.0155114 0.356513 0.407098 0.0926495 0.0842553 0.043973
9.996E-05 9.996E-05 9.996E-05 9.996E-05 0.9995 9.996E-05
0.00437054 0.696211 0.292521 9.9982E-05 0.00669703 9.9982E-05
0.0455725 0.00157115 0.0659709 9.9991E-05 0.805315 0.0814708
0.0248883 0.0558034 0.0363882 9.9992E-05 0.849942 0.0328779
0.898482 0.00215714 0.0358979 0.0187285 0.0388304 0.00590415
0.419175 0.0964049 0.142978 0.160313 0.181029 9.9991E-05
0.339361 0.127697 0.388831 0.0508966 0.0678153 0.0253989
0.0253793 0.0456048 0.0417653 0.813387 0.0622537 0.0116096
9.9973E-05 0.0157594 0.0402597 0.943681 9.9973E-05 9.9973E-05
0.0461723 0.0261042 9.9982E-05 0.910921 9.9982E-05 0.0166026
0.0257493 0.0701363 0.0186633 0.882669 9.9991E-05 0.00268215
0.962796 0.0149269 9.9973E-05 0.0219768 9.9973E-05 9.9973E-05
0.929879 0.0374383 9.9973E-05 9.9973E-05 0.0323831 9.9973E-05
0.782737 0.0572643 0.102904 0.028339 9.9991E-05 0.0286557
9.9982E-05 0.092107 9.9982E-05 0.533691 0.362008 0.011994
0.243624 0.206462 0.118224 0.17444 0.132707 0.124543
0.382884 0.317491 0.0204047 0.118427 0.0256902 0.135103
0.801776 0.0666303 0.0568065 0.00603427 0.041611 0.0271414
0.682717 0.0876033 0.0534512 0.0290519 0.0324906 0.114686
0.772649 0.0772571 9.9991E-05 0.100194 0.0181441 0.0316559
0.533766 0.160868 9.9991E-05 0.096049 0.0692456 0.139972
0.0181164 0.792067 0.03031 0.0620363 0.062007 0.0354636
0.0451794 0.0500555 0.887879 0.0110551 9.9991E-05 0.00573095
0.247759 0.0649729 0.620832 0.0198571 9.9991E-05 0.0464794
9.9973E-05 9.9973E-05 0.0029271 9.9973E-05 0.995185 0.0015878
9.9973E-05 0.0511415 0.00161754 9.9973E-05 0.946941 9.9973E-05
0.0212597 0.0686991 0.012949 9.9982E-05 0.896892 9.9982E-05
9.9982E-05 0.208179 9.9982E-05 0.319693 0.460975 0.0109526
0.0421976 0.399809 0.0046323 0.121303 0.367362 0.0646966
0.0376732 0.420025 9.9991E-05 0.117184 0.376912 0.0481058
0.926557 0.0381152 9.9982E-05 0.0309463 9.9982E-05 0.00418164
0.852884 0.0537644 9.9991E-05 0.0413579 0.0302196 0.0216736
0.957233 9.9982E-05 0.0156049 9.9982E-05 0.012529 0.0144335
9.9973E-05 0.706211 0.291238 9.9973E-05 0.00225045 9.9973E-05
0.0214063 9.9973E-05 9.9973E-05 9.9973E-05 0.953351 0.0249428
9.9982E-05 9.9982E-05 0.000166424 0.0130425 0.984135 0.00245588
9.9973E-05 9.9973E-05 0.0216247 0.0135374 0.964538 9.9973E-05
9.9973E-05 9.9973E-05 0.0481291 0.045168 0.906403 9.9973E-05
0.00900381 9.9991E-05 0.0153015 0.0626328 0.898566 0.0143954
9.9973E-05 0.052593 0.841953 9.9973E-05 0.105154 9.9973E-05
0.0605722 0.161738 9.9991E-05 0.339362 0.35326 0.0849679
9.99639E-05 0.784912 0.214688 9.99639E-05 9.99639E-05 9.99639E-05
9.9973E-05 0.0868305 0.825324 9.9973E-05 0.0875458 9.9973E-05
0.80834 0.121767 9.9982E-05 0.0342428 0.0354497 9.9982E-05
9.9964E-05 0.0580428 0.941557 9.9964E-05 9.9964E-05 9.9964E-05
9.9964E-05 0.138112 0.861488 9.9964E-05 9.9964E-05 9.9964E-05
9.9973E-05 0.119115 0.86643 9.9973E-05 9.9973E-05 0.0141553
0.0171597 9.9973E-05 9.9973E-05 9.9973E-05 0.95532 0.0272203
9.9964E-05 9.9964E-05 0.0112594 9.9964E-05 0.988341 9.9964E-05
0.040704 0.3289 0.00449733 0.209376 0.416422 9.9991E-05
9.9973E-05 9.9973E-05 0.0175415 9.9973E-05 0.971459 0.0106994
9.996E-05 9.996E-05 9.996E-05 9.996E-05 0.9995 9.996E-05
9.9982E-05 9.9982E-05 0.552586 0.0348614 0.402642 0.00971032
0.0261594 0.0062408 9.9982E-05 0.0864829 0.880917 9.9982E-05
0.0442651 0.0163953 9.9982E-05 0.068375 0.870765 9.9982E-05
0.0813072 0.409343 9.9991E-05 0.171983 0.302398 0.034868
9.9982E-05 0.725573 0.260939 0.00825721 9.9982E-05 0.00502991
9.9982E-05 0.0511067 0.095333 0.0820358 0.771324 9.9982E-05
0.297248 9.9991E-05 0.0394279 0.200673 0.0287332 0.433817
9.9982E-05 0.0126709 0.155482 0.0916126 0.740034 9.9982E-05
9.9973E-05 9.9973E-05 0.0314314 9.9973E-05 0.96636 0.00190855
9.9982E-05 0.0326976 0.928976 0.000442793 0.037684 9.9982E-05
9.9973E-05 0.0589061 0.648268 9.9973E-05 0.292526 9.9973E-05
0.00765972 0.828883 0.163157 9.9973E-05 9.9973E-05 9.9973E-05
0.0131272 0.939486 9.9973E-05 9.9973E-05 0.0470873 9.9973E-05
0.0806351 9.9964E-05 0.918965 9.9964E-05 9.9964E-05 9.9964E-05
0.0214686 0.856677 0.112218 9.9982E-05 9.9982E-05 0.0094368
0.00972898 0.718761 0.259453 9.9982E-05 0.0118571 9.9982E-05
9.9973E-05 0.675202 0.298101 9.9973E-05 0.0263977 9.9973E-05
9.9973E-05 0.98278 0.00476331 9.9973E-05 9.9973E-05 0.0121569
9.9991E-05 0.57527 0.323133 0.0373517 0.0589515 0.00519375
9.9964E-05 0.767464 0.232136 9.9964E-05 9.9964E-05 9.9964E-05
0.0995719 0.406343 9.9991E-05 0.163287 0.275629 0.0550689
0.938235 9.9982E-05 0.038726 9.9982E-05 0.00438897 0.0184499
0.810292 0.114164 0.0053891 0.0185824 0.0514728 9.9991E-05
9.996E-05 9.996E-05 9.996E-05 9.996E-05 9.996E-05 0.9995
0.677899 0.19611 0.0321043 0.0241674 0.0696193 9.9991E-05
0.868415 9.9973E-05 0.102617 9.9973E-05 9.9973E-05 0.028668
0.356512 0.408641 0.234547 9.9973E-05 9.9973E-05 9.9973E-05
0.885729 0.00370848 0.0887321 9.9982E-05 9.9982E-05 0.0216306
0.2789 0.0831489 0.560976 0.0351796 0.00781337 0.0339824
0.968823 0.0159918 9.9982E-05 0.00600056 0.00898494 9.9982E-05
0.191903 0.60155 0.00948963 0.0413901 0.0195733 0.136094
0.077303 0.692838 0.161329 0.0683298 9.9982E-05 9.9982E-05
0.231791 0.433092 0.270195 0.0222533 0.0234177 0.0192508
0.896414 0.0211994 0.0497383 9.9991E-05 0.0201792 0.0123696
9.9973E-05 9.9973E-05 9.9973E-05 0.0254115 0.955746 0.018543
0.0656858 9.9973E-05 0.931292 9.9973E-05 0.00272255 9.9973E-05
0.201376 0.561663 9.9991E-05 0.0889157 0.0297201 0.118225
0.0453484 0.0331262 0.921226 9.9973E-05 9.9973E-05 9.9973E-05
9.9973E-05 0.0234058 9.9973E-05 0.0368731 0.939421 9.9973E-05
9.9973E-05 0.754368 0.239663 0.00566918 9.9973E-05 9.9973E-05
9.9973E-05 0.0122304 9.9973E-05 0.0148166 9.9973E-05 0.972653
0.075541 0.0720908 0.0149894 0.0693506 0.0499095 0.718119
0.978824 9.9964E-05 9.9964E-05 9.9964E-05 9.9964E-05 0.0207761
0.280461 0.0405571 0.615882 9.9982E-05 9.9982E-05 0.0628999
9.99639E-05 0.813907 0.185693 9.99639E-05 9.99639E-05 9.99639E-05
9.9964E-05 0.803508 0.196092 9.9964E-05 9.9964E-05 9.9964E-05
0.00168008 0.137359 0.641712 0.109283 0.109866 9.9991E-05
0.300455 0.0145206 0.649927 9.9982E-05 9.9982E-05 0.0348968
0.0106063 0.0737449 9.9973E-05 9.9973E-05 0.915349 9.9973E-05
0.0431924 0.423993 9.9991E-05 0.140735 0.348063 0.043916
9.9982E-05 0.0118902 0.0217856 0.328709 0.637416 9.9982E-05
0.0619037 0.0117728 0.0756926 0.546015 0.189085 0.115531
0.0353983 0.132229 0.0297636 0.557228 0.159793 0.0855875
0.0401505 0.100874 9.9991E-05 0.402619 0.429612 0.0266447
0.0258171 0.437336 9.9991E-05 0.096231 0.395394 0.0451218
0.0562054 0.10193 0.0392601 0.507758 0.22896 0.0658873
0.0598719 0.102866 9.9982E-05 0.48268 0.354382 9.9982E-05
0.0934208 0.580916 9.9991E-05 0.140485 0.105117 0.0799616
0.0396832 0.111641 9.9982E-05 0.378727 0.469749 9.9982E-05
0.128114 0.52277 9.9991E-05 0.165748 0.116973 0.0662952
9.9973E-05 0.855558 0.117388 9.9973E-05 9.9973E-05 0.0267539
9.9991E-05 0.549689 0.0767379 0.186033 0.102866 0.0845738
0.018123 0.179028 0.0683734 0.279627 0.415762 0.0390863
0.0482341 0.234584 0.0734727 0.256701 0.348787 0.0382213
0.0468841 0.423541 9.9991E-05 0.166874 0.3355 0.0270998
9.9991E-05 0.0906086 0.015214 0.398935 0.453574 0.0415687
0.157407 9.9982E-05 0.814392 0.0244707 9.9982E-05 0.00353082
0.00549723 0.045266 0.0173775 9.9982E-05 0.931659 9.9982E-05
0.0875677 0.151914 0.00579688 0.523011 0.184223 0.0474875
0.0270888 0.133952 9.9991E-05 0.311837 0.507295 0.0197265
0.0489996 0.0933286 9.9991E-05 0.515653 0.294398 0.0475211
0.0249379 0.052053 0.0444123 0.523796 0.301027 0.0537734
0.756151 0.176001 9.9982E-05 0.0353774 0.0322713 9.9982E-05
0.38602 0.0486603 0.441224 0.0326953 0.0304219 0.0609793
9.9982E-05 0.0242126 9.9982E-05 0.107704 0.861436 0.00644741
0.0777633 0.00336235 0.918574 9.9973E-05 9.9973E-05 9.9973E-05
0.731838 0.18423 0.0154348 9.9982E-05 0.068297 9.9982E-05
9.9982E-05 0.92392 9.9982E-05 0.0062014 0.0167934 0.052885
9.996E-05 9.996E-05 9.996E-05 9.996E-05 0.9995 9.996E-05
9.996E-05 9.996E-05 9.996E-05 9.996E-05 0.9995 9.996E-05
9.9982E-05 9.9982E-05 0.0231144 0.0260061 0.936365 0.0143142
9.996E-05 9.996E-05 9.996E-05 9.996E-05 0.9995 9.996E-05
9.9973E-05 0.700394 0.271197 9.9973E-05 0.0281096 9.9973E-05
0.0487207 9.9982E-05 0.0329624 9.9982E-05 0.887391 0.0307258
0.760107 0.161382 9.9982E-05 0.0193378 0.0589731 9.9982E-05
0.962533 0.0207617 9.9973E-05 0.0164058 9.9973E-05 9.9973E-05
0.939248 9.9982E-05 0.029701 0.0113874 9.9982E-05 0.019464
0.976694 0.0117268 9.9973E-05 9.9973E-05 9.9973E-05 0.0112791
0.881918 9.9982E-05 0.0864016 0.0175951 9.9982E-05 0.0138848
0.0917116 0.144451 9.9991E-05 0.591303 0.0989652 0.0734694
0.0885688 0.116542 0.0159416 0.58796 0.0924207 0.0985665
0.0329588 0.00844004 0.0518144 0.906587 9.9982E-05 9.9982E-05
0.0235406 9.9982E-05 9.9982E-05 0.890853 0.0743374 0.0110687
0.00282318 9.9982E-05 0.0181923 0.956341 9.9982E-05 0.0224435
0.0268467 0.620792 0.0186671 0.316469 9.9991E-05 0.0171249
0.0132362 9.9982E-05 0.0182411 0.939532 9.9982E-05 0.0287908
0.20394 0.143583 0.272904 0.132646 0.224861 0.0220655
9.996E-05 9.996E-05 9.996E-05 0.9995 9.996E-05 9.996E-05
9.996E-05 9.996E-05 9.996E-05 0.9995 9.996E-05 9.996E-05
9.9964E-05 9.9964E-05 9.9964E-05 0.995954 9.9964E-05 0.00364571
0.0326839 9.9982E-05 0.0473783 0.632222 0.287516 9.9982E-05
9.996E-05 9.996E-05 9.996E-05 0.9995 9.996E-05 9.996E-05
0.0229059 9.9991E-05 0.0188218 0.903927 0.0232317 0.0310131
0.13294 9.9973E-05 0.860631 0.00612912 9.9973E-05 9.9973E-05
0.21005 0.0744153 0.578391 0.0772037 9.9991E-05 0.0598392
0.732974 0.106746 0.117962 0.0421177 9.9982E-05 9.9982E-05
0.892828 0.0161244 0.0592683 9.9982E-05 9.9982E-05 0.0315795
0.0732729 0.766665 0.128474 0.0313875 9.9982E-05 9.9982E-05
0.805245 0.0121246 0.0820466 0.045588 0.00539097 0.0496044
0.0515892 9.9973E-05 0.945385 9.9973E-05 9.9973E-05 0.00272624
0.07947 9.9973E-05 0.915441 9.9973E-05 0.00478933 9.9973E-05
9.9964E-05 0.972636 0.0269643 9.9964E-05 9.9964E-05 9.9964E-05
0.77363 0.0901074 0.0153178 0.0280684 0.0352353 0.0576407
0.523859 0.139486 0.142706 0.0404126 0.0319647 0.121572
0.0646699 0.808963 0.0113746 0.011591 9.99911E-05 0.103302
0.0373649 0.911608 9.9982E-05 0.00755077 9.9982E-05 0.0432766
0.0815915 0.776951 0.116045 0.0252123 9.9982E-05 9.9982E-05
0.227244 0.0991016 0.555383 0.0203269 0.0978448 9.9991E-05
0.034666 0.893354 0.0485704 0.0135303 9.9991E-05 0.009779
0.0304004 9.9982E-05 0.944015 0.0185912 9.9982E-05 0.00679318
9.9973E-05 0.946677 9.9973E-05 9.9973E-05 0.0468206 0.00620276
9.9973E-05 0.908341 9.9973E-05 9.9973E-05 0.0421192 0.0492395
9.9982E-05 0.369231 9.9982E-05 0.223836 0.356698 0.0500346
9.9964E-05 0.987432 0.0121685 9.9964E-05 9.9964E-05 9.9964E-05
9.9964E-05 0.988365 9.9964E-05 9.9964E-05 9.9964E-05 0.0112349
9.9964E-05 0.992043 0.00755693 9.9964E-05 9.9964E-05 9.9964E-05
0.232178 0.479702 0.0309226 0.0689155 0.0610436 0.127238
0.17755 0.030675 0.7895 9.9982E-05 0.00207521 9.9982E-05
0.0369143 0.0722383 0.862663 9.9982E-05 0.0279841 9.9982E-05
0.0448619 0.0814112 0.845735 0.00542007 0.0224721 9.9991E-05
0.0904301 9.9982E-05 0.891994 0.00996196 9.9982E-05 0.00741425
9.9964E-05 0.0687449 9.9964E-05 9.9964E-05 0.930855 9.9964E-05
0.048463 0.346195 9.99971E-05 0.1889 0.403477 0.0128638
0.783276 0.0468217 0.136196 0.0308009 9.99925E-05 0.00280555
0.317164 0.107303 0.507771 0.0332132 9.9991E-05 0.0344481
0.00268948 0.663159 0.0418737 0.125872 0.111178 0.0552282
9.9991E-05 0.62065 0.0496148 0.14045 0.127881 0.0613038
0.91759 9.9973E-05 9.9973E-05 0.0392581 0.0428525 9.9973E-05
0.777258 0.174848 0.00724615 0.00412891 0.0364187 9.9991E-05
0.000804883 0.154857 0.242179 0.345445 0.246951 0.00976293
0.00517151 0.412111 0.427265 0.055282 0.100071 9.9991E-05
0.83313 0.0549428 0.109507 9.9982E-05 9.9982E-05 0.00222044
0.305874 0.428025 0.00335803 0.0714338 0.068995 0.122313
9.9991E-05 0.585416 0.0700163 0.176009 0.0882305 0.0802282
0.179915 0.484074 0.0510802 0.121819 0.0241291 0.138982
0.284315 0.382877 0.0568014 0.080179 0.0607679 0.13506
0.922352 9.9973E-05 9.9973E-05 0.0133951 9.9973E-05 0.0639534
0.967066 9.9973E-05 9.9973E-05 9.9973E-05 0.0267965 0.0058372
0.9995 9.996E-05 9.996E-05 9.996E-05 9.996E-05 9.996E-05
0.91523 9.9982E-05 0.0447126 0.0290772 0.0107798 9.9982E-05
0.974814 9.9973E-05 9.9973E-05 0.0033827 9.9973E-05 0.0215031
0.922282 0.000630719 0.0620457 9.9982E-05 0.0148415 9.9982E-05
0.556383 0.134983 9.9991E-05 0.0926393 0.0437158 0.172178
0.277266 0.345403 0.00343727 0.156502 0.0905265 0.126865
0.971945 0.0239775 9.9973E-05 9.9973E-05 0.00377785 9.9973E-05
0.279129 0.404413 0.010923 0.127679 0.0694517 0.108404
0.16397 0.55731 0.0325702 0.0960433 0.0563869 0.0937201
9.9982E-05 0.0555092 9.9982E-05 0.506341 0.425294 0.012656
9.9973E-05 0.0976638 9.9973E-05 0.514481 0.387555 9.9973E-05
0.00832114 0.0776237 9.9991E-05 0.528632 0.383209 0.00211464
9.9982E-05 0.0606892 9.9982E-05 0.494727 0.413264 0.0311203
0.0588217 0.015666 9.9991E-05 0.516048 0.396279 0.0130851
9.9991E-05 0.0292112 0.00250875 0.517082 0.440825 0.0102726
9.9982E-05 0.0269136 9.9982E-05 0.517991 0.419472 0.035423
0.00484916 0.91247 9.9991E-05 0.0272875 0.039767 0.0155264
9.9973E-05 0.951274 9.9973E-05 9.9973E-05 0.00624475 0.0421815
0.000706284 0.469851 9.9991E-05 0.213272 0.28102 0.0350509
0.0142676 0.483385 9.9991E-05 0.184951 0.282277 0.0350193
0.836955 0.00626163 0.052758 0.0491687 0.0500829 0.00477367
0.799786 0.0810691 9.9991E-05 0.0324829 0.0286176 0.0579442
0.995068 9.9964E-05 9.9964E-05 0.00453175 9.9964E-05 9.9964E-05
9.9973E-05 9.9973E-05 0.0173705 9.9973E-05 0.971427 0.010903
9.9973E-05 9.9973E-05 0.00081587 0.128746 0.870138 9.9973E-05
0.0212626 9.9964E-05 9.9964E-05 9.9964E-05 0.978338 9.9964E-05
9.9973E-05 9.9973E-05 9.9973E-05 0.115237 0.864504 0.0199589
0.00977593 0.251659 0.223452 0.0537867 0.461226 9.9991E-05
0.0327205 0.128803 0.0835421 0.341821 0.413014 9.9991E-05
9.9991E-05 0.0466238 0.0388774 0.480698 0.418023 0.0156782
9.9964E-05 9.9964E-05 9.9964E-05 0.156432 0.843168 9.9964E-05
9.9964E-05 9.9964E-05 9.9964E-05 0.137338 0.862262 9.9964E-05
0.00480302 9.9964E-05 9.9964E-05 9.9964E-05 0.994797 9.9964E-05
0.00774958 9.9982E-05 9.9982E-05 0.117958 0.872138 0.0019541
0.165758 0.140239 0.326213 0.191448 0.0633853 0.112958
0.991148 9.9973E-05 9.9973E-05 9.9973E-05 0.00180251 0.00674928
9.9973E-05 0.917264 9.9973E-05 9.9973E-05 0.0655094 0.0169263
0.652345 0.0677086 0.191148 9.9991E-05 0.0379157 0.0507825
0.0658323 0.79575 0.113684 0.0245344 9.9982E-05 9.9982E-05
0.0233817 0.0435155 0.0164518 9.9982E-05 0.916451 9.9982E-05
0.0227367 0.0685289 9.9991E-05 0.493245 0.390337 0.0250521
0.0367685 0.0594846 0.00738671 0.144562 0.727712 0.0240861
0.305802 0.461973 9.9991E-05 0.04699 0.0722908 0.112844
0.154597 0.446589 0.0618599 0.0949049 0.125745 0.116304
0.540853 0.0590986 0.321944 0.049564 9.9991E-05 0.0284406
0.0120008 0.900062 0.0876368 9.9973E-05 9.9973E-05 9.9973E-05
0.0285517 9.9991E-05 0.0274717 0.735656 0.118819 0.0894016
0.0568381 0.0157653 9.9991E-05 0.875484 0.0405558 0.0112572
9.99639E-05 9.99639E-05 9.99639E-05 0.996217 9.99639E-05 0.00338305
9.9964E-05 9.9964E-05 9.9964E-05 0.981803 0.0177971 9.9964E-05
9.996E-05 9.996E-05 9.996E-05 0.9995 9.996E-05 9.996E-05
0.0451155 9.9982E-05 9.9982E-05 0.875572 0.0337031 0.045409
0.0108088 0.883138 9.9982E-05 9.9982E-05 0.0542542 0.0515992
0.0823868 0.0628759 9.9991E-05 0.324018 0.454909 0.07571
0.0434267 9.9991E-05 0.0298372 0.0637636 0.860884 0.00198816
9.996E-05 9.996E-05 9.996E-05 9.996E-05 0.9995 9.996E-05
9.9964E-05 9.9964E-05 9.9964E-05 9.9964E-05 0.993769 0.0058313
0.0209363 9.9982E-05 9.9982E-05 0.116725 0.861855 0.000283084
9.996E-05 9.996E-05 9.996E-05 0.9995 9.996E-05 9.996E-05
0.000639237 9.9964E-05 9.9964E-05 0.998961 9.9964E-05 9.9964E-05
9.9982E-05 9.9982E-05 0.0244268 0.670082 0.291394 0.0138967
9.9991E-05 0.00759091 0.0350862 0.705521 0.226854 0.024848
9.9964E-05 9.9964E-05 9.9964E-05 0.973318 0.0262826 9.9964E-05
0.00874221 9.9991E-05 0.0519524 0.592297 0.340338 0.00657068
0.362442 9.9982E-05 0.0555075 0.336589 0.245262 9.9982E-05
0.827578 0.0746869 0.08655 0.00461021 9.9991E-05 0.00647518
0.751141 0.000577631 0.173471 0.0612304 0.0134802 9.9991E-05
0.863574 9.9982E-05 0.073681 0.0130398 9.9982E-05 0.0495057
0.947669 9.9973E-05 0.0346728 9.9973E-05 9.9973E-05 0.0173586
9.99639E-05 9.99639E-05 0.0313881 0.968212 9.99639E-05 9.99639E-05
9.996E-05 9.996E-05 9.996E-05 0.9995 9.996E-05 9.996E-05
0.0185788 9.9991E-05 0.0494194 0.714307 0.21545 0.00214469
0.0110966 0.016594 9.9982E-05 0.849813 0.122296 9.9982E-05
9.9973E-05 9.9973E-05 0.0191188 0.965375 9.9973E-05 0.0152066
0.00581371 0.0100986 0.00776944 0.95177 9.9991E-05 0.0244484
9.996E-05 9.996E-05 9.996E-05 0.9995 9.996E-05 9.996E-05
0.0104593 0.0516436 9.9991E-05 0.678688 0.258749 0.000360553
0.0700307 0.729569 0.200101 9.9973E-05 9.9973E-05 9.9973E-05
9.9973E-05 0.606755 0.390561 9.9973E-05 9.9973E-05 0.00238453
9.9973E-05 0.740963 0.242242 9.9973E-05 9.9973E-05 0.0164948
0.056835 0.684018 0.217926 0.0410213 9.9982E-05 9.9982E-05
0.0131381 0.146981 0.0038082 0.450292 0.385681 9.9991E-05
0.0250099 0.0462461 9.9982E-05 0.451094 0.47745 9.9982E-05
9.9982E-05 0.0349448 0.0216675 0.358637 0.584551 9.9982E-05
9.9982E-05 0.0217611 0.0424182 0.316199 0.619422 9.9982E-05
0.0943151 0.10112 0.0624537 0.522695 0.114929 0.104488
9.9982E-05 0.361185 9.9982E-05 0.0814408 0.534331 0.0228425
9.99639E-05 9.99639E-05 0.0152998 0.9843 9.99639E-05 9.99639E-05
0.00622626 0.0476869 0.0458428 0.577543 0.322601 9.9991E-05
9.9991E-05 0.0426586 0.0227073 0.528426 0.353656 0.0524517
0.434177 0.446035 9.99911E-05 0.000796967 0.0675778 0.0513134
0.0570391 0.700944 0.0193836 0.0275344 0.131584 0.0635145
0.870758 0.0285084 0.100433 9.9973E-05 9.9973E-05 9.9973E-05
0.0857907 9.9991E-05 0.888505 0.00617536 0.0181579 0.00127102
0.28869 9.9973E-05 0.668837 9.9973E-05 9.9973E-05 0.0421728
0.495402 9.9982E-05 0.42657 0.0680465 9.9982E-05 0.00978169
0.389367 0.498101 0.0438519 0.0299692 0.0191732 0.0195376
0.905691 9.9964E-05 0.0939094 9.9964E-05 9.9964E-05 9.9964E-05
0.954704 9.9982E-05 0.0166613 0.0149237 0.0135116 9.9982E-05
0.911677 9.9991E-05 0.0232838 0.0391847 0.00739663 0.0183582
0.922574 9.9982E-05 0.0347917 0.00325999 9.9982E-05 0.039174
0.126388 0.187259 0.0297019 0.480836 0.115992 0.0598226
0.411747 0.12648 0.0389599 0.286784 0.0926348 0.0433946
0.256202 0.103374 9.99911E-05 0.35347 0.254677 0.0321776
0.0547419 0.153796 9.9991E-05 0.535139 0.212795 0.0434293
0.535759 0.197086 0.11514 0.0293676 0.0839674 0.0386798
0.954048 0.0149491 9.9973E-05 9.9973E-05 9.9973E-05 0.0307025
9.9982E-05 0.0825761 9.9982E-05 0.476849 0.431608 0.00876699
0.710849 0.0609138 0.0843254 0.0507617 0.0208029 0.0723472
0.153667 9.9973E-05 0.838672 0.00736079 9.9973E-05 9.9973E-05
0.0205557 9.9982E-05 0.941086 9.9982E-05 0.0244722 0.0136865
0.954829 9.9973E-05 0.0357618 9.9973E-05 0.00910938 9.9973E-05
0.174254 0.19568 9.9991E-05 0.130297 0.0133302 0.486338
0.500596 0.0775775 0.38335 0.0234662 0.0149099 9.9991E-05
0.0669979 9.9964E-05 0.932602 9.9964E-05 9.9964E-05 9.9964E-05
0.681445 0.119232 0.122858 0.0575063 9.9991E-05 0.0188587
0.111245 0.213621 0.0404868 0.0808569 0.0410867 0.512704
9.9973E-05 9.9973E-05 9.9973E-05 0.0143966 0.00744716 0.977856
0.0495499 0.022434 9.9982E-05 0.0935597 0.834256 9.9982E-05
0.078614 0.120864 0.672799 0.0387718 0.0755853 0.0133657
0.0364777 0.568875 0.0262508 0.191638 0.11365 0.0631087
0.00203708 0.847722 9.9991E-05 0.0303495 0.0534051 0.0663858
0.084739 0.794895 9.9982E-05 9.9982E-05 0.075536 0.0446302
9.9982E-05 0.0468072 0.906941 0.0214531 9.9982E-05 0.0245987
9.9973E-05 0.0117306 0.0658325 9.9973E-05 0.922137 9.9973E-05
0.0107424 0.370916 0.0352488 0.260284 0.257749 0.0650592
9.99639E-05 0.778427 0.221173 9.99639E-05 9.99639E-05 9.99639E-05
0.0234223 0.0374673 0.93881 9.9973E-05 9.9973E-05 9.9973E-05
9.9982E-05 0.810916 0.176045 0.00291403 9.9982E-05 0.00992504
9.9991E-05 0.591747 0.0493144 0.172565 0.105904 0.0803699
0.012609 0.565557 0.0411514 0.166991 0.124842 0.0888492
0.0838557 0.232178 9.9982E-05 0.20289 0.480876 9.9982E-05
0.0311145 0.0498757 0.0614246 0.117733 0.739752 9.9991E-05
0.0584392 0.442644 0.017223 0.198567 0.266662 0.0164646
0.0159542 0.80301 9.9991E-05 0.0504741 0.108005 0.0224571
0.042325 0.0196002 0.937775 9.9973E-05 9.9973E-05 9.9973E-05
0.0598987 0.0494302 0.889587 9.9982E-05 0.000884641 9.9982E-05
0.392808 0.30568 0.0209946 0.0603109 0.0723519 0.147855
0.0460621 0.311517 0.0339245 0.186324 0.422072 9.9991E-05
9.9982E-05 0.905291 9.9982E-05 0.000325787 0.0659723 0.0282105
0.976337 9.9964E-05 9.9964E-05 9.9964E-05 9.9964E-05 0.0232635
0.0372413 0.415538 9.9991E-05 0.153397 0.347877 0.0458474
0.376683 0.331012 0.041194 0.126854 0.124157 9.9991E-05
0.0516618 0.0970512 9.99911E-05 0.311542 0.367611 0.172034
0.526532 0.140175 0.0464486 0.0659595 0.0755569 0.145328
9.9982E-05 0.42836 0.516928 9.9982E-05 0.0249181 0.0295947
0.206498 0.610605 9.9991E-05 0.0673201 0.00930319 0.106173
0.957333 0.0422668 9.9964E-05 9.9964E-05 9.9964E-05 9.9964E-05
0.921376 0.0175112 9.9982E-05 0.047473 0.01344 9.9982E-05
0.0070345 0.0573601 0.935306 9.9973E-05 9.9973E-05 9.9973E-05
0.993899 9.9973E-05 0.00490976 9.9973E-05 9.9973E-05 0.000891304
0.600137 0.148414 0.0357228 0.0953061 0.0498441 0.0705761
0.858903 0.033288 0.0466851 0.0280272 9.9991E-05 0.0329963
0.813035 0.0900092 0.0732915 9.9982E-05 0.023464 9.9982E-05
9.9991E-05 0.532823 0.102314 0.179351 0.110148 0.0752641
0.0370138 0.00403049 9.9982E-05 0.0918449 0.866911 9.9982E-05
0.0115429 9.9982E-05 9.9982E-05 0.0315771 0.947854 0.00882556
0.139302 0.003881 0.839897 0.0147996 9.9991E-05 0.00201986
0.0150613 9.9982E-05 0.0184295 0.111593 0.854716 9.9982E-05
0.0143851 0.0617751 9.9991E-05 0.0239845 0.00535497 0.8944
0.00212368 9.9982E-05 0.00438164 9.9982E-05 0.00131132 0.991983
0.201423 0.0327586 0.0639037 9.9991E-05 0.194609 0.507206
0.810103 0.136073 9.9982E-05 0.017311 0.0363135 9.9982E-05
9.9964E-05 9.9964E-05 9.9964E-05 9.9964E-05 0.00678489 0.992815
9.9973E-05 0.00283556 9.9973E-05 0.000305702 9.9973E-05 0.996559
9.996E-05 9.996E-05 9.996E-05 9.996E-05 9.996E-05 0.9995
9.9964E-05 9.9964E-05 0.00214134 9.9964E-05 9.9964E-05 0.997459
9.996E-05 9.996E-05 9.996E-05 9.996E-05 9.996E-05 0.9995
9.9973E-05 0.0214854 0.972196 9.9973E-05 0.00601817 9.9973E-05
0.00365544 0.862131 9.9982E-05 9.9982E-05 0.105287 0.0287262
9.9982E-05 0.701791 0.26678 0.017775 9.9982E-05 0.0134539
9.99639E-05 0.825776 0.173824 9.99639E-05 9.99639E-05 9.99639E-05
0.476583 0.112799 0.40962 9.9982E-05 9.9982E-05 0.000798098
9.9973E-05 0.0230245 0.926786 9.9973E-05 9.9973E-05 0.0498892
0.0179618 0.861251 9.9982E-05 9.9982E-05 0.0820931 0.038494
9.9982E-05 0.751698 0.172308 0.0175611 9.9982E-05 0.0582335
9.9973E-05 0.679288 0.303454 9.9973E-05 0.0169577 9.9973E-05
9.9973E-05 0.948146 9.9973E-05 0.00976644 9.9973E-05 0.0417876
9.9973E-05 0.043168 9.9973E-05 9.9973E-05 0.00593881 0.950593
0.149234 0.0983662 0.567357 0.0425504 0.120692 0.0218003
0.822588 0.0383811 0.0576748 0.058022 0.00929552 0.0140383
0.880292 0.0732649 9.9991E-05 0.00605762 0.00718971 0.0330953
0.733093 0.0683201 0.0590773 0.127198 9.9991E-05 0.0122119
0.0752881 0.0194279 0.904984 9.9973E-05 9.9973E-05 9.9973E-05
9.9973E-05 0.214499 0.768426 9.9973E-05 9.9973E-05 0.0167752
0.000138581 9.9982E-05 0.00361696 0.120427 0.875618 9.9982E-05
0.222838 0.129847 0.260408 0.226321 0.152592 0.00799335
9.9991E-05 0.430978 0.511112 0.00900279 0.0205283 0.0282795
