0.613863 0.0450914 0.0311274 0.00780837 0.0984673 9.9982E-05 0.203443 9.9982E-05
0.315503 9.9973E-05 0.281911 0.000814202 0.044162 9.9973E-05 0.35731 9.9973E-05
0.290878 9.9991E-05 0.292508 0.0136844 0.112097 0.01343 0.27678 0.000521521
0.630444 0.0447848 0.0106048 9.9982E-05 0.0808273 0.00471419 0.228425 9.9982E-05
0.0261635 0.0107455 0.89 0.025543 0.0111756 0.0236813 0.0125906 9.9991E-05
0.296774 9.9973E-05 0.217295 9.9973E-05 0.0281557 9.9973E-05 0.404467 0.0530085
0.00559022 0.434676 0.00933552 0.533127 9.9973E-05 9.9973E-05 9.9973E-05 0.0169712
0.00563068 0.0045035 9.9964E-05 0.982618 9.9964E-05 9.9964E-05 0.00684783 9.9964E-05
9.9955E-05 9.9955E-05 9.9955E-05 0.980027 9.9955E-05 0.0129291 0.0065443 9.9955E-05
0.0101194 9.9946E-05 9.9946E-05 0.989281 9.9946E-05 9.9946E-05 9.9946E-05 9.9946E-05
0.0417045 0.106829 0.0345564 9.9973E-05 0.805876 9.9973E-05 0.0107341 9.9973E-05
0.0347023 0.0427581 9.9964E-05 0.0178544 0.904285 9.9964E-05 9.9964E-05 9.9964E-05
0.0268246 0.0613708 9.9973E-05 0.00672878 0.900563 9.9973E-05 9.9973E-05 0.00421294
9.9946E-05 0.0719019 9.9946E-05 9.9946E-05 0.927498 9.9946E-05 9.9946E-05 9.9946E-05
0.133017 0.00638884 9.9973E-05 0.0172625 9.9973E-05 0.035635 9.9973E-05 0.807397
0.00564657 9.9946E-05 9.9946E-05 0.993754 9.9946E-05 9.9946E-05 9.9946E-05 9.9946E-05
0.048104 0.914071 9.9955E-05 0.0373257 9.9955E-05 9.9955E-05 9.9955E-05 9.9955E-05
0.00887272 0.0080255 9.9973E-05 0.00122955 0.0925224 9.9973E-05 9.9973E-05 0.88905
0.134016 0.0449552 9.9982E-05 0.0225949 0.19592 0.0488193 9.9982E-05 0.553495
9.9973E-05 0.0277246 9.9973E-05 0.0211755 0.577542 0.00474773 9.9973E-05 0.36851
0.10769 9.9964E-05 9.9964E-05 0.0294652 0.0502317 9.9964E-05 9.9964E-05 0.812213
9.9955E-05 9.9955E-05 9.9955E-05 0.022959 0.903178 9.9955E-05 9.9955E-05 0.0733634
9.9964E-05 0.0312321 9.9964E-05 9.9964E-05 0.0671635 9.9964E-05 0.00162897 0.899576
0.0386344 0.0384367 9.9982E-05 0.000636058 0.809436 9.9982E-05 0.0223997 0.0902573
0.0156146 9.9955E-05 9.9955E-05 9.9955E-05 0.928261 9.9955E-05 9.9955E-05 0.055625
0.0481656 0.0247 9.9955E-05 9.9955E-05 9.9955E-05 9.9955E-05 9.9955E-05 0.926635
9.9955E-05 9.9955E-05 9.9955E-05 0.0273563 0.0949349 9.9955E-05 9.9955E-05 0.877209
0.00696088 0.00670535 9.9991E-05 0.0269009 0.26877 0.0457184 0.0561968 0.588647
9.9964E-05 9.9964E-05 9.9964E-05 0.0192172 0.016613 0.0355988 9.9964E-05 0.928171
0.0223822 9.9973E-05 0.00763251 9.9973E-05 0.0425854 9.9973E-05 0.00548406 0.921616
0.00334005 9.9973E-05 9.9973E-05 9.9973E-05 0.931025 0.0208345 0.0079484 0.0365521
9.99551E-05 0.178104 9.99551E-05 9.99551E-05 0.81854 9.99551E-05 9.99551E-05 0.0028558
9.9955E-05 9.9955E-05 9.9955E-05 9.9955E-05 0.0963369 9.9955E-05 0.0193815 0.883782
0.0305911 9.9973E-05 9.9973E-05 0.0296358 0.771997 9.9973E-05 0.000360496 0.167116
9.9955E-05 9.9955E-05 9.9955E-05 0.00112497 0.0251421 9.9955E-05 9.9955E-05 0.973233
0.013607 9.9964E-05 0.00457026 9.9964E-05 0.967562 9.9964E-05 9.9964E-05 0.0138606
9.9955E-05 9.9955E-05 0.00375104 9.9955E-05 0.101033 9.9955E-05 9.9955E-05 0.894716
0.0245813 9.9973E-05 9.9973E-05 0.00502435 0.907281 0.0204838 9.9973E-05 0.0423294
0.676451 9.9964E-05 0.099861 9.9964E-05 9.9964E-05 0.114486 0.108802 9.9964E-05
9.9946E-05 9.9946E-05 0.638703 9.9946E-05 9.9946E-05 9.9946E-05 0.360697 9.9946E-05
9.9964E-05 0.162318 0.0911589 9.9964E-05 0.744211 9.9964E-05 0.00191225 9.9964E-05
9.9955E-05 0.00231495 9.9955E-05 9.9955E-05 0.0533883 9.9955E-05 9.9955E-05 0.943797
9.9973E-05 9.9973E-05 0.00620807 9.9973E-05 0.925409 0.00872743 0.0011671 0.0581885
0.0270787 0.30746 9.9964E-05 9.9964E-05 9.9964E-05 0.0557565 0.609305 9.9964E-05
0.143643 9.9973E-05 9.9973E-05 0.0300538 0.228301 0.0466969 9.9973E-05 0.551006
0.0163687 0.134888 9.9982E-05 0.0497247 0.426688 0.000909633 9.9982E-05 0.371222
0.0487402 9.9982E-05 0.00802257 0.0302001 0.0406073 0.0142349 9.9982E-05 0.857995
0.219414 0.0191865 0.30422 9.9991E-05 0.0226997 0.020347 0.371975 0.0420582
0.0798955 9.9982E-05 0.115982 0.00259357 0.0089896 0.50211 0.290229 9.9982E-05
0.709484 0.289917 9.9946E-05 9.9946E-05 9.9946E-05 9.9946E-05 9.9946E-05 9.9946E-05
0.705346 0.174226 9.99549E-05 9.99549E-05 0.119929 9.99549E-05 9.99549E-05 9.99549E-05
0.70093 0.149366 9.99549E-05 9.99549E-05 0.149203 9.99549E-05 9.99549E-05 9.99549E-05
0.818344 0.181056 9.99459E-05 9.99459E-05 9.99459E-05 9.99459E-05 9.99459E-05 9.99459E-05
9.9973E-05 0.00118231 0.010013 0.954024 0.0311523 9.9973E-05 9.9973E-05 0.00332884
0.00795285 9.9982E-05 0.00787343 0.952634 0.0209877 0.00129978 0.00905229 9.9982E-05
9.9964E-05 0.437744 9.9964E-05 0.0266584 0.520474 9.9964E-05 9.9964E-05 0.014724
0.00241712 9.9964E-05 9.9964E-05 0.00977783 0.93511 9.9964E-05 9.9964E-05 0.0522947
0.493281 9.9973E-05 0.179013 9.9973E-05 0.0355955 0.0974972 9.9973E-05 0.194313
0.0532836 9.9964E-05 0.906506 9.9964E-05 9.9964E-05 0.0213341 0.0184765 9.9964E-05
0.0411067 0.000409003 0.44135 9.9982E-05 9.9982E-05 0.28567 0.202132 0.0291319
9.9946E-05 0.967305 9.9946E-05 9.9946E-05 9.9946E-05 9.9946E-05 0.0320954 9.9946E-05
0.176202 0.745194 0.0406751 0.0200469 9.9973E-05 9.9973E-05 9.9973E-05 0.0175818
0.174216 0.691119 0.0116925 0.0213715 0.053482 0.0249855 0.0230332 9.9991E-05
0.0175029 0.00631434 9.9955E-05 0.975683 9.9955E-05 9.9955E-05 9.9955E-05 9.9955E-05
0.0443586 9.9964E-05 0.841445 0.00426215 9.9964E-05 9.9964E-05 0.109534 9.9964E-05
9.9955E-05 0.963991 9.9955E-05 9.9955E-05 9.9955E-05 0.00725464 9.9955E-05 0.0282545
0.825903 0.00264968 0.0460472 9.9973E-05 9.9973E-05 0.0326181 0.092482 9.9973E-05
9.9955E-05 0.00961781 9.9955E-05 9.9955E-05 0.926537 9.9955E-05 9.9955E-05 0.063345
9.9955E-05 0.0404684 9.9955E-05 0.000560377 0.958471 9.9955E-05 9.9955E-05 9.9955E-05
0.0738479 0.0379225 0.0439978 0.799185 9.9982E-05 0.0261741 9.9982E-05 0.018673
0.123258 0.00457324 0.0153671 0.783366 0.0139168 0.017124 9.9991E-05 0.0422944
0.0559465 0.0176565 0.00394337 0.879508 0.0233274 0.0194185 9.9982E-05 9.9982E-05
0.0155989 0.00309989 0.0173498 0.959984 0.00187705 9.9982E-05 0.00189048 9.9982E-05
0.0197922 9.9946E-05 9.9946E-05 0.979608 9.9946E-05 9.9946E-05 9.9946E-05 9.9946E-05
9.9973E-05 9.9973E-05 0.00303731 0.973375 9.9973E-05 0.0132883 0.00574185 0.00425729
0.00118451 9.9955E-05 9.9955E-05 0.981954 9.9955E-05 9.9955E-05 0.0163615 9.9955E-05
9.9964E-05 9.9964E-05 0.00260161 0.963793 0.0230967 0.0101092 9.9964E-05 9.9964E-05
0.0111776 0.000187882 0.00834219 0.962307 0.0149373 9.9982E-05 0.00284803 9.9982E-05
9.994E-05 9.994E-05 9.994E-05 0.9993 9.994E-05 9.994E-05 9.994E-05 9.994E-05
0.0194748 0.0141221 9.9982E-05 0.928493 0.014419 0.00624491 9.9982E-05 0.0170466
0.0144339 0.00752335 0.00119045 0.922044 0.010254 0.0181989 9.9991E-05 0.0262555
0.0295581 9.9973E-05 0.0053674 0.953756 0.00232612 0.00869285 9.9973E-05 9.9973E-05
9.9955E-05 9.9955E-05 9.9955E-05 0.523554 0.0761585 9.9955E-05 9.9955E-05 0.399788
9.99551E-05 9.99551E-05 9.99551E-05 0.562714 0.0131291 9.99551E-05 9.99551E-05 0.423657
9.994E-05 9.994E-05 9.994E-05 0.9993 9.994E-05 9.994E-05 9.994E-05 9.994E-05
0.066451 9.9946E-05 9.9946E-05 0.932949 9.9946E-05 9.9946E-05 9.9946E-05 9.9946E-05
0.0600805 0.015434 9.9964E-05 0.920548 9.9964E-05 9.9964E-05 0.00353716 9.9964E-05
0.0266708 9.9973E-05 0.0188524 0.928569 0.000728723 9.9973E-05 9.9973E-05 0.0248793
9.99552E-05 0.00668099 9.99552E-05 0.98662 9.99552E-05 9.99552E-05 0.0061995 9.99552E-05
9.99551E-05 9.99551E-05 9.99551E-05 0.545235 0.016895 9.99551E-05 9.99551E-05 0.43737
0.00583387 9.9982E-05 0.0256403 0.871482 0.0440662 0.0232623 9.9982E-05 0.029515
9.9964E-05 0.0360633 0.00796852 0.940292 9.9964E-05 9.9964E-05 0.0152761 9.9964E-05
0.0193082 9.9973E-05 0.00927693 0.964584 0.000764462 9.9973E-05 9.9973E-05 0.0057662
0.0305882 0.00877501 9.9982E-05 0.929267 0.00261666 9.9982E-05 0.0269015 0.00165166
0.0335296 0.0281077 0.0151442 0.856504 0.0294965 0.0141725 9.9991E-05 0.0229457
0.0349162 0.0362163 9.9964E-05 0.92364 0.00482736 9.9964E-05 9.9964E-05 9.9964E-05
9.9973E-05 0.214647 0.101811 9.9973E-05 9.9973E-05 0.0244923 0.061611 0.597139
0.0140833 9.9964E-05 9.9964E-05 0.954358 9.9964E-05 9.9964E-05 0.015864 0.0152953
0.000508085 9.9955E-05 9.9955E-05 0.981986 0.0170065 9.9955E-05 9.9955E-05 9.9955E-05
0.033528 0.0248269 0.00438031 0.729212 0.010755 0.00834842 0.126754 0.0621944
9.994E-05 9.994E-05 9.994E-05 0.9993 9.994E-05 9.994E-05 9.994E-05 9.994E-05
9.9946E-05 9.9946E-05 9.9946E-05 0.966755 0.0326457 9.9946E-05 9.9946E-05 9.9946E-05
9.9955E-05 9.9955E-05 9.9955E-05 0.979898 0.0162458 9.9955E-05 0.00335652 9.9955E-05
9.9955E-05 9.9955E-05 0.0130199 0.954028 9.9955E-05 9.9955E-05 9.9955E-05 0.0324522
9.9973E-05 0.0408693 9.9973E-05 0.045456 0.000384767 9.9973E-05 0.0100126 0.902977
9.994E-05 9.994E-05 9.994E-05 0.9993 9.994E-05 9.994E-05 9.994E-05 9.994E-05
0.0277581 9.9955E-05 9.9955E-05 0.947957 9.9955E-05 0.023785 9.9955E-05 9.9955E-05
9.994E-05 9.994E-05 9.994E-05 0.9993 9.994E-05 9.994E-05 9.994E-05 9.994E-05
9.9973E-05 0.107303 9.9973E-05 0.00274435 0.257889 9.9973E-05 0.0130202 0.618743
9.9973E-05 9.9973E-05 0.0217422 0.920252 9.9973E-05 0.0314836 0.0248758 0.00134688
0.0646546 9.9964E-05 9.9964E-05 0.928331 0.00072607 0.00588865 9.9964E-05 9.9964E-05
0.0137007 9.9964E-05 9.9964E-05 0.970685 9.9964E-05 9.9964E-05 0.0117747 0.00343979
9.994E-05 9.994E-05 9.994E-05 0.9993 9.994E-05 9.994E-05 9.994E-05 9.994E-05
0.0537128 0.0266811 9.9973E-05 0.0220996 0.246553 9.9973E-05 9.9973E-05 0.650654
9.9955E-05 9.9955E-05 9.9955E-05 0.989838 9.9955E-05 9.9955E-05 0.00191807 0.00774404
0.0559362 9.9973E-05 0.012686 0.90118 9.9973E-05 0.00888088 0.0210169 9.9973E-05
9.99551E-05 9.99551E-05 9.99551E-05 0.51128 0.0243182 9.99551E-05 9.99551E-05 0.463902
9.9964E-05 0.0117348 0.000812452 0.976237 9.9964E-05 9.9964E-05 9.9964E-05 0.0108164
0.0303531 9.9964E-05 9.9964E-05 0.0186925 0.723347 9.9964E-05 9.9964E-05 0.227208
0.0300365 9.9973E-05 0.0468512 9.9973E-05 0.647926 0.00370006 9.9973E-05 0.271187
9.9964E-05 9.9964E-05 9.9964E-05 0.0439953 0.864317 9.9964E-05 0.0474081 0.0438802
9.9973E-05 0.0556485 9.9973E-05 0.0242344 0.0323617 9.9973E-05 0.0173132 0.870142
0.0796008 0.785449 0.0248599 0.0532602 0.0266364 0.0299937 9.9982E-05 9.9982E-05
9.9982E-05 0.00459661 9.9982E-05 0.0516139 0.878397 0.0111397 0.0296866 0.0243664
0.0109448 0.370459 0.0641762 9.9982E-05 0.341894 0.0240656 9.9982E-05 0.188261
0.0165138 9.9973E-05 0.00867867 0.0241859 0.758303 9.9973E-05 9.9973E-05 0.192019
9.9964E-05 9.9964E-05 0.03781 9.9964E-05 0.651055 0.0388809 9.9964E-05 0.271854
0.0676203 9.9973E-05 9.9973E-05 9.9973E-05 0.73817 0.0291726 0.00197309 0.162764
0.00870273 0.00884977 0.0501955 9.9982E-05 0.622103 0.0319392 9.9982E-05 0.27801
9.9973E-05 9.9973E-05 0.0391454 0.018525 0.617497 0.0276972 9.9973E-05 0.296835
9.9964E-05 9.9964E-05 0.0325725 0.0297042 0.925573 9.9964E-05 9.9964E-05 0.0117505
9.9973E-05 0.0963075 9.9973E-05 0.015869 0.833315 0.0392804 0.0149283 9.9973E-05
9.9982E-05 0.0896558 0.00231036 0.0297011 0.861851 0.0104022 0.00587923 9.9982E-05
0.0149956 0.0392449 0.0039283 0.0411949 0.074831 0.056634 9.9991E-05 0.769071
9.994E-05 9.994E-05 9.994E-05 9.994E-05 9.994E-05 9.994E-05 0.9993 9.994E-05
0.0547449 9.9955E-05 9.9955E-05 0.024261 9.9955E-05 9.9955E-05 0.920494 9.9955E-05
0.0828158 0.014965 0.617217 9.9982E-05 0.00373085 0.034503 0.246568 9.9982E-05
0.0430999 0.341902 0.0280301 0.0936828 0.0967175 0.0232754 0.014051 0.359241
0.0216992 9.9955E-05 9.9955E-05 9.9955E-05 9.9955E-05 0.00232018 0.975481 9.9955E-05
0.0725307 9.9955E-05 9.9955E-05 0.00657568 9.9955E-05 9.9955E-05 0.920394 9.9955E-05
9.9991E-05 0.266827 0.0454205 0.109278 0.414635 0.0028533 0.0366196 0.124267
0.0200787 0.015892 0.450767 0.0194376 9.9982E-05 0.298035 0.19559 9.9982E-05
0.0297061 0.0129261 0.413101 0.00722379 0.0234801 0.368894 0.118584 0.0260851
9.9973E-05 0.0505805 0.455198 0.0145208 9.9973E-05 0.39014 0.0892612 9.9973E-05
0.0600957 0.0348583 0.233445 0.0194503 9.9982E-05 0.58045 9.9982E-05 0.0715007
0.0695773 0.033334 0.268994 0.0147004 9.9982E-05 0.589283 9.9982E-05 0.0239108
0.0373294 0.00614453 0.44753 9.9991E-05 0.0150695 0.381392 0.0785512 0.0338831
0.177941 0.774293 9.99729E-05 0.0050428 9.99729E-05 0.0198952 0.022528 9.99729E-05
9.9964E-05 9.9964E-05 0.631517 9.9964E-05 9.9964E-05 0.0301913 0.311441 0.0264503
0.0644076 0.0373427 9.9964E-05 9.9964E-05 9.9964E-05 9.9964E-05 0.000346323 0.897504
9.9982E-05 0.015932 9.9982E-05 0.0193339 0.00533967 0.00472305 0.0111997 0.943272
0.0334484 9.9982E-05 0.833872 0.0296102 9.9982E-05 0.00798826 0.0804607 0.0144202
0.19124 0.0748319 0.13367 0.113108 0.144395 0.0667337 0.0718692 0.204152
0.0837516 0.763925 9.9982E-05 9.9982E-05 0.0341861 0.0522101 0.0269867 0.0387407
9.9973E-05 0.154775 0.0438941 9.9973E-05 0.724872 0.00170977 0.0744493 9.9973E-05
9.9973E-05 0.0649253 9.9973E-05 0.025137 0.0788142 0.0227346 9.9973E-05 0.808089
9.9982E-05 0.147815 0.0226687 0.0354302 0.514765 0.0168238 0.262298 9.9982E-05
0.0272453 0.798114 9.9982E-05 9.9982E-05 0.0193754 0.0490877 0.05933 0.0466472
9.9973E-05 0.0239936 9.9973E-05 0.00577443 9.9973E-05 0.192446 0.733941 0.0435453
0.0928317 0.857435 9.9973E-05 0.0129066 9.9973E-05 0.0258535 0.0106728 9.9973E-05
0.618057 9.9991E-05 0.0595488 0.0528029 0.101127 0.079378 0.00913993 0.0798468
9.9973E-05 0.0399556 0.000937412 0.0320829 9.9973E-05 0.00643907 9.9973E-05 0.920285
9.9973E-05 0.0291274 0.589169 0.0142285 9.9973E-05 9.9973E-05 0.354001 0.0131738
9.9982E-05 0.0693453 0.420511 0.0207105 0.45277 0.0209051 0.0155579 9.9982E-05
9.9973E-05 9.9973E-05 0.898189 0.0253958 0.036895 0.0215674 9.9973E-05 0.0176531
0.0675762 0.355789 0.0451794 0.0463231 0.305555 0.0122504 0.108911 0.0584161
9.9973E-05 9.9973E-05 0.98654 0.0039171 9.9973E-05 0.00516164 0.00279461 0.00128627
9.9964E-05 0.882703 0.0313012 9.9964E-05 0.0593399 9.9964E-05 9.9964E-05 0.0262565
9.9982E-05 0.0500947 0.802199 0.041843 0.0272997 0.0180841 9.9982E-05 0.0602793
0.00657622 0.0874068 0.811214 0.0407615 0.0110427 0.0119329 9.9991E-05 0.0309658
9.9964E-05 0.071392 0.0647415 0.00484711 9.9964E-05 9.9964E-05 9.9964E-05 0.85862
0.106084 0.0351252 0.0351225 9.9991E-05 0.11969 0.0122298 0.301768 0.38988
9.9991E-05 0.249517 0.0340305 0.0125977 0.255564 0.030525 0.0504139 0.367252
0.0197779 0.0329643 0.0598615 0.014803 0.0218023 0.832459 9.9991E-05 0.0182319
0.0111934 0.0145862 0.0334242 9.9973E-05 0.0134891 0.927007 9.9973E-05 9.9973E-05
0.0483496 0.0166829 0.0061459 0.00666421 0.00134768 0.894089 0.00584263 0.0208777
0.0103068 0.0624754 0.0140675 0.0306917 0.0107052 0.862836 9.9991E-05 0.00881734
0.0368597 9.9955E-05 9.9955E-05 9.9955E-05 9.9955E-05 0.0334188 9.9955E-05 0.929222
0.057056 9.9973E-05 0.0265347 0.00505379 0.0141832 9.9973E-05 9.9973E-05 0.896873
0.0671419 0.047406 9.9982E-05 0.0328708 0.0550513 9.9982E-05 0.0134242 0.783906
0.0730212 9.9982E-05 0.281645 0.0105336 0.00875325 0.408245 0.217602 9.9982E-05
0.107994 0.052812 0.105995 0.117404 0.199133 0.133237 0.0874621 0.195963
0.379246 9.9982E-05 0.0239381 0.134664 0.0118853 0.0886492 9.9982E-05 0.361418
0.126385 9.9982E-05 0.036675 0.0204851 0.0724161 9.9982E-05 0.000461442 0.743378
0.184781 9.9982E-05 9.9982E-05 0.0707491 0.0596316 0.0275521 0.0143337 0.642752
0.141812 9.9973E-05 9.9973E-05 0.0466027 9.9973E-05 0.0851719 0.0236926 0.702421
0.250122 9.9991E-05 0.0217405 0.137908 0.00644369 0.0314321 0.0606934 0.49156
0.703695 0.119514 9.9982E-05 9.9982E-05 0.0560241 0.0258279 0.0900309 0.00470726
9.9973E-05 0.0975452 0.000387616 9.9973E-05 0.867665 0.00824364 9.9973E-05 0.025859
9.9982E-05 0.134952 9.9982E-05 0.0514621 0.54717 0.0103696 0.0154873 0.24036
0.017932 9.9964E-05 0.959257 0.000179425 9.9964E-05 9.9964E-05 0.0222319 9.9964E-05
0.0388486 0.0254627 0.924585 9.9973E-05 0.00406789 9.9973E-05 9.9973E-05 0.0067356
0.0815348 0.00143515 0.868383 9.9982E-05 0.0124214 9.9982E-05 0.0144093 0.0216162
0.210864 9.9964E-05 0.378032 9.9964E-05 9.9964E-05 0.224828 0.185876 9.9964E-05
0.540786 9.9964E-05 0.322658 0.00690736 9.9964E-05 0.129248 9.9964E-05 9.9964E-05
0.562933 9.9964E-05 0.302588 0.0152207 9.9964E-05 0.118859 9.9964E-05 9.9964E-05
0.0866417 9.9964E-05 9.9964E-05 0.0139397 9.9964E-05 0.0062714 9.9964E-05 0.892747
0.113308 9.9991E-05 0.0162761 0.0234289 0.0123191 0.0322612 0.00561085 0.796696
9.9964E-05 0.0357495 9.9964E-05 0.00840669 0.00261932 9.9964E-05 9.9964E-05 0.952825
0.0331597 0.821986 0.031001 0.0237822 0.0893843 9.9982E-05 0.000486618 9.9982E-05
9.9964E-05 9.9964E-05 0.92502 0.0411585 9.9964E-05 0.0199162 9.9964E-05 0.013505
9.9964E-05 9.9964E-05 0.929119 0.0267053 0.0132574 9.9964E-05 0.0305188 9.9964E-05
9.9955E-05 0.011942 0.877094 9.9955E-05 9.9955E-05 9.9955E-05 0.110464 9.9955E-05
9.9973E-05 0.00948056 0.773466 9.9973E-05 0.011357 0.0330455 0.172351 9.9973E-05
9.9991E-05 0.022643 0.836297 0.013036 0.0121304 0.00410607 0.103143 0.00854368
9.9964E-05 0.186581 0.0716664 9.9964E-05 0.734509 9.9964E-05 0.00684338 9.9964E-05
0.13347 0.0138882 0.208819 0.0692493 9.9991E-05 0.154858 0.354214 0.0654015
0.00206857 0.997332 9.9946E-05 9.9946E-05 9.9946E-05 9.9946E-05 9.9946E-05 9.9946E-05
9.9955E-05 0.186815 0.074237 9.9955E-05 0.738448 9.9955E-05 9.9955E-05 9.9955E-05
9.9964E-05 0.124174 0.0476776 9.9964E-05 9.9964E-05 9.9964E-05 0.0508591 0.776889
9.9946E-05 0.190323 9.9946E-05 9.9946E-05 0.809077 9.9946E-05 9.9946E-05 9.9946E-05
9.9955E-05 0.230234 9.9955E-05 9.9955E-05 0.761297 0.00796884 9.9955E-05 9.9955E-05
9.9955E-05 0.244268 9.9955E-05 9.9955E-05 0.746303 0.00892906 9.9955E-05 9.9955E-05
9.9973E-05 0.0133281 0.924158 0.0240273 0.0227082 0.0154782 9.9973E-05 9.9973E-05
9.9955E-05 0.0319186 0.967194 9.9955E-05 9.9955E-05 9.9955E-05 0.000387427 9.9955E-05
0.306023 9.9982E-05 0.220056 9.9982E-05 0.0230303 0.0206697 0.385102 0.0449188
9.9982E-05 0.00809042 0.887581 0.0316414 0.0129702 0.00876991 0.0507469 9.9982E-05
9.994E-05 9.994E-05 0.9993 9.994E-05 9.994E-05 9.994E-05 9.994E-05 9.994E-05
9.9973E-05 0.0606847 0.27183 0.00279872 0.481859 9.9973E-05 0.182528 9.9973E-05
0.0405156 9.9973E-05 0.810304 9.9973E-05 9.9973E-05 0.0363199 0.0848502 0.0277103
0.0468004 9.9973E-05 0.777154 9.9973E-05 9.9973E-05 0.0606806 0.0931958 0.0218693
0.524815 9.9982E-05 0.171839 0.00574016 9.9982E-05 0.0757376 0.155902 0.0657662
0.00768963 0.898805 9.9982E-05 0.0250708 0.0555633 0.00127486 0.011396 9.9982E-05
9.9964E-05 0.104074 0.64419 9.9964E-05 0.0384888 9.9964E-05 0.212847 9.9964E-05
9.9982E-05 0.0282577 9.9982E-05 0.426125 0.00644985 0.055583 0.190919 0.292466
9.9964E-05 0.0770054 0.557721 9.9964E-05 0.050145 9.9964E-05 0.314729 9.9964E-05
9.9955E-05 9.9955E-05 0.955885 0.00909759 0.0345172 9.9955E-05 9.9955E-05 9.9955E-05
9.9964E-05 0.154753 0.0262635 9.9964E-05 0.792693 0.0258909 9.9964E-05 9.9964E-05
9.9964E-05 0.146192 0.250824 9.9964E-05 0.573505 9.9964E-05 0.0290798 9.9964E-05
0.111785 0.85505 9.9955E-05 9.9955E-05 9.9955E-05 9.9955E-05 9.9955E-05 0.0326652
0.925695 0.0713272 9.9955E-05 9.9955E-05 9.9955E-05 9.9955E-05 0.00247827 9.9955E-05
0.0173476 9.9955E-05 9.9955E-05 9.9955E-05 0.928299 9.9955E-05 9.9955E-05 0.0538538
0.715643 0.165321 9.99549E-05 9.99549E-05 0.118537 9.99549E-05 9.99549E-05 9.99549E-05
9.9964E-05 0.924313 0.0299546 9.9964E-05 0.0356099 9.9964E-05 9.9964E-05 0.00972275
9.9955E-05 0.87559 0.0528354 9.9955E-05 0.0710752 9.9955E-05 9.9955E-05 9.9955E-05
0.815225 0.184175 9.99459E-05 9.99459E-05 9.99459E-05 9.99459E-05 9.99459E-05 9.99459E-05
0.431524 0.203839 9.9982E-05 0.00395445 0.26366 0.0210398 0.0757824 9.9982E-05
0.0496695 0.910352 9.9964E-05 0.0182254 0.0213535 9.9964E-05 9.9964E-05 9.9964E-05
0.482195 9.9982E-05 0.176756 0.0420216 9.9982E-05 0.0976165 0.150938 0.0502721
9.9964E-05 0.0234255 9.9964E-05 0.00219896 0.0252009 9.9964E-05 9.9964E-05 0.948775
9.9973E-05 0.157064 0.0526242 9.9973E-05 9.9973E-05 0.00746415 0.025071 0.757477
9.994E-05 9.994E-05 9.994E-05 0.9993 9.994E-05 9.994E-05 9.994E-05 9.994E-05
0.066903 0.148588 0.0423401 9.9991E-05 0.00891019 0.0105426 0.0465315 0.676085
9.9964E-05 0.0744378 9.9964E-05 0.0152103 0.0558454 9.9964E-05 9.9964E-05 0.854107
9.9964E-05 0.594048 0.0106328 9.9964E-05 0.0567089 9.9964E-05 9.9964E-05 0.33821
9.9964E-05 0.0311786 9.9964E-05 0.0375206 0.0835802 9.9964E-05 9.9964E-05 0.847321
0.0948519 9.9973E-05 9.9973E-05 0.0418296 0.564671 0.0563603 9.9973E-05 0.241988
0.0192577 0.0118459 0.00932272 0.0021401 9.9973E-05 9.9973E-05 9.9973E-05 0.957134
0.712957 9.9973E-05 9.9973E-05 0.0867144 0.034304 0.0374187 9.9973E-05 0.128306
0.629199 0.123777 9.9973E-05 9.9973E-05 0.170796 0.0306368 9.9973E-05 0.0452911
0.354795 0.114397 0.00347429 0.0420829 0.27161 0.0274935 9.9991E-05 0.186047
0.0190939 0.0225561 0.0175046 0.0186002 0.0554445 9.9982E-05 9.9982E-05 0.866601
9.9955E-05 9.9955E-05 0.850043 0.0118528 9.9955E-05 9.9955E-05 0.137605 9.9955E-05
0.0251941 9.9955E-05 9.9955E-05 9.9955E-05 0.951185 9.9955E-05 9.9955E-05 0.0231209
0.720483 9.9964E-05 9.9964E-05 0.0479874 9.9964E-05 0.0800468 9.9964E-05 0.151083
0.0455035 9.9955E-05 9.9955E-05 9.9955E-05 0.908728 9.9955E-05 9.9955E-05 0.0452682
0.0390609 9.9964E-05 0.841737 9.9964E-05 9.9964E-05 0.0103889 0.108413 9.9964E-05
9.9955E-05 0.977535 9.9955E-05 0.01617 9.9955E-05 0.00579553 9.9955E-05 9.9955E-05
9.99649E-05 0.0192431 9.99649E-05 0.96342 9.99649E-05 0.0084072 0.00852975 9.99649E-05
0.0735023 0.0406238 9.9982E-05 0.685248 9.9982E-05 0.0105381 0.127153 0.062735
0.0119963 0.0374757 9.9964E-05 0.0199313 9.9964E-05 9.9964E-05 9.9964E-05 0.930197
9.9964E-05 0.153477 9.9964E-05 0.0396618 0.558798 9.9964E-05 9.9964E-05 0.247663
9.9946E-05 0.998165 9.9946E-05 0.00123558 9.9946E-05 9.9946E-05 9.9946E-05 9.9946E-05
9.994E-05 0.9993 9.994E-05 9.994E-05 9.994E-05 9.994E-05 9.994E-05 9.994E-05
0.0479064 0.176529 0.0609283 9.9982E-05 0.553592 0.0373311 0.123513 9.9982E-05
9.9964E-05 0.102764 9.9964E-05 0.0237248 0.589354 9.9964E-05 9.9964E-05 0.283758
0.0941301 9.9955E-05 0.892129 9.9955E-05 9.9955E-05 9.9955E-05 0.0132407 9.9955E-05
0.577065 9.9955E-05 0.322789 9.9955E-05 9.9955E-05 0.0996458 9.9955E-05 9.9955E-05
0.0354185 0.0198125 0.561388 9.9982E-05 0.00406543 0.280132 0.0989833 9.9982E-05
0.0670914 9.9991E-05 0.116651 0.105701 0.0273408 0.424713 0.181466 0.0769373
0.13612 0.0118611 0.130029 0.0649331 0.0212726 0.4455 0.142449 0.0478353
0.138968 0.0109126 0.290473 0.00900787 9.9991E-05 0.260296 0.259673 0.0305689
0.557483 9.9955E-05 0.335329 9.9955E-05 9.9955E-05 0.106688 9.9955E-05 9.9955E-05
0.114573 0.0284642 0.173901 0.0557253 0.0103736 0.423523 0.153121 0.0403181
0.122787 9.9973E-05 0.217489 9.9973E-05 9.9973E-05 0.252044 0.384887 0.022494
0.685907 0.0103881 0.0899472 0.0337025 0.00739707 0.119061 9.9991E-05 0.0534971
0.0954931 0.00332027 0.359516 9.9982E-05 9.9982E-05 0.236332 0.261957 0.0431825
0.641266 9.9982E-05 0.0722954 0.0442299 0.00674531 0.145909 9.9982E-05 0.089355
0.703437 0.21692 9.9955E-05 9.9955E-05 0.0791435 9.9955E-05 9.9955E-05 9.9955E-05
0.557499 9.9973E-05 9.9973E-05 0.0433442 0.0994413 0.0175037 0.281911 9.9973E-05
0.216344 9.9982E-05 0.316857 0.0326474 0.0638848 0.187536 0.182531 9.9982E-05
0.28175 9.9991E-05 0.249624 0.024017 0.0842195 0.217503 0.135866 0.0069203
0.562887 9.9955E-05 0.288587 9.9955E-05 9.9955E-05 0.148026 9.9955E-05 9.9955E-05
0.127071 9.9982E-05 0.34742 0.0418482 0.00478433 0.252143 0.226534 9.9982E-05
0.0166986 9.9964E-05 9.9964E-05 9.9964E-05 0.836527 9.9964E-05 0.0113492 0.135026
0.0619359 9.9964E-05 0.90591 9.9964E-05 0.00875836 9.9964E-05 0.0229963 9.9964E-05
0.166762 9.9991E-05 0.121636 0.038649 0.00566478 0.426841 0.158206 0.0821423
0.166932 9.9982E-05 0.351586 0.0213197 9.9982E-05 0.165469 0.293494 0.000998344
0.136424 9.9982E-05 0.197644 0.0469534 9.9982E-05 0.430531 0.174057 0.0141906
0.0719863 9.9991E-05 0.190134 0.0524945 0.0290789 0.375666 0.275161 0.00537966
0.0347934 0.179965 0.0268233 9.9973E-05 9.9973E-05 9.9973E-05 0.041927 0.716192
0.069353 0.0387493 9.9991E-05 0.0510771 0.419204 0.032453 0.0343242 0.35474
0.0206884 9.9973E-05 0.771332 0.0149266 9.9973E-05 0.0690936 0.123659 9.9973E-05
0.0385948 9.9955E-05 9.9955E-05 9.9955E-05 0.907356 9.9955E-05 9.9955E-05 0.0535495
0.019536 0.161623 0.0778756 9.9973E-05 9.9973E-05 9.9973E-05 0.0244532 0.716212
0.893069 0.0945133 9.9955E-05 0.0119174 9.9955E-05 9.9955E-05 9.9955E-05 9.9955E-05
9.994E-05 9.994E-05 0.9993 9.994E-05 9.994E-05 9.994E-05 9.994E-05 9.994E-05
9.9964E-05 0.00172009 0.988956 0.00735718 9.9964E-05 9.9964E-05 9.9964E-05 0.00156642
9.9982E-05 0.00685982 0.908299 0.0443032 0.00223188 0.0300248 0.00808151 9.9982E-05
9.9964E-05 9.9964E-05 0.98026 0.00938821 9.9964E-05 0.00407505 0.00587705 9.9964E-05
0.0479241 0.819416 0.050046 0.015858 0.0664555 9.9973E-05 9.9973E-05 9.9973E-05
9.9982E-05 0.0118546 0.827422 0.0360369 0.010952 9.9982E-05 0.0513256 0.0622091
0.00548106 0.159456 0.0353431 9.9982E-05 9.9982E-05 0.0200677 0.0376666 0.741785
0.0352846 9.9955E-05 9.9955E-05 9.9955E-05 9.9955E-05 0.017576 9.9955E-05 0.94664
9.9973E-05 0.0529982 9.9973E-05 0.0291981 0.0120998 0.0119404 9.9973E-05 0.893464
9.9964E-05 0.0489541 9.9964E-05 0.00935076 9.9964E-05 9.9964E-05 0.00889752 0.932398
9.9982E-05 0.0119562 9.9982E-05 0.0185541 0.0689686 0.0165539 0.00610824 0.877659
0.139413 9.9982E-05 0.104333 0.0912278 9.9982E-05 0.550585 0.0206276 0.093613
0.151954 9.9991E-05 0.0871971 0.0789728 0.0120562 0.554829 0.0387355 0.0761553
0.00811637 0.0337705 9.9973E-05 9.9973E-05 0.0265847 0.912355 9.9973E-05 0.0188736
9.9973E-05 9.9973E-05 0.0865326 0.00775453 9.9973E-05 0.852876 0.0239403 0.0285963
0.0281974 9.9964E-05 9.9964E-05 0.0204947 9.9964E-05 0.933112 0.0177962 9.9964E-05
0.487535 0.154593 9.9982E-05 0.0250073 0.0463509 0.285933 9.9982E-05 0.000380145
9.9955E-05 9.9955E-05 9.9955E-05 0.0200021 0.0437214 0.935777 9.9955E-05 9.9955E-05
0.0416422 0.115622 0.209101 0.0274287 0.240841 0.0895162 0.0767673 0.199082
9.994E-05 9.994E-05 9.994E-05 9.994E-05 9.994E-05 0.9993 9.994E-05 9.994E-05
9.9946E-05 9.9946E-05 9.9946E-05 9.9946E-05 9.9946E-05 0.979221 0.0201797 9.9946E-05
9.9955E-05 9.9955E-05 9.9955E-05 0.0125059 9.9955E-05 0.947602 0.0393922 9.9955E-05
9.9973E-05 9.9973E-05 0.00391228 9.9973E-05 0.018886 0.226041 0.736693 0.0141671
9.9946E-05 9.9946E-05 9.9946E-05 0.000315138 9.9946E-05 0.999085 9.9946E-05 9.9946E-05
9.9973E-05 9.9973E-05 0.00411898 0.0203247 9.9973E-05 0.818026 0.13105 0.0261803
0.0585506 9.9955E-05 9.9955E-05 9.9955E-05 0.845874 9.9955E-05 9.9955E-05 0.0950753
0.108887 9.9982E-05 0.00335802 0.0320743 0.554851 0.062776 9.9982E-05 0.237853
0.127844 0.000643659 9.9982E-05 0.00791372 0.127545 0.0420468 9.9982E-05 0.693806
0.0256079 9.9973E-05 0.00979247 0.0329573 0.0870382 9.9973E-05 9.9973E-05 0.844304
0.714153 0.129952 9.9964E-05 9.9964E-05 0.123162 9.9964E-05 9.9964E-05 0.032334
0.107796 9.9982E-05 0.00841708 0.0402 0.0703773 0.0312727 9.9982E-05 0.741737
0.00871682 9.9955E-05 9.9955E-05 9.9955E-05 0.963482 9.9955E-05 9.9955E-05 0.027301
9.99461E-05 9.99461E-05 9.99461E-05 9.99461E-05 0.953208 9.99461E-05 9.99461E-05 0.0461927
0.806386 0.157481 9.99549E-05 9.99549E-05 0.0356336 9.99549E-05 9.99549E-05 9.99549E-05
0.132435 9.9973E-05 9.9973E-05 0.0524434 0.0339261 0.0392868 9.9973E-05 0.741609
0.190828 9.9991E-05 0.0158492 0.108285 0.150405 0.039651 0.0250956 0.469786
0.726074 0.0830996 9.99821E-05 0.0913104 0.00530533 0.0253136 9.99821E-05 0.0686967
0.7823 0.173964 9.99549E-05 9.99549E-05 0.0432366 9.99549E-05 9.99549E-05 9.99549E-05
0.737221 0.0870625 9.9982E-05 0.00589472 0.106536 0.00316258 9.9982E-05 0.059924
0.083547 0.0470244 0.0661549 9.9991E-05 0.540112 0.00275736 0.0357582 0.224546
0.738546 0.197479 9.9973E-05 0.00162131 0.0493682 9.9973E-05 9.9973E-05 0.0126852
0.0549134 9.9964E-05 9.9964E-05 9.9964E-05 0.930536 0.00378667 9.9964E-05 0.010364
0.860366 0.129042 0.00382265 9.9964E-05 9.9964E-05 9.9964E-05 0.00636871 9.9964E-05
0.880869 0.0980728 9.9955E-05 0.0205583 9.9955E-05 9.9955E-05 9.9955E-05 9.9955E-05
0.3461 0.0632351 0.241475 0.0424626 9.9982E-05 0.165424 0.141103 9.9982E-05
0.736246 0.263155 9.9946E-05 9.9946E-05 9.9946E-05 9.9946E-05 9.9946E-05 9.9946E-05
0.802573 0.196827 9.99459E-05 9.99459E-05 9.99459E-05 9.99459E-05 9.99459E-05 9.99459E-05
0.762153 0.229444 9.9955E-05 9.9955E-05 0.0079033 9.9955E-05 9.9955E-05 9.9955E-05
0.5968 9.9982E-05 0.0273356 0.0851445 0.0796342 0.0537394 9.9982E-05 0.157146
0.0735719 9.9973E-05 0.00509698 9.9973E-05 0.77037 9.9973E-05 0.00682986 0.143831
0.0803497 9.9982E-05 0.0297055 9.9982E-05 0.87305 0.00187645 0.00373606 0.0110824
0.0900481 0.0307129 0.00537049 0.00213238 0.845921 0.0256148 9.9982E-05 9.9982E-05
0.0194337 9.9964E-05 9.9964E-05 0.00787368 0.888421 9.9964E-05 9.9964E-05 0.0838716
0.0774405 9.9955E-05 0.917475 9.9955E-05 0.00458463 9.9955E-05 9.9955E-05 9.9955E-05
0.277375 9.9982E-05 0.232941 9.9982E-05 0.0439996 0.00647419 0.401257 0.0377537
0.0119834 0.0372227 9.9982E-05 0.0237318 0.140633 9.9982E-05 0.0216791 0.76455
9.9973E-05 0.197275 9.9973E-05 0.0324393 0.48621 0.00523735 9.9973E-05 0.278538
0.609678 0.0335223 0.0253199 0.0552753 0.0773918 9.9982E-05 0.198613 9.9982E-05
0.608715 0.0600466 0.0176779 0.0115876 0.0804419 0.01174 0.20835 0.00144118
0.0277318 9.9964E-05 0.0369271 9.9964E-05 9.9964E-05 0.0379222 9.9964E-05 0.897019
9.9964E-05 0.203408 0.0192416 9.9964E-05 9.9964E-05 9.9964E-05 0.0375937 0.739357
9.9982E-05 0.102542 0.0289393 0.0103318 0.256398 0.0290679 0.57252 9.9982E-05
0.0868843 0.407192 0.0803043 9.9982E-05 0.335544 0.051377 0.0384989 9.9982E-05
0.0218539 0.060018 9.99641E-05 9.99641E-05 0.113139 9.99641E-05 9.99641E-05 0.80459
0.546461 9.9973E-05 0.0362514 0.113721 9.9973E-05 0.0345848 9.9973E-05 0.268682
0.545919 0.0650815 9.9982E-05 0.0506703 0.0768448 0.0313054 0.22998 9.9982E-05
0.572652 9.9973E-05 9.9973E-05 0.0920496 0.0695232 0.106843 9.9973E-05 0.158632
0.452694 9.9982E-05 0.0428977 0.110785 0.0666176 0.084734 9.9982E-05 0.242073
0.0209386 9.9973E-05 9.9973E-05 0.055901 9.9973E-05 0.0125997 0.00354737 0.906713
9.9964E-05 9.9964E-05 0.0187726 0.00494588 9.9964E-05 9.9964E-05 0.0461556 0.929726
0.0101741 9.9955E-05 9.9955E-05 9.9955E-05 9.9955E-05 9.9955E-05 0.025031 0.964295
9.9973E-05 0.0522121 9.9973E-05 0.0139424 0.0290568 0.0375585 9.9973E-05 0.86693
9.9973E-05 0.0387717 9.9973E-05 0.0176298 0.00140085 9.9973E-05 0.00223497 0.939663
9.9955E-05 0.0832415 9.9955E-05 9.9955E-05 9.9955E-05 9.9955E-05 0.00330105 0.912958
0.232476 9.9991E-05 0.00708329 0.165028 0.00247193 0.0365111 0.058452 0.497878
0.429155 9.9982E-05 0.0657982 0.112344 0.0259746 0.133717 9.9982E-05 0.232811
9.9955E-05 0.0347315 9.9955E-05 9.9955E-05 9.9955E-05 9.9955E-05 0.018379 0.94639
0.467091 0.0224369 0.0476493 0.087554 0.0250542 0.10955 9.9991E-05 0.240565
0.665711 9.9991E-05 0.0106263 0.0516821 0.0517214 0.0861054 0.000331712 0.133722
9.994E-05 9.994E-05 9.994E-05 9.994E-05 9.994E-05 9.994E-05 0.9993 9.994E-05
0.020949 9.99459E-05 9.99459E-05 9.99459E-05 9.99459E-05 9.99459E-05 0.978451 9.99459E-05
9.994E-05 9.994E-05 9.994E-05 9.994E-05 9.994E-05 9.994E-05 0.9993 9.994E-05
9.994E-05 9.994E-05 9.994E-05 9.994E-05 9.994E-05 9.994E-05 0.9993 9.994E-05
9.994E-05 9.994E-05 9.994E-05 9.994E-05 9.994E-05 9.994E-05 0.9993 9.994E-05
9.994E-05 9.994E-05 9.994E-05 9.994E-05 9.994E-05 9.994E-05 0.9993 9.994E-05
9.99459E-05 9.99459E-05 9.99459E-05 0.00489056 9.99459E-05 9.99459E-05 0.99451 9.99459E-05
0.90624 0.0604008 9.9964E-05 9.9964E-05 9.9964E-05 9.9964E-05 0.0320515 0.000907699
0.62758 0.341525 9.99549E-05 0.0303957 9.99549E-05 9.99549E-05 9.99549E-05 9.99549E-05
0.501782 0.0185107 0.185067 0.0157541 9.9982E-05 0.101144 0.177542 9.9982E-05
0.53524 9.9973E-05 0.174654 0.00130685 9.9973E-05 0.0972231 0.191275 9.9973E-05
0.0253921 9.9982E-05 0.0130262 9.9982E-05 0.0480744 0.0489336 0.0299563 0.834417
0.128493 9.9973E-05 9.9973E-05 0.0588359 9.9973E-05 0.0331591 0.0230424 0.756169
9.99461E-05 9.99461E-05 9.99461E-05 9.99461E-05 9.99461E-05 0.0205327 9.99461E-05 0.978868
9.9964E-05 0.0085553 0.896605 0.0241488 9.9964E-05 9.9964E-05 0.0702912 9.9964E-05
9.99459E-05 9.99459E-05 0.679792 9.99459E-05 9.99459E-05 9.99459E-05 0.319608 9.99459E-05
9.9964E-05 9.9964E-05 0.925126 0.00934478 9.9964E-05 9.9964E-05 0.0524782 0.0126511
9.9946E-05 9.9946E-05 0.658202 9.9946E-05 9.9946E-05 9.9946E-05 0.341198 9.9946E-05
9.9982E-05 0.397893 0.378611 9.9982E-05 0.0624147 0.0218589 0.119093 0.0199293
9.9982E-05 0.169763 0.297458 9.9982E-05 0.027895 0.190206 0.283151 0.031327
9.9973E-05 0.0254631 0.0828062 9.9973E-05 0.0148764 0.0435267 0.833028 9.9973E-05
9.9946E-05 9.9946E-05 0.628539 9.9946E-05 9.9946E-05 9.9946E-05 0.370862 9.9946E-05
9.9946E-05 9.9946E-05 0.682091 9.9946E-05 9.9946E-05 9.9946E-05 0.317309 9.9946E-05
9.994E-05 9.994E-05 0.9993 9.994E-05 9.994E-05 9.994E-05 9.994E-05 9.994E-05
9.9973E-05 9.9973E-05 0.726357 0.00372071 9.9973E-05 0.0337836 0.217462 0.0183767
0.0516933 0.113295 0.0214887 0.107045 0.304069 0.151424 0.075531 0.175455
0.00512167 9.9973E-05 0.000281491 0.011407 9.9973E-05 9.9973E-05 0.00588105 0.977009
0.885824 0.0736268 0.0045607 9.9964E-05 9.9964E-05 9.9964E-05 0.0355883 9.9964E-05
0.0350766 0.0285527 0.035309 0.0540739 0.200579 0.0102125 9.9991E-05 0.636096
0.744787 0.0999354 9.9955E-05 9.9955E-05 0.154777 9.9955E-05 9.9955E-05 9.9955E-05
0.0674387 0.0279819 0.876665 9.9964E-05 9.9964E-05 9.9964E-05 9.9964E-05 0.0275149
9.9982E-05 0.0398966 0.0619577 0.0196466 9.9982E-05 0.068278 0.797652 0.0123695
0.108634 9.9973E-05 0.578725 9.9973E-05 9.9973E-05 0.0456657 0.231793 0.0348823
0.580802 9.9982E-05 0.0472733 0.0798547 0.00290761 0.0403978 9.9982E-05 0.248565
0.552252 0.00615146 0.0819128 0.0931793 0.037168 0.136751 9.9991E-05 0.092485
0.0264173 0.0580107 0.00184891 0.0425197 0.324108 0.0605792 0.0166353 0.469881
0.212859 0.786541 9.99459E-05 9.99459E-05 9.99459E-05 9.99459E-05 9.99459E-05 9.99459E-05
9.9982E-05 9.9982E-05 0.0919405 0.0580856 0.015492 0.712715 0.0928146 0.0287528
0.00549624 0.00190003 0.0558745 0.0226489 9.9991E-05 0.818778 0.0559672 0.0392352
0.0159502 9.9964E-05 9.9964E-05 0.00326347 9.9964E-05 0.962495 0.0178915 9.9964E-05
9.9964E-05 0.029753 0.0441165 9.9964E-05 9.9964E-05 0.902381 0.0233493 9.9964E-05
9.9955E-05 9.9955E-05 9.9955E-05 9.9955E-05 9.9955E-05 0.966297 0.03304 0.000162968
9.9973E-05 9.9973E-05 0.00646105 0.0276849 9.9973E-05 0.812705 0.125543 0.0273055
0.857829 0.100469 0.00408352 0.0281516 9.9973E-05 9.9973E-05 0.00916643 9.9973E-05
0.113834 9.9982E-05 0.290302 0.042515 9.9982E-05 0.0879212 0.42134 0.043888
9.9991E-05 0.0157896 0.787873 0.00206038 0.00256166 0.052976 0.0920238 0.046616
9.994E-05 9.994E-05 0.9993 9.994E-05 9.994E-05 9.994E-05 9.994E-05 9.994E-05
9.9955E-05 9.9955E-05 0.966063 0.00553346 9.9955E-05 9.9955E-05 0.0279036 9.9955E-05
9.9955E-05 9.9955E-05 0.733121 9.9955E-05 9.9955E-05 0.00695843 0.259421 9.9955E-05
9.9946E-05 0.00557777 9.9946E-05 9.9946E-05 9.9946E-05 0.993823 9.9946E-05 9.9946E-05
9.9973E-05 9.9973E-05 9.9973E-05 0.00182146 0.00940742 0.95728 0.0116604 0.0195312
9.9955E-05 9.9955E-05 0.0162583 9.9955E-05 9.9955E-05 0.30642 0.676822 9.9955E-05
9.9964E-05 9.9964E-05 9.9964E-05 0.0236121 0.00857405 0.282707 0.684707 9.9964E-05
9.9955E-05 9.9955E-05 0.0342153 9.9955E-05 9.9955E-05 0.942757 0.0225284 9.9955E-05
9.9973E-05 9.9973E-05 0.0116566 9.9973E-05 0.025106 0.152768 0.807795 0.00237477
9.9982E-05 0.0511254 0.0553006 9.9982E-05 0.017912 0.0518538 0.497077 0.326531
0.0786061 0.057051 9.9982E-05 0.0108249 0.0551302 9.9982E-05 0.0147732 0.783415
9.9973E-05 0.056935 9.9973E-05 9.9973E-05 0.124123 0.0464132 0.0266735 0.745555
9.9973E-05 0.0120945 9.9973E-05 0.0495315 0.0864195 9.9973E-05 0.00481782 0.846837
9.9964E-05 0.0397864 9.9964E-05 0.0264559 9.9964E-05 9.9964E-05 0.0130687 0.920289
9.99459E-05 9.99459E-05 9.99459E-05 9.99459E-05 0.00864724 0.990753 9.99459E-05 9.99459E-05
9.994E-05 9.994E-05 9.994E-05 9.994E-05 9.994E-05 0.9993 9.994E-05 9.994E-05
9.9964E-05 9.9964E-05 9.9964E-05 9.9964E-05 0.0108653 0.302091 0.68175 0.00489354
9.9964E-05 0.00366106 9.9964E-05 9.9964E-05 9.9964E-05 0.52868 0.457751 0.00950882
9.9955E-05 0.0242996 9.9955E-05 0.00285546 9.9955E-05 0.972345 9.9955E-05 9.9955E-05
0.0461167 9.9964E-05 0.00279984 0.0159303 9.9964E-05 0.934753 9.9964E-05 9.9964E-05
9.9946E-05 9.9946E-05 9.9946E-05 9.9946E-05 9.9946E-05 0.987919 0.0114814 9.9946E-05
9.9946E-05 9.9946E-05 9.9946E-05 9.9946E-05 9.9946E-05 0.228686 0.770715 9.9946E-05
9.9964E-05 0.917368 9.9964E-05 0.00503485 9.9964E-05 0.00183003 9.9964E-05 0.0753671
0.0253929 0.709297 9.9973E-05 0.0343833 0.198661 9.9973E-05 0.0319661 9.9973E-05
9.99731E-05 0.936138 9.99731E-05 0.0249935 0.0266967 0.00573698 9.99731E-05 0.00613523
9.9982E-05 0.845454 9.9982E-05 0.024182 0.0341163 0.0185207 0.021556 0.0559714
0.118501 0.00625947 0.31376 9.9982E-05 9.9982E-05 0.351069 0.186746 0.0234657
0.0705112 9.9973E-05 0.38107 9.9973E-05 9.9973E-05 0.347784 0.190684 0.00965126
0.00520833 0.036007 0.520547 9.9991E-05 0.0156771 0.245832 0.175179 0.00144968
0.0592593 0.0196586 0.523548 9.9982E-05 0.0103444 0.275084 0.111906 9.9982E-05
0.170861 9.9991E-05 0.104634 0.103437 0.0194608 0.474914 0.0381475 0.0884462
0.391125 9.9973E-05 0.440098 0.0252039 9.9973E-05 0.0141793 0.129094 9.9973E-05
0.00716245 0.0274639 9.9955E-05 9.9955E-05 9.9955E-05 0.964874 9.9955E-05 9.9955E-05
9.9964E-05 0.00498764 9.9964E-05 9.9964E-05 0.0205908 0.0866956 0.887326 9.9964E-05
9.9973E-05 0.0181102 9.9973E-05 9.9973E-05 0.0230809 0.110517 0.840945 0.00704695
0.422993 9.99822E-05 0.0248108 0.0364063 0.0475129 9.99822E-05 0.00347042 0.464606
0.677958 0.0975703 0.0714768 0.0323739 0.0386691 9.9991E-05 0.0440625 0.0377893
0.0425527 0.00940812 9.9973E-05 0.00283567 0.085239 9.9973E-05 9.9973E-05 0.859665
9.9973E-05 9.9973E-05 0.0141105 0.0174609 0.895807 9.9973E-05 0.00454223 0.067779
9.9973E-05 0.0249923 9.9973E-05 0.0238828 0.64526 9.9973E-05 0.017054 0.288511
9.9973E-05 0.0440177 9.9973E-05 0.0164382 0.434902 0.0506807 9.9973E-05 0.453662
0.209002 0.354031 0.0233951 0.0295724 9.9982E-05 0.0278484 9.9982E-05 0.355951
9.9946E-05 9.9946E-05 9.9946E-05 9.9946E-05 0.106764 9.9946E-05 9.9946E-05 0.892636
0.0200938 9.9973E-05 0.0120686 9.9973E-05 0.0310279 0.00820828 9.9973E-05 0.928302
0.0469087 9.9964E-05 9.9964E-05 9.9964E-05 0.0471461 0.0483231 9.9964E-05 0.857222
0.00312 9.9973E-05 0.00282635 0.0213303 0.0682538 9.9973E-05 9.9973E-05 0.90417
0.24427 9.9991E-05 0.0569926 0.0470399 0.051558 0.41744 0.0958549 0.0867447
0.0880627 0.0639063 0.0408312 0.0396962 0.0301929 0.239583 0.0865414 0.411186
0.131132 9.99821E-05 0.175712 0.020646 9.99821E-05 0.253418 0.164928 0.253964
0.230262 9.9991E-05 0.155967 0.0247419 0.00281664 0.412664 0.142776 0.0306715
0.0450874 0.150314 0.0396331 0.0393845 0.0882089 0.0359928 0.0757881 0.525591
9.9964E-05 0.0260455 0.00787745 0.027403 9.9964E-05 9.9964E-05 9.9964E-05 0.938274
0.0469771 9.9973E-05 0.0416033 9.9973E-05 0.0041657 0.0264733 0.880481 9.9973E-05
0.125987 9.9973E-05 9.9973E-05 0.06143 0.100798 0.0404518 9.9973E-05 0.671033
9.9955E-05 9.9955E-05 9.9955E-05 9.9955E-05 0.835778 0.0178305 9.9955E-05 0.145892
9.9973E-05 0.0820766 0.000745369 0.0147741 0.888854 9.9973E-05 0.0132498 9.9973E-05
9.9946E-05 9.9946E-05 9.9946E-05 9.9946E-05 0.0485193 9.9946E-05 9.9946E-05 0.950881
0.205833 9.9991E-05 0.012067 0.4912 0.0426688 0.113419 0.0118569 0.122855
0.0848518 0.0299834 0.0066794 9.9991E-05 0.379837 0.023316 0.0182064 0.457026
0.00545263 9.9964E-05 9.9964E-05 9.9964E-05 0.936966 0.00204417 9.9964E-05 0.0551376
0.169915 0.00146531 9.9982E-05 0.0108255 0.137429 0.0407171 9.9982E-05 0.639448
0.193566 0.0800038 0.032193 0.473118 0.0553029 0.0907816 0.000109525 0.0749251
9.9955E-05 9.9955E-05 9.9955E-05 0.972859 9.9955E-05 0.00459665 9.9955E-05 0.0220444
0.016336 0.0152918 0.766719 9.9982E-05 9.9982E-05 0.0564521 0.114636 0.0303655
0.00682115 0.204501 0.0662779 0.0237337 0.611331 0.016849 0.0375715 0.0329147
0.556247 9.99767E-05 9.99767E-05 0.0585707 0.113586 0.0162345 0.255061 9.99767E-05
0.832541 0.083688 9.9982E-05 0.00993831 9.9982E-05 0.0080401 0.0489209 0.0166722
0.796158 0.0772348 9.9973E-05 0.00174669 9.9973E-05 9.9973E-05 0.0316998 0.0928606
