9.9937E-05 9.9937E-05 9.9937E-05 0.00913631 9.9937E-05 9.9937E-05 0.139997 0.793874 9.9937E-05 9.9937E-05 0.0562927
0.0441588 0.194963 9.99369E-05 9.99369E-05 9.99369E-05 9.99369E-05 9.99369E-05 0.731827 0.028351 9.99369E-05 9.99369E-05
0.0527646 0.267283 0.0607447 0.00645582 0.00526597 9.9973E-05 9.9973E-05 0.528702 0.0427903 0.0356935 9.9973E-05
9.99369E-05 9.99369E-05 9.99369E-05 0.0223731 9.99369E-05 9.99369E-05 0.128826 0.815632 9.99369E-05 9.99369E-05 0.032469
0.0182739 0.89298 0.00758098 0.0226452 0.012472 9.9973E-05 0.0231826 9.9973E-05 0.00548231 0.0170828 9.9973E-05
0.0843829 0.159412 9.99369E-05 9.99369E-05 9.99369E-05 9.99369E-05 9.99369E-05 0.707554 0.0479517 9.99369E-05 9.99369E-05
9.99461E-05 9.99461E-05 0.00428189 9.99461E-05 0.533427 0.00606832 9.99461E-05 0.00262113 9.99461E-05 9.99461E-05 0.453002
0.00226375 9.99281E-05 9.99281E-05 9.99281E-05 0.981685 9.99281E-05 9.99281E-05 0.0152516 9.99281E-05 9.99281E-05 9.99281E-05
0.0108018 0.00420543 9.9937E-05 9.9937E-05 0.969799 9.9937E-05 0.0144938 9.9937E-05 9.9937E-05 9.9937E-05 9.9937E-05
0.00674583 0.00467656 9.9946E-05 0.0221291 0.965021 9.9946E-05 9.9946E-05 9.9946E-05 9.9946E-05 0.000828134 9.9946E-05
0.0169066 0.0267098 0.768039 9.9964E-05 9.9964E-05 9.9964E-05 0.000380494 0.0419886 9.9964E-05 0.0154024 0.130174
9.9946E-05 9.9946E-05 0.916194 0.00669593 0.0124343 9.9946E-05 0.0408333 9.9946E-05 9.9946E-05 9.9946E-05 0.0232426
9.9955E-05 9.9955E-05 0.877172 9.9955E-05 0.0207519 9.9955E-05 0.0124108 0.00935753 0.0222333 9.9955E-05 0.0575747
9.99191E-05 9.99191E-05 0.926121 9.99191E-05 9.99191E-05 9.99191E-05 9.99191E-05 9.99191E-05 9.99191E-05 9.99191E-05 0.07298
9.9973E-05 9.9973E-05 9.9973E-05 0.0710872 0.00759649 0.717381 0.0125605 0.0251921 0.116667 0.0117523 0.0374638
9.9937E-05 9.9937E-05 9.9937E-05 0.0230688 0.971444 0.00123652 9.9937E-05 9.9937E-05 9.9937E-05 9.9937E-05 0.00355092
9.9937E-05 9.9937E-05 9.9937E-05 9.9937E-05 0.0184659 9.9937E-05 0.0775354 9.9937E-05 0.0260411 9.9937E-05 0.877258
9.99281E-05 9.99281E-05 0.0802727 9.99281E-05 9.99281E-05 0.884338 9.99281E-05 0.03459 9.99281E-05 9.99281E-05 9.99281E-05
9.9964E-05 9.9964E-05 0.217631 0.0238104 0.00534706 0.504397 0.123109 9.9964E-05 0.0788441 0.0464609 9.9964E-05
9.9946E-05 9.9946E-05 0.591119 9.9946E-05 0.0212554 0.376831 9.9946E-05 9.9946E-05 9.9946E-05 0.00615142 0.00404335
9.9946E-05 9.9946E-05 0.0273617 0.0762513 0.0286867 0.823461 0.0436395 9.9946E-05 9.9946E-05 9.9946E-05 9.9946E-05
9.9946E-05 0.00284985 0.881536 9.9946E-05 0.0307071 0.0694581 0.0148494 9.9946E-05 9.9946E-05 9.9946E-05 9.9946E-05
9.9946E-05 9.9946E-05 0.0503262 9.9946E-05 9.9946E-05 0.84207 9.9946E-05 0.0394786 0.0430316 9.9946E-05 0.0244938
0.0297609 9.9982E-05 0.778366 0.0395638 0.0177051 0.0782585 9.9982E-05 0.00502839 0.0433802 0.00383065 0.00390689
9.9928E-05 9.9928E-05 0.920458 9.9928E-05 9.9928E-05 0.0581887 9.9928E-05 0.0205537 9.9928E-05 9.9928E-05 9.9928E-05
9.9946E-05 9.9946E-05 9.9946E-05 9.9946E-05 9.9946E-05 0.86476 0.0240024 0.0108753 0.0684485 9.9946E-05 0.0313142
9.9937E-05 9.9937E-05 0.106669 9.9937E-05 0.0164371 0.859847 9.9937E-05 0.0163477 9.9937E-05 9.9937E-05 9.9937E-05
0.028214 0.000727682 0.269055 9.9973E-05 9.9973E-05 0.553117 0.00411784 0.0502356 0.0723847 0.0218481 9.9973E-05
9.9946E-05 9.9946E-05 0.0257866 9.9946E-05 0.0238412 0.905788 9.9946E-05 9.9946E-05 0.0213601 0.0226242 9.9946E-05
9.99461E-05 9.99461E-05 0.0179362 0.0030457 9.99461E-05 0.934492 9.99461E-05 0.041335 0.00259167 9.99461E-05 9.99461E-05
9.99371E-05 9.99371E-05 0.92356 9.99371E-05 9.99371E-05 0.0356295 0.0160994 9.99371E-05 9.99371E-05 0.0240112 9.99371E-05
9.99281E-05 9.99281E-05 0.816499 9.99281E-05 9.99281E-05 9.99281E-05 9.99281E-05 9.99281E-05 0.00198765 9.99281E-05 0.180714
9.9946E-05 9.9946E-05 0.0604072 9.9946E-05 9.9946E-05 0.848096 9.9946E-05 0.0413431 0.0417722 9.9946E-05 0.00778141
0.00272202 0.0122747 0.762839 0.0041158 0.00492516 0.160053 0.0428314 0.00993906 9.9973E-05 9.9973E-05 9.9973E-05
9.9937E-05 9.9937E-05 0.0158287 9.9937E-05 9.9937E-05 0.952176 0.00601198 0.0252836 9.9937E-05 9.9937E-05 9.9937E-05
9.9946E-05 0.00261608 0.94334 9.9946E-05 9.9946E-05 0.0407565 0.00365426 0.0090332 9.9946E-05 9.9946E-05 9.9946E-05
9.99351E-05 9.99351E-05 0.07937 9.99351E-05 9.99351E-05 0.896074 9.99351E-05 0.0237565 9.99351E-05 9.99351E-05 9.99351E-05
9.9937E-05 9.9937E-05 0.914347 9.9937E-05 9.9937E-05 0.0281757 0.0337312 9.9937E-05 9.9937E-05 0.023047 9.9937E-05
0.0974939 0.0503647 9.9946E-05 0.737857 9.9946E-05 9.9946E-05 9.9946E-05 9.9946E-05 9.9946E-05 0.077627 0.0360578
0.384086 0.608877 9.9928E-05 9.9928E-05 9.9928E-05 9.9928E-05 9.9928E-05 0.00623718 9.9928E-05 9.9928E-05 9.9928E-05
9.99281E-05 0.0823603 0.722548 9.99281E-05 9.99281E-05 9.99281E-05 9.99281E-05 9.99281E-05 9.99281E-05 9.99281E-05 0.194292
9.9946E-05 9.9946E-05 0.0476697 9.9946E-05 9.9946E-05 0.904851 9.9946E-05 0.0127721 0.0151573 9.9946E-05 0.0189502
9.99371E-05 9.99371E-05 0.909178 9.99371E-05 9.99371E-05 0.0589369 0.0220697 9.99371E-05 9.99371E-05 0.00911567 9.99371E-05
0.56865 9.9973E-05 0.0129023 0.00465837 9.9973E-05 0.000141112 0.0183595 0.0362226 9.9973E-05 0.064778 0.293988
0.00814244 9.9973E-05 0.224381 0.0338509 0.0389111 0.45453 0.103026 9.9973E-05 0.085898 0.0509611 9.9973E-05
9.9982E-05 0.000873469 0.444063 9.9982E-05 0.0278104 0.325788 0.0377234 0.00932134 0.073575 0.00104917 0.0795965
9.9973E-05 0.0180103 0.0347279 0.0160615 0.0246866 0.846979 0.0319994 0.0218181 9.9973E-05 0.00541736 9.9973E-05
0.101763 0.241747 9.99369E-05 9.99369E-05 9.99369E-05 9.99369E-05 9.99369E-05 0.586275 0.069516 9.99369E-05 9.99369E-05
0.277929 0.0858963 9.9964E-05 0.0612154 9.9964E-05 9.9964E-05 0.0171781 0.0377819 0.0139033 0.505696 9.9964E-05
9.9928E-05 9.9928E-05 9.9928E-05 0.385233 9.9928E-05 9.9928E-05 0.363232 9.9928E-05 9.9928E-05 9.9928E-05 0.250736
9.9919E-05 9.9919E-05 0.0620975 9.9919E-05 9.9919E-05 9.9919E-05 0.937003 9.9919E-05 9.9919E-05 9.9919E-05 9.9919E-05
0.0145092 9.9973E-05 0.123819 0.0623112 0.0131721 0.0157355 0.701091 0.0648563 9.9973E-05 9.9973E-05 0.00420622
9.99101E-05 9.99101E-05 9.99101E-05 9.99101E-05 9.99101E-05 9.99101E-05 0.999001 9.99101E-05 9.99101E-05 9.99101E-05 9.99101E-05
9.9964E-05 0.0180721 0.0199806 9.9964E-05 0.935104 0.0141606 9.9964E-05 9.9964E-05 0.00688627 0.000518737 0.00487763
9.9946E-05 9.9946E-05 0.016434 0.011466 0.947097 9.9946E-05 9.9946E-05 0.0124616 9.9946E-05 0.0119417 9.9946E-05
9.99371E-05 9.99371E-05 0.504847 9.99371E-05 0.0185302 9.99371E-05 9.99371E-05 9.99371E-05 0.0630525 9.99371E-05 0.412871
9.9946E-05 9.9946E-05 0.916047 0.0324241 0.00909357 0.0401858 0.00165028 9.9946E-05 9.9946E-05 9.9946E-05 9.9946E-05
9.9964E-05 0.143229 0.0353301 0.496129 9.9964E-05 0.206637 0.0199396 0.0222496 9.9964E-05 0.0760863 9.9964E-05
0.006954 0.873287 9.9946E-05 0.0165621 9.9946E-05 9.9946E-05 9.9946E-05 0.0949056 9.9946E-05 0.00769155 9.9946E-05
0.201303 0.418389 9.9955E-05 0.0313378 9.9955E-05 0.0182835 0.0613097 9.9955E-05 9.9955E-05 0.268877 9.9955E-05
0.0117806 9.9946E-05 9.9946E-05 0.00975316 9.9946E-05 9.9946E-05 0.0202234 0.00532311 9.9946E-05 9.9946E-05 0.95232
0.00128373 0.0238497 0.0211862 0.10939 0.00699246 0.015096 0.113158 9.9982E-05 0.0110804 9.9982E-05 0.697764
9.9955E-05 9.9955E-05 0.0599601 0.123587 9.9955E-05 9.9955E-05 0.0258564 0.0632777 9.9955E-05 0.0316145 0.695204
9.9928E-05 9.9928E-05 9.9928E-05 0.00579309 0.961658 9.9928E-05 0.0317491 9.9928E-05 9.9928E-05 9.9928E-05 9.9928E-05
0.0965443 0.811453 9.9937E-05 0.0647588 9.9937E-05 9.9937E-05 9.9937E-05 0.0265447 9.9937E-05 9.9937E-05 9.9937E-05
9.99279E-05 9.99279E-05 9.99279E-05 9.99279E-05 9.99279E-05 0.0210139 9.99279E-05 9.99279E-05 0.0385548 9.99279E-05 0.939632
0.0610153 9.99459E-05 9.99459E-05 0.836432 9.99459E-05 9.99459E-05 9.99459E-05 0.0116874 9.99459E-05 0.0158843 0.0743818
9.9937E-05 9.9937E-05 0.915195 9.9937E-05 9.9937E-05 0.0183231 9.9937E-05 9.9937E-05 0.037826 9.9937E-05 0.0279567
9.99371E-05 9.99371E-05 0.926619 9.99371E-05 0.00824712 9.99371E-05 9.99371E-05 9.99371E-05 0.013583 9.99371E-05 0.0508513
9.9964E-05 0.033673 9.9964E-05 0.053491 0.791043 0.0266767 0.049882 0.0114185 9.9964E-05 0.0334159 9.9964E-05
9.9982E-05 0.00870826 0.0105364 0.0486104 0.824995 0.0378204 0.0336538 9.9982E-05 0.00197522 0.0310867 0.0024142
9.9964E-05 9.9964E-05 9.9964E-05 9.9964E-05 0.878173 0.000900286 0.0507202 0.0334036 0.00620735 0.0279492 0.00224634
9.9946E-05 0.0146093 9.9946E-05 0.00281072 0.964724 9.9946E-05 0.00822232 9.9946E-05 9.9946E-05 9.9946E-05 0.00903423
9.9937E-05 9.9937E-05 9.9937E-05 9.9937E-05 0.94801 0.00897939 0.040833 9.9937E-05 0.00147846 9.9937E-05 9.9937E-05
9.9946E-05 9.9946E-05 9.9946E-05 0.00437512 0.963061 9.9946E-05 0.0157289 9.9946E-05 0.0115574 9.9946E-05 0.00467766
0.0153418 9.9946E-05 9.9946E-05 9.9946E-05 0.969076 0.00197567 9.9946E-05 0.00397025 0.00903656 9.9946E-05 9.9946E-05
9.9946E-05 9.9946E-05 0.0122023 9.9946E-05 0.979878 0.00412667 9.9946E-05 9.9946E-05 0.00133158 0.00186144 9.9946E-05
0.00751301 9.99461E-05 0.00410792 9.99461E-05 0.969506 9.99461E-05 9.99461E-05 0.0011153 9.99461E-05 9.99461E-05 0.017158
9.99191E-05 9.99191E-05 9.99191E-05 9.99191E-05 0.996311 9.99191E-05 9.99191E-05 9.99191E-05 0.0027897 9.99191E-05 9.99191E-05
0.0135892 9.9955E-05 9.9955E-05 0.0400188 0.922598 9.9955E-05 9.9955E-05 9.9955E-05 0.00216661 0.0102397 0.010888
9.9955E-05 9.9955E-05 0.0026051 0.0293039 0.947873 9.9955E-05 9.9955E-05 9.9955E-05 0.00607407 0.0131275 0.000516467
9.9964E-05 9.9964E-05 0.00886782 0.0222451 0.949391 9.9964E-05 0.00617393 9.9964E-05 0.00135625 0.00232218 0.00924432
0.0117502 9.99371E-05 0.0497895 9.99371E-05 0.536118 0.401643 9.99371E-05 9.99371E-05 9.99371E-05 9.99371E-05 9.99371E-05
9.99281E-05 9.99281E-05 0.00384756 9.99281E-05 0.562726 0.432627 9.99281E-05 9.99281E-05 9.99281E-05 9.99281E-05 9.99281E-05
9.99101E-05 9.99101E-05 9.99101E-05 9.99101E-05 0.999001 9.99101E-05 9.99101E-05 9.99101E-05 9.99101E-05 9.99101E-05 9.99101E-05
9.9928E-05 9.9928E-05 9.9928E-05 0.0079223 0.960842 9.9928E-05 0.0304365 9.9928E-05 9.9928E-05 9.9928E-05 9.9928E-05
0.00480614 0.00141671 9.9964E-05 9.9964E-05 0.907094 9.9964E-05 0.0143971 0.0470729 0.0113464 9.9964E-05 0.013467
9.9955E-05 0.0142996 9.9955E-05 0.0414017 0.925491 0.0106093 9.9955E-05 0.00138867 0.00631015 9.9955E-05 9.9955E-05
9.99194E-05 9.99194E-05 9.99194E-05 9.99194E-05 0.993185 9.99194E-05 9.99194E-05 0.00591608 9.99194E-05 9.99194E-05 9.99194E-05
9.99281E-05 9.99281E-05 0.0219836 9.99281E-05 0.539999 0.437218 9.99281E-05 9.99281E-05 9.99281E-05 9.99281E-05 9.99281E-05
9.9973E-05 0.01139 0.029434 9.9973E-05 0.876691 0.0267793 0.0279784 9.9973E-05 0.00227288 0.0239918 0.00116229
0.0179535 0.00413238 0.000372407 9.9955E-05 0.934848 0.00220423 9.9955E-05 9.9955E-05 9.9955E-05 9.9955E-05 0.0399892
9.9937E-05 0.00833749 9.9937E-05 9.9937E-05 0.954096 9.9937E-05 0.0224512 9.9937E-05 9.9937E-05 9.9937E-05 0.0144159
0.0213798 0.00504573 9.9964E-05 0.0167927 0.930329 9.9964E-05 0.0224438 9.9964E-05 0.00205412 0.00155529 9.9964E-05
9.9964E-05 0.0206853 0.0141776 0.00935605 0.866448 0.0183683 0.048397 9.9964E-05 9.9964E-05 0.0221679 9.9964E-05
9.9946E-05 9.9946E-05 9.9946E-05 9.9946E-05 0.934462 0.00406801 9.9946E-05 0.0272939 9.9946E-05 0.0118723 0.0217046
9.9955E-05 0.05081 9.9955E-05 9.9955E-05 9.9955E-05 0.0397779 9.9955E-05 0.102845 0.748498 0.0136752 0.0438947
9.99371E-05 0.00682274 9.99371E-05 9.99371E-05 0.92577 0.0313763 9.99371E-05 0.0353318 9.99371E-05 9.99371E-05 9.99371E-05
9.9928E-05 9.9928E-05 9.9928E-05 9.9928E-05 0.97919 9.9928E-05 9.9928E-05 0.0122601 0.0077502 9.9928E-05 9.9928E-05
0.119352 0.0196748 9.9982E-05 0.000316074 0.731218 0.0658646 9.9982E-05 0.0210875 0.0113469 0.00316491 0.027775
9.99101E-05 9.99101E-05 9.99101E-05 9.99101E-05 0.999001 9.99101E-05 9.99101E-05 9.99101E-05 9.99101E-05 9.99101E-05 9.99101E-05
9.9946E-05 9.9946E-05 0.00281965 9.9946E-05 0.962487 0.0117435 9.9946E-05 9.9946E-05 0.0152213 9.9946E-05 0.00712862
9.9955E-05 0.00605679 9.9955E-05 9.9955E-05 0.948411 9.9955E-05 0.00289243 0.0230222 0.00418088 0.014937 9.9955E-05
9.9946E-05 9.9946E-05 0.00237747 9.9946E-05 0.957825 0.0277408 0.0109318 9.9946E-05 9.9946E-05 0.000525169 9.9946E-05
9.9937E-05 9.9937E-05 0.00365503 9.9937E-05 0.0135241 0.636 9.9937E-05 9.9937E-05 0.346121 9.9937E-05 9.9937E-05
9.99101E-05 9.99101E-05 9.99101E-05 9.99101E-05 0.999001 9.99101E-05 9.99101E-05 9.99101E-05 9.99101E-05 9.99101E-05 9.99101E-05
9.9946E-05 9.9946E-05 9.9946E-05 0.0179857 0.942047 0.000367982 0.0180096 9.9946E-05 9.9946E-05 0.0209905 9.9946E-05
9.99101E-05 9.99101E-05 9.99101E-05 9.99101E-05 0.999001 9.99101E-05 9.99101E-05 9.99101E-05 9.99101E-05 9.99101E-05 9.99101E-05
9.9946E-05 9.9946E-05 0.264921 9.9946E-05 0.0238156 0.20473 9.9946E-05 9.9946E-05 0.494335 9.9946E-05 0.011599
9.9964E-05 0.00927447 0.000772752 0.0110173 0.919189 0.0152301 9.9964E-05 9.9964E-05 0.0369346 0.00718173 9.9964E-05
9.9955E-05 9.9955E-05 0.0177632 0.0059231 0.936123 9.9955E-05 0.00126227 0.0326434 9.9955E-05 0.00578475 9.9955E-05
0.0126786 9.9946E-05 9.9946E-05 0.00501613 0.958472 0.0128927 9.9946E-05 0.0103409 9.9946E-05 9.9946E-05 9.9946E-05
9.99281E-05 9.99281E-05 9.99281E-05 9.99281E-05 0.966902 9.99281E-05 0.00888528 0.0234137 9.99281E-05 9.99281E-05 9.99281E-05
9.9955E-05 9.9955E-05 0.250066 0.0503837 0.0191563 0.617191 0.0157447 9.9955E-05 0.0469583 9.9955E-05 9.9955E-05
0.00274442 0.00111623 9.9946E-05 9.9946E-05 0.986151 9.9946E-05 9.9946E-05 0.00918906 0.000199348 9.9946E-05 9.9946E-05
9.99371E-05 9.99371E-05 9.99371E-05 0.00902293 0.905122 9.99371E-05 0.0248561 0.0602994 9.99371E-05 9.99371E-05 9.99371E-05
9.99371E-05 9.99371E-05 0.0347749 9.99371E-05 0.513992 0.450057 9.99371E-05 9.99371E-05 9.99371E-05 0.000476918 9.99371E-05
0.000770114 9.9937E-05 0.00114488 9.9937E-05 0.995833 9.9937E-05 9.9937E-05 9.9937E-05 9.9937E-05 9.9937E-05 0.00155212
9.9955E-05 9.9955E-05 0.728419 0.0211819 0.0282417 0.188799 0.00647482 9.9955E-05 9.9955E-05 9.9955E-05 0.0263842
9.9937E-05 0.0330466 0.656202 9.9937E-05 9.9937E-05 0.296733 9.9937E-05 9.9937E-05 9.9937E-05 0.0133194 9.9937E-05
0.0454702 9.9964E-05 0.832007 0.0226492 9.9964E-05 0.0421057 0.0202324 0.0264753 0.0106606 9.9964E-05 9.9964E-05
0.00623307 0.00726376 0.0572363 0.00595623 0.0253272 0.75937 9.9964E-05 9.9964E-05 0.138214 9.9964E-05 9.9964E-05
9.9982E-05 0.0123229 0.0116301 0.0367799 0.0530427 0.00284152 0.0754234 0.0228584 9.9982E-05 0.0373023 0.747599
0.0350088 9.9955E-05 0.840291 9.9955E-05 0.0334194 0.054237 9.9955E-05 0.0230386 0.0135056 9.9955E-05 9.9955E-05
9.9973E-05 0.0139434 0.30104 9.9973E-05 0.00202275 0.216766 9.9973E-05 0.0348412 0.0206932 0.0291868 0.381207
0.010962 0.0401548 0.724878 9.9964E-05 0.0415987 0.171237 9.9964E-05 0.00785442 9.9964E-05 0.00291545 9.9964E-05
9.9964E-05 0.0246491 0.635939 9.9964E-05 0.00506873 0.284588 9.9964E-05 0.0204234 9.9964E-05 0.0127673 0.0161653
9.9955E-05 9.9955E-05 0.70081 0.040718 0.0170145 0.215292 0.0113289 9.9955E-05 9.9955E-05 0.0143364 9.9955E-05
0.00691391 0.0212154 0.593338 0.00271035 9.9973E-05 0.270719 9.9973E-05 0.0243119 9.9973E-05 0.0570575 0.0234341
0.0151811 0.0370903 0.549919 9.99549E-05 0.0237257 0.33042 9.99549E-05 9.99549E-05 9.99549E-05 0.0431637 9.99549E-05
9.9955E-05 0.0319471 0.931445 9.9955E-05 0.00691159 0.0175148 9.9955E-05 9.9955E-05 0.00718012 0.00450204 9.9955E-05
0.00165659 0.00927448 0.809882 9.9964E-05 0.0328146 9.9964E-05 9.9964E-05 0.00220111 0.0514287 9.9964E-05 0.0923425
9.9955E-05 0.00662777 0.843532 9.9955E-05 0.0124725 9.9955E-05 9.9955E-05 9.9955E-05 0.0644437 0.00174595 0.0706787
9.9982E-05 9.9982E-05 0.0544035 0.0403611 0.0428312 0.723148 0.0175686 0.0207287 0.00672005 0.0534256 0.0406132
0.980393 9.9937E-05 0.00383946 9.9937E-05 0.0146772 0.000391071 9.9937E-05 9.9937E-05 9.9937E-05 9.9937E-05 9.9937E-05
0.890292 0.00129375 9.9964E-05 0.0328059 0.0344022 9.9964E-05 0.0110615 0.0100376 0.0197072 9.9964E-05 9.9964E-05
0.210668 0.596183 0.0157362 0.0529808 9.9973E-05 9.9973E-05 0.048347 0.0198199 9.9973E-05 0.0448102 0.0111552
0.0409792 0.00652356 0.0660681 0.0810323 0.0938702 0.275655 0.008948 9.9991E-05 0.118776 0.0137833 0.294265
0.940516 9.9919E-05 9.9919E-05 0.0585849 9.9919E-05 9.9919E-05 9.9919E-05 9.9919E-05 9.9919E-05 9.9919E-05 9.9919E-05
0.862276 0.00669765 0.018701 0.0811015 9.9946E-05 9.9946E-05 9.9946E-05 0.0306246 9.9946E-05 9.9946E-05 9.9946E-05
0.0339872 0.0261759 0.404614 0.00436687 0.121763 0.00450905 9.9982E-05 9.9982E-05 0.186426 0.0164 0.201557
0.212716 0.413838 9.9946E-05 0.0585328 9.9946E-05 9.9946E-05 9.9946E-05 9.9946E-05 9.9946E-05 0.284433 0.0298807
0.119035 0.393514 0.00649784 0.074702 0.0135661 0.0595056 9.9973E-05 9.9973E-05 9.9973E-05 0.332006 0.000873866
0.0785645 0.447859 9.9964E-05 0.0529371 0.00589009 9.9964E-05 9.9964E-05 0.0216932 9.9964E-05 0.384933 0.00772274
9.9973E-05 0.252446 9.9973E-05 0.0406696 0.0206196 0.00990968 0.0379177 9.9973E-05 0.0156997 0.569187 0.0532508
9.9973E-05 0.250695 0.00279406 0.0684474 0.0189073 0.0053427 0.0136557 9.9973E-05 9.9973E-05 0.60569 0.0341676
0.0815046 0.412844 9.9964E-05 9.9964E-05 9.9964E-05 0.0374432 0.011969 0.0326887 9.9964E-05 0.381166 0.0419849
9.99549E-05 9.99549E-05 9.99549E-05 0.0577323 0.0153475 9.99549E-05 0.113415 0.00956772 9.99549E-05 0.0410718 0.762366
0.302321 0.618894 9.9973E-05 0.00272252 0.0185235 0.00871531 9.9973E-05 9.9973E-05 0.0290448 0.00769362 0.0117853
0.0168373 0.000752872 9.9946E-05 0.0616507 9.9946E-05 0.788638 9.9946E-05 9.9946E-05 0.131522 9.9946E-05 9.9946E-05
9.9946E-05 0.000511267 0.00498739 9.9946E-05 0.0304347 0.626189 9.9946E-05 9.9946E-05 0.337278 9.9946E-05 9.9946E-05
0.089092 0.828405 9.9973E-05 0.0158459 0.0138118 9.9973E-05 0.00274985 0.0180391 0.028802 0.00295404 9.9973E-05
0.0622197 0.143837 0.114992 9.9991E-05 0.0836262 0.18452 0.0643955 0.0134561 0.0351586 0.149926 0.147769
0.034984 0.00119639 0.0602038 0.0219859 0.00826622 0.0201883 0.067326 0.0135684 0.0192588 9.9991E-05 0.752922
0.0289448 0.0386631 0.709858 9.9964E-05 9.9964E-05 9.9964E-05 9.9964E-05 0.0188542 0.034417 0.0279668 0.140896
0.000418944 9.9982E-05 0.101918 9.9982E-05 0.0233897 0.690643 0.00789868 0.0109214 0.105465 0.0157989 0.0433463
0.214732 0.0214997 0.517685 9.9973E-05 9.9973E-05 0.0239554 9.9973E-05 0.0300042 0.000848864 0.0416915 0.149283
0.0548796 9.9964E-05 9.9964E-05 0.0253184 9.9964E-05 0.0288252 0.0266048 0.0179503 9.9964E-05 0.0368518 0.80917
0.686321 9.9955E-05 0.0103079 9.9955E-05 9.9955E-05 0.0442756 9.9955E-05 0.0796846 9.9955E-05 0.17616 0.00275084
9.9955E-05 0.00716897 9.9955E-05 9.9955E-05 0.0178129 9.9955E-05 0.0935256 0.0289749 9.9955E-05 0.0022549 0.849763
0.0104615 0.011724 0.0905881 0.545903 0.0398679 0.100609 0.111454 0.0102402 9.9982E-05 0.0789528 9.9982E-05
9.9928E-05 9.9928E-05 9.9928E-05 9.9928E-05 0.0271463 0.603488 9.9928E-05 9.9928E-05 0.368566 9.9928E-05 9.9928E-05
0.304179 0.612054 0.00251894 0.0124852 0.0321463 0.012021 9.9964E-05 9.9964E-05 9.9964E-05 9.9964E-05 0.0241953
0.0109664 0.394803 0.487563 9.9964E-05 0.00364339 9.9964E-05 9.9964E-05 9.9964E-05 0.00574478 0.0152689 0.0816109
9.9955E-05 0.856879 0.0592581 9.9955E-05 0.00819469 0.0245805 9.9955E-05 9.9955E-05 0.0430766 0.00751119 9.9955E-05
0.0296466 0.0221498 0.273706 9.9982E-05 0.0125242 9.9982E-05 0.0442995 0.17652 0.121954 0.0162313 0.302769
9.99101E-05 0.999001 9.99101E-05 9.99101E-05 9.99101E-05 9.99101E-05 9.99101E-05 9.99101E-05 9.99101E-05 9.99101E-05 9.99101E-05
9.9946E-05 0.0249086 0.0552598 9.9946E-05 9.9946E-05 0.0125916 0.0453285 9.9946E-05 9.9946E-05 9.9946E-05 0.861312
9.9973E-05 0.789593 0.0590899 9.9973E-05 0.00869544 0.0351879 0.030704 9.9973E-05 0.0516241 0.0124607 0.0123453
9.9973E-05 0.830999 0.0302519 9.9973E-05 0.00667394 0.0246388 0.0060779 0.0201482 0.0223072 9.9973E-05 0.058603
9.9955E-05 0.0609122 0.0280857 9.9955E-05 9.9955E-05 0.752763 9.9955E-05 9.9955E-05 0.10679 0.00484659 0.0461026
0.287271 0.04061 0.108988 0.0936512 9.9991E-05 0.328875 0.00333265 0.0250971 0.0846793 0.00835361 0.0190422
0.0271282 0.0389761 0.30153 9.9973E-05 0.0247492 0.128425 9.9973E-05 9.9973E-05 0.253167 0.0236094 0.202115
0.00182161 0.0614072 0.0147165 0.0341451 0.0273125 9.9973E-05 9.9973E-05 0.0306866 9.9973E-05 0.805892 0.023718
9.9946E-05 0.0190109 9.9946E-05 0.0165779 9.9946E-05 9.9946E-05 9.9946E-05 9.9946E-05 0.00389645 0.934533 0.0253819
9.9955E-05 9.9955E-05 0.00258878 0.0510826 9.9955E-05 9.9955E-05 9.9955E-05 0.0148124 0.0167004 0.874685 0.0396315
9.9973E-05 0.0127516 0.00562841 0.0233346 0.013917 0.0221037 9.9973E-05 0.00584128 9.9973E-05 0.874566 0.041557
9.9937E-05 9.9937E-05 9.9937E-05 0.0260209 9.9937E-05 0.861553 9.9937E-05 9.9937E-05 0.0909299 0.0207962 9.9937E-05
9.9955E-05 0.0188446 9.9955E-05 0.067021 0.00191232 0.838625 0.0113939 9.9955E-05 0.0617031 9.9955E-05 9.9955E-05
9.9964E-05 9.9964E-05 0.0352312 9.9964E-05 0.0237418 0.674145 0.0829827 0.0187531 0.152061 0.0126861 9.9964E-05
0.216353 0.262171 9.9964E-05 0.0206809 9.9964E-05 9.9964E-05 0.0352107 0.0484005 9.9964E-05 0.404727 0.0120569
0.0619045 0.11878 0.1481 0.0616457 0.143906 0.144391 0.094821 0.058922 0.0214789 0.0971029 0.0489481
9.9964E-05 9.9964E-05 0.023875 0.402757 0.108186 0.357997 0.011043 9.9964E-05 9.9964E-05 0.0856463 0.0100957
0.00957065 0.0107431 0.0961992 0.0641025 0.0255007 0.710895 0.0293367 0.0533526 9.9973E-05 9.9973E-05 9.9973E-05
0.0235229 0.00527492 0.0651629 0.129575 0.0861726 0.641207 0.0184077 0.00852535 0.009496 0.012556 9.9991E-05
0.0160418 9.9964E-05 9.9964E-05 0.164512 0.0306284 0.701253 9.9964E-05 0.0149275 0.0196023 0.0526351 9.9964E-05
0.0265568 0.0197772 0.0382519 0.25813 0.145336 0.481313 9.9964E-05 9.9964E-05 9.9964E-05 0.0302352 9.9964E-05
0.00498184 9.99549E-05 0.0555412 0.684984 9.99549E-05 9.99549E-05 9.99549E-05 0.0936828 0.0181594 9.99549E-05 0.142151
9.9946E-05 9.9946E-05 0.855011 0.0353443 9.9946E-05 0.027668 9.9946E-05 9.9946E-05 9.9946E-05 0.00794395 0.0734334
9.9955E-05 9.9955E-05 0.524026 9.9955E-05 0.0505173 0.197587 9.9955E-05 0.0166936 0.0567556 9.9955E-05 0.153921
0.00484827 0.939329 9.9937E-05 9.9937E-05 9.9937E-05 9.9937E-05 0.019988 0.0351348 9.9937E-05 9.9937E-05 9.9937E-05
9.9946E-05 0.871657 9.9946E-05 0.0581822 9.9946E-05 0.00674837 9.9946E-05 0.0613813 9.9946E-05 9.9946E-05 0.00143172
0.00615154 0.837426 0.00787315 0.083027 9.9964E-05 0.0144547 9.9964E-05 0.0440442 9.9964E-05 9.9964E-05 0.00662354
0.193884 0.323991 9.9955E-05 0.196228 9.9955E-05 9.9955E-05 0.0302265 0.0629558 9.9955E-05 0.192215 9.9955E-05
9.99369E-05 0.247914 9.99369E-05 0.64394 9.99369E-05 9.99369E-05 9.99369E-05 0.00986249 9.99369E-05 0.0975845 9.99369E-05
9.99279E-05 0.276377 9.99279E-05 0.63203 9.99279E-05 9.99279E-05 9.99279E-05 9.99279E-05 9.99279E-05 0.0907937 9.99279E-05
9.99459E-05 9.99459E-05 9.99459E-05 0.0681335 9.99459E-05 0.804892 0.0280355 9.99459E-05 0.0978305 0.000508733 9.99459E-05
0.00514034 0.016 0.000149548 0.0700859 0.00846011 0.755154 0.0379182 9.9982E-05 0.0788469 0.0280455 9.9982E-05
9.9937E-05 0.00487064 0.0294279 9.9937E-05 9.9937E-05 0.868264 9.9937E-05 9.9937E-05 0.0967375 9.9937E-05 9.9937E-05
9.9964E-05 0.0261218 0.086667 0.00621126 0.00271051 0.0262971 0.0439835 9.9964E-05 9.9964E-05 9.9964E-05 0.807609
9.99459E-05 0.912262 9.99459E-05 9.99459E-05 0.00919618 0.000627669 9.99459E-05 9.99459E-05 9.99459E-05 0.0399242 0.0373898
0.0577431 0.893059 9.9955E-05 9.9955E-05 0.0361156 9.9955E-05 0.00836017 9.9955E-05 0.00134388 9.9955E-05 0.00287812
0.094806 0.873029 0.0159904 9.9946E-05 9.9946E-05 9.9946E-05 9.9946E-05 9.9946E-05 9.9946E-05 0.0118425 0.00373232
0.146996 0.816507 0.0175084 9.9955E-05 9.9955E-05 9.9955E-05 9.9955E-05 9.9955E-05 0.00563904 0.00347002 0.00938011
0.100572 0.797258 0.00608743 9.9982E-05 0.00985103 9.9982E-05 0.014714 0.0115156 0.0226942 0.0195847 0.0175225
0.00731355 0.0748467 0.725687 9.99461E-05 9.99461E-05 9.99461E-05 9.99461E-05 9.99461E-05 0.00449087 9.99461E-05 0.187063
0.305992 0.16541 9.9973E-05 0.0900824 0.0590347 0.0582604 0.045211 0.114327 9.9973E-05 0.161383 9.9973E-05
9.9928E-05 9.9928E-05 9.9928E-05 0.0102671 9.9928E-05 9.9928E-05 9.9928E-05 0.0188308 9.9928E-05 9.9928E-05 0.970103
9.99371E-05 0.0662653 0.719578 9.99371E-05 9.99371E-05 9.99371E-05 9.99371E-05 9.99371E-05 9.99371E-05 0.0136569 0.1998
9.99101E-05 9.99101E-05 9.99101E-05 9.99101E-05 9.99101E-05 9.99101E-05 9.99101E-05 9.99101E-05 0.999001 9.99101E-05 9.99101E-05
9.9919E-05 9.9919E-05 0.799937 9.9919E-05 9.9919E-05 9.9919E-05 9.9919E-05 9.9919E-05 9.9919E-05 9.9919E-05 0.199164
9.9919E-05 9.9919E-05 0.75426 9.9919E-05 9.9919E-05 9.9919E-05 9.9919E-05 9.9919E-05 9.9919E-05 9.9919E-05 0.244841
9.9937E-05 9.9937E-05 0.741032 9.9937E-05 0.00248493 9.9937E-05 9.9937E-05 9.9937E-05 9.9937E-05 0.0142284 0.241555
9.9955E-05 0.912484 0.0211916 9.9955E-05 0.0311628 0.00589102 9.9955E-05 9.9955E-05 0.0219855 0.00678532 9.9955E-05
0.00229681 0.956136 9.9955E-05 9.9955E-05 9.9955E-05 9.9955E-05 0.00253139 0.0146813 0.0221002 9.9955E-05 0.00175448
0.0834243 0.171169 9.99369E-05 9.99369E-05 9.99369E-05 9.99369E-05 9.99369E-05 0.712446 0.0322617 9.99369E-05 9.99369E-05
0.0206025 0.894614 0.0182537 0.0195484 0.0204641 9.9973E-05 0.00554903 0.0143102 0.00635848 9.9973E-05 9.9973E-05
9.99101E-05 0.999001 9.99101E-05 9.99101E-05 9.99101E-05 9.99101E-05 9.99101E-05 9.99101E-05 9.99101E-05 9.99101E-05 9.99101E-05
0.159838 0.296005 0.452965 9.99551E-05 9.99551E-05 9.99551E-05 9.99551E-05 0.00664164 0.0206343 9.99551E-05 0.0634164
0.0896544 0.78571 9.9955E-05 0.0362401 9.9955E-05 0.0343046 0.00845239 9.9955E-05 9.9955E-05 0.0451391 9.9955E-05
0.0957453 0.767509 9.9955E-05 0.0325677 9.9955E-05 0.0445909 0.0185791 9.9955E-05 9.9955E-05 0.0405082 9.9955E-05
0.137364 0.145461 9.9973E-05 0.265415 0.012448 0.059764 0.192077 0.103574 9.9973E-05 0.0835965 9.9973E-05
9.9973E-05 9.9973E-05 0.0442264 9.9973E-05 0.00365567 0.00938138 0.014277 0.0179723 0.00922724 0.013215 0.887745
0.19467 0.613724 0.012953 9.9955E-05 9.9955E-05 9.9955E-05 9.9955E-05 0.0484441 0.0577867 9.9955E-05 0.0719233
0.185863 9.9955E-05 9.9955E-05 9.9955E-05 0.413802 0.244653 9.9955E-05 9.9955E-05 0.0784257 0.0553248 0.021432
0.296433 0.529034 0.0903353 9.9946E-05 9.9946E-05 9.9946E-05 9.9946E-05 0.0151214 9.9946E-05 9.9946E-05 0.0684765
9.9937E-05 0.959305 0.0189484 9.9937E-05 0.0192601 9.9937E-05 9.9937E-05 9.9937E-05 0.00178691 9.9937E-05 9.9937E-05
9.9946E-05 0.0117785 0.7943 9.9946E-05 9.9946E-05 9.9946E-05 9.9946E-05 9.9946E-05 0.0403547 0.00576475 0.147202
0.0338834 0.268163 0.580988 9.9964E-05 9.9964E-05 9.9964E-05 0.016806 0.000781462 0.0125629 9.9964E-05 0.0864156
9.9937E-05 9.9937E-05 9.9937E-05 0.0199975 9.9937E-05 0.0425025 0.105324 9.9937E-05 9.9937E-05 9.9937E-05 0.831476
9.99279E-05 9.99279E-05 9.99279E-05 0.841531 9.99279E-05 9.99279E-05 0.0631979 9.99279E-05 9.99279E-05 9.99279E-05 0.0944716
9.99371E-05 9.99371E-05 0.906219 0.0102592 9.99371E-05 0.0574395 0.0253823 9.99371E-05 9.99371E-05 9.99371E-05 9.99371E-05
9.9928E-05 9.9928E-05 0.0431187 9.9928E-05 9.9928E-05 9.9928E-05 0.923921 9.9928E-05 0.0321606 9.9928E-05 9.9928E-05
9.9955E-05 0.0347593 0.0469536 9.9955E-05 9.9955E-05 0.0146989 0.0254969 9.9955E-05 0.000823732 9.9955E-05 0.876768
9.9937E-05 0.0394036 0.0708461 9.9937E-05 9.9937E-05 0.021713 9.9937E-05 9.9937E-05 9.9937E-05 9.9937E-05 0.867338
9.99189E-05 9.99189E-05 9.99189E-05 9.99189E-05 9.99189E-05 9.99189E-05 0.977495 0.021606 9.99189E-05 9.99189E-05 9.99189E-05
9.99459E-05 9.99459E-05 0.26736 0.354857 9.99459E-05 9.99459E-05 9.99459E-05 0.14302 0.0157065 9.99459E-05 0.218457
9.9964E-05 9.9964E-05 0.013904 9.9964E-05 0.0108208 0.00147623 0.076597 0.00452506 0.0265116 9.9964E-05 0.865765
0.141533 0.147053 9.9973E-05 0.244674 0.00746686 0.0610599 0.187875 0.115173 9.9973E-05 0.0948661 9.9973E-05
9.9937E-05 9.9937E-05 0.0357161 9.9937E-05 9.9937E-05 0.830975 9.9937E-05 9.9937E-05 0.121845 9.9937E-05 0.0107644
9.99101E-05 9.99101E-05 9.99101E-05 9.99101E-05 9.99101E-05 9.99101E-05 9.99101E-05 9.99101E-05 0.999001 9.99101E-05 9.99101E-05
9.99101E-05 9.99101E-05 9.99101E-05 9.99101E-05 0.999001 9.99101E-05 9.99101E-05 9.99101E-05 9.99101E-05 9.99101E-05 9.99101E-05
9.9955E-05 0.0117368 9.9955E-05 9.9955E-05 9.9955E-05 0.479327 9.9955E-05 0.135318 0.279712 0.00232799 0.0910779
9.9946E-05 9.9946E-05 0.0692388 9.9946E-05 0.00911691 0.716279 9.9946E-05 9.9946E-05 0.160931 9.9946E-05 0.0438344
9.9946E-05 0.000275002 0.0480592 9.9946E-05 9.9946E-05 0.347765 9.9946E-05 9.9946E-05 0.00338991 9.9946E-05 0.599911
9.9946E-05 9.9946E-05 0.0390883 9.9946E-05 0.0158083 0.815457 9.9946E-05 9.9946E-05 0.0564651 9.9946E-05 0.0725813
9.9973E-05 9.9973E-05 0.52465 0.0499979 0.054489 0.173189 0.0338571 0.0151276 0.116224 0.0321653 9.9973E-05
9.99281E-05 9.99281E-05 9.99281E-05 9.99281E-05 0.00898159 0.644131 9.99281E-05 9.99281E-05 0.346088 9.99281E-05 9.99281E-05
9.9955E-05 9.9955E-05 0.0463133 0.460883 0.0984463 0.0990816 0.269313 9.9955E-05 9.9955E-05 0.0254632 9.9955E-05
9.9955E-05 9.9955E-05 0.14327 0.0331215 9.9955E-05 0.0444969 0.688091 9.9955E-05 0.0209236 0.0695978 9.9955E-05
9.99731E-05 9.99731E-05 0.300783 0.330513 0.036495 0.134587 0.0173144 0.0116873 0.0439221 9.99731E-05 0.124398
9.9946E-05 0.025944 0.0740383 9.9946E-05 9.9946E-05 0.793553 0.0149813 9.9946E-05 0.0908836 9.9946E-05 9.9946E-05
0.119473 0.833927 9.9937E-05 9.9937E-05 0.0181776 9.9937E-05 0.0277232 9.9937E-05 9.9937E-05 9.9937E-05 9.9937E-05
9.9928E-05 9.9928E-05 0.934162 9.9928E-05 9.9928E-05 0.0310483 0.0339898 9.9928E-05 9.9928E-05 9.9928E-05 9.9928E-05
9.9955E-05 9.9955E-05 0.0378529 0.607058 0.0465381 0.107675 0.154384 9.9955E-05 9.9955E-05 0.0459922 9.9955E-05
9.9946E-05 9.9946E-05 0.908131 9.9946E-05 9.9946E-05 0.00652218 0.0643501 0.0139856 0.00641138 9.9946E-05 9.9946E-05
0.083573 0.802306 9.9937E-05 0.0685413 9.9937E-05 9.9937E-05 9.9937E-05 0.0448803 9.9937E-05 9.9937E-05 9.9937E-05
9.9955E-05 9.9955E-05 0.00208277 9.9955E-05 0.00780445 9.9955E-05 0.00552954 9.9955E-05 0.0197677 0.00742574 0.95689
0.0177608 9.9937E-05 9.9937E-05 9.9937E-05 0.960163 9.9937E-05 9.9937E-05 9.9937E-05 9.9937E-05 0.00287974 0.0184972
0.134828 9.9973E-05 9.9973E-05 0.00234704 0.681067 0.0385944 0.0459802 9.9973E-05 0.0199335 0.0154036 0.061546
9.99461E-05 9.99461E-05 9.99461E-05 0.00440031 0.015368 0.907701 9.99461E-05 9.99461E-05 0.0324764 9.99461E-05 0.0394548
9.9955E-05 9.9955E-05 0.54087 9.9955E-05 0.0294079 0.199427 9.9955E-05 0.0108917 0.042528 9.9955E-05 0.176376
9.9919E-05 9.9919E-05 9.9919E-05 9.9919E-05 9.9919E-05 9.9919E-05 0.00341677 9.9919E-05 9.9919E-05 9.9919E-05 0.995684
9.9919E-05 9.9919E-05 9.9919E-05 9.9919E-05 9.9919E-05 9.9919E-05 9.9919E-05 0.0180421 9.9919E-05 9.9919E-05 0.981059
0.0694793 0.0499929 0.555226 0.0324188 9.9973E-05 9.9973E-05 9.9973E-05 0.0964414 0.00355285 0.0458412 0.146748
9.9955E-05 9.9955E-05 0.559913 9.9955E-05 0.00623471 0.24221 9.9955E-05 0.009277 0.069229 9.9955E-05 0.112637
9.9928E-05 0.85373 9.9928E-05 0.104103 9.9928E-05 9.9928E-05 9.9928E-05 0.041368 9.9928E-05 9.9928E-05 9.9928E-05
9.9937E-05 0.241151 9.9937E-05 0.662428 9.9937E-05 9.9937E-05 9.9937E-05 0.00788884 9.9937E-05 0.0878325 9.9937E-05
0.131521 0.526304 9.9946E-05 0.050556 9.9946E-05 9.9946E-05 0.0141359 9.9946E-05 9.9946E-05 0.276883 9.9946E-05
0.198884 0.106255 0.0374298 0.147097 0.0837104 0.0450038 9.9964E-05 9.9964E-05 9.9964E-05 0.38122 9.9964E-05
0.184198 0.0862795 0.037687 0.178299 0.0711278 0.0448351 9.9973E-05 0.0141792 9.9973E-05 0.383095 9.9973E-05
0.267718 0.272282 9.9982E-05 0.138907 0.00639797 0.016917 0.016045 9.9982E-05 0.00767611 0.264517 0.00933897
9.9937E-05 0.262875 9.9937E-05 0.649753 9.9937E-05 9.9937E-05 9.9937E-05 0.00465024 9.9937E-05 0.0820218 9.9937E-05
0.157791 0.145248 0.0131557 0.114689 0.0369953 0.0035395 0.0301082 0.0352645 0.0575347 0.405575 9.9991E-05
0.363337 0.192276 9.9973E-05 0.1177 9.9973E-05 0.0118035 0.000683714 0.0137066 0.0451647 0.255029 9.9973E-05
9.9982E-05 0.0510318 0.0272985 0.60166 0.0424196 0.0337534 0.118811 9.9982E-05 0.0110916 0.102905 0.0108285
0.2512 0.325498 9.9973E-05 0.114492 9.9973E-05 0.00655298 0.0172833 0.0349301 0.028296 0.221448 9.9973E-05
9.9973E-05 0.0391075 0.00462727 0.557751 0.0383359 0.0930217 0.110124 0.0271892 9.9973E-05 0.129544 9.9973E-05
9.9946E-05 9.9946E-05 0.0907124 0.122663 9.9946E-05 9.9946E-05 0.688668 0.0309569 9.9946E-05 9.9946E-05 0.0663998
9.99279E-05 9.99279E-05 9.99279E-05 9.99279E-05 0.00277021 9.99279E-05 0.0928333 0.903597 9.99279E-05 9.99279E-05 9.99279E-05
0.189507 0.257686 0.0555855 0.265654 0.026281 9.9973E-05 9.9973E-05 0.0160787 0.0167539 0.172154 9.9973E-05
0.140087 0.222047 0.0831129 0.316462 0.0119685 0.0104559 9.9982E-05 0.0238334 0.00979304 0.18204 9.9982E-05
9.9937E-05 0.219535 9.9937E-05 0.654746 9.9937E-05 9.9937E-05 9.9937E-05 0.00495283 9.9937E-05 0.120066 9.9937E-05
0.229388 0.291104 9.9964E-05 0.158948 0.0320929 9.9964E-05 9.9964E-05 0.0134989 0.00432919 0.270239 9.9964E-05
0.00402211 9.99371E-05 0.79616 9.99371E-05 9.99371E-05 0.13427 0.0648484 9.99371E-05 9.99371E-05 9.99371E-05 9.99371E-05
0.00623217 0.896793 9.9946E-05 0.0417276 9.9946E-05 0.00800773 9.9946E-05 0.0466398 9.9946E-05 9.9946E-05 9.9946E-05
0.14546 0.109168 0.0332292 0.190327 0.0649416 0.0167299 0.00672908 9.9982E-05 0.0382437 0.394972 9.9982E-05
0.289858 0.32885 9.99551E-05 0.15628 9.99551E-05 9.99551E-05 9.99551E-05 0.0358145 0.0322517 0.156445 9.99551E-05
0.189758 0.170397 9.9982E-05 0.132401 0.0261116 0.0102724 0.0274636 0.0151562 0.0414121 0.386829 9.9982E-05
0.258895 0.168279 0.0148755 0.0699698 0.0631989 9.9973E-05 0.000262316 0.0579215 9.9973E-05 0.366298 9.9973E-05
9.9937E-05 9.9937E-05 9.9937E-05 9.9937E-05 9.9937E-05 0.065377 0.0360922 0.0411195 0.856712 9.9937E-05 9.9937E-05
9.9964E-05 9.9964E-05 0.455144 0.0220045 0.0550053 0.193601 9.9964E-05 0.0452287 0.194568 0.034049 9.9964E-05
0.108939 0.784444 9.9946E-05 0.0256667 9.9946E-05 9.9946E-05 0.0172807 9.9946E-05 9.9946E-05 0.0630698 9.9946E-05
9.9946E-05 9.9946E-05 0.901066 0.00696215 9.9946E-05 0.042304 0.0348314 0.0142372 9.9946E-05 9.9946E-05 9.9946E-05
9.9955E-05 0.000763432 0.00851301 9.9955E-05 9.9955E-05 0.0496391 0.0301885 0.0681153 0.842281 9.9955E-05 9.9955E-05
9.99278E-05 9.99278E-05 9.99278E-05 0.815262 9.99278E-05 9.99278E-05 0.0452961 9.99278E-05 9.99278E-05 9.99278E-05 0.138642
9.99101E-05 0.999001 9.99101E-05 9.99101E-05 9.99101E-05 9.99101E-05 9.99101E-05 9.99101E-05 9.99101E-05 9.99101E-05 9.99101E-05
0.00162943 0.973931 9.9937E-05 9.9937E-05 0.0199908 9.9937E-05 9.9937E-05 9.9937E-05 9.9937E-05 9.9937E-05 0.00374901
0.0437426 0.882956 9.9946E-05 9.9946E-05 0.0342451 9.9946E-05 9.9946E-05 9.9946E-05 9.9946E-05 0.0198087 0.0186475
0.00952683 0.977057 9.9937E-05 9.9937E-05 0.0077681 9.9937E-05 9.9937E-05 9.9937E-05 9.9937E-05 0.00494808 9.9937E-05
9.9955E-05 0.0478193 0.0640369 0.00960972 9.9955E-05 0.0194502 0.0627635 9.9955E-05 9.9955E-05 9.9955E-05 0.795821
0.050877 0.812494 9.9955E-05 9.9955E-05 0.0457727 0.0140595 9.9955E-05 9.9955E-05 0.0695388 9.9955E-05 0.00675829
9.99101E-05 9.99101E-05 9.99101E-05 9.99101E-05 9.99101E-05 9.99101E-05 9.99101E-05 9.99101E-05 0.999001 9.99101E-05 9.99101E-05
9.99281E-05 9.99281E-05 9.99281E-05 0.0380414 9.99281E-05 0.823619 9.99281E-05 9.99281E-05 0.13754 9.99281E-05 9.99281E-05
9.9937E-05 9.9937E-05 0.0432954 9.9937E-05 0.0159112 0.613122 9.9937E-05 9.9937E-05 0.326972 9.9937E-05 9.9937E-05
0.00940755 0.00341974 9.9946E-05 9.9946E-05 0.0118612 0.756728 9.9946E-05 9.9946E-05 0.217984 9.9946E-05 9.9946E-05
9.99369E-05 9.99369E-05 0.0583525 9.99369E-05 0.0174144 0.681489 9.99369E-05 9.99369E-05 0.242044 9.99369E-05 9.99369E-05
0.0652233 0.0606363 9.9973E-05 0.175789 0.048395 0.0417444 0.023491 9.9973E-05 0.0394805 0.54494 9.9973E-05
0.0508696 0.0653185 0.0228538 0.172957 0.10252 0.0447769 0.0135176 0.00198724 0.0211169 0.503982 9.9991E-05
9.9946E-05 9.9946E-05 0.0137143 9.9946E-05 9.9946E-05 9.9946E-05 0.0409376 9.9946E-05 0.00386572 0.920338 0.0205444
0.0142104 0.0831997 9.9937E-05 9.9937E-05 9.9937E-05 0.0304381 9.9937E-05 9.9937E-05 9.9937E-05 0.871452 9.9937E-05
9.9946E-05 0.0230331 0.00012019 9.9946E-05 9.9946E-05 9.9946E-05 9.9946E-05 0.042545 0.00931717 0.924385 9.9946E-05
0.0113686 9.99899E-05 0.0170379 0.0026476 0.0103203 0.0120349 0.577446 0.0190134 9.99899E-05 0.316073 0.0338584
9.9955E-05 9.9955E-05 0.00905851 0.0149998 0.0104659 0.0131864 9.9955E-05 9.9955E-05 9.9955E-05 0.945846 0.00594309
0.0108949 0.176483 0.238668 0.017681 9.9982E-05 0.143962 9.9982E-05 0.15661 0.0578671 0.0974551 0.100179
9.99101E-05 9.99101E-05 9.99101E-05 9.99101E-05 9.99101E-05 9.99101E-05 9.99101E-05 9.99101E-05 9.99101E-05 0.999001 9.99101E-05
0.0100879 9.9919E-05 9.9919E-05 9.9919E-05 9.9919E-05 9.9919E-05 9.9919E-05 9.9919E-05 9.9919E-05 0.989013 9.9919E-05
0.0477464 0.00101134 9.9937E-05 9.9937E-05 0.0128628 9.9937E-05 9.9937E-05 9.9937E-05 9.9937E-05 0.93768 9.9937E-05
0.681109 0.010031 0.022066 9.9955E-05 9.9955E-05 0.0163272 9.9955E-05 0.0639638 9.9955E-05 0.206003 9.9955E-05
9.99191E-05 0.00464733 9.99191E-05 9.99191E-05 9.99191E-05 9.99191E-05 9.99191E-05 9.99191E-05 9.99191E-05 0.994453 9.99191E-05
0.109523 9.9964E-05 9.9964E-05 9.9964E-05 0.0182085 0.00643611 0.00135588 0.00391076 0.0339003 0.826266 9.9964E-05
9.9937E-05 9.9937E-05 0.850524 0.0465458 9.9937E-05 0.0971462 9.9937E-05 0.00508442 9.9937E-05 9.9937E-05 9.9937E-05
9.9964E-05 0.029173 0.55212 9.9964E-05 0.0607777 0.221454 0.0771308 9.9964E-05 0.011276 0.0476682 9.9964E-05
0.00648801 9.9973E-05 0.094579 0.000783667 9.9973E-05 0.665638 0.114188 0.0307355 0.0621179 0.0251702 9.9973E-05
9.9955E-05 9.9955E-05 0.0827735 9.9955E-05 0.0300133 0.865161 0.0111905 0.00210563 9.9955E-05 9.9955E-05 0.00825669
9.9955E-05 9.9955E-05 0.0531368 0.0180565 9.9955E-05 0.0324372 0.851021 9.9955E-05 0.0265061 0.0183432 9.9955E-05
9.9964E-05 9.9964E-05 0.0716915 9.9964E-05 0.0430328 0.698323 0.0417359 0.0416335 0.0766673 0.0265162 9.9964E-05
9.9937E-05 0.00242878 0.963003 0.0207837 9.9937E-05 0.0130852 9.9937E-05 9.9937E-05 9.9937E-05 9.9937E-05 9.9937E-05
9.99191E-05 9.99191E-05 0.913349 9.99191E-05 9.99191E-05 0.0857517 9.99191E-05 9.99191E-05 9.99191E-05 9.99191E-05 9.99191E-05
9.99101E-05 9.99101E-05 9.99101E-05 9.99101E-05 9.99101E-05 9.99101E-05 0.999001 9.99101E-05 9.99101E-05 9.99101E-05 9.99101E-05
9.9964E-05 0.0282568 0.0296785 0.0883344 0.0540395 0.728326 0.0619669 9.9964E-05 9.9964E-05 0.00899772 9.9964E-05
0.04002 0.00559927 0.15094 0.118068 0.102477 0.403847 0.0492144 0.0107898 0.1009 0.0180444 9.9991E-05
9.99642E-05 9.99642E-05 9.99642E-05 0.451218 0.0549281 0.0499751 0.321382 9.99642E-05 0.00379032 0.0309099 0.0873963
9.9946E-05 9.9946E-05 9.9946E-05 9.9946E-05 0.00991547 9.9946E-05 0.934056 0.0232804 0.00295942 0.0291893 9.9946E-05
9.9955E-05 0.025927 0.0727209 0.0674754 9.9955E-05 0.0600622 0.750889 9.9955E-05 0.0224256 9.9955E-05 9.9955E-05
0.0102727 0.045159 0.535579 0.0330266 9.9973E-05 0.0656235 9.9973E-05 0.105797 0.199026 9.9973E-05 0.00521584
0.0132328 9.9964E-05 0.0262704 0.0206946 9.9964E-05 0.0151433 0.854635 0.010636 9.9964E-05 9.9964E-05 0.0589877
9.9946E-05 9.9946E-05 0.926167 0.00851345 9.9946E-05 0.0218035 0.0256885 9.9946E-05 9.9946E-05 0.017228 9.9946E-05
9.99278E-05 9.99278E-05 9.99278E-05 0.81958 9.99278E-05 9.99278E-05 0.0363549 9.99278E-05 9.99278E-05 9.99278E-05 0.143266
9.9928E-05 9.9928E-05 9.9928E-05 0.801465 9.9928E-05 9.9928E-05 0.0883745 9.9928E-05 9.9928E-05 9.9928E-05 0.109361
0.106755 0.206584 9.9964E-05 0.416639 0.0338287 9.9964E-05 9.9964E-05 9.9964E-05 0.0136486 0.159418 0.0627268
0.00352144 9.9946E-05 9.9946E-05 9.9946E-05 0.0107946 9.9946E-05 0.964106 9.9946E-05 0.00100153 9.9946E-05 0.0199772
9.99101E-05 9.99101E-05 9.99101E-05 9.99101E-05 9.99101E-05 9.99101E-05 0.999001 9.99101E-05 9.99101E-05 9.99101E-05 9.99101E-05
9.99281E-05 9.99281E-05 9.99281E-05 9.99281E-05 9.99281E-05 9.99281E-05 0.976519 9.99281E-05 0.00502105 9.99281E-05 0.0176603
9.9973E-05 0.0115748 0.0918805 0.447026 0.0881538 0.169777 0.134456 9.9973E-05 0.00921391 0.0476181 9.9973E-05
