0.0102161 0.603247 0.0850211 0.0181262 0.206504 0.00602803 0.0707577 9.9991E-05
0.303857 0.313816 0.044511 9.9973E-05 0.329925 9.9973E-05 9.9973E-05 0.00759056
0.30024 0.270038 0.101339 0.0489345 0.238671 0.0373884 9.9991E-05 0.00328946
9.9973E-05 0.661434 0.0512184 0.0259414 0.225082 9.9973E-05 0.0360251 9.9973E-05
0.911577 0.0536962 9.9973E-05 0.016108 9.9973E-05 0.00964663 9.9973E-05 0.00867269
0.229974 0.275261 0.0442639 9.9973E-05 0.386956 9.9973E-05 9.9973E-05 0.0632442
9.9955E-05 9.9955E-05 9.9955E-05 9.9955E-05 9.9955E-05 0.527023 0.464812 0.00766512
9.9955E-05 0.00211555 9.9955E-05 9.9955E-05 9.9955E-05 0.984815 0.0125699 9.9955E-05
9.9946E-05 9.9946E-05 9.9946E-05 9.9946E-05 0.0183503 0.98105 9.9946E-05 9.9946E-05
0.00364466 0.0143156 9.9955E-05 9.9955E-05 9.9955E-05 0.98154 9.9955E-05 9.9955E-05
0.0298473 9.99801E-05 0.762291 0.00907942 0.0456382 9.99801E-05 0.152844 9.99801E-05
9.9964E-05 0.0336784 0.914541 9.9964E-05 9.9964E-05 0.0302567 0.0211237 9.9964E-05
9.9964E-05 0.0144447 0.893672 9.9964E-05 9.9964E-05 0.0331781 0.0583057 9.9964E-05
9.99461E-05 9.99461E-05 0.924598 9.99461E-05 9.99461E-05 9.99461E-05 0.0748028 9.99461E-05
9.9973E-05 0.11815 9.9973E-05 0.0308732 9.9973E-05 0.00608297 0.014727 0.829866
9.9964E-05 0.00658892 9.9964E-05 9.9964E-05 9.9964E-05 0.983852 0.00325733 0.0059022
9.9964E-05 0.0343543 0.0066546 9.9964E-05 9.9964E-05 0.0305213 0.92807 9.9964E-05
9.99551E-05 9.99551E-05 0.0950789 9.99551E-05 9.99551E-05 0.0137321 9.99551E-05 0.890689
9.9982E-05 0.15638 0.207707 0.0530254 9.9982E-05 0.00166374 0.0121854 0.568838
9.9973E-05 9.9973E-05 0.60011 0.00457134 9.9973E-05 0.0264146 0.00372618 0.364878
9.9964E-05 0.100687 0.059625 9.9964E-05 9.9964E-05 0.0353991 9.9964E-05 0.803889
9.9964E-05 0.00927245 0.895188 9.9964E-05 9.9964E-05 0.0163438 9.9964E-05 0.0787962
9.9964E-05 9.9964E-05 0.089785 9.9964E-05 0.00153947 9.9964E-05 0.030316 0.87796
9.9982E-05 0.0260472 0.793399 9.9982E-05 0.0422505 0.011865 0.0230959 0.103142
9.9955E-05 0.0120894 0.935454 9.9955E-05 9.9955E-05 9.9955E-05 9.9955E-05 0.0519572
9.9973E-05 0.022892 0.00434155 9.9973E-05 0.0226495 9.9973E-05 0.0387638 0.911053
9.9964E-05 9.9964E-05 0.114898 9.9964E-05 0.00494687 0.0214464 9.9964E-05 0.858309
0.00159722 9.9982E-05 0.30614 0.0356826 0.0495429 9.9982E-05 0.0131492 0.593688
9.9973E-05 9.9973E-05 0.037634 0.0150666 0.0112109 0.0190726 9.9973E-05 0.916716
9.9964E-05 0.0100357 0.0410155 9.9964E-05 0.00606105 9.9964E-05 9.9964E-05 0.942488
9.9964E-05 0.00312768 0.932289 0.0164872 9.9964E-05 9.9964E-05 9.9964E-05 0.0476962
9.99461E-05 9.99461E-05 0.833282 9.99461E-05 9.99461E-05 9.99461E-05 0.166118 9.99461E-05
9.99641E-05 9.99641E-05 0.0902117 9.99641E-05 0.00638997 9.99641E-05 0.0146288 0.88837
0.00348844 0.063612 0.769707 9.9982E-05 0.00735544 0.0122755 9.9982E-05 0.143361
0.00342914 9.9964E-05 0.0402 9.9964E-05 9.9964E-05 0.00373938 9.9964E-05 0.952232
9.9964E-05 0.00469731 0.959445 9.9964E-05 0.00901423 9.9964E-05 9.9964E-05 0.0264438
0.00310461 9.9955E-05 0.107105 9.9955E-05 9.9955E-05 9.9955E-05 9.9955E-05 0.889291
9.9964E-05 9.9964E-05 0.94176 0.0300985 9.9964E-05 0.00527381 9.9964E-05 0.0224673
0.0924748 0.694689 9.9964E-05 0.091215 0.121221 9.9964E-05 9.9964E-05 9.9964E-05
0.630723 9.9946E-05 9.9946E-05 9.9946E-05 0.368677 9.9946E-05 9.9946E-05 9.9946E-05
0.0837589 9.9955E-05 0.74468 9.9955E-05 9.9955E-05 9.9955E-05 0.171061 9.9955E-05
9.9955E-05 9.9955E-05 0.0427668 9.9955E-05 9.9955E-05 9.9955E-05 0.0146106 0.942123
9.9955E-05 9.9955E-05 0.943394 0.0187619 9.9955E-05 9.9955E-05 9.9955E-05 0.0373446
9.9973E-05 0.0313479 0.0267012 0.0798432 0.57643 9.9973E-05 0.285378 9.9973E-05
9.9973E-05 0.127361 0.233282 0.0302521 9.9973E-05 0.0638237 9.9973E-05 0.544982
9.9982E-05 0.0123595 0.465083 0.0148311 9.9982E-05 0.0144113 0.120546 0.37257
0.00926083 0.0390666 0.0460237 0.0289046 9.9982E-05 0.026749 9.9982E-05 0.849795
0.307529 0.176523 0.0407723 0.0242004 0.366301 9.9991E-05 0.0344897 0.0500843
0.105349 0.0851133 9.9973E-05 0.520482 0.28033 0.00842596 9.9973E-05 9.9973E-05
9.9946E-05 0.701707 9.9946E-05 9.9946E-05 9.9946E-05 9.9946E-05 0.297694 9.9946E-05
9.99549E-05 0.704912 0.142378 9.99549E-05 9.99549E-05 9.99549E-05 0.15221 9.99549E-05
9.99639E-05 0.683621 0.158006 9.99639E-05 9.99639E-05 0.0127451 0.145227 9.99639E-05
9.99549E-05 0.828226 0.0183754 9.99549E-05 9.99549E-05 9.99549E-05 0.152899 9.99549E-05
0.0223129 9.9964E-05 0.0421045 0.00688521 9.9964E-05 0.928298 9.9964E-05 9.9964E-05
9.9964E-05 0.0237685 0.0169677 0.0177558 9.9964E-05 0.941108 9.9964E-05 9.9964E-05
9.99551E-05 9.99551E-05 0.522978 9.99551E-05 9.99551E-05 0.0320879 0.444435 9.99551E-05
9.9964E-05 0.00954895 0.924302 9.9964E-05 9.9964E-05 0.0144106 9.9964E-05 0.0513385
0.190343 0.468192 0.0306303 0.0718381 9.9982E-05 0.031372 9.9982E-05 0.207425
0.889717 0.0713155 9.9955E-05 9.9955E-05 0.0384677 9.9955E-05 9.9955E-05 9.9955E-05
0.432837 0.0548457 9.9982E-05 0.283301 0.205056 9.9982E-05 0.00427048 0.0194908
9.9955E-05 0.0324769 9.9955E-05 9.9955E-05 0.00981503 9.9955E-05 0.957208 9.9955E-05
0.036786 0.192448 0.0113344 9.9982E-05 9.9982E-05 0.0134921 0.728719 0.0170201
9.9982E-05 0.177712 0.0628445 0.0523576 0.00596799 0.0159254 0.684993 9.9982E-05
9.9946E-05 0.0169173 9.9946E-05 9.9946E-05 9.9946E-05 0.982483 9.9946E-05 9.9946E-05
0.833462 0.0568491 9.9955E-05 9.9955E-05 0.109189 9.9955E-05 9.9955E-05 9.9955E-05
9.9955E-05 9.9955E-05 9.9955E-05 0.00345231 9.9955E-05 9.9955E-05 0.971897 0.0241508
0.064111 0.814385 9.9982E-05 0.0166238 0.0753741 0.0143883 0.0149175 9.9982E-05
9.9955E-05 9.9955E-05 0.938771 9.9955E-05 9.9955E-05 9.9955E-05 0.0277375 0.0329923
9.99461E-05 9.99461E-05 0.949819 9.99461E-05 9.99461E-05 9.99461E-05 0.0495812 9.99461E-05
0.0313194 0.110871 9.9982E-05 0.030896 9.9982E-05 0.790593 0.00263129 0.0334894
0.0121402 0.0791978 0.0328726 0.0209334 9.9982E-05 0.804766 9.9982E-05 0.0498902
9.9982E-05 0.0365272 0.049032 0.0386633 9.9982E-05 0.863425 0.00449793 0.00765512
0.0231914 0.00786619 9.9955E-05 9.9955E-05 9.9955E-05 0.968443 9.9955E-05 9.9955E-05
9.9964E-05 0.0188601 0.00308943 0.00141962 9.9964E-05 0.976231 9.9964E-05 9.9964E-05
9.9955E-05 9.9955E-05 0.00273229 9.9955E-05 9.9955E-05 0.990855 0.00591258 9.9955E-05
9.9973E-05 0.00993313 9.9973E-05 9.9973E-05 0.0088459 0.965954 0.00768963 0.00727767
9.9955E-05 9.9955E-05 0.0119575 0.00659259 9.9955E-05 0.98095 9.9955E-05 9.9955E-05
0.00830048 9.9964E-05 0.00298083 9.9964E-05 0.00946992 0.978849 9.9964E-05 9.9964E-05
9.994E-05 9.994E-05 9.994E-05 9.994E-05 9.994E-05 0.9993 9.994E-05 9.994E-05
9.9973E-05 0.0217348 0.0138675 0.0263972 0.0079752 0.929725 9.9973E-05 9.9973E-05
9.9964E-05 0.0305798 0.0229992 0.00184256 9.9964E-05 0.944179 9.9964E-05 9.9964E-05
0.00882231 0.0138873 0.0155785 0.00326258 9.9991E-05 0.940215 0.0167404 0.00139408
9.9964E-05 9.9964E-05 0.058097 9.9964E-05 0.00638843 0.545411 9.9964E-05 0.389704
9.99551E-05 9.99551E-05 0.014087 9.99551E-05 9.99551E-05 0.555993 9.99551E-05 0.429421
9.994E-05 9.994E-05 9.994E-05 9.994E-05 9.994E-05 0.9993 9.994E-05 9.994E-05
9.9946E-05 0.032509 9.9946E-05 9.9946E-05 9.9946E-05 0.966891 9.9946E-05 9.9946E-05
9.9964E-05 0.0400096 9.9964E-05 9.9964E-05 0.0251456 0.895577 0.0388679 9.9964E-05
0.0240645 0.0260247 0.0024502 0.00177286 9.9982E-05 0.928809 9.9982E-05 0.0166784
9.994E-05 9.994E-05 9.994E-05 9.994E-05 9.994E-05 0.9993 9.994E-05 9.994E-05
9.99551E-05 9.99551E-05 0.0283996 9.99551E-05 9.99551E-05 0.543998 9.99551E-05 0.427103
9.9991E-05 0.00340069 0.0195291 0.0125455 0.0161247 0.891278 0.0231108 0.0339113
0.00601357 9.9973E-05 9.9973E-05 9.9973E-05 0.0241626 0.940195 0.0290675 0.000261599
9.9973E-05 0.0161329 0.00181044 0.0158546 9.9973E-05 0.957954 0.00794849 9.9973E-05
9.9955E-05 0.0166332 9.9955E-05 9.9955E-05 0.0367748 0.946092 9.9955E-05 9.9955E-05
0.0195673 0.0108182 0.00509214 0.0244113 9.9991E-05 0.872755 0.0371512 0.0301051
9.9955E-05 0.0176477 9.9955E-05 9.9955E-05 9.9955E-05 0.959271 0.0225817 9.9955E-05
0.0932006 9.9973E-05 9.9973E-05 0.0405811 0.0372683 9.9973E-05 0.213247 0.615403
0.0196207 9.99641E-05 9.99641E-05 9.99641E-05 0.00299222 0.948528 9.99641E-05 0.0284597
9.9946E-05 9.9946E-05 9.9946E-05 9.9946E-05 9.9946E-05 0.996472 9.9946E-05 0.00292851
0.0154798 0.0213058 0.00492457 0.0118219 0.114763 0.726234 0.0210325 0.0844387
9.994E-05 9.994E-05 9.994E-05 9.994E-05 9.994E-05 0.9993 9.994E-05 9.994E-05
9.9964E-05 9.9964E-05 0.00763411 9.9964E-05 9.9964E-05 0.967785 0.000691729 0.0234895
0.0073246 0.00901144 0.0112277 0.012435 9.9973E-05 0.959701 9.9973E-05 9.9973E-05
0.00377131 9.9964E-05 0.00103871 9.9964E-05 9.9964E-05 0.981344 9.9964E-05 0.0134461
9.9973E-05 9.9973E-05 9.9973E-05 0.00845745 0.00609359 0.03408 0.0202314 0.930838
9.994E-05 9.994E-05 9.994E-05 9.994E-05 9.994E-05 0.9993 9.994E-05 9.994E-05
9.9955E-05 0.0345165 9.9955E-05 0.0219017 9.9955E-05 0.943082 9.9955E-05 9.9955E-05
9.994E-05 9.994E-05 9.994E-05 9.994E-05 9.994E-05 0.9993 9.994E-05 9.994E-05
9.9973E-05 9.9973E-05 0.246983 9.9973E-05 0.0225574 0.0244989 0.115449 0.590211
0.0325486 0.00844689 9.9982E-05 0.0200135 9.9982E-05 0.921337 0.0118927 0.00556115
9.9964E-05 0.0138266 0.0267854 0.0144419 9.9964E-05 0.944546 9.9964E-05 9.9964E-05
9.9964E-05 9.9964E-05 9.9964E-05 9.9964E-05 0.0260886 0.9685 0.00316112 0.00185058
9.9946E-05 9.9946E-05 0.00738061 9.9946E-05 9.9946E-05 0.99202 9.9946E-05 9.9946E-05
9.9964E-05 0.064383 0.258198 9.9964E-05 9.9964E-05 0.0217497 9.9964E-05 0.65527
0.000290425 9.9955E-05 9.9955E-05 9.9955E-05 0.00856059 0.990649 9.9955E-05 9.9955E-05
0.00908305 0.0538098 9.9964E-05 9.9964E-05 0.0316934 0.905014 9.9964E-05 9.9964E-05
9.9955E-05 9.9955E-05 0.0304749 9.9955E-05 9.9955E-05 0.518084 9.9955E-05 0.450942
9.9946E-05 9.9946E-05 9.9946E-05 9.9946E-05 0.00788131 0.991519 9.9946E-05 9.9946E-05
0.0137815 0.0230712 0.742858 0.000257503 9.9991E-05 0.0210803 0.00675225 0.192099
0.0299107 9.9964E-05 0.682681 9.9964E-05 9.9964E-05 0.00676951 9.9964E-05 0.280239
0.00810671 0.0386751 0.8662 9.9982E-05 0.034854 0.0202637 9.9982E-05 0.0317004
0.00751583 9.9982E-05 0.0618185 9.9982E-05 0.00808133 0.0352582 0.020218 0.866908
0.0168337 0.0830863 9.9982E-05 0.0393742 9.9982E-05 0.0625069 0.784704 0.0132953
9.9973E-05 9.9973E-05 0.864164 0.0122519 0.0510672 0.0490797 9.9973E-05 0.0231375
0.0402671 9.9982E-05 0.352451 0.0246927 0.0235699 9.9982E-05 0.37086 0.187959
9.9964E-05 9.9964E-05 0.765748 9.9964E-05 0.0149309 0.0376338 9.9964E-05 0.181288
9.9964E-05 9.9964E-05 0.661709 0.0585502 9.9964E-05 9.9964E-05 0.0172138 0.262128
9.9973E-05 0.0412116 0.690926 0.0147756 9.9973E-05 0.0109144 9.9973E-05 0.241873
0.0154441 0.00884051 0.587887 0.0813346 0.0192011 9.9982E-05 9.9982E-05 0.287093
0.0363742 9.9964E-05 0.623144 0.0506309 9.9964E-05 9.9964E-05 9.9964E-05 0.289451
0.0448213 9.9973E-05 0.925426 9.9973E-05 0.0116791 0.00508771 9.9973E-05 0.0126857
0.00906934 9.9973E-05 0.84522 9.9973E-05 0.0405703 0.0128885 0.091952 9.9973E-05
0.0233766 9.9982E-05 0.84848 0.0147599 0.000812792 0.0186708 0.0936999 9.9982E-05
0.00136971 0.040412 0.0850221 0.0478172 0.0124067 0.0380007 0.0390564 0.735915
9.9946E-05 9.9946E-05 9.9946E-05 9.9946E-05 0.993946 0.00545452 9.9946E-05 9.9946E-05
0.02249 0.0390832 9.9973E-05 0.000154086 0.926998 0.010975 9.9973E-05 9.9973E-05
0.582754 0.0872668 0.0223771 0.0327678 0.247536 9.9982E-05 0.0270984 9.9982E-05
0.0113634 0.0824811 0.0611173 0.0214539 0.0216434 0.107236 0.35063 0.344075
9.9946E-05 9.9946E-05 9.9946E-05 9.9946E-05 0.978051 0.0213493 9.9946E-05 9.9946E-05
9.9964E-05 0.0752174 0.0011526 9.9964E-05 0.921653 0.00157679 9.9964E-05 9.9964E-05
0.0538061 9.9991E-05 0.386779 0.00471436 0.0451136 0.117434 0.246137 0.145916
0.448331 9.99783E-05 9.99783E-05 0.29165 0.218596 0.0108179 0.0303043 9.99783E-05
0.415323 0.0523425 0.0148096 0.341961 0.105204 0.00185647 0.029096 0.0394068
0.461438 0.0395974 0.00603845 0.399363 0.085197 9.9982E-05 0.00816593 9.9982E-05
0.258758 0.0606439 9.9982E-05 0.566495 9.9982E-05 0.0160922 0.0601187 0.0376921
0.257937 0.0448135 9.9991E-05 0.596203 0.00757652 0.0100301 0.0560511 0.0272893
0.417259 0.0238449 0.0209613 0.397451 0.0870667 9.9991E-05 0.0254433 0.0278737
0.00316524 0.173242 9.9973E-05 0.0331184 9.9973E-05 0.00322713 0.786947 9.9973E-05
0.635675 9.9982E-05 9.9982E-05 0.00848678 0.306203 0.00911498 0.0141889 0.0261312
9.9964E-05 0.0562303 0.0102812 9.9964E-05 9.9964E-05 0.031874 9.9964E-05 0.901215
0.0274277 9.99878E-05 0.0172599 0.00495105 9.99878E-05 0.0115253 0.0418513 0.896785
0.800771 0.0558406 9.9973E-05 0.000277367 0.119775 0.0230357 9.9973E-05 9.9973E-05
0.180266 0.141067 0.156772 0.108106 0.0654515 0.0867988 0.0961425 0.165396
0.00254401 0.124701 0.010002 0.0290163 0.0570864 9.9991E-05 0.74909 0.0274606
0.0506369 9.9973E-05 0.709902 0.0190707 0.0594053 9.9973E-05 0.160686 9.9973E-05
9.9982E-05 9.9982E-05 0.0967391 0.0490446 0.00808499 0.0212776 0.0322334 0.79242
0.0146851 9.9982E-05 0.509044 0.0383016 0.246439 9.9982E-05 0.1696 0.0217306
9.9991E-05 0.007467 0.0337055 0.0450095 0.0566895 0.00671652 0.837657 0.0126552
9.9991E-05 0.0078968 0.000425436 0.153459 0.743676 0.0325237 0.0244553 0.0374631
0.0152574 0.119127 9.9964E-05 9.9964E-05 9.9964E-05 0.010438 0.854778 9.9964E-05
0.0587005 0.59731 0.0639847 0.0724735 9.9982E-05 0.0680834 9.9982E-05 0.139248
9.9964E-05 9.9964E-05 0.00452679 9.9964E-05 9.9964E-05 0.0382817 0.0472918 0.9095
0.626415 9.9982E-05 0.00966948 9.9982E-05 0.297963 0.0383384 0.00477558 0.0226387
0.430688 9.9973E-05 0.488121 0.0132688 0.0078226 9.9973E-05 0.0597993 9.9973E-05
0.86931 9.9973E-05 0.0301902 0.0224083 9.9973E-05 0.0207051 9.9973E-05 0.0570861
0.0540689 0.0277462 0.316113 0.0146824 0.0997355 0.0356185 0.384577 0.067458
0.99915 9.9946E-05 9.9946E-05 9.9946E-05 9.9946E-05 0.000250262 9.9946E-05 9.9946E-05
0.0337313 9.9964E-05 0.0633175 9.9964E-05 9.9964E-05 9.9964E-05 0.902037 0.000514155
0.795923 9.9982E-05 0.0304142 0.0384431 9.9982E-05 0.0346745 0.0355567 0.0647882
0.864543 9.9973E-05 0.0357009 9.9973E-05 9.9973E-05 0.0188025 0.068523 0.0121302
0.0844043 9.9964E-05 0.0219743 9.9964E-05 9.9964E-05 9.9964E-05 0.0496085 0.843613
0.0389542 0.0756324 0.106072 0.00978762 0.318311 9.9991E-05 0.0582997 0.392843
0.0604384 9.9991E-05 0.291391 0.0323688 0.0365526 0.00439169 0.272009 0.302749
0.0784031 0.0244987 0.0126731 0.82385 0.00222792 0.0110652 0.0243453 0.0229371
0.0167687 0.00561575 0.00762113 0.932443 9.9973E-05 9.9973E-05 0.0372513 9.9973E-05
9.9982E-05 0.0461667 0.0221545 0.900359 9.9982E-05 0.00125217 0.0249796 0.00488835
0.00857592 0.0509887 9.9982E-05 0.858755 9.9982E-05 0.0140035 0.0377668 0.0297104
9.9955E-05 0.0206664 9.9955E-05 0.0384594 9.9955E-05 9.9955E-05 9.9955E-05 0.940374
0.0310225 0.0613554 0.00924953 9.9964E-05 9.9964E-05 9.9964E-05 9.9964E-05 0.897973
9.9982E-05 0.0895736 0.0752839 0.0178259 9.9982E-05 0.035683 0.00887869 0.772555
0.282348 0.0838356 9.99643E-05 0.421893 0.211523 9.99643E-05 9.99643E-05 9.99643E-05
0.138168 0.154261 0.152027 0.135479 0.0568135 0.113354 0.0413117 0.208585
0.0318596 0.354566 0.0112799 0.099265 9.9991E-05 0.138697 0.00202744 0.362205
0.0148585 0.120133 0.0847698 9.9982E-05 0.0131353 0.0279878 9.9982E-05 0.738916
9.9982E-05 0.183541 0.0510626 0.0160607 0.0116825 0.0804813 9.9982E-05 0.656972
9.9973E-05 0.119044 9.9973E-05 0.0561437 0.0403406 0.0538529 9.9973E-05 0.730319
0.0595799 0.245196 0.0310844 0.0138045 0.0307828 0.146129 9.9991E-05 0.473323
0.00938458 0.725418 0.0461522 9.9982E-05 0.0887956 0.0238341 0.106215 9.9982E-05
9.9973E-05 0.0134703 0.869443 0.0101853 9.9973E-05 9.9973E-05 0.0946817 0.0119198
9.9973E-05 9.9973E-05 0.548181 0.0087209 9.9973E-05 0.0584753 0.158278 0.226045
0.945887 0.0264032 9.9964E-05 9.9964E-05 0.0263636 0.000945821 9.9964E-05 9.9964E-05
0.916143 0.0787706 9.9955E-05 9.9955E-05 9.9955E-05 9.9955E-05 0.00458632 9.9955E-05
0.883785 0.0808631 0.00246712 9.9991E-05 0.0165794 0.00758661 0.00187115 0.00674766
0.370213 0.219733 9.9964E-05 0.211278 0.198376 9.9964E-05 9.9964E-05 9.9964E-05
0.31458 0.5715 9.9955E-05 0.11342 9.9955E-05 9.9955E-05 9.9955E-05 9.9955E-05
0.333713 0.548548 9.9964E-05 0.108601 9.9964E-05 0.00873836 9.9964E-05 9.9964E-05
9.9955E-05 0.0692644 9.9955E-05 0.0226712 9.9955E-05 9.9955E-05 9.9955E-05 0.907565
0.0137923 0.080609 0.00865655 0.042475 0.00133733 0.0287979 9.9991E-05 0.824232
0.00355821 9.9955E-05 0.0443743 9.9955E-05 9.9955E-05 9.9955E-05 9.9955E-05 0.951568
0.030817 0.0267817 0.0884083 9.9973E-05 9.9973E-05 0.0157922 0.837901 9.9973E-05
0.919217 9.9973E-05 9.9973E-05 0.0303616 9.9973E-05 0.0225646 0.0173075 0.0102497
0.906109 9.9964E-05 9.9964E-05 9.9964E-05 0.0652733 0.0174691 0.0107483 9.9964E-05
0.896593 9.9955E-05 9.9955E-05 0.0268697 0.0760372 9.9955E-05 9.9955E-05 9.9955E-05
0.81235 9.9964E-05 0.0200908 0.0245414 0.142618 9.9964E-05 9.9964E-05 9.9964E-05
0.819813 9.9964E-05 9.9964E-05 0.0292719 0.117939 9.9964E-05 0.0325757 9.9964E-05
0.0743242 9.9964E-05 0.715006 9.9964E-05 0.00706155 9.9964E-05 0.203208 9.9964E-05
0.200523 0.167354 9.9982E-05 0.170339 0.33329 0.059805 9.9982E-05 0.068488
9.9946E-05 0.00787053 9.9946E-05 9.9946E-05 9.9946E-05 9.9946E-05 0.99153 9.9946E-05
0.0646222 9.9955E-05 0.717969 9.9955E-05 9.9955E-05 9.9955E-05 0.216909 9.9955E-05
0.0257013 9.9973E-05 9.9973E-05 0.00554074 0.0394975 9.9973E-05 0.159811 0.76915
9.9946E-05 9.9946E-05 0.784946 9.9946E-05 9.9946E-05 9.9946E-05 0.214455 9.9946E-05
9.9946E-05 9.9946E-05 0.743367 9.9946E-05 9.9946E-05 9.9946E-05 0.256033 9.9946E-05
0.00654105 9.9964E-05 0.730294 0.00674316 9.9964E-05 9.9964E-05 0.256021 9.9964E-05
0.931537 9.9973E-05 0.0237441 0.00477897 9.9973E-05 0.0154528 9.9973E-05 0.024187
0.960611 9.9955E-05 9.9955E-05 9.9955E-05 0.0162437 9.9955E-05 0.0226453 9.9955E-05
0.23296 0.303514 0.0230031 0.0166682 0.392226 9.9982E-05 9.9982E-05 0.0314294
0.926979 9.9982E-05 0.0093347 9.9982E-05 0.0192798 0.0251784 0.00656056 0.0124677
0.9993 9.994E-05 9.994E-05 9.994E-05 9.994E-05 9.994E-05 9.994E-05 9.994E-05
0.294047 9.9964E-05 0.452473 9.9964E-05 0.171972 9.9964E-05 0.0811081 9.9964E-05
0.805294 0.0269175 9.9973E-05 0.0649864 0.0815104 9.9973E-05 9.9973E-05 0.0209915
0.767146 0.0294092 9.9973E-05 0.0563845 0.100403 9.9973E-05 9.9973E-05 0.0463568
0.169247 0.506532 9.9982E-05 0.0779518 0.154315 0.0114447 9.9982E-05 0.0803095
9.9982E-05 0.00700031 0.0613578 0.0187411 0.00853634 0.0164995 0.887665 9.9982E-05
0.643932 9.9964E-05 0.00457669 9.9964E-05 0.204037 9.9964E-05 0.147055 9.9964E-05
9.9982E-05 9.9982E-05 0.0297214 0.0595616 0.191956 0.419015 0.0137495 0.285797
0.531691 9.9964E-05 0.0471841 9.9964E-05 0.318899 9.9964E-05 0.101825 9.9964E-05
0.981824 9.9955E-05 0.0162688 9.9955E-05 9.9955E-05 0.00140738 9.9955E-05 9.9955E-05
0.0232788 9.9964E-05 0.7851 0.00419051 9.9964E-05 9.9964E-05 0.187031 9.9964E-05
0.273904 0.0141907 0.58412 9.9973E-05 0.0261034 9.9973E-05 0.101382 9.9973E-05
9.9955E-05 0.10568 9.9955E-05 9.9955E-05 9.9955E-05 9.9955E-05 0.858235 0.0355858
9.9946E-05 0.937728 9.9946E-05 9.9946E-05 9.9946E-05 9.9946E-05 0.0616721 9.9946E-05
9.9955E-05 0.0285745 0.92858 9.9955E-05 9.9955E-05 9.9955E-05 9.9955E-05 0.0423453
9.9955E-05 0.698333 0.125636 9.9955E-05 9.9955E-05 9.9955E-05 0.175531 9.9955E-05
0.029776 0.0286434 0.0427619 9.9973E-05 9.9973E-05 9.9973E-05 0.893748 0.00477033
0.0442895 9.9964E-05 0.0606075 9.9964E-05 9.9964E-05 9.9964E-05 0.893398 0.00130485
9.99549E-05 0.810641 0.0337509 9.99549E-05 9.99549E-05 9.99549E-05 0.155108 9.99549E-05
9.9982E-05 0.44846 0.284489 0.00206464 0.0783631 9.9982E-05 0.175739 0.0106846
9.9955E-05 0.0612733 9.9955E-05 9.9955E-05 9.9955E-05 9.9955E-05 0.92079 0.0174366
0.174047 0.45345 9.9982E-05 0.0997721 0.146951 0.0335994 9.9982E-05 0.0919807
9.9964E-05 9.9964E-05 0.0304883 9.9964E-05 9.9964E-05 0.00458856 0.0208426 0.943681
0.0528179 9.9973E-05 9.9973E-05 0.00211516 0.0193197 9.9973E-05 0.159528 0.765919
9.994E-05 9.994E-05 9.994E-05 9.994E-05 9.994E-05 0.9993 9.994E-05 9.994E-05
0.0525799 0.0463472 9.9982E-05 0.00941279 0.0349107 9.9982E-05 0.165021 0.691528
9.9964E-05 9.9964E-05 0.070602 9.9964E-05 9.9964E-05 0.0261129 0.0585843 0.844301
0.00669816 9.9964E-05 0.069492 9.9964E-05 9.9964E-05 9.9964E-05 0.575448 0.347962
9.9964E-05 9.9964E-05 0.0584483 9.9964E-05 9.9964E-05 0.00407112 0.0701436 0.866937
9.9982E-05 0.0832525 0.534407 0.0474154 9.9982E-05 0.0644016 0.00485483 0.265469
0.0108462 0.00686644 9.9964E-05 0.0227682 9.9964E-05 9.9964E-05 9.9964E-05 0.959119
9.9973E-05 0.674934 0.065317 0.0299638 9.9973E-05 0.103156 9.9973E-05 0.126329
9.9973E-05 0.6063 0.182924 0.0545116 9.9973E-05 9.9973E-05 0.117588 0.0383771
0.00723664 0.345301 0.265391 0.0256954 9.9991E-05 0.00883965 0.165753 0.181684
0.0212344 9.9973E-05 0.0475232 9.9973E-05 9.9973E-05 0.0127698 0.0426995 0.875473
0.837565 9.9955E-05 9.9955E-05 9.9955E-05 0.143793 0.0181423 9.9955E-05 9.9955E-05
9.9955E-05 0.0282434 0.956097 9.9955E-05 9.9955E-05 9.9955E-05 9.9955E-05 0.0151597
9.9973E-05 0.718113 0.0345595 0.0593936 9.9973E-05 0.0633885 9.9973E-05 0.124245
9.9955E-05 0.0492428 0.93127 9.9955E-05 9.9955E-05 9.9955E-05 9.9955E-05 0.0189874
0.84357 0.0476409 9.9964E-05 0.0058809 0.102508 9.9964E-05 9.9964E-05 9.9964E-05
9.9973E-05 9.9973E-05 0.0108435 0.00465324 9.9973E-05 0.00228968 0.977974 0.0039396
9.9964E-05 9.9964E-05 9.9964E-05 0.0230185 0.00677598 0.966943 0.00286221 9.9964E-05
9.9982E-05 0.0598943 9.9982E-05 0.0244108 0.136619 0.681225 0.0542531 0.0433981
9.9955E-05 9.9955E-05 9.9955E-05 9.9955E-05 9.9955E-05 0.0142581 0.0306568 0.954585
9.9964E-05 9.9964E-05 0.518773 9.9964E-05 9.9964E-05 0.0332944 0.195365 0.252168
9.994E-05 9.994E-05 9.994E-05 9.994E-05 9.994E-05 9.994E-05 0.9993 9.994E-05
9.994E-05 9.994E-05 9.994E-05 9.994E-05 9.994E-05 9.994E-05 0.9993 9.994E-05
0.0509433 0.0248614 0.577563 0.0560747 0.12116 9.9982E-05 0.169197 9.9982E-05
9.9973E-05 9.9973E-05 0.565126 0.0183859 9.9973E-05 0.00825722 0.127881 0.28005
0.885181 0.0865695 0.00176531 9.9973E-05 0.0186568 9.9973E-05 9.9973E-05 0.00752751
0.317486 0.586778 9.9955E-05 0.0952361 9.9955E-05 9.9955E-05 9.9955E-05 9.9955E-05
0.542033 0.0208734 0.0173087 0.2997 0.119785 9.9973E-05 9.9973E-05 9.9973E-05
0.119709 0.0771163 0.0502339 0.408997 0.19364 0.0991158 9.9991E-05 0.0510878
0.112634 0.156089 0.0263626 0.422316 0.179115 0.0618443 9.9991E-05 0.0415394
0.275626 0.102134 9.9991E-05 0.277711 0.282515 0.00780201 0.0339714 0.0201402
0.321419 0.572314 9.9955E-05 0.105768 9.9955E-05 9.9955E-05 9.9955E-05 9.9955E-05
0.146836 0.143492 0.00414495 0.418395 0.175464 0.0453669 0.00402454 0.0622762
0.216802 0.10565 9.9973E-05 0.247702 0.37067 9.9973E-05 9.9973E-05 0.0588765
0.0792731 0.679793 9.9982E-05 0.129388 9.9982E-05 0.0421806 0.00735861 0.0618075
0.340653 0.112812 9.9973E-05 0.256542 0.263311 9.9973E-05 9.9973E-05 0.0263825
0.0673049 0.620443 9.9973E-05 0.138134 9.9973E-05 0.0586231 9.9973E-05 0.115195
9.9955E-05 0.71358 0.115151 9.9955E-05 9.9955E-05 9.9955E-05 0.17077 9.9955E-05
9.9982E-05 0.55018 0.0792154 0.0730358 0.229216 0.0283832 0.0397699 9.9982E-05
0.298733 0.222191 0.0493175 0.176886 0.181014 0.0461962 9.9991E-05 0.0255619
0.250199 0.277479 0.0758312 0.200385 0.143077 0.0274346 9.9991E-05 0.0254943
0.262019 0.583741 9.9955E-05 0.153739 9.9955E-05 9.9955E-05 9.9955E-05 9.9955E-05
0.324996 0.11244 0.00275155 0.279832 0.227144 0.0526358 9.9982E-05 9.9982E-05
9.9964E-05 0.0294604 0.8449 9.9964E-05 0.0103652 9.9964E-05 9.9964E-05 0.114874
0.900678 0.0601777 0.00911939 9.9964E-05 0.0296255 9.9964E-05 9.9964E-05 9.9964E-05
0.120541 0.137775 9.9991E-05 0.449093 0.153928 0.0598237 0.00667917 0.0720603
0.323561 0.179804 9.9982E-05 0.166744 0.302367 0.00997326 9.9982E-05 0.0173509
0.191736 0.140669 9.9982E-05 0.408868 0.180304 0.0373312 9.9982E-05 0.0408914
0.171331 0.0640114 0.0327459 0.399155 0.269619 0.0629381 9.9982E-05 9.9982E-05
0.047611 0.0352846 9.9982E-05 0.0154078 0.00541612 9.9982E-05 0.16919 0.72689
0.0032606 0.0635973 0.447052 0.0456896 0.0101067 0.0388078 0.0432405 0.348245
0.798322 0.0168633 9.9973E-05 0.0650227 0.0998396 0.0196524 9.9973E-05 9.9973E-05
9.9955E-05 0.0430705 0.921678 9.9955E-05 9.9955E-05 9.9955E-05 9.9955E-05 0.0347512
0.0893528 0.0258154 9.9973E-05 9.9973E-05 0.0201649 9.9973E-05 0.167563 0.696804
9.9955E-05 0.852046 9.9955E-05 9.9955E-05 9.9955E-05 0.0308008 0.116654 9.9955E-05
0.9993 9.994E-05 9.994E-05 9.994E-05 9.994E-05 9.994E-05 9.994E-05 9.994E-05
0.987511 9.9946E-05 9.9946E-05 9.9946E-05 9.9946E-05 0.0118896 9.9946E-05 9.9946E-05
0.881772 9.9973E-05 0.0179213 0.049343 0.0243655 0.0262984 9.9973E-05 9.9973E-05
0.986666 9.9964E-05 9.9964E-05 0.00216108 0.00638711 0.00438615 9.9964E-05 9.9964E-05
0.0369784 0.0684355 0.0633687 9.9991E-05 0.00600294 0.00875746 0.804062 0.0122956
0.818741 9.9973E-05 9.9973E-05 9.9973E-05 0.0668674 0.0446802 0.00693251 0.062479
0.0439751 9.9964E-05 9.9964E-05 0.0233159 9.9964E-05 9.9964E-05 0.211048 0.721261
9.9955E-05 0.04505 9.9955E-05 0.00127044 9.9955E-05 9.9955E-05 9.9955E-05 0.95318
9.9973E-05 9.9973E-05 0.0218167 0.0294928 9.9973E-05 0.0223665 0.0843201 0.841704
0.017018 9.9973E-05 9.9973E-05 9.9973E-05 0.00342263 0.0304122 0.0111367 0.937711
9.9982E-05 9.9982E-05 0.0396415 0.00813115 0.00121468 0.0264663 0.0305219 0.893824
0.0901104 0.162328 0.0240911 0.55279 0.0462928 0.0698193 9.9991E-05 0.054468
0.089937 0.146976 0.023618 0.537395 0.0403081 0.101879 9.9991E-05 0.0597862
9.9964E-05 9.9964E-05 0.0449699 0.920383 9.9964E-05 9.9964E-05 0.010289 0.023958
0.0797937 9.9964E-05 9.9964E-05 0.862391 0.0467499 9.9964E-05 9.9964E-05 0.0106657
0.0104061 9.9973E-05 9.9973E-05 0.941958 0.0154415 0.0257379 9.9973E-05 0.00615617
9.9982E-05 0.499585 0.0481143 0.282781 9.9982E-05 0.0124011 0.130954 0.0259634
9.9955E-05 9.9955E-05 0.0374475 0.944672 9.9955E-05 0.017381 9.9955E-05 9.9955E-05
0.204444 0.0626785 0.254402 0.0994508 0.0383111 0.0149116 0.11941 0.206393
9.9946E-05 9.9946E-05 9.9946E-05 0.998269 0.0011318 9.9946E-05 9.9946E-05 9.9946E-05
9.994E-05 9.994E-05 9.994E-05 0.9993 9.994E-05 9.994E-05 9.994E-05 9.994E-05
0.0210255 9.9964E-05 9.9964E-05 0.941427 0.0284958 0.00865165 9.9964E-05 9.9964E-05
0.0242658 9.9973E-05 0.0235186 0.216238 0.69883 9.9973E-05 9.9973E-05 0.0368472
9.994E-05 9.994E-05 9.994E-05 0.9993 9.994E-05 9.994E-05 9.994E-05 9.994E-05
9.9964E-05 9.9964E-05 9.9964E-05 0.829981 0.14078 0.00881552 9.9964E-05 0.0200235
9.9964E-05 0.0267961 0.884211 0.00352927 9.9964E-05 9.9964E-05 9.9964E-05 0.0850639
0.011576 0.0620725 0.581611 0.0539419 0.00952932 0.0611001 9.9991E-05 0.220069
9.9964E-05 0.131006 0.114373 0.0504624 9.9964E-05 9.9964E-05 9.9964E-05 0.703759
9.9964E-05 9.9964E-05 0.0619431 9.9964E-05 9.9964E-05 0.00178436 0.0641873 0.871685
9.9964E-05 0.713332 0.138984 9.9964E-05 9.9964E-05 9.9964E-05 0.129147 0.0181375
0.00656765 0.0730303 0.0557234 0.0442647 9.9982E-05 0.0455083 9.9982E-05 0.774706
9.9964E-05 9.9964E-05 0.97624 9.9964E-05 0.00456452 0.0105371 9.9964E-05 0.00825851
9.9955E-05 0.0082563 0.919133 9.9955E-05 9.9955E-05 9.9955E-05 9.9955E-05 0.0721106
9.99549E-05 0.796867 0.0424079 9.99549E-05 9.99549E-05 9.99549E-05 0.160226 9.99549E-05
0.0145543 0.167133 0.0344295 0.00696002 9.9982E-05 0.0593949 9.9982E-05 0.717328
0.0299619 0.190178 0.147983 0.0138795 0.022639 0.107634 9.9991E-05 0.487625
9.99821E-05 0.721494 0.00236787 0.0190402 9.99821E-05 0.0639969 0.137107 0.0557938
9.9964E-05 0.810168 0.0184444 0.000811517 9.9964E-05 9.9964E-05 0.170177 9.9964E-05
9.9964E-05 0.691345 0.109514 9.9964E-05 9.9964E-05 9.9964E-05 0.137804 0.0609375
0.0541885 0.0560461 0.526041 9.9982E-05 0.0665522 9.9982E-05 0.0508288 0.246144
9.9964E-05 0.737862 0.0650608 9.9964E-05 9.9964E-05 9.9964E-05 0.195421 0.00125684
9.9964E-05 0.0417858 0.932863 0.0170431 9.9964E-05 9.9964E-05 9.9964E-05 0.00790838
9.99459E-05 0.876089 9.99459E-05 9.99459E-05 9.99459E-05 9.99459E-05 0.123312 9.99459E-05
9.9955E-05 0.925946 9.9955E-05 9.9955E-05 9.9955E-05 0.0116509 0.0619034 9.9955E-05
0.228977 0.375419 9.9982E-05 0.154733 0.134208 0.0626411 0.0438225 9.9982E-05
9.99459E-05 0.747591 9.99459E-05 9.99459E-05 9.99459E-05 9.99459E-05 0.25181 9.99459E-05
9.99459E-05 0.812895 9.99459E-05 9.99459E-05 9.99459E-05 9.99459E-05 0.186505 9.99459E-05
9.9955E-05 0.740323 0.00749156 9.9955E-05 9.9955E-05 9.9955E-05 0.251686 9.9955E-05
0.0327183 0.550536 0.0975486 0.0681606 9.9991E-05 0.0879929 0.00796111 0.154983
9.9955E-05 0.122578 0.750988 9.9955E-05 9.9955E-05 9.9955E-05 9.9955E-05 0.125934
0.016049 0.069051 0.891079 0.0234211 9.9964E-05 9.9964E-05 9.9964E-05 9.9964E-05
0.0181114 0.107398 0.847882 0.0140772 9.9973E-05 9.9973E-05 9.9973E-05 0.0122313
9.9964E-05 0.0317469 0.880003 9.9964E-05 9.9964E-05 0.0107106 9.9964E-05 0.0771399
0.92196 0.0774407 9.9946E-05 9.9946E-05 9.9946E-05 9.9946E-05 9.9946E-05 9.9946E-05
0.229683 0.309304 0.0456274 0.0181859 0.362076 0.0118049 9.9991E-05 0.0232187
9.9982E-05 0.015081 0.129502 9.9982E-05 0.0492769 0.0270138 0.0432935 0.735633
9.9973E-05 9.9973E-05 0.447462 0.0231108 9.9973E-05 0.0182899 0.239187 0.27165
0.0169973 0.606557 0.0868345 0.0176702 0.189895 0.0229183 0.0590276 9.9991E-05
0.0116208 0.582309 0.0872616 0.0143623 0.19628 0.0424063 0.0501904 0.0155696
0.0516816 0.025697 0.00566769 0.0038143 0.00201199 9.9982E-05 9.9982E-05 0.910928
0.0574334 9.9964E-05 9.9964E-05 0.00343112 9.9964E-05 9.9964E-05 0.196544 0.742192
0.0163496 0.0168008 0.256654 0.0569951 0.547934 0.0251761 0.0799902 9.9991E-05
0.072865 0.0876212 0.311408 0.0595783 0.0230333 9.9982E-05 0.445294 9.9982E-05
9.99641E-05 0.0661987 0.119305 9.99641E-05 9.99641E-05 9.99641E-05 0.015337 0.798759
0.0520193 0.535184 0.011773 0.0377359 9.9982E-05 0.100207 9.9982E-05 0.262881
9.9982E-05 0.531134 0.104123 0.0618605 0.197143 0.0491905 0.0563487 9.9982E-05
0.00380143 0.58844 0.0639849 0.11283 9.9982E-05 0.108612 9.9982E-05 0.122132
0.0321127 0.439303 0.0811732 0.0842643 9.9982E-05 0.112643 9.9982E-05 0.250304
9.9955E-05 0.0390557 9.9955E-05 9.9955E-05 9.9955E-05 0.0593136 9.9955E-05 0.901131
0.00490247 0.0219103 0.00159361 9.9982E-05 0.0235452 0.00469362 9.9982E-05 0.943155
9.9955E-05 0.0185373 9.9955E-05 9.9955E-05 0.0128272 9.9955E-05 9.9955E-05 0.968136
0.000709959 9.9982E-05 0.0441277 0.0434212 9.9982E-05 0.0241449 0.0390621 0.848334
9.9964E-05 9.9964E-05 0.0124043 9.9964E-05 9.9964E-05 0.0189356 0.0246698 0.94359
9.9955E-05 9.9955E-05 0.0309855 9.9955E-05 9.9955E-05 9.9955E-05 0.0686177 0.899897
9.9973E-05 0.228378 9.9973E-05 0.0196578 0.0978699 0.145681 9.9973E-05 0.508113
0.0697818 0.404127 0.0440596 0.174741 9.9982E-05 0.107059 9.9982E-05 0.200031
9.9955E-05 9.9955E-05 9.9955E-05 9.9955E-05 0.0245871 9.9955E-05 0.0464107 0.928502
0.0486926 0.48104 0.0412797 0.0965692 9.9982E-05 0.101367 9.9982E-05 0.230851
0.0111757 0.65309 0.0648501 0.0866817 0.0102213 0.0551735 9.9991E-05 0.118707
9.994E-05 9.994E-05 9.994E-05 9.994E-05 0.9993 9.994E-05 9.994E-05 9.994E-05
9.99459E-05 0.029228 9.99459E-05 9.99459E-05 0.970172 9.99459E-05 9.99459E-05 9.99459E-05
9.994E-05 9.994E-05 9.994E-05 9.994E-05 0.9993 9.994E-05 9.994E-05 9.994E-05
9.9946E-05 9.9946E-05 9.9946E-05 9.9946E-05 0.99773 0.00167029 9.9946E-05 9.9946E-05
9.994E-05 9.994E-05 9.994E-05 9.994E-05 0.9993 9.994E-05 9.994E-05 9.994E-05
9.994E-05 9.994E-05 9.994E-05 9.994E-05 0.9993 9.994E-05 9.994E-05 9.994E-05
9.994E-05 9.994E-05 9.994E-05 9.994E-05 0.9993 9.994E-05 9.994E-05 9.994E-05
9.9955E-05 0.907805 9.9955E-05 9.9955E-05 0.0198236 9.9955E-05 0.071872 9.9955E-05
9.9955E-05 0.624098 9.9955E-05 9.9955E-05 9.9955E-05 0.00793261 0.367469 9.9955E-05
0.189454 0.51708 9.9982E-05 0.0862805 0.171183 0.0178124 9.9982E-05 0.01799
0.167436 0.534032 9.9964E-05 0.112538 0.185594 9.9964E-05 9.9964E-05 9.9964E-05
0.0226761 0.0117456 0.0557927 0.0182846 0.034765 0.00177632 0.0108712 0.844088
0.0123971 0.106617 9.9991E-05 0.0183459 0.0231767 0.0583422 0.00457144 0.77645
9.9955E-05 9.9955E-05 9.9955E-05 0.00667321 0.0099185 9.9955E-05 9.9955E-05 0.982909
0.898746 9.9955E-05 9.9955E-05 9.9955E-05 0.0769974 0.023757 9.9955E-05 9.9955E-05
0.670387 9.9946E-05 9.9946E-05 9.9946E-05 0.329014 9.9946E-05 9.9946E-05 9.9946E-05
0.900006 9.9964E-05 9.9964E-05 9.9964E-05 0.0865306 9.9964E-05 9.9964E-05 0.0129637
0.639343 9.9946E-05 9.9946E-05 9.9946E-05 0.360057 9.9946E-05 9.9946E-05 9.9946E-05
0.400505 9.9973E-05 0.0522948 9.9973E-05 0.109924 9.9973E-05 0.435944 0.00103236
0.28759 9.9982E-05 0.00722155 0.193693 0.289148 9.9982E-05 0.203312 0.0188353
0.10079 9.9973E-05 0.0165716 0.0412754 0.806281 9.9973E-05 0.0347813 9.9973E-05
0.63408 9.9946E-05 9.9946E-05 9.9946E-05 0.365321 9.9946E-05 9.9946E-05 9.9946E-05
0.680868 9.9946E-05 9.9946E-05 9.9946E-05 0.318532 9.9946E-05 9.9946E-05 9.9946E-05
0.997039 9.9946E-05 9.9946E-05 9.9946E-05 9.9946E-05 9.9946E-05 9.9946E-05 0.00236115
0.715595 9.9973E-05 9.9973E-05 0.0263931 0.218091 9.9973E-05 0.0327068 0.00691354
0.0199627 0.0538724 0.30158 0.17405 0.0694042 0.118248 0.12162 0.141263
9.9964E-05 9.9964E-05 9.9964E-05 9.9964E-05 0.00580768 0.015221 0.00615046 0.972421
0.00129995 0.923166 9.9973E-05 9.9973E-05 0.00614294 9.9973E-05 0.0674193 0.00167207
0.03629 0.0356158 0.197355 0.0174378 9.9991E-05 0.0597877 0.0233512 0.630062
9.9964E-05 0.737099 0.131641 9.9964E-05 9.9964E-05 9.9964E-05 0.113958 0.0169023
0.887444 0.0475129 0.0136652 9.9991E-05 0.00773527 0.000151176 0.0293664 0.0140249
0.0463387 9.9982E-05 9.9982E-05 0.056904 0.85356 0.0136612 0.0115337 0.0178019
0.594076 0.0663486 9.9982E-05 0.0584679 0.228909 0.00103417 9.9982E-05 0.0509648
0.0621442 0.526679 0.0149168 0.0467634 9.9982E-05 0.0889619 9.9982E-05 0.260335
0.0893017 0.533931 0.0599007 0.0909645 9.9991E-05 0.115828 0.0358382 0.0741358
0.0081682 0.0131524 0.325426 0.0188683 0.0069483 0.0491614 0.0547746 0.523501
9.99459E-05 0.214571 9.99459E-05 9.99459E-05 9.99459E-05 9.99459E-05 0.784829 9.99459E-05
0.106497 9.9982E-05 0.0387833 0.728698 0.034759 0.0546417 9.9982E-05 0.0364204
0.092157 0.0100457 9.9991E-05 0.822726 0.016277 0.021065 0.0183492 0.0192805
9.9955E-05 9.9955E-05 9.9955E-05 0.969195 0.0162001 0.014105 9.9955E-05 9.9955E-05
0.0372002 9.9964E-05 9.9964E-05 0.906733 0.0349046 9.9964E-05 0.0207628 9.9964E-05
9.9946E-05 9.9946E-05 9.9946E-05 0.95373 0.0456703 9.9946E-05 9.9946E-05 9.9946E-05
0.0296091 9.9973E-05 9.9973E-05 0.783398 0.112335 0.041166 9.9973E-05 0.0331913
9.9964E-05 0.850578 9.9964E-05 9.9964E-05 0.0250136 0.0263589 0.0976493 9.9964E-05
0.273094 0.0648485 9.9982E-05 0.134653 0.424929 0.0619558 9.9982E-05 0.0403204
0.792375 9.9982E-05 9.9982E-05 0.0496331 0.112917 0.00583897 0.00391544 0.0351205
0.9993 9.994E-05 9.994E-05 9.994E-05 9.994E-05 9.994E-05 9.994E-05 9.994E-05
0.970975 9.9964E-05 9.9964E-05 0.00119785 0.0082343 0.0191927 9.9964E-05 9.9964E-05
0.705846 9.9955E-05 9.9955E-05 9.9955E-05 0.291369 9.9955E-05 9.9955E-05 0.00228529
9.994E-05 9.994E-05 9.994E-05 0.9993 9.994E-05 9.994E-05 9.994E-05 9.994E-05
9.9955E-05 9.9955E-05 9.9955E-05 0.960214 0.0181845 9.9955E-05 9.9955E-05 0.0211019
0.0389774 9.9973E-05 0.0100502 0.295934 0.649704 9.9973E-05 9.9973E-05 0.00503539
9.9964E-05 9.9964E-05 0.00683096 0.293898 0.680487 0.0183842 9.9964E-05 9.9964E-05
0.0361436 9.9955E-05 9.9955E-05 0.919864 0.0434929 9.9955E-05 9.9955E-05 9.9955E-05
0.0121747 9.9964E-05 9.9964E-05 0.145614 0.820294 9.9964E-05 9.9964E-05 0.0215169
0.0385021 9.9982E-05 0.0335592 0.086619 0.494743 9.9982E-05 0.0271302 0.319246
9.9973E-05 0.081923 0.085666 9.9973E-05 9.9973E-05 0.00789151 0.0408453 0.783374
9.9973E-05 9.9973E-05 0.143916 0.0219946 0.0231975 9.9973E-05 0.0794665 0.731125
9.9973E-05 9.9973E-05 0.0828924 9.9973E-05 0.0166411 0.0455757 0.0308946 0.823696
9.9973E-05 9.9973E-05 0.0125379 9.9973E-05 0.0141872 0.0253687 0.0485343 0.899072
9.99459E-05 9.99459E-05 9.99459E-05 0.989814 9.99459E-05 9.99459E-05 0.00958672 9.99459E-05
9.9955E-05 9.9955E-05 0.00223011 0.996576 9.9955E-05 9.9955E-05 0.000694513 9.9955E-05
9.9964E-05 9.9964E-05 0.00720822 0.288508 0.680572 9.9964E-05 9.9964E-05 0.0233118
9.9946E-05 9.9946E-05 9.9946E-05 0.540748 0.458653 9.9946E-05 9.9946E-05 9.9946E-05
9.9946E-05 9.9946E-05 9.9946E-05 0.98859 9.9946E-05 9.9946E-05 0.0108103 9.9946E-05
0.0229814 0.0522507 9.9964E-05 0.911718 9.9964E-05 0.0126499 9.9964E-05 9.9964E-05
9.9946E-05 9.9946E-05 9.9946E-05 0.992687 0.0067133 9.9946E-05 9.9946E-05 9.9946E-05
9.9964E-05 0.00947468 9.9964E-05 0.218826 0.763051 9.9964E-05 9.9964E-05 0.00824816
9.9955E-05 9.9955E-05 9.9955E-05 9.9955E-05 9.9955E-05 0.00499706 0.903261 0.0912417
9.9973E-05 0.0332031 0.213853 9.9973E-05 0.03154 0.0112133 0.709891 9.9973E-05
9.99731E-05 0.0105304 0.045213 9.99731E-05 9.99731E-05 0.0216853 0.916806 0.00546485
9.9982E-05 0.0110247 9.9982E-05 0.0471325 0.0371936 0.00360506 0.842863 0.0579809
0.31688 0.122219 0.000832347 0.380855 0.156161 9.9991E-05 0.00940311 0.0135498
0.355096 0.0881789 9.9973E-05 0.35111 0.198508 9.9973E-05 9.9973E-05 0.00680691
0.479531 9.9973E-05 0.0116789 0.279452 0.200096 9.9973E-05 0.0289422 9.9973E-05
0.523157 0.0452233 0.0112647 0.261017 0.12129 9.9982E-05 0.0378481 9.9982E-05
0.0858463 0.122511 0.0325729 0.490035 0.0689142 0.0938195 9.9991E-05 0.106202
0.410353 0.424159 9.9973E-05 0.0270658 0.128647 0.00947571 9.9973E-05 9.9973E-05
9.9955E-05 9.9955E-05 0.00838929 0.969954 9.9955E-05 9.9955E-05 0.0211566 9.9955E-05
9.9955E-05 9.9955E-05 0.00398496 0.0953452 0.90017 9.9955E-05 9.9955E-05 9.9955E-05
9.9964E-05 9.9964E-05 9.9964E-05 0.0974639 0.85283 0.0114568 0.0378493 9.9964E-05
0.0378905 0.434082 0.0371384 0.00748505 9.99911E-05 0.0173258 0.0312391 0.434739
0.0907584 0.663742 0.0134864 9.9991E-05 0.0526674 0.0420613 0.10775 0.0294341
0.00821196 0.0529987 0.097419 9.9982E-05 9.9982E-05 0.00110114 0.00236497 0.837704
0.00168922 0.00402018 0.894206 9.9982E-05 0.0215245 0.0137808 9.9982E-05 0.0645792
9.9973E-05 9.9973E-05 0.682177 9.9973E-05 0.00172158 0.0537987 0.00609551 0.255907
0.000409637 9.9982E-05 0.43789 0.0563008 9.9982E-05 0.0114672 0.0461446 0.447588
0.0166403 0.1937 9.9982E-05 0.0439461 9.9982E-05 0.0287231 0.351674 0.365116
9.9946E-05 9.9946E-05 0.121633 9.9946E-05 9.9946E-05 9.9946E-05 9.9946E-05 0.877767
9.9964E-05 0.0142364 0.0435264 0.0252596 9.9964E-05 9.9964E-05 9.9964E-05 0.916578
9.9964E-05 0.0329108 0.0388074 0.0697485 9.9964E-05 9.9964E-05 9.9964E-05 0.858134
0.00926977 9.9973E-05 0.0832914 0.00153507 9.9973E-05 0.021845 9.9973E-05 0.883759
0.0843398 0.218651 0.066867 0.394135 0.0801787 0.0661377 9.9991E-05 0.0895913
0.0236721 0.154792 0.000610773 0.264913 0.0952008 0.018507 0.0598025 0.382502
0.169284 0.172477 9.99821E-05 0.237808 0.171886 0.0198885 9.99821E-05 0.228457
0.137867 0.224526 9.9982E-05 0.440032 0.143583 0.0180459 9.9982E-05 0.0357466
0.0243601 0.0666997 0.0718348 0.0240474 0.0519639 0.0359924 0.184413 0.540689
0.0126811 0.0114357 9.9982E-05 9.9982E-05 0.00245485 0.0219217 0.0289445 0.922362
0.0659061 0.0602676 9.9973E-05 0.0105596 0.850001 9.9973E-05 9.9973E-05 0.0129657
9.9973E-05 0.107947 0.062388 0.0411382 9.9973E-05 0.0627353 9.9973E-05 0.725491
9.9973E-05 9.9973E-05 0.874274 0.00373863 0.0230016 9.9973E-05 0.00220834 0.0964773
0.00045468 9.99731E-05 0.911988 9.99731E-05 0.00689938 0.0107438 0.0696145 9.99731E-05
9.9964E-05 9.9964E-05 0.0484529 9.9964E-05 0.00961104 9.9964E-05 0.00410144 0.937435
9.9982E-05 0.210956 0.0117986 0.11921 0.0345108 0.506188 9.9982E-05 0.117136
0.0134609 0.0570989 0.358031 0.00280721 0.0136357 0.0155726 0.0647566 0.474637
9.9955E-05 0.0268733 0.899807 9.9955E-05 9.9955E-05 9.9955E-05 9.9955E-05 0.0728196
9.9982E-05 0.13432 0.176835 0.0453947 0.00864524 0.00523106 9.9982E-05 0.629374
0.00600423 0.177489 0.0451812 0.0754874 0.043278 0.496033 0.0475696 0.108958
9.994E-05 9.994E-05 9.994E-05 9.994E-05 9.994E-05 0.9993 9.994E-05 9.994E-05
0.746844 0.0372164 9.9973E-05 0.069484 0.126883 9.9973E-05 9.9973E-05 0.0192732
0.0672323 0.0277735 0.613377 0.00929508 0.038039 0.0237507 0.168817 0.0517149
9.9973E-05 0.555014 0.104771 0.0666248 0.230556 0.0427341 9.9973E-05 9.9973E-05
0.0259288 0.795033 9.9991E-05 0.0163674 0.00675922 0.0259645 0.0827711 0.047076
9.9973E-05 0.774211 9.9973E-05 9.9973E-05 0.0534687 0.0126823 0.108762 0.0505768
