0.224437 0.341118 0.434445
0.094936 0.653047 0.252017
0.106452 0.607767 0.285782
0.218528 0.337464 0.444008
9.999E-05 0.9998 9.999E-05
0.110513 0.62603 0.263458
0.652072 0.00411211 0.343816
0.9998 9.999E-05 9.999E-05
0.9998 9.999E-05 9.999E-05
0.9998 9.999E-05 9.999E-05
0.000401688 0.0733936 0.926205
0.00886268 9.9991E-05 0.991037
9.999E-05 9.999E-05 0.9998
9.999E-05 9.999E-05 0.9998
0.0396266 0.0400635 0.92031
0.9998 9.999E-05 9.999E-05
0.246155 0.068772 0.685073
9.999E-05 9.999E-05 0.9998
0.0568333 0.0437751 0.899392
0.000782914 9.9991E-05 0.999117
0.0554626 9.9991E-05 0.944437
0.0108359 9.9991E-05 0.989064
9.999E-05 9.999E-05 0.9998
0.0157091 9.9991E-05 0.984191
9.999E-05 9.999E-05 0.9998
9.999E-05 9.999E-05 0.9998
9.999E-05 9.999E-05 0.9998
9.9991E-05 0.0531399 0.94676
9.999E-05 9.999E-05 0.9998
9.999E-05 9.999E-05 0.9998
9.999E-05 9.999E-05 0.9998
9.999E-05 9.999E-05 0.9998
9.999E-05 9.999E-05 0.9998
0.0154212 9.9991E-05 0.984479
9.999E-05 9.999E-05 0.9998
9.999E-05 9.999E-05 0.9998
9.999E-05 9.999E-05 0.9998
9.999E-05 9.999E-05 0.9998
0.228086 0.459502 0.312413
9.999E-05 0.9998 9.999E-05
0.00711128 0.128448 0.864441
9.999E-05 9.999E-05 0.9998
9.999E-05 9.999E-05 0.9998
0.112839 0.569404 0.317757
0.102154 0.00426968 0.893576
0.0512979 9.9991E-05 0.948602
0.0295073 0.016227 0.954266
0.0367831 0.708613 0.254604
0.132912 0.732177 0.134912
0.298104 0.139929 0.561967
0.25202 0.1036 0.64438
0.229117 0.113484 0.657399
0.308934 0.0997249 0.591341
0.984564 0.0057674 0.0096687
0.990038 0.00986228 9.9991E-05
0.101031 9.9991E-05 0.898869
9.999E-05 9.999E-05 0.9998
0.164062 0.364214 0.471724
9.999E-05 0.9998 9.999E-05
0.0389393 0.864198 0.0968623
0.197461 0.0921326 0.710406
0.228248 0.123151 0.648602
0.203053 0.157437 0.63951
0.9998 9.999E-05 9.999E-05
9.999E-05 0.9998 9.999E-05
0.167395 0.101845 0.73076
0.256527 0.337685 0.405789
9.999E-05 9.999E-05 0.9998
9.999E-05 9.999E-05 0.9998
0.866159 0.0783571 0.0554835
0.863616 0.0402581 0.0961255
0.918482 9.9991E-05 0.0814182
0.996041 0.00385916 9.9991E-05
0.997397 9.9991E-05 0.00250272
0.9998 9.999E-05 9.999E-05
0.9998 9.999E-05 9.999E-05
0.9998 9.999E-05 9.999E-05
0.9998 9.999E-05 9.999E-05
0.9998 9.999E-05 9.999E-05
0.981255 9.9991E-05 0.0186454
0.995399 9.9991E-05 0.00450141
0.9998 9.999E-05 9.999E-05
0.553944 9.9991E-05 0.445956
0.568089 9.9991E-05 0.431811
0.9998 9.999E-05 9.999E-05
0.9998 9.999E-05 9.999E-05
0.990187 0.00971261 9.9991E-05
0.978869 0.0180519 0.00307882
0.9998 9.999E-05 9.999E-05
0.535996 9.9991E-05 0.463904
0.921431 0.026021 0.0525477
0.982592 0.0144576 0.00294994
0.9998 9.999E-05 9.999E-05
0.968934 0.0309662 9.9991E-05
0.938239 0.0119886 0.049772
0.9998 9.999E-05 9.999E-05
0.000938349 0.204614 0.794448
0.975819 0.0156248 0.0085562
0.9998 9.999E-05 9.999E-05
0.775617 0.118299 0.106084
0.9998 9.999E-05 9.999E-05
0.9998 9.999E-05 9.999E-05
0.9998 9.999E-05 9.999E-05
0.994151 9.9991E-05 0.00574925
9.9991E-05 0.0184771 0.981423
0.9998 9.999E-05 9.999E-05
0.9998 9.999E-05 9.999E-05
0.9998 9.999E-05 9.999E-05
0.0100984 0.00453026 0.985371
0.970127 0.0148081 0.0150652
0.9998 9.999E-05 9.999E-05
0.993903 9.9991E-05 0.0059975
0.9998 9.999E-05 9.999E-05
0.0147925 9.9991E-05 0.985108
0.9998 9.999E-05 9.999E-05
0.973599 0.0263007 9.9991E-05
0.505543 9.9991E-05 0.494357
0.9998 9.999E-05 9.999E-05
0.0234954 9.9991E-05 0.976405
9.9991E-05 0.0108794 0.989021
0.0312199 0.0375359 0.931244
0.0132966 0.0165808 0.970123
0.219837 0.142108 0.638054
0.0271844 9.9991E-05 0.972716
0.0601699 0.0913307 0.848499
0.027188 9.9991E-05 0.972712
9.9991E-05 0.0114746 0.988425
0.0204916 0.00578904 0.973719
9.9991E-05 0.0606028 0.939297
9.9991E-05 0.0411471 0.958753
0.0179344 0.0116026 0.970463
0.0513296 0.00621171 0.942459
0.0301346 0.034173 0.935692
0.0576548 0.0454395 0.896906
0.0827692 0.833304 0.0839268
0.132048 0.776431 0.0915208
0.0240353 0.930392 0.0455731
0.186622 0.104136 0.709242
0.12665 0.78764 0.0857099
0.12735 0.788915 0.0837349
0.150263 0.110165 0.739572
0.0800738 0.86036 0.0595659
0.0626317 0.801972 0.135396
0.0684015 0.86444 0.0671589
0.121593 0.666338 0.21207
0.137419 0.705964 0.156617
0.0338073 0.831482 0.134711
0.235044 0.162198 0.602758
0.0202014 0.974049 0.00574921
0.00615225 9.9991E-05 0.993748
0.00211325 0.030506 0.967381
9.9991E-05 0.982088 0.0178118
0.169794 0.280772 0.549434
0.175534 0.163125 0.661341
0.00986851 0.151185 0.838946
0.0136776 0.0325262 0.953796
0.0702166 0.251811 0.677973
0.187914 0.147384 0.664701
0.0869873 0.731156 0.181856
0.238944 0.125777 0.635279
0.225744 0.25204 0.522216
9.999E-05 9.999E-05 0.9998
0.0246109 0.930696 0.0446928
9.9991E-05 0.456672 0.543228
0.00634551 0.970765 0.0228897
0.123045 0.195239 0.681716
9.999E-05 0.9998 9.999E-05
0.130207 0.122755 0.747037
9.9991E-05 0.901672 0.0982278
0.0215057 0.903632 0.0748622
9.9991E-05 0.0733271 0.926573
0.0304827 0.320591 0.648926
0.0565151 0.133853 0.809632
0.158703 0.658707 0.18259
0.138941 0.697839 0.16322
0.180392 0.619417 0.200191
0.18054 0.6059 0.21356
9.9991E-05 0.0162243 0.983676
9.9991E-05 0.0292843 0.970616
0.0305957 0.014565 0.954839
0.0970809 0.789343 0.113576
0.257579 0.257364 0.485057
0.246778 0.161111 0.592111
0.0353409 0.0226088 0.94205
0.108244 0.064792 0.826964
0.0598899 0.0978412 0.842269
0.192703 0.160999 0.646298
0.247051 0.249779 0.50317
0.000596077 9.9991E-05 0.999304
0.0644735 0.00160852 0.933918
9.999E-05 0.9998 9.999E-05
9.9991E-05 0.9843 0.0155995
9.9991E-05 0.965652 0.0342484
0.123698 0.781352 0.0949495
0.159943 0.565519 0.274537
0.190587 0.543359 0.266054
0.0193867 0.034565 0.946048
0.0275821 0.074638 0.89778
9.999E-05 9.999E-05 0.9998
0.172664 0.107489 0.719847
9.999E-05 0.9998 9.999E-05
9.999E-05 0.9998 9.999E-05
9.999E-05 0.9998 9.999E-05
9.999E-05 0.9998 9.999E-05
9.999E-05 0.9998 9.999E-05
9.9991E-05 0.136508 0.863392
0.167473 0.675111 0.157416
0.17927 0.0715093 0.749221
0.0290169 0.101067 0.869916
9.9991E-05 0.0811139 0.918786
0.00815333 9.9991E-05 0.991747
0.0466479 0.00489224 0.94846
0.0701558 0.0242906 0.905554
9.9991E-05 0.996262 0.00363804
9.999E-05 0.9998 9.999E-05
0.101304 0.648868 0.249827
9.999E-05 0.9998 9.999E-05
9.999E-05 0.9998 9.999E-05
0.017363 0.460622 0.522015
9.9991E-05 0.963114 0.0367863
9.9991E-05 0.986489 0.0134108
0.171661 0.498638 0.3297
0.194644 0.099351 0.706005
9.9991E-05 0.907019 0.0928813
0.475571 0.151493 0.372936
9.9991E-05 0.878146 0.121754
9.999E-05 0.9998 9.999E-05
0.0203436 0.0289878 0.950669
9.9991E-05 0.326659 0.673241
0.200439 0.0420046 0.757556
0.275673 0.197556 0.526771
9.999E-05 9.999E-05 0.9998
0.244341 0.0965779 0.659081
0.174995 0.104913 0.720091
0.126445 0.136754 0.736802
0.30916 0.126417 0.564423
0.159235 0.173583 0.667182
0.194214 0.0750699 0.730716
0.169215 0.484894 0.345891
9.999E-05 9.999E-05 0.9998
9.9991E-05 0.105727 0.894173
0.9998 9.999E-05 9.999E-05
0.00742716 0.0938372 0.898736
9.999E-05 9.999E-05 0.9998
0.0629773 0.0743893 0.862633
9.999E-05 9.999E-05 0.9998
0.0497857 0.0450132 0.905201
9.9991E-05 0.0169658 0.982934
0.30572 0.136989 0.557291
0.167823 0.133557 0.698619
0.159284 0.0890936 0.751622
9.9991E-05 0.00917004 0.99073
9.999E-05 0.9998 9.999E-05
9.999E-05 9.999E-05 0.9998
0.288049 0.181806 0.530145
9.999E-05 9.999E-05 0.9998
9.999E-05 0.9998 9.999E-05
0.213316 0.0744856 0.712199
0.9998 9.999E-05 9.999E-05
0.778 0.110151 0.111848
0.00906833 9.9991E-05 0.990832
0.0497075 9.9991E-05 0.950192
0.211841 0.0886642 0.699495
0.177464 0.0836143 0.738921
0.0302591 0.216083 0.753658
0.0114113 9.9991E-05 0.988489
9.999E-05 0.9998 9.999E-05
0.171824 0.555398 0.272777
0.0215717 0.940244 0.0381844
0.189677 0.623531 0.186792
0.19431 0.599995 0.205695
0.11532 0.787217 0.0974632
0.163528 0.583639 0.252834
0.163978 0.645131 0.190891
0.0772438 0.79273 0.130026
0.245195 0.310332 0.444472
0.031844 0.825433 0.142723
0.253135 0.325528 0.421337
0.284718 0.084736 0.630546
0.228198 0.361006 0.410796
0.149962 0.67148 0.178558
0.142211 0.575322 0.282468
0.191337 0.550851 0.257812
0.113892 0.785772 0.100336
9.999E-05 9.999E-05 0.9998
9.999E-05 0.9998 9.999E-05
0.194659 0.592731 0.212611
0.129213 0.806054 0.0647323
0.168709 0.698541 0.13275
0.15938 0.698604 0.142017
9.9991E-05 0.0944558 0.905444
0.0684304 0.0571581 0.874411
0.00297116 0.996929 9.9991E-05
9.999E-05 9.999E-05 0.9998
9.9991E-05 0.120598 0.879302
0.300456 0.181747 0.517797
9.999E-05 0.9998 9.999E-05
9.999E-05 0.9998 9.999E-05
0.00332272 0.996577 9.9991E-05
9.999E-05 0.9998 9.999E-05
0.168359 0.135766 0.695875
0.0172311 0.936005 0.0467641
9.9991E-05 0.105948 0.893952
9.999E-05 9.999E-05 0.9998
0.0121585 9.9991E-05 0.987742
0.0148278 0.00554106 0.979631
0.011168 9.9991E-05 0.988732
0.204762 0.538593 0.256644
0.229677 0.52541 0.244912
0.164394 0.591706 0.2439
0.146809 0.7223 0.130891
0.174187 0.682544 0.143269
0.269294 0.27846 0.452246
0.192895 0.596828 0.210277
0.0582479 0.367887 0.573865
0.169564 0.701421 0.129015
0.179867 0.73567 0.0844628
0.205275 0.704118 0.090607
0.103644 0.759499 0.136858
0.204903 0.694741 0.100356
0.151104 0.676843 0.172053
9.999E-05 9.999E-05 0.9998
0.0583185 0.0530482 0.888633
0.0320915 0.0128273 0.955081
0.0169652 9.9991E-05 0.982935
0.220474 0.100196 0.67933
0.0480058 0.0615531 0.890441
0.00157439 9.9991E-05 0.998326
9.999E-05 9.999E-05 0.9998
0.277511 0.142197 0.580292
0.0846628 0.0444169 0.87092
0.142583 0.0785191 0.778897
0.330958 0.156895 0.512148
0.276878 0.154255 0.568867
0.228459 0.138718 0.632823
0.0127394 0.118757 0.868504
0.255552 0.125585 0.618862
0.00392656 9.9991E-05 0.995973
0.28598 0.211316 0.502704
0.318392 0.205903 0.475705
0.19668 0.604053 0.199268
0.273015 0.111003 0.615983
0.311517 0.13566 0.552823
0.274416 0.129186 0.596398
0.268097 0.204064 0.527839
9.9991E-05 0.00426241 0.995638
9.9991E-05 0.0283955 0.971505
0.0327175 0.00292263 0.96436
9.999E-05 9.999E-05 0.9998
9.9991E-05 0.999626 0.000274393
0.12113 0.643435 0.235435
0.0239234 0.00877253 0.967304
0.0706474 9.9991E-05 0.929253
0.269114 0.312972 0.417914
0.234578 0.336991 0.428431
9.9991E-05 0.0760128 0.923887
9.9991E-05 0.0959322 0.903968
0.0759915 0.525105 0.398904
0.0790782 0.214711 0.706211
9.999E-05 9.999E-05 0.9998
0.251575 0.182062 0.566363
0.263664 0.320524 0.415813
0.288388 0.185001 0.526611
0.237274 0.207712 0.555014
0.0474426 0.00441666 0.948141
9.9991E-05 0.0642194 0.935681
9.999E-05 9.999E-05 0.9998
0.0213611 0.00544741 0.973191
0.0141692 9.9991E-05 0.985731
9.999E-05 9.999E-05 0.9998
0.208699 0.131106 0.660195
0.237865 0.279941 0.482194
9.999E-05 9.999E-05 0.9998
0.251133 0.218765 0.530102
0.257919 0.215935 0.526146
0.0772027 0.838135 0.0846625
0.0832168 0.845597 0.0711861
0.0830047 0.829023 0.0879727
0.0997444 0.825908 0.0743481
0.0670894 0.856763 0.0761475
0.0767587 0.85512 0.0681211
0.117995 0.822576 0.0594291
0.302169 0.225352 0.472479
0.319435 0.156514 0.524052
0.174171 0.545009 0.28082
0.196547 0.544442 0.259011
9.9991E-05 0.0649617 0.934938
0.0609305 0.0706536 0.868416
9.999E-05 9.999E-05 0.9998
9.999E-05 0.9998 9.999E-05
9.999E-05 0.9998 9.999E-05
9.999E-05 0.9998 9.999E-05
9.999E-05 0.9998 9.999E-05
0.0475998 0.557902 0.394499
0.046858 0.692608 0.260534
0.0915013 0.819128 0.0893704
9.999E-05 0.9998 9.999E-05
9.999E-05 0.9998 9.999E-05
9.999E-05 0.9998 9.999E-05
9.999E-05 0.9998 9.999E-05
0.170385 0.236932 0.592683
9.999E-05 9.999E-05 0.9998
0.299206 0.220143 0.480651
0.0459738 0.0574407 0.896586
0.209084 0.106406 0.68451
9.9991E-05 0.968948 0.0309524
0.100314 0.779749 0.119937
0.0430314 0.878935 0.0780336
0.269999 0.200674 0.529327
0.295067 0.297664 0.407269
0.0480049 0.0409124 0.911083
0.220491 0.0854683 0.694041
0.207761 0.648494 0.143745
0.178082 0.662151 0.159768
0.170887 0.684964 0.144149
0.199544 0.692242 0.108214
0.185901 0.692662 0.121438
0.19435 0.669954 0.135695
0.308233 0.1887 0.503067
0.134327 0.748089 0.117584
9.9991E-05 0.977203 0.022697
9.999E-05 0.9998 9.999E-05
9.999E-05 0.9998 9.999E-05
0.0107007 0.989199 9.9991E-05
0.175419 0.701044 0.123537
0.189477 0.677272 0.133252
0.0997536 0.808041 0.0922053
0.12199 0.75372 0.12429
0.133065 0.751531 0.115404
0.0799387 0.804055 0.116006
0.0275779 0.525931 0.446491
0.0104737 9.9991E-05 0.989426
9.9991E-05 0.0213275 0.978572
9.999E-05 9.999E-05 0.9998
0.0122348 9.9991E-05 0.987665
0.187595 0.644656 0.167749
0.17958 0.657214 0.163206
0.109621 0.74587 0.144508
0.149889 0.719237 0.130875
0.208539 0.659369 0.132093
0.203012 0.672409 0.124579
0.171736 0.738263 0.0900013
0.117526 0.74881 0.133664
0.170138 0.0880897 0.741772
0.175245 0.0780145 0.746741
0.216089 0.0383534 0.745558
0.210291 0.098499 0.69121
0.0604516 0.780859 0.15869
0.0574513 0.857468 0.0850807
0.0221295 0.892625 0.0852452
0.0114114 0.906475 0.0821136
0.208643 0.490049 0.301309
0.15564 0.719333 0.125027
0.182379 0.647102 0.170519
0.10674 0.796907 0.0963532
0.0994585 0.777618 0.122924
0.156678 0.128253 0.71507
0.236053 0.272827 0.49112
9.999E-05 9.999E-05 0.9998
9.999E-05 9.999E-05 0.9998
0.0252252 9.9991E-05 0.974675
0.0177598 0.00548669 0.976754
0.141497 0.1196 0.738903
9.999E-05 9.999E-05 0.9998
9.9991E-05 0.00487834 0.995022
9.9991E-05 0.0418619 0.958038
9.999E-05 9.999E-05 0.9998
0.180413 0.477924 0.341662
0.1063 0.316859 0.576841
0.0858246 0.538991 0.375185
0.165512 0.627723 0.206765
0.0902144 0.12148 0.788306
0.000848609 0.014016 0.985135
0.107108 0.825356 0.067536
0.0915273 0.0290449 0.879428
9.999E-05 9.999E-05 0.9998
0.0204094 9.9991E-05 0.979491
9.999E-05 9.999E-05 0.9998
0.585821 0.143593 0.270587
9.9991E-05 0.0326926 0.967207
9.999E-05 9.999E-05 0.9998
0.0515552 0.0131061 0.935339
0.595134 0.119419 0.285447
0.9998 9.999E-05 9.999E-05
9.9991E-05 0.980105 0.0197949
0.0433499 0.102781 0.853869
0.230202 0.356011 0.413786
0.287734 0.229383 0.482883
0.254392 0.200159 0.545449
0.030568 9.9991E-05 0.969332
9.9991E-05 0.984976 0.0149236
0.193614 0.546082 0.260304
0.196441 0.0750944 0.728464
9.999E-05 9.999E-05 0.9998
0.240663 0.109682 0.649655
0.255614 0.32876 0.415626
0.245576 0.328037 0.426387
0.0412005 0.722118 0.236681
9.9991E-05 0.862244 0.137656
0.150619 0.535673 0.313708
0.243859 0.278633 0.477507
9.999E-05 9.999E-05 0.9998
9.999E-05 9.999E-05 0.9998
0.242996 0.154892 0.602112
0.111858 0.642437 0.245705
0.26982 0.228289 0.501891
9.999E-05 9.999E-05 0.9998
0.180079 0.543118 0.276803
0.104604 0.256699 0.638697
0.222268 0.646417 0.131315
0.179193 0.15275 0.668057
0.160614 0.0860707 0.753315
0.281007 0.147246 0.571748
9.999E-05 9.999E-05 0.9998
9.9991E-05 0.0311805 0.96872
9.999E-05 9.999E-05 0.9998
9.999E-05 9.999E-05 0.9998
0.11552 0.13794 0.746541
0.0375591 0.0203425 0.942098
9.9991E-05 0.0409676 0.958932
0.258817 0.313464 0.427719
9.9991E-05 0.993652 0.00624804
9.999E-05 0.9998 9.999E-05
0.00936035 9.9991E-05 0.99054
9.999E-05 0.9998 9.999E-05
0.983309 0.00522412 0.0114668
0.9998 9.999E-05 9.999E-05
0.521057 0.218385 0.260558
9.9991E-05 0.0950006 0.904899
0.9998 9.999E-05 9.999E-05
0.9998 9.999E-05 9.999E-05
0.9998 9.999E-05 9.999E-05
0.9998 9.999E-05 9.999E-05
0.9998 9.999E-05 9.999E-05
9.999E-05 9.999E-05 0.9998
0.288427 0.234541 0.477031
0.222684 0.0990676 0.678249
0.197703 0.0902104 0.712087
0.00376972 9.9991E-05 0.99613
0.0659567 9.9991E-05 0.933943
0.273552 0.228313 0.498136
0.270628 0.094612 0.63476
0.12876 0.137085 0.734155
0.312037 0.1606 0.527363
0.99167 9.9991E-05 0.00823002
0.0295516 0.172316 0.798132
0.00437677 0.0551468 0.940476
0.0316154 0.0210254 0.947359
0.0527277 0.0956084 0.851664
9.999E-05 9.999E-05 0.9998
0.0773403 0.0146923 0.907967
9.999E-05 0.9998 9.999E-05
0.0791576 0.345442 0.5754
0.15475 0.0719236 0.773326
