9.9991E-05 0.0500927 0.226977 0.0483429 0.0276921 0.630597 0.0161978
9.999E-05 0.308868 0.348576 0.0643999 0.0180952 0.253278 0.00668354
0.0387279 0.313135 0.287289 0.084091 0.0345756 0.199911 0.04227
9.999E-05 0.0286678 0.241703 0.023084 0.0231246 0.667872 0.015448
9.999E-05 0.9153 0.0151972 0.0154103 0.015873 0.0160054 0.0221138
0.0696966 0.255341 0.372241 0.0457599 0.0280322 0.228829 9.9991E-05
0.0270543 9.9973E-05 9.9973E-05 0.108727 9.9973E-05 0.353596 0.510323
9.9964E-05 9.9964E-05 0.0232015 9.9964E-05 9.9964E-05 0.00325449 0.973144
0.00311552 9.9964E-05 0.0243977 9.9964E-05 9.9964E-05 9.9964E-05 0.972087
9.9955E-05 9.9955E-05 9.9955E-05 9.9955E-05 0.0010996 9.9955E-05 0.998401
9.9982E-05 0.0531312 0.0115752 0.828915 0.0056538 0.100525 9.9982E-05
0.000870113 9.9973E-05 9.9973E-05 0.953915 9.9973E-05 0.0190374 0.0258781
9.9973E-05 9.9973E-05 0.00319158 0.942383 9.9973E-05 0.0221078 0.0320178
9.9964E-05 9.9964E-05 0.0100526 0.989182 9.9964E-05 0.000365037 9.9964E-05
0.833013 9.9964E-05 9.9964E-05 9.9964E-05 0.0645101 0.102077 9.9964E-05
0.00418656 9.9964E-05 9.9964E-05 9.9964E-05 9.9964E-05 0.000431588 0.994982
9.9955E-05 9.9955E-05 9.9955E-05 0.200546 9.9955E-05 0.798954 9.9955E-05
0.90636 9.9964E-05 9.9964E-05 0.0735995 9.9964E-05 9.9964E-05 0.0196407
0.599798 9.9973E-05 9.9973E-05 0.202601 0.0658708 0.13143 9.9973E-05
0.381231 9.9973E-05 9.9973E-05 0.580476 0.00152707 9.9973E-05 0.0364666
0.843473 9.9982E-05 9.9982E-05 0.037574 0.0191488 0.0711609 0.0284431
0.0803371 0.00718787 9.9973E-05 0.895364 9.9973E-05 9.9973E-05 0.0168115
0.90731 9.9964E-05 9.9964E-05 0.0764096 9.9964E-05 9.9964E-05 0.0158801
0.140146 9.9991E-05 0.0124192 0.795284 0.0121196 0.0364878 0.00344299
0.0732673 9.9955E-05 9.9955E-05 0.926233 9.9955E-05 9.9955E-05 9.9955E-05
0.94079 9.9964E-05 9.9964E-05 0.00671067 9.9964E-05 0.0520992 9.9964E-05
0.886769 9.9964E-05 9.9964E-05 0.0859245 9.9964E-05 9.9964E-05 0.0269068
0.6281 9.9973E-05 0.0634485 0.275077 0.0330749 9.9973E-05 9.9973E-05
0.919245 9.9973E-05 9.9973E-05 0.0276131 0.0317216 9.9973E-05 0.0211208
0.964784 0.0054421 9.9973E-05 0.0248471 0.00462726 9.9973E-05 9.9973E-05
0.0340689 9.9964E-05 9.9964E-05 0.938786 0.0267449 9.9964E-05 9.9964E-05
9.9973E-05 9.9973E-05 0.0107306 0.91566 9.9973E-05 0.0699464 0.00336314
0.905151 9.9964E-05 9.9964E-05 0.089472 0.00497708 9.9964E-05 9.9964E-05
0.160495 0.00417985 9.9991E-05 0.78459 0.00258207 0.0238598 0.0241934
0.976664 9.9964E-05 0.00334493 0.0195909 9.9964E-05 9.9964E-05 9.9964E-05
0.0354804 9.9955E-05 9.9955E-05 0.96402 9.9955E-05 9.9955E-05 9.9955E-05
0.901495 0.0108676 0.0125589 0.0747783 9.9973E-05 9.9973E-05 9.9973E-05
0.0664407 9.9973E-05 9.9973E-05 0.906284 0.0257767 9.9973E-05 0.00119866
9.9982E-05 0.141911 0.122156 9.9982E-05 0.119832 0.602379 0.0135209
9.9955E-05 0.629965 0.369535 9.9955E-05 9.9955E-05 9.9955E-05 9.9955E-05
9.99641E-05 0.0798372 9.99641E-05 0.857515 9.99641E-05 0.0622479 9.99641E-05
0.968959 9.9955E-05 9.9955E-05 0.0305415 9.9955E-05 9.9955E-05 9.9955E-05
0.047085 9.9964E-05 9.9964E-05 0.9368 0.0157149 9.9964E-05 9.9964E-05
9.9973E-05 9.9973E-05 0.58699 0.0916511 0.0765346 0.244525 9.9973E-05
0.572232 9.9982E-05 9.9982E-05 0.195552 0.0514786 0.116183 0.0643548
0.380443 0.0102662 9.9991E-05 0.496469 0.0034957 0.0791762 0.0300499
0.885984 0.0189154 0.0033887 0.0371754 0.015281 0.019088 0.0201671
0.0623887 0.32625 0.336481 0.0350226 0.0441089 0.195649 9.9991E-05
9.9982E-05 0.138388 0.28062 9.9982E-05 0.505563 0.0726807 0.00254901
9.9964E-05 9.9964E-05 9.9964E-05 0.00853151 9.9964E-05 0.973694 0.0173748
0.0200139 9.9973E-05 9.9973E-05 0.122801 0.000565194 0.85632 9.9973E-05
0.0290538 9.9982E-05 0.00223855 0.139527 9.9982E-05 0.813557 0.0154236
9.995E-05 9.995E-05 9.995E-05 9.995E-05 9.995E-05 0.9994 9.995E-05
0.003421 0.0256121 9.9973E-05 0.0375501 9.9973E-05 9.9973E-05 0.933117
9.9982E-05 0.0190934 0.00125127 0.00548238 9.9982E-05 0.0182449 0.955728
9.9964E-05 9.9964E-05 9.9964E-05 0.702536 9.9964E-05 0.229411 0.0676526
0.0516783 9.9964E-05 9.9964E-05 0.927837 9.9964E-05 9.9964E-05 0.0200846
0.25947 0.224368 9.9991E-05 0.0096321 0.103848 0.356767 0.0458146
9.9982E-05 0.88589 0.0611238 9.9982E-05 0.0198966 0.0323206 0.000568581
0.0378329 0.460135 0.189375 9.9982E-05 0.280991 0.0314662 9.9982E-05
9.99639E-05 9.99639E-05 0.00915529 0.204003 9.99639E-05 0.786442 9.99639E-05
0.00835245 0.00878971 9.9973E-05 0.172065 9.9973E-05 0.810493 9.9973E-05
9.9973E-05 9.9973E-05 0.0286376 0.178422 0.0378464 0.754794 9.9973E-05
9.9955E-05 9.9955E-05 9.9955E-05 9.9955E-05 9.9955E-05 0.0153897 0.98411
9.9973E-05 0.844983 0.118523 9.9973E-05 9.9973E-05 0.0250709 0.0111233
9.99549E-05 9.99549E-05 9.99549E-05 0.252637 9.99549E-05 0.746863 9.99549E-05
9.9982E-05 0.0988727 0.074527 9.9982E-05 0.0280814 0.739106 0.0592131
0.0396856 9.9955E-05 9.9955E-05 0.959815 9.9955E-05 9.9955E-05 9.9955E-05
9.99551E-05 9.99551E-05 9.99551E-05 0.991341 9.99551E-05 9.99551E-05 0.00815885
0.0236603 0.0374299 9.9982E-05 9.9982E-05 0.0380818 0.105759 0.794869
0.05409 0.0163554 9.9982E-05 9.9982E-05 0.0347297 0.109112 0.785513
0.0233088 9.9982E-05 9.9982E-05 0.0537455 0.0418275 0.0476701 0.833248
9.9964E-05 0.0255846 9.9964E-05 9.9964E-05 9.9964E-05 0.0100279 0.963988
9.9964E-05 9.9964E-05 9.9964E-05 0.0165035 9.9964E-05 0.0137131 0.969384
0.00264348 0.0101968 0.00856795 0.00320053 9.9982E-05 9.9982E-05 0.975191
0.0175662 9.9964E-05 0.00600497 9.9964E-05 9.9964E-05 9.9964E-05 0.976029
0.00866432 0.0116827 9.9964E-05 9.9964E-05 9.9964E-05 9.9964E-05 0.979253
9.9973E-05 0.00113772 0.0130952 0.00182028 9.9973E-05 9.9973E-05 0.983647
9.995E-05 9.995E-05 9.995E-05 9.995E-05 9.995E-05 9.995E-05 0.9994
9.9982E-05 0.003342 9.9982E-05 0.0110795 0.00569926 0.0341498 0.945529
0.00102993 9.9982E-05 0.00949183 0.00721484 9.9982E-05 0.0417674 0.940296
0.00561938 0.0115155 9.9991E-05 0.00397481 0.000867922 0.0122906 0.965632
0.416458 9.9973E-05 0.00357098 0.0454088 9.9973E-05 9.9973E-05 0.534262
0.443596 9.9955E-05 9.9955E-05 9.9955E-05 9.9955E-05 9.9955E-05 0.555904
9.995E-05 9.995E-05 9.995E-05 9.995E-05 9.995E-05 9.995E-05 0.9994
9.9955E-05 9.9955E-05 9.9955E-05 9.9955E-05 9.9955E-05 0.0649114 0.934589
9.9973E-05 0.00980101 0.00687144 9.9973E-05 9.9973E-05 0.070549 0.912479
0.0341158 0.00853462 9.9973E-05 0.0276836 9.9973E-05 9.9973E-05 0.929366
9.99552E-05 9.99552E-05 9.99552E-05 0.00812739 9.99552E-05 9.99552E-05 0.991373
0.449736 9.99641E-05 9.99641E-05 0.0137158 9.99641E-05 9.99641E-05 0.536148
0.0353158 0.0066115 0.0067952 0.0319762 0.0334478 0.0163291 0.869524
9.9973E-05 9.9973E-05 0.0256414 0.00328452 9.9973E-05 0.0420325 0.928742
9.9973E-05 0.0145463 9.9973E-05 9.9973E-05 0.00895134 0.0353048 0.940898
9.9982E-05 0.0200552 0.0162332 9.9982E-05 0.00303051 0.0104648 0.950016
9.9973E-05 0.00971 9.9973E-05 0.0166532 9.9973E-05 0.0743023 0.899035
9.9964E-05 9.9964E-05 0.00161479 9.9964E-05 9.9964E-05 0.0591681 0.938817
0.6477 0.0890033 0.0490274 9.9982E-05 0.031413 0.182657 9.9982E-05
0.0251735 9.9973E-05 0.0342567 9.9973E-05 0.00959033 9.9973E-05 0.93068
0.00905651 9.9964E-05 9.9964E-05 0.0187357 9.9964E-05 9.9964E-05 0.971808
0.082057 0.00485517 0.125491 9.9991E-05 0.0153236 0.0660006 0.706173
9.995E-05 9.995E-05 9.995E-05 9.995E-05 9.995E-05 9.995E-05 0.9994
9.9955E-05 9.9955E-05 9.9955E-05 9.9955E-05 9.9955E-05 0.0216564 0.977844
9.9964E-05 9.9964E-05 0.00980573 9.9964E-05 0.00621355 9.9964E-05 0.983581
0.0201968 9.9973E-05 9.9973E-05 0.0203224 9.9973E-05 0.000213552 0.958967
0.921248 9.9982E-05 0.0038892 0.0342157 0.0216568 9.9982E-05 0.0187906
9.995E-05 9.995E-05 9.995E-05 9.995E-05 9.995E-05 9.995E-05 0.9994
9.9964E-05 9.9964E-05 9.9964E-05 9.9964E-05 0.0349924 0.022706 0.941902
9.9955E-05 9.9955E-05 9.9955E-05 9.9955E-05 0.0170678 9.9955E-05 0.982432
0.625922 9.9991E-05 0.020548 0.293203 0.00221508 0.0411987 0.0168137
0.00758065 0.044452 9.9982E-05 9.9982E-05 0.0120718 0.00355876 0.932137
9.9955E-05 9.9955E-05 9.9955E-05 0.0517188 9.9955E-05 9.9955E-05 0.947781
0.0136552 9.9964E-05 0.0286124 9.9964E-05 9.9964E-05 9.9964E-05 0.957333
9.9955E-05 9.9955E-05 9.9955E-05 0.0129951 9.9955E-05 9.9955E-05 0.986505
0.669781 9.9973E-05 9.9973E-05 0.23683 9.9973E-05 0.0572619 0.0358271
9.9955E-05 0.0105635 9.9955E-05 9.9955E-05 9.9955E-05 9.9955E-05 0.988937
0.00665632 0.00300331 0.00686873 9.9991E-05 0.00642779 0.058153 0.918791
0.474935 9.99641E-05 9.99641E-05 0.0015158 9.99641E-05 9.99641E-05 0.523149
9.995E-05 9.995E-05 9.995E-05 9.995E-05 9.995E-05 9.995E-05 0.9994
0.204485 9.9973E-05 9.9973E-05 0.750272 0.0160478 9.9973E-05 0.028895
0.296368 0.0426562 9.9964E-05 0.660576 9.9964E-05 9.9964E-05 9.9964E-05
0.0639444 0.0148726 0.0441208 0.874226 9.9982E-05 9.9982E-05 0.00263594
0.894603 0.000585938 0.0235615 0.0501266 9.9991E-05 0.0073249 0.0236979
9.9973E-05 9.9973E-05 9.9973E-05 0.201207 0.0196515 0.732185 0.0466568
0.0845021 9.9973E-05 0.042419 0.830891 9.9973E-05 9.9973E-05 0.041888
0.193818 0.0414207 0.00129441 0.457271 0.0524456 0.239709 0.0140412
0.194924 0.0140921 9.9973E-05 0.780489 9.9973E-05 9.9973E-05 0.0101949
0.291686 0.0193021 0.0050104 0.662405 0.0212092 9.9991E-05 0.000286961
0.227331 9.9982E-05 9.9982E-05 0.699313 0.011322 0.0311833 0.0306512
0.259196 0.0365651 0.00154187 0.624859 0.0776375 9.9982E-05 9.9982E-05
0.329887 0.012878 9.9973E-05 0.589058 0.0678773 9.9973E-05 9.9973E-05
0.015835 0.0292556 9.9973E-05 0.933044 9.9973E-05 9.9973E-05 0.0215658
9.9982E-05 0.0334867 0.000151952 0.93831 9.9982E-05 0.00116926 0.0266825
0.00935734 0.0222076 9.9982E-05 0.920831 0.0112875 9.9982E-05 0.0361161
0.794119 9.9991E-05 0.00271459 0.0815549 0.0709859 0.0217751 0.0287502
9.995E-05 9.995E-05 0.9994 9.995E-05 9.995E-05 9.995E-05 9.995E-05
9.9973E-05 0.0310339 0.918661 9.9973E-05 9.9973E-05 0.0198872 0.0301175
9.9982E-05 0.632418 0.241578 0.0108999 0.0359173 0.0789873 9.9982E-05
0.341946 9.9991E-05 0.034796 0.175737 0.0538584 0.296666 0.0968968
9.9955E-05 9.9955E-05 0.965135 9.9955E-05 9.9955E-05 0.0343651 9.9955E-05
0.0297914 0.0169612 0.905076 9.9982E-05 9.9982E-05 0.0425364 0.00543466
0.140818 0.0452232 0.0515201 0.510642 0.00763204 0.125174 0.11899
9.9982E-05 0.457816 0.201066 9.9982E-05 0.281387 0.0508045 0.00872698
0.0462237 0.447943 0.121877 9.9991E-05 0.334526 0.0472544 0.0020754
9.9982E-05 0.466794 0.0850543 0.0060084 0.384606 0.0573371 9.9982E-05
0.0475372 0.245208 9.9991E-05 0.0017974 0.583811 0.0906519 0.0308952
0.0318144 0.260477 9.9991E-05 0.00261531 0.578626 0.0987929 0.0275747
0.0328726 0.388781 0.0950089 0.00607994 0.42389 0.053268 9.9991E-05
0.017956 9.9982E-05 0.0317559 0.0664466 0.018882 0.86476 9.9982E-05
0.0129861 0.628826 0.349505 9.9973E-05 0.00838281 9.9973E-05 9.9973E-05
0.893142 9.9982E-05 0.00985443 0.0386399 9.9982E-05 0.0485802 0.00958357
0.922606 0.00661396 0.025145 0.0190298 9.9982E-05 9.9982E-05 0.0264048
0.00995959 0.834233 0.0743948 9.9991E-05 0.0279916 0.020226 0.0330947
0.190141 0.169525 0.0763131 0.13645 0.106675 0.122253 0.198644
0.0235504 9.9982E-05 0.040603 0.211601 0.0149356 0.70911 9.9982E-05
9.9982E-05 0.0568734 0.079248 0.804313 0.0237748 0.0355913 9.9982E-05
0.819455 9.9991E-05 0.00103491 0.116432 0.0246043 0.0280639 0.0103095
0.00108134 0.0114477 0.279905 0.624122 0.0166601 0.00408583 0.0626982
0.0248984 9.9973E-05 0.073739 0.239975 9.9973E-05 0.661087 9.9973E-05
0.0306967 9.9982E-05 0.745542 0.0158652 0.184285 0.0234108 9.9982E-05
0.014183 9.9982E-05 0.0157892 0.123411 9.9982E-05 0.829436 0.016981
0.13261 0.0898262 9.9991E-05 0.0918196 0.128033 0.512907 0.0447052
0.960422 9.9973E-05 0.0085037 9.9973E-05 0.0201751 9.9973E-05 0.0105994
0.0181048 0.602905 0.338155 0.0206924 9.9982E-05 9.9982E-05 0.019943
9.9964E-05 0.442569 9.9964E-05 0.537012 0.020019 9.9964E-05 9.9964E-05
0.0244883 0.905231 0.01208 0.0250869 0.0109085 9.9991E-05 0.022105
0.0392989 0.0635423 0.111587 0.417918 0.0214561 0.304591 0.0416072
9.9955E-05 0.995635 0.00386554 9.9955E-05 9.9955E-05 9.9955E-05 9.9955E-05
0.0140639 0.0217403 9.9973E-05 0.279429 9.9973E-05 0.684467 9.9973E-05
0.040745 0.817352 9.9991E-05 0.0345395 0.0162797 0.0212282 0.0697553
9.9973E-05 0.835406 9.9973E-05 0.0730324 9.9973E-05 0.0558076 0.0354538
0.901531 0.0666669 9.9973E-05 0.0174234 9.9973E-05 9.9973E-05 0.0140786
0.406669 0.0585321 0.304268 0.150912 0.00174844 0.0777717 9.9991E-05
0.325624 0.0730346 0.0638912 0.404035 0.0145274 0.0794695 0.0394185
0.0570344 0.0728948 9.9982E-05 9.9982E-05 0.811421 0.035674 0.0227755
9.9973E-05 0.0332505 9.9973E-05 0.0173235 0.92901 0.0201159 9.9973E-05
0.0270331 0.061543 9.9982E-05 0.0044887 0.83724 0.069495 9.9982E-05
0.0259076 0.0285236 9.9982E-05 9.9982E-05 0.871239 0.0677914 0.00633797
0.951062 9.9964E-05 9.9964E-05 9.9964E-05 0.0436987 0.0048399 9.9964E-05
0.92008 0.0443343 9.9982E-05 0.0120323 9.9982E-05 0.0102838 0.0130692
0.795912 9.9982E-05 9.9982E-05 0.0823888 0.0328179 0.0693973 0.0192838
9.9982E-05 0.286966 0.216975 0.000663445 0.425523 0.0696724 9.9982E-05
0.161357 0.103577 0.0996221 0.200022 0.10546 0.18247 0.147493
0.410548 0.0396055 9.9991E-05 0.000405176 0.100541 0.299454 0.149346
0.794855 0.0156929 0.00782149 0.076374 0.00296927 0.0869366 0.0153511
0.681925 0.0232988 0.0139073 0.0664357 0.0210026 0.104483 0.0889471
0.766797 0.00947499 0.0265288 9.9991E-05 0.083566 0.0563989 0.0571347
0.502644 0.0566001 0.0443635 0.0173189 0.0617872 0.158557 0.158729
0.0275697 0.036471 0.0783324 0.0315437 0.0355836 0.769925 0.0205749
0.0125662 9.99765E-05 9.99765E-05 0.929199 0.0174698 0.0404655 9.99765E-05
0.220988 9.9991E-05 0.00277244 0.629967 0.0203295 0.0500727 0.0757703
9.9964E-05 0.964269 0.0186322 9.9964E-05 9.9964E-05 0.0166989 9.9964E-05
9.9964E-05 0.944136 9.9964E-05 0.0101064 9.9964E-05 0.0453577 9.9964E-05
0.0178575 0.891328 0.00313189 0.0115729 0.00466266 0.0713467 9.9991E-05
9.9982E-05 0.402687 0.187283 9.9982E-05 0.215895 0.190289 0.00364634
0.0321422 0.375776 9.9982E-05 9.9982E-05 0.129158 0.419802 0.0429215
0.0406761 0.392573 9.9982E-05 9.9982E-05 0.123411 0.395666 0.0474746
0.915887 9.9973E-05 0.0270004 9.9973E-05 0.0091526 0.0476601 9.9973E-05
0.828487 0.0162458 0.0361744 0.0182805 0.0251878 0.0593023 0.0163222
0.972329 0.00819248 0.000151465 9.9973E-05 9.9973E-05 9.9973E-05 0.0190267
9.9973E-05 0.0150954 9.9973E-05 0.28016 9.9973E-05 0.692906 0.0115388
0.00386485 0.948602 9.9982E-05 0.0125647 0.0197362 9.9982E-05 0.0150324
0.0145847 0.918256 0.0527424 9.9973E-05 9.9973E-05 9.9973E-05 0.0141169
9.9964E-05 0.87406 0.109482 0.0160583 9.9964E-05 9.9964E-05 9.9964E-05
9.9973E-05 0.800271 0.147192 0.0180038 0.0342331 9.9973E-05 9.9973E-05
9.9982E-05 0.838132 0.0958226 0.032865 0.00277971 9.9982E-05 0.0302009
9.9973E-05 0.0775072 0.0200836 0.843805 9.9973E-05 0.0583047 9.9973E-05
0.0587881 0.207024 0.361011 9.9991E-05 0.174937 0.131031 0.0671087
9.99549E-05 9.99549E-05 9.99549E-05 0.205478 9.99549E-05 0.794022 9.99549E-05
9.9973E-05 0.0762294 9.9973E-05 0.841043 0.00924079 0.0731874 9.9973E-05
0.790524 0.0350067 0.0454617 9.9973E-05 9.9973E-05 0.128707 9.9973E-05
9.9964E-05 9.9964E-05 9.9964E-05 0.952461 0.00697753 0.0401617 9.9964E-05
9.99639E-05 9.99639E-05 9.99639E-05 0.885184 9.99639E-05 0.114316 9.99639E-05
9.9973E-05 9.9973E-05 9.9973E-05 0.854599 0.0227266 0.121922 0.000452267
0.00837097 0.92693 9.9982E-05 0.0129406 0.0165629 9.9982E-05 0.0349961
9.9982E-05 0.950037 0.0460485 0.000507875 0.00014627 0.00306051 9.9982E-05
0.0453117 0.246801 0.368993 0.0273012 0.0465231 0.253241 0.0118284
0.00683093 0.930238 0.0101818 0.013159 0.00413037 9.9991E-05 0.0353594
9.995E-05 0.9994 9.995E-05 9.995E-05 9.995E-05 9.995E-05 9.995E-05
9.9973E-05 0.274275 0.208614 0.510402 9.9973E-05 9.9973E-05 0.00640906
0.0237922 0.816216 0.0652047 0.00448661 0.0901002 9.9982E-05 9.9982E-05
0.0308343 0.808636 0.0771762 0.00486778 0.0749379 0.00344802 9.9991E-05
0.0965373 0.220087 0.167724 9.9991E-05 0.0971105 0.38181 0.0366316
9.9973E-05 9.9973E-05 0.0131877 0.258024 9.9973E-05 0.712027 0.0164611
9.9982E-05 0.654282 0.233547 0.0665946 0.019695 0.0256815 9.9982E-05
0.287225 9.9982E-05 0.205152 0.0356689 0.0566303 9.9982E-05 0.415124
9.9964E-05 0.5535 0.324414 0.121686 9.9964E-05 9.9964E-05 9.9964E-05
9.9964E-05 0.961053 9.9964E-05 0.0168074 9.9964E-05 9.9964E-05 0.0217396
9.9973E-05 0.0437161 9.9973E-05 0.908567 0.0295852 0.0178316 9.9973E-05
9.9973E-05 0.268458 0.0185265 0.637245 9.9973E-05 0.0754702 9.9973E-05
0.0399649 9.9964E-05 9.9964E-05 0.176281 9.9964E-05 0.783354 9.9964E-05
9.9964E-05 0.025147 0.0154629 9.9964E-05 9.9964E-05 0.95899 9.9964E-05
0.0647206 9.9955E-05 9.9955E-05 0.93478 9.9955E-05 9.9955E-05 9.9955E-05
0.00997075 9.9973E-05 9.9973E-05 0.137839 9.9973E-05 0.84537 0.00651981
9.9973E-05 0.0121317 0.0107319 0.273667 9.9973E-05 0.70317 9.9973E-05
9.9964E-05 0.0190116 9.9964E-05 0.322325 9.9964E-05 0.658264 9.9964E-05
9.99549E-05 9.99549E-05 9.99549E-05 0.00756035 9.99549E-05 0.99194 9.99549E-05
9.9991E-05 0.0172322 0.0777297 0.309008 0.0261749 0.559791 0.00996428
9.99549E-05 9.99549E-05 9.99549E-05 0.211688 9.99549E-05 0.787812 9.99549E-05
0.117811 0.208201 0.158797 9.9991E-05 0.110956 0.364178 0.0399565
0.968259 9.9973E-05 9.9973E-05 0.0278438 9.9973E-05 0.00292735 0.000670379
0.783155 0.0464069 0.0187736 9.9973E-05 9.9973E-05 0.151364 9.9973E-05
9.995E-05 9.995E-05 9.995E-05 9.995E-05 9.995E-05 9.995E-05 0.9994
0.678974 0.0444185 0.0173245 0.0540636 0.0308717 0.174248 9.9991E-05
0.853774 9.9964E-05 9.9964E-05 0.123842 9.9964E-05 9.9964E-05 0.0219843
0.347677 9.9964E-05 9.9964E-05 0.23252 9.9964E-05 0.419404 9.9964E-05
0.879576 9.9964E-05 9.9964E-05 0.100126 9.9964E-05 9.9964E-05 0.0198976
0.255663 0.0216348 9.9991E-05 0.552853 0.032582 0.108563 0.0286038
0.962522 0.00363595 0.0187966 9.9991E-05 0.000621326 0.0123873 0.00193701
0.157987 0.0334908 9.9991E-05 0.00515017 0.0511265 0.629054 0.123092
0.0875142 9.9973E-05 9.9973E-05 0.164346 0.0753573 0.672483 9.9973E-05
0.216363 0.0256855 9.9991E-05 0.289704 0.0499356 0.380984 0.0372284
0.888461 0.0243767 9.9982E-05 0.0594039 9.9982E-05 0.0105789 0.01698
9.9964E-05 0.861838 0.134526 9.9964E-05 9.9964E-05 9.9964E-05 0.00323575
0.0468882 0.0171561 9.9964E-05 0.935556 9.9964E-05 9.9964E-05 9.9964E-05
0.17956 0.023233 9.9982E-05 9.9982E-05 0.100424 0.602331 0.0942518
0.0527814 9.9964E-05 0.0130516 0.933767 9.9964E-05 9.9964E-05 9.9964E-05
9.9973E-05 0.884395 0.10386 9.9973E-05 0.00594165 0.00550386 9.9973E-05
9.9955E-05 9.9955E-05 9.9955E-05 0.23435 9.9955E-05 0.76515 9.9955E-05
9.9982E-05 0.0163744 0.0229224 9.9982E-05 0.00170199 0.000843482 0.957958
0.062442 9.9991E-05 0.138045 0.00236633 0.0248099 0.0667237 0.705513
0.975966 9.99551E-05 9.99551E-05 9.99551E-05 9.99551E-05 9.99551E-05 0.0235345
0.281074 9.9973E-05 9.9973E-05 0.635554 9.9973E-05 0.0421572 0.0409154
9.99549E-05 9.99549E-05 9.99549E-05 0.175301 9.99549E-05 0.824199 9.99549E-05
9.99549E-05 9.99549E-05 9.99549E-05 0.217447 9.99549E-05 0.782053 9.99549E-05
9.9982E-05 0.0526576 0.107764 0.639142 0.0718843 0.128353 9.9982E-05
0.273372 0.00161987 9.9991E-05 0.669825 0.00610731 0.00420718 0.0447684
9.9982E-05 0.916754 0.0101206 0.00166292 0.00922984 0.0620331 9.9982E-05
0.0151818 0.361855 9.9982E-05 9.9982E-05 0.147242 0.444271 0.0312508
9.9982E-05 0.562345 0.125437 0.0140057 0.272139 0.0258725 9.9982E-05
0.0723321 0.156308 0.16225 0.0272326 0.434556 0.0385972 0.108724
0.0602599 0.148554 0.173843 0.0281854 0.413987 0.102878 0.0722926
0.0363899 0.29625 0.28713 9.9991E-05 0.267129 0.0939436 0.019058
9.9973E-05 0.361874 9.9973E-05 9.9973E-05 0.147926 0.452978 0.0369218
0.0476872 0.205985 0.156344 0.046405 0.404357 0.0700325 0.0691901
0.0764431 0.23306 0.392556 9.9982E-05 0.241488 0.0562526 9.9982E-05
0.0911865 0.119244 9.9982E-05 9.9982E-05 0.161973 0.57008 0.0573166
0.044722 0.352345 0.254858 9.9982E-05 0.263708 0.084167 9.9982E-05
0.130518 0.134995 9.9982E-05 9.9982E-05 0.142117 0.519289 0.0728816
9.9964E-05 9.9964E-05 9.9964E-05 0.111165 9.9964E-05 0.869297 0.0191379
0.000447953 9.9991E-05 0.277602 0.0677556 0.0678963 0.534821 0.0513773
9.9991E-05 0.323707 0.201347 0.0472112 0.177382 0.204553 0.045699
0.0451644 0.268044 0.152364 0.112126 0.190644 0.189787 0.0418709
0.0342932 0.32693 9.9982E-05 9.9982E-05 0.193274 0.416962 0.0283409
9.9991E-05 0.383282 0.217585 0.0210741 0.269301 0.073398 0.0352603
0.161824 9.9982E-05 0.00480331 0.821362 0.0106856 9.9982E-05 0.00112531
9.9973E-05 0.918496 0.041288 0.000825087 9.9973E-05 0.0390913 9.9973E-05
0.0815047 0.147206 0.118691 0.0185853 0.454682 0.136528 0.0428029
0.00434782 0.375477 0.297586 9.9991E-05 0.165801 0.114631 0.0420569
0.0365501 0.203578 0.179244 9.9991E-05 0.423501 0.09499 0.0620372
0.0384388 0.188799 0.280099 0.0447523 0.363441 0.0304247 0.0540448
0.776678 0.0134746 0.0304441 9.9982E-05 0.0118516 0.167351 9.9982E-05
0.354411 0.0112545 0.00439324 0.452167 0.0423533 0.0883077 0.0471127
9.9982E-05 0.796781 0.0949409 9.9982E-05 0.0506862 0.0344639 0.0229278
0.0764126 9.9964E-05 9.9964E-05 0.902028 9.9964E-05 0.0211599 9.9964E-05
0.746014 0.0442249 0.026031 0.02076 9.9982E-05 0.162771 9.9982E-05
9.9973E-05 0.00950198 0.0266628 9.9973E-05 9.9973E-05 0.932225 0.0313102
9.995E-05 0.9994 9.995E-05 9.995E-05 9.995E-05 9.995E-05 9.995E-05
9.9955E-05 0.993483 9.9955E-05 9.9955E-05 9.9955E-05 9.9955E-05 0.00601746
9.9982E-05 0.929976 0.0107426 0.0112421 0.0210794 9.9982E-05 0.0267601
9.9955E-05 0.980439 0.0190613 9.9955E-05 9.9955E-05 9.9955E-05 9.9955E-05
0.0102481 0.015419 0.00590846 0.253129 9.9991E-05 0.712833 0.00236224
0.0683791 0.830687 0.0614989 9.9973E-05 9.9973E-05 9.9973E-05 0.0391352
0.766764 0.0292393 0.0418085 9.9982E-05 0.00716187 0.154826 9.9982E-05
0.960669 9.9964E-05 9.9964E-05 9.9964E-05 0.00732698 0.0316037 9.9964E-05
0.907432 9.9973E-05 9.9973E-05 0.0388987 0.0413879 9.9973E-05 0.011982
0.964826 0.00182888 0.00418927 9.9982E-05 9.9982E-05 0.0141664 0.0147891
0.889014 9.9982E-05 0.00754087 0.0592244 0.0158768 9.9982E-05 0.0281439
0.118202 0.102015 0.0367519 0.0187688 0.535609 0.109307 0.079345
0.0765342 0.115493 0.0255624 0.0243482 0.536403 0.120748 0.100911
0.00998166 9.9973E-05 9.9973E-05 0.00992386 0.927362 0.0524327 9.9973E-05
0.026417 0.0962356 0.00678619 9.9973E-05 0.870261 9.9973E-05 9.9973E-05
0.0121794 0.0128246 0.0184786 0.00556934 0.931352 9.9991E-05 0.0194959
0.0283653 9.9982E-05 9.9982E-05 0.0398876 0.308537 0.620634 0.00237644
9.9955E-05 9.9955E-05 9.9955E-05 0.0381928 0.961307 9.9955E-05 9.9955E-05
0.23945 0.216112 0.0444915 0.25534 0.0893664 0.138883 0.0163573
9.995E-05 9.995E-05 9.995E-05 9.995E-05 0.9994 9.995E-05 9.995E-05
9.9955E-05 9.9955E-05 0.0277838 9.9955E-05 0.971716 9.9955E-05 9.9955E-05
9.9973E-05 0.00992999 0.0226453 9.9973E-05 0.95944 9.9973E-05 0.00768517
0.00804244 0.0177898 0.710639 0.0208158 0.242513 9.9982E-05 9.9982E-05
9.995E-05 9.995E-05 9.995E-05 9.995E-05 0.9994 9.995E-05 9.995E-05
0.0178436 0.0112146 0.114126 0.0127346 0.816139 9.9991E-05 0.0278415
0.146319 9.9964E-05 9.9964E-05 0.838129 0.0151521 9.9964E-05 9.9964E-05
0.256204 0.0275419 0.00172274 0.564464 0.0516774 0.0455978 0.0527928
0.749485 9.9991E-05 0.00373387 0.108972 0.0182024 0.112441 0.00706576
0.906785 0.000288091 9.9973E-05 0.0612773 9.9973E-05 9.9973E-05 0.0313496
0.0612503 9.9973E-05 9.9973E-05 0.106611 0.0304054 0.801434 9.9973E-05
0.767694 0.0144548 9.9991E-05 0.0790229 0.0564677 0.0174124 0.0648485
0.0198043 9.9973E-05 0.0110698 0.96849 9.9973E-05 9.9973E-05 0.000336066
0.0742297 9.9955E-05 9.9955E-05 0.925271 9.9955E-05 9.9955E-05 9.9955E-05
9.9964E-05 9.9964E-05 9.9964E-05 0.0015171 9.9964E-05 0.993091 0.00499254
0.796178 9.9982E-05 9.9982E-05 0.0218306 0.0405862 0.0688707 0.0723348
0.520456 0.0199002 0.0373648 0.13765 0.03917 0.151542 0.0939172
0.0594714 0.00762095 9.99821E-05 9.99821E-05 0.0468576 0.806857 0.0789933
9.9973E-05 9.9973E-05 9.9973E-05 0.0194885 0.053276 0.926091 0.000844719
0.0953836 9.9982E-05 9.9982E-05 0.0955821 0.0439729 0.757777 0.00708411
0.241468 0.0705516 0.0553089 0.55194 0.00640801 0.0742238 9.9991E-05
0.0289854 9.9982E-05 9.9982E-05 0.0538264 0.0180709 0.895925 0.00299235
0.0135504 9.9982E-05 9.9982E-05 0.945202 0.0348734 0.000741302 0.00543306
9.9973E-05 0.0180966 0.0241355 9.9973E-05 9.9973E-05 0.93699 0.0204782
9.9973E-05 0.0375072 0.00896705 9.9973E-05 9.9973E-05 0.915529 0.0376964
9.9982E-05 0.286534 0.144823 9.9982E-05 0.159793 0.362623 0.0460269
9.9964E-05 9.9964E-05 9.9964E-05 0.00446607 9.9964E-05 0.972905 0.0222295
9.995E-05 9.995E-05 9.995E-05 9.995E-05 9.995E-05 0.9994 9.995E-05
9.9964E-05 9.9964E-05 9.9964E-05 0.00911963 9.9964E-05 0.985536 0.00494485
0.217317 0.0447262 9.9991E-05 0.040336 0.101531 0.489878 0.106112
0.177293 0.00743955 0.0320602 0.759061 9.9982E-05 0.0239466 9.9982E-05
0.0342341 0.0201956 9.9982E-05 0.881989 0.00828488 0.055096 9.9982E-05
0.0239254 0.0108557 9.9982E-05 0.853576 0.0151066 0.0963359 9.9982E-05
0.1099 0.00497397 0.00217536 0.862088 9.9982E-05 9.9982E-05 0.0206629
9.9964E-05 0.904143 9.9964E-05 0.008395 9.9964E-05 0.0870618 9.9964E-05
0.0440689 0.258332 0.364513 0.0181655 0.00856985 0.293333 0.0130187
0.765379 9.9982E-05 0.0328395 0.1373 9.9982E-05 0.0550851 0.00919658
0.282688 9.9982E-05 9.9982E-05 0.545957 0.00112198 0.125356 0.0446778
0.042619 0.0465816 0.202354 0.0209777 0.0195087 0.632578 0.0353804
0.0156691 0.0455371 0.21572 0.0230997 0.0365123 0.602123 0.0613389
0.912074 0.0495035 9.9964E-05 9.9964E-05 0.0380222 9.9964E-05 9.9964E-05
0.770234 0.0113765 0.0420448 9.9973E-05 9.9973E-05 0.176045 9.9973E-05
0.0158699 0.0285702 0.574661 0.250395 0.0405453 0.0765615 0.0133968
9.9982E-05 0.0989998 0.00305739 0.431521 0.0749636 0.391258 9.9982E-05
0.827469 0.00387472 9.99731E-05 0.123297 9.99731E-05 0.0450592 9.99731E-05
0.248473 0.0700852 9.9982E-05 9.9982E-05 0.0644214 0.477456 0.139364
9.9991E-05 0.0426606 0.214442 0.0793988 0.043147 0.536514 0.083738
0.166091 0.0456451 9.9991E-05 0.0314595 0.121799 0.503273 0.131633
0.282641 0.0713078 9.9991E-05 0.0591816 0.0713761 0.397679 0.117714
0.89045 9.9982E-05 0.0201731 0.00736835 0.0158802 9.9982E-05 0.0659283
0.926115 0.0244621 0.0330377 9.9973E-05 9.9973E-05 9.9973E-05 0.0160849
0.957495 9.9964E-05 0.0331652 9.9964E-05 9.9964E-05 9.9964E-05 0.00894024
0.898481 9.9982E-05 9.9982E-05 0.0339839 0.028393 0.000862609 0.0380792
0.965383 9.9964E-05 9.9964E-05 0.0124696 9.9964E-05 9.9964E-05 0.0217476
0.924126 0.000224886 0.00469541 0.0605678 9.9982E-05 0.0101858 9.9982E-05
0.525798 0.0113459 0.0614129 0.00160525 0.0818009 0.147885 0.170152
0.269261 0.108658 9.9991E-05 0.00332987 0.146882 0.354914 0.116855
0.975287 9.9964E-05 0.0223931 9.9964E-05 9.9964E-05 0.00192009 9.9964E-05
0.275709 0.0763525 9.9982E-05 9.9982E-05 0.111439 0.427757 0.108542
0.176301 0.0667184 9.9991E-05 0.0182614 0.110765 0.53167 0.0961839
9.995E-05 9.995E-05 0.9994 9.995E-05 9.995E-05 9.995E-05 9.995E-05
9.9955E-05 9.9955E-05 0.996855 9.9955E-05 0.00264483 9.9955E-05 9.9955E-05
9.995E-05 9.995E-05 0.9994 9.995E-05 9.995E-05 9.995E-05 9.995E-05
9.995E-05 9.995E-05 0.9994 9.995E-05 9.995E-05 9.995E-05 9.995E-05
9.995E-05 9.995E-05 0.9994 9.995E-05 9.995E-05 9.995E-05 9.995E-05
9.995E-05 9.995E-05 0.9994 9.995E-05 9.995E-05 9.995E-05 9.995E-05
9.995E-05 9.995E-05 0.9994 9.995E-05 9.995E-05 9.995E-05 9.995E-05
9.9973E-05 0.0319927 0.0514096 9.9973E-05 9.9973E-05 0.903045 0.0132528
9.9955E-05 9.9955E-05 9.9955E-05 9.9955E-05 9.9955E-05 0.983849 0.0156508
9.9982E-05 0.214824 0.153026 9.9982E-05 0.117193 0.477 0.037756
9.9982E-05 0.200034 0.200081 9.9982E-05 0.100018 0.477772 0.0218944
0.862702 0.0243918 0.0274123 0.0412361 0.0440582 9.9982E-05 9.9982E-05
0.802371 0.0196058 0.0217464 9.9991E-05 0.0291457 0.0744662 0.0525649
0.994426 9.9955E-05 9.9955E-05 9.9955E-05 9.9955E-05 9.9955E-05 0.00507455
9.9973E-05 0.884966 0.0750984 0.0133288 9.9973E-05 9.9973E-05 0.0263069
9.9955E-05 0.683224 0.316276 9.9955E-05 9.9955E-05 9.9955E-05 9.9955E-05
9.9964E-05 0.920487 0.0743931 9.9964E-05 9.9964E-05 9.9964E-05 0.00472028
9.9955E-05 0.646606 0.352894 9.9955E-05 9.9955E-05 9.9955E-05 9.9955E-05
0.0265474 0.368294 0.143842 0.19269 9.9982E-05 0.268426 9.9982E-05
0.0299871 0.302753 0.287758 0.0742416 0.180474 0.124686 9.9991E-05
0.00420673 0.0922086 0.834466 0.0507695 0.0154306 0.00246383 0.000454219
9.9955E-05 0.619537 0.379963 9.9955E-05 9.9955E-05 9.9955E-05 9.9955E-05
9.9955E-05 0.651372 0.348128 9.9955E-05 9.9955E-05 9.9955E-05 9.9955E-05
0.00867885 0.990737 9.9964E-05 9.9964E-05 0.000184615 9.9964E-05 9.9964E-05
0.00827607 0.735996 0.22731 9.9973E-05 0.0281182 9.9973E-05 9.9973E-05
0.186369 0.0377022 0.0723952 0.318446 0.143859 0.134159 0.10707
0.967541 9.9955E-05 9.9955E-05 9.9955E-05 9.9955E-05 9.9955E-05 0.0319596
9.9964E-05 0.0746806 9.9964E-05 9.9964E-05 9.9964E-05 0.913722 0.0111971
0.651551 0.0464139 9.9991E-05 0.167613 0.00433001 0.0757135 0.0542789
0.0596772 9.9982E-05 0.00311291 0.0845234 0.0273758 0.825111 9.9982E-05
0.0304988 0.895759 0.00131797 0.00141008 0.00729183 0.0636222 9.9991E-05
0.0182861 0.0344638 0.853234 9.9982E-05 0.0605094 0.0333064 9.9982E-05
0.0304193 0.611165 0.217451 9.9991E-05 0.0585005 0.0613968 0.0209676
0.270794 0.0677663 9.9982E-05 9.9982E-05 0.0471557 0.482464 0.131619
0.094967 0.098703 9.9991E-05 0.0499199 0.142642 0.483769 0.129899
0.516331 9.9991E-05 0.0187861 0.34843 0.0251188 0.0668534 0.0243812
0.00765316 9.9964E-05 9.9964E-05 0.0944806 9.9964E-05 0.897466 9.9964E-05
0.0396836 0.0956925 0.0783806 0.0170237 0.708121 9.9991E-05 0.0609985
0.0327081 0.0799381 0.0380563 9.9982E-05 0.810594 0.0385038 9.9982E-05
0.0116629 9.9973E-05 0.00375549 9.9973E-05 0.961017 0.0232651 9.9973E-05
9.9973E-05 0.0375311 0.00620818 9.9973E-05 0.943098 0.0128627 9.9973E-05
9.9955E-05 9.9955E-05 0.0523692 9.9955E-05 0.947131 9.9955E-05 9.9955E-05
0.0377023 9.9973E-05 0.108267 9.9973E-05 0.821847 9.9973E-05 0.0318831
0.0114874 0.0464453 0.0117234 9.9982E-05 9.9982E-05 0.881255 0.0488886
0.0550064 0.295239 0.410136 9.9991E-05 0.0987904 0.0623627 0.0783653
0.0419238 0.78249 0.109192 9.9982E-05 0.058075 9.9982E-05 0.00811985
9.995E-05 0.9994 9.995E-05 9.995E-05 9.995E-05 9.995E-05 9.995E-05
9.9973E-05 0.977161 0.0120298 9.9973E-05 9.9973E-05 0.00620386 0.00430533
0.013224 0.722946 0.262844 9.9973E-05 9.9973E-05 9.9973E-05 0.000685473
9.995E-05 9.995E-05 9.995E-05 9.995E-05 0.9994 9.995E-05 9.995E-05
0.00886667 9.9973E-05 0.013433 9.9973E-05 0.960937 9.9973E-05 0.0164629
0.00744335 0.0307177 0.668496 9.9973E-05 0.293043 9.9973E-05 9.9973E-05
9.9955E-05 9.9955E-05 0.702541 9.9955E-05 0.29696 9.9955E-05 9.9955E-05
9.9964E-05 0.0266334 0.0448625 9.9964E-05 0.928104 9.9964E-05 9.9964E-05
0.00665014 0.00359599 0.821347 0.0156159 0.152591 9.9982E-05 9.9982E-05
0.340809 0.049967 0.488945 0.0417219 0.0783579 9.9982E-05 9.9982E-05
0.81161 9.9982E-05 0.0342442 0.0856437 9.9982E-05 0.0428176 0.0254847
0.784386 9.9973E-05 0.0206013 0.16441 0.0303027 9.9973E-05 9.9973E-05
0.848192 9.9973E-05 0.0129079 0.104763 9.9973E-05 9.9973E-05 0.0338367
0.942991 9.9973E-05 0.0107406 0.0262494 9.9973E-05 9.9973E-05 0.0197193
9.99639E-05 9.99639E-05 9.99639E-05 0.00183829 0.988267 0.009495 9.99639E-05
9.9955E-05 9.9955E-05 9.9955E-05 9.9955E-05 0.997754 9.9955E-05 0.00174589
0.0203436 9.9973E-05 0.683193 0.0026305 0.293533 9.9973E-05 9.9973E-05
9.9955E-05 9.9955E-05 0.468367 9.9955E-05 0.531133 9.9955E-05 9.9955E-05
9.9955E-05 9.9955E-05 9.9955E-05 9.9955E-05 0.99871 9.9955E-05 0.000790103
9.9973E-05 0.0355826 9.9973E-05 9.9973E-05 0.917693 0.0436415 0.00278325
9.995E-05 9.995E-05 9.995E-05 9.995E-05 0.9994 9.995E-05 9.995E-05
0.0134618 9.9964E-05 0.79765 9.9964E-05 0.188488 9.9964E-05 9.9964E-05
0.0355672 9.9964E-05 9.9964E-05 0.261905 9.9964E-05 0.702128 9.9964E-05
9.9973E-05 9.9973E-05 0.029551 0.379939 9.9973E-05 0.56458 0.0256307
9.99641E-05 9.99641E-05 9.99641E-05 0.26862 9.99641E-05 0.72902 0.00196037
0.0270538 9.9982E-05 0.00678347 0.234645 0.0257671 0.705551 9.9982E-05
0.0355603 0.337682 0.152437 0.0168034 0.361534 0.0958829 9.9991E-05
0.0319806 0.410637 0.208419 9.9982E-05 0.325683 0.0230815 9.9982E-05
9.9982E-05 0.514389 0.168713 0.0356056 0.268546 0.0125459 9.9982E-05
9.9982E-05 0.562147 0.127392 0.034987 0.248628 0.0266459 9.9982E-05
0.0834189 0.105146 0.0373811 0.0407729 0.476199 0.158777 0.0983047
9.9982E-05 0.461414 0.119475 9.9982E-05 0.0352868 0.352391 0.0312338
9.9955E-05 9.9955E-05 9.9955E-05 9.9955E-05 0.965882 0.0336184 9.9955E-05
9.9964E-05 9.9964E-05 0.895587 0.0145894 0.0894233 9.9964E-05 9.9964E-05
9.9973E-05 9.9973E-05 0.848928 0.0149638 0.121918 9.9973E-05 0.0138906
0.466749 0.0348619 0.0481893 9.99822E-05 9.99822E-05 0.403538 0.0464611
0.0416212 0.106405 0.0255464 0.00231678 0.0338752 0.72481 0.0654251
0.874761 9.9964E-05 9.9964E-05 0.0880348 9.9964E-05 0.0368042 9.9964E-05
0.0914185 0.00824321 0.0125389 0.8772 9.9982E-05 9.9982E-05 0.0103995
0.27551 9.9973E-05 0.0189266 0.650717 9.9973E-05 9.9973E-05 0.0545466
0.462536 0.00730368 9.9991E-05 0.46642 0.0382947 0.0165804 0.00876494
0.375629 0.0296245 9.9991E-05 0.0602848 0.0337276 0.474442 0.0261927
0.915533 9.9955E-05 9.9955E-05 0.0839674 9.9955E-05 9.9955E-05 9.9955E-05
0.946088 0.0128474 9.9973E-05 0.0349473 0.00581733 9.9973E-05 9.9973E-05
0.886956 9.9973E-05 9.9973E-05 0.0522679 0.0346644 9.9973E-05 0.0258123
0.922555 9.9964E-05 9.9964E-05 0.048216 9.9964E-05 9.9964E-05 0.0288291
0.134201 0.107689 0.0709665 0.0311674 0.415427 0.161922 0.0786275
0.43887 0.0418142 0.0852131 0.0113858 0.24955 0.155927 0.0172399
0.2909 0.178918 0.215054 9.99911E-05 0.205346 0.089525 0.0201568
0.0693095 0.172296 0.140823 9.9991E-05 0.416826 0.14888 0.0517654
0.533919 0.0386592 0.0610114 0.124227 0.00454817 0.188244 0.049392
0.938334 9.9973E-05 0.0095868 9.9973E-05 9.9973E-05 0.0356355 0.0161437
9.9982E-05 0.0794312 0.882225 9.9982E-05 0.00253515 0.0336441 0.00196474
0.727285 0.00665051 9.9991E-05 0.0652011 0.0457126 0.075161 0.0798896
0.133341 9.9964E-05 9.9964E-05 0.844893 0.0213659 9.9964E-05 9.9964E-05
9.99641E-05 0.00726063 9.99641E-05 0.958123 9.99641E-05 9.99641E-05 0.0342164
0.955128 9.9955E-05 9.9955E-05 0.0443722 9.9955E-05 9.9955E-05 9.9955E-05
0.161686 0.0190869 0.0195221 9.9991E-05 0.147569 0.196476 0.455561
0.461611 0.0145203 0.0303931 0.367918 9.9991E-05 0.124812 0.000646177
0.0694289 9.9955E-05 9.9955E-05 0.930071 9.9955E-05 9.9955E-05 9.9955E-05
0.674165 9.9973E-05 9.9973E-05 0.129424 0.0501134 0.145998 9.9973E-05
0.128879 0.00790635 0.0421673 0.0304719 0.0740007 0.22163 0.494945
9.9955E-05 9.9955E-05 0.00410384 9.9955E-05 9.9955E-05 9.9955E-05 0.995396
0.0299057 0.774216 0.109778 9.9982E-05 0.059797 0.0261028 9.9982E-05
0.072356 0.0571905 0.0216602 0.677544 0.0201425 0.13735 0.0137571
9.9991E-05 0.00889 0.278125 0.0681586 0.0555425 0.533819 0.0553655
0.0518606 0.0362933 0.0157978 9.9991E-05 0.0184293 0.827233 0.0502855
0.0887459 0.00492012 0.0619718 9.9982E-05 9.9982E-05 0.823665 0.0204975
9.9973E-05 9.9973E-05 9.9973E-05 0.914938 0.00466166 0.058347 0.0217534
0.01801 0.925443 0.00522283 0.0360702 9.9982E-05 9.9982E-05 0.0150538
0.0229446 0.0326852 0.502775 0.0241203 0.0329669 0.348297 0.0362108
9.9955E-05 9.9955E-05 9.9955E-05 0.222028 9.9955E-05 0.777472 9.9955E-05
0.013243 9.9964E-05 9.9964E-05 0.961845 9.9964E-05 0.0245116 9.9964E-05
9.9964E-05 9.9964E-05 9.9964E-05 0.168104 9.9964E-05 0.817955 0.0135412
0.00692333 0.032125 0.262599 0.0653134 9.9991E-05 0.550667 0.0822732
9.9991E-05 0.0146895 0.280106 0.0563907 0.0190722 0.543957 0.0856845
0.0670722 0.296581 0.388827 9.9982E-05 0.0504012 0.196919 9.9982E-05
0.0241967 0.640029 0.149101 0.0392709 0.066149 0.0811533 9.9991E-05
0.0443826 0.105686 0.395753 9.9991E-05 0.0240407 0.412276 0.0177619
0.00743877 0.0624336 0.067115 9.9991E-05 0.0333709 0.782185 0.0473562
0.0200899 9.9964E-05 9.9964E-05 0.956784 9.9964E-05 0.0227264 9.9964E-05
0.058322 0.000151919 9.9973E-05 0.888623 9.9973E-05 0.0526031 9.9973E-05
0.413033 0.0689477 9.9991E-05 0.0214266 0.0567699 0.313847 0.125875
0.00871273 0.259031 0.397635 0.0722941 9.9991E-05 0.242059 0.0201676
0.00643101 0.0462197 0.016181 9.9991E-05 0.00767241 0.910164 0.0132318
0.961047 0.000489463 9.9973E-05 9.9973E-05 9.9973E-05 0.017114 0.0210499
0.0141948 0.328771 9.9982E-05 9.9982E-05 0.18206 0.441333 0.0334408
0.392859 0.104802 0.0377233 0.0298244 0.112991 0.293904 0.027897
0.0602696 0.321227 0.106148 9.99911E-05 0.277823 0.0901215 0.144312
0.53412 0.048026 0.0248573 0.049108 0.0561728 0.166119 0.121598
9.9973E-05 0.0237226 9.9973E-05 0.51464 9.9973E-05 0.433174 0.0281635
0.190652 0.0183731 9.9982E-05 9.9982E-05 0.0962352 0.593511 0.101029
0.969232 9.9964E-05 9.9964E-05 9.9964E-05 0.0152185 0.0151501 9.9964E-05
0.913749 0.00512192 9.9973E-05 9.9973E-05 0.0661081 0.0147208 9.9973E-05
9.9973E-05 0.00862418 9.9973E-05 0.942668 9.9973E-05 0.040486 0.00792169
0.963801 0.0113601 0.00806904 0.0041262 9.9982E-05 9.9982E-05 0.0124433
0.589111 0.0521982 0.0353679 0.0150139 0.0734911 0.15396 0.0808586
0.836979 9.9991E-05 0.0383871 0.0689865 0.00632471 0.0195644 0.0296582
0.828688 0.0170436 0.0165563 0.0282775 9.9982E-05 0.109234 9.9982E-05
0.00714331 0.0320377 0.2332 0.115046 0.0299975 0.496872 0.0857044
0.022885 0.790528 0.118065 9.9982E-05 0.0510626 0.0172593 9.9982E-05
0.00530024 0.893477 0.0565626 9.9973E-05 0.0443604 9.9973E-05 9.9973E-05
0.13644 0.0106577 9.9991E-05 0.813795 0.0260274 0.00337475 0.00960514
0.0120322 0.807771 0.118906 9.9973E-05 0.0609909 9.9973E-05 9.9973E-05
0.0526049 9.9973E-05 9.9973E-05 9.9973E-05 0.0253484 0.0111338 0.910613
9.9964E-05 0.00531834 9.9964E-05 0.0152082 9.9964E-05 9.9964E-05 0.979074
0.189327 0.183007 9.9991E-05 0.0902485 0.0215459 0.0137726 0.501999
0.789911 0.0304755 0.0283155 9.9982E-05 0.00430441 0.146794 9.9982E-05
9.9973E-05 0.0069218 0.0117594 9.9973E-05 0.00152509 9.9973E-05 0.979494
9.9964E-05 9.9964E-05 9.9964E-05 9.9964E-05 0.00705936 0.00315025 0.989391
9.9955E-05 9.9955E-05 0.0166366 9.9955E-05 9.9955E-05 9.9955E-05 0.982864
9.9964E-05 9.9964E-05 0.00789731 0.0066787 9.9964E-05 9.9964E-05 0.985024
9.9955E-05 9.9955E-05 0.000257055 9.9955E-05 9.9955E-05 9.9955E-05 0.999243
9.9973E-05 0.0148428 0.00117825 0.966657 9.9973E-05 0.0170216 9.9973E-05
0.0389157 0.0838225 0.0149169 9.9982E-05 9.9982E-05 0.806972 0.055173
9.9982E-05 9.9982E-05 0.0330478 0.234639 0.0209823 0.687981 0.0231507
9.99549E-05 9.99549E-05 9.99549E-05 0.201724 9.99549E-05 0.797776 9.99549E-05
0.466408 9.9973E-05 0.00840406 0.44776 9.9973E-05 0.0771282 9.9973E-05
9.9964E-05 9.9964E-05 9.9964E-05 0.891434 9.9964E-05 0.0594764 0.0486899
9.9973E-05 0.0821818 0.00258618 9.9973E-05 9.9973E-05 0.883721 0.0312114
9.9973E-05 9.9973E-05 0.0290788 0.144952 9.9973E-05 0.78028 0.0453887
9.9964E-05 0.0391521 9.9964E-05 0.321088 9.9964E-05 0.63936 9.9964E-05
9.9964E-05 9.9964E-05 0.0257384 9.9964E-05 9.9964E-05 0.956181 0.0176806
9.9973E-05 0.0124646 9.9973E-05 9.9973E-05 0.0143078 0.0213864 0.951541
0.136219 0.0797784 0.0974641 0.578209 9.9991E-05 0.0864028 0.0218271
0.820949 9.9982E-05 9.9982E-05 0.0731559 0.0606375 0.039312 0.00574527
0.869241 0.0111321 0.0135455 0.00184821 0.000196462 0.0699078 0.0341292
0.682139 0.00196774 9.9991E-05 0.0884579 0.104828 0.0858409 0.0366671
0.0832454 9.9973E-05 9.9973E-05 0.907672 0.00223517 0.00654745 9.9973E-05
9.9973E-05 9.9973E-05 0.031616 0.733407 9.9973E-05 0.210818 0.0238591
9.9955E-05 0.718417 0.281083 9.9955E-05 9.9955E-05 9.9955E-05 9.9955E-05
0.208192 0.035323 0.35175 0.250693 0.0259668 0.115339 0.0127364
9.9991E-05 0.0117216 0.000515232 0.517033 0.00423202 0.444645 0.0217529
