0.103323 0.108218 0.0109901 0.112951 9.9991E-05 0.0462942 0.618123
9.9982E-05 0.418867 9.9982E-05 0.146421 0.0277834 0.0723779 0.334351
9.999E-05 0.411441 0.0143086 0.141986 0.0133355 0.102263 0.316566
0.0941117 0.104069 0.00807072 0.112316 9.9991E-05 0.0807716 0.600561
9.9982E-05 0.931282 0.0251006 0.00202758 9.9982E-05 0.00105693 0.0403328
9.999E-05 0.429858 0.0192131 0.144152 0.0603987 0.0398809 0.306397
0.464936 9.9964E-05 0.528784 9.9964E-05 0.00588034 9.9964E-05 9.9964E-05
0.0151118 9.9955E-05 0.984388 9.9955E-05 9.9955E-05 9.9955E-05 9.9955E-05
9.9955E-05 9.9955E-05 0.991335 0.00816549 9.9955E-05 9.9955E-05 9.9955E-05
9.995E-05 9.995E-05 0.9994 9.995E-05 9.995E-05 9.995E-05 9.995E-05
0.171667 0.0162164 9.9982E-05 0.0206379 9.9982E-05 0.776248 0.0150305
0.0528913 9.9973E-05 0.0172165 9.9973E-05 9.9973E-05 0.90557 0.0240227
0.0728954 9.9973E-05 0.00699651 9.9973E-05 9.9973E-05 0.907445 0.0123636
0.0768863 9.99551E-05 9.99551E-05 9.99551E-05 9.99551E-05 0.922614 9.99551E-05
0.00730127 9.9982E-05 0.0145104 0.00847817 0.822152 9.9982E-05 0.147358
9.995E-05 9.995E-05 0.9994 9.995E-05 9.995E-05 9.995E-05 9.995E-05
0.903546 9.9973E-05 0.0365382 9.9973E-05 9.9973E-05 0.00963041 0.0499857
0.0170656 9.99731E-05 0.0119836 9.99731E-05 0.877985 0.0926662 9.99731E-05
0.0183814 9.9991E-05 0.0338203 0.0467735 0.550898 0.19536 0.154667
0.00499541 9.9973E-05 0.024886 9.9973E-05 0.388863 0.580955 9.9973E-05
9.9982E-05 9.9982E-05 0.0239668 0.00257383 0.828434 0.0303508 0.114475
9.9982E-05 9.9982E-05 0.0225831 0.0179983 0.0602244 0.888736 0.0102586
0.0306792 9.9973E-05 0.00793285 9.9973E-05 0.893032 0.0680563 9.9973E-05
0.00971808 9.9991E-05 0.0412613 0.00677332 0.0903127 0.816126 0.0357088
9.9964E-05 9.9964E-05 9.9964E-05 9.9964E-05 0.0513319 0.931271 0.0169969
0.0405586 9.9982E-05 9.9982E-05 0.00930244 0.925579 0.00127209 0.0230875
9.9964E-05 9.9964E-05 0.0160811 9.9964E-05 0.873362 0.110157 9.9964E-05
9.999E-05 0.00668959 0.00436934 0.0602212 0.620507 0.279582 0.0285306
9.9973E-05 9.9973E-05 0.0212022 0.0287935 0.922963 0.0267411 9.9973E-05
0.00472375 9.9973E-05 9.9973E-05 0.0128383 0.945093 0.0370452 9.9973E-05
9.9964E-05 9.9964E-05 9.9964E-05 0.0275575 0.0368725 0.93517 9.9964E-05
0.189581 9.9955E-05 9.9955E-05 9.9955E-05 9.9955E-05 0.809919 9.9955E-05
0.0186637 0.00169847 9.9982E-05 0.00193648 0.903323 0.074178 9.9982E-05
9.9982E-05 9.9982E-05 0.0130174 0.00739314 0.167727 0.767404 0.0442584
9.9964E-05 9.9964E-05 0.00933277 9.9964E-05 0.946298 0.0439692 9.9964E-05
9.9964E-05 9.9964E-05 9.9964E-05 9.9964E-05 0.0442694 0.946517 0.00881386
9.9964E-05 0.00916479 9.9964E-05 9.9964E-05 0.900864 0.0895714 9.9964E-05
9.9973E-05 9.9973E-05 9.9973E-05 0.0258631 0.0413374 0.92538 0.00711984
0.015761 0.157538 9.9973E-05 0.136528 9.9973E-05 9.9973E-05 0.689873
0.00266788 0.851654 9.9973E-05 0.14331 9.9973E-05 0.00206805 9.9973E-05
0.138874 0.0854422 9.9964E-05 9.9964E-05 9.9964E-05 0.775284 9.9964E-05
9.9955E-05 9.9955E-05 9.9955E-05 9.9955E-05 0.931795 0.0677047 9.9955E-05
9.9964E-05 9.9964E-05 9.9964E-05 0.0191651 0.0484705 0.931965 9.9964E-05
0.367701 0.225523 9.9973E-05 0.380889 9.9973E-05 9.9973E-05 0.025587
0.0353252 9.9991E-05 0.0606771 0.0251062 0.561655 0.217137 0.0999999
0.0965039 9.9982E-05 0.0419205 9.9982E-05 0.387844 0.438689 0.0348424
9.9982E-05 0.0212795 0.0573481 9.9982E-05 0.845025 0.0402088 0.0359384
0.00656656 0.499595 9.9991E-05 0.157685 0.0650904 0.0600989 0.210864
0.0198261 0.191845 0.00694828 0.68525 9.9982E-05 9.9982E-05 0.0959309
0.294494 9.9955E-05 9.9955E-05 9.9955E-05 9.9955E-05 9.9955E-05 0.705006
0.169111 9.9964E-05 9.9964E-05 9.9964E-05 9.9964E-05 0.126204 0.704285
0.175391 9.99639E-05 9.99639E-05 9.99639E-05 9.99639E-05 0.15483 0.669379
0.220792 9.99549E-05 9.99549E-05 9.99549E-05 9.99549E-05 9.99549E-05 0.778708
0.0157741 0.0157747 0.951114 9.9973E-05 9.9973E-05 0.017037 9.9973E-05
0.0127491 0.00507768 0.948907 0.010718 9.9991E-05 0.0146332 0.00781547
0.436814 9.9973E-05 0.0250623 9.9973E-05 0.0180575 0.519767 9.9973E-05
9.9964E-05 9.9964E-05 9.9964E-05 9.9964E-05 0.0640118 0.915662 0.0199268
9.9991E-05 0.181925 0.0107292 0.0505724 0.213255 0.0368654 0.506553
9.9964E-05 0.894601 9.9964E-05 0.0250466 9.9964E-05 9.9964E-05 0.0799521
0.0111916 0.496247 9.9982E-05 0.382306 0.0300278 9.9982E-05 0.0800278
0.95628 9.9964E-05 9.9964E-05 0.0242649 9.9964E-05 9.9964E-05 0.0190548
0.706149 0.0391849 0.0116372 9.9991E-05 0.0254604 0.0145906 0.202877
0.714655 0.0150922 0.0200695 0.0392199 9.9991E-05 0.0436757 0.167188
0.0128033 9.9964E-05 0.953171 9.9964E-05 9.9964E-05 9.9964E-05 0.0336257
9.9964E-05 0.9296 9.9964E-05 9.9964E-05 9.9964E-05 0.00517156 0.0648283
0.980283 9.9964E-05 9.9964E-05 0.0130529 0.00626406 9.9964E-05 9.9964E-05
0.042316 0.0786974 9.9973E-05 0.067178 9.9973E-05 9.9973E-05 0.811509
0.0310633 9.9964E-05 9.9964E-05 9.9964E-05 0.0302254 0.938311 9.9964E-05
0.0569193 9.99551E-05 9.99551E-05 9.99551E-05 9.99551E-05 0.942581 9.99551E-05
0.0248836 0.0370555 0.811466 0.00390495 0.0384353 9.9991E-05 0.0841546
0.0363809 9.9982E-05 0.801219 0.00371167 0.0591476 9.9982E-05 0.0993411
0.0294495 9.9982E-05 0.884119 0.00104077 9.9982E-05 0.0223157 0.0628748
9.9964E-05 0.0167852 0.962257 9.9964E-05 9.9964E-05 9.9964E-05 0.0205582
0.00244863 9.9973E-05 0.965872 9.9973E-05 9.9973E-05 0.00667742 0.0247025
0.00138082 0.00993235 0.987772 9.9973E-05 0.000614879 9.9973E-05 9.9973E-05
0.00808685 9.9964E-05 0.985935 9.9964E-05 0.00557805 9.9964E-05 9.9964E-05
9.9982E-05 0.0139971 0.966116 0.000157792 9.9982E-05 0.0040322 0.0154972
0.0128513 0.0127877 0.960638 0.0118072 9.9991E-05 0.000241093 0.00157495
9.9955E-05 9.9955E-05 0.996639 9.9955E-05 0.00286131 9.9955E-05 9.9955E-05
9.9982E-05 0.00987571 0.924704 9.9982E-05 0.00939379 0.021449 0.0343774
9.9982E-05 0.00207785 0.927962 0.00279934 0.011596 9.9982E-05 0.0553651
9.9991E-05 0.00526013 0.938263 0.00692668 0.00886801 0.0105468 0.0300357
9.9964E-05 9.9964E-05 0.548496 9.9964E-05 0.415796 0.0353082 9.9964E-05
9.9964E-05 9.9964E-05 0.5699 9.9964E-05 0.423317 0.006383 9.9964E-05
9.995E-05 9.995E-05 0.9994 9.995E-05 9.995E-05 9.995E-05 9.995E-05
9.9955E-05 9.9955E-05 0.938615 9.9955E-05 9.9955E-05 9.9955E-05 0.0608856
0.00636547 0.0114091 0.94213 9.9973E-05 9.9973E-05 9.9973E-05 0.039796
9.9991E-05 0.0269097 0.924032 0.0014883 0.0207228 0.0203912 0.00635621
9.995E-05 9.995E-05 0.9994 9.995E-05 9.995E-05 9.995E-05 9.995E-05
9.99641E-05 9.99641E-05 0.55529 9.99641E-05 0.420142 0.0241685 9.99641E-05
0.0168565 0.00614202 0.888083 0.0191074 0.051086 0.0091223 0.00960267
0.0526293 0.00511476 0.93405 9.9973E-05 0.00790582 9.9973E-05 9.9973E-05
0.0300795 0.000776453 0.941345 9.9973E-05 9.9973E-05 9.9973E-05 0.0274988
9.9973E-05 0.0174847 0.9505 0.0210793 0.0106364 9.9973E-05 9.9973E-05
0.0362203 0.00439567 0.88167 9.9991E-05 0.0188781 0.0340637 0.0246722
0.0121934 9.9964E-05 0.963667 9.9964E-05 9.9964E-05 9.9964E-05 0.0237397
0.202953 0.126371 9.9982E-05 0.0463368 0.613926 9.9982E-05 0.0102127
9.9982E-05 0.00937271 0.94944 9.9982E-05 0.0303304 0.00720392 0.00345253
9.9964E-05 9.9964E-05 0.989942 9.9964E-05 0.00216676 9.9964E-05 0.00749129
0.0402964 0.0587701 0.712945 0.0682275 0.0542628 0.0205883 0.0449095
9.995E-05 9.995E-05 0.9994 9.995E-05 9.995E-05 9.995E-05 9.995E-05
0.00986093 0.00882124 0.980918 9.9964E-05 9.9964E-05 9.9964E-05 9.9964E-05
9.9964E-05 9.9964E-05 0.967771 0.00101082 9.9964E-05 9.9964E-05 0.0308182
9.9982E-05 0.00249824 0.958383 9.9982E-05 0.027772 0.00279698 0.0083496
0.00704958 9.9982E-05 0.0684629 0.0164476 0.905447 0.00239343 9.9982E-05
9.995E-05 9.995E-05 0.9994 9.995E-05 9.995E-05 9.995E-05 9.995E-05
9.9964E-05 9.9964E-05 0.940949 0.0187999 9.9964E-05 9.9964E-05 0.0398516
0.000169629 0.00381085 0.99562 9.9964E-05 9.9964E-05 9.9964E-05 9.9964E-05
0.10239 9.9982E-05 0.0157763 0.00294349 0.615822 0.262868 9.9982E-05
9.9973E-05 0.0177398 0.942845 0.0288731 9.9973E-05 0.0102418 9.9973E-05
9.9964E-05 9.9964E-05 0.94815 9.9964E-05 9.9964E-05 0.0309576 0.0204923
0.00418999 9.9973E-05 0.951027 9.9973E-05 0.0210131 9.9973E-05 0.0234699
0.00453188 9.9964E-05 0.98693 9.9964E-05 9.9964E-05 0.0081378 9.9964E-05
0.0126432 9.9982E-05 0.0166098 9.9982E-05 0.653101 0.250251 0.0671951
9.995E-05 9.995E-05 0.9994 9.995E-05 9.995E-05 9.995E-05 9.995E-05
9.9982E-05 0.0117218 0.917968 0.00567638 0.000281363 9.9982E-05 0.0641522
9.9964E-05 9.9964E-05 0.493812 9.9964E-05 0.473819 0.0319694 9.9964E-05
9.995E-05 9.995E-05 0.9994 9.995E-05 9.995E-05 9.995E-05 9.995E-05
0.00103017 9.9982E-05 0.0472163 9.9982E-05 0.212891 0.727788 0.0108748
9.9973E-05 0.041031 9.9973E-05 9.9973E-05 0.276668 0.664177 0.0178249
0.000172484 0.0396373 0.00912857 9.9991E-05 0.0327685 0.875387 0.0428057
0.0609837 9.9973E-05 0.0176728 9.9973E-05 0.880917 0.0401269 9.9973E-05
0.782007 0.0392995 0.0649357 0.00736507 9.9991E-05 0.0180947 0.0881977
9.9982E-05 0.0116552 0.0503612 0.0129902 0.0588817 0.865912 9.9982E-05
0.352638 0.0275371 9.9991E-05 0.0538285 0.199016 0.360469 0.00641145
9.9973E-05 0.0320152 0.018452 9.9973E-05 0.177651 0.771582 9.9973E-05
9.9982E-05 0.0241678 0.010478 0.0209495 0.301081 0.643124 9.9982E-05
9.9982E-05 9.9982E-05 0.0267452 0.0192212 0.190728 0.721768 0.0413376
9.9973E-05 0.0128551 9.9973E-05 0.0801817 0.286666 0.619998 9.9973E-05
9.9982E-05 0.0365512 0.0169035 0.024912 0.333621 0.587813 9.9982E-05
9.9973E-05 0.0221234 0.00888836 9.9973E-05 0.00112849 0.96756 9.9973E-05
0.108084 0.0281912 0.0282191 0.00258573 9.9982E-05 0.83272 9.9982E-05
0.0974512 0.0103814 0.0281289 9.9973E-05 9.9973E-05 0.863739 9.9973E-05
0.06669 0.0101452 0.0468445 0.0106342 0.764561 0.0653783 0.0357472
0.067268 0.412178 0.00649822 0.487931 0.025925 9.9982E-05 9.9982E-05
0.045575 0.402096 0.0250978 0.469714 0.0123798 9.9991E-05 0.0450371
0.0324523 0.746208 0.0072645 0.112822 9.9991E-05 0.00593045 0.0952227
0.315821 0.0188295 0.104262 0.0671118 0.352266 0.0628912 0.0788181
0.0431203 0.39962 0.0574145 0.485478 9.9982E-05 9.9982E-05 0.0141675
0.0717326 0.388544 0.0286175 0.44952 9.9982E-05 9.9982E-05 0.0613855
0.241032 0.0476341 0.105952 0.025222 0.155891 0.42417 9.9991E-05
0.0212919 0.532145 0.0209643 0.359557 9.9982E-05 9.9982E-05 0.0658416
0.0182784 0.469509 9.9991E-05 0.386046 0.0527761 0.0201567 0.0531341
0.0261481 0.503539 9.9973E-05 0.417012 9.9973E-05 9.9973E-05 0.0530015
0.0572934 0.225141 0.00978943 0.543649 0.0718572 9.9991E-05 0.0921704
0.0193003 0.242882 0.00584577 0.613322 0.028589 9.9991E-05 0.0899617
9.9982E-05 0.418505 9.9982E-05 0.470734 0.0351618 0.0400638 0.0353361
0.806978 9.99729E-05 0.00238779 0.0441363 9.99729E-05 9.99729E-05 0.146198
0.00402102 0.796612 0.00225177 0.167776 0.0291394 9.9982E-05 9.9982E-05
9.9973E-05 9.9973E-05 0.0149946 9.9973E-05 0.90705 0.0188706 0.0587851
0.0173 9.9982E-05 0.0309951 0.0220308 0.928253 0.00122133 9.9982E-05
0.0125607 0.891945 9.9982E-05 0.0453138 0.0178276 9.9982E-05 0.0321534
0.113739 0.118435 0.149127 0.150063 0.175668 0.138274 0.154694
0.723876 0.0161886 0.00307822 0.0726988 0.025707 0.0348442 0.123608
0.161829 0.0814096 9.9973E-05 0.051436 9.9973E-05 0.705025 9.9973E-05
0.0702003 9.9973E-05 9.9973E-05 0.0572387 0.810772 0.0614893 9.9973E-05
0.218836 0.11932 0.0273402 0.140264 9.9982E-05 0.494039 9.9982E-05
0.821643 0.0144057 9.9991E-05 0.0693927 0.0385741 0.0230848 0.0327997
0.0770135 0.242978 0.0144126 0.607964 0.0478555 0.00967624 9.9991E-05
0.862558 0.00756457 0.0115931 9.9973E-05 9.9973E-05 9.9973E-05 0.117984
9.9991E-05 0.0302401 0.0481085 0.0689096 0.13842 0.0809448 0.633277
0.061002 9.9964E-05 0.0258067 9.9964E-05 0.912791 9.9964E-05 9.9964E-05
0.0425672 0.793575 0.0561918 0.107281 9.9982E-05 0.00018433 9.9982E-05
0.0751329 0.408222 0.00504689 0.00324895 9.9982E-05 0.508149 9.9982E-05
9.9973E-05 0.919785 0.0149841 9.9973E-05 0.0577279 0.00720334 9.9973E-05
0.377486 0.100392 0.0337908 0.0796489 0.0323337 0.330503 0.0458459
9.995E-05 0.9994 9.995E-05 9.995E-05 9.995E-05 9.995E-05 9.995E-05
0.892942 0.0312082 9.9973E-05 9.9973E-05 0.0402137 0.0353366 9.9973E-05
0.0308869 0.805724 0.046036 9.9991E-05 0.0475435 0.0689274 0.000781754
0.0475335 0.855962 0.0536066 9.9991E-05 0.0240698 0.0149167 0.00381106
0.0820831 0.0677595 9.9973E-05 0.0017611 0.848096 9.9973E-05 9.9973E-05
0.0827692 0.147881 9.9991E-05 0.179196 0.406011 0.0975415 0.0865021
0.263535 0.0597932 0.0213487 0.0518487 0.313843 0.289532 9.9991E-05
0.00780971 0.0534759 9.9991E-05 0.811486 0.0302481 0.007675 0.0892056
9.9964E-05 9.9964E-05 9.9964E-05 0.923507 9.9964E-05 0.0322769 0.0438159
9.9973E-05 9.9973E-05 9.9973E-05 0.901296 0.0127199 0.00990254 0.0757815
0.0247603 9.9991E-05 0.0249839 0.866046 0.0339614 0.0125127 0.0376362
9.9964E-05 9.9964E-05 9.9964E-05 0.022349 0.950795 9.9964E-05 0.0264563
9.9982E-05 0.0253105 0.000843918 9.9982E-05 0.89858 0.0126451 0.0624203
0.0279925 9.9991E-05 0.0205528 0.0214487 0.809503 0.0433318 0.0770713
0.0205303 0.349983 9.9982E-05 0.528291 9.9982E-05 0.0182522 0.082743
0.0718131 0.17166 0.145603 0.123567 0.178858 0.131932 0.176567
9.9991E-05 0.00587394 0.121703 0.103898 0.37137 0.00198335 0.395071
9.9982E-05 0.0122897 0.0304492 9.9982E-05 0.742231 0.0883813 0.126449
9.9982E-05 0.0313436 0.0824306 9.9982E-05 0.642455 0.0788104 0.16476
9.9982E-05 0.00303758 0.0377661 0.0770531 0.735135 9.9982E-05 0.146808
9.9991E-05 0.0529293 0.145323 0.0647392 0.471705 0.0311423 0.234061
0.143716 0.0257145 0.0085466 0.0650041 9.9991E-05 0.0644928 0.692426
0.062749 0.00274817 9.9991E-05 0.00515198 0.0276755 0.879679 0.0218963
0.140347 9.9982E-05 0.0357639 0.0273195 0.239046 0.557324 9.9982E-05
9.9955E-05 0.9697 9.9955E-05 9.9955E-05 9.9955E-05 9.9955E-05 0.0298001
9.9964E-05 0.911235 9.9964E-05 9.9964E-05 9.9964E-05 0.0053518 0.0830131
9.9973E-05 0.897852 9.9973E-05 9.9973E-05 0.00846394 0.00752126 0.0858632
9.9964E-05 0.433386 9.9964E-05 0.341742 9.9964E-05 9.9964E-05 0.224472
9.9973E-05 0.32651 9.9973E-05 0.0545142 0.00459953 9.9973E-05 0.614076
9.9964E-05 0.331835 9.9964E-05 0.0593744 9.9964E-05 9.9964E-05 0.608391
9.9973E-05 9.9973E-05 0.0104367 0.00435116 0.904448 9.9973E-05 0.0804638
9.9973E-05 0.0174154 9.9973E-05 0.0345188 0.840692 9.9973E-05 0.107074
0.0202451 9.9973E-05 0.0136148 9.9973E-05 0.965352 0.000488289 9.9973E-05
0.812533 0.0401515 0.0109665 9.9991E-05 0.0100603 0.0874646 0.0387237
0.0200727 0.953163 0.02018 9.9973E-05 0.00628466 9.9973E-05 9.9973E-05
9.9973E-05 0.960045 0.021997 9.9973E-05 0.0145161 0.00314237 9.9973E-05
0.0150694 0.951495 0.00139011 0.0317451 9.99766E-05 9.99766E-05 9.99766E-05
0.0126898 0.893998 9.9973E-05 0.0675395 9.9973E-05 0.0254724 9.9973E-05
0.0227833 0.893418 0.0113143 0.0240641 0.00545779 0.0428626 9.9991E-05
0.193867 0.0967105 9.9964E-05 9.9964E-05 9.9964E-05 0.709023 9.9964E-05
0.0187708 0.343487 0.0799168 0.317187 0.0566455 9.9991E-05 0.183893
0.950943 9.9964E-05 9.9964E-05 9.9964E-05 0.015009 9.9964E-05 0.0336483
0.189471 0.0746299 9.9964E-05 9.9964E-05 9.9964E-05 0.735499 9.9964E-05
0.160754 0.0457506 9.9973E-05 0.0204127 0.772783 9.9973E-05 9.9973E-05
0.19088 9.9955E-05 9.9955E-05 9.9955E-05 9.9955E-05 0.80862 9.9955E-05
0.264543 9.9955E-05 9.9955E-05 9.9955E-05 9.9955E-05 0.734957 9.9955E-05
0.26246 9.9964E-05 0.00325934 9.9964E-05 9.9964E-05 0.73388 9.9964E-05
9.9964E-05 0.958736 0.0229288 9.9964E-05 9.9964E-05 0.0179352 9.9964E-05
0.0130458 0.986454 9.9955E-05 9.9955E-05 9.9955E-05 9.9955E-05 9.9955E-05
9.9982E-05 0.39694 9.9982E-05 0.185199 0.0461979 0.0452252 0.326237
9.9964E-05 0.969245 0.0182063 9.9964E-05 9.9964E-05 0.0121488 9.9964E-05
9.995E-05 0.9994 9.995E-05 9.995E-05 9.995E-05 9.995E-05 9.995E-05
0.0909827 0.408249 0.0225395 0.0132955 9.9982E-05 0.464733 9.9982E-05
9.9973E-05 0.833337 9.9973E-05 0.0892756 0.0335321 9.9973E-05 0.0435558
9.9973E-05 0.877673 9.9973E-05 0.0549732 0.0338469 9.9973E-05 0.0332072
9.9982E-05 0.235123 0.020359 0.141104 0.0804646 9.9982E-05 0.522749
0.907279 9.9982E-05 0.0078462 0.0235933 0.00190678 0.0591743 9.9982E-05
0.150415 0.716069 9.9973E-05 0.112807 9.9973E-05 0.0204091 9.9973E-05
0.0420091 0.0192596 0.423007 0.19109 0.315268 0.00926584 9.9991E-05
0.116563 0.753642 9.9973E-05 0.0515873 9.9973E-05 0.0779082 9.9973E-05
0.00403822 0.973627 0.0136339 9.9973E-05 9.9973E-05 0.00840127 9.9973E-05
0.175311 0.0227886 9.9964E-05 9.9964E-05 9.9964E-05 0.801501 9.9964E-05
0.127446 0.279937 9.9964E-05 9.9964E-05 9.9964E-05 0.592217 9.9964E-05
0.875652 9.9964E-05 9.9964E-05 9.9964E-05 0.0144908 9.9964E-05 0.109457
0.0672469 9.9955E-05 9.9955E-05 9.9955E-05 9.9955E-05 9.9955E-05 0.932253
9.9964E-05 9.9964E-05 9.9964E-05 9.9964E-05 0.0471437 0.939603 0.0128536
0.172307 9.99639E-05 9.99639E-05 9.99639E-05 9.99639E-05 0.128434 0.69886
0.92352 0.0183033 9.9973E-05 9.9973E-05 0.0264867 0.0313899 9.9973E-05
0.876174 0.0380521 9.9973E-05 9.9973E-05 0.0265725 0.0589019 9.9973E-05
0.182353 9.99549E-05 9.99549E-05 9.99549E-05 9.99549E-05 9.99549E-05 0.817147
0.213993 0.0226329 0.00513584 0.0252212 9.9991E-05 0.278774 0.454143
0.943094 9.9973E-05 0.00583448 9.9973E-05 9.9973E-05 0.00278525 0.0479863
9.9991E-05 0.236407 0.0204664 0.143668 0.0625289 0.00733615 0.529493
0.0485284 9.9973E-05 0.00102463 9.9973E-05 0.940974 0.00917285 9.9973E-05
0.18083 0.0314923 9.9973E-05 0.0292276 0.75815 9.9973E-05 9.9973E-05
9.995E-05 9.995E-05 0.9994 9.995E-05 9.995E-05 9.995E-05 9.995E-05
0.15323 0.0571181 9.9982E-05 0.0276545 0.704147 9.9982E-05 0.0576503
0.066557 9.9973E-05 0.0222822 9.9973E-05 0.834194 0.0766673 9.9973E-05
0.588294 9.9964E-05 9.9964E-05 9.9964E-05 0.34504 0.0662666 9.9964E-05
0.0346286 9.9973E-05 0.0308148 9.9973E-05 0.87439 0.0598671 9.9973E-05
0.0135242 0.0058854 0.0133661 0.0343348 0.254288 0.553497 0.125104
0.00607546 0.00238554 9.9982E-05 0.0195273 0.946744 9.9982E-05 0.0250678
9.9973E-05 9.9973E-05 0.0943618 9.9973E-05 0.103789 0.0690556 0.732494
0.112683 9.9982E-05 9.9982E-05 0.039916 0.0614946 0.190448 0.595259
0.122432 0.0019711 0.0268092 0.0204887 0.174767 0.314106 0.339425
0.00982722 0.0213769 0.0131344 9.9991E-05 0.887896 0.0658932 0.00177262
9.9964E-05 0.944148 0.0374389 0.0180136 9.9964E-05 9.9964E-05 9.9964E-05
9.9964E-05 9.9964E-05 9.9964E-05 9.9964E-05 0.0312198 0.926854 0.0415264
9.9982E-05 9.9982E-05 0.0534293 0.0266175 0.130682 0.0367673 0.752304
9.9964E-05 9.9964E-05 9.9964E-05 9.9964E-05 0.0414101 0.888309 0.0698813
9.9964E-05 0.922699 9.9964E-05 0.0198226 9.9964E-05 9.9964E-05 0.0570787
0.97923 9.9982E-05 0.00914115 0.00217808 0.00358205 0.00566855 9.9982E-05
0.0204243 9.9955E-05 0.979076 9.9955E-05 9.9955E-05 9.9955E-05 9.9955E-05
0.0658507 0.0455647 0.708196 0.0754752 0.0603488 9.9991E-05 0.0444643
0.00370592 9.9964E-05 0.0255445 9.9964E-05 0.97035 9.9964E-05 9.9964E-05
0.166631 9.9973E-05 0.0393568 9.9973E-05 0.265886 0.527826 9.9973E-05
0.9994 9.995E-05 9.995E-05 9.995E-05 9.995E-05 9.995E-05 9.995E-05
0.9994 9.995E-05 9.995E-05 9.995E-05 9.995E-05 9.995E-05 9.995E-05
0.207351 0.117201 9.9982E-05 0.0885003 9.9982E-05 0.550624 0.0361238
0.115583 9.9973E-05 0.0053989 9.9973E-05 0.298916 0.579802 9.9973E-05
9.9955E-05 0.911385 9.9955E-05 9.9955E-05 9.9955E-05 9.9955E-05 0.088115
9.9964E-05 0.295861 9.9964E-05 0.0793784 9.9964E-05 9.9964E-05 0.62436
0.0115612 0.604877 9.9982E-05 0.333306 9.9982E-05 0.0170535 0.0330023
9.9991E-05 0.186444 0.0743099 0.532566 0.0419337 0.0432755 0.12137
9.9991E-05 0.14177 0.0577784 0.551956 0.0338121 0.0421051 0.172479
0.0238196 0.393123 0.00921951 0.420538 0.0267799 9.9991E-05 0.126421
9.9964E-05 0.289848 9.9964E-05 0.0735029 9.9964E-05 9.9964E-05 0.63625
9.9991E-05 0.212491 0.0313655 0.512917 0.0452233 0.0251118 0.172791
9.9973E-05 0.366636 9.9973E-05 0.453318 0.0429351 9.9973E-05 0.136811
9.9991E-05 0.0637606 0.0231159 0.126852 0.0602934 0.0121793 0.713699
0.0266005 0.449013 9.9982E-05 0.391586 0.0282347 9.9982E-05 0.104366
9.9991E-05 0.0739939 0.0453095 0.128105 0.103083 0.000474599 0.648934
0.220748 9.9964E-05 9.9964E-05 9.9964E-05 9.9964E-05 0.096898 0.681954
0.0371433 0.0733534 0.0586054 0.200571 9.9991E-05 0.0910144 0.539213
9.9991E-05 0.38974 0.0406768 0.255676 0.00648658 0.0415313 0.265789
9.9991E-05 0.287211 0.0169526 0.262208 0.0385354 0.093711 0.301282
9.9964E-05 0.259862 9.9964E-05 0.136563 9.9964E-05 9.9964E-05 0.603175
9.9982E-05 0.43513 0.0464986 0.37141 9.9982E-05 0.0275603 0.119202
9.9964E-05 9.9964E-05 9.9964E-05 9.9964E-05 0.143376 0.82049 0.0357344
9.9964E-05 0.935869 9.9964E-05 9.9964E-05 9.9964E-05 0.0296806 0.0340509
0.00388612 0.186762 0.0576987 0.497328 0.0709988 0.0157291 0.167597
9.9982E-05 0.464044 0.0322764 0.29676 0.0152425 9.9982E-05 0.191476
9.9982E-05 0.240464 0.0364996 0.52181 0.0385701 9.9982E-05 0.162456
9.9982E-05 0.285859 0.0691324 0.500817 9.9982E-05 0.0283551 0.115637
0.188909 0.0282424 9.9982E-05 0.0472784 0.735071 9.9982E-05 0.000299483
0.0235406 0.00320875 0.0669959 0.04696 0.351901 0.435135 0.0722582
9.9973E-05 0.816759 0.0028798 0.117992 9.9973E-05 9.9973E-05 0.0620689
9.9964E-05 9.9964E-05 9.9964E-05 9.9964E-05 0.0373256 0.908853 0.0534217
0.174544 0.079508 9.9982E-05 0.00688234 0.717414 9.9982E-05 0.0214525
0.142491 9.99639E-05 0.0162829 9.99639E-05 9.99639E-05 9.99639E-05 0.840827
9.995E-05 0.9994 9.995E-05 9.995E-05 9.995E-05 9.995E-05 9.995E-05
9.9955E-05 0.988795 0.0107049 9.9955E-05 9.9955E-05 9.9955E-05 9.9955E-05
0.00390986 0.940454 0.0318314 9.9982E-05 0.00166195 0.0219426 9.9982E-05
9.9955E-05 0.993528 0.00597246 9.9955E-05 9.9955E-05 9.9955E-05 9.9955E-05
0.797418 0.037723 9.9973E-05 9.9973E-05 9.9973E-05 0.0908714 0.0736878
0.030553 0.878374 0.0263549 9.9973E-05 0.0644184 9.9973E-05 9.9973E-05
0.183315 0.054179 9.9973E-05 0.0343306 0.727875 9.9973E-05 9.9973E-05
9.9955E-05 9.9955E-05 9.9955E-05 9.9955E-05 0.960306 9.9955E-05 0.0391944
0.0523291 9.9982E-05 0.0212888 0.0256175 0.893755 0.00680965 9.9982E-05
0.0291694 9.9964E-05 0.00717128 9.9964E-05 0.963259 9.9964E-05 9.9964E-05
0.0249024 9.9973E-05 0.0228671 9.9973E-05 0.899039 0.0528913 9.9973E-05
9.9991E-05 0.078178 0.092427 0.575221 0.0875497 0.0131625 0.153362
9.9991E-05 0.0478962 0.0854606 0.556784 0.0845575 0.0103139 0.214887
0.00431959 9.9982E-05 9.9982E-05 0.90013 0.0173486 0.0490688 0.028933
9.9964E-05 0.0693427 9.9964E-05 0.904769 0.0254887 9.9964E-05 9.9964E-05
9.9973E-05 9.9973E-05 0.00290967 0.981849 0.009011 0.00593016 9.9973E-05
0.168161 9.9991E-05 0.00382865 0.264823 0.00818892 0.0472527 0.507646
9.9973E-05 9.9973E-05 0.0251586 0.914838 9.9973E-05 0.0437753 0.0159286
0.115133 0.223046 0.0016808 0.130536 0.208699 0.239762 0.0811419
9.995E-05 9.995E-05 9.995E-05 0.9994 9.995E-05 9.995E-05 9.995E-05
9.995E-05 9.995E-05 9.995E-05 0.9994 9.995E-05 9.995E-05 9.995E-05
9.99549E-05 9.99549E-05 0.0348911 0.964609 9.99549E-05 9.99549E-05 9.99549E-05
0.0135579 0.268453 9.9982E-05 0.641701 0.0529077 0.023181 9.9982E-05
9.9955E-05 9.9955E-05 0.00394243 0.995558 9.9955E-05 9.9955E-05 9.9955E-05
9.9973E-05 0.0144827 0.036861 0.911479 0.0368778 9.9973E-05 9.9973E-05
9.9973E-05 9.9973E-05 9.9973E-05 0.0154927 0.0867574 0.851656 0.0457944
9.9982E-05 9.9982E-05 0.0473058 0.096386 0.221081 0.558849 0.0761781
9.9973E-05 9.9973E-05 9.9973E-05 0.0372553 0.709251 0.116508 0.136686
0.0100024 9.9982E-05 0.0372851 9.9982E-05 0.881543 0.0627213 0.00824785
0.122773 9.9982E-05 9.9982E-05 0.0133855 0.0375449 0.108136 0.71796
9.9991E-05 0.00118942 0.0255677 0.0225833 0.782753 0.0631183 0.104689
9.9973E-05 0.00103674 0.0179755 9.9973E-05 9.9973E-05 0.966581 0.0141064
9.9955E-05 9.9955E-05 9.9955E-05 9.9955E-05 0.0541788 0.945321 9.9955E-05
0.198113 9.99639E-05 9.99639E-05 9.99639E-05 9.99639E-05 0.0188452 0.782642
9.9982E-05 9.9982E-05 0.0707241 0.0252219 0.704409 0.0502012 0.149244
9.9991E-05 0.0138255 0.0992267 0.0578691 0.467133 0.170014 0.191832
0.116993 9.99911E-05 0.0547204 0.0111748 0.0481891 0.00759213 0.761231
0.19117 9.99639E-05 9.99639E-05 9.99639E-05 9.99639E-05 0.045347 0.763083
0.103915 9.9982E-05 0.0129909 9.9982E-05 0.0421271 0.104783 0.735983
0.0899414 0.0816929 0.00187844 0.0237127 0.218913 0.523363 0.0604995
0.234823 9.9964E-05 9.9964E-05 9.9964E-05 9.9964E-05 0.0514846 0.713292
9.9973E-05 9.9973E-05 9.9973E-05 0.0218341 0.0149554 0.906048 0.0568629
0.152781 9.9964E-05 0.00124426 9.9964E-05 9.9964E-05 9.9964E-05 0.845575
0.0954133 9.9964E-05 0.00232786 9.9964E-05 9.9964E-05 9.9964E-05 0.901859
0.00859109 0.314427 0.0461518 0.211296 9.9982E-05 9.9982E-05 0.419334
0.259428 9.9964E-05 9.9964E-05 9.9964E-05 9.9964E-05 0.000989737 0.739183
0.208097 9.99549E-05 9.99549E-05 9.99549E-05 9.99549E-05 9.99549E-05 0.791403
0.234894 9.9964E-05 9.9964E-05 9.9964E-05 9.9964E-05 0.0149845 0.749722
9.9991E-05 0.0226004 0.0918677 0.0702754 0.15053 0.0733345 0.591292
9.9964E-05 9.9964E-05 9.9964E-05 9.9964E-05 0.123675 0.768929 0.106996
9.9982E-05 0.0195648 9.9982E-05 0.0067311 0.0309669 0.841527 0.10101
0.00694325 0.000910074 9.9973E-05 9.9973E-05 9.9973E-05 0.90424 0.0876069
9.9982E-05 9.9982E-05 0.0055724 0.00136687 0.0816328 0.856789 0.0544388
9.9955E-05 0.900705 9.9955E-05 9.9955E-05 9.9955E-05 9.9955E-05 0.0987952
0.00141045 0.407791 0.00473588 0.162239 0.0539083 0.0440671 0.325848
0.041754 0.018279 0.0282616 0.0082119 0.770697 0.122339 0.0104576
0.211399 9.9982E-05 0.0351828 0.00745738 0.310314 0.435447 9.9982E-05
0.105589 0.104559 0.066148 0.0954581 9.9991E-05 0.0504715 0.577674
0.0965949 0.0979386 0.030803 0.111168 9.9991E-05 0.0540434 0.609352
9.9973E-05 0.0545526 9.9973E-05 0.0180973 0.903876 9.9973E-05 0.0231745
0.212836 0.0347075 9.9973E-05 0.0232638 0.728893 9.9973E-05 9.9973E-05
0.154392 0.244726 0.0175953 0.342791 9.9982E-05 0.240295 9.9982E-05
0.408843 0.0806389 9.9991E-05 0.0751594 0.0065949 0.31774 0.110923
0.0241474 9.9982E-05 0.00754962 9.9982E-05 0.803589 0.125125 0.0393892
9.9982E-05 0.0387401 0.115776 0.0199991 0.264715 9.9982E-05 0.56057
0.0806463 0.0719537 0.0551063 0.137904 9.9991E-05 0.0819378 0.572352
9.9982E-05 9.9982E-05 0.13575 0.081153 0.112333 0.0733746 0.59719
9.9991E-05 0.0351856 0.0919962 0.0662134 0.250299 0.0801995 0.476006
9.9973E-05 9.9973E-05 0.0688064 9.9973E-05 0.882991 0.0208544 0.0270481
9.9991E-05 0.0312781 0.0143874 0.0238434 0.917233 0.00760958 0.00554901
9.9982E-05 0.0024668 0.0194402 0.00718584 0.965784 9.9982E-05 0.00492366
0.0448518 9.9982E-05 0.0287756 0.0235406 0.892074 0.0105578 9.9982E-05
0.0139774 9.9964E-05 0.0387578 9.9964E-05 0.946865 9.9964E-05 9.9964E-05
0.0588207 0.000789894 9.9973E-05 9.9973E-05 0.911646 0.0284435 9.9973E-05
9.9991E-05 0.0184361 0.137487 0.0735578 0.503158 0.017208 0.250053
9.9991E-05 0.0939872 0.0819744 0.120677 0.228557 0.0276761 0.447028
0.0495724 0.000285054 9.9964E-05 9.9964E-05 0.949743 9.9964E-05 9.9964E-05
9.9991E-05 0.0367143 0.0782641 0.105809 0.249847 0.0392419 0.490023
9.9991E-05 0.00635606 0.0436031 0.057024 0.130112 0.0832951 0.67951
0.0913153 0.398095 9.9964E-05 0.51019 9.9964E-05 9.9964E-05 9.9964E-05
0.0122498 0.373365 9.9973E-05 0.526213 9.9973E-05 9.9973E-05 0.0878726
0.0599184 0.391206 0.00220086 0.536775 0.00969956 9.9982E-05 9.9982E-05
0.0895298 0.383946 0.0104515 0.515773 9.9973E-05 9.9973E-05 9.9973E-05
0.0600475 0.407085 9.9973E-05 0.50535 0.0272174 9.9973E-05 9.9973E-05
0.0775609 0.404643 9.9964E-05 0.517396 9.9964E-05 9.9964E-05 9.9964E-05
0.0588639 0.39854 0.0232823 0.519014 9.9973E-05 9.9973E-05 9.9973E-05
0.106551 9.9964E-05 0.021516 9.9964E-05 9.9964E-05 9.9964E-05 0.871533
0.363795 9.9964E-05 0.0162028 9.9964E-05 9.9964E-05 9.9964E-05 0.619603
0.0259054 0.250235 0.0126983 0.181027 9.9991E-05 0.000245732 0.529788
9.9973E-05 0.22426 0.00644013 0.215024 9.9973E-05 9.9973E-05 0.553976
9.9991E-05 0.0189792 0.0124542 0.0541847 0.839543 0.0494155 0.0253237
0.00811147 0.028756 0.0562069 0.0368975 0.78801 9.9991E-05 0.0819178
9.9964E-05 9.9964E-05 9.9964E-05 0.0156705 0.973472 9.9964E-05 0.0104576
9.9973E-05 0.968543 0.0179092 0.00373866 9.9973E-05 0.00950891 9.9973E-05
0.0249424 0.868779 9.9964E-05 0.105878 9.9964E-05 9.9964E-05 9.9964E-05
9.9973E-05 0.965208 0.00957113 0.010528 0.014393 9.9973E-05 9.9973E-05
9.9955E-05 0.86141 9.9955E-05 0.13809 9.9955E-05 9.9955E-05 9.9955E-05
0.413754 0.434669 0.00399538 0.0598938 0.0527041 0.0348835 9.9991E-05
0.209356 0.402648 9.9982E-05 0.347217 0.0376171 0.0029616 9.9982E-05
0.102216 0.421632 0.0248072 0.451045 9.9973E-05 9.9973E-05 9.9973E-05
0.00954584 0.835469 0.000888752 0.151733 9.9982E-05 0.00216297 9.9982E-05
9.9955E-05 0.878616 9.9955E-05 0.120884 9.9955E-05 9.9955E-05 9.9955E-05
9.995E-05 0.9994 9.995E-05 9.995E-05 9.995E-05 9.995E-05 9.995E-05
0.0123435 0.865534 9.9973E-05 0.114181 0.00764115 9.9973E-05 9.9973E-05
0.0788144 0.0721227 0.131798 0.185822 0.151033 0.320062 0.0603467
9.9973E-05 0.00706103 0.0229634 9.9973E-05 0.958716 9.9973E-05 0.0109599
0.102409 0.0161378 9.9964E-05 9.9964E-05 9.9964E-05 9.9964E-05 0.881054
0.0217237 0.0256165 0.0566159 9.9991E-05 0.640965 0.190288 0.0646915
0.125842 9.9973E-05 9.9973E-05 9.9973E-05 0.0267762 0.112269 0.734813
9.9973E-05 0.897557 9.9973E-05 9.9973E-05 0.01307 0.0151925 0.0738806
0.0863013 0.365121 0.0278107 0.514662 0.00590493 9.9982E-05 9.9982E-05
0.00360039 0.69821 0.0217548 0.140407 0.0318236 0.0210724 0.0831311
9.9991E-05 0.0508276 0.0911121 0.00772265 0.24099 0.00390324 0.605344
9.9991E-05 0.0775583 0.129922 0.0801448 0.123015 0.0305891 0.558672
0.0528275 9.9991E-05 0.0176567 0.0375638 0.521781 0.321525 0.0485455
0.810708 9.99549E-05 9.99549E-05 9.99549E-05 9.99549E-05 9.99549E-05 0.188792
9.9982E-05 0.0939609 0.0733873 0.748357 0.054571 0.0295242 9.9982E-05
9.9991E-05 0.0355143 0.00157206 0.876557 0.0462554 0.00197033 0.0380314
9.99549E-05 9.99549E-05 9.99549E-05 0.974155 9.99549E-05 9.99549E-05 0.0253453
0.00684631 0.000347188 0.021492 0.971015 9.9973E-05 9.9973E-05 9.9973E-05
9.99639E-05 9.99639E-05 0.00971426 0.986117 0.00376908 9.99639E-05 9.99639E-05
9.9982E-05 0.0354873 0.0394914 0.879291 0.0391517 9.9982E-05 0.00637843
0.120968 9.9964E-05 0.0277407 9.9964E-05 9.9964E-05 9.9964E-05 0.850892
9.9982E-05 0.435906 0.0850698 0.313863 0.0497862 9.9982E-05 0.115175
0.0185466 0.868487 0.0065045 0.0497184 0.0419866 0.0146571 9.9991E-05
9.995E-05 0.9994 9.995E-05 9.995E-05 9.995E-05 9.995E-05 9.995E-05
9.9955E-05 0.990911 0.00858942 9.9955E-05 9.9955E-05 9.9955E-05 9.9955E-05
0.000648978 0.845972 0.0177812 0.0997588 0.0263287 0.00941071 9.9991E-05
9.995E-05 9.995E-05 9.995E-05 0.9994 9.995E-05 9.995E-05 9.995E-05
9.9964E-05 9.9964E-05 9.9964E-05 0.961537 0.0138278 0.0242349 9.9964E-05
0.0181494 0.278759 0.00156446 0.661596 0.0397313 9.9982E-05 9.9982E-05
0.0371519 0.220514 0.0344317 0.691519 0.0161834 9.9982E-05 9.9982E-05
9.9964E-05 0.0178761 9.9964E-05 0.981615 9.9964E-05 0.000108671 9.9964E-05
0.022408 0.338188 9.9982E-05 0.586661 0.0296257 0.022918 9.9982E-05
0.0909736 0.234212 9.9982E-05 0.344792 0.3222 0.00762296 9.9982E-05
0.0315245 9.9982E-05 0.0199633 9.9982E-05 0.820399 0.0760622 0.0518507
0.07036 9.9973E-05 9.9973E-05 0.0339456 0.764704 0.130691 9.9973E-05
0.0206249 9.9973E-05 0.0337135 9.9973E-05 0.842769 0.102593 9.9973E-05
0.0439407 9.9973E-05 0.0229005 9.9973E-05 0.917813 0.015046 9.9973E-05
9.99639E-05 9.99639E-05 9.99639E-05 0.969027 9.99639E-05 0.00805634 0.0225166
9.99549E-05 9.99549E-05 9.99549E-05 0.995319 9.99549E-05 0.00418075 9.99549E-05
0.0315589 0.219123 9.9982E-05 0.698766 0.0393149 0.0110376 9.9982E-05
0.0469301 0.126385 9.9973E-05 0.819236 0.00714812 9.9973E-05 9.9973E-05
9.99549E-05 9.99549E-05 0.00354926 0.995951 9.99549E-05 9.99549E-05 9.99549E-05
9.9964E-05 9.9964E-05 0.0339407 0.916597 9.9964E-05 9.9964E-05 0.0490627
9.995E-05 9.995E-05 9.995E-05 0.9994 9.995E-05 9.995E-05 9.995E-05
0.0594004 0.26339 0.00329054 0.65528 0.0133294 9.9991E-05 0.00520988
0.912905 9.9964E-05 9.9964E-05 9.9964E-05 0.056741 0.0299544 9.9964E-05
0.751059 0.00757954 0.0269635 9.9982E-05 9.9982E-05 0.18784 0.0263582
0.899036 9.9982E-05 0.022121 9.9982E-05 0.0155687 0.0560788 0.00699543
0.846512 9.9982E-05 0.020582 0.044385 0.0562532 9.9982E-05 0.0320684
9.9982E-05 0.377844 9.9982E-05 0.440468 0.0304015 0.0134242 0.137663
9.9973E-05 0.445991 9.9973E-05 0.4406 0.014193 9.9973E-05 0.0989158
0.0360079 0.558643 9.9982E-05 0.353439 9.9982E-05 0.0224097 0.0293009
0.0110914 0.584151 9.9982E-05 0.328343 9.9982E-05 0.0245946 0.0516204
9.99929E-05 0.091024 0.0741389 0.519 0.100184 0.0298632 0.18569
0.0219375 0.511071 0.0243489 0.0472093 9.9982E-05 9.9982E-05 0.395234
0.0135701 9.99729E-05 9.99729E-05 0.970417 9.99729E-05 0.000850085 0.0148632
0.090522 0.327886 0.000713524 0.580579 9.9973E-05 9.9973E-05 9.9973E-05
0.118921 0.304955 0.00583044 0.564921 0.00517344 9.9982E-05 9.9982E-05
0.0353829 0.0187943 0.0194231 0.0315087 0.419707 0.0573101 0.417874
0.132979 0.0896827 0.0349937 0.0284999 0.0153591 0.0501295 0.648356
0.0096891 9.9982E-05 0.00859233 9.9982E-05 0.827136 0.0920386 0.0623444
9.9964E-05 0.0181948 9.9964E-05 9.9964E-05 0.0850628 0.896343 9.9964E-05
0.0274258 0.00025918 0.0277967 0.0130742 0.3052 0.619624 0.0066195
0.0270058 0.0131276 0.0311896 0.0315671 0.454505 0.442505 9.9991E-05
0.355568 0.0219057 0.0188522 0.0234715 0.377488 0.00149474 0.201221
9.9955E-05 9.9955E-05 9.9955E-05 9.9955E-05 0.896613 0.102887 9.9955E-05
9.9982E-05 0.0028147 9.9982E-05 0.007683 0.932007 0.0469173 0.0103776
9.9982E-05 9.9982E-05 0.00552935 0.0483213 0.877403 0.0336022 0.0349441
9.9982E-05 0.0103965 0.0173924 9.9982E-05 0.887944 0.0790059 0.00506141
9.9991E-05 0.0646356 0.0767765 0.473838 0.102853 0.0551595 0.226637
0.0576075 0.0815182 0.0273495 0.275978 0.425374 9.99911E-05 0.132073
9.99821E-05 0.228477 0.0252775 0.337575 0.258507 9.99821E-05 0.149964
9.9991E-05 0.177361 0.0279019 0.508131 0.0391546 0.00692346 0.240428
0.17603 0.0544625 0.0602542 0.0585582 0.531464 0.0663388 0.0528922
0.0283889 0.0158946 0.0278219 9.9982E-05 0.926246 9.9982E-05 0.00144842
0.0370595 0.432903 0.0303578 0.442435 0.00544692 9.9991E-05 0.0516976
9.9991E-05 0.0192626 0.0544 0.025378 0.698276 0.0971624 0.105421
9.9955E-05 9.9955E-05 9.9955E-05 9.9955E-05 0.130498 0.869002 9.9955E-05
0.0817698 9.99641E-05 0.0124151 9.99641E-05 9.99641E-05 0.905415 9.99641E-05
0.0193449 0.00215393 9.9973E-05 9.9973E-05 0.928546 0.0496558 9.9973E-05
9.9991E-05 0.00763972 0.490538 0.125772 0.135457 0.0147131 0.225781
0.0730409 0.0145359 9.9991E-05 0.00296699 0.472734 0.369251 0.0673709
9.9982E-05 0.000377139 9.9982E-05 0.00592082 0.0754137 0.890655 0.0274334
9.9982E-05 9.9982E-05 0.00962791 0.026346 0.622867 0.142383 0.198576
0.072406 0.0199681 0.485801 0.0866541 0.0922654 0.0495011 0.193405
9.9973E-05 0.012078 0.977931 0.000532915 0.00915846 9.9973E-05 9.9973E-05
9.9973E-05 0.832285 9.9973E-05 0.0871042 0.0292822 9.9973E-05 0.0510286
0.150879 0.0683886 0.0186739 0.0287926 0.0670395 0.634153 0.0320737
0.0805492 0.091426 0.0404103 0.168245 9.9991E-05 0.0714649 0.547805
0.133145 0.00829931 0.06304 0.020465 0.00949803 9.9991E-05 0.765452
0.142241 0.0111433 0.0182968 9.9982E-05 0.0660083 9.9982E-05 0.762111
0.212872 9.9955E-05 9.9955E-05 9.9955E-05 9.9955E-05 0.786629 9.9955E-05
9.9982E-05 0.906885 0.0160945 9.9982E-05 0.00033644 0.030566 0.0459183
0.115126 0.235928 0.0617228 0.258508 0.0134327 0.00342195 0.31186
0.881849 9.9964E-05 9.9964E-05 9.9964E-05 9.9964E-05 0.0401081 0.0776428
0.0118091 9.9964E-05 9.9964E-05 9.9964E-05 9.9964E-05 0.944733 0.0430578
0.838675 9.9973E-05 0.0401731 0.00141015 9.9973E-05 9.9973E-05 0.119442
9.9982E-05 0.105491 0.0695237 0.14312 9.9982E-05 0.113105 0.56856
0.0282244 0.102157 0.0635715 0.133757 9.9991E-05 0.111468 0.560722
9.9982E-05 0.457855 9.9982E-05 0.198829 0.0770233 0.0254349 0.240658
9.9982E-05 0.708204 9.9982E-05 0.09794 0.0370122 0.054897 0.101747
0.115483 0.221481 9.9982E-05 0.24039 0.0328361 9.9982E-05 0.38961
0.120895 0.0712754 9.9982E-05 0.0138162 0.0190138 9.9982E-05 0.7748
0.0133182 9.9973E-05 9.9973E-05 9.9973E-05 0.0249306 0.910774 0.0506769
0.104075 0.0043668 9.9973E-05 9.9973E-05 9.9973E-05 0.872496 0.0187621
0.0124415 0.0310704 0.13568 0.0507598 0.378508 0.0301338 0.361407
0.0158408 0.409876 0.00690721 0.158378 0.0388333 0.0425238 0.32764
0.145956 0.00446075 9.9964E-05 9.9964E-05 9.9964E-05 9.9964E-05 0.849183
0.0204031 9.9973E-05 0.00311784 9.9973E-05 0.955208 9.9973E-05 0.0209709
9.9964E-05 0.271867 9.9964E-05 0.103281 9.9964E-05 9.9964E-05 0.624453
0.158956 0.0732423 0.000943568 0.131131 0.385939 9.9991E-05 0.249688
0.0148947 0.361154 0.150843 0.30776 0.0430131 9.99911E-05 0.122235
9.9991E-05 0.0663343 0.0958914 0.0525023 0.517658 0.0390377 0.228476
0.158746 9.9973E-05 0.0239465 9.9973E-05 9.9973E-05 0.484361 0.332646
9.9982E-05 9.9982E-05 0.0771326 0.0408566 0.146535 0.0470664 0.688209
9.9955E-05 9.9955E-05 9.9955E-05 9.9955E-05 0.970988 9.9955E-05 0.0285124
9.9973E-05 9.9973E-05 9.9973E-05 0.0522566 0.88235 0.00522153 0.0598715
9.9964E-05 9.9964E-05 9.9964E-05 9.9964E-05 0.00565324 0.922106 0.071841
0.0106903 9.9973E-05 0.0158335 9.9973E-05 0.955165 9.9973E-05 0.0180117
9.9991E-05 0.0318128 0.0701474 0.0935445 0.605893 0.0283723 0.17013
9.9973E-05 9.9973E-05 0.044407 9.9973E-05 0.824593 0.0627433 0.0679565
0.143971 0.0328076 9.9982E-05 0.000134832 0.784552 0.038335 9.9982E-05
0.0890836 0.0824786 0.0676937 0.132827 0.0140667 0.131558 0.482292
0.00356518 0.851573 9.9982E-05 0.0778857 0.0216522 9.9982E-05 0.0451242
9.9964E-05 0.942669 0.00270969 0.0542214 9.9964E-05 9.9964E-05 9.9964E-05
0.047711 9.99821E-05 9.99821E-05 0.00887354 0.113879 0.802642 0.0266953
0.0188143 0.867619 9.9982E-05 0.104926 0.00728608 9.9982E-05 0.00115422
9.99646E-05 9.99646E-05 0.911201 9.99646E-05 0.0406628 9.99646E-05 0.0477363
0.0006143 0.0165851 0.966218 0.00963311 0.00336679 0.00348315 9.9991E-05
0.0267564 0.184223 0.505425 9.9991E-05 0.187637 0.0584201 0.0374387
0.173019 0.0398992 9.9973E-05 0.0125577 0.774224 9.9973E-05 9.9973E-05
9.9955E-05 0.0127266 0.986774 9.9955E-05 9.9955E-05 9.9955E-05 9.9955E-05
9.9955E-05 9.9955E-05 0.987666 9.9955E-05 9.9955E-05 9.9955E-05 0.0118346
9.9964E-05 9.9964E-05 0.991863 0.00624996 0.00148719 9.9964E-05 9.9964E-05
9.9955E-05 0.00145546 0.998045 9.9955E-05 9.9955E-05 9.9955E-05 9.9955E-05
9.995E-05 9.995E-05 0.9994 9.995E-05 9.995E-05 9.995E-05 9.995E-05
0.0808134 9.99551E-05 9.99551E-05 9.99551E-05 9.99551E-05 0.918687 9.99551E-05
0.14786 0.0467429 0.0227324 9.9982E-05 0.0141119 9.9982E-05 0.768353
0.873029 9.9982E-05 0.0306052 0.0377565 0.0326647 0.0257446 9.9982E-05
0.912658 9.99549E-05 9.99549E-05 9.99549E-05 9.99549E-05 9.99549E-05 0.0868427
0.163267 9.99726E-05 9.99726E-05 9.99726E-05 0.468041 0.368292 9.99726E-05
0.0894855 9.9973E-05 0.0592984 9.9973E-05 0.00608888 0.844827 9.9973E-05
0.161652 0.0257468 9.9964E-05 9.9964E-05 9.9964E-05 9.9964E-05 0.812201
0.743652 9.9982E-05 0.0377788 0.0330915 0.00961628 9.9982E-05 0.175662
0.837456 0.0469626 9.9964E-05 9.9964E-05 9.9964E-05 0.115181 9.9964E-05
0.387392 9.9964E-05 0.00307595 9.9964E-05 9.9964E-05 9.9964E-05 0.609132
0.0389523 0.00639456 0.931863 0.00587398 9.9982E-05 9.9982E-05 0.0167164
0.222548 0.102393 0.00526958 0.04653 0.146131 0.477029 9.9991E-05
0.0577161 0.0229046 9.9991E-05 0.0356899 0.816422 0.0594988 0.00766909
9.9991E-05 0.0181688 0.0397697 0.00315572 0.87289 0.0154835 0.0504318
9.9982E-05 9.9982E-05 0.0224727 0.109371 0.667983 0.0672715 0.132702
9.9964E-05 9.9964E-05 9.9964E-05 9.9964E-05 0.0521664 0.88008 0.0673537
0.423953 0.00237096 9.9973E-05 9.9973E-05 0.0078259 0.56555 9.9973E-05
9.9973E-05 0.854138 9.9973E-05 0.134676 0.00542454 0.00546139 9.9973E-05
0.228617 0.148432 0.0032614 0.20853 0.225274 0.185785 9.9991E-05
0.425061 0.00539045 0.0348849 0.0218746 9.9991E-05 0.394558 0.118132
