9.9946E-05 0.0751408 9.9946E-05 9.9946E-05 9.9946E-05 0.00651822 0.837329 0.0804121 9.9946E-05 9.9946E-05
9.99369E-05 9.99369E-05 0.188238 9.99369E-05 0.0712665 9.99369E-05 0.739796 9.99369E-05 9.99369E-05 9.99369E-05
0.0469201 9.9973E-05 0.237776 0.00321701 0.0967306 0.0357764 0.561632 0.0176477 9.9973E-05 9.9973E-05
9.99459E-05 0.0781103 9.99459E-05 9.99459E-05 9.99459E-05 0.0470341 0.831139 0.0431164 9.99459E-05 9.99459E-05
9.9964E-05 9.9964E-05 0.871684 0.0137051 0.0236029 0.0668152 9.9964E-05 9.9964E-05 0.00645264 0.0173399
9.99369E-05 9.99369E-05 0.142347 9.99369E-05 0.114698 9.99369E-05 0.742256 9.99369E-05 9.99369E-05 9.99369E-05
9.99371E-05 0.463219 9.99371E-05 9.99371E-05 9.99371E-05 9.99371E-05 9.99371E-05 9.99371E-05 0.0120875 0.523994
9.9928E-05 9.9928E-05 9.9928E-05 9.9928E-05 9.9928E-05 9.9928E-05 0.0267662 9.9928E-05 9.9928E-05 0.972434
9.9937E-05 9.9937E-05 9.9937E-05 9.9937E-05 0.0104562 9.9937E-05 9.9937E-05 9.9937E-05 0.00039204 0.988452
9.9937E-05 9.9937E-05 9.9937E-05 0.00811984 9.9937E-05 0.0197676 9.9937E-05 9.9937E-05 9.9937E-05 0.971413
0.792594 0.132194 0.0456443 0.00924339 0.00887508 9.9964E-05 0.0110498 9.9964E-05 9.9964E-05 9.9964E-05
0.895469 0.0549831 9.9955E-05 9.9955E-05 9.9955E-05 0.0118908 9.9955E-05 0.0229212 9.9955E-05 0.0142363
0.890868 0.0848328 0.000736714 9.9964E-05 9.9964E-05 0.00254283 0.00494392 9.9964E-05 9.9964E-05 0.0156755
0.911379 0.0708302 9.99371E-05 9.99371E-05 9.99371E-05 0.0170911 9.99371E-05 9.99371E-05 9.99371E-05 9.99371E-05
9.9973E-05 0.0147631 9.9973E-05 0.018345 9.9973E-05 0.0493004 0.0227539 0.0759219 0.810288 0.00832818
9.9937E-05 9.9937E-05 9.9937E-05 9.9937E-05 9.9937E-05 0.000722607 9.9937E-05 0.0152162 9.9937E-05 0.983362
0.0266939 0.894259 9.9964E-05 0.0151153 9.9964E-05 9.9964E-05 0.0180891 0.0264433 9.9964E-05 0.0189994
0.105322 9.99551E-05 9.99551E-05 9.99551E-05 9.99551E-05 9.99551E-05 0.0173279 0.00562023 0.866436 0.00479427
0.207839 0.0119006 9.9982E-05 0.0220747 9.9982E-05 0.152006 0.00255529 0.0279724 0.554105 0.0213476
0.607115 0.0110738 9.9964E-05 0.00676789 9.9964E-05 9.9964E-05 9.9964E-05 0.0104442 0.342861 0.0213376
0.0469416 9.9955E-05 9.9955E-05 9.9955E-05 9.9955E-05 0.108008 9.9955E-05 0.0159714 0.785475 0.0431039
0.902095 9.9964E-05 9.9964E-05 0.0129541 0.00493834 9.9964E-05 9.9964E-05 0.00656735 0.0512987 0.0217464
0.0562498 0.0256495 9.9955E-05 9.9955E-05 9.9955E-05 9.9955E-05 0.0358017 9.9955E-05 0.876749 0.00505054
0.783849 0.0124299 9.9964E-05 0.00386518 0.0513151 9.9964E-05 9.9964E-05 0.0512711 0.0968703 9.9964E-05
0.930631 9.9946E-05 9.9946E-05 9.9946E-05 9.9946E-05 9.9946E-05 0.0119552 0.0180954 0.0387191 9.9946E-05
0.00115685 0.0488289 9.9955E-05 9.9955E-05 9.9955E-05 0.028179 0.0244369 9.9955E-05 0.896899 9.9955E-05
0.102722 9.9955E-05 9.9955E-05 9.9955E-05 0.0127879 9.9955E-05 9.9955E-05 0.00838305 0.865386 0.0102214
0.278042 9.9964E-05 9.9964E-05 0.0206192 0.0337195 0.0675606 0.0147956 9.9964E-05 0.584863 9.9964E-05
0.0544798 9.9955E-05 9.9955E-05 0.0361395 9.9955E-05 9.9955E-05 0.00337148 9.9955E-05 0.878283 0.0272265
0.0414918 9.99551E-05 9.99551E-05 0.00467134 0.0178648 9.99551E-05 9.99551E-05 0.0254812 0.909991 9.99551E-05
0.931201 9.9955E-05 9.9955E-05 0.0205138 0.00911027 0.0117549 9.9955E-05 9.9955E-05 0.0269203 9.9955E-05
0.795123 0.204078 9.99281E-05 9.99281E-05 9.99281E-05 9.99281E-05 9.99281E-05 9.99281E-05 9.99281E-05 9.99281E-05
0.0941546 9.9937E-05 9.9937E-05 9.9937E-05 9.9937E-05 9.9937E-05 0.0374875 9.9937E-05 0.867658 9.9937E-05
0.745712 0.015002 0.00984772 9.99763E-05 0.00963888 0.0596926 9.99763E-05 9.99763E-05 0.146828 0.0129785
0.0468437 9.9964E-05 0.00953465 9.9964E-05 0.000742665 9.9964E-05 0.025159 9.9964E-05 0.91606 0.00126031
0.934669 9.9946E-05 0.00276371 9.9946E-05 9.9946E-05 0.0283048 9.9946E-05 9.9946E-05 0.033663 9.9946E-05
0.0996804 9.99461E-05 0.0242096 9.99461E-05 9.99461E-05 9.99461E-05 9.99461E-05 9.99461E-05 0.87491 0.000600759
0.91067 9.9955E-05 9.9955E-05 0.0410273 0.000253296 0.00406139 9.9955E-05 9.9955E-05 0.0434883 9.9955E-05
9.9955E-05 9.9955E-05 0.112705 0.061387 0.0851692 0.101368 9.9955E-05 0.638872 9.9955E-05 9.9955E-05
9.9937E-05 9.9937E-05 0.63296 9.9937E-05 0.355137 9.9937E-05 0.0112034 9.9937E-05 9.9937E-05 9.9937E-05
0.753137 0.146525 0.0886191 9.99461E-05 9.99461E-05 9.99461E-05 9.99461E-05 0.0111195 9.99461E-05 9.99461E-05
0.0500107 9.99281E-05 9.99281E-05 9.99281E-05 9.99281E-05 9.99281E-05 9.99281E-05 9.99281E-05 0.94919 9.99281E-05
0.927581 9.99461E-05 9.99461E-05 0.0208919 9.99461E-05 0.0345211 9.99461E-05 9.99461E-05 0.016406 9.99461E-05
0.0279539 0.289894 9.9964E-05 0.0416396 0.583173 9.9964E-05 0.0246963 0.0322435 9.9964E-05 9.9964E-05
0.24337 9.9973E-05 9.9973E-05 0.0493565 9.9973E-05 0.0660105 0.0148381 0.0381297 0.532294 0.0557013
0.459748 0.0754307 9.9964E-05 9.9964E-05 9.9964E-05 0.0532057 0.022644 9.9964E-05 0.355142 0.0334293
0.0507583 9.9973E-05 0.0142255 0.00281508 9.9973E-05 0.0205804 9.9973E-05 0.0548619 0.837348 0.0191108
9.99459E-05 9.99459E-05 0.232402 9.99459E-05 0.0851042 9.99459E-05 0.679653 9.99459E-05 0.00224096 9.99459E-05
9.9964E-05 9.9964E-05 0.108337 0.522955 0.242664 0.0409551 0.0347965 0.0498933 9.9964E-05 9.9964E-05
9.99369E-05 0.318386 9.99369E-05 9.99369E-05 9.99369E-05 0.195356 9.99369E-05 0.485559 9.99369E-05 9.99369E-05
0.0779767 0.323445 9.99549E-05 9.99549E-05 9.99549E-05 0.426862 0.0415063 0.12971 9.99549E-05 9.99549E-05
0.106206 0.268649 9.99549E-05 9.99549E-05 9.99549E-05 0.316795 0.0938134 0.214036 9.99549E-05 9.99549E-05
9.99458E-05 0.340245 9.99458E-05 9.99458E-05 9.99458E-05 0.410952 0.0367233 0.21148 9.99458E-05 9.99458E-05
0.0293596 9.99461E-05 9.99461E-05 0.00267498 9.99461E-05 9.99461E-05 0.0299452 9.99461E-05 9.99461E-05 0.937421
0.0265975 9.9946E-05 9.9946E-05 0.000810822 9.9946E-05 9.9946E-05 9.9946E-05 0.0218565 9.9946E-05 0.950135
0.504865 0.453057 9.9955E-05 0.00691365 9.9955E-05 9.9955E-05 9.9955E-05 9.9955E-05 0.0127529 0.0219109
0.910445 9.9955E-05 9.9955E-05 9.9955E-05 9.9955E-05 0.0338242 9.9955E-05 0.00124028 0.0495971 0.00439331
9.99369E-05 9.99369E-05 0.121063 9.99369E-05 9.99369E-05 0.706826 9.99369E-05 9.99369E-05 0.171411 9.99369E-05
9.9946E-05 9.9946E-05 0.83048 9.9946E-05 0.0170236 0.0612535 0.0906433 9.9946E-05 9.9946E-05 9.9946E-05
9.99459E-05 9.99459E-05 0.407774 0.221765 0.185908 0.183954 9.99459E-05 9.99459E-05 9.99459E-05 9.99459E-05
9.9928E-05 0.94711 9.9928E-05 9.9928E-05 0.0520909 9.9928E-05 9.9928E-05 9.9928E-05 9.9928E-05 9.9928E-05
0.00434396 0.698718 0.0445676 9.9973E-05 9.9973E-05 0.0113053 9.9973E-05 0.214674 0.0133199 0.012771
0.0544141 0.672259 0.00837896 0.0611098 9.9964E-05 9.9964E-05 0.0403886 0.16305 9.9964E-05 9.9964E-05
9.9928E-05 9.9928E-05 9.9928E-05 9.9928E-05 9.9928E-05 0.0218723 9.9928E-05 9.9928E-05 9.9928E-05 0.977328
9.9937E-05 9.9937E-05 0.788966 9.9937E-05 0.0976751 0.11266 9.9937E-05 9.9937E-05 9.9937E-05 9.9937E-05
9.9937E-05 0.963932 9.9937E-05 0.00592187 9.9937E-05 9.9937E-05 9.9937E-05 9.9937E-05 0.0294462 9.9937E-05
9.99549E-05 9.99549E-05 0.0372856 0.0202969 0.0479048 0.165497 9.99549E-05 0.728516 9.99549E-05 9.99549E-05
0.946718 0.0391403 9.9937E-05 9.9937E-05 9.9937E-05 9.9937E-05 9.9937E-05 9.9937E-05 0.0134418 9.9937E-05
0.939182 0.0498596 9.99371E-05 9.99371E-05 9.99371E-05 9.99371E-05 9.99371E-05 9.99371E-05 9.99371E-05 0.0102591
9.9982E-05 0.0234063 0.0167986 0.0316522 9.9982E-05 0.0325524 0.00437794 0.0409934 0.039053 0.810966
9.9964E-05 0.0327506 0.0073288 0.0228928 9.9964E-05 9.9964E-05 9.9964E-05 0.0911048 0.0530779 0.792445
9.9964E-05 0.051471 0.00443395 0.0248633 9.9964E-05 0.0227624 9.9964E-05 9.9964E-05 0.0266003 0.869469
9.9946E-05 9.9946E-05 0.0203638 9.9946E-05 9.9946E-05 0.0134102 9.9946E-05 0.0113107 9.9946E-05 0.954316
9.9946E-05 0.0130241 9.9946E-05 9.9946E-05 9.9946E-05 0.011906 9.9946E-05 0.00828392 9.9946E-05 0.966186
0.00943632 0.00570094 0.00735922 9.9973E-05 9.9973E-05 0.00971731 9.9973E-05 0.00907503 0.00184363 0.956568
9.9946E-05 9.9946E-05 9.9946E-05 9.9946E-05 0.0167837 9.9946E-05 9.9946E-05 0.00796265 0.00474448 0.96991
9.9946E-05 9.9946E-05 0.000447233 9.9946E-05 9.9946E-05 0.0152561 9.9946E-05 9.9946E-05 0.00335751 0.980339
0.00939061 9.9964E-05 0.00291901 9.9964E-05 0.00754804 0.00168814 0.0219676 9.9964E-05 9.9964E-05 0.956087
9.9928E-05 9.9928E-05 9.9928E-05 9.9928E-05 0.00261711 9.9928E-05 9.9928E-05 9.9928E-05 9.9928E-05 0.996583
0.0108155 9.9964E-05 9.9964E-05 0.00235322 9.9964E-05 0.00849951 9.9964E-05 0.019621 0.020776 0.937535
0.0146991 9.9964E-05 9.9964E-05 0.00793759 9.9964E-05 0.00212699 0.00075433 0.0622415 9.9964E-05 0.911841
0.0204697 9.9955E-05 0.00903984 9.9955E-05 9.9955E-05 9.9955E-05 9.9955E-05 0.00921575 0.00136507 0.95941
0.0564525 9.99461E-05 0.0022942 9.99461E-05 9.99461E-05 9.99461E-05 9.99461E-05 9.99461E-05 0.398661 0.541992
0.0151705 9.99371E-05 9.99371E-05 9.99371E-05 9.99371E-05 9.99371E-05 9.99371E-05 9.99371E-05 0.408932 0.575198
0.00588207 9.9937E-05 9.9937E-05 9.9937E-05 9.9937E-05 0.00474952 9.9937E-05 9.9937E-05 9.9937E-05 0.988669
9.9946E-05 9.9946E-05 9.9946E-05 9.9946E-05 9.9946E-05 0.0345241 0.00349559 0.0189574 9.9946E-05 0.942423
9.9964E-05 0.00725742 9.9964E-05 9.9964E-05 0.00981727 0.00413905 0.0421805 0.00579793 9.9964E-05 0.930408
9.9955E-05 9.9955E-05 0.0175182 0.00530006 9.9955E-05 0.0147408 9.9955E-05 0.0272195 9.9955E-05 0.934722
9.99201E-05 9.99201E-05 9.99201E-05 9.99201E-05 9.99201E-05 9.99201E-05 9.99201E-05 9.99201E-05 9.99201E-05 0.999101
0.0124388 9.99371E-05 9.99371E-05 9.99371E-05 9.99371E-05 9.99371E-05 9.99371E-05 9.99371E-05 0.433272 0.553589
9.9973E-05 0.0126568 0.0258822 0.0037557 9.9973E-05 0.0148968 0.0165134 9.9973E-05 0.0588421 0.867153
0.0215091 0.040722 0.00345828 9.9964E-05 0.0194406 9.9964E-05 9.9964E-05 9.9964E-05 0.00220303 0.912267
9.9955E-05 0.00080511 9.9955E-05 0.0074678 9.9955E-05 9.9955E-05 0.0051577 0.0410542 9.9955E-05 0.945015
9.9973E-05 9.9973E-05 0.00395692 9.9973E-05 0.0360164 0.0169613 0.00778256 0.00128136 0.00161969 0.932082
0.0155355 0.032238 0.0164543 0.00617853 9.9982E-05 0.0152543 9.9982E-05 0.0335895 0.00963071 0.870919
9.9946E-05 9.9946E-05 9.9946E-05 0.00911706 9.9946E-05 9.9946E-05 0.0104594 0.0301291 9.9946E-05 0.949695
9.9955E-05 0.153854 0.0607166 0.0187268 9.9955E-05 9.9955E-05 0.211289 9.9955E-05 0.554913 9.9955E-05
9.9946E-05 9.9946E-05 9.9946E-05 9.9946E-05 0.0191629 0.00648588 0.0569028 9.9946E-05 9.9946E-05 0.916849
9.9946E-05 9.9946E-05 9.9946E-05 9.9946E-05 9.9946E-05 9.9946E-05 0.00909711 0.00470464 0.00419612 0.981402
9.9973E-05 0.00748238 9.9973E-05 0.0157736 0.101479 0.0555027 0.0484196 9.9973E-05 0.0725405 0.698502
0.00200987 9.99281E-05 9.99281E-05 9.99281E-05 9.99281E-05 9.99281E-05 9.99281E-05 9.99281E-05 9.99281E-05 0.997191
9.9937E-05 9.9937E-05 9.9937E-05 9.9937E-05 0.022362 9.9937E-05 9.9937E-05 9.9937E-05 0.0111006 0.965838
0.00808696 9.9964E-05 9.9964E-05 0.00698593 9.9964E-05 0.0241128 0.00262056 0.00791132 9.9964E-05 0.949883
0.00559165 0.00156333 0.00496922 0.000272363 9.9973E-05 0.00802658 9.9973E-05 0.00193724 9.9973E-05 0.97734
0.0135442 0.0364469 9.9982E-05 0.0153486 0.00454261 0.00436653 0.00953886 9.9982E-05 0.8814 0.034612
9.99201E-05 9.99201E-05 9.99201E-05 9.99201E-05 9.99201E-05 9.99201E-05 9.99201E-05 9.99201E-05 9.99201E-05 0.999101
9.9946E-05 9.9946E-05 9.9946E-05 0.00978291 9.9946E-05 9.9946E-05 9.9946E-05 0.0423923 0.00731548 0.93991
9.9937E-05 9.9937E-05 9.9937E-05 0.00968027 9.9937E-05 9.9937E-05 9.9937E-05 0.00181384 9.9937E-05 0.987806
0.262466 0.100159 9.9955E-05 9.9955E-05 9.9955E-05 9.9955E-05 0.0344199 9.9955E-05 0.585839 0.0166166
9.99551E-05 9.99551E-05 0.0091918 0.0393141 9.99551E-05 9.99551E-05 9.99551E-05 0.00727592 0.0108287 0.93289
0.0326991 0.00108523 9.9955E-05 9.9955E-05 9.9955E-05 9.9955E-05 0.0229706 0.00801232 9.9955E-05 0.934733
9.9946E-05 9.9946E-05 9.9946E-05 9.9946E-05 0.00487913 9.9946E-05 0.0268209 0.00859958 9.9946E-05 0.959101
0.0166596 9.9937E-05 9.9937E-05 9.9937E-05 9.9937E-05 9.9937E-05 9.9937E-05 9.9937E-05 0.00313689 0.979504
0.2586 0.00653555 9.9964E-05 9.9964E-05 9.9964E-05 0.0930285 9.9964E-05 0.00910767 0.61686 0.0154686
9.99281E-05 0.00101326 9.99281E-05 9.99281E-05 9.99281E-05 9.99281E-05 9.99281E-05 9.99281E-05 9.99281E-05 0.998187
9.9937E-05 9.9937E-05 9.9937E-05 9.9937E-05 9.9937E-05 9.9937E-05 0.0704905 0.0283532 9.9937E-05 0.900457
0.0121631 9.99461E-05 9.99461E-05 0.00111503 9.99461E-05 9.99461E-05 9.99461E-05 9.99461E-05 0.485907 0.500215
0.0157368 9.9964E-05 0.0090031 9.9964E-05 0.00022182 9.9964E-05 0.000100166 0.00333889 9.9964E-05 0.971199
0.687454 0.00843953 9.9964E-05 9.9964E-05 9.9964E-05 0.0649084 0.00913763 9.9964E-05 0.209765 0.0198954
0.657772 9.9955E-05 0.0287004 9.9955E-05 9.9955E-05 0.0353911 0.00756796 9.9955E-05 0.270069 9.9955E-05
0.860879 0.00594199 9.9982E-05 9.9982E-05 0.0432269 0.0102505 0.01975 0.00396963 0.0525524 0.00322953
0.0300178 0.0567146 9.9946E-05 9.9946E-05 9.9946E-05 9.9946E-05 9.9946E-05 9.9946E-05 0.880272 0.0323957
9.9964E-05 0.788317 0.0192023 0.0318774 9.9964E-05 0.0778125 9.9964E-05 0.0258373 9.9964E-05 0.0565535
0.83388 9.9946E-05 9.9946E-05 9.9946E-05 0.0384466 9.9946E-05 9.9946E-05 9.9946E-05 0.0778181 0.0492561
0.351727 0.336911 0.0152919 0.0509638 9.9973E-05 0.0378167 0.0232543 9.9973E-05 0.183735 9.9973E-05
0.738087 9.9973E-05 0.0261898 0.0109887 9.9973E-05 0.0124943 0.0148653 9.9973E-05 0.159989 0.0370866
0.657565 9.9964E-05 0.0214036 0.0306207 9.9964E-05 0.015381 0.0388758 9.9964E-05 0.235754 9.9964E-05
0.709365 9.9955E-05 9.9955E-05 0.0351211 9.9955E-05 0.0483586 9.9955E-05 9.9955E-05 0.181676 0.0249798
0.595254 9.9973E-05 0.000317579 0.0598005 0.0183453 0.0471349 0.0163275 9.9973E-05 0.26252 9.9973E-05
0.561799 9.9946E-05 0.0639327 0.0480877 9.9946E-05 9.9946E-05 9.9946E-05 9.9946E-05 0.325581 9.9946E-05
0.918511 9.9946E-05 0.0430784 9.9946E-05 9.9946E-05 9.9946E-05 9.9946E-05 9.9946E-05 0.0169151 0.0208953
0.826817 0.09798 9.9955E-05 0.00853235 9.9955E-05 9.9955E-05 9.9955E-05 9.9955E-05 0.00893562 0.0572352
0.847655 0.0793148 0.00860039 0.0272801 0.00425772 9.9973E-05 9.9973E-05 0.00408788 9.9973E-05 0.0285039
0.0743216 9.9955E-05 9.9955E-05 0.0735861 9.9955E-05 0.0594431 9.9955E-05 9.9955E-05 0.744706 0.047443
0.0151405 0.00271327 9.9946E-05 9.9946E-05 0.967732 0.0138149 9.9946E-05 9.9946E-05 9.9946E-05 9.9946E-05
9.9973E-05 9.9973E-05 0.00781075 9.9973E-05 0.884658 0.0057866 0.00318646 0.0665891 0.0112012 0.0204681
9.9964E-05 0.0233547 0.606782 0.0278716 0.229549 0.0651654 9.9964E-05 0.0468771 9.9964E-05 9.9964E-05
0.0934528 0.328751 0.0187218 0.0358701 0.00825895 0.0874782 0.022372 9.9991E-05 0.32714 0.0778553
9.9946E-05 9.9946E-05 0.0324909 9.9946E-05 0.915192 9.9946E-05 0.0112975 0.0404199 9.9946E-05 9.9946E-05
0.00414082 9.9982E-05 0.000529401 0.0111897 0.880256 0.026503 0.0314992 0.0412268 9.9982E-05 0.00445557
0.396462 0.233885 0.0525386 0.00111981 0.0149916 9.9991E-05 0.0201167 0.0188411 0.154007 0.107938
9.9973E-05 9.9973E-05 0.412305 0.260884 0.223607 0.0669511 9.9973E-05 0.0136538 0.00738859 0.0149102
0.0229718 0.00663581 0.404918 0.314352 0.122182 0.046617 9.9982E-05 0.0663795 0.0157436 9.9982E-05
0.00351841 9.9964E-05 0.43652 0.407668 0.0846299 0.0275035 9.9964E-05 0.0397604 9.9964E-05 9.9964E-05
9.99553E-05 0.0412331 0.252342 0.54776 9.99553E-05 9.99553E-05 9.99553E-05 0.0881741 0.0699909 9.99553E-05
9.9973E-05 0.00702923 0.257139 0.556327 9.9973E-05 0.0298775 9.9973E-05 0.100461 0.0315866 0.01728
0.0368299 0.000592073 0.41611 0.374368 0.0796641 0.0134217 0.0400416 0.0292915 0.0095818 9.9991E-05
9.99639E-05 0.801677 9.99639E-05 0.0292579 9.99639E-05 0.0420976 0.0256411 0.0914365 9.99639E-05 0.00948958
0.00187405 9.9973E-05 0.639192 0.00902937 0.295777 9.9973E-05 9.9973E-05 0.0217326 0.0265645 0.00553036
0.00476578 0.0117894 0.000404183 9.9973E-05 9.9973E-05 0.0304717 9.9973E-05 0.0464526 0.89143 0.014386
0.0108545 0.0259481 9.9964E-05 9.9964E-05 0.0310438 9.9964E-05 0.00554902 9.9964E-05 0.892611 0.0335941
9.9973E-05 9.9973E-05 0.783707 0.0133921 0.105005 0.0415698 9.9973E-05 0.0348718 0.0137769 0.00737772
0.101564 0.0953611 0.113108 0.0842423 0.0611124 0.0925977 9.9991E-05 0.104097 0.218397 0.129421
0.059383 0.774194 0.0111041 0.0339083 0.0443085 0.00739226 0.011731 0.0302245 0.0276546 9.9991E-05
0.724954 0.126731 0.0717463 0.0343764 0.021768 9.9964E-05 0.0200246 9.9964E-05 9.9964E-05 9.9964E-05
0.0742736 0.0418648 9.9973E-05 0.0175901 9.9973E-05 0.00250747 0.0365313 9.9973E-05 0.801859 0.0250737
0.501125 0.172436 0.0381407 0.0248135 0.227679 9.9973E-05 0.00808041 9.9973E-05 9.9973E-05 0.0274254
0.0073766 0.817551 0.0257187 0.0200701 0.0697248 0.0123529 0.00704135 9.9982E-05 0.0399645 9.9982E-05
0.00417268 0.0327804 9.9973E-05 0.166032 0.702419 9.9973E-05 0.0310861 9.9973E-05 0.0305832 0.032626
9.9955E-05 0.888908 9.9955E-05 0.00841499 9.9955E-05 0.0839875 9.9955E-05 0.0129872 9.9955E-05 0.00520297
0.120235 9.9973E-05 0.0062719 0.0507898 9.9973E-05 0.50529 9.9973E-05 0.212217 0.0632423 0.0416537
9.9955E-05 0.0541806 9.9955E-05 0.0122343 9.9955E-05 9.9955E-05 0.00158278 9.9955E-05 0.90581 0.0256926
0.0165196 0.015259 0.607257 9.9973E-05 0.291615 9.9973E-05 9.9973E-05 0.00298936 0.0456326 0.0204281
0.49337 0.0602011 0.415653 0.0237347 0.00654205 9.9955E-05 9.9955E-05 9.9955E-05 9.9955E-05 9.9955E-05
0.0544551 9.9955E-05 0.874762 0.0357223 9.9955E-05 9.9955E-05 9.9955E-05 9.9955E-05 0.00849368 0.0260667
0.275713 0.366951 0.0363407 0.0180395 0.0531098 9.9982E-05 0.187217 9.9982E-05 0.0345626 0.0278666
9.9937E-05 9.9937E-05 0.984992 0.00442314 9.9937E-05 9.9937E-05 0.0098854 9.9937E-05 9.9937E-05 9.9937E-05
0.0642754 0.888146 0.0320108 9.9946E-05 9.9946E-05 9.9946E-05 9.9946E-05 9.9946E-05 0.0149677 9.9946E-05
0.039826 0.0569951 0.810565 9.9973E-05 9.9973E-05 9.9973E-05 0.0144531 0.0170612 0.0482038 0.0125955
0.0280017 0.0389417 0.830619 9.9964E-05 9.9964E-05 9.9964E-05 0.00655611 9.9964E-05 0.0279621 0.0675192
0.0203099 0.0657915 0.0660546 0.00154898 9.99655E-05 9.99655E-05 9.99655E-05 9.99655E-05 0.843456 0.00243892
0.130397 0.0435454 0.021921 0.0147472 0.289862 0.0545034 9.9982E-05 0.0700514 0.374773 9.9982E-05
0.291631 0.248896 0.0429354 0.0245501 0.0312705 9.9982E-05 0.040188 9.9982E-05 0.308227 0.0121029
0.0104209 0.0178592 0.0838897 0.803427 9.9991E-05 0.0159475 0.0265547 0.0176001 0.0170549 0.00714625
0.0158555 9.9964E-05 0.0154308 0.897354 9.9964E-05 0.039119 0.00957443 0.0222668 9.9964E-05 9.9964E-05
9.9982E-05 0.0335192 0.0215955 0.833703 9.9982E-05 0.0419904 0.00720383 0.0115653 0.0418314 0.00839185
9.9982E-05 0.0522715 0.0239702 0.806584 9.9982E-05 0.0258971 0.0246152 0.0229671 0.0345302 0.0089652
9.9946E-05 9.9946E-05 9.9946E-05 0.0363711 9.9946E-05 0.0263845 0.0113339 9.9946E-05 0.925311 9.9946E-05
0.00652844 9.9964E-05 0.0107603 9.9964E-05 9.9964E-05 0.073199 9.9964E-05 0.0257705 0.862613 0.0207291
0.083608 0.0158339 9.9973E-05 0.0313048 9.9973E-05 0.0335348 0.0416788 9.9973E-05 0.765751 0.0279886
9.9973E-05 0.0206162 0.258072 0.392936 0.224319 0.0230617 0.039479 0.0412162 9.9973E-05 9.9973E-05
0.153982 0.104785 0.0814921 0.141991 0.0621045 0.106746 0.015514 0.0407149 0.169432 0.123238
9.9964E-05 0.00893792 9.9964E-05 0.0471323 9.9964E-05 0.394134 9.9964E-05 0.0802372 0.332906 0.136253
0.0977363 9.9964E-05 9.9964E-05 9.9964E-05 9.9964E-05 0.113397 0.0150527 0.0428832 0.718442 0.0120896
0.0811204 9.9973E-05 0.000216384 9.9973E-05 9.9973E-05 0.165639 0.0065176 0.0385907 0.629573 0.0780436
9.9973E-05 9.9973E-05 9.9973E-05 0.045551 0.0245152 0.15525 0.0157409 0.0251255 0.700373 0.0331443
0.0221817 9.9973E-05 0.0121687 9.9973E-05 0.0560363 0.282191 9.9973E-05 0.0486078 0.44069 0.137825
0.063271 9.9955E-05 9.9955E-05 0.0486089 0.000431184 9.9955E-05 0.0457338 0.841455 9.9955E-05 9.9955E-05
0.814856 0.111798 0.000547865 0.00435204 9.9973E-05 0.0503844 9.9973E-05 9.9973E-05 0.00943466 0.00832704
0.555617 0.126826 9.9955E-05 9.9955E-05 9.9955E-05 9.9955E-05 0.0293671 9.9955E-05 0.241305 0.0463846
9.9955E-05 9.9955E-05 0.923597 9.9955E-05 0.0212106 0.04316 0.00958486 0.00194793 9.9955E-05 9.9955E-05
9.9946E-05 9.9946E-05 0.875602 9.9946E-05 9.9946E-05 0.0505789 0.0401748 0.0330441 9.9946E-05 9.9946E-05
0.00153713 9.9964E-05 0.83219 9.9964E-05 9.9964E-05 0.0984798 0.0492235 0.0136079 0.00456188 9.9964E-05
9.9964E-05 9.9964E-05 0.337915 0.192665 0.181962 0.143514 0.0571283 0.0864163 9.9964E-05 9.9964E-05
9.99277E-05 9.99277E-05 0.219674 9.99277E-05 9.99277E-05 0.779527 9.99277E-05 9.99277E-05 9.99277E-05 9.99277E-05
9.99277E-05 9.99277E-05 0.188076 9.99277E-05 9.99277E-05 0.811124 9.99277E-05 9.99277E-05 9.99277E-05 9.99277E-05
0.00975036 9.9964E-05 9.9964E-05 0.0144395 9.9964E-05 0.0564866 9.9964E-05 0.0437019 0.866445 0.00877713
9.9973E-05 9.9973E-05 0.0103359 0.0148337 0.0128124 0.0630105 9.9973E-05 0.0602421 0.822013 0.0164528
0.0175146 9.99461E-05 9.99461E-05 9.99461E-05 0.00910124 9.99461E-05 9.99461E-05 0.0271096 0.945675 9.99461E-05
0.0788314 0.825127 0.0441387 9.9964E-05 9.9964E-05 9.9964E-05 9.9964E-05 0.043633 0.00761291 0.000256856
0.0157904 9.9964E-05 0.911848 0.0333353 9.9964E-05 9.9964E-05 9.9964E-05 0.00277698 0.010508 0.0253417
9.9946E-05 9.9946E-05 0.922629 0.020634 0.027436 9.9946E-05 9.9946E-05 9.9946E-05 9.9946E-05 0.0287012
0.00404664 0.00618717 0.853105 0.00487849 0.129738 9.9964E-05 9.9964E-05 0.00164488 9.9964E-05 9.9964E-05
0.0281234 9.9955E-05 0.783076 0.0181731 0.142441 9.9955E-05 0.0276857 9.9955E-05 9.9955E-05 9.9955E-05
9.9964E-05 0.0235878 0.824997 0.0140912 0.0888395 9.9964E-05 0.0427056 9.9964E-05 9.9964E-05 0.00537891
0.720593 0.175854 0.0795483 9.99461E-05 0.0234049 9.99461E-05 9.99461E-05 9.99461E-05 9.99461E-05 9.99461E-05
9.9973E-05 9.9973E-05 0.137208 0.0982173 0.353291 0.202367 0.103477 9.9973E-05 0.0481597 0.0569796
0.0022054 0.97588 9.9937E-05 9.9937E-05 9.9937E-05 0.0212147 9.9937E-05 9.9937E-05 9.9937E-05 9.9937E-05
0.710888 0.219056 0.0693556 9.99371E-05 9.99371E-05 9.99371E-05 9.99371E-05 9.99371E-05 9.99371E-05 9.99371E-05
9.9955E-05 0.0688122 0.00488121 9.9955E-05 0.00939634 9.9955E-05 0.182358 9.9955E-05 0.734052 9.9955E-05
0.827385 0.171815 9.9928E-05 9.9928E-05 9.9928E-05 9.9928E-05 9.9928E-05 9.9928E-05 9.9928E-05 9.9928E-05
0.741523 0.248075 0.00970202 9.9937E-05 9.9937E-05 9.9937E-05 9.9937E-05 9.9937E-05 9.9937E-05 9.9937E-05
0.741858 0.256085 0.00135785 9.99371E-05 9.99371E-05 9.99371E-05 9.99371E-05 9.99371E-05 9.99371E-05 9.99371E-05
0.0176421 9.9946E-05 0.912349 0.0273862 9.9946E-05 9.9946E-05 9.9946E-05 9.9946E-05 9.9946E-05 0.0420232
9.9937E-05 0.0426001 0.952744 9.9937E-05 9.9937E-05 9.9937E-05 0.00395651 9.9937E-05 9.9937E-05 9.9937E-05
9.99369E-05 9.99369E-05 0.141029 9.99369E-05 0.0988146 9.99369E-05 0.759457 9.99369E-05 9.99369E-05 9.99369E-05
0.00625784 9.9964E-05 0.885072 9.9964E-05 0.0166556 9.9964E-05 0.00378319 0.0451545 9.9964E-05 0.0426769
9.99201E-05 9.99201E-05 0.999101 9.99201E-05 9.99201E-05 9.99201E-05 9.99201E-05 9.99201E-05 9.99201E-05 9.99201E-05
0.484601 0.0615452 0.301116 9.99461E-05 0.152138 9.99461E-05 9.99461E-05 9.99461E-05 9.99461E-05 9.99461E-05
9.9955E-05 9.9955E-05 0.763924 0.0417369 0.0947221 0.0912886 9.9955E-05 9.9955E-05 0.00782859 9.9955E-05
9.9955E-05 9.9955E-05 0.74434 0.00833556 0.110557 0.114427 9.9955E-05 9.9955E-05 0.0218406 9.9955E-05
9.9973E-05 9.9973E-05 0.119072 9.9973E-05 0.141675 0.506971 0.135788 0.0340087 0.0337241 0.0284611
0.0473918 0.8828 9.9964E-05 0.0201619 0.0138124 9.9964E-05 9.9964E-05 9.9964E-05 0.0198648 0.0155691
0.00281717 0.130141 0.630815 9.9955E-05 0.168504 9.9955E-05 0.0672228 9.9955E-05 9.9955E-05 9.9955E-05
0.0369747 9.9964E-05 9.9964E-05 0.0609188 0.195629 9.9964E-05 0.00590378 9.9964E-05 0.288236 0.411938
0.0911941 0.0750788 0.545507 9.9946E-05 0.28762 9.9946E-05 9.9946E-05 9.9946E-05 9.9946E-05 9.9946E-05
0.0313816 9.9946E-05 0.960028 9.9946E-05 9.9946E-05 9.9946E-05 9.9946E-05 0.00520383 9.9946E-05 0.00278699
0.805259 0.136443 0.0282529 0.0294461 9.99461E-05 9.99461E-05 9.99461E-05 9.99461E-05 9.99461E-05 9.99461E-05
0.57098 0.0960429 0.260467 0.00605196 0.00556077 9.9964E-05 9.9964E-05 0.0604973 9.9964E-05 9.9964E-05
9.9946E-05 0.895173 9.9946E-05 9.9946E-05 9.9946E-05 0.0340183 9.9946E-05 0.0453554 0.0248541 9.9946E-05
9.9928E-05 9.9928E-05 9.9928E-05 9.9928E-05 9.9928E-05 0.0604291 9.9928E-05 0.938772 9.9928E-05 9.9928E-05
0.925593 9.9937E-05 9.9937E-05 9.9937E-05 9.9937E-05 0.0331732 9.9937E-05 9.9937E-05 0.0405347 9.9937E-05
0.0604623 0.35184 9.99549E-05 9.99549E-05 9.99549E-05 0.43814 0.0246035 0.124454 9.99549E-05 9.99549E-05
0.0650437 0.876757 0.0316294 9.9964E-05 0.0097076 9.9964E-05 9.9964E-05 0.000276076 0.0161864 9.9964E-05
0.0599918 0.877273 0.0511873 9.9946E-05 9.9946E-05 9.9946E-05 9.9946E-05 9.9946E-05 0.0109486 9.9946E-05
9.99458E-05 0.32553 9.99458E-05 9.99458E-05 9.99458E-05 0.368021 0.087123 0.218727 9.99458E-05 9.99458E-05
0.294663 0.0889187 0.0183031 0.0299935 0.00162171 9.9973E-05 0.125978 0.440222 9.9973E-05 9.9973E-05
9.9955E-05 0.9349 0.0103118 9.9955E-05 9.9955E-05 0.0307094 9.9955E-05 0.003042 0.0205372 9.9955E-05
9.9982E-05 0.0161821 0.116816 9.9982E-05 0.165116 0.504072 0.0858903 0.0447262 0.0491274 0.0178709
0.0458975 0.0242631 9.9955E-05 9.9955E-05 9.9955E-05 9.9955E-05 9.9955E-05 0.0257251 0.896433 0.00718198
9.99369E-05 0.0912876 9.99369E-05 9.99369E-05 9.99369E-05 9.99369E-05 0.185292 9.99369E-05 0.72272 9.99369E-05
9.99201E-05 9.99201E-05 9.99201E-05 9.99201E-05 9.99201E-05 9.99201E-05 9.99201E-05 9.99201E-05 9.99201E-05 0.999101
9.9955E-05 0.14906 0.0320867 9.9955E-05 9.9955E-05 9.9955E-05 0.185223 0.00109566 0.632034 9.9955E-05
0.0694661 0.0499577 9.9946E-05 9.9946E-05 9.9946E-05 9.9946E-05 9.9946E-05 9.9946E-05 0.86273 0.0172467
0.0509307 0.584201 0.016122 9.9946E-05 9.9946E-05 9.9946E-05 9.9946E-05 9.9946E-05 0.348147 9.9946E-05
0.0747556 0.0178561 9.9955E-05 9.9955E-05 0.00880792 9.9955E-05 9.9955E-05 9.9955E-05 0.850802 0.0472788
0.535691 9.9964E-05 9.9964E-05 0.0321167 9.9964E-05 9.9964E-05 0.0258261 0.104653 0.256243 0.0450712
9.9955E-05 0.0143013 9.9955E-05 0.0209741 0.000934061 0.0555194 9.9955E-05 9.9955E-05 0.907771 9.9955E-05
0.0507037 0.00866572 9.99639E-05 9.99639E-05 9.99639E-05 0.586573 9.99639E-05 0.179542 0.0949319 0.0791831
0.152882 0.233413 9.99639E-05 9.99639E-05 9.99639E-05 0.435111 0.029448 0.117255 0.0314903 9.99639E-05
0.283097 0.13882 0.00104606 9.9982E-05 9.9982E-05 0.229192 0.0358635 0.136919 0.151233 0.0236304
0.0642748 0.00922013 0.0268162 9.9973E-05 9.9973E-05 9.9973E-05 0.0367847 0.00281414 0.856643 0.00314677
9.99371E-05 9.99371E-05 0.850266 9.99371E-05 0.126026 9.99371E-05 9.99371E-05 9.99371E-05 9.99371E-05 0.023008
0.934703 9.9946E-05 9.9946E-05 9.9946E-05 9.9946E-05 0.00379207 0.0346664 9.9946E-05 0.0262389 9.9946E-05
0.00988719 0.0132191 9.99639E-05 9.99639E-05 9.99639E-05 0.591818 9.99639E-05 0.255237 0.0791875 0.0502508
0.910562 9.9946E-05 9.9946E-05 9.9946E-05 9.9946E-05 9.9946E-05 0.0229815 0.0427602 0.0230963 9.9946E-05
9.9937E-05 9.9937E-05 0.807514 9.9937E-05 0.0918645 0.0999216 9.9937E-05 9.9937E-05 9.9937E-05 9.9937E-05
9.9946E-05 0.958223 9.9946E-05 9.9946E-05 0.0259479 9.9946E-05 9.9946E-05 9.9946E-05 0.0106394 0.00458977
9.9946E-05 0.0143827 9.9946E-05 9.9946E-05 0.0159009 9.9946E-05 0.0115024 9.9946E-05 9.9946E-05 0.957614
9.9973E-05 0.0479286 9.9973E-05 0.00399306 0.123682 0.0534674 0.0100071 9.9973E-05 0.0605005 0.700121
9.9946E-05 0.000881312 9.9946E-05 9.9946E-05 9.9946E-05 9.9946E-05 9.9946E-05 0.024088 0.940041 0.0343895
0.54356 0.176531 9.9955E-05 9.9955E-05 9.9955E-05 9.9955E-05 0.0105108 9.9955E-05 0.243664 0.0252346
9.99279E-05 0.992352 9.99279E-05 9.99279E-05 0.00684834 9.99279E-05 9.99279E-05 9.99279E-05 9.99279E-05 9.99279E-05
9.9928E-05 0.99834 0.000860577 9.9928E-05 9.9928E-05 9.9928E-05 9.9928E-05 9.9928E-05 9.9928E-05 9.9928E-05
0.573122 0.129957 0.0581974 0.0399697 0.0685007 9.9973E-05 0.104973 0.0249805 9.9973E-05 9.9973E-05
0.570525 0.110674 9.9973E-05 0.0141343 9.9973E-05 0.00111748 0.0283685 9.9973E-05 0.270022 0.00485851
9.9955E-05 9.9955E-05 0.841157 9.9955E-05 0.00124537 0.086693 0.0591662 0.0112389 9.9955E-05 9.9955E-05
9.99277E-05 9.99277E-05 0.17594 9.99277E-05 9.99277E-05 0.823261 9.99277E-05 9.99277E-05 9.99277E-05 9.99277E-05
9.9946E-05 9.9946E-05 0.517667 0.213774 0.136958 0.131002 9.9946E-05 9.9946E-05 9.9946E-05 9.9946E-05
9.9964E-05 9.9964E-05 0.112409 0.326364 0.177712 0.312726 9.9964E-05 9.9964E-05 0.0239206 0.0464692
9.9973E-05 0.00835385 0.0696138 0.311402 0.200616 0.364864 9.9973E-05 9.9973E-05 0.00360085 0.0412494
9.9964E-05 0.000945231 0.254983 0.212607 0.275566 0.24272 9.9964E-05 9.9964E-05 0.0127785 9.9964E-05
9.99277E-05 9.99277E-05 0.167405 9.99277E-05 9.99277E-05 0.831795 9.99277E-05 9.99277E-05 9.99277E-05 9.99277E-05
9.9973E-05 9.9973E-05 0.126033 0.35111 0.173394 0.280706 0.0325465 9.9973E-05 0.0241908 0.0117192
9.9955E-05 9.9955E-05 0.175576 0.192205 0.378606 0.245131 9.9955E-05 9.9955E-05 0.0079827 9.9955E-05
9.99729E-05 0.058327 0.0149591 0.0466807 9.99729E-05 0.672678 9.99729E-05 0.122869 0.046383 0.0378029
9.9955E-05 9.9955E-05 0.320111 0.182983 0.246078 0.238831 9.9955E-05 9.9955E-05 0.0114967 9.9955E-05
0.00512306 0.0231605 0.00292018 0.0644995 9.9991E-05 0.697487 0.0240327 0.0683784 0.0797452 0.034553
0.0692328 0.295966 9.99549E-05 9.99549E-05 9.99549E-05 0.294504 0.0637815 0.276016 9.99549E-05 9.99549E-05
0.014728 0.0171618 9.99459E-05 9.99459E-05 9.99459E-05 9.99459E-05 0.935914 9.99459E-05 9.99459E-05 0.0315961
0.0409462 9.9982E-05 0.257365 0.115205 0.193045 0.277509 0.00794768 0.0708463 9.9982E-05 0.0369365
0.0733987 9.9991E-05 0.227393 0.155013 0.143884 0.253504 0.00174896 0.124728 0.00745614 0.0127732
9.99279E-05 9.99279E-05 0.148601 9.99279E-05 9.99279E-05 0.8506 9.99279E-05 9.99279E-05 9.99279E-05 9.99279E-05
9.9955E-05 9.9955E-05 0.301193 0.197928 0.223149 0.27339 0.00383869 9.9955E-05 9.9955E-05 9.9955E-05
0.800424 9.9955E-05 9.9955E-05 9.9955E-05 0.00833523 0.0707431 9.9955E-05 9.9955E-05 0.118609 0.00138846
9.9946E-05 9.9946E-05 0.863582 9.9946E-05 0.0262152 0.0827003 0.026903 9.9946E-05 9.9946E-05 9.9946E-05
9.9973E-05 0.00602162 0.0775662 0.349285 0.166788 0.384109 9.9973E-05 9.9973E-05 0.0065182 0.00941221
9.9955E-05 9.9955E-05 0.293779 0.0736577 0.309339 0.277685 0.0450393 9.9955E-05 9.9955E-05 9.9955E-05
9.9955E-05 9.9955E-05 0.149834 0.328706 0.197496 0.305662 9.9955E-05 9.9955E-05 9.9955E-05 0.0178035
9.9964E-05 9.9964E-05 0.160444 0.255595 0.278083 0.245328 0.0331082 9.9964E-05 9.9964E-05 0.0270426
9.9937E-05 0.117954 9.9937E-05 9.9937E-05 9.9937E-05 9.9937E-05 0.189751 9.9937E-05 0.691596 9.9937E-05
0.458034 0.00040196 9.9973E-05 0.0337888 9.9973E-05 9.9973E-05 0.071514 0.0465643 0.346397 0.0429995
9.9946E-05 9.9946E-05 0.73539 0.0734936 0.113065 0.077452 9.9946E-05 9.9946E-05 9.9946E-05 9.9946E-05
0.889548 9.99459E-05 9.99459E-05 9.99459E-05 9.99459E-05 9.99459E-05 0.00629333 0.0659837 0.0375749 9.99459E-05
9.99459E-05 0.0906125 0.00611048 9.99459E-05 9.99459E-05 9.99459E-05 0.228671 9.99459E-05 0.674006 9.99459E-05
9.99369E-05 0.0231906 9.99369E-05 9.99369E-05 9.99369E-05 0.112185 9.99369E-05 0.863924 9.99369E-05 9.99369E-05
9.9928E-05 9.9928E-05 0.99663 9.9928E-05 9.9928E-05 9.9928E-05 9.9928E-05 9.9928E-05 9.9928E-05 0.00257018
9.9946E-05 9.9946E-05 0.9768 9.9946E-05 0.00107352 9.9946E-05 9.9946E-05 0.00380502 9.9946E-05 0.017722
0.0226774 9.9955E-05 0.894896 0.0499616 9.9955E-05 9.9955E-05 9.9955E-05 0.00704862 9.9955E-05 0.0249171
9.9946E-05 9.9946E-05 0.965395 0.0113914 9.9946E-05 9.9946E-05 9.9946E-05 0.0224748 9.9946E-05 0.000139197
0.0929904 0.767594 0.0572787 9.9964E-05 9.9964E-05 0.00193964 9.9964E-05 0.06122 0.018577 9.9964E-05
9.9964E-05 0.029245 0.821141 9.9964E-05 0.0315671 9.9964E-05 0.0263821 9.9964E-05 0.0617218 0.0295427
9.9955E-05 0.136718 0.00525884 0.00246641 9.9955E-05 9.9955E-05 0.153371 9.9955E-05 0.701686 9.9955E-05
9.9955E-05 9.9955E-05 9.9955E-05 0.00886488 9.9955E-05 0.0404311 0.0138441 0.0277272 0.908633 9.9955E-05
0.0228849 0.0276922 9.9955E-05 0.0334179 9.9955E-05 9.9955E-05 9.9955E-05 9.9955E-05 0.895543 0.0199617
9.9955E-05 0.0385992 9.9955E-05 9.9955E-05 0.0148128 0.0250231 9.9955E-05 9.9955E-05 0.906647 0.0144178
0.0631554 0.0294535 9.9955E-05 9.9955E-05 0.0141345 9.9955E-05 9.9955E-05 9.9955E-05 0.857994 0.0347632
9.9973E-05 9.9973E-05 0.0319092 0.484557 0.0762258 0.306501 0.00068286 9.9973E-05 0.0526421 0.0471812
0.00478843 9.9973E-05 0.0377469 0.448326 0.0887786 0.300466 9.9973E-05 9.9973E-05 0.0588168 0.0607768
0.0212026 0.0320278 9.9955E-05 0.890742 9.9955E-05 0.0462634 9.9955E-05 9.9955E-05 0.00926425 9.9955E-05
9.9955E-05 9.9955E-05 0.0646934 0.875482 0.00698178 9.9955E-05 0.0237628 9.9955E-05 0.0285801 9.9955E-05
0.00686414 9.9964E-05 0.00338896 0.909929 0.00491821 9.9964E-05 0.0680493 9.9964E-05 0.00645104 9.9964E-05
0.0100776 0.248144 9.9973E-05 0.242065 9.9973E-05 0.25483 0.0687399 0.143622 9.9973E-05 0.0322222
0.0203636 0.0100478 9.9973E-05 0.909067 9.9973E-05 0.00779035 0.00361598 9.9973E-05 0.00667179 0.0421434
0.220204 0.103907 0.188778 0.101821 9.9982E-05 0.0669619 0.113283 9.9982E-05 0.189846 0.0149985
9.9928E-05 9.9928E-05 9.9928E-05 0.992708 0.00649227 9.9928E-05 9.9928E-05 9.9928E-05 9.9928E-05 9.9928E-05
9.9928E-05 9.9928E-05 9.9928E-05 0.972612 0.0265888 9.9928E-05 9.9928E-05 9.9928E-05 9.9928E-05 9.9928E-05
9.9955E-05 0.00762925 0.030961 0.938198 0.0014484 9.9955E-05 9.9955E-05 9.9955E-05 9.9955E-05 0.0212637
0.0202785 9.9964E-05 0.0204844 0.242531 0.677085 9.9964E-05 0.0280974 9.9964E-05 0.0111233 9.9964E-05
9.9946E-05 9.9946E-05 0.000396062 0.973885 9.9946E-05 9.9946E-05 0.016262 0.00885724 9.9946E-05 9.9946E-05
9.9973E-05 9.9973E-05 0.00326556 0.834768 0.0848898 9.9973E-05 0.0293755 0.00160336 0.0168606 0.0289372
0.845468 9.9955E-05 9.9955E-05 9.9955E-05 9.9955E-05 0.0235569 0.00504813 0.0399669 0.0854607 9.9955E-05
0.558402 0.00923444 9.9982E-05 0.0807811 9.9982E-05 0.0292897 0.0149395 0.0385357 0.227383 0.0412349
0.115895 0.0189214 9.9973E-05 0.0312215 9.9973E-05 0.119806 0.0140713 0.0527956 0.64699 9.9973E-05
0.0821527 0.000310638 9.99551E-05 9.99551E-05 9.99551E-05 9.99551E-05 9.99551E-05 0.0313983 0.858978 0.0266601
0.0896653 0.258018 9.99549E-05 9.99549E-05 9.99549E-05 0.455775 9.99549E-05 0.166701 0.0293403 9.99549E-05
0.0646892 9.9973E-05 9.9973E-05 0.0127784 9.9973E-05 0.04995 0.0765596 0.0156906 0.750697 0.0293354
0.935402 9.9964E-05 9.9964E-05 9.9964E-05 9.9964E-05 0.0176182 0.00955602 0.0190614 0.0160357 0.00192721
0.938534 9.9937E-05 9.9937E-05 9.9937E-05 9.9937E-05 0.025294 9.9937E-05 9.9937E-05 0.0354725 9.9937E-05
9.99459E-05 0.338444 9.99459E-05 9.99459E-05 9.99459E-05 0.439019 0.0196202 0.202318 9.99459E-05 9.99459E-05
0.0335026 9.9973E-05 9.9973E-05 0.0237532 0.00834216 0.158978 9.9973E-05 0.0505185 0.682154 0.0424523
0.169121 0.0209351 0.0259978 0.0222816 0.00490608 0.0854709 0.014362 0.0950354 0.462977 0.0989128
0.0216358 0.149203 9.99642E-05 9.99642E-05 9.99642E-05 0.467857 9.99642E-05 0.29149 0.003968 0.0654466
9.99459E-05 0.311445 9.99459E-05 9.99459E-05 9.99459E-05 0.448744 0.0553451 0.183866 9.99459E-05 9.99459E-05
0.0912146 0.27686 9.99639E-05 9.99639E-05 9.99639E-05 0.499223 0.0167548 0.0894091 0.0261384 9.99639E-05
0.508572 0.031282 0.0597474 0.00957227 9.9982E-05 9.9982E-05 0.146535 0.0344423 0.209447 0.000202443
0.018302 0.364369 9.99639E-05 9.99639E-05 9.99639E-05 0.395154 0.00356926 0.197883 9.99639E-05 0.0203224
0.914327 9.9964E-05 9.9964E-05 0.0333683 9.9964E-05 0.0061801 0.0233679 0.0160217 0.00633508 9.9964E-05
9.9937E-05 0.0190664 9.9937E-05 9.9937E-05 9.9937E-05 0.0235371 9.9937E-05 0.956697 9.9937E-05 9.9937E-05
9.9937E-05 9.9937E-05 9.9937E-05 9.9937E-05 9.9937E-05 0.0690524 9.9937E-05 0.926705 9.9937E-05 0.00354293
9.9982E-05 0.0384684 0.207307 0.113014 0.138676 0.272484 0.0113385 0.185898 9.9982E-05 0.0326143
9.99459E-05 0.386226 9.99459E-05 9.99459E-05 9.99459E-05 0.430894 0.00129834 0.180981 9.99459E-05 9.99459E-05
9.99459E-05 0.367797 9.99459E-05 9.99459E-05 9.99459E-05 0.399961 0.0384608 0.193182 9.99459E-05 9.99459E-05
9.99459E-05 0.360716 9.99459E-05 9.99459E-05 9.99459E-05 0.437361 0.0319286 0.169395 9.99459E-05 9.99459E-05
0.0872093 9.9964E-05 9.9964E-05 0.0232346 9.9964E-05 0.433686 9.9964E-05 0.192945 0.159397 0.103128
0.764121 9.9964E-05 9.9964E-05 9.9964E-05 0.00374761 0.0294546 0.0400678 0.0400417 0.122168 9.9964E-05
0.87061 9.9964E-05 0.0181004 9.9964E-05 9.9964E-05 0.0250422 0.0406564 0.0349455 0.0102458 9.9964E-05
0.853203 0.0310157 0.00640894 9.9973E-05 9.9973E-05 0.0579661 0.0112082 0.03405 9.9973E-05 0.00584787
0.887543 9.9964E-05 9.9964E-05 9.9964E-05 0.0168765 0.0086018 9.9964E-05 0.0112153 0.0600302 0.015333
0.00625501 9.9955E-05 0.875879 9.9955E-05 9.9955E-05 0.0781862 0.0186446 0.0205357 9.9955E-05 9.9955E-05
9.99369E-05 9.99369E-05 0.1487 9.99369E-05 0.0853706 9.99369E-05 0.76523 9.99369E-05 9.99369E-05 9.99369E-05
0.122633 0.0521867 9.9973E-05 9.9973E-05 0.0354562 0.00344585 9.9973E-05 0.0105696 0.742232 0.0331765
0.398773 0.224083 9.9973E-05 0.00823582 0.00126062 9.9973E-05 9.9973E-05 0.033776 0.317366 0.0162054
9.99549E-05 0.0677403 9.99549E-05 9.99549E-05 9.99549E-05 0.0346809 0.802302 0.0628909 9.99549E-05 0.0318859
9.99549E-05 0.0629805 9.99549E-05 9.99549E-05 9.99549E-05 0.0392701 0.823379 0.0595225 9.99549E-05 0.0143484
9.9946E-05 9.9946E-05 0.0160618 0.0237175 9.9946E-05 0.0558314 9.9946E-05 9.9946E-05 0.90379 9.9946E-05
9.99369E-05 0.14148 9.99369E-05 9.99369E-05 9.99369E-05 9.99369E-05 0.1705 9.99369E-05 0.68732 9.99369E-05
0.227222 0.0880798 0.0276424 0.036007 0.486537 9.9973E-05 0.132621 9.9973E-05 9.9973E-05 0.00159047
0.311509 0.401085 0.0911759 0.0532454 9.9973E-05 0.0138754 0.0638612 0.0649474 9.9973E-05 9.9973E-05
0.0938697 0.0438664 9.99641E-05 9.99641E-05 9.99641E-05 0.0242682 0.0337047 0.0150607 0.78883 9.99641E-05
9.9955E-05 9.9955E-05 9.9955E-05 9.9955E-05 0.00395816 0.451108 9.9955E-05 0.223832 0.229133 0.0914687
0.0042854 0.0789994 9.99549E-05 9.99549E-05 9.99549E-05 9.99549E-05 0.797037 0.0677938 9.99549E-05 0.0513845
0.0832073 9.99639E-05 9.99639E-05 0.00862544 9.99639E-05 0.54337 9.99639E-05 0.158088 0.114244 0.0920663
0.0574569 9.99639E-05 9.99639E-05 0.0261005 9.99639E-05 0.464997 9.99639E-05 0.137751 0.226424 0.08687
0.0282853 9.9955E-05 9.9955E-05 9.9955E-05 9.9955E-05 0.0327687 9.9955E-05 0.00358933 0.86468 0.0701771
0.00594652 9.9964E-05 9.9964E-05 9.9964E-05 0.0431686 0.0302192 9.9964E-05 0.0429163 0.860857 0.0164928
9.9955E-05 9.9955E-05 9.9955E-05 9.9955E-05 0.0212722 0.0188849 9.9955E-05 0.0363245 0.908164 0.0148543
0.0558491 0.0567404 0.0038224 0.0214175 9.9973E-05 0.0498213 9.9973E-05 9.9973E-05 0.808202 0.00384741
9.9937E-05 9.9937E-05 9.9937E-05 9.9937E-05 9.9937E-05 9.9937E-05 9.9937E-05 0.0201834 0.938619 0.0404982
0.0494224 0.0410006 9.9955E-05 9.9955E-05 0.0170998 9.9955E-05 0.00129629 9.9955E-05 0.890681 9.9955E-05
9.9955E-05 9.9955E-05 9.9955E-05 9.9955E-05 0.0762304 0.275406 9.9955E-05 0.043006 0.467512 0.137346
0.0385072 9.9982E-05 0.0316603 0.0553927 0.0198082 0.449123 9.9982E-05 0.0979238 0.212082 0.0953034
9.99461E-05 0.0407808 9.99461E-05 9.99461E-05 0.0140186 9.99461E-05 9.99461E-05 0.00737372 0.937227 9.99461E-05
0.0320361 9.9982E-05 0.0108759 0.0565022 0.00014381 0.436195 9.9982E-05 0.181118 0.192155 0.0907745
0.0656341 9.99549E-05 9.99549E-05 9.99549E-05 9.99549E-05 0.5612 9.99549E-05 0.201704 0.107232 0.0637307
9.99201E-05 9.99201E-05 9.99201E-05 9.99201E-05 0.999101 9.99201E-05 9.99201E-05 9.99201E-05 9.99201E-05 9.99201E-05
9.99459E-05 9.99459E-05 9.99459E-05 9.99459E-05 0.93469 0.0279074 0.0226653 0.0141372 9.99459E-05 9.99459E-05
0.0103449 9.9928E-05 9.9928E-05 9.9928E-05 0.988856 9.9928E-05 9.9928E-05 9.9928E-05 9.9928E-05 9.9928E-05
9.9928E-05 9.9928E-05 9.9928E-05 9.9928E-05 0.982521 0.0166795 9.9928E-05 9.9928E-05 9.9928E-05 9.9928E-05
9.99279E-05 9.99279E-05 9.99279E-05 9.99279E-05 0.98133 9.99279E-05 9.99279E-05 9.99279E-05 0.0178707 9.99279E-05
9.99201E-05 9.99201E-05 9.99201E-05 9.99201E-05 0.999101 9.99201E-05 9.99201E-05 9.99201E-05 9.99201E-05 9.99201E-05
