0.798054 0.141128 0.0601181 9.99369E-05 9.99369E-05 9.99369E-05 9.99369E-05 9.99369E-05 9.99369E-05 9.99369E-05
0.749318 9.99369E-05 9.99369E-05 9.99369E-05 9.99369E-05 0.0375906 9.99369E-05 9.99369E-05 9.99369E-05 0.212392
0.574399 9.9982E-05 9.9982E-05 0.0271177 0.0370407 0.0924746 0.00238355 0.00494429 0.038905 0.222535
0.833886 0.126593 0.0388207 9.99369E-05 9.99369E-05 9.99369E-05 9.99369E-05 9.99369E-05 9.99369E-05 9.99369E-05
0.00247514 0.0124033 0.0015626 0.0867003 9.9982E-05 9.9982E-05 0.0185982 0.0102468 0.0143933 0.85342
0.758026 9.9937E-05 9.9937E-05 9.9937E-05 9.9937E-05 0.0967446 9.9937E-05 9.9937E-05 9.9937E-05 0.14453
0.00214046 0.0261848 0.447175 9.9964E-05 0.00917921 9.9964E-05 9.9964E-05 0.513498 9.9964E-05 0.00142233
0.0132695 9.9937E-05 9.9937E-05 9.9937E-05 9.9937E-05 0.00879614 9.9937E-05 0.977235 9.9937E-05 9.9937E-05
9.9937E-05 9.9937E-05 9.9937E-05 9.9937E-05 9.9937E-05 0.0172355 9.9937E-05 0.977035 9.9937E-05 0.00502976
9.99461E-05 9.99461E-05 9.99461E-05 9.99461E-05 0.00454013 9.99461E-05 0.00800826 0.983787 0.00306452 9.99461E-05
0.0261757 9.9955E-05 0.125785 0.0317067 9.9955E-05 9.9955E-05 9.9955E-05 9.9955E-05 0.776324 0.0395094
9.9946E-05 0.0594542 0.0420518 9.9946E-05 9.9946E-05 9.9946E-05 9.9946E-05 0.00622886 0.891665 9.9946E-05
9.99461E-05 0.0243951 0.0841365 9.99461E-05 9.99461E-05 9.99461E-05 9.99461E-05 0.00430788 0.886561 9.99461E-05
9.9937E-05 9.9937E-05 0.0760726 0.023233 9.9937E-05 9.9937E-05 9.9937E-05 9.9937E-05 0.899995 9.9937E-05
0.0207122 0.0877705 9.9973E-05 0.00562665 0.832174 9.9973E-05 0.0295846 0.0193822 9.9973E-05 0.00444959
9.9946E-05 0.000324043 0.00562455 0.00709518 9.9946E-05 9.9946E-05 9.9946E-05 0.986357 9.9946E-05 9.9946E-05
9.9946E-05 0.0552028 0.906861 9.9946E-05 9.9946E-05 9.9946E-05 0.0136159 0.0237202 9.9946E-05 9.9946E-05
0.0185712 0.00645971 0.00245718 9.9973E-05 0.886221 9.9973E-05 0.00330579 0.0182871 0.0643976 9.9973E-05
9.9973E-05 0.106128 0.0160474 0.0665525 0.533034 9.9973E-05 0.0456538 0.00939439 0.222891 9.9973E-05
9.9955E-05 9.9955E-05 0.00965045 9.9955E-05 0.337719 9.9955E-05 0.028551 0.0104275 0.613152 9.9955E-05
9.9955E-05 0.0664828 9.9955E-05 0.0828813 0.782318 9.9955E-05 9.9955E-05 0.0286418 0.0391764 9.9955E-05
9.9964E-05 0.00133286 9.9964E-05 9.9964E-05 0.0654775 0.0168692 9.9964E-05 0.00413616 0.902907 0.00887716
0.031685 9.9946E-05 0.0152687 9.9946E-05 0.885572 9.9946E-05 9.9946E-05 9.9946E-05 0.0668742 9.9946E-05
9.9973E-05 0.0517538 0.0152279 9.9973E-05 0.0873621 0.0351736 0.00236631 0.0298224 0.777994 9.9973E-05
0.0213139 0.00701992 9.9946E-05 9.9946E-05 0.0359956 9.9946E-05 9.9946E-05 9.9946E-05 0.935071 9.9946E-05
0.0218485 9.99551E-05 0.0213756 0.0139622 0.923758 9.99551E-05 9.99551E-05 9.99551E-05 0.0185556 9.99551E-05
9.9946E-05 9.9946E-05 9.9946E-05 9.9946E-05 0.856688 0.0021313 9.9946E-05 0.0190887 0.121492 9.9946E-05
0.0583015 9.9964E-05 9.9964E-05 0.050889 0.586807 0.00905365 0.0257637 9.9964E-05 0.268785 9.9964E-05
9.9955E-05 0.00984717 9.9955E-05 9.9955E-05 0.904358 9.9955E-05 0.0395408 0.00890438 0.03685 9.9955E-05
0.0242637 0.00256484 9.99551E-05 9.99551E-05 0.935446 0.0218484 9.99551E-05 9.99551E-05 0.0153772 9.99551E-05
9.9955E-05 0.0192635 9.9955E-05 0.00125947 0.0336596 9.9955E-05 0.03481 9.9955E-05 0.910508 9.9955E-05
9.99281E-05 9.99281E-05 0.187924 9.99281E-05 9.99281E-05 9.99281E-05 9.99281E-05 9.99281E-05 0.811277 9.99281E-05
0.0566162 9.99371E-05 9.99371E-05 9.99371E-05 0.872821 9.99371E-05 9.99371E-05 9.99371E-05 0.0698635 9.99371E-05
9.9964E-05 0.0173421 9.9964E-05 0.0466564 0.130405 0.0040697 9.9964E-05 0.0241804 0.776947 9.9964E-05
0.0307796 0.00140963 9.9964E-05 9.9964E-05 0.922945 0.000248706 9.9964E-05 9.9964E-05 0.0362846 0.00793271
0.0114965 9.9964E-05 9.9964E-05 0.0255406 0.00610235 0.00827873 9.9964E-05 9.9964E-05 0.938876 0.00930552
0.00198437 9.99461E-05 9.99461E-05 9.99461E-05 0.880016 0.01995 9.99461E-05 9.99461E-05 0.0974498 9.99461E-05
9.9946E-05 0.0144349 9.9946E-05 9.9946E-05 0.0253185 9.9946E-05 0.0292524 9.9946E-05 0.930395 9.9946E-05
9.9955E-05 0.637465 9.9955E-05 0.0786667 9.9955E-05 0.108355 0.0722104 9.9955E-05 9.9955E-05 0.102802
9.9928E-05 9.9928E-05 9.9928E-05 9.9928E-05 9.9928E-05 0.345054 9.9928E-05 9.9928E-05 9.9928E-05 0.654147
9.99371E-05 9.99371E-05 0.173031 9.99371E-05 9.99371E-05 9.99371E-05 9.99371E-05 9.99371E-05 0.740056 0.086214
9.9937E-05 9.9937E-05 0.0246057 9.9937E-05 0.939395 9.9937E-05 9.9937E-05 9.9937E-05 0.0352998 9.9937E-05
9.9964E-05 0.0076154 9.9964E-05 0.0142724 0.0222157 0.00876464 0.00864846 9.9964E-05 0.938084 9.9964E-05
0.0472856 0.0460956 0.267837 9.9964E-05 9.9964E-05 0.554005 0.0666779 9.9964E-05 0.0176988 9.9964E-05
9.9973E-05 0.165218 0.00470188 0.00378269 0.537382 9.9973E-05 0.0378178 0.038431 0.212366 9.9973E-05
0.0287683 9.9964E-05 0.121454 0.0231275 0.343087 9.9964E-05 9.9964E-05 0.0301633 0.453 9.9964E-05
9.9973E-05 0.0482312 9.9973E-05 9.9973E-05 0.828115 0.0185331 0.0130049 0.022255 0.0452726 0.0242883
0.649629 9.99369E-05 9.99369E-05 9.99369E-05 9.99369E-05 0.119394 9.99369E-05 9.99369E-05 9.99369E-05 0.230278
0.0515329 0.0373627 9.9964E-05 0.0912381 9.9964E-05 0.23667 0.497077 9.9964E-05 9.9964E-05 0.0857193
0.0146642 0.775536 0.196932 0.0122686 9.9946E-05 9.9946E-05 9.9946E-05 9.9946E-05 9.9946E-05 9.9946E-05
0.0374302 0.743066 0.0809799 9.9946E-05 9.9946E-05 9.9946E-05 9.9946E-05 9.9946E-05 0.137924 9.9946E-05
0.101751 0.660698 0.0651177 0.00862427 9.99549E-05 9.99549E-05 9.99549E-05 9.99549E-05 0.163309 9.99549E-05
0.0414686 0.853719 0.0741876 9.99459E-05 9.99459E-05 9.99459E-05 9.99459E-05 9.99459E-05 0.0300249 9.99459E-05
0.0419463 9.99461E-05 9.99461E-05 9.99461E-05 9.99461E-05 9.99461E-05 9.99461E-05 0.937388 0.0164501 0.00361559
0.00888624 0.00789087 9.9955E-05 9.9955E-05 9.9955E-05 9.9955E-05 0.00598831 0.967857 0.00887771 9.9955E-05
9.99371E-05 9.99371E-05 0.456139 9.99371E-05 9.99371E-05 9.99371E-05 9.99371E-05 0.0341882 0.508973 9.99371E-05
9.9955E-05 0.0236824 9.9955E-05 0.00437812 0.0410338 9.9955E-05 9.9955E-05 0.016278 0.914128 9.9955E-05
0.0112015 0.0502095 9.99639E-05 0.755765 0.128655 9.99639E-05 9.99639E-05 0.000538521 0.0532307 9.99639E-05
0.0577468 9.9937E-05 9.9937E-05 0.120752 9.9937E-05 9.9937E-05 9.9937E-05 9.9937E-05 9.9937E-05 0.820802
9.99459E-05 9.99459E-05 9.99459E-05 0.315877 9.99459E-05 0.15533 0.187657 9.99459E-05 9.99459E-05 0.340536
9.9937E-05 0.0359045 0.94744 9.9937E-05 9.9937E-05 0.0159556 9.9937E-05 9.9937E-05 9.9937E-05 9.9937E-05
9.9964E-05 0.266793 0.64775 9.9964E-05 0.0226362 9.9964E-05 9.9964E-05 0.00627951 0.0216307 0.0345113
0.0599858 0.188313 0.641469 9.9955E-05 9.9955E-05 9.9955E-05 0.0479737 9.9955E-05 0.0617593 9.9955E-05
9.9946E-05 0.0104269 9.9946E-05 0.00300876 9.9946E-05 9.9946E-05 9.9946E-05 0.985695 0.000269572 9.9946E-05
9.99369E-05 9.99369E-05 9.99369E-05 0.174963 9.99369E-05 0.0823977 9.99369E-05 9.99369E-05 9.99369E-05 0.74194
9.9937E-05 9.9937E-05 0.961337 9.9937E-05 0.0324786 9.9937E-05 0.00548512 9.9937E-05 9.9937E-05 9.9937E-05
0.0245603 0.723234 9.9964E-05 0.136539 9.9964E-05 0.0788651 0.00706457 9.9964E-05 9.9964E-05 0.0293371
9.9937E-05 9.9937E-05 0.0254874 9.9937E-05 0.037062 9.9937E-05 9.9937E-05 9.9937E-05 0.936751 9.9937E-05
0.00705538 9.99371E-05 0.0468237 9.99371E-05 9.99371E-05 9.99371E-05 9.99371E-05 9.99371E-05 0.945421 9.99371E-05
9.9973E-05 0.0925765 0.0231914 0.000631839 0.0291897 9.9973E-05 0.0236924 0.784908 9.9973E-05 0.0455101
9.9964E-05 0.117794 0.00174044 9.9964E-05 0.0337222 9.9964E-05 0.0417144 0.786139 9.9964E-05 0.0184898
0.0161402 0.0456653 0.020242 9.9964E-05 9.9964E-05 9.9964E-05 0.030339 0.868766 0.0184477 9.9964E-05
9.9955E-05 0.00839772 0.0043285 0.0123836 9.9955E-05 9.9955E-05 9.9955E-05 0.967381 9.9955E-05 0.00700947
9.9946E-05 0.0112751 0.00875123 9.9946E-05 9.9946E-05 9.9946E-05 0.00267195 0.976702 9.9946E-05 9.9946E-05
9.9937E-05 9.9937E-05 9.9937E-05 9.9937E-05 0.00267114 9.9937E-05 9.9937E-05 0.990192 9.9937E-05 0.00643777
9.9937E-05 9.9937E-05 0.013011 9.9937E-05 9.9937E-05 0.0048316 9.9937E-05 0.981458 9.9937E-05 9.9937E-05
9.9964E-05 9.9964E-05 9.9964E-05 0.0139296 0.00238784 0.0125286 9.9964E-05 0.966314 0.000748672 0.00369185
0.0270531 9.99371E-05 9.99371E-05 9.99371E-05 9.99371E-05 0.0010232 9.99371E-05 0.971224 9.99371E-05 9.99371E-05
9.9928E-05 9.9928E-05 9.9928E-05 9.9928E-05 9.9928E-05 0.0062689 9.9928E-05 0.992932 9.9928E-05 9.9928E-05
0.0161771 9.9955E-05 9.9955E-05 0.0106737 9.9955E-05 9.9955E-05 0.0140595 0.936562 0.0220278 9.9955E-05
0.00295455 0.0219495 0.0101648 0.0262214 0.00841777 9.9973E-05 9.9973E-05 0.929124 0.000868591 9.9973E-05
0.00900096 9.9964E-05 9.9964E-05 0.0150689 9.9964E-05 9.9964E-05 0.00490501 0.953226 0.0138275 0.00357159
9.99371E-05 9.99371E-05 9.99371E-05 9.99371E-05 0.418184 9.99371E-05 9.99371E-05 0.548667 0.0324504 9.99371E-05
9.99371E-05 9.99371E-05 9.99371E-05 9.99371E-05 0.43157 9.99371E-05 9.99371E-05 0.553708 0.0140227 9.99371E-05
9.9928E-05 9.9928E-05 9.9928E-05 0.0108646 9.9928E-05 9.9928E-05 9.9928E-05 0.988336 9.9928E-05 9.9928E-05
0.00485012 0.0349006 9.9946E-05 0.00519833 9.9946E-05 9.9946E-05 9.9946E-05 0.954451 9.9946E-05 9.9946E-05
0.0318726 0.0223804 9.9946E-05 9.9946E-05 9.9946E-05 0.00960733 9.9946E-05 0.93554 9.9946E-05 9.9946E-05
0.027444 9.9955E-05 9.9955E-05 9.9955E-05 0.0166849 9.9955E-05 0.00512521 0.93047 9.9955E-05 0.0197761
0.00960729 9.99284E-05 9.99284E-05 9.99284E-05 9.99284E-05 9.99284E-05 9.99284E-05 0.989593 9.99284E-05 9.99284E-05
9.99371E-05 9.99371E-05 9.99371E-05 9.99371E-05 0.430535 9.99371E-05 9.99371E-05 0.545633 0.0231328 9.99371E-05
9.9973E-05 0.0100003 9.9973E-05 9.9973E-05 0.0123422 0.0194723 0.0180852 0.87713 0.0616607 0.0010098
9.9955E-05 9.9955E-05 0.0339718 9.9955E-05 0.00681342 0.0118101 9.9955E-05 0.932055 9.9955E-05 0.0148498
9.9946E-05 0.0240292 0.0159927 9.9946E-05 9.9946E-05 9.9946E-05 9.9946E-05 0.952023 9.9946E-05 0.00735506
0.0303128 0.0151355 9.9973E-05 0.0234836 0.00442747 0.00235019 9.9973E-05 0.91419 9.9973E-05 0.00980041
0.00584791 0.0712804 9.9973E-05 9.9973E-05 0.0305898 9.9973E-05 0.0207775 0.848827 0.00970303 0.0126741
0.00190036 0.0291781 0.00196273 9.9964E-05 9.9964E-05 0.00071846 0.00661993 0.959221 9.9964E-05 9.9964E-05
0.233441 9.99549E-05 0.134226 9.99549E-05 0.571448 9.99549E-05 0.00425799 9.99549E-05 9.99549E-05 0.0561277
0.045413 9.99371E-05 9.99371E-05 9.99371E-05 0.00984625 9.99371E-05 9.99371E-05 0.944041 9.99371E-05 9.99371E-05
0.00302599 0.00322749 9.9937E-05 9.9937E-05 9.9937E-05 9.9937E-05 9.9937E-05 0.993047 9.9937E-05 9.9937E-05
0.014857 0.00721314 0.0307079 0.0141696 0.0751812 0.110596 0.0297386 0.713279 9.9991E-05 0.00415779
9.99201E-05 9.99201E-05 9.99201E-05 9.99201E-05 9.99201E-05 9.99201E-05 9.99201E-05 0.999101 9.99201E-05 9.99201E-05
9.9946E-05 9.9946E-05 0.000188076 9.9946E-05 9.9946E-05 9.9946E-05 0.00587287 0.983648 0.00969116 9.9946E-05
9.9955E-05 0.000540092 9.9955E-05 0.0220732 9.9955E-05 9.9955E-05 0.01138 0.958695 0.0068114 9.9955E-05
9.9964E-05 9.9964E-05 0.0143378 0.00360118 0.0308254 9.9964E-05 0.00850498 0.928628 9.9964E-05 0.0137028
9.9973E-05 9.9973E-05 0.0371585 0.00636961 0.880869 0.0345634 9.9973E-05 0.0201538 0.0172024 0.00338368
9.99281E-05 9.99281E-05 9.99281E-05 9.99281E-05 9.99281E-05 0.00682738 9.99281E-05 0.992373 9.99281E-05 9.99281E-05
9.9937E-05 0.0379313 9.9937E-05 9.9937E-05 9.9937E-05 9.9937E-05 0.0266775 0.934692 9.9937E-05 9.9937E-05
9.9937E-05 9.9937E-05 9.9937E-05 0.00523031 9.9937E-05 9.9937E-05 0.0159831 0.978087 9.9937E-05 9.9937E-05
0.0476641 9.9955E-05 0.12179 9.9955E-05 0.593418 9.9955E-05 9.9955E-05 0.00106188 0.235566 9.9955E-05
0.00215517 0.0194809 9.9964E-05 9.9964E-05 0.0153845 9.9964E-05 0.00325923 0.920188 9.9964E-05 0.0391323
9.99395E-05 0.0152462 9.99395E-05 9.99395E-05 9.99395E-05 9.99395E-05 9.99395E-05 0.949432 0.034622 9.99395E-05
0.021982 9.9946E-05 9.9946E-05 9.9946E-05 0.0104609 0.00705596 9.9946E-05 0.959902 9.9946E-05 9.9946E-05
0.0194545 9.9928E-05 9.9928E-05 9.9928E-05 9.9928E-05 9.9928E-05 9.9928E-05 0.979746 9.9928E-05 9.9928E-05
9.9964E-05 0.0324546 0.0147534 0.038421 0.60399 9.9964E-05 9.9964E-05 0.0390898 0.270892 9.9964E-05
9.9946E-05 9.9946E-05 0.00150031 0.00237048 9.9946E-05 0.0033661 9.9946E-05 0.992163 9.9946E-05 9.9946E-05
0.0543873 0.0270327 9.99461E-05 9.99461E-05 9.99461E-05 9.99461E-05 9.99461E-05 0.911976 9.99461E-05 0.00600473
9.99371E-05 9.99371E-05 9.99371E-05 9.99371E-05 0.470117 9.99371E-05 9.99371E-05 0.522588 0.00659481 9.99371E-05
9.9937E-05 9.9937E-05 9.9937E-05 9.9937E-05 9.9937E-05 0.00389274 9.9937E-05 0.98483 0.0105772 9.9937E-05
9.99459E-05 9.99459E-05 9.99459E-05 0.0592031 0.178883 9.99459E-05 9.99459E-05 0.0215007 0.739813 9.99459E-05
9.9946E-05 9.9946E-05 9.9946E-05 0.0262908 0.270032 9.9946E-05 9.9946E-05 9.9946E-05 0.671703 0.031375
0.0651635 0.0203054 9.9964E-05 9.9964E-05 0.02097 0.0338491 9.9964E-05 0.0210695 0.838243 9.9964E-05
9.9973E-05 9.9973E-05 0.0641201 0.00484398 0.875791 0.00838146 9.9973E-05 0.026657 0.0141952 0.00571159
0.0036174 0.0670826 0.792593 0.0575951 9.9973E-05 9.9973E-05 0.00435673 0.0643472 9.9973E-05 0.0101079
0.00590442 9.9964E-05 9.9964E-05 9.9964E-05 0.0241699 0.0303965 0.00152324 0.0501219 0.887484 9.9964E-05
0.0779627 9.9973E-05 0.294674 0.0227251 0.185133 9.9973E-05 0.0208882 9.9973E-05 0.367717 0.0306003
9.9964E-05 0.00115028 0.0106636 9.9964E-05 0.159585 9.9964E-05 9.9964E-05 0.0175603 0.783739 0.0269015
0.0179424 9.9973E-05 0.0197173 0.0194427 0.257257 9.9973E-05 0.0125665 9.9973E-05 0.653303 0.0194713
9.9973E-05 0.0218721 0.0132431 0.0258441 0.168538 9.9973E-05 0.0377722 0.0142114 0.718219 9.9973E-05
0.0334929 0.00302974 0.00706224 0.0296772 0.268467 0.0213104 0.0355813 0.00465054 0.579926 0.0168028
9.9964E-05 9.9964E-05 9.9964E-05 0.0379838 0.307434 9.9964E-05 0.0354982 0.00451922 0.587647 0.0265176
9.9964E-05 9.9964E-05 9.9964E-05 0.00970039 0.00149455 0.0151319 9.9964E-05 0.0203288 0.928285 0.0246597
0.0188288 9.995E-05 0.109732 9.995E-05 9.995E-05 9.995E-05 9.995E-05 0.0468071 0.824033 9.995E-05
9.9973E-05 9.9973E-05 0.125505 0.00352076 9.9973E-05 0.0134517 0.00813708 0.00500952 0.826064 0.0180121
9.9982E-05 0.0176703 0.0400434 0.0637427 0.694818 0.02429 0.0274056 0.0271636 0.104667 9.9982E-05
9.9937E-05 0.000153413 9.9937E-05 9.9937E-05 9.9937E-05 0.994828 9.9937E-05 9.9937E-05 0.00431951 9.9937E-05
0.0222183 0.0386155 9.9964E-05 0.0137755 0.00644045 0.903948 9.9964E-05 0.0146019 9.9964E-05 9.9964E-05
9.9973E-05 0.0523577 0.0202427 0.0999893 9.9973E-05 0.220574 0.0192543 9.9973E-05 0.0157087 0.571573
0.0284417 0.0128953 0.326026 0.0953958 0.326196 0.00341445 0.00521007 0.0827227 0.1042 0.0154981
0.0107937 0.0557009 9.9937E-05 9.9937E-05 9.9937E-05 0.932806 9.9937E-05 9.9937E-05 9.9937E-05 9.9937E-05
0.0077311 0.0701388 9.9955E-05 0.0230595 9.9955E-05 0.898215 9.9955E-05 0.000355814 9.9955E-05 9.9955E-05
0.00315436 0.00486725 0.251263 0.000715398 0.13906 0.0387997 9.9991E-05 0.117943 0.3993 0.0447967
9.9955E-05 9.9955E-05 0.00564297 0.150379 9.9955E-05 0.226365 0.249272 9.9955E-05 9.9955E-05 0.36784
9.9982E-05 0.0454539 0.0146023 0.0903546 0.0227414 0.0932762 0.318849 0.020858 9.9982E-05 0.393664
9.9955E-05 0.0359538 9.9955E-05 0.0438019 9.9955E-05 0.114949 0.373154 9.9955E-05 9.9955E-05 0.431641
9.9973E-05 0.0685188 0.014464 0.00809991 0.0430944 9.9973E-05 0.605258 0.0074944 9.9973E-05 0.252771
9.9973E-05 0.0951205 0.0233915 0.0246498 0.0110933 9.9973E-05 0.588254 0.00600163 9.9973E-05 0.251189
0.0461359 0.040552 9.9982E-05 0.0184877 0.0400264 0.116963 0.357861 9.9982E-05 0.00283652 0.376938
0.0631296 0.161356 0.753043 0.00603196 9.99549E-05 9.99549E-05 0.0159403 9.99549E-05 9.99549E-05 9.99549E-05
9.9955E-05 9.9955E-05 9.9955E-05 9.9955E-05 0.0239452 0.308348 0.0353423 0.00817638 9.9955E-05 0.623688
9.9982E-05 0.0695305 0.00779013 9.9982E-05 0.879557 0.0143884 0.0017154 0.00060819 0.011735 0.0144754
0.0257803 9.9964E-05 0.0172858 9.9964E-05 0.884459 0.0158732 9.9964E-05 0.0302475 0.0259539 9.9964E-05
9.9955E-05 0.0343311 9.9955E-05 0.108939 0.00461747 0.0502521 9.9955E-05 9.9955E-05 9.9955E-05 0.80136
0.0680255 0.0290525 0.119631 0.136061 0.214781 0.0959716 0.0236938 0.106142 0.132452 0.0741891
0.0299994 0.0585972 0.772903 0.0339059 0.0374972 0.0626004 0.0004324 0.00386425 9.9982E-05 9.9982E-05
0.0472364 9.9955E-05 0.164166 9.9955E-05 9.9955E-05 0.0489805 9.9955E-05 9.9955E-05 0.686375 0.0527422
0.0326435 9.9964E-05 0.0709959 9.9964E-05 0.801566 9.9964E-05 0.0349698 0.000254174 0.0591712 9.9964E-05
0.0260602 9.9973E-05 0.154083 9.9973E-05 9.9973E-05 0.238525 0.0301049 0.0234768 0.508542 0.0189086
0.0364799 0.0611667 0.761799 0.0156934 0.032262 0.0624751 9.9982E-05 0.0180058 0.0119184 9.9982E-05
0.0741029 9.9964E-05 9.9964E-05 9.9964E-05 0.0438639 0.679101 0.185369 9.9964E-05 0.0098093 0.00735412
9.9955E-05 0.118547 0.820366 0.0432088 9.9955E-05 0.0131132 9.9955E-05 0.00426556 9.9955E-05 9.9955E-05
9.9964E-05 0.38952 9.9964E-05 0.3272 0.0779908 9.9964E-05 0.0297804 0.0543307 0.120778 9.9964E-05
0.0347242 9.9946E-05 0.0253769 9.9946E-05 0.93317 9.9946E-05 9.9946E-05 0.00612886 9.9946E-05 9.9946E-05
9.9955E-05 9.9955E-05 0.03112 9.9955E-05 0.0423999 0.316653 9.9955E-05 0.00274676 9.9955E-05 0.606581
0.0289257 9.9964E-05 0.0809051 9.9964E-05 9.9964E-05 9.9964E-05 0.00283523 0.0315465 0.44753 0.407858
9.9955E-05 9.9955E-05 9.9955E-05 9.9955E-05 0.0423947 9.9955E-05 0.0358261 0.0232564 0.0275257 0.870497
0.221248 9.9982E-05 0.353139 9.9982E-05 0.033494 0.0249076 0.0369043 0.0203538 0.284889 0.0248641
9.9937E-05 9.9937E-05 9.9937E-05 9.9937E-05 0.00183537 9.9937E-05 9.9937E-05 0.0209135 9.9937E-05 0.976552
9.9955E-05 0.00202568 0.904093 9.9955E-05 0.0192866 9.9955E-05 9.9955E-05 9.9955E-05 0.0602387 0.0138557
0.00270134 0.0104984 0.0717284 9.9982E-05 0.0518777 9.9982E-05 0.0273646 0.0359843 0.0226507 0.776995
9.9964E-05 9.9964E-05 0.094413 9.9964E-05 0.0157772 9.9964E-05 0.002316 0.0187688 0.0289575 0.839368
0.0135547 9.9973E-05 0.0332459 9.9973E-05 0.855199 0.00969218 0.00234205 9.9973E-05 0.030307 0.0553594
0.0194545 0.0147701 0.0511443 0.0864883 0.377327 0.283995 9.9982E-05 9.9982E-05 0.146718 0.0199035
0.058415 9.9973E-05 0.237592 9.9973E-05 0.32034 9.9973E-05 0.0252404 0.0285163 0.266206 0.0633891
0.0421327 0.0227362 0.00596218 0.0555162 0.0129472 0.0050739 0.761535 0.0130355 0.0260293 0.0550319
9.9964E-05 0.0223535 0.0044377 0.0892142 9.9964E-05 9.9964E-05 0.869011 9.9964E-05 0.00521814 0.00936574
0.0358709 0.00238094 0.00693735 0.0611334 0.0319001 9.9991E-05 0.843191 0.0115311 0.0061655 0.0007899
0.00770074 0.0170281 0.0237408 0.0619687 0.00378511 9.9991E-05 0.82631 0.0235977 0.0226262 0.0131423
9.9946E-05 0.02128 9.9946E-05 0.0258782 0.937644 9.9946E-05 0.0145986 9.9946E-05 9.9946E-05 9.9946E-05
9.9955E-05 0.0102221 9.9955E-05 0.09093 0.890693 9.9955E-05 9.9955E-05 9.9955E-05 0.00199441 0.00566103
9.9955E-05 0.0832865 9.9955E-05 9.9955E-05 0.764158 9.9955E-05 0.0373147 0.0366945 0.0780462 9.9955E-05
0.0660965 0.075972 9.9964E-05 0.00697925 9.9964E-05 0.168998 0.417631 9.9964E-05 9.9964E-05 0.263924
0.0265295 0.10017 0.0596188 0.0763443 0.163139 0.0688205 0.0313602 0.156452 0.1679 0.149666
9.9964E-05 0.230794 9.9964E-05 0.248709 0.344803 9.9964E-05 0.0432365 0.125055 0.00700283 9.9964E-05
0.035397 0.0661932 9.9964E-05 0.0701675 0.735126 9.9964E-05 9.9964E-05 0.00929972 0.0834162 9.9964E-05
9.9955E-05 0.0778241 9.9955E-05 0.126335 0.610448 9.9955E-05 9.9955E-05 0.106822 0.0780717 9.9955E-05
0.0101711 0.044726 9.9973E-05 0.135656 0.73053 0.0123064 0.0353332 0.0309765 9.9973E-05 9.9973E-05
9.9964E-05 0.0758926 9.9964E-05 0.28245 0.473048 0.0234632 9.9964E-05 0.126555 0.0181909 9.9964E-05
0.089476 0.7345 0.0491827 9.9991E-05 0.0115197 0.038681 0.0193801 0.00569874 0.0220993 0.0293621
0.0062069 9.9955E-05 0.097666 0.0296297 0.0158576 9.9955E-05 9.9955E-05 9.9955E-05 0.85014 9.9955E-05
0.0315147 9.9955E-05 0.13028 9.9955E-05 0.237293 9.9955E-05 9.9955E-05 0.041886 0.558527 9.9955E-05
0.0181827 9.9955E-05 9.9955E-05 0.0640592 9.9955E-05 0.0121697 9.9955E-05 9.9955E-05 0.00235589 0.902733
0.0282871 0.0266604 9.9946E-05 0.0963532 9.9946E-05 9.9946E-05 9.9946E-05 9.9946E-05 9.9946E-05 0.8481
0.0553989 0.00144071 0.00591019 0.131031 9.9964E-05 9.9964E-05 9.9964E-05 9.9964E-05 0.0128319 0.792987
0.0649378 0.0953564 0.00853202 0.202499 9.9973E-05 0.174405 0.149158 9.9973E-05 9.9973E-05 0.304811
0.0169166 9.99368E-05 9.99368E-05 0.954669 9.99368E-05 9.99368E-05 9.99368E-05 9.99368E-05 9.99368E-05 0.0277145
9.99278E-05 9.99278E-05 9.99278E-05 0.99293 9.99278E-05 9.99278E-05 9.99278E-05 9.99278E-05 9.99278E-05 0.00627046
9.9946E-05 0.0494816 9.9946E-05 0.0801065 0.856324 0.0134881 9.9946E-05 9.9946E-05 9.9946E-05 9.9946E-05
9.9973E-05 0.087718 9.9973E-05 0.0575601 0.795113 0.0178865 0.00856773 0.0144159 9.9973E-05 0.0184388
9.9982E-05 0.00587762 0.0163043 0.00184508 0.930036 0.0107282 9.9982E-05 0.0112841 0.0192711 0.00445397
9.9946E-05 0.107987 0.778541 9.9946E-05 9.9946E-05 9.9946E-05 9.9946E-05 9.9946E-05 0.0846919 0.0281802
9.9955E-05 9.9955E-05 0.0157717 9.9955E-05 0.00456445 9.9955E-05 0.0346002 0.0428858 9.9955E-05 0.901678
9.9937E-05 9.9937E-05 9.9937E-05 9.9937E-05 9.9937E-05 0.0461278 9.9937E-05 0.0280915 9.9937E-05 0.925081
9.9955E-05 0.0211354 0.00205649 9.9955E-05 9.9955E-05 0.0877325 0.000632095 9.9955E-05 9.9955E-05 0.887944
0.0272723 9.9955E-05 9.9955E-05 9.9955E-05 9.9955E-05 0.139862 0.00999022 9.9955E-05 0.033889 0.788487
0.0376075 9.9964E-05 0.0215746 9.9964E-05 9.9964E-05 0.0754639 0.0397422 0.00103685 9.9964E-05 0.824175
9.99461E-05 9.99461E-05 0.192161 9.99461E-05 9.99461E-05 0.0056875 9.99461E-05 9.99461E-05 0.716478 0.085074
0.148484 9.9982E-05 0.00680822 0.266695 0.0197008 0.304407 0.0817749 0.0382183 9.9982E-05 0.133711
0.021221 9.9937E-05 0.962402 0.0156779 9.9937E-05 9.9937E-05 9.9937E-05 9.9937E-05 9.9937E-05 9.9937E-05
0.00109119 9.99461E-05 0.214017 9.99461E-05 9.99461E-05 9.99461E-05 9.99461E-05 9.99461E-05 0.697497 0.0867953
0.197864 9.9937E-05 0.0752664 9.9937E-05 0.72617 9.9937E-05 9.9937E-05 9.9937E-05 9.9937E-05 9.9937E-05
9.9928E-05 9.9928E-05 0.228546 9.9928E-05 9.9928E-05 9.9928E-05 9.9928E-05 9.9928E-05 0.770655 9.9928E-05
9.99281E-05 9.99281E-05 0.281477 9.99281E-05 9.99281E-05 9.99281E-05 9.99281E-05 9.99281E-05 0.717723 9.99281E-05
9.9946E-05 9.9946E-05 0.265696 9.9946E-05 9.9946E-05 9.9946E-05 0.0186261 9.9946E-05 0.713535 0.00154403
9.9955E-05 9.9955E-05 9.9955E-05 9.9955E-05 9.9955E-05 0.0112063 0.0137699 0.0317828 0.022702 0.920039
9.9946E-05 9.9946E-05 0.0306002 9.9946E-05 9.9946E-05 9.9946E-05 0.000373894 9.9946E-05 0.00426396 0.964162
0.756969 9.99369E-05 9.99369E-05 9.99369E-05 9.99369E-05 0.114033 9.99369E-05 9.99369E-05 9.99369E-05 0.128298
0.00185886 0.0226691 0.00446786 9.9973E-05 9.9973E-05 0.0272662 9.9973E-05 0.0262274 0.00439102 0.91282
9.99201E-05 9.99201E-05 9.99201E-05 9.99201E-05 9.99201E-05 9.99201E-05 9.99201E-05 9.99201E-05 9.99201E-05 0.999101
0.0245803 9.99551E-05 0.0554812 9.99551E-05 9.99551E-05 0.168101 9.99551E-05 9.99551E-05 0.463932 0.287405
9.9946E-05 9.9946E-05 9.9946E-05 0.124956 9.9946E-05 0.0543776 0.0570047 9.9946E-05 9.9946E-05 0.763062
9.9955E-05 9.9955E-05 9.9955E-05 0.170944 0.000870613 0.095881 0.0122472 9.9955E-05 9.9955E-05 0.719557
0.145036 0.22779 9.9982E-05 0.359354 0.0407737 0.125562 9.9982E-05 0.0158526 0.00531928 0.0801123
9.9973E-05 9.9973E-05 0.909521 0.0142498 0.00240604 0.0070477 0.0150852 0.0191973 0.0321926 9.9973E-05
0.0631749 9.99641E-05 0.128419 9.99641E-05 9.99641E-05 0.164274 0.00834338 9.99641E-05 0.00360141 0.631788
9.9964E-05 9.9964E-05 0.0087033 9.9964E-05 0.291133 0.20138 0.0703862 0.409148 0.01885 9.9964E-05
0.0479277 9.9955E-05 0.0711714 9.9955E-05 9.9955E-05 0.290522 9.9955E-05 9.9955E-05 0.0551863 0.534693
9.9937E-05 9.9937E-05 9.9937E-05 9.9937E-05 9.9937E-05 9.9937E-05 9.9937E-05 0.0294586 0.0272568 0.942585
9.99461E-05 9.99461E-05 0.197625 9.99461E-05 9.99461E-05 9.99461E-05 0.0145187 9.99461E-05 0.757692 0.029564
9.9955E-05 0.0533982 0.0895752 9.9955E-05 9.9955E-05 0.0125667 9.9955E-05 9.9955E-05 0.572161 0.2718
9.9937E-05 0.142076 0.851419 9.9937E-05 0.00580564 9.9937E-05 9.9937E-05 9.9937E-05 9.9937E-05 9.9937E-05
9.9937E-05 0.956627 9.9937E-05 9.9937E-05 9.9937E-05 0.0294751 9.9937E-05 9.9937E-05 9.9937E-05 0.0131988
9.9946E-05 0.0226684 9.9946E-05 0.0122556 0.0590361 9.9946E-05 9.9946E-05 9.9946E-05 0.90544 9.9946E-05
0.032533 0.74737 0.0709689 9.99459E-05 9.99459E-05 9.99459E-05 9.99459E-05 9.99459E-05 0.148529 9.99459E-05
9.9964E-05 0.0466643 0.865479 9.9964E-05 0.0224158 0.0129614 9.9964E-05 9.9964E-05 0.0228972 0.029182
9.9946E-05 9.9946E-05 0.869671 9.9946E-05 0.0247148 9.9946E-05 9.9946E-05 9.9946E-05 0.053559 0.0514552
0.067347 0.850505 0.0527114 9.99459E-05 9.99459E-05 9.99459E-05 9.99459E-05 9.99459E-05 0.0288371 9.99459E-05
0.135593 0.420495 0.125259 9.9973E-05 9.9973E-05 0.0152264 0.0190147 9.9973E-05 0.279112 0.00500075
9.9946E-05 0.0726479 0.916916 9.9946E-05 9.9946E-05 9.9946E-05 9.9946E-05 9.9946E-05 0.004405 0.00543174
0.128421 0.214481 9.9973E-05 0.381236 0.0695234 0.107546 9.9973E-05 0.0253669 9.9973E-05 0.073127
9.9946E-05 9.9946E-05 0.0420949 9.9946E-05 0.926676 9.9946E-05 9.9946E-05 0.00250939 0.0281202 9.9946E-05
0.190003 9.99459E-05 0.0874469 9.99459E-05 0.719684 9.99459E-05 9.99459E-05 9.99459E-05 9.99459E-05 0.00226616
9.99201E-05 9.99201E-05 9.99201E-05 9.99201E-05 9.99201E-05 9.99201E-05 9.99201E-05 0.999101 9.99201E-05 9.99201E-05
0.188849 9.9955E-05 0.14652 9.9955E-05 0.634341 9.9955E-05 0.00339608 9.9955E-05 9.9955E-05 0.0263938
9.9946E-05 9.9946E-05 0.0663284 9.9946E-05 0.848911 9.9946E-05 9.9946E-05 0.0193411 0.0648197 9.9946E-05
9.9946E-05 9.9946E-05 0.600821 9.9946E-05 0.335822 9.9946E-05 9.9946E-05 9.9946E-05 0.0463459 0.0164108
9.9955E-05 9.9955E-05 0.0415537 9.9955E-05 0.851262 0.00812035 9.9955E-05 0.0498875 0.048677 9.9955E-05
0.0380744 0.113445 9.9973E-05 9.9973E-05 0.225975 9.9973E-05 0.0462048 0.0286991 0.544236 0.00306557
9.9955E-05 9.9955E-05 0.0290216 0.00169876 0.937695 9.9955E-05 0.0180773 9.9955E-05 9.9955E-05 0.0130073
9.99549E-05 0.481966 9.99549E-05 0.297811 0.120655 9.99549E-05 9.99549E-05 0.0870325 0.0120355 9.99549E-05
0.00514765 0.586812 0.062598 0.0809248 0.0482936 9.9973E-05 0.0393569 9.9973E-05 0.176567 9.9973E-05
0.00484979 0.243735 0.110098 0.180095 0.173266 9.99731E-05 9.99731E-05 0.0105948 0.277062 9.99731E-05
0.00778732 0.0335058 0.0135856 9.9973E-05 0.868664 9.9973E-05 9.9973E-05 0.00220791 0.0305129 0.0434365
9.9946E-05 0.00930812 9.9946E-05 9.9946E-05 9.9946E-05 0.108916 9.9946E-05 0.0257447 9.9946E-05 0.855432
0.00132335 0.041136 9.9946E-05 9.9946E-05 0.0241004 9.9946E-05 9.9946E-05 9.9946E-05 0.932841 9.9946E-05
9.99549E-05 0.455751 9.99549E-05 0.345588 0.118095 9.99549E-05 9.99549E-05 0.0659264 0.0141402 9.99549E-05
0.00519808 0.0821624 9.9955E-05 9.9955E-05 0.038315 0.00370329 9.9955E-05 9.9955E-05 0.870121 9.9955E-05
9.9937E-05 9.9937E-05 9.9937E-05 0.195924 9.9937E-05 0.0616076 9.9937E-05 9.9937E-05 9.9937E-05 0.741769
9.9955E-05 9.9955E-05 0.950324 0.00365462 0.0219222 0.0094954 9.9955E-05 0.0141044 9.9955E-05 9.9955E-05
0.00671813 9.9955E-05 0.0134597 9.9955E-05 9.9955E-05 0.000171296 0.0188658 0.960285 9.9955E-05 9.9955E-05
9.9964E-05 0.0445498 0.0318897 0.0642546 0.0563882 0.11091 9.9964E-05 0.691608 9.9964E-05 9.9964E-05
9.99461E-05 0.02489 0.0172709 9.99461E-05 0.942867 9.99461E-05 9.99461E-05 0.0143725 9.99461E-05 9.99461E-05
0.0170895 9.9955E-05 0.159413 9.9955E-05 0.24329 9.9955E-05 9.9955E-05 0.0416609 0.538046 9.9955E-05
9.9928E-05 0.00712048 0.99208 9.9928E-05 9.9928E-05 9.9928E-05 9.9928E-05 9.9928E-05 9.9928E-05 9.9928E-05
9.99201E-05 9.99201E-05 0.999101 9.99201E-05 9.99201E-05 9.99201E-05 9.99201E-05 9.99201E-05 9.99201E-05 9.99201E-05
0.119338 9.99639E-05 0.165419 9.99639E-05 9.99639E-05 0.0829903 0.0435903 9.99639E-05 0.548394 0.0398684
0.0376274 9.99551E-05 0.105141 9.99551E-05 0.264285 9.99551E-05 9.99551E-05 0.0248395 0.567607 9.99551E-05
0.0377498 9.9937E-05 9.9937E-05 0.158227 9.9937E-05 9.9937E-05 9.9937E-05 9.9937E-05 9.9937E-05 0.803323
0.0203018 9.99278E-05 9.99278E-05 0.978899 9.99278E-05 9.99278E-05 9.99278E-05 9.99278E-05 9.99278E-05 9.99278E-05
9.99459E-05 9.99459E-05 9.99459E-05 0.266901 9.99459E-05 0.11666 0.163702 9.99459E-05 9.99459E-05 0.452137
9.9955E-05 9.9955E-05 9.9955E-05 0.467564 0.000540982 0.181647 0.28569 0.0640584 9.9955E-05 9.9955E-05
9.9964E-05 9.9964E-05 0.0275379 0.559081 0.0103422 0.144602 0.234863 0.0231738 9.9964E-05 9.9964E-05
9.9955E-05 9.9955E-05 0.0140442 0.392092 9.9955E-05 0.272896 0.14264 9.9955E-05 9.9955E-05 0.177828
9.99201E-05 9.99201E-05 9.99201E-05 0.999101 9.99201E-05 9.99201E-05 9.99201E-05 9.99201E-05 9.99201E-05 9.99201E-05
0.0257574 9.9982E-05 0.0209203 0.426765 9.9982E-05 0.165868 0.27075 0.0337875 0.00818992 0.0477628
0.00200625 9.9955E-05 9.9955E-05 0.388441 9.9955E-05 0.37839 0.14637 9.9955E-05 9.9955E-05 0.084292
9.99639E-05 0.307765 0.0567834 0.545395 0.0303353 9.99639E-05 9.99639E-05 0.0469542 0.0123672 9.99639E-05
0.0367133 9.9955E-05 9.9955E-05 0.360199 9.9955E-05 0.226346 0.138195 9.9955E-05 9.9955E-05 0.238047
0.0231474 0.282977 0.00881912 0.560409 0.0679521 9.9973E-05 0.0109597 0.0454358 9.9973E-05 9.9973E-05
0.0858229 0.681975 0.118706 9.9946E-05 9.9946E-05 9.9946E-05 9.9946E-05 9.9946E-05 0.112896 9.9946E-05
0.905586 0.0645151 9.99459E-05 9.99459E-05 9.99459E-05 9.99459E-05 9.99459E-05 0.0187707 0.0105286 9.99459E-05
0.030772 0.028954 9.9982E-05 0.379358 9.9982E-05 0.202705 0.082734 0.0389225 0.0501111 0.186244
0.0147792 0.109452 0.00412815 0.346884 0.0165781 0.164622 0.134587 0.0194564 0.0586148 0.130898
9.99201E-05 9.99201E-05 9.99201E-05 0.999101 9.99201E-05 9.99201E-05 9.99201E-05 9.99201E-05 9.99201E-05 9.99201E-05
0.000944952 9.9955E-05 9.9955E-05 0.432988 9.9955E-05 0.203231 0.150816 9.9955E-05 9.9955E-05 0.21152
9.9955E-05 0.0409976 9.9955E-05 9.9955E-05 0.116308 0.00952311 0.000909252 9.9955E-05 0.831762 9.9955E-05
0.0483546 9.9937E-05 9.9937E-05 0.139836 9.9937E-05 9.9937E-05 9.9937E-05 9.9937E-05 9.9937E-05 0.81111
9.9955E-05 9.9955E-05 0.0554464 0.541941 9.9955E-05 0.161635 0.224672 0.0158061 9.9955E-05 9.9955E-05
0.0411013 9.9955E-05 9.9955E-05 0.421441 9.9955E-05 0.303087 0.0180244 9.9955E-05 9.9955E-05 0.215846
0.018272 9.9964E-05 9.9964E-05 0.454749 9.9964E-05 0.16194 0.268419 0.0131058 9.9964E-05 0.0831153
0.0438961 9.9973E-05 0.00222234 0.373873 9.9973E-05 0.272588 0.224621 0.0180276 9.9973E-05 0.0644727
0.20572 9.9937E-05 0.123214 9.9937E-05 0.670366 9.9937E-05 9.9937E-05 9.9937E-05 9.9937E-05 9.9937E-05
0.065666 0.0325499 0.00327074 9.9982E-05 0.362298 9.9982E-05 0.0405709 0.063407 0.428042 0.00399502
0.00285611 9.9955E-05 9.9955E-05 0.135857 9.9955E-05 0.0868876 0.0355526 9.9955E-05 9.9955E-05 0.738347
9.9937E-05 0.0712712 9.9937E-05 9.9937E-05 0.0177214 9.9937E-05 9.9937E-05 9.9937E-05 0.910308 9.9937E-05
0.234126 9.99459E-05 0.0945951 9.99459E-05 0.656127 9.99459E-05 9.99459E-05 9.99459E-05 9.99459E-05 0.0145527
9.9946E-05 0.936081 9.9946E-05 0.0409663 9.9946E-05 0.00742172 9.9946E-05 0.0149309 9.9946E-05 9.9946E-05
9.99201E-05 9.99201E-05 9.99201E-05 9.99201E-05 9.99201E-05 9.99201E-05 9.99201E-05 9.99201E-05 9.99201E-05 0.999101
9.9928E-05 9.9928E-05 9.9928E-05 9.9928E-05 9.9928E-05 9.9928E-05 9.9928E-05 0.0167737 9.9928E-05 0.982427
0.0135285 9.9964E-05 9.9964E-05 9.9964E-05 9.9964E-05 0.0311046 0.0348676 0.0113822 0.0373978 0.87132
0.00242668 0.000222904 9.9946E-05 9.9946E-05 9.9946E-05 9.9946E-05 0.0273057 9.9946E-05 9.9946E-05 0.969445
9.9955E-05 0.0742607 0.764816 9.9955E-05 0.0127587 9.9955E-05 9.9955E-05 9.9955E-05 0.0904214 0.0572438
9.9964E-05 9.9964E-05 0.00266227 9.9964E-05 0.0642025 0.0648954 9.9964E-05 0.0483784 0.00552579 0.813936
0.155789 9.9955E-05 0.134742 9.9955E-05 0.689636 9.9955E-05 0.00202573 9.9955E-05 9.9955E-05 0.0173078
0.0102851 0.0200408 9.9946E-05 0.0443961 0.924678 9.9946E-05 9.9946E-05 9.9946E-05 9.9946E-05 9.9946E-05
9.9955E-05 9.9955E-05 0.0544821 9.9955E-05 0.869564 9.9955E-05 0.0289698 0.0234194 0.0230647 9.9955E-05
9.9937E-05 9.9937E-05 0.0416182 0.0315943 0.926088 9.9937E-05 9.9937E-05 9.9937E-05 9.9937E-05 9.9937E-05
9.9964E-05 9.9964E-05 0.0332812 9.9964E-05 0.874614 0.00577874 0.0214411 0.0130241 0.0514613 9.9964E-05
9.9964E-05 9.9964E-05 0.0279491 0.443416 0.031619 0.0337868 0.402795 0.0600337 9.9964E-05 9.9964E-05
9.9964E-05 9.9964E-05 0.00147183 0.42935 0.0638144 0.0329949 0.410105 0.0618642 9.9964E-05 9.9964E-05
9.9964E-05 0.0247771 0.0146768 0.0239595 0.00580778 9.9964E-05 0.901379 9.9964E-05 0.0289999 9.9964E-05
0.00470414 9.9946E-05 9.9946E-05 9.9946E-05 0.0384336 9.9946E-05 0.845537 9.9946E-05 9.9946E-05 0.110725
0.0604381 9.9964E-05 9.9964E-05 9.9964E-05 0.00687383 9.9964E-05 0.911556 0.00488899 0.00238452 0.0134587
0.0261653 0.528575 0.0934133 9.9973E-05 0.00904884 9.9973E-05 0.268724 0.0237324 0.0500404 9.9973E-05
9.9946E-05 9.9946E-05 9.9946E-05 0.0171351 9.9946E-05 9.9946E-05 0.91908 0.0122115 0.0509736 9.9946E-05
0.160697 9.9982E-05 0.111073 0.0576058 0.161116 9.9982E-05 0.0897753 0.0223925 0.217129 0.180011
9.9928E-05 9.9928E-05 9.9928E-05 9.9928E-05 9.9928E-05 9.9928E-05 0.982078 9.9928E-05 0.0171224 9.9928E-05
9.99201E-05 9.99201E-05 9.99201E-05 9.99201E-05 9.99201E-05 9.99201E-05 0.999101 9.99201E-05 9.99201E-05 9.99201E-05
9.9946E-05 9.9946E-05 9.9946E-05 9.9946E-05 9.9946E-05 0.036525 0.935126 0.0122601 9.9946E-05 0.0154894
0.0515346 9.9964E-05 9.9964E-05 9.9964E-05 0.0205241 0.668861 0.231405 9.9964E-05 0.00596563 0.0213092
9.99371E-05 9.99371E-05 9.99371E-05 9.99371E-05 9.99371E-05 0.00564654 0.966825 9.99371E-05 9.99371E-05 0.0268292
0.0293254 9.9964E-05 9.9964E-05 9.9964E-05 0.00649885 0.0959323 0.799513 0.0332916 9.9964E-05 0.035039
9.9946E-05 0.0210219 9.9946E-05 0.00338141 0.100506 9.9946E-05 9.9946E-05 9.9946E-05 0.874491 9.9946E-05
0.00770453 0.0709894 9.9991E-05 0.00471226 0.195825 0.012255 0.0535836 0.0433323 0.602279 0.00921874
0.0147268 0.113682 9.9964E-05 0.0362555 0.69803 9.9964E-05 0.009822 9.9964E-05 0.127083 9.9964E-05
9.9955E-05 0.0711353 9.9955E-05 9.9955E-05 0.829212 9.9955E-05 9.9955E-05 0.0137796 0.0817469 0.00362606
9.9964E-05 0.687103 0.0476735 0.0378295 0.0534665 9.9964E-05 0.0248487 9.9964E-05 0.148679 9.9964E-05
0.0492825 0.0467053 9.9973E-05 0.00496572 0.754058 9.9973E-05 0.0398322 0.0212295 0.0836267 9.9973E-05
0.00636141 0.0258876 9.9955E-05 9.9955E-05 0.0102914 0.00644069 9.9955E-05 9.9955E-05 0.950519 9.9955E-05
9.9937E-05 9.9937E-05 9.9937E-05 0.0281118 0.0526278 9.9937E-05 9.9937E-05 9.9937E-05 0.918561 9.9937E-05
0.0434062 0.8366 0.0667119 0.00597329 9.9955E-05 9.9955E-05 9.9955E-05 9.9955E-05 0.0468092 9.9955E-05
9.9964E-05 0.0790328 9.9964E-05 0.0965162 0.7284 9.9964E-05 0.0225841 0.0352281 0.0378395 9.9964E-05
0.0339696 0.120922 9.9982E-05 0.061005 0.480806 9.9982E-05 0.0125928 0.108451 0.149332 0.032721
9.99642E-05 0.541004 0.14239 0.229009 0.0234007 9.99642E-05 9.99642E-05 0.0582423 0.00555404 9.99642E-05
0.0575706 0.783136 0.0760806 0.0265116 9.99639E-05 9.99639E-05 9.99639E-05 0.0197064 0.0365954 9.99639E-05
0.00161778 0.658544 0.0171492 0.110885 0.0631139 9.9964E-05 9.9964E-05 9.9964E-05 0.148291 9.9964E-05
0.135636 9.9964E-05 0.0757502 9.9964E-05 0.21683 0.0311612 9.9964E-05 9.9964E-05 0.49162 0.0486026
0.0511308 0.736289 0.125797 0.00258907 0.0220985 9.9964E-05 9.9964E-05 9.9964E-05 0.0616965 9.9964E-05
0.0131695 0.0268222 9.9964E-05 9.9964E-05 0.0179499 9.9964E-05 0.00583835 0.0190753 0.916745 9.9964E-05
9.9937E-05 0.947897 9.9937E-05 9.9937E-05 9.9937E-05 0.0225355 9.9937E-05 9.9937E-05 9.9937E-05 0.028868
9.99461E-05 0.960663 9.99461E-05 9.99461E-05 9.99461E-05 0.0220927 9.99461E-05 0.0128113 9.99461E-05 0.00383321
0.0110125 0.198654 0.0227984 0.348909 9.9982E-05 0.154092 0.0615289 0.026091 9.9982E-05 0.176714
0.0303141 0.810713 0.146592 9.9946E-05 9.9946E-05 9.9946E-05 9.9946E-05 9.9946E-05 0.0117819 9.9946E-05
0.0414023 0.853945 0.103953 9.9937E-05 9.9937E-05 9.9937E-05 9.9937E-05 9.9937E-05 9.9937E-05 9.9937E-05
0.0482641 0.800735 0.150301 9.9937E-05 9.9937E-05 9.9937E-05 9.9937E-05 9.9937E-05 9.9937E-05 9.9937E-05
9.9964E-05 0.358054 9.9964E-05 0.268531 0.178358 9.9964E-05 0.0216416 0.104784 0.0682314 9.9964E-05
0.0317738 0.0622305 9.9946E-05 9.9946E-05 0.127915 9.9946E-05 9.9946E-05 9.9946E-05 0.777481 9.9946E-05
0.0151712 0.0746796 9.9955E-05 0.00165275 9.9955E-05 9.9955E-05 9.9955E-05 9.9955E-05 0.880958 0.0270383
0.0028784 0.10566 9.9946E-05 9.9946E-05 9.9946E-05 9.9946E-05 9.9946E-05 9.9946E-05 0.868132 0.0227306
9.9955E-05 0.0490275 9.9955E-05 9.9955E-05 0.0584569 9.9955E-05 0.00949246 0.00274652 0.879777 9.9955E-05
0.0202787 0.0272021 0.00262277 0.105501 9.9955E-05 9.9955E-05 9.9955E-05 9.9955E-05 9.9955E-05 0.843895
0.746086 9.99459E-05 9.99459E-05 0.00855864 9.99459E-05 0.0954119 9.99459E-05 9.99459E-05 9.99459E-05 0.149344
0.0160568 0.015008 0.0464415 9.9973E-05 0.724227 0.0315221 9.9973E-05 0.0289305 0.137515 9.9973E-05
0.0219505 9.9964E-05 0.17036 9.9964E-05 0.281661 9.9964E-05 0.0392839 0.0267184 0.459627 9.9964E-05
0.799131 0.158874 0.0309291 9.99459E-05 9.99459E-05 9.99459E-05 9.99459E-05 0.0104664 9.99459E-05 9.99459E-05
0.817691 0.135407 0.0388742 9.9946E-05 9.9946E-05 9.9946E-05 9.9946E-05 0.00742736 9.9946E-05 9.9946E-05
9.99459E-05 9.99459E-05 9.99459E-05 0.0826566 0.88531 9.99459E-05 0.00462714 9.99459E-05 9.99459E-05 0.0268066
0.165189 9.99369E-05 0.130621 9.99369E-05 0.70349 9.99369E-05 9.99369E-05 9.99369E-05 9.99369E-05 9.99369E-05
0.120559 9.9964E-05 0.0969102 9.9964E-05 9.9964E-05 0.484391 0.0569817 9.9964E-05 0.218554 0.0222043
0.0960826 0.0469113 0.409461 0.0437237 9.9982E-05 0.0177245 0.0379821 9.9982E-05 0.292686 0.0552284
0.0289765 0.0436575 0.033667 0.00931005 0.784189 0.00723664 9.9973E-05 9.9973E-05 0.0926636 9.9973E-05
9.9955E-05 0.349714 9.9955E-05 0.320828 0.230309 9.9955E-05 9.9955E-05 0.0784294 0.02022 9.9955E-05
0.787742 0.110397 0.038619 9.99549E-05 9.99549E-05 9.99549E-05 9.99549E-05 0.0553362 0.00740585 9.99549E-05
9.99639E-05 0.356117 9.99639E-05 0.348111 0.0845345 9.99639E-05 0.00438906 0.112007 0.0944417 9.99639E-05
9.99673E-05 0.286541 9.99673E-05 0.296499 0.220758 9.99673E-05 0.00781692 0.114243 0.0737424 9.99673E-05
0.00934688 0.0123112 9.9964E-05 0.0379315 0.892159 0.000291262 9.9964E-05 0.0475608 9.9964E-05 9.9964E-05
9.99551E-05 0.0122799 9.99551E-05 0.00440229 0.927019 0.0507634 9.99551E-05 9.99551E-05 9.99551E-05 0.00503537
9.9946E-05 0.00768375 9.9946E-05 9.9946E-05 0.956871 0.031947 9.9946E-05 0.0028989 9.9946E-05 9.9946E-05
9.9964E-05 9.9964E-05 0.0439515 0.0363205 0.847315 9.9964E-05 0.0279729 0.00751399 0.0365262 9.9964E-05
9.9955E-05 0.0149006 9.9955E-05 9.9955E-05 0.944014 0.00297508 0.00944736 0.0281635 9.9955E-05 9.9955E-05
0.00952729 9.99461E-05 0.0578817 9.99461E-05 0.889749 9.99461E-05 9.99461E-05 9.99461E-05 0.0422419 9.99461E-05
9.9964E-05 0.100732 9.9964E-05 0.207179 0.51555 0.0299663 9.9964E-05 0.13498 0.0111921 9.9964E-05
9.9973E-05 0.216422 9.9973E-05 0.37045 0.211636 0.00889269 0.0349151 0.115117 0.0422674 9.9973E-05
9.99371E-05 9.99371E-05 0.0324606 9.99371E-05 0.937235 0.0296045 9.99371E-05 9.99371E-05 9.99371E-05 9.99371E-05
9.99639E-05 0.294087 0.0177865 0.355285 0.220921 9.99639E-05 9.99639E-05 0.087209 0.0243123 9.99639E-05
9.9955E-05 0.410492 9.9955E-05 0.356887 0.111095 9.9955E-05 9.9955E-05 0.0519714 0.0690551 9.9955E-05
9.99279E-05 9.99279E-05 9.99279E-05 0.000386867 9.99279E-05 0.998814 9.99279E-05 9.99279E-05 9.99279E-05 9.99279E-05
0.0449137 9.99369E-05 9.99369E-05 0.0283875 9.99369E-05 0.925999 9.99369E-05 9.99369E-05 9.99369E-05 9.99369E-05
9.9928E-05 0.00363355 9.9928E-05 9.9928E-05 9.9928E-05 0.995567 9.9928E-05 9.9928E-05 9.9928E-05 9.9928E-05
9.99279E-05 9.99279E-05 9.99279E-05 0.0227857 9.99279E-05 0.976415 9.99279E-05 9.99279E-05 9.99279E-05 9.99279E-05
9.9928E-05 9.9928E-05 9.9928E-05 9.9928E-05 0.00765229 0.991548 9.9928E-05 9.9928E-05 9.9928E-05 9.9928E-05
9.99201E-05 9.99201E-05 9.99201E-05 9.99201E-05 9.99201E-05 0.999101 9.99201E-05 9.99201E-05 9.99201E-05 9.99201E-05
