0.199823 0.0695932 0.012475 0.0626312 0.0177208 9.9991E-05 0.0119713 0.625686
0.329728 9.9973E-05 0.0103903 0.0336407 0.301252 9.9973E-05 9.9973E-05 0.324689
0.279331 9.9991E-05 0.0318872 0.137111 0.260105 0.0105349 0.0169754 0.263956
0.208932 0.0834173 0.0228886 0.052378 0.0183483 9.9982E-05 9.9982E-05 0.613836
0.00615837 0.0137285 0.026541 0.00742186 0.893494 0.00783452 0.0220659 0.0227561
0.374948 9.9982E-05 9.9982E-05 0.0341625 0.233527 0.0301203 0.00738575 0.319656
9.9973E-05 0.451745 9.9973E-05 9.9973E-05 0.00535304 0.0189178 0.521291 0.00239371
0.00796505 9.9946E-05 9.9946E-05 9.9946E-05 9.9946E-05 9.9946E-05 0.991435 9.9946E-05
0.0150285 9.9955E-05 9.9955E-05 9.9955E-05 9.9955E-05 9.9955E-05 0.982437 0.00203504
9.99551E-05 9.99551E-05 0.00469654 9.99551E-05 0.00097926 9.99551E-05 0.993824 9.99551E-05
9.9964E-05 0.101686 9.9964E-05 0.802501 0.056092 9.9964E-05 9.9964E-05 0.0393209
9.9955E-05 0.0316739 9.9955E-05 0.915723 9.9955E-05 9.9955E-05 9.9955E-05 0.0521031
0.00992775 0.072512 9.9973E-05 0.892612 0.00169247 9.9973E-05 0.0229558 9.9973E-05
9.9946E-05 0.105593 9.9946E-05 0.893807 9.9946E-05 9.9946E-05 9.9946E-05 9.9946E-05
9.9973E-05 0.0218615 0.0375333 9.9973E-05 9.9973E-05 0.834554 0.00832241 0.0974292
9.9946E-05 9.9946E-05 9.9946E-05 9.9946E-05 9.9946E-05 0.00123006 0.99817 9.9946E-05
9.9964E-05 0.917875 0.00692043 9.9964E-05 9.9964E-05 9.9964E-05 0.0240011 0.0508037
9.99641E-05 9.99641E-05 9.99641E-05 0.0754971 9.99641E-05 0.909486 0.0103653 0.0042515
9.9982E-05 0.0270708 0.0557776 0.202343 9.9982E-05 0.54248 0.00656222 0.165567
9.9964E-05 9.9964E-05 0.0395099 0.605892 9.9964E-05 0.343447 0.0107508 9.9964E-05
9.9973E-05 9.9973E-05 0.00432218 0.0592007 9.9973E-05 0.794971 0.0291191 0.112087
0.00801929 9.9964E-05 9.9964E-05 0.906205 9.9964E-05 0.0696249 0.0157505 9.9964E-05
9.9955E-05 0.0136978 9.9955E-05 0.0788389 9.9955E-05 0.906964 9.9955E-05 9.9955E-05
0.0308691 0.0306628 9.9982E-05 0.797448 9.9982E-05 0.0866527 0.018265 0.035902
9.9955E-05 9.9955E-05 9.9955E-05 0.941119 9.9955E-05 0.0395358 9.9955E-05 0.0188456
0.00461591 0.0303758 9.9973E-05 0.0143664 9.9973E-05 0.937662 9.9973E-05 0.0126795
9.9955E-05 9.9955E-05 9.9955E-05 0.109111 9.9955E-05 0.860764 0.0296258 9.9955E-05
0.048891 9.9973E-05 0.0498136 0.277586 9.9973E-05 0.601137 9.9973E-05 0.0222723
9.9964E-05 9.9964E-05 0.0316849 0.0295468 9.9964E-05 0.920239 0.0181291 9.9964E-05
0.000908518 9.9982E-05 0.013542 0.0255293 0.0029411 0.944726 9.9982E-05 0.0121529
9.9973E-05 9.9973E-05 0.0149012 0.931398 0.000844728 0.0432284 9.9973E-05 0.00932769
9.99461E-05 0.187996 9.99461E-05 0.811405 9.99461E-05 9.99461E-05 9.99461E-05 9.99461E-05
0.00795535 9.99551E-05 9.99551E-05 0.0970751 9.99551E-05 0.89447 9.99551E-05 9.99551E-05
9.9982E-05 0.00366733 9.9982E-05 0.777656 0.00329756 0.155047 0.0116847 0.0484476
0.00996273 9.9964E-05 9.9964E-05 0.0354195 0.0128154 0.941403 9.9964E-05 9.9964E-05
9.9964E-05 9.9964E-05 9.9964E-05 0.959064 0.0218662 0.0107861 9.9964E-05 0.0078838
0.0120127 9.9964E-05 9.9964E-05 0.099912 0.00513343 0.882542 9.9964E-05 9.9964E-05
9.9955E-05 9.9955E-05 0.0206743 0.948228 9.9955E-05 0.0305975 9.9955E-05 9.9955E-05
0.122445 9.9964E-05 0.0760382 9.9964E-05 0.118382 9.9964E-05 9.9964E-05 0.682735
0.355756 9.9946E-05 9.9946E-05 9.9946E-05 0.643644 9.9946E-05 9.9946E-05 9.9946E-05
9.99551E-05 0.182316 9.99551E-05 0.728427 0.0887573 9.99551E-05 9.99551E-05 9.99551E-05
9.9955E-05 0.028346 9.9955E-05 0.0127812 9.9955E-05 0.958373 9.9955E-05 9.9955E-05
0.00591421 9.9964E-05 0.0200346 0.951975 9.9964E-05 0.0216763 9.9964E-05 9.9964E-05
0.600239 0.29603 0.0756081 0.00105666 9.9973E-05 9.9973E-05 9.9973E-05 0.0267664
9.9982E-05 0.0167333 0.0436858 0.219949 9.9982E-05 0.527958 0.0511207 0.140353
9.9973E-05 0.127637 0.00648038 0.432135 9.9973E-05 0.391645 0.041802 9.9973E-05
0.00519807 0.00546241 0.0125786 0.0497215 0.0162513 0.83919 0.0214687 0.050129
0.360806 0.0169339 0.0197606 0.0194996 0.300792 0.0714927 9.9991E-05 0.210615
0.28623 9.9973E-05 0.525893 0.00215539 0.0903865 9.9973E-05 9.9973E-05 0.0950347
9.9946E-05 0.314856 9.9946E-05 9.9946E-05 9.9946E-05 9.9946E-05 9.9946E-05 0.684545
9.99549E-05 0.176876 9.99549E-05 0.125076 9.99549E-05 9.99549E-05 9.99549E-05 0.697548
9.99549E-05 0.161334 9.99549E-05 0.148616 9.99549E-05 9.99549E-05 9.99549E-05 0.689551
9.99549E-05 0.208734 9.99549E-05 0.00229299 9.99549E-05 9.99549E-05 9.99549E-05 0.788473
9.9964E-05 0.0357176 9.9964E-05 0.0195639 0.00332836 9.9964E-05 0.94099 9.9964E-05
9.9964E-05 9.9964E-05 0.0153385 0.00929953 9.9964E-05 9.9964E-05 0.966286 0.0086757
9.9955E-05 0.457993 9.9955E-05 0.513051 9.9955E-05 9.9955E-05 0.0284563 9.9955E-05
9.9964E-05 9.9964E-05 9.9964E-05 0.925226 9.9964E-05 0.0339747 0.00956231 0.0308374
9.9982E-05 9.9982E-05 0.0922983 0.0497209 0.178502 0.194446 0.00263075 0.482202
0.00275451 9.9955E-05 9.9955E-05 9.9955E-05 0.908139 9.9955E-05 9.9955E-05 0.0886068
0.202509 0.00576768 0.292839 9.9982E-05 0.436711 0.0340587 9.9982E-05 0.0279154
0.0163743 0.967763 9.9955E-05 9.9955E-05 9.9955E-05 9.9955E-05 9.9955E-05 0.0153633
9.9982E-05 0.724267 9.9982E-05 0.021797 0.0243329 0.00517942 0.0183474 0.205876
0.0256501 0.68636 0.0518374 0.0569212 9.9982E-05 9.9982E-05 0.00626857 0.172762
9.9946E-05 9.9946E-05 9.9946E-05 9.9946E-05 9.9946E-05 9.9946E-05 0.998856 0.000544596
0.112311 9.9964E-05 9.9964E-05 9.9964E-05 0.845626 9.9964E-05 0.011002 0.0306609
9.9946E-05 0.984621 9.9946E-05 9.9946E-05 9.9946E-05 0.0147789 9.9946E-05 9.9946E-05
0.0854344 9.9973E-05 0.047927 9.9973E-05 0.0398652 9.9973E-05 0.00124335 0.82523
9.9955E-05 0.0453786 9.9955E-05 0.933149 9.9955E-05 0.0209725 9.9955E-05 9.9955E-05
9.9955E-05 0.0513223 9.9955E-05 0.942862 9.9955E-05 9.9955E-05 0.00531635 9.9955E-05
9.9982E-05 0.0243537 0.0375403 9.9982E-05 0.0394968 0.0374927 0.768017 0.0928992
9.9982E-05 0.0203689 0.0170854 9.9982E-05 0.0220083 0.0462657 0.802068 0.0920042
9.9991E-05 0.0236037 0.0243333 0.00713705 0.013921 0.0155944 0.856771 0.0585399
9.9955E-05 9.9955E-05 9.9955E-05 9.9955E-05 0.0240563 9.9955E-05 0.955968 0.0194756
9.9955E-05 0.000150592 9.9955E-05 9.9955E-05 9.9955E-05 9.9955E-05 0.970115 0.0292343
9.9964E-05 9.9964E-05 9.9964E-05 0.00176901 9.9964E-05 0.0117032 0.985309 0.000819225
9.994E-05 9.994E-05 9.994E-05 9.994E-05 9.994E-05 9.994E-05 0.9993 9.994E-05
9.9973E-05 9.9973E-05 0.00291974 0.0162641 0.0049974 0.0145791 0.96094 9.9973E-05
0.0203889 9.9946E-05 9.9946E-05 9.9946E-05 9.9946E-05 9.9946E-05 0.979011 9.9946E-05
0.00240981 9.9946E-05 9.9946E-05 9.9946E-05 9.9946E-05 9.9946E-05 0.996991 9.9946E-05
9.9982E-05 9.9982E-05 0.00926891 0.00992486 0.00366222 0.00288024 0.942014 0.0320498
9.9973E-05 0.0126738 9.9973E-05 0.00940049 9.9973E-05 0.0308206 0.903477 0.0433278
0.000785801 9.9982E-05 0.001767 0.0137962 0.00191467 9.9982E-05 0.963491 0.0180455
9.9964E-05 9.9964E-05 0.0124742 0.0287401 9.9964E-05 0.404453 0.553933 9.9964E-05
9.99551E-05 9.99551E-05 9.99551E-05 0.0311981 9.99551E-05 0.419564 0.548738 9.99551E-05
0.000740168 9.9946E-05 9.9946E-05 9.9946E-05 9.9946E-05 9.9946E-05 0.99866 9.9946E-05
9.9946E-05 9.9946E-05 9.9946E-05 9.9946E-05 9.9946E-05 9.9946E-05 0.947243 0.0521571
0.00640319 0.0113712 9.9964E-05 9.9964E-05 9.9964E-05 9.9964E-05 0.948257 0.0335684
9.9964E-05 9.9964E-05 9.9964E-05 0.0223711 0.0203631 0.0152811 0.941585 9.9964E-05
9.994E-05 9.994E-05 9.994E-05 9.994E-05 9.994E-05 9.994E-05 0.9993 9.994E-05
9.99551E-05 9.99551E-05 9.99551E-05 0.00909272 9.99551E-05 0.448883 0.541525 9.99551E-05
0.0147078 9.9982E-05 0.0254737 0.0219687 0.0287384 0.0421294 0.866782 9.9982E-05
0.0157257 0.0454586 9.9955E-05 9.9955E-05 9.9955E-05 9.9955E-05 0.938316 9.9955E-05
9.9973E-05 0.0246879 0.00162996 9.9973E-05 0.00395669 9.9973E-05 0.964782 0.00464304
0.0385579 9.9964E-05 9.9964E-05 9.9964E-05 0.0199021 9.9964E-05 0.911339 0.0298009
9.9991E-05 0.0282167 0.00237676 0.0186339 0.0303631 0.00705712 0.866944 0.0463084
9.9955E-05 0.00747537 9.9955E-05 9.9955E-05 9.9955E-05 9.9955E-05 0.961936 0.0300887
0.0773562 0.19116 0.0239076 9.9982E-05 0.0867662 0.597172 9.9982E-05 0.0234377
0.0052453 9.9973E-05 9.9973E-05 9.9973E-05 0.00741943 0.00814396 0.938059 0.0408328
9.9946E-05 9.9946E-05 9.9946E-05 0.01747 9.9946E-05 9.9946E-05 0.98193 9.9946E-05
0.124639 0.000604966 0.0216997 0.00477227 9.9991E-05 0.0828363 0.730902 0.0344457
9.9955E-05 0.000401274 9.9955E-05 9.9955E-05 9.9955E-05 9.9955E-05 0.995857 0.00324234
9.9964E-05 0.00675205 9.9964E-05 0.00927657 9.9964E-05 0.0219591 0.961612 9.9964E-05
0.00114855 9.9955E-05 0.0133478 9.9955E-05 9.9955E-05 9.9955E-05 0.985004 9.9955E-05
9.9973E-05 0.0081445 0.0131509 0.0139448 9.9973E-05 0.0297598 0.9347 9.9973E-05
0.0168351 0.0129905 0.0176388 0.0162129 9.9982E-05 0.919087 0.017036 9.9982E-05
9.994E-05 9.994E-05 9.994E-05 9.994E-05 9.994E-05 9.994E-05 0.9993 9.994E-05
9.9955E-05 9.9955E-05 0.0113126 9.9955E-05 9.9955E-05 9.9955E-05 0.949623 0.0385643
9.9946E-05 9.9946E-05 0.013518 9.9946E-05 9.9946E-05 9.9946E-05 0.985882 9.9946E-05
0.00596721 0.144156 0.00969545 0.23505 9.9982E-05 0.603591 0.00134077 9.9982E-05
9.9973E-05 9.9973E-05 0.03733 9.9973E-05 0.028893 0.00955206 0.910409 0.013516
9.9946E-05 9.9946E-05 9.9946E-05 0.0382662 9.9946E-05 9.9946E-05 0.961134 9.9946E-05
0.0081145 0.0158337 9.9964E-05 9.9964E-05 9.9964E-05 0.00285032 0.972802 9.9964E-05
9.994E-05 9.994E-05 9.994E-05 9.994E-05 9.994E-05 9.994E-05 0.9993 9.994E-05
9.9973E-05 0.0097687 9.9973E-05 0.242263 9.9973E-05 0.633753 0.0491677 0.0647478
9.9946E-05 9.9946E-05 9.9946E-05 9.9946E-05 9.9946E-05 0.00724658 0.992154 9.9946E-05
0.0211768 9.9955E-05 9.9955E-05 9.9955E-05 9.9955E-05 9.9955E-05 0.915132 0.0631912
9.99461E-05 9.99461E-05 9.99461E-05 9.99461E-05 9.99461E-05 0.483702 0.515699 9.99461E-05
0.00792676 9.99551E-05 9.99551E-05 0.00197033 9.99551E-05 9.99551E-05 0.989603 9.99551E-05
9.9973E-05 9.9973E-05 0.0290051 0.754248 9.9973E-05 0.176471 0.00909467 0.0308807
9.9955E-05 9.9955E-05 9.9955E-05 0.681895 0.0495641 0.268041 9.9955E-05 9.9955E-05
0.0466456 9.9973E-05 9.9973E-05 0.877371 9.9973E-05 0.0297507 0.0254538 0.0204791
0.00605487 0.052402 9.9991E-05 0.0282535 0.00379623 0.871766 0.0368689 0.000758117
9.9982E-05 0.776303 0.03452 0.0314097 0.02552 9.9982E-05 0.0331797 0.0988675
0.0497485 0.00306116 9.9973E-05 0.835198 9.9973E-05 0.0474181 0.0642747 9.9973E-05
0.00147211 0.320886 0.0338543 0.384464 0.0570377 0.181769 9.9991E-05 0.0204168
9.9964E-05 9.9964E-05 9.9964E-05 0.78302 0.0246082 0.165542 0.02643 9.9964E-05
0.00946256 0.00605287 0.0275643 0.667532 0.0167613 0.272427 9.9982E-05 9.9982E-05
0.0149067 0.000915661 0.0257924 0.705701 9.9991E-05 0.221607 0.022799 0.00817816
0.0239529 0.00538987 0.0691127 0.587351 0.0181263 0.274323 9.9991E-05 0.0216447
0.0121103 9.9982E-05 0.037615 0.588149 0.0265985 0.317296 0.0180304 9.9982E-05
9.9955E-05 9.9955E-05 9.9955E-05 0.932018 0.0370981 9.9955E-05 0.0303841 9.9955E-05
0.00896143 0.117844 0.00231673 0.824174 0.0158068 9.9982E-05 0.0306972 9.9982E-05
0.0121641 0.105809 9.9973E-05 0.842324 0.00351504 9.9973E-05 0.0358887 9.9973E-05
9.9991E-05 0.0314603 0.0504678 0.0943361 0.0158532 0.745982 0.0322904 0.0295106
0.9993 9.994E-05 9.994E-05 9.994E-05 9.994E-05 9.994E-05 9.994E-05 9.994E-05
0.935816 9.9964E-05 9.9964E-05 9.9964E-05 9.9964E-05 0.00418797 0.0175456 0.0420508
0.231889 0.0375198 0.0328522 0.00523804 0.60805 9.9982E-05 9.9982E-05 0.0842513
0.00998047 0.326981 0.0531287 0.0839327 0.0214022 0.363384 0.0932657 0.0479259
0.953345 9.9955E-05 9.9955E-05 9.9955E-05 9.9955E-05 9.9955E-05 0.0174307 0.0287244
0.932137 9.9955E-05 9.9955E-05 9.9955E-05 9.9955E-05 9.9955E-05 0.0111906 0.0561728
0.0208785 0.227095 9.9982E-05 0.406366 0.0714763 0.145175 0.128809 9.9982E-05
0.24574 9.9973E-05 0.301279 9.9973E-05 0.422334 9.9973E-05 0.0190248 0.011323
0.0823962 0.0283241 0.347099 9.9982E-05 0.463936 0.0135984 9.9982E-05 0.0644472
0.0699376 0.0395093 0.389948 9.9973E-05 0.482872 9.9973E-05 9.9973E-05 0.0174328
9.9982E-05 0.0592331 0.580045 9.9982E-05 0.260826 0.04028 0.0141957 0.0452196
9.9982E-05 0.0523908 0.584846 9.9982E-05 0.275684 0.0346477 0.0161173 0.0361148
0.119731 0.0146718 0.352168 0.0450008 0.407281 0.0197591 0.00190638 0.0394818
0.0253082 0.754339 0.022868 9.99639E-05 9.99639E-05 9.99639E-05 9.99639E-05 0.197085
0.320114 0.00903016 0.0237417 9.9982E-05 0.640254 0.000818066 0.00584228 9.9982E-05
0.000280088 0.0524315 9.9973E-05 9.9973E-05 9.9973E-05 0.886501 0.0316968 0.0287903
0.0198802 0.0176072 9.9982E-05 0.0227138 0.00757733 0.919915 0.0121066 9.9982E-05
0.0573507 9.9982E-05 0.0162946 9.9982E-05 0.839212 0.0222905 0.0120995 0.0525523
0.0704884 0.0766719 0.102252 0.215528 0.129185 0.154248 0.117213 0.134413
0.0331014 0.767428 0.0243887 9.9982E-05 9.9982E-05 0.0438556 0.00252197 0.128505
0.0684964 0.143327 0.0104117 0.730068 0.0473967 9.9973E-05 9.9973E-05 9.9973E-05
9.9964E-05 0.0868235 0.037657 0.0682005 9.9964E-05 0.806919 9.9964E-05 9.9964E-05
0.247516 0.178969 0.0358203 0.502276 0.025235 9.9982E-05 0.00998374 9.9982E-05
0.0863601 0.810721 0.0112423 0.0181396 9.9991E-05 0.0189805 0.0159241 0.0385326
0.743219 0.0274263 0.173279 0.0156119 9.9982E-05 0.030862 0.00940248 9.9982E-05
9.9982E-05 0.863769 0.0112475 9.9982E-05 0.0172915 0.00397791 0.0179223 0.0855919
9.9982E-05 9.9982E-05 0.133483 0.0949704 0.0265814 0.0906169 0.0634692 0.590679
9.9964E-05 0.0257551 0.00965409 9.9964E-05 9.9964E-05 0.953204 0.0109865 9.9964E-05
0.334221 0.0433054 9.9964E-05 9.9964E-05 0.584776 9.9964E-05 0.037298 9.9964E-05
9.9964E-05 0.0949913 0.0236592 0.4653 0.41565 9.9964E-05 9.9964E-05 9.9964E-05
0.00374696 0.00127326 0.0265148 0.00631997 0.913639 0.0336689 0.0147374 9.9991E-05
0.112897 0.351455 0.0167347 0.311275 0.0562837 0.0331268 0.0410543 0.0771738
0.0013911 9.9955E-05 9.9955E-05 9.9955E-05 0.985084 9.9955E-05 0.0130256 9.9955E-05
9.9964E-05 0.896305 9.9964E-05 0.0478567 0.039081 0.0163573 9.9964E-05 9.9964E-05
9.9982E-05 0.0420138 9.9982E-05 0.0421796 0.80278 0.080625 0.0231595 0.00904232
9.9982E-05 0.077165 9.9982E-05 0.0200543 0.843991 0.00651896 0.0430051 0.00906592
9.9964E-05 0.057744 9.9964E-05 0.00121557 0.0780795 0.862561 9.9964E-05 9.9964E-05
0.318574 0.0542562 9.9982E-05 0.153952 0.0317321 0.380159 9.9982E-05 0.0611263
0.0328462 0.271584 0.031659 0.271268 0.0475128 0.324821 0.0202097 9.9991E-05
0.0225568 0.0080566 0.795033 0.0395509 0.0649126 0.017821 0.0124682 0.0396009
9.9973E-05 0.0157063 0.912981 0.016674 0.0168203 9.9973E-05 9.9973E-05 0.0375185
9.9991E-05 0.012552 0.862159 0.0038609 0.0393346 0.0273136 0.0125745 0.0421053
9.9982E-05 0.0401866 0.868175 0.0336355 0.0308611 9.9982E-05 0.0167121 0.0102296
9.9955E-05 9.9955E-05 0.0163328 9.9955E-05 9.9955E-05 0.92786 9.9955E-05 0.0553073
9.9964E-05 9.9964E-05 9.9964E-05 0.00579637 0.0261617 0.9046 9.9964E-05 0.0630423
9.9982E-05 0.015762 0.0352753 0.0967337 9.9982E-05 0.767208 0.0342645 0.0505562
0.197562 0.0029954 0.428299 9.9991E-05 0.285962 0.00632062 0.0147819 0.0639793
0.0914618 0.103137 0.0892633 0.15153 0.136818 0.211433 0.130041 0.0863154
9.9973E-05 9.9973E-05 0.12867 0.00502649 9.9973E-05 0.355263 0.152627 0.358115
9.9964E-05 9.9964E-05 9.9964E-05 0.0765563 9.9964E-05 0.747426 0.0131236 0.162494
0.00595136 9.9982E-05 0.0440392 0.0964257 9.9982E-05 0.618424 0.0840956 0.150864
0.0201046 9.9982E-05 0.0584624 9.9982E-05 0.00962782 0.749228 0.0140957 0.148281
0.0409086 9.9991E-05 0.0366927 0.0213262 0.053077 0.498072 0.12969 0.220134
0.0790683 0.162353 0.0123789 0.0248251 9.9982E-05 9.9982E-05 0.0141011 0.707073
9.9973E-05 0.0755821 0.0113426 0.851823 9.9973E-05 0.0312606 9.9973E-05 0.0296915
9.9973E-05 0.158081 0.00247116 0.558553 9.9973E-05 0.237069 0.0435259 9.9973E-05
0.0199348 9.9964E-05 9.9964E-05 0.0141083 0.952128 9.9964E-05 9.9964E-05 0.0134294
9.9946E-05 9.9946E-05 9.9946E-05 9.9946E-05 0.912537 9.9946E-05 9.9946E-05 0.0868631
0.00168268 9.9964E-05 9.9964E-05 9.9964E-05 0.874073 0.0198079 9.9964E-05 0.104037
0.182352 0.0364429 0.23679 9.9982E-05 0.360322 9.9982E-05 0.00102237 0.18287
9.9955E-05 9.9955E-05 0.129742 9.9955E-05 0.302093 9.9955E-05 9.9955E-05 0.567665
9.9955E-05 9.9955E-05 0.110323 9.9955E-05 0.30329 9.9955E-05 9.9955E-05 0.585888
9.9955E-05 9.9955E-05 0.035081 9.9955E-05 9.9955E-05 0.871637 9.9955E-05 0.0927821
0.0113489 9.9982E-05 0.0254131 9.9982E-05 0.0133672 0.816776 0.0352748 0.0976197
9.9973E-05 0.0243835 9.9973E-05 0.0209575 0.0138839 0.92656 0.0139153 9.9973E-05
9.9982E-05 0.841516 9.9982E-05 0.0837731 0.0302761 0.00618214 0.00883865 0.0292144
9.9964E-05 0.00413545 0.0412417 9.9964E-05 0.94188 9.9964E-05 0.0123426 9.9964E-05
0.0551204 9.9964E-05 9.9964E-05 0.000988922 0.935738 9.9964E-05 0.00775326 9.9964E-05
0.0975297 0.00747999 0.00754918 9.9973E-05 0.884678 9.9973E-05 0.00246351 9.9973E-05
0.150583 0.010944 0.00438182 0.0266203 0.807171 9.9973E-05 9.9973E-05 9.9973E-05
0.0993397 0.0384254 0.0236299 0.00266005 0.82512 9.9982E-05 0.0106252 9.9982E-05
9.99551E-05 0.195454 9.99551E-05 0.715696 0.0883509 9.99551E-05 9.99551E-05 9.99551E-05
0.33937 0.0161635 0.179078 9.9991E-05 0.193112 0.0494766 0.0862893 0.13641
9.9955E-05 0.9785 9.9955E-05 9.9955E-05 9.9955E-05 0.012912 9.9955E-05 0.00808823
9.9955E-05 0.209679 9.9955E-05 0.701594 0.0882275 9.9955E-05 9.9955E-05 9.9955E-05
0.0471794 0.160251 0.00510607 9.9973E-05 0.0120867 0.775077 9.9973E-05 9.9973E-05
9.9946E-05 0.214153 9.9946E-05 0.785248 9.9946E-05 9.9946E-05 9.9946E-05 9.9946E-05
9.9946E-05 0.260122 9.9946E-05 0.739279 9.9946E-05 9.9946E-05 9.9946E-05 9.9946E-05
9.9946E-05 0.256558 9.9946E-05 0.742842 9.9946E-05 9.9946E-05 9.9946E-05 9.9946E-05
0.0295431 9.9973E-05 0.00216194 0.0126824 0.918603 9.9973E-05 0.0367099 9.9973E-05
9.9946E-05 0.0306293 9.9946E-05 9.9946E-05 0.968771 9.9946E-05 9.9946E-05 9.9946E-05
0.383906 9.9982E-05 0.0108672 0.0327112 0.2237 0.0245138 9.9982E-05 0.324102
0.0353803 0.0122592 9.9964E-05 9.9964E-05 0.921756 9.9964E-05 0.0302045 9.9964E-05
9.994E-05 9.994E-05 9.994E-05 9.994E-05 0.9993 9.994E-05 9.994E-05 9.994E-05
0.197006 0.0628889 9.9964E-05 0.454909 0.284796 9.9964E-05 9.9964E-05 9.9964E-05
0.0605967 9.9973E-05 0.0758358 9.9973E-05 0.824299 0.0278003 9.9973E-05 0.0111683
0.0950329 9.9973E-05 0.0359571 9.9973E-05 0.801113 0.0265444 9.9973E-05 0.0410527
0.176081 9.9982E-05 0.104743 9.9982E-05 0.17456 0.0582712 0.00198428 0.484161
0.00478246 0.888463 0.016829 0.0536835 9.9973E-05 9.9973E-05 0.0359422 9.9973E-05
0.203301 0.128218 0.00575769 0.0146219 0.647802 9.9973E-05 9.9973E-05 9.9973E-05
0.190569 0.0209045 0.0654941 0.021647 9.9982E-05 0.289998 0.411187 9.9982E-05
0.315954 0.0780897 9.9964E-05 0.0632616 0.542295 9.9964E-05 9.9964E-05 9.9964E-05
9.9955E-05 9.9955E-05 9.9955E-05 0.00729876 0.965342 9.9955E-05 0.0268596 9.9955E-05
9.9964E-05 0.199974 0.0163146 0.744734 0.0385772 9.9964E-05 9.9964E-05 9.9964E-05
0.0200634 0.125268 9.9973E-05 0.588343 0.258544 9.9973E-05 9.9973E-05 0.00748232
9.9946E-05 0.871311 9.9946E-05 9.9946E-05 9.9946E-05 9.9946E-05 9.9946E-05 0.128089
0.0104469 0.0572994 9.9955E-05 9.9955E-05 9.9955E-05 9.9955E-05 9.9955E-05 0.931754
9.9955E-05 9.9955E-05 9.9955E-05 0.901819 9.9955E-05 0.0496865 9.9955E-05 0.0479952
9.99549E-05 0.176889 9.99549E-05 0.12736 9.99549E-05 9.99549E-05 9.99549E-05 0.695252
0.01709 0.889475 9.9973E-05 0.0536487 0.0370136 9.9973E-05 9.9973E-05 0.00247239
9.9964E-05 0.876589 9.9964E-05 0.0748692 0.0436762 0.00446546 9.9964E-05 9.9964E-05
9.99459E-05 0.189434 9.99459E-05 9.99459E-05 9.99459E-05 9.99459E-05 9.99459E-05 0.809967
0.0442324 0.196242 0.0182017 0.275987 0.0074788 9.9982E-05 9.9982E-05 0.457659
9.9955E-05 0.920087 9.9955E-05 0.0192128 9.9955E-05 9.9955E-05 9.9955E-05 0.0602004
0.166319 9.9982E-05 0.0754848 9.9982E-05 0.166794 0.0927945 0.0229016 0.475506
9.9955E-05 0.0320174 9.9955E-05 0.0136766 9.9955E-05 0.953806 9.9955E-05 9.9955E-05
0.035931 0.154529 9.9973E-05 9.9973E-05 0.0316558 0.760976 9.9973E-05 0.0166086
9.9946E-05 9.9946E-05 9.9946E-05 9.9946E-05 0.00475744 9.9946E-05 0.994643 9.9946E-05
0.0406787 0.154799 0.0195735 9.9982E-05 0.0464112 0.667295 9.9982E-05 0.071043
9.9964E-05 0.0847249 9.9964E-05 0.0619719 9.9964E-05 0.832857 0.0200461 9.9964E-05
9.9964E-05 0.589531 9.9964E-05 0.0459518 0.0076492 0.356468 9.9964E-05 9.9964E-05
9.9964E-05 0.057497 9.9964E-05 0.0510057 9.9964E-05 0.857252 0.0338457 9.9964E-05
9.9982E-05 0.0372161 0.028064 0.552266 9.9982E-05 0.238615 0.0435267 0.100113
9.9964E-05 0.0298406 0.0082872 9.9964E-05 0.0135443 0.947928 9.9964E-05 9.9964E-05
9.9973E-05 9.9973E-05 0.0433409 0.0333757 9.9973E-05 0.132382 0.106632 0.683969
9.9973E-05 0.134114 0.0604929 0.174739 9.9973E-05 0.0443065 9.9973E-05 0.586048
9.9991E-05 0.114488 0.0150544 0.283735 0.0034704 0.192313 0.0215421 0.369298
9.9982E-05 0.0168409 9.9982E-05 0.0432058 0.0362233 0.866623 0.0274911 0.00941634
0.124822 9.9955E-05 9.9955E-05 9.9955E-05 0.850249 9.9955E-05 0.0244288 9.9955E-05
9.9964E-05 9.9964E-05 9.9964E-05 0.937891 0.00179145 0.0303685 9.9964E-05 0.0295496
9.9973E-05 9.9973E-05 0.0733552 0.0118727 9.9973E-05 0.138169 0.0747063 0.701597
9.9955E-05 9.9955E-05 9.9955E-05 0.88406 9.9955E-05 0.0246464 9.9955E-05 0.0907941
0.11668 9.9955E-05 9.9955E-05 9.9955E-05 0.839885 9.9955E-05 9.9955E-05 0.0429349
0.0214197 0.96294 9.9955E-05 9.9955E-05 9.9955E-05 9.9955E-05 0.0151409 9.9955E-05
0.0157503 0.00390733 9.9955E-05 9.9955E-05 9.9955E-05 9.9955E-05 0.979843 9.9955E-05
0.133575 0.0321348 9.9973E-05 9.9973E-05 9.9973E-05 0.0783706 0.689287 0.0663328
9.9955E-05 0.0129908 9.9955E-05 9.9955E-05 9.9955E-05 0.957591 0.0289181 9.9955E-05
9.9964E-05 0.192228 9.9964E-05 0.522942 9.9964E-05 0.243889 0.0405412 9.9964E-05
9.994E-05 0.9993 9.994E-05 9.994E-05 9.994E-05 9.994E-05 9.994E-05 9.994E-05
9.994E-05 0.9993 9.994E-05 9.994E-05 9.994E-05 9.994E-05 9.994E-05 9.994E-05
0.109115 0.15846 0.0432517 0.575564 0.0705972 9.9982E-05 9.9982E-05 0.0428117
9.9964E-05 0.134768 9.9964E-05 0.570348 9.9964E-05 0.277604 0.0168792 9.9964E-05
9.9955E-05 9.9955E-05 9.9955E-05 9.9955E-05 0.889869 0.00896294 9.9955E-05 0.100668
9.9955E-05 9.9955E-05 0.155302 9.9955E-05 0.290555 9.9955E-05 9.9955E-05 0.553643
0.102592 0.000931398 0.282683 9.9973E-05 0.58864 9.9973E-05 9.9973E-05 0.0248532
0.177532 9.9991E-05 0.442938 0.0407176 0.124027 0.0592599 0.0828452 0.0725791
0.171094 9.9991E-05 0.43856 0.0319756 0.0909259 0.0524426 0.0549713 0.159931
0.272383 0.0416268 0.266388 9.9982E-05 0.30238 0.0265252 9.9982E-05 0.0904971
9.9955E-05 9.9955E-05 0.106704 9.9955E-05 0.311892 9.9955E-05 9.9955E-05 0.580904
0.170407 0.0002167 0.411609 0.0317239 0.182041 0.0409135 0.0523278 0.110761
0.383304 9.9973E-05 0.278083 9.9973E-05 0.198512 0.0491312 9.9973E-05 0.0906698
9.9982E-05 9.9982E-05 0.118846 0.0229687 0.0828987 0.0683365 0.055393 0.651357
0.259499 9.9973E-05 0.246628 9.9973E-05 0.350125 0.0264247 9.9973E-05 0.117023
9.9973E-05 9.9973E-05 0.144397 9.9973E-05 0.086042 0.0855938 0.0343534 0.649314
9.99549E-05 0.213474 9.99549E-05 0.102717 9.99549E-05 9.99549E-05 9.99549E-05 0.683309
0.244897 9.9973E-05 0.0496942 0.107887 9.9973E-05 9.9973E-05 0.0446636 0.552558
0.184925 9.9991E-05 0.205504 0.0592988 0.298906 0.00949819 0.0276629 0.214106
0.155013 9.9991E-05 0.205792 0.0782129 0.238159 0.040597 0.0431922 0.238933
9.9964E-05 9.9964E-05 0.151431 0.00187249 0.279684 9.9964E-05 9.9964E-05 0.566613
0.211037 9.9982E-05 0.280318 0.00156367 0.355722 9.9982E-05 0.0357325 0.115427
0.0238282 9.9964E-05 9.9964E-05 0.826629 9.9964E-05 0.136853 9.9964E-05 0.0122898
0.0262726 9.9955E-05 9.9955E-05 9.9955E-05 0.897547 9.9955E-05 9.9955E-05 0.0756808
0.184572 0.00724818 0.406328 0.00429652 0.118396 0.0705878 0.0455822 0.162989
0.315623 9.9982E-05 0.17957 9.9982E-05 0.334067 0.00677943 0.000459323 0.163301
0.191194 9.9982E-05 0.389046 9.9982E-05 0.204207 0.0342287 0.0443872 0.136737
0.304344 9.9982E-05 0.355501 0.0494543 0.183007 9.9982E-05 0.0543013 0.0531927
0.0413585 0.171401 0.0147598 9.9982E-05 0.0177229 0.722393 9.9982E-05 0.0321643
9.9991E-05 0.0349163 0.023505 0.434911 0.00891108 0.366199 0.0687813 0.0626766
0.0921529 9.9973E-05 0.0726695 9.9973E-05 0.788615 9.9973E-05 0.00516303 0.0410992
9.9955E-05 9.9955E-05 9.9955E-05 0.921664 9.9955E-05 0.0347251 9.9955E-05 0.0431111
0.029669 0.184288 0.0148555 9.9982E-05 0.0430456 0.709344 9.9982E-05 0.0185979
9.9955E-05 0.115928 9.9955E-05 9.9955E-05 9.9955E-05 9.9955E-05 0.0270046 0.856568
9.994E-05 9.994E-05 9.994E-05 9.994E-05 0.9993 9.994E-05 9.994E-05 9.994E-05
9.9946E-05 9.9946E-05 9.9946E-05 9.9946E-05 0.985386 9.9946E-05 0.014014 9.9946E-05
0.030472 0.00763986 0.0202838 0.015323 0.906636 9.9982E-05 0.0194455 9.9982E-05
9.994E-05 9.994E-05 9.994E-05 9.994E-05 0.9993 9.994E-05 9.994E-05 9.994E-05
9.9973E-05 0.821354 9.9973E-05 0.0743891 0.0416567 0.00871854 9.9973E-05 0.0535818
0.0680347 0.0136313 9.9973E-05 9.9973E-05 0.808834 0.05371 0.0554902 9.9973E-05
0.041083 0.186358 9.9964E-05 9.9964E-05 0.0398419 0.732317 9.9964E-05 9.9964E-05
9.99461E-05 9.99461E-05 9.99461E-05 9.99461E-05 9.99461E-05 0.923121 9.99461E-05 0.0762795
9.9973E-05 0.0698056 0.0111925 0.00972138 9.9973E-05 0.904396 0.00458507 9.9973E-05
0.000674004 0.0315054 9.9964E-05 9.9964E-05 9.9964E-05 0.959697 0.00772395 9.9964E-05
0.00913223 0.00864935 0.0113767 0.0421037 9.9982E-05 0.907694 0.0208445 9.9982E-05
0.0304451 9.9991E-05 0.540034 0.000308686 0.0918836 0.0869835 0.0934726 0.156773
0.0388835 9.9991E-05 0.552288 0.0358466 0.0767361 0.0620705 0.100099 0.133976
9.9973E-05 0.022722 0.926466 0.0229309 9.9973E-05 0.0265508 9.9973E-05 0.00103011
0.0166923 9.9964E-05 0.853639 9.9964E-05 0.0901517 0.0391175 9.9964E-05 9.9964E-05
0.0326514 9.9991E-05 0.913976 0.0119546 0.00797627 0.0145054 0.00964911 0.00918734
9.9973E-05 0.188028 0.283587 9.9973E-05 9.9973E-05 0.0146363 0.0359613 0.477487
9.9964E-05 9.9964E-05 0.944557 0.0424083 9.9964E-05 0.000304587 0.0123303 9.9964E-05
0.0471888 0.135418 0.0833012 0.233355 0.208628 0.18822 0.0370727 0.0668161
9.994E-05 9.994E-05 0.9993 9.994E-05 9.994E-05 9.994E-05 9.994E-05 9.994E-05
9.994E-05 9.994E-05 0.9993 9.994E-05 9.994E-05 9.994E-05 9.994E-05 9.994E-05
0.0397761 9.9955E-05 0.955458 9.9955E-05 9.9955E-05 9.9955E-05 0.00426609 9.9955E-05
0.726079 9.9973E-05 0.228966 0.019863 0.00685468 0.0179376 9.9973E-05 9.9973E-05
0.0065057 9.9964E-05 0.978121 9.9964E-05 0.0138837 9.9964E-05 0.00108961 9.9964E-05
0.126411 9.9973E-05 0.815567 9.9973E-05 0.0241774 0.00525069 0.0282946 9.9973E-05
9.9955E-05 9.9955E-05 9.9955E-05 0.865602 9.9955E-05 0.089642 9.9955E-05 0.044256
9.9973E-05 9.9973E-05 0.0601707 0.583891 9.9973E-05 0.216724 0.0607184 0.0781958
9.9964E-05 9.9964E-05 0.0306953 0.124295 9.9964E-05 0.71643 9.9964E-05 0.128181
9.9973E-05 0.008765 9.9973E-05 0.059733 9.9973E-05 0.864886 0.0234484 0.0428679
9.9973E-05 0.148463 0.0108305 0.118785 9.9973E-05 0.0456188 9.9973E-05 0.676003
9.9973E-05 9.9973E-05 0.0364534 0.0772806 9.9973E-05 0.771332 0.0471236 0.0675101
9.9964E-05 9.9964E-05 9.9964E-05 0.964868 0.00127226 9.9964E-05 0.01084 0.0226195
9.9946E-05 9.9946E-05 9.9946E-05 0.941516 9.9946E-05 0.0578843 9.9946E-05 9.9946E-05
9.99549E-05 0.213524 9.99549E-05 0.011028 9.99549E-05 9.99549E-05 9.99549E-05 0.774948
9.9973E-05 9.9973E-05 0.0341075 0.0450113 9.9973E-05 0.752648 0.0258607 0.142072
0.00446502 0.0115786 0.0297188 0.153914 0.0318736 0.475837 0.109327 0.183286
9.99759E-05 0.138683 0.0116522 9.99759E-05 9.99759E-05 0.0699904 0.0475544 0.73182
9.99639E-05 0.176176 9.99639E-05 0.0395728 9.99639E-05 9.99639E-05 0.0106827 0.773169
9.9973E-05 0.125276 0.0155888 0.127732 9.9973E-05 0.0389493 9.9973E-05 0.692154
0.0157555 0.0757297 0.00424178 0.506725 0.0861319 0.257881 9.9991E-05 0.0534347
9.9964E-05 0.222833 9.9964E-05 0.0493028 9.9964E-05 9.9964E-05 0.0141957 0.713269
9.9964E-05 9.9964E-05 0.00293047 0.924444 9.9964E-05 0.0254873 9.9964E-05 0.0467388
0.0175198 0.118828 9.9955E-05 9.9955E-05 9.9955E-05 9.9955E-05 9.9955E-05 0.863153
0.00376143 0.0477879 9.9964E-05 9.9964E-05 9.9964E-05 9.9964E-05 0.0216992 0.926352
0.148557 0.0347487 0.132094 9.9982E-05 0.236755 9.9982E-05 0.0520281 0.395618
9.99459E-05 0.247849 9.99459E-05 9.99459E-05 9.99459E-05 9.99459E-05 9.99459E-05 0.751551
9.99459E-05 0.230191 9.99459E-05 9.99459E-05 9.99459E-05 9.99459E-05 9.99459E-05 0.769209
9.9946E-05 0.232106 9.9946E-05 9.9946E-05 9.9946E-05 9.9946E-05 9.9946E-05 0.767294
9.9982E-05 9.9982E-05 0.0797944 0.0669909 0.00193842 0.211107 0.0751744 0.564795
9.9955E-05 9.9955E-05 9.9955E-05 0.781667 9.9955E-05 0.129075 9.9955E-05 0.088758
9.99677E-05 9.99677E-05 0.0157802 0.867396 0.0256864 9.99677E-05 9.99677E-05 0.0907377
9.9964E-05 9.9964E-05 9.9964E-05 0.848529 0.015598 0.00501694 9.9964E-05 0.130456
9.9964E-05 9.9964E-05 0.0171067 0.892383 9.9964E-05 0.0766345 9.9964E-05 0.0134758
9.9946E-05 9.9946E-05 9.9946E-05 9.9946E-05 0.91447 9.9946E-05 9.9946E-05 0.0849306
0.400216 9.9973E-05 9.9973E-05 0.0388638 0.208678 0.0357346 9.9973E-05 0.316207
0.0261392 0.0549077 0.0061054 0.127187 9.9991E-05 0.76101 0.0166899 0.00786063
9.9973E-05 0.20073 0.0278643 0.449742 9.9973E-05 0.275806 0.045558 9.9973E-05
0.193399 0.0871606 0.00320827 0.0505479 0.0059923 9.9991E-05 0.0302544 0.629337
0.205519 0.0368159 0.0277222 0.0800457 0.0334513 9.9991E-05 0.0202916 0.596054
9.9964E-05 9.9964E-05 0.0524968 9.9964E-05 0.0386168 0.899192 9.9964E-05 0.00929475
0.0358894 0.191827 9.9964E-05 9.9964E-05 0.0208116 0.751072 9.9964E-05 9.9964E-05
0.564568 0.145412 0.0437628 0.210968 0.0154212 0.0196676 9.9982E-05 9.9982E-05
0.0263389 0.401244 0.0667599 0.324028 0.0876192 0.00077503 9.9991E-05 0.0931356
9.99641E-05 0.0297981 9.99641E-05 0.10897 9.99641E-05 0.809488 9.99641E-05 0.0513443
9.9982E-05 9.9982E-05 0.0433631 0.00599541 0.0376129 0.259221 0.0856011 0.568006
0.199016 0.0569006 0.0526111 0.0864411 9.9982E-05 9.9982E-05 0.0599226 0.544908
9.9982E-05 9.9982E-05 0.101397 0.0704136 0.000447341 0.154692 0.114721 0.558129
9.9982E-05 9.9982E-05 0.0717211 0.0789029 0.0424684 0.228007 0.112774 0.465927
0.000702205 9.9973E-05 9.9973E-05 0.00370987 9.9973E-05 0.896946 0.0607121 0.0376297
0.0283592 9.9973E-05 9.9973E-05 9.9973E-05 0.033375 0.918969 0.0119356 0.00706115
0.00675955 9.9964E-05 9.9964E-05 9.9964E-05 9.9964E-05 0.972064 0.00374978 0.0170264
9.9982E-05 0.0331373 0.0348727 0.0354783 9.9982E-05 0.865455 0.0155703 0.0152866
9.9964E-05 0.00661097 9.9964E-05 0.0200574 9.9964E-05 0.939375 0.0335573 9.9964E-05
9.99551E-05 0.0772465 9.99551E-05 0.0395982 9.99551E-05 0.882656 9.99551E-05 9.99551E-05
0.0571519 9.9991E-05 0.0440297 0.009915 0.00461906 0.507094 0.160773 0.216318
0.00491625 9.9991E-05 0.125675 0.020711 0.0622278 0.26384 0.115405 0.407126
0.0148078 0.047213 9.9955E-05 9.9955E-05 9.9955E-05 0.937479 9.9955E-05 9.9955E-05
0.00427608 9.9991E-05 0.0964393 0.0476321 0.0515272 0.239222 0.0904763 0.470327
9.9982E-05 9.9982E-05 0.0757365 0.069241 0.00794772 0.119455 0.0626498 0.66477
0.9993 9.994E-05 9.994E-05 9.994E-05 9.994E-05 9.994E-05 9.994E-05 9.994E-05
0.97623 9.9946E-05 9.9946E-05 9.9946E-05 9.9946E-05 9.9946E-05 9.9946E-05 0.0231701
0.9993 9.994E-05 9.994E-05 9.994E-05 9.994E-05 9.994E-05 9.994E-05 9.994E-05
0.9993 9.994E-05 9.994E-05 9.994E-05 9.994E-05 9.994E-05 9.994E-05 9.994E-05
0.9993 9.994E-05 9.994E-05 9.994E-05 9.994E-05 9.994E-05 9.994E-05 9.994E-05
0.9993 9.994E-05 9.994E-05 9.994E-05 9.994E-05 9.994E-05 9.994E-05 9.994E-05
0.9993 9.99424E-05 9.99424E-05 9.99424E-05 9.99424E-05 9.99424E-05 9.99424E-05 9.99424E-05
0.0254081 0.0871503 9.9964E-05 9.9964E-05 9.9964E-05 9.9964E-05 0.00370665 0.883335
9.99549E-05 0.339489 9.99549E-05 9.99549E-05 9.99549E-05 9.99549E-05 0.0179158 0.642095
0.192223 0.0211706 0.0975167 9.9991E-05 0.187092 0.00953996 0.00348987 0.488867
0.174418 9.9982E-05 0.0892014 0.00470913 0.196718 9.9982E-05 0.0179278 0.516826
0.044388 9.9982E-05 0.0387995 0.0647599 0.0159807 0.800002 9.9982E-05 0.0358703
9.9973E-05 9.9973E-05 0.0396391 9.9973E-05 0.0151626 0.767447 0.0412246 0.136227
0.0115932 0.0120142 9.9964E-05 9.9964E-05 9.9964E-05 0.972067 9.9964E-05 0.0039255
0.0744963 9.9964E-05 9.9964E-05 0.0105398 0.906745 9.9964E-05 0.00781887 9.9964E-05
0.326868 9.99459E-05 9.99459E-05 9.99459E-05 0.672532 9.99459E-05 9.99459E-05 9.99459E-05
0.0628778 9.9964E-05 9.9964E-05 9.9964E-05 0.916555 0.00511895 0.0150479 9.9964E-05
0.349898 9.9946E-05 9.9946E-05 9.9946E-05 0.649502 9.9946E-05 9.9946E-05 9.9946E-05
0.107871 0.412186 0.00377183 0.0625364 0.402317 0.0111178 9.9982E-05 9.9982E-05
0.280344 0.177775 0.183847 0.0286056 0.303312 0.0259169 9.9982E-05 9.9982E-05
0.813854 0.0202998 0.0425997 0.0355101 0.0843521 9.9982E-05 0.0031843 9.9982E-05
0.358024 9.9946E-05 9.9946E-05 9.9946E-05 0.641376 9.9946E-05 9.9946E-05 9.9946E-05
0.361486 9.9946E-05 9.9946E-05 9.9946E-05 0.637915 9.9946E-05 9.9946E-05 9.9946E-05
9.9946E-05 9.9946E-05 9.9946E-05 0.0163545 0.983046 9.9946E-05 9.9946E-05 9.9946E-05
0.217097 9.9982E-05 0.00653665 0.00288084 0.757806 0.0116308 0.00384871 9.9982E-05
0.0519689 0.0854638 0.154627 0.270443 0.0308712 0.190495 0.121704 0.0944269
9.9946E-05 9.9946E-05 9.9946E-05 9.9946E-05 9.9946E-05 0.971162 0.0282379 9.9946E-05
0.0286991 0.0733162 9.9964E-05 9.9964E-05 0.00681519 9.9964E-05 9.9964E-05 0.89077
9.9991E-05 0.0239497 0.0117001 0.198893 0.0395982 0.627698 0.0423526 0.0557082
9.9964E-05 0.148625 9.9964E-05 0.135394 9.9964E-05 0.0021948 9.9964E-05 0.713386
9.9973E-05 0.00379737 9.9973E-05 0.0122835 0.87045 0.016009 9.9973E-05 0.0971604
0.834003 0.0325452 0.0442281 9.9991E-05 0.0440879 0.0245512 0.0051684 0.0153161
0.23605 0.00368858 0.0138825 9.9991E-05 0.621841 0.0310404 0.0165624 0.0768356
9.9973E-05 9.9973E-05 0.0505692 9.9973E-05 0.0420513 0.228437 0.0829525 0.59569
0.00630563 0.0605364 0.0910724 0.0416107 0.0772939 0.0607128 0.122748 0.53972
0.0338954 0.0680247 0.0231381 0.286805 9.9991E-05 0.538289 0.0402434 0.00950417
9.99459E-05 0.803384 9.99459E-05 9.99459E-05 9.99459E-05 9.99459E-05 9.99459E-05 0.196016
0.0570237 9.9982E-05 0.694527 0.0234837 0.107355 0.0415944 0.0758162 9.9982E-05
0.048463 0.00623454 0.800989 9.9991E-05 0.0601632 0.0544605 0.0229142 0.00667588
0.0117289 9.9973E-05 0.948227 9.9973E-05 9.9973E-05 0.00271561 0.0111681 0.0258605
0.029721 0.010969 0.935194 9.9964E-05 0.0237164 9.9964E-05 9.9964E-05 9.9964E-05
0.0558595 9.9955E-05 0.938189 9.9955E-05 9.9955E-05 0.0054512 9.9955E-05 9.9955E-05
0.101943 9.9973E-05 0.812199 9.9973E-05 0.0155825 0.0289976 0.0409779 9.9973E-05
0.0100403 0.0752402 9.9973E-05 9.9973E-05 9.9973E-05 0.0159695 0.024644 0.873806
0.426444 9.9982E-05 0.0819529 9.9982E-05 0.283628 0.0721368 0.0392561 0.0963823
0.0850444 9.9982E-05 0.0328252 0.0201283 0.802584 0.0480896 9.9982E-05 0.011128
9.9955E-05 0.0135702 9.9955E-05 9.9955E-05 0.983468 9.9955E-05 0.00246211 9.9955E-05
0.0307669 9.9973E-05 9.9973E-05 0.00604037 0.954051 0.00032496 0.0085165 9.9973E-05
0.24321 9.9973E-05 0.00237616 9.9973E-05 0.737653 0.0127123 0.00374766 9.9973E-05
9.994E-05 9.994E-05 0.9993 9.994E-05 9.994E-05 9.994E-05 9.994E-05 9.994E-05
0.0310601 9.9973E-05 0.95425 0.00206809 9.9973E-05 0.0117265 0.000595007 9.9973E-05
0.64512 9.9955E-05 0.311859 9.9955E-05 0.042521 9.9955E-05 9.9955E-05 9.9955E-05
0.673872 0.0172833 0.299548 9.9964E-05 9.9964E-05 9.9964E-05 0.00889652 9.9964E-05
0.0429363 9.9955E-05 0.925611 9.9955E-05 0.0309527 9.9955E-05 9.9955E-05 9.9955E-05
0.807408 9.9973E-05 0.156955 0.0125006 0.0122494 0.0105872 9.9973E-05 9.9973E-05
0.486512 0.0383618 0.076172 0.0154045 0.0565907 0.326759 9.9982E-05 9.9982E-05
9.9973E-05 0.0554816 0.00943018 0.080665 9.9973E-05 0.805541 9.9973E-05 0.0485819
0.0383216 0.0532396 0.040631 0.122933 9.9973E-05 0.744575 9.9973E-05 9.9973E-05
0.011035 0.023842 9.9973E-05 0.0773977 9.9973E-05 0.850125 0.0372999 9.9973E-05
0.0016708 0.0376491 9.9973E-05 0.00768204 9.9973E-05 0.921012 0.0316857 9.9973E-05
9.99549E-05 0.014738 0.982704 0.00205792 9.99549E-05 9.99549E-05 9.99549E-05 9.99549E-05
9.994E-05 9.994E-05 0.9993 9.994E-05 9.994E-05 9.994E-05 9.994E-05 9.994E-05
0.683505 9.9955E-05 0.286825 9.9955E-05 9.9955E-05 0.0291708 9.9955E-05 9.9955E-05
0.464326 9.9946E-05 0.535074 9.9946E-05 9.9946E-05 9.9946E-05 9.9946E-05 9.9946E-05
9.9955E-05 0.0171262 0.961616 9.9955E-05 9.9955E-05 9.9955E-05 0.020758 9.9955E-05
9.9964E-05 9.9964E-05 0.913156 9.9964E-05 0.0280294 9.9964E-05 0.00790586 0.0505085
0.0158892 9.9946E-05 0.983511 9.9946E-05 9.9946E-05 9.9946E-05 9.9946E-05 9.9946E-05
0.774885 9.9964E-05 0.217828 9.9964E-05 9.9964E-05 9.9964E-05 0.00587451 0.0010125
9.9955E-05 0.907504 0.0183445 9.9955E-05 9.9955E-05 0.0736514 9.9955E-05 9.9955E-05
0.0270564 0.70222 9.9973E-05 0.186642 9.9973E-05 9.9973E-05 0.0275244 0.0562576
9.99641E-05 0.945244 0.010825 0.00607032 9.99641E-05 9.99641E-05 0.0374613 9.99641E-05
0.0306429 0.85422 0.0276536 9.9973E-05 9.9973E-05 0.0791233 9.9973E-05 0.00806016
0.165974 9.9982E-05 0.351882 0.0030904 0.324027 0.0177748 9.9982E-05 0.137052
0.215063 9.9973E-05 0.325466 9.9973E-05 0.379985 0.0087425 9.9973E-05 0.0704432
0.170985 0.000905544 0.280838 0.025567 0.491753 9.9982E-05 9.9982E-05 0.0297502
0.126603 0.024774 0.267083 0.0307702 0.540765 9.9982E-05 9.9982E-05 0.00980544
0.0615844 0.00873883 0.483416 0.0316073 0.092815 0.0994609 0.108757 0.113621
0.128663 9.9973E-05 0.0207033 9.9973E-05 0.450912 9.9973E-05 0.0127607 0.386661
9.99459E-05 0.0317131 0.967687 9.99459E-05 9.99459E-05 9.99459E-05 9.99459E-05 9.99459E-05
0.874958 0.0167577 0.0921658 0.0157188 9.9964E-05 9.9964E-05 9.9964E-05 9.9964E-05
0.818839 0.0504746 0.118227 9.9964E-05 9.9964E-05 9.9964E-05 0.0120595 9.9964E-05
9.99822E-05 0.0325503 9.99822E-05 0.0331043 0.0529088 0.446438 0.0233689 0.41143
0.060298 0.0862371 0.00439446 0.022382 0.052571 0.0236867 0.0287825 0.721648
9.9955E-05 9.9955E-05 9.9955E-05 0.0933573 9.9955E-05 0.838341 9.9955E-05 0.0678021
0.00887222 9.9982E-05 9.9982E-05 0.888814 0.00472744 0.0794075 0.00397791 0.0140007
0.0175312 0.0273711 9.9982E-05 0.632364 9.9982E-05 0.257824 0.0353375 0.0293729
9.9982E-05 0.0308778 0.0396557 0.424836 0.0145875 0.469067 0.0207763 9.9982E-05
0.00132824 0.366902 0.0356122 9.9991E-05 0.00161168 0.36861 0.0152993 0.210537
9.99461E-05 9.99461E-05 9.99461E-05 0.110226 9.99461E-05 0.889175 9.99461E-05 9.99461E-05
9.9964E-05 9.9964E-05 0.0271767 0.0429362 0.0119982 0.917489 9.9964E-05 9.9964E-05
9.9973E-05 9.9973E-05 0.042969 0.0389197 0.00235253 0.847861 9.9973E-05 0.0675976
9.9964E-05 9.9964E-05 9.9964E-05 0.0808636 0.00265703 0.886129 0.029951 9.9964E-05
0.114946 9.9991E-05 0.402202 0.0720319 0.0604874 0.081951 0.0312923 0.23699
0.0968332 0.0373521 0.230743 0.0321579 0.04517 0.373784 0.0485641 0.135396
0.17238 9.99821E-05 0.226463 9.99821E-05 0.189826 0.257986 0.0147833 0.138361
0.14648 9.9982E-05 0.428808 9.9982E-05 0.142662 0.0236019 0.0405683 0.217679
0.0959824 0.206581 0.00364639 0.0509995 0.0399103 0.514053 0.0321631 0.056664
9.9964E-05 0.0217817 9.9964E-05 9.9964E-05 9.9964E-05 0.914855 0.036208 0.0267555
0.871042 9.9973E-05 0.00219389 9.9973E-05 0.0906155 9.9973E-05 0.00155481 0.0342937
0.00266166 9.9982E-05 0.0291778 0.116519 9.9982E-05 0.673684 0.0816358 0.0961214
0.00344066 9.9964E-05 0.0123378 0.850368 9.9964E-05 0.133454 9.9964E-05 9.9964E-05
0.0219699 0.0834965 9.9964E-05 0.875688 9.9964E-05 9.9964E-05 0.0184454 9.9964E-05
9.9955E-05 0.0168328 9.9955E-05 0.0449751 9.9955E-05 0.937692 9.9955E-05 9.9955E-05
0.0389267 9.9973E-05 0.114916 9.9973E-05 9.9973E-05 0.149013 0.478871 0.217972
0.0120545 0.0645198 0.0017941 0.344142 0.00887178 0.470193 0.0110949 0.0873301
9.9964E-05 9.9964E-05 9.9964E-05 0.933293 0.00278645 0.0483002 9.9964E-05 0.0152205
0.00544011 9.9973E-05 0.0501957 0.130955 9.9973E-05 0.645576 9.9973E-05 0.167533
0.0417075 0.0545966 0.0613452 0.0341231 0.0156731 0.0841698 0.493023 0.215362
0.0132412 9.9973E-05 9.9973E-05 9.9973E-05 0.00110595 0.0162178 0.967193 0.00194242
0.123406 9.9973E-05 0.0571689 9.9973E-05 0.751173 0.0413147 9.9973E-05 0.0266374
0.0326147 0.168032 0.0129326 0.619352 0.0731133 0.0414421 9.99981E-05 0.0524137
0.229968 9.9973E-05 0.0450008 0.0963104 9.9973E-05 9.9973E-05 0.0419956 0.586425
0.032321 0.109421 9.9982E-05 9.9982E-05 0.0156879 0.0239056 0.0242736 0.794191
