0.338413 0.2174 0.444187
0.677449 0.108771 0.21378
0.623927 0.108422 0.267651
0.338282 0.212012 0.449706
0.9998 9.999E-05 9.999E-05
0.63998 0.105273 0.254747
0.0130592 0.63835 0.348591
9.999E-05 0.9998 9.999E-05
9.999E-05 0.9998 9.999E-05
9.999E-05 0.9998 9.999E-05
0.0761561 0.00686369 0.91698
9.9991E-05 0.0112941 0.988606
9.9991E-05 0.00931813 0.990582
9.999E-05 9.999E-05 0.9998
0.043434 0.0420785 0.914487
9.999E-05 0.9998 9.999E-05
0.073951 0.228591 0.697458
9.999E-05 9.999E-05 0.9998
0.0388684 0.0646953 0.896436
9.9991E-05 0.00448093 0.995419
0.00682688 0.0668902 0.926283
9.999E-05 9.999E-05 0.9998
9.999E-05 9.999E-05 0.9998
9.9991E-05 0.0223598 0.97754
9.999E-05 9.999E-05 0.9998
0.000560645 9.9991E-05 0.999339
9.999E-05 9.999E-05 0.9998
0.0493767 9.9991E-05 0.950523
9.9991E-05 0.00070269 0.999197
0.00474524 9.9991E-05 0.995155
9.999E-05 9.999E-05 0.9998
9.9991E-05 0.00719449 0.992706
9.999E-05 9.999E-05 0.9998
9.9991E-05 0.0143518 0.985548
9.999E-05 9.999E-05 0.9998
9.999E-05 9.999E-05 0.9998
9.999E-05 9.999E-05 0.9998
9.999E-05 9.999E-05 0.9998
0.466415 0.189227 0.344358
0.9998 9.999E-05 9.999E-05
0.107894 0.00316011 0.888946
9.999E-05 9.999E-05 0.9998
9.999E-05 9.999E-05 0.9998
0.57253 0.105262 0.322209
0.0300868 0.0876043 0.882309
0.0210888 0.0251479 0.953763
0.031515 0.00411655 0.964368
0.691304 0.0646335 0.244063
0.737962 0.14027 0.121768
0.155192 0.29339 0.551418
0.101608 0.236995 0.661398
0.113768 0.232064 0.654169
0.102551 0.314916 0.582533
9.9991E-05 0.987737 0.012163
9.999E-05 0.9998 9.999E-05
9.9991E-05 0.0946693 0.905231
9.999E-05 9.999E-05 0.9998
0.344684 0.161717 0.493599
0.9998 9.999E-05 9.999E-05
0.875852 0.0174765 0.106672
0.0920928 0.211026 0.696881
0.123282 0.21549 0.661228
0.173324 0.189334 0.637342
9.999E-05 0.9998 9.999E-05
0.9998 9.999E-05 9.999E-05
0.0702723 0.172316 0.757412
0.336875 0.256406 0.406719
9.999E-05 9.999E-05 0.9998
9.999E-05 9.999E-05 0.9998
0.0619315 0.878445 0.0596231
0.0367838 0.860449 0.102768
0.0110547 0.937716 0.0512297
9.999E-05 0.9998 9.999E-05
9.999E-05 0.9998 9.999E-05
9.9991E-05 0.999387 0.000512882
9.999E-05 0.9998 9.999E-05
9.999E-05 0.9998 9.999E-05
0.00224578 0.997654 9.9991E-05
9.999E-05 0.9998 9.999E-05
9.9991E-05 0.997642 0.0022584
9.9991E-05 0.960663 0.0392369
0.00369644 0.980869 0.0154344
9.9991E-05 0.548555 0.451345
9.9991E-05 0.591929 0.407971
9.999E-05 0.9998 9.999E-05
9.999E-05 0.9998 9.999E-05
0.0125347 0.987365 9.9991E-05
0.00893184 0.987257 0.0038111
9.999E-05 0.9998 9.999E-05
9.9991E-05 0.551773 0.448127
0.0114115 0.89856 0.0900281
9.9991E-05 0.971145 0.0287551
9.999E-05 0.9998 9.999E-05
0.016095 0.983805 9.9991E-05
0.00458481 0.931522 0.063893
9.999E-05 0.9998 9.999E-05
0.205387 9.9991E-05 0.794513
0.0246902 0.97521 9.9991E-05
9.999E-05 0.9998 9.999E-05
0.119592 0.770113 0.110295
9.999E-05 0.9998 9.999E-05
9.9991E-05 0.995249 0.00465072
9.999E-05 0.9998 9.999E-05
9.999E-05 0.9998 9.999E-05
0.0211685 0.00636476 0.972467
9.999E-05 0.9998 9.999E-05
9.999E-05 0.9998 9.999E-05
9.999E-05 0.9998 9.999E-05
9.9991E-05 0.0133696 0.98653
0.00740792 0.992492 9.9991E-05
9.9991E-05 0.988463 0.0114374
9.999E-05 0.9998 9.999E-05
9.999E-05 0.9998 9.999E-05
9.9991E-05 0.0146207 0.985279
9.999E-05 0.9998 9.999E-05
0.02805 0.97185 9.9991E-05
9.9991E-05 0.51901 0.48089
9.999E-05 0.9998 9.999E-05
9.9991E-05 0.00185134 0.998049
0.0179517 9.9991E-05 0.981948
0.00754767 9.9991E-05 0.992352
0.00381706 0.0143488 0.981834
0.119622 0.258664 0.621714
9.9991E-05 0.0302869 0.969613
0.0891498 0.0372273 0.873623
0.028162 0.0101864 0.961652
0.00202664 9.9991E-05 0.997873
9.999E-05 9.999E-05 0.9998
0.0561846 9.9991E-05 0.943715
0.05666 9.9991E-05 0.94324
9.9991E-05 0.00646905 0.993431
0.00765092 0.0680598 0.924289
9.9991E-05 0.0253402 0.97456
0.0532162 0.0418977 0.904886
0.801481 0.106583 0.0919366
0.773912 0.130187 0.0959011
0.919303 0.0303147 0.0503823
0.0872107 0.168676 0.744113
0.818488 0.100034 0.0814773
0.822696 0.104869 0.0724354
0.0992922 0.156658 0.744049
0.843922 0.0700144 0.0860639
0.815938 0.0749989 0.109063
0.870303 0.0506401 0.0790574
0.687163 0.123679 0.189158
0.694273 0.129682 0.176045
0.822527 0.0582179 0.119255
0.135901 0.241462 0.622637
0.976937 0.00584526 0.0172177
9.9991E-05 0.00790181 0.991998
0.00574865 0.025891 0.96836
0.986464 0.0134363 9.9991E-05
0.280317 0.199091 0.520592
0.149882 0.169342 0.680776
0.128221 0.0200666 0.851712
0.00736793 0.0229575 0.969675
0.24435 0.0633414 0.692309
0.14147 0.187204 0.671325
0.710618 0.122704 0.166678
0.125217 0.217278 0.657506
0.227203 0.240286 0.53251
9.999E-05 9.999E-05 0.9998
0.937489 0.0460278 0.0164837
0.470372 0.00480931 0.524819
0.988389 9.9991E-05 0.0115105
0.208134 0.107888 0.683979
0.9998 9.999E-05 9.999E-05
0.11874 0.156984 0.724276
0.908453 0.0105597 0.0809874
0.887446 0.0246448 0.0879091
0.0923866 9.9991E-05 0.907513
0.307935 0.0439934 0.648072
0.124559 0.0562122 0.819228
0.662995 0.145692 0.191313
0.679805 0.161824 0.15837
0.624865 0.169341 0.205794
0.626309 0.185526 0.188165
0.00616253 9.9991E-05 0.993737
0.0230233 0.00592564 0.971051
0.00944164 0.0350524 0.955506
0.797458 0.120174 0.0823679
0.307649 0.175785 0.516566
0.161237 0.250542 0.588221
0.0352397 0.051637 0.913123
0.0735244 0.0945063 0.831969
0.111468 0.0721672 0.816365
0.162081 0.217464 0.620455
0.269172 0.230107 0.500721
9.9991E-05 0.018532 0.981368
0.000872591 0.0578137 0.941314
0.9998 9.999E-05 9.999E-05
0.988698 9.9991E-05 0.0112016
0.974501 9.9991E-05 0.0253988
0.78956 0.117782 0.0926583
0.572949 0.176584 0.250466
0.569095 0.191872 0.239033
0.0236281 9.9991E-05 0.976272
0.0850606 0.00954952 0.90539
9.999E-05 9.999E-05 0.9998
0.108235 0.173173 0.718591
0.9998 9.999E-05 9.999E-05
0.9998 9.999E-05 9.999E-05
0.9998 9.999E-05 9.999E-05
0.9998 9.999E-05 9.999E-05
0.9998 9.999E-05 9.999E-05
0.105885 9.9991E-05 0.894015
0.667337 0.159897 0.172767
0.0650926 0.183111 0.751796
0.111927 9.9991E-05 0.887973
0.0947625 9.9991E-05 0.905137
9.9991E-05 0.0184674 0.981433
0.00128224 0.0688333 0.929884
0.00257294 0.0538678 0.943559
0.9998 9.999E-05 9.999E-05
0.9998 9.999E-05 9.999E-05
0.662632 0.0882544 0.249114
0.9998 9.999E-05 9.999E-05
0.9998 9.999E-05 9.999E-05
0.46186 0.0328081 0.505332
0.9998 9.999E-05 9.999E-05
0.962373 9.9991E-05 0.037527
0.492244 0.175977 0.331779
0.0740064 0.203781 0.722213
0.899003 9.9991E-05 0.100897
0.171127 0.459258 0.369614
0.845871 9.9991E-05 0.154029
0.9998 9.999E-05 9.999E-05
0.0437829 0.0130644 0.943153
0.311666 9.9991E-05 0.688234
0.0467646 0.216331 0.736904
0.211083 0.260577 0.52834
9.999E-05 9.999E-05 0.9998
0.0873858 0.253008 0.659606
0.113767 0.153428 0.732805
0.12085 0.133288 0.745862
0.105517 0.316284 0.578198
0.188943 0.147716 0.663342
0.0617404 0.207645 0.730615
0.486623 0.189776 0.323601
9.999E-05 9.999E-05 0.9998
0.0913636 9.9991E-05 0.908536
9.999E-05 0.9998 9.999E-05
0.123539 9.9991E-05 0.876361
9.999E-05 9.999E-05 0.9998
0.0734152 0.0552665 0.871318
9.9991E-05 0.0104437 0.989456
0.0204232 0.0711812 0.908396
0.0257111 9.9991E-05 0.974189
0.139844 0.290533 0.569623
0.134242 0.181427 0.684331
0.0855219 0.142865 0.771613
0.00198897 9.9991E-05 0.997911
0.9998 9.999E-05 9.999E-05
9.999E-05 9.999E-05 0.9998
0.182901 0.276532 0.540567
9.999E-05 9.999E-05 0.9998
0.9998 9.999E-05 9.999E-05
0.0771449 0.206382 0.716474
9.999E-05 0.9998 9.999E-05
0.114331 0.762449 0.12322
9.9991E-05 0.0119787 0.987921
9.9991E-05 0.0481743 0.951726
0.0898888 0.212626 0.697485
0.0973334 0.175671 0.726996
0.214558 0.00199961 0.783442
9.9991E-05 0.0173197 0.98258
0.9998 9.999E-05 9.999E-05
0.555715 0.187238 0.257047
0.921514 0.0218825 0.0566039
0.610956 0.180169 0.208875
0.594559 0.186631 0.218811
0.775394 0.0987381 0.125868
0.569874 0.171901 0.258224
0.660273 0.143038 0.196688
0.778566 0.0730369 0.148397
0.318848 0.243811 0.43734
0.817478 0.0430408 0.139481
0.310654 0.229643 0.459703
0.108344 0.264043 0.627613
0.343625 0.257518 0.398857
0.665363 0.146736 0.187901
0.611189 0.116087 0.272724
0.552982 0.177512 0.269507
0.78761 0.0928887 0.119501
9.9991E-05 0.00101096 0.998889
0.9998 9.999E-05 9.999E-05
0.604477 0.165719 0.229804
0.79931 0.126411 0.0742786
0.693367 0.175112 0.13152
0.712376 0.166044 0.12158
0.10316 0.00307983 0.893761
0.0611322 0.0414234 0.897444
0.9998 9.999E-05 9.999E-05
9.999E-05 9.999E-05 0.9998
0.110265 9.9991E-05 0.889635
0.178719 0.303072 0.518208
0.9998 9.999E-05 9.999E-05
0.9998 9.999E-05 9.999E-05
0.9998 9.999E-05 9.999E-05
0.9998 9.999E-05 9.999E-05
0.125839 0.147492 0.726669
0.944973 0.0117681 0.0432589
0.0960048 9.9991E-05 0.903895
0.00973214 9.9991E-05 0.990168
0.0119322 0.0165411 0.971527
0.0187312 0.00378704 0.977482
0.00374133 0.0041716 0.992087
0.534828 0.217496 0.247675
0.543163 0.228724 0.228113
0.558434 0.191806 0.24976
0.711469 0.150191 0.13834
0.659538 0.187009 0.153453
0.279922 0.244548 0.47553
0.616243 0.190744 0.193012
0.363722 0.042594 0.593684
0.687266 0.181484 0.13125
0.724051 0.164595 0.111354
0.691001 0.205235 0.103764
0.774792 0.079693 0.145515
0.707533 0.192809 0.0996584
0.66692 0.192177 0.140902
9.999E-05 9.999E-05 0.9998
0.0509196 0.057377 0.891703
0.0520099 0.0200151 0.927975
9.999E-05 9.999E-05 0.9998
0.0978018 0.20675 0.695448
0.0570491 0.0494928 0.893458
9.999E-05 9.999E-05 0.9998
9.999E-05 9.999E-05 0.9998
0.114758 0.287386 0.597857
0.0649244 0.0770426 0.858033
0.0860351 0.134303 0.779661
0.141574 0.298706 0.55972
0.126721 0.27845 0.594829
0.128501 0.201279 0.67022
0.112751 0.0230933 0.864155
0.106816 0.276638 0.616546
9.999E-05 9.999E-05 0.9998
0.212677 0.272665 0.514658
0.210382 0.310456 0.479162
0.585393 0.206998 0.207608
0.126123 0.281677 0.5922
0.0940494 0.305646 0.600305
0.106707 0.266797 0.626496
0.196571 0.25882 0.544609
9.999E-05 9.999E-05 0.9998
0.0278598 9.9991E-05 0.97204
0.0212455 0.00142227 0.977332
9.999E-05 9.999E-05 0.9998
0.977368 9.9991E-05 0.0225322
0.654219 0.11281 0.232971
0.0384127 9.9991E-05 0.961487
0.0177168 0.0467252 0.935558
0.317757 0.244475 0.437769
0.320788 0.256051 0.423162
0.0566815 9.9991E-05 0.943219
0.0696465 9.9991E-05 0.930254
0.522525 0.0995581 0.377917
0.208482 0.095857 0.695661
9.999E-05 9.999E-05 0.9998
0.195651 0.257278 0.547071
0.342286 0.265117 0.392597
0.162588 0.312221 0.525191
0.192332 0.224394 0.583274
9.9991E-05 0.0564422 0.943458
0.0519303 9.9991E-05 0.94797
0.0239858 9.9991E-05 0.975914
0.0219552 0.0221288 0.955916
9.9991E-05 0.0112266 0.988673
9.999E-05 9.999E-05 0.9998
0.148706 0.213035 0.638259
0.273217 0.235236 0.491547
9.999E-05 9.999E-05 0.9998
0.236945 0.233154 0.529901
0.199564 0.258626 0.54181
0.842148 0.0825014 0.0753504
0.830405 0.0823454 0.0872501
0.838681 0.0636966 0.0976224
0.839838 0.108255 0.0519075
0.829221 0.0842557 0.0865237
0.867343 0.0728438 0.059813
0.849193 0.0843267 0.0664804
0.223247 0.270538 0.506215
0.155552 0.309167 0.535281
0.545951 0.170885 0.283164
0.555185 0.168113 0.276702
0.0533468 9.9991E-05 0.946553
0.0823823 0.0655139 0.852104
0.000208403 9.9991E-05 0.999692
0.9998 9.999E-05 9.999E-05
0.9998 9.999E-05 9.999E-05
0.9998 9.999E-05 9.999E-05
0.9998 9.999E-05 9.999E-05
0.569114 0.0411207 0.389766
0.698543 0.0531466 0.24831
0.797294 0.0894872 0.113219
0.9998 9.999E-05 9.999E-05
0.9998 9.999E-05 9.999E-05
0.9998 9.999E-05 9.999E-05
0.9998 9.999E-05 9.999E-05
0.212232 0.176033 0.611735
9.999E-05 9.999E-05 0.9998
0.240497 0.261115 0.498388
0.0460125 0.062479 0.891508
0.100243 0.22681 0.672947
0.948741 9.9991E-05 0.0511591
0.773503 0.0969438 0.129553
0.890771 0.0298213 0.0794081
0.20296 0.258037 0.539003
0.256895 0.305049 0.438056
0.0316999 0.0380117 0.930288
0.108611 0.223073 0.668316
0.654511 0.180242 0.165248
0.673265 0.147182 0.179552
0.665231 0.177098 0.157671
0.693837 0.173057 0.133106
0.69593 0.168799 0.135271
0.672702 0.1737 0.153597
0.222933 0.28955 0.487517
0.76379 0.129811 0.106399
0.974492 9.9991E-05 0.0254083
0.9998 9.999E-05 9.999E-05
0.9998 9.999E-05 9.999E-05
0.9998 9.999E-05 9.999E-05
0.699921 0.194811 0.105268
0.669056 0.187225 0.143719
0.798789 0.0969801 0.104231
0.764433 0.131332 0.104235
0.731251 0.134808 0.133941
0.792452 0.0863424 0.121206
0.49792 0.0412798 0.4608
0.00553642 0.0161136 0.97835
0.0473289 9.9991E-05 0.952571
9.9991E-05 0.00314248 0.996758
0.00270321 9.9991E-05 0.997197
0.639769 0.185022 0.175209
0.653644 0.208912 0.137444
0.750037 0.116819 0.133144
0.742561 0.129548 0.127891
0.671551 0.215028 0.113421
0.69372 0.201395 0.104884
0.748622 0.168965 0.0824127
0.751944 0.10375 0.144306
0.104261 0.167431 0.728308
0.092204 0.182273 0.725523
0.0607838 0.194443 0.744773
0.0959366 0.183504 0.720559
0.770064 0.0752586 0.154678
0.866644 0.0581992 0.0751566
0.873972 0.0454419 0.0805858
0.881635 0.0348267 0.0835387
0.48625 0.2279 0.28585
0.715202 0.157628 0.127169
0.660387 0.181081 0.158533
0.817777 0.0892411 0.0929823
0.757413 0.10723 0.135356
0.14384 0.114434 0.741725
0.271004 0.253662 0.475334
9.999E-05 9.999E-05 0.9998
0.00195491 0.00465814 0.993387
9.9991E-05 0.0329082 0.966992
0.00641561 0.030036 0.963548
0.128225 0.130881 0.740895
9.999E-05 9.999E-05 0.9998
0.0256287 9.9991E-05 0.974271
0.0341868 0.010501 0.955312
9.999E-05 9.999E-05 0.9998
0.49259 0.193058 0.314352
0.318387 0.0915111 0.590102
0.547273 0.0893207 0.363406
0.626446 0.167497 0.206056
0.111161 0.0851126 0.803726
0.0092639 0.00661509 0.984121
0.84552 0.0930687 0.0614117
0.0522758 0.0868042 0.86092
9.999E-05 9.999E-05 0.9998
9.9991E-05 0.02582 0.97408
9.999E-05 9.999E-05 0.9998
0.134929 0.570755 0.294317
0.0467781 9.9991E-05 0.953122
9.999E-05 9.999E-05 0.9998
0.0272227 0.0584582 0.914319
0.131202 0.591029 0.277769
9.999E-05 0.9998 9.999E-05
0.978726 9.9991E-05 0.0211741
0.104312 0.0506012 0.845087
0.346351 0.245574 0.408075
0.227198 0.307791 0.465011
0.198965 0.257388 0.543647
9.9991E-05 0.0118289 0.988071
0.984283 9.9991E-05 0.0156175
0.537423 0.190966 0.271611
0.083298 0.196766 0.719936
9.999E-05 9.999E-05 0.9998
0.107196 0.227753 0.66505
0.328441 0.245785 0.425774
0.337994 0.258736 0.40327
0.700546 0.047457 0.251997
0.868199 9.9991E-05 0.131701
0.518353 0.170682 0.310964
0.277506 0.255774 0.46672
9.999E-05 9.999E-05 0.9998
9.999E-05 9.999E-05 0.9998
0.146276 0.220595 0.63313
0.643841 0.112053 0.244106
0.224582 0.275009 0.500409
0.00308071 0.00189226 0.995027
0.540262 0.147407 0.31233
0.270043 0.112019 0.617938
0.627844 0.237936 0.134219
0.184373 0.15002 0.665607
0.0881704 0.154826 0.757003
0.16393 0.274861 0.561209
9.999E-05 9.999E-05 0.9998
0.0296793 9.9991E-05 0.970221
9.999E-05 9.999E-05 0.9998
9.999E-05 9.999E-05 0.9998
0.139997 0.117712 0.742291
0.0268744 0.0313288 0.941797
0.0503482 9.9991E-05 0.949552
0.30918 0.228971 0.461849
0.994686 9.9991E-05 0.00521386
0.9998 9.999E-05 9.999E-05
9.999E-05 9.999E-05 0.9998
0.99298 9.9991E-05 0.00692032
0.00450617 0.968679 0.0268144
9.999E-05 0.9998 9.999E-05
0.199556 0.485204 0.31524
0.0947137 9.9991E-05 0.905186
9.999E-05 0.9998 9.999E-05
9.999E-05 0.9998 9.999E-05
9.999E-05 0.9998 9.999E-05
9.999E-05 0.9998 9.999E-05
9.999E-05 0.9998 9.999E-05
9.999E-05 9.999E-05 0.9998
0.218074 0.27433 0.507596
0.0666016 0.208362 0.725036
0.0699643 0.222581 0.707454
9.999E-05 9.999E-05 0.9998
9.9991E-05 0.0300684 0.969832
0.223191 0.271525 0.505284
0.112686 0.257325 0.629989
0.131588 0.137306 0.731106
0.139309 0.309628 0.551064
9.9991E-05 0.989924 0.00997619
0.177152 0.041244 0.781604
0.0628902 9.9991E-05 0.93701
0.0353549 0.00478174 0.959863
0.102619 0.0558317 0.841549
9.999E-05 9.999E-05 0.9998
0.0276929 0.0530388 0.919268
0.9998 9.999E-05 9.999E-05
0.332773 0.0759841 0.591243
0.107126 0.149309 0.743565
