0.458604 0.349218 0.192178
0.24185 0.676041 0.0821087
0.281129 0.628961 0.0899098
0.451503 0.348149 0.200349
9.9991E-05 0.994401 0.0054989
0.28137 0.64037 0.0782596
0.324414 0.0409824 0.634603
9.999E-05 9.999E-05 0.9998
9.999E-05 9.999E-05 0.9998
9.999E-05 9.999E-05 0.9998
0.929057 0.0685227 0.00242009
0.981138 9.9991E-05 0.0187616
0.980642 9.9991E-05 0.0192576
0.9998 9.999E-05 9.999E-05
0.90559 0.0558237 0.0385866
9.999E-05 9.999E-05 0.9998
0.696646 0.0720921 0.231262
0.9998 9.999E-05 9.999E-05
0.916794 0.0311922 0.0520141
0.9998 9.999E-05 9.999E-05
0.942774 9.9991E-05 0.0571261
0.99223 9.9991E-05 0.00767014
0.9998 9.999E-05 9.999E-05
0.978281 9.9991E-05 0.0216193
0.9998 9.999E-05 9.999E-05
0.9998 9.999E-05 9.999E-05
0.9998 9.999E-05 9.999E-05
0.942032 0.0498578 0.00811057
0.984057 9.9991E-05 0.0158426
0.997131 0.00276926 9.9991E-05
0.9998 9.999E-05 9.999E-05
0.991406 9.9991E-05 0.00849426
0.9998 9.999E-05 9.999E-05
0.985757 9.9991E-05 0.014143
0.9998 9.999E-05 9.999E-05
0.9998 9.999E-05 9.999E-05
0.9998 9.999E-05 9.999E-05
0.9998 9.999E-05 9.999E-05
0.324167 0.455744 0.220089
9.999E-05 0.9998 9.999E-05
0.879062 0.118056 0.00288149
0.9998 9.999E-05 9.999E-05
0.9998 9.999E-05 9.999E-05
0.336458 0.56922 0.0943222
0.915567 0.0183028 0.0661303
0.958951 9.9991E-05 0.0409487
0.963181 0.0307493 0.00606959
0.233112 0.712856 0.0540319
0.14063 0.727693 0.131677
0.564665 0.147811 0.287524
0.659038 0.0979826 0.242979
0.648372 0.134245 0.217383
0.584525 0.118261 0.297215
0.0134564 9.9991E-05 0.986444
9.999E-05 9.999E-05 0.9998
0.891924 9.9991E-05 0.107976
0.9998 9.999E-05 9.999E-05
0.505079 0.35145 0.143472
9.999E-05 0.9998 9.999E-05
0.09418 0.853382 0.0524381
0.706518 0.110125 0.183357
0.650237 0.121815 0.227948
0.630898 0.156786 0.212316
9.999E-05 9.999E-05 0.9998
9.999E-05 0.9998 9.999E-05
0.756949 0.0787885 0.164263
0.395512 0.335089 0.269399
0.9998 9.999E-05 9.999E-05
0.9998 9.999E-05 9.999E-05
0.0581902 0.067432 0.874378
0.0919233 0.0399019 0.868175
0.0597371 0.00758675 0.932676
9.999E-05 9.999E-05 0.9998
9.999E-05 9.999E-05 0.9998
9.999E-05 9.999E-05 0.9998
9.999E-05 9.999E-05 0.9998
9.999E-05 9.999E-05 0.9998
9.999E-05 9.999E-05 0.9998
9.999E-05 9.999E-05 0.9998
0.0204497 9.9991E-05 0.97945
0.0229183 9.9991E-05 0.976982
9.9991E-05 0.00225624 0.997644
0.44093 9.9991E-05 0.55897
0.414616 9.9991E-05 0.585284
9.999E-05 9.999E-05 0.9998
0.00199242 9.9991E-05 0.997908
9.999E-05 9.999E-05 0.9998
0.00335157 0.017537 0.979111
9.999E-05 9.999E-05 0.9998
0.442017 9.9991E-05 0.557883
0.0996721 0.00685436 0.893474
0.000697754 0.00711841 0.992184
9.999E-05 9.999E-05 0.9998
9.9991E-05 0.00978109 0.990119
0.0346794 9.9991E-05 0.965221
0.00571732 9.9991E-05 0.994183
0.789954 0.209946 9.9991E-05
0.0171769 9.9991E-05 0.982723
9.999E-05 9.999E-05 0.9998
0.113426 0.104379 0.782194
9.999E-05 9.999E-05 0.9998
9.999E-05 9.999E-05 0.9998
9.999E-05 9.999E-05 0.9998
0.00189893 9.9991E-05 0.998001
0.979151 0.009963 0.0108858
9.999E-05 9.999E-05 0.9998
9.999E-05 9.999E-05 0.9998
9.999E-05 9.999E-05 0.9998
0.986646 0.0116861 0.00166768
9.9991E-05 0.0282848 0.971615
9.999E-05 9.999E-05 0.9998
9.999E-05 9.999E-05 0.9998
9.999E-05 9.999E-05 0.9998
0.964578 9.9991E-05 0.0353216
9.999E-05 9.999E-05 0.9998
0.00500707 0.0373505 0.957642
0.480896 9.9991E-05 0.519004
9.999E-05 9.999E-05 0.9998
0.973983 9.9991E-05 0.0259173
0.99908 0.000820433 9.9991E-05
0.945932 0.0304957 0.0235727
0.955563 0.0172139 0.0272229
0.651663 0.125531 0.222805
0.961896 9.9991E-05 0.0380035
0.868261 0.0895426 0.0421961
0.970796 0.01205 0.0171535
0.957161 0.042739 9.9991E-05
0.96178 0.0219206 0.0162996
0.926606 0.0732943 9.9991E-05
0.946171 0.0537293 9.9991E-05
0.967853 0.0320473 9.9991E-05
0.927672 0.0208055 0.0515229
0.94306 0.018182 0.0387577
0.911538 0.0432086 0.0452536
0.0544158 0.835568 0.110016
0.0575182 0.813616 0.128865
0.0385181 0.937145 0.0243369
0.714185 0.0865993 0.199215
0.0792497 0.809681 0.11107
0.120366 0.76959 0.110044
0.760916 0.087858 0.151226
0.0848043 0.860886 0.0543096
0.1098 0.808703 0.081497
0.0541238 0.857623 0.0882536
0.184004 0.648377 0.167619
0.136691 0.718492 0.144817
0.119916 0.83906 0.0410239
0.616359 0.162544 0.221097
0.00334662 0.991651 0.00500267
0.998767 0.00113278 9.9991E-05
0.98047 0.0138714 0.00565894
0.0117656 0.988134 9.9991E-05
0.51819 0.278578 0.203232
0.689465 0.142839 0.167697
0.866124 0.133776 9.9991E-05
0.950288 0.0397215 0.00999041
0.675756 0.266114 0.0581299
0.684159 0.152396 0.163445
0.178736 0.715203 0.106061
0.644777 0.138839 0.216385
0.529947 0.247295 0.222758
0.9998 9.999E-05 9.999E-05
0.0195939 0.961418 0.0189881
0.500554 0.490629 0.00881716
0.0207796 0.97912 9.9991E-05
0.685245 0.190188 0.124566
9.999E-05 0.9998 9.999E-05
0.736744 0.125796 0.13746
0.101533 0.898367 9.9991E-05
0.0864657 0.898319 0.015215
0.928129 0.0717708 9.9991E-05
0.644664 0.317604 0.0377316
0.826713 0.117767 0.0555206
0.180487 0.652389 0.167125
0.177219 0.673825 0.148956
0.164868 0.651072 0.18406
0.194473 0.615161 0.190366
0.990456 0.00944399 9.9991E-05
0.964014 0.0358861 9.9991E-05
0.972568 0.00220753 0.0252242
0.0969053 0.786941 0.116154
0.520751 0.281414 0.197834
0.575321 0.171762 0.252917
0.912434 0.043183 0.0443833
0.826424 0.0648469 0.108729
0.844906 0.0902364 0.0648578
0.638944 0.14952 0.211536
0.512607 0.244608 0.242785
0.9998 9.999E-05 9.999E-05
0.935807 0.000323991 0.0638686
9.999E-05 0.9998 9.999E-05
0.00744007 0.99246 9.9991E-05
0.029904 0.969996 9.9991E-05
0.11415 0.792507 0.0933435
0.266301 0.571288 0.162412
0.2491 0.559665 0.191235
0.972475 0.0274255 9.9991E-05
0.890099 0.0712096 0.0386918
0.9998 9.999E-05 9.999E-05
0.694268 0.10734 0.198392
9.999E-05 0.9998 9.999E-05
9.999E-05 0.9998 9.999E-05
9.999E-05 0.9998 9.999E-05
9.999E-05 0.9998 9.999E-05
0.0039765 0.995924 9.9991E-05
0.872091 0.119962 0.00794687
0.191885 0.660332 0.147783
0.738081 0.079868 0.182051
0.877808 0.108299 0.0138928
0.922163 0.0777373 9.9991E-05
0.992623 9.9991E-05 0.00727663
0.95089 0.0174205 0.0316899
0.936546 9.9991E-05 0.0633545
9.999E-05 0.9998 9.999E-05
9.999E-05 0.9998 9.999E-05
0.264227 0.647459 0.0883144
9.999E-05 0.9998 9.999E-05
9.999E-05 0.9998 9.999E-05
0.536775 0.459898 0.00332687
0.0128233 0.987077 9.9991E-05
0.030201 0.969699 9.9991E-05
0.321807 0.488626 0.189567
0.722303 0.0873532 0.190343
0.0772488 0.922651 9.9991E-05
0.353141 0.171332 0.475527
0.146827 0.853073 9.9991E-05
9.999E-05 0.9998 9.999E-05
0.947391 0.0490858 0.00352277
0.693535 0.306365 9.9991E-05
0.728763 0.0664342 0.204803
0.515596 0.196622 0.287783
0.9998 9.999E-05 9.999E-05
0.660069 0.101888 0.238044
0.720236 0.125116 0.154648
0.742429 0.133349 0.124222
0.584952 0.136464 0.278584
0.648232 0.182038 0.169729
0.741987 0.067801 0.190212
0.319795 0.485613 0.194592
0.9998 9.999E-05 9.999E-05
0.90539 0.0945104 9.9991E-05
9.999E-05 9.999E-05 0.9998
0.881258 0.118642 9.9991E-05
0.993237 9.9991E-05 0.00666267
0.889796 0.0584847 0.0517192
0.98031 9.9991E-05 0.0195896
0.91782 0.0246341 0.0575457
0.973398 0.0265021 9.9991E-05
0.557124 0.129158 0.313719
0.698362 0.128994 0.172645
0.761619 0.0826857 0.155695
0.987676 0.00967611 0.00264811
9.999E-05 0.9998 9.999E-05
0.9998 9.999E-05 9.999E-05
0.518673 0.202235 0.279092
0.9998 9.999E-05 9.999E-05
9.999E-05 0.9998 9.999E-05
0.721991 0.0801264 0.197883
9.999E-05 9.999E-05 0.9998
0.111524 0.107592 0.780884
0.996317 9.9991E-05 0.00358257
0.946668 9.9991E-05 0.053232
0.710054 0.0835976 0.206349
0.72133 0.0918414 0.186829
0.782452 0.202599 0.0149487
0.972712 9.9991E-05 0.0271878
9.999E-05 0.9998 9.999E-05
0.256245 0.574625 0.16913
0.0276545 0.936459 0.0358863
0.192195 0.625024 0.182781
0.203027 0.596854 0.200119
0.131901 0.778112 0.0899871
0.26479 0.559287 0.175923
0.172068 0.664477 0.163455
0.154615 0.774089 0.0712964
0.452952 0.323305 0.223743
0.123785 0.810989 0.0652258
0.462138 0.308987 0.228875
0.625433 0.113085 0.261481
0.429794 0.336193 0.234013
0.205789 0.656907 0.137304
0.265113 0.592025 0.142862
0.271608 0.556622 0.17177
0.108323 0.774192 0.117485
0.9998 9.999E-05 9.999E-05
9.999E-05 0.9998 9.999E-05
0.224737 0.588065 0.187198
0.0747624 0.822558 0.102679
0.141848 0.697464 0.160688
0.146685 0.700552 0.152763
0.891501 0.108399 9.9991E-05
0.88916 0.0512934 0.0595466
9.9991E-05 0.999289 0.000611355
0.9998 9.999E-05 9.999E-05
0.879964 0.119936 9.9991E-05
0.500458 0.191801 0.307741
9.999E-05 0.9998 9.999E-05
9.999E-05 0.9998 9.999E-05
9.9991E-05 0.996881 0.00301904
9.999E-05 0.9998 9.999E-05
0.704811 0.131232 0.163957
0.0704783 0.923881 0.00564053
0.888807 0.111093 9.9991E-05
0.9998 9.999E-05 9.999E-05
0.967283 0.0164895 0.0162275
0.984215 0.0156855 9.9991E-05
0.9998 9.999E-05 9.999E-05
0.259329 0.545018 0.195653
0.227009 0.52572 0.247271
0.241391 0.582927 0.175682
0.145837 0.707908 0.146256
0.144789 0.660013 0.195199
0.476931 0.281262 0.241807
0.172708 0.61384 0.213452
0.597624 0.342725 0.0596506
0.120202 0.692764 0.187035
0.108427 0.722104 0.169469
0.0877667 0.708374 0.20386
0.144798 0.76761 0.087592
0.0935902 0.695423 0.210987
0.147305 0.673914 0.178781
0.9998 9.999E-05 9.999E-05
0.875483 0.0438967 0.08062
0.934214 0.0382349 0.0275515
0.9998 9.999E-05 9.999E-05
0.664058 0.127437 0.208505
0.908226 0.037483 0.0542905
0.9998 9.999E-05 9.999E-05
0.9998 9.999E-05 9.999E-05
0.596836 0.117539 0.285626
0.837446 0.079645 0.0829094
0.772925 0.0995252 0.12755
0.547213 0.161231 0.291556
0.581084 0.142057 0.276859
0.6478 0.137196 0.215005
0.862679 0.111059 0.0262624
0.597796 0.129233 0.272971
0.9998 9.999E-05 9.999E-05
0.50556 0.211117 0.283324
0.47078 0.220942 0.308279
0.218097 0.595994 0.185908
0.599283 0.105189 0.295528
0.588342 0.130373 0.281285
0.626466 0.102045 0.271489
0.550591 0.189781 0.259627
0.9998 9.999E-05 9.999E-05
0.960067 0.0398334 9.9991E-05
0.962763 0.0097044 0.0275327
0.991007 9.9991E-05 0.00889318
0.0035 0.9964 9.9991E-05
0.259387 0.646995 0.0936176
0.958397 0.0182028 0.0233998
0.912064 0.0272296 0.0607067
0.441044 0.312971 0.245985
0.425769 0.331754 0.242477
0.92946 0.0704405 9.9991E-05
0.914119 0.0857814 9.9991E-05
0.399823 0.526775 0.0734019
0.699036 0.19205 0.108913
0.995575 0.00432543 9.9991E-05
0.54233 0.201757 0.255913
0.440109 0.3121 0.247791
0.503639 0.199841 0.29652
0.572442 0.19858 0.228977
0.931774 0.00546542 0.062761
0.962057 0.0378432 9.9991E-05
0.999022 9.9991E-05 0.00087837
0.97071 0.0229484 0.00634111
0.993918 9.9991E-05 0.00598152
0.9998 9.999E-05 9.999E-05
0.664255 0.12605 0.209696
0.504901 0.255277 0.239822
0.9998 9.999E-05 9.999E-05
0.522217 0.225595 0.252188
0.552903 0.195596 0.251501
0.0380054 0.865502 0.0964922
0.0818013 0.832861 0.0853378
0.090222 0.835973 0.0738046
0.0743583 0.83452 0.0911214
0.0713775 0.841856 0.0867665
0.0449175 0.846311 0.108772
0.0492771 0.849452 0.101271
0.494368 0.218067 0.287565
0.541585 0.159416 0.298999
0.286796 0.524275 0.188929
0.287301 0.517237 0.195461
0.932706 0.0671944 9.9991E-05
0.841568 0.0907813 0.0676507
0.9998 9.999E-05 9.999E-05
9.999E-05 0.9998 9.999E-05
9.999E-05 0.9998 9.999E-05
9.999E-05 0.9998 9.999E-05
9.999E-05 0.9998 9.999E-05
0.399342 0.562644 0.0380139
0.238877 0.708116 0.053007
0.115123 0.799731 0.0851451
9.999E-05 0.9998 9.999E-05
9.999E-05 0.9998 9.999E-05
9.999E-05 0.9998 9.999E-05
0.00367063 0.996229 9.9991E-05
0.60895 0.208665 0.182385
0.9998 9.999E-05 9.999E-05
0.483806 0.232571 0.283623
0.890548 0.0608285 0.0486231
0.662164 0.115752 0.222084
0.00474211 0.995158 9.9991E-05
0.102914 0.804616 0.0924701
0.0506488 0.909072 0.0402789
0.542394 0.215733 0.241873
0.430712 0.28309 0.286198
0.940835 0.0205607 0.0386042
0.68407 0.0982433 0.217687
0.161889 0.651833 0.186279
0.139281 0.681383 0.179336
0.149465 0.653386 0.197149
0.0969783 0.695518 0.207504
0.10372 0.670354 0.225926
0.129105 0.671889 0.199006
0.493655 0.198487 0.307857
0.0810555 0.762218 0.156726
0.0193857 0.980514 9.9991E-05
9.999E-05 0.9998 9.999E-05
9.999E-05 0.9998 9.999E-05
9.999E-05 0.9998 9.999E-05
0.105838 0.715733 0.178428
0.130197 0.679609 0.190194
0.104195 0.778276 0.117529
0.111541 0.750592 0.137867
0.125468 0.726341 0.148191
0.145829 0.766924 0.0872464
0.457106 0.515354 0.02754
0.986869 0.013031 9.9991E-05
0.97975 0.0201501 9.9991E-05
0.971796 9.9991E-05 0.0281037
0.985357 0.0145429 9.9991E-05
0.175909 0.633465 0.190626
0.152405 0.6448 0.202795
0.135277 0.760516 0.104208
0.140347 0.743228 0.116425
0.133245 0.667587 0.199169
0.0984088 0.670562 0.231029
0.104763 0.725491 0.169746
0.134833 0.765206 0.0999607
0.753341 0.0799851 0.166674
0.728105 0.0777024 0.194192
0.723429 0.0579453 0.218626
0.705179 0.0983243 0.196497
0.151388 0.780444 0.0681682
0.0776965 0.854423 0.0678804
0.0661404 0.915596 0.0182639
0.0950188 0.888454 0.0165272
0.278124 0.506152 0.215724
0.132298 0.723318 0.144384
0.184616 0.626611 0.188773
0.0959637 0.791454 0.112582
0.1154 0.768198 0.116403
0.759324 0.117645 0.123031
0.482217 0.267308 0.250475
0.996422 9.9991E-05 0.00347844
0.979745 0.0201553 9.9991E-05
0.988985 9.9991E-05 0.0109146
0.977756 0.0221441 9.9991E-05
0.726338 0.116115 0.157547
0.9998 9.999E-05 9.999E-05
0.990192 0.00970761 9.9991E-05
0.963694 0.0337893 0.00251676
0.997816 0.00208424 9.9991E-05
0.332457 0.469537 0.198005
0.564249 0.341698 0.0940535
0.376031 0.531511 0.0924576
0.198609 0.626816 0.174575
0.783198 0.128206 0.0885958
0.989642 0.0101198 0.00023833
0.0770083 0.834096 0.0888961
0.861777 0.0343157 0.103908
0.9998 9.999E-05 9.999E-05
0.9875 9.9991E-05 0.0123998
0.9998 9.999E-05 9.999E-05
0.296385 0.135145 0.56847
0.950128 0.0462535 0.00361876
0.9998 9.999E-05 9.999E-05
0.901596 0.0400423 0.0583622
0.270559 0.130849 0.598592
9.999E-05 9.999E-05 0.9998
0.0220978 0.977802 9.9991E-05
0.835267 0.118955 0.0457785
0.441587 0.34677 0.211643
0.507416 0.220544 0.272039
0.5444 0.197926 0.257674
0.974674 9.9991E-05 0.0252263
0.0241537 0.975746 9.9991E-05
0.285312 0.528894 0.185793
0.719676 0.0884042 0.19192
0.9998 9.999E-05 9.999E-05
0.675233 0.115487 0.20928
0.413126 0.347555 0.239319
0.400129 0.356641 0.24323
0.224608 0.706668 0.068724
0.125741 0.866216 0.00804371
0.331701 0.523429 0.14487
0.446208 0.295895 0.257897
0.9998 9.999E-05 9.999E-05
0.9998 9.999E-05 9.999E-05
0.617216 0.135647 0.247137
0.25145 0.652314 0.0962364
0.504961 0.227475 0.267564
0.989878 0.010022 9.9991E-05
0.280098 0.546748 0.173154
0.642357 0.259204 0.0984396
0.131353 0.645365 0.223282
0.671851 0.164409 0.16374
0.730435 0.100244 0.169321
0.559528 0.16507 0.275403
0.9998 9.999E-05 9.999E-05
0.943374 0.056526 9.9991E-05
0.9998 9.999E-05 9.999E-05
0.9998 9.999E-05 9.999E-05
0.717339 0.147668 0.134993
0.937027 0.0323481 0.0306252
0.967292 0.0326076 9.9991E-05
0.434963 0.338588 0.226449
9.999E-05 0.9998 9.999E-05
9.999E-05 0.9998 9.999E-05
0.998807 9.9991E-05 0.001093
9.999E-05 0.9998 9.999E-05
0.00989132 0.0025744 0.987534
9.999E-05 9.999E-05 0.9998
0.29067 0.201273 0.508056
0.908791 0.091109 9.9991E-05
9.999E-05 9.999E-05 0.9998
9.999E-05 9.999E-05 0.9998
9.999E-05 9.999E-05 0.9998
9.999E-05 9.999E-05 0.9998
9.999E-05 9.999E-05 0.9998
0.9998 9.999E-05 9.999E-05
0.501538 0.245326 0.253136
0.678532 0.115286 0.206183
0.709206 0.0789161 0.211878
0.989683 9.9991E-05 0.0102171
0.959162 9.9991E-05 0.0407383
0.483562 0.23209 0.284348
0.631756 0.10763 0.260615
0.747279 0.118882 0.133839
0.543586 0.129496 0.326919
9.999E-05 9.999E-05 0.9998
0.797852 0.170247 0.0319014
0.944591 0.0511159 0.00429339
0.939627 0.0312905 0.0290821
0.850292 0.0820776 0.0676306
0.9998 9.999E-05 9.999E-05
0.908878 0.00612708 0.0849952
9.999E-05 0.9998 9.999E-05
0.576313 0.356977 0.0667098
0.772612 0.0794399 0.147948
