9.99279e-05	9.99279e-05	9.99279e-05	9.99279e-05	0.0357244	0.784731	0.178745	9.99279e-05	9.99279e-05	9.99279e-05	9.99279e-05
9.99279e-05	0.20271	9.99279e-05	9.99279e-05	9.99279e-05	0.771781	9.99279e-05	9.99279e-05	9.99279e-05	9.99279e-05	0.0247097
9.9964e-05	0.213944	0.02688	0.00468305	9.9964e-05	0.564105	9.9964e-05	0.0789336	9.9964e-05	0.0135331	0.097521
9.99369e-05	9.99369e-05	0.00140646	9.99369e-05	0.0355423	0.818078	0.144274	9.99369e-05	9.99369e-05	9.99369e-05	9.99369e-05
9.9964e-05	0.819657	0.0291199	0.01965	0.00472727	9.9964e-05	0.00631989	9.9964e-05	0.031669	0.0884575	9.9964e-05
9.9928e-05	0.130182	9.9928e-05	9.9928e-05	9.9928e-05	0.769898	9.9928e-05	9.9928e-05	9.9928e-05	9.9928e-05	0.0991202
9.99371e-05	9.99371e-05	9.99371e-05	9.99371e-05	0.438545	9.99371e-05	0.0244719	9.99371e-05	0.521531	0.0147525	9.99371e-05
9.99191e-05	9.99191e-05	9.99191e-05	9.99191e-05	9.99191e-05	0.017596	9.99191e-05	9.99191e-05	0.981505	9.99191e-05	9.99191e-05
0.000434451	9.9928e-05	9.9928e-05	9.9928e-05	9.9928e-05	9.9928e-05	9.9928e-05	9.9928e-05	0.973538	9.9928e-05	0.0252277
9.9937e-05	9.9937e-05	0.0126019	0.00607006	9.9937e-05	9.9937e-05	0.0182319	9.9937e-05	0.962397	9.9937e-05	9.9937e-05
9.9964e-05	0.0185291	0.00593828	9.9964e-05	0.130003	0.0220572	0.00773724	0.77314	9.9964e-05	0.0421947	9.9964e-05
9.9937e-05	9.9937e-05	9.9937e-05	9.9937e-05	0.0453438	9.9937e-05	0.0477589	0.890816	0.0153817	9.9937e-05	9.9937e-05
9.99461e-05	9.99461e-05	9.99461e-05	9.99461e-05	0.074795	0.00339645	0.0362675	0.86461	0.020331	9.99461e-05	9.99461e-05
9.99281e-05	9.99281e-05	9.99281e-05	9.99281e-05	0.0885078	9.99281e-05	9.99281e-05	0.904313	9.99281e-05	0.00638005	9.99281e-05
0.821637	9.9955e-05	0.0174176	0.0276528	9.9955e-05	0.0290704	0.0878024	9.9955e-05	0.0159202	9.9955e-05	9.9955e-05
0.000557261	9.99281e-05	0.0103565	9.99281e-05	9.99281e-05	9.99281e-05	9.99281e-05	9.99281e-05	0.988287	9.99281e-05	9.99281e-05
9.9946e-05	9.9946e-05	9.9946e-05	0.00106166	0.913194	9.9946e-05	0.0592581	0.00137112	0.0245159	9.9946e-05	9.9946e-05
0.857938	9.99461e-05	9.99461e-05	9.99461e-05	9.99461e-05	0.00966675	0.0387513	0.081736	0.0113086	9.99461e-05	9.99461e-05
0.526245	9.9973e-05	0.0219742	0.00453202	0.000526585	0.0134663	0.148244	0.217127	9.9973e-05	0.0675845	9.9973e-05
0.338453	9.9946e-05	9.9946e-05	0.022275	0.0170548	9.9946e-05	9.9946e-05	0.6194	0.00221783	9.9946e-05	9.9946e-05
0.802699	9.9955e-05	0.0511985	9.9955e-05	9.9955e-05	9.9955e-05	0.061426	0.0450327	0.0237525	0.015391	9.9955e-05
0.0734333	0.00310383	9.9955e-05	9.9955e-05	9.9955e-05	9.9955e-05	0.00709736	0.899616	0.0117866	9.9955e-05	0.00446283
0.879394	9.9946e-05	9.9946e-05	9.9946e-05	0.0171305	0.0402111	9.9946e-05	0.0625351	0.000129203	9.9946e-05	9.9946e-05
0.0844969	9.9955e-05	9.9955e-05	9.9955e-05	0.0166454	9.9955e-05	0.0693921	0.77761	0.0204687	9.9955e-05	0.0308873
0.0299042	9.9937e-05	9.9937e-05	9.9937e-05	9.9937e-05	0.0236212	0.0170259	0.928749	9.9937e-05	9.9937e-05	9.9937e-05
0.903867	9.99461e-05	0.0385424	9.99461e-05	0.0367004	0.00669223	9.99461e-05	0.013598	9.99461e-05	9.99461e-05	9.99461e-05
0.856719	9.99371e-05	9.99371e-05	9.99371e-05	9.99371e-05	9.99371e-05	0.0144864	0.11401	0.0140853	9.99371e-05	9.99371e-05
0.591868	9.9964e-05	0.0306543	0.0294654	9.9964e-05	0.0303907	9.9964e-05	0.276745	0.00102375	9.9964e-05	0.0394528
0.919788	9.9937e-05	9.9937e-05	0.0339953	9.9937e-05	9.9937e-05	9.9937e-05	0.0324428	0.0130746	9.9937e-05	9.9937e-05
0.934775	0.00934603	9.9964e-05	0.00799843	9.9964e-05	0.00872607	0.0161434	0.0164358	9.9964e-05	9.9964e-05	0.00617544
0.0139274	9.9946e-05	9.9946e-05	0.0111989	9.9946e-05	9.9946e-05	0.0209272	0.922777	9.9946e-05	0.03057	9.9946e-05
0.0108363	9.99281e-05	9.99281e-05	9.99281e-05	0.196126	9.99281e-05	9.99281e-05	0.792238	9.99281e-05	9.99281e-05	9.99281e-05
0.878646	9.99281e-05	9.99281e-05	9.99281e-05	9.99281e-05	0.0374037	9.99281e-05	0.0831511	9.99281e-05	9.99281e-05	9.99281e-05
0.139805	9.9955e-05	0.0210208	9.9955e-05	9.9955e-05	9.9955e-05	0.0162023	0.774476	0.0238915	0.0241043	9.9955e-05
0.917322	0.0137885	9.9946e-05	9.9946e-05	9.9946e-05	0.0125633	9.9946e-05	0.0456678	0.0100588	9.9946e-05	9.9946e-05
9.9946e-05	0.0039315	0.0205642	9.9946e-05	9.9946e-05	9.9946e-05	0.0120717	0.951854	9.9946e-05	9.9946e-05	0.010979
0.885268	0.00836329	9.9946e-05	9.9946e-05	9.9946e-05	0.00259254	9.9946e-05	0.0925831	9.9946e-05	9.9946e-05	0.0105937
0.0295836	9.99461e-05	9.99461e-05	0.0091074	9.99461e-05	9.99461e-05	0.00871172	0.932723	9.99461e-05	0.0192751	9.99461e-05
9.9955e-05	0.088253	0.0138008	0.0219003	9.9955e-05	9.9955e-05	0.623578	9.9955e-05	9.9955e-05	0.161194	0.0907735
9.9928e-05	0.639453	9.9928e-05	9.9928e-05	9.9928e-05	0.000449697	9.9928e-05	9.9928e-05	9.9928e-05	9.9928e-05	0.359298
9.99281e-05	0.0947822	9.99281e-05	9.99281e-05	0.213783	9.99281e-05	9.99281e-05	0.690635	9.99281e-05	9.99281e-05	9.99281e-05
0.938973	9.99281e-05	9.99281e-05	9.99281e-05	0.00713145	9.99281e-05	9.99281e-05	0.053096	9.99281e-05	9.99281e-05	9.99281e-05
0.0320914	9.9946e-05	9.9946e-05	0.0149583	9.9946e-05	9.9946e-05	0.00980037	0.928298	9.9946e-05	0.014252	9.9946e-05
9.9973e-05	0.0115044	0.0101149	0.0687533	0.281655	0.0229203	0.0467261	0.000596651	9.9973e-05	9.9973e-05	0.557429
0.55531	9.9964e-05	0.0157139	0.0190961	9.9964e-05	9.9964e-05	0.142072	0.208779	0.0471172	0.0115125	9.9964e-05
0.360192	9.9964e-05	0.0127807	9.9964e-05	0.130314	0.0179008	9.9964e-05	0.419863	0.0214967	0.0370542	9.9964e-05
0.828246	0.0342545	0.0149684	0.0145742	9.9964e-05	9.9964e-05	0.0342343	0.0318204	0.0415027	9.9964e-05	9.9964e-05
9.99279e-05	0.225453	9.99279e-05	9.99279e-05	9.99279e-05	0.67021	9.99279e-05	9.99279e-05	9.99279e-05	9.99279e-05	0.103537
9.9973e-05	0.0774055	0.00691098	0.479282	0.00139969	0.0581472	0.0236716	9.9973e-05	9.9973e-05	0.12873	0.224153
9.9937e-05	9.9937e-05	0.00667783	9.9937e-05	0.217327	0.0154864	0.759809	9.9937e-05	9.9937e-05	9.9937e-05	9.9937e-05
9.9937e-05	9.9937e-05	9.9937e-05	9.9937e-05	0.0496815	0.0197374	0.778172	0.15171	9.9937e-05	9.9937e-05	9.9937e-05
9.99459e-05	9.99459e-05	0.039432	9.99459e-05	0.0511578	0.0818455	0.674465	0.1525	9.99459e-05	9.99459e-05	9.99459e-05
9.99369e-05	9.99369e-05	9.99369e-05	9.99369e-05	0.065214	0.0139327	0.86676	0.0533941	9.99369e-05	9.99369e-05	9.99369e-05
9.9946e-05	0.0249361	9.9946e-05	9.9946e-05	0.00680774	0.0120355	9.9946e-05	0.0223916	0.933229	9.9946e-05	9.9946e-05
9.9937e-05	9.9937e-05	9.9937e-05	0.00283114	9.9937e-05	0.00926961	9.9937e-05	0.0139891	0.973211	9.9937e-05	9.9937e-05
0.011588	9.99371e-05	9.99371e-05	9.99371e-05	0.484117	9.99371e-05	9.99371e-05	0.481539	0.0220567	9.99371e-05	9.99371e-05
0.0361982	9.9946e-05	0.0178387	9.9946e-05	9.9946e-05	9.9946e-05	0.0170701	0.918096	0.0101975	9.9946e-05	9.9946e-05
0.150581	9.9937e-05	0.799057	9.9937e-05	0.013939	9.9937e-05	9.9937e-05	0.0357232	9.9937e-05	9.9937e-05	9.9937e-05
9.9937e-05	0.782997	0.0507781	9.9937e-05	9.9937e-05	0.0758702	9.9937e-05	9.9937e-05	9.9937e-05	0.0896552	9.9937e-05
9.99369e-05	0.278013	9.99369e-05	0.0366493	9.99369e-05	9.99369e-05	9.99369e-05	9.99369e-05	9.99369e-05	0.637043	0.047595
9.9937e-05	9.9937e-05	9.9937e-05	9.9937e-05	0.965841	0.0219358	0.00681439	9.9937e-05	9.9937e-05	9.9937e-05	0.00470966
0.0163901	0.0313275	9.9955e-05	9.9955e-05	0.637096	9.9955e-05	0.276527	0.0179204	0.0202388	9.9955e-05	9.9955e-05
9.9982e-05	0.00322961	9.9982e-05	0.05545	0.632422	0.0481884	0.197498	0.0512836	0.00018377	0.00701987	0.00452447
9.9928e-05	9.9928e-05	0.0101325	9.9928e-05	9.9928e-05	9.9928e-05	0.0154858	9.9928e-05	0.973582	9.9928e-05	9.9928e-05
9.99369e-05	0.726262	0.0363207	9.99369e-05	9.99369e-05	9.99369e-05	9.99369e-05	9.99369e-05	9.99369e-05	0.185024	0.0516934
0.0336628	9.9919e-05	9.9919e-05	9.9919e-05	0.965438	9.9919e-05	9.9919e-05	9.9919e-05	9.9919e-05	9.9919e-05	9.9919e-05
9.9964e-05	0.0164621	0.130337	0.0265431	9.9964e-05	0.0477099	0.684268	9.9964e-05	9.9964e-05	0.0227567	0.0715239
0.0313366	9.9928e-05	9.9928e-05	9.9928e-05	0.0339893	9.9928e-05	9.9928e-05	0.933875	9.9928e-05	9.9928e-05	9.9928e-05
9.99191e-05	9.99191e-05	9.99191e-05	9.99191e-05	0.0769946	9.99191e-05	9.99191e-05	0.922106	9.99191e-05	9.99191e-05	9.99191e-05
0.0302782	0.0341037	0.0116879	0.0302425	0.0145377	0.00539949	0.0852593	9.9982e-05	0.7799	0.00839134	9.9982e-05
0.052487	0.0143719	9.9964e-05	0.0366092	0.00484689	9.9964e-05	0.0957616	0.00865764	0.786866	9.9964e-05	9.9964e-05
0.0325525	9.9964e-05	9.9964e-05	0.00636069	0.000350046	0.0218282	0.067816	0.00960946	0.861083	9.9964e-05	9.9964e-05
9.99371e-05	0.0272079	9.99371e-05	9.99371e-05	0.00802499	9.99371e-05	0.00475077	9.99371e-05	0.959317	9.99371e-05	9.99371e-05
9.9946e-05	9.9946e-05	0.00412473	9.9946e-05	0.00364908	9.9946e-05	0.00967091	0.00851958	0.973436	9.9946e-05	9.9946e-05
9.9946e-05	9.9946e-05	0.00865611	9.9946e-05	0.00386323	9.9946e-05	0.0105682	0.00544032	0.970872	9.9946e-05	9.9946e-05
0.00690646	9.99371e-05	9.99371e-05	9.99371e-05	9.99371e-05	9.99371e-05	0.00416682	9.99371e-05	0.984204	9.99371e-05	0.00402313
0.0107935	0.00837363	0.0235086	9.9937e-05	9.9937e-05	9.9937e-05	9.9937e-05	9.9937e-05	0.956625	9.9937e-05	9.9937e-05
9.9937e-05	9.9937e-05	9.9937e-05	9.9937e-05	0.011946	9.9937e-05	9.9937e-05	0.00304404	0.975429	9.9937e-05	0.00888149
9.9928e-05	9.9928e-05	0.0108087	9.9928e-05	9.9928e-05	9.9928e-05	9.9928e-05	9.9928e-05	0.97996	9.9928e-05	0.00843199
9.9964e-05	9.9964e-05	0.00868822	0.00700297	0.00409764	0.00536691	9.9964e-05	0.0238194	0.936099	0.0145264	9.9964e-05
0.015236	9.9955e-05	9.9955e-05	9.9955e-05	0.0244356	9.9955e-05	0.00907052	0.017291	0.908229	0.025238	9.9955e-05
9.9937e-05	9.9937e-05	0.0124191	9.9937e-05	9.9937e-05	9.9937e-05	9.9937e-05	0.0319108	0.94845	0.00652054	9.9937e-05
0.412598	9.99461e-05	9.99461e-05	9.99461e-05	9.99461e-05	0.00826811	9.99461e-05	0.0101006	0.551204	0.0172294	9.99461e-05
0.440117	9.99281e-05	9.99281e-05	9.99281e-05	9.99281e-05	9.99281e-05	9.99281e-05	0.0310441	0.528039	9.99281e-05	9.99281e-05
9.9919e-05	9.9919e-05	0.0134445	9.9919e-05	9.9919e-05	9.9919e-05	9.9919e-05	9.9919e-05	0.985656	9.9919e-05	9.9919e-05
9.99281e-05	9.99281e-05	0.00298662	9.99281e-05	9.99281e-05	9.99281e-05	0.0439179	9.99281e-05	0.952296	9.99281e-05	9.99281e-05
9.99281e-05	9.99281e-05	9.99281e-05	9.99281e-05	9.99281e-05	0.0511821	0.0104797	9.99281e-05	0.937539	9.99281e-05	9.99281e-05
0.010727	0.0292029	0.0146274	9.99461e-05	9.99461e-05	0.017349	9.99461e-05	9.99461e-05	0.927494	9.99461e-05	9.99461e-05
9.99194e-05	9.99194e-05	9.99194e-05	9.99194e-05	9.99194e-05	0.00677909	9.99194e-05	9.99194e-05	0.992322	9.99194e-05	9.99194e-05
0.444873	9.99281e-05	9.99281e-05	9.99281e-05	9.99281e-05	9.99281e-05	9.99281e-05	0.0207929	0.533535	9.99281e-05	9.99281e-05
0.0456236	0.0138734	9.9964e-05	0.00313294	9.9964e-05	9.9964e-05	9.9964e-05	0.0308277	0.872227	0.00834523	0.0255704
9.99371e-05	9.99371e-05	0.00319713	9.99371e-05	0.0469419	9.99371e-05	9.99371e-05	9.99371e-05	0.922896	9.99371e-05	0.0262658
9.9928e-05	0.0194387	9.9928e-05	9.9928e-05	9.9928e-05	9.9928e-05	0.0242282	9.9928e-05	0.955534	9.9928e-05	9.9928e-05
9.9955e-05	0.00779587	0.00581579	9.9955e-05	9.9955e-05	9.9955e-05	0.040587	9.9955e-05	0.916957	0.00488198	0.0234629
0.0303377	0.00650291	9.9964e-05	0.0234569	0.00247029	9.9964e-05	0.0544425	0.0160481	0.866342	9.9964e-05	9.9964e-05
9.9937e-05	9.9937e-05	0.0101718	0.015251	9.9937e-05	9.9937e-05	0.0394821	9.9937e-05	0.934396	9.9937e-05	9.9937e-05
0.570042	0.0423606	9.9946e-05	0.0106557	0.125175	0.251167	9.9946e-05	9.9946e-05	9.9946e-05	9.9946e-05	9.9946e-05
0.00313556	9.99281e-05	9.99281e-05	9.99281e-05	9.99281e-05	0.0637835	9.99281e-05	9.99281e-05	0.932281	9.99281e-05	9.99281e-05
9.9937e-05	9.9937e-05	9.9937e-05	9.9937e-05	9.9937e-05	0.0132913	0.000249016	0.0114919	0.974268	9.9937e-05	9.9937e-05
0.0719058	9.9973e-05	9.9973e-05	9.9973e-05	0.0146564	0.0201696	0.0258835	0.00651905	0.712997	0.0628956	0.084673
9.99191e-05	9.99191e-05	9.99191e-05	9.99191e-05	9.99191e-05	0.00973388	9.99191e-05	9.99191e-05	0.989367	9.99191e-05	9.99191e-05
9.9928e-05	9.9928e-05	9.9928e-05	9.9928e-05	0.021616	9.9928e-05	9.9928e-05	0.000390745	0.977194	9.9928e-05	9.9928e-05
9.9955e-05	9.9955e-05	0.0115376	0.0112779	9.9955e-05	9.9955e-05	9.9955e-05	0.000405123	0.970524	0.000965519	0.00479024
0.030376	0.0135475	0.0121697	9.9946e-05	9.9946e-05	9.9946e-05	9.9946e-05	9.9946e-05	0.939365	0.00394227	9.9946e-05
0.896946	9.9964e-05	9.9964e-05	0.00977038	0.024368	9.9964e-05	9.9964e-05	0.00675456	0.0246487	0.0113613	0.0257516
9.99191e-05	9.99191e-05	9.99191e-05	9.99191e-05	9.99191e-05	9.99191e-05	9.99191e-05	9.99191e-05	0.995698	0.00340233	9.99191e-05
9.9928e-05	9.9928e-05	9.9928e-05	0.00562491	9.9928e-05	9.9928e-05	0.0557545	9.9928e-05	0.937821	9.9928e-05	9.9928e-05
9.9937e-05	9.9937e-05	0.0118403	0.00395489	9.9937e-05	9.9937e-05	9.9937e-05	0.00994651	0.973559	9.9937e-05	9.9937e-05
0.594858	0.000810682	9.9973e-05	9.9973e-05	0.106837	0.0507186	9.9973e-05	0.23313	0.00408619	0.00180525	0.00745315
9.9955e-05	0.00336871	9.9955e-05	0.0237783	9.9955e-05	0.0145295	0.0427518	9.9955e-05	0.910454	9.9955e-05	0.00461822
9.9955e-05	9.9955e-05	0.000870726	0.000842858	9.9955e-05	0.00463202	0.00120899	0.0302783	0.961667	9.9955e-05	9.9955e-05
9.9937e-05	9.9937e-05	9.9937e-05	9.9937e-05	0.00248599	0.0298956	9.9937e-05	9.9937e-05	0.955582	9.9937e-05	0.0113364
9.9919e-05	9.9919e-05	9.9919e-05	9.9919e-05	9.9919e-05	0.0216932	9.9919e-05	9.9919e-05	0.977408	9.9919e-05	9.9919e-05
0.611707	9.9955e-05	0.0747569	9.9955e-05	0.0189633	9.9955e-05	0.0210131	0.252058	0.0210024	9.9955e-05	9.9955e-05
9.99191e-05	9.99191e-05	9.99191e-05	9.99191e-05	9.99191e-05	9.99191e-05	9.99191e-05	9.99191e-05	0.982408	0.0166931	9.99191e-05
9.99281e-05	9.99281e-05	9.99281e-05	9.99281e-05	9.99281e-05	0.0701005	0.0302036	9.99281e-05	0.898897	9.99281e-05	9.99281e-05
0.48069	9.99281e-05	9.99281e-05	9.99281e-05	9.99281e-05	9.99281e-05	9.99281e-05	0.0101955	0.508315	9.99281e-05	9.99281e-05
9.99191e-05	9.99191e-05	9.99191e-05	9.99191e-05	9.99191e-05	9.99191e-05	9.99191e-05	0.00998347	0.989117	9.99191e-05	9.99191e-05
0.190917	9.9955e-05	0.0291594	9.9955e-05	0.00892553	9.9955e-05	9.9955e-05	0.740842	0.0120392	0.0176168	9.9955e-05
0.254893	0.044235	0.00729942	9.9955e-05	9.9955e-05	0.00860899	9.9955e-05	0.664061	9.9955e-05	0.0204026	9.9955e-05
0.0324992	9.9982e-05	9.9982e-05	0.0105969	0.0177043	0.031791	0.00456174	0.839799	0.0276347	0.0128257	0.0223876
0.82722	0.0264316	0.0105398	9.9964e-05	0.0446863	9.9964e-05	9.9964e-05	0.0602079	0.020604	9.9964e-05	0.00991076
9.9973e-05	0.0170531	0.030421	0.0133385	0.747867	0.0182259	0.0897841	0.0230468	0.0599634	9.9973e-05	9.9973e-05
0.0107791	0.00281617	9.9973e-05	0.0023196	9.9973e-05	0.018583	9.9973e-05	0.86483	0.0734723	0.0139403	0.0129598
0.180863	0.000125823	0.0679948	0.0458788	0.325998	0.0219684	9.9973e-05	0.344112	9.9973e-05	9.9973e-05	0.0127586
0.155396	0.0246018	9.9946e-05	0.0120984	9.9946e-05	9.9946e-05	9.9946e-05	0.77976	0.0275443	9.9946e-05	9.9946e-05
0.262768	0.0102167	9.9955e-05	0.00781932	9.9955e-05	0.0208078	9.9955e-05	0.649634	9.9955e-05	0.0482537	9.9955e-05
0.192085	9.9973e-05	0.0578097	0.00466638	0.0178913	9.9973e-05	0.00586997	0.703945	0.00561203	9.9973e-05	0.0118201
0.263895	0.0184649	0.0220374	0.0438143	9.9964e-05	0.0154466	9.9964e-05	0.574482	9.9964e-05	0.0614602	9.9964e-05
0.308487	0.00703697	0.0322065	0.0346495	0.0098717	9.9973e-05	9.9973e-05	0.575119	9.9973e-05	0.0105974	0.021732
0.00712222	0.0115469	9.9946e-05	9.9946e-05	9.9946e-05	9.9946e-05	9.9946e-05	0.942558	0.00143077	0.0367427	9.9946e-05
9.9964e-05	0.0063417	9.9964e-05	0.0102513	0.107256	0.00859789	9.9964e-05	0.813086	0.0439591	9.9964e-05	0.010108
9.99641e-05	0.00683004	9.99641e-05	0.0116431	0.114045	0.000265749	9.99641e-05	0.839972	0.0151359	9.99641e-05	0.0117077
0.725341	9.9982e-05	0.0249369	0.000538256	0.00968507	9.9982e-05	0.0201697	0.103161	0.0583249	0.0438254	0.0138181
9.9937e-05	9.9937e-05	0.0156956	9.9937e-05	9.9937e-05	9.9937e-05	9.9937e-05	0.00696529	9.9937e-05	0.000616367	0.976023
0.0111311	0.00222738	0.00910467	9.9973e-05	9.9973e-05	0.0149449	0.0343464	9.9973e-05	0.0041584	0.0288046	0.894983
9.9964e-05	0.560566	0.0542269	9.9964e-05	0.0100992	9.9964e-05	0.0420683	0.0246463	9.9964e-05	0.0843695	0.223624
0.315877	0.000266163	0.0421817	0.000774498	0.339849	0.040752	0.0105027	0.0912913	0.0754011	0.0628861	0.0202184
9.9937e-05	9.9937e-05	9.9937e-05	0.0150211	9.9937e-05	0.0277272	0.037115	9.9937e-05	9.9937e-05	9.9937e-05	0.919437
9.9937e-05	9.9937e-05	0.0151063	9.9937e-05	9.9937e-05	0.0488707	0.0479311	9.9937e-05	9.9937e-05	9.9937e-05	0.887392
0.131228	0.0538786	9.9982e-05	9.9982e-05	0.262542	0.00919926	0.00253454	0.392827	0.11112	0.00712262	0.029348
9.9946e-05	0.359976	0.0988314	0.188219	9.9946e-05	9.9946e-05	9.9946e-05	9.9946e-05	9.9946e-05	0.151498	0.200876
0.0113256	0.375897	0.0407584	0.256365	0.00454719	9.9991e-05	0.0354924	0.0196205	0.0105177	0.160745	0.084632
9.9973e-05	0.434169	0.00588466	0.328726	0.00526065	9.9973e-05	0.018225	9.9973e-05	0.00904935	0.149921	0.0484639
0.0268012	0.237097	9.9964e-05	0.514739	0.0312889	9.9964e-05	0.053839	9.9964e-05	0.00581284	0.130023	9.9964e-05
0.0200971	0.254171	9.9964e-05	0.512457	0.00697562	9.9964e-05	0.0647643	9.9964e-05	0.0131348	0.128001	9.9964e-05
0.0244418	0.397053	0.00330781	0.337379	9.9982e-05	0.0476836	0.0305499	0.00192235	9.9982e-05	0.0786844	0.0787774
9.99459e-05	9.99459e-05	0.00577672	0.0467283	0.721706	0.0235337	0.201656	9.99459e-05	9.99459e-05	9.99459e-05	9.99459e-05
0.0235477	0.626512	9.9946e-05	0.0262367	0.00799938	9.9946e-05	9.9946e-05	9.9946e-05	9.9946e-05	9.9946e-05	0.315104
0.887062	9.9955e-05	0.0129101	9.9955e-05	0.0189295	9.9955e-05	0.0430536	9.9955e-05	0.0200665	9.9955e-05	0.0174789
0.901547	9.9946e-05	9.9946e-05	9.9946e-05	0.023175	0.0283569	9.9946e-05	9.9946e-05	0.0240441	9.9946e-05	0.022277
0.00404114	0.770674	9.9946e-05	9.9946e-05	9.9946e-05	9.9946e-05	0.0407175	9.9946e-05	9.9946e-05	0.157397	0.0265708
0.192645	0.0880202	0.0389583	0.0661053	0.109195	0.0908652	0.0926014	0.109266	0.0987586	0.0567615	0.0568235
0.0236919	9.9982e-05	0.00933325	0.0146606	0.770259	0.0321443	0.0903308	0.00623318	9.9982e-05	0.0388709	0.014276
9.9955e-05	0.0338951	9.9955e-05	9.9955e-05	0.16795	0.0530123	9.9955e-05	0.668465	9.9955e-05	0.0427171	0.0334607
0.801732	9.9964e-05	9.9964e-05	0.0225504	0.0447543	0.0503892	9.9964e-05	0.0731935	0.00301296	0.00396731	9.9964e-05
9.9964e-05	0.011583	9.9964e-05	0.0175144	0.16995	0.0343555	9.9964e-05	0.486388	9.9964e-05	0.0612463	0.218563
0.0399795	9.9991e-05	0.00798163	0.0107607	0.800669	0.0157492	0.0387747	0.00157492	0.0168876	0.0117852	0.0557374
0.041629	9.9946e-05	9.9946e-05	0.139741	0.0193284	0.0837614	9.9946e-05	9.9946e-05	9.9946e-05	9.9946e-05	0.714941
9.9937e-05	9.9937e-05	0.0422149	9.9937e-05	0.833001	9.9937e-05	0.114219	9.9937e-05	0.0098659	9.9937e-05	9.9937e-05
0.0746218	9.9982e-05	0.295383	0.0324044	9.9982e-05	0.0118246	0.366076	0.12303	0.0444785	0.0133958	0.038586
0.911498	9.9946e-05	9.9946e-05	9.9946e-05	0.0283178	0.0363599	9.9946e-05	9.9946e-05	0.00208743	0.0211372	9.9946e-05
0.0320433	0.583905	0.0206024	9.9964e-05	9.9964e-05	9.9964e-05	0.00468492	0.00919136	0.0236631	9.9964e-05	0.32551
9.9955e-05	0.40165	0.016731	9.9955e-05	0.098387	0.0281373	9.9955e-05	0.445044	9.9955e-05	0.00955022	9.9955e-05
0.0341177	0.875152	9.9946e-05	0.0466063	9.9946e-05	9.9946e-05	9.9946e-05	9.9946e-05	0.0289999	0.0145246	9.9946e-05
0.0335488	0.00854622	9.9982e-05	0.0185396	0.35761	0.223896	9.9982e-05	0.277098	0.0247593	0.0397722	0.0160302
9.9937e-05	0.966179	9.9937e-05	0.0191981	9.9937e-05	0.00228815	9.9937e-05	9.9937e-05	0.011635	9.9937e-05	9.9937e-05
0.0100276	0.0333097	9.9946e-05	9.9946e-05	0.866517	9.9946e-05	0.0215362	0.0680095	9.9946e-05	9.9946e-05	9.9946e-05
0.056484	0.789719	9.9955e-05	0.00765256	0.0698783	9.9955e-05	9.9955e-05	0.035716	0.0400504	9.9955e-05	9.9955e-05
0.0576174	0.816315	9.9946e-05	0.0138134	0.0427427	9.9946e-05	9.9946e-05	9.9946e-05	0.068912	9.9946e-05	9.9946e-05
0.848262	0.0719156	9.9955e-05	0.00776739	0.0423925	0.016156	9.9955e-05	0.0130064	9.9955e-05	9.9955e-05	9.9955e-05
0.378233	0.00401545	0.0422527	9.9982e-05	0.0690277	0.0188717	0.00461867	0.121568	9.9982e-05	0.0817722	0.27944
0.307946	0.0319196	9.9973e-05	0.022735	0.28038	0.0636509	9.9973e-05	0.249661	0.0196498	9.9973e-05	0.023759
0.00175043	0.0418634	0.0370195	0.74338	0.0240573	0.0525867	9.9973e-05	0.0224598	9.9973e-05	0.076583	9.9973e-05
9.9937e-05	9.9937e-05	9.9937e-05	0.803581	9.9937e-05	9.9937e-05	0.00291947	0.018091	9.9937e-05	0.174709	9.9937e-05
0.00852723	9.9964e-05	9.9964e-05	0.761787	0.0214092	0.0384188	0.00443098	0.017457	9.9964e-05	0.14757	9.9964e-05
0.00498724	9.9973e-05	9.9973e-05	0.77902	0.0251867	0.0120894	0.0109135	0.0326218	0.000921165	0.133961	9.9973e-05
0.910866	9.9937e-05	0.0410019	0.0280053	9.9937e-05	9.9937e-05	0.0194269	9.9937e-05	9.9937e-05	9.9937e-05	9.9937e-05
0.897959	0.00348684	0.0488079	9.9955e-05	9.9955e-05	9.9955e-05	0.0308059	9.9955e-05	0.00489927	0.0135418	9.9955e-05
0.76942	9.9982e-05	0.00474884	0.0308484	0.0239301	0.00922569	0.0853108	0.0478491	0.0137932	0.0146744	9.9982e-05
0.0137102	0.26869	9.9973e-05	0.37384	9.9973e-05	0.0234149	0.0648488	0.0110684	9.9973e-05	0.078763	0.165365
0.178078	0.0955227	0.0494041	0.0755451	0.145269	0.00785115	0.095724	0.120067	0.129988	0.0848765	0.0176731
0.331813	9.9973e-05	0.152681	0.0273749	0.0075442	9.9973e-05	0.231869	0.00677981	0.126659	0.114979	9.9973e-05
0.746651	0.0131662	0.0221136	9.9964e-05	9.9964e-05	0.0314299	0.108654	0.0674143	9.9964e-05	0.0101708	9.9964e-05
0.628861	9.9973e-05	0.109595	0.00355192	9.9973e-05	0.0185386	0.0731556	0.058304	0.097254	0.0104396	9.9973e-05
0.726037	9.9982e-05	0.135414	0.0262296	9.9982e-05	0.00272829	0.0317167	0.012701	0.0313399	0.00883981	0.0247939
0.475494	9.9973e-05	0.216311	0.00643058	9.9973e-05	9.9973e-05	0.0659694	0.0175717	0.147636	0.0378403	0.0324471
0.0100188	0.0087127	9.9973e-05	0.0296052	0.0316543	0.112806	0.718957	0.0418909	9.9973e-05	9.9973e-05	0.0460556
0.0321694	9.9946e-05	0.0106028	9.9946e-05	0.107153	9.9946e-05	9.9946e-05	0.835379	9.9946e-05	0.014096	9.9946e-05
0.23223	9.9955e-05	0.000572793	9.9955e-05	0.155144	0.0478663	9.9955e-05	0.527757	0.0359297	9.9955e-05	9.9955e-05
9.9928e-05	0.875193	9.9928e-05	9.9928e-05	9.9928e-05	0.0129651	9.9928e-05	9.9928e-05	9.9928e-05	0.111043	9.9928e-05
9.9946e-05	0.828439	0.0631835	9.9946e-05	9.9946e-05	0.0416178	0.0126033	9.9946e-05	9.9946e-05	0.0535569	9.9946e-05
9.9955e-05	0.779834	0.055695	9.9955e-05	9.9955e-05	0.0484901	0.0055985	0.00746531	9.9955e-05	0.102418	9.9955e-05
9.9964e-05	0.266565	9.9964e-05	0.0500222	0.00250166	0.0435813	0.102992	9.9964e-05	9.9964e-05	0.43694	0.0969982
9.99188e-05	0.0244748	0.974626	9.99188e-05	9.99188e-05	9.99188e-05	9.99188e-05	9.99188e-05	9.99188e-05	9.99188e-05	9.99188e-05
9.99188e-05	0.010067	0.989034	9.99188e-05	9.99188e-05	9.99188e-05	9.99188e-05	9.99188e-05	9.99188e-05	9.99188e-05	9.99188e-05
0.866266	9.99459e-05	0.0196533	9.99459e-05	9.99459e-05	9.99459e-05	0.0615139	0.00954386	9.99459e-05	0.0424234	9.99459e-05
0.770312	9.9973e-05	0.0355182	0.00321213	9.9973e-05	9.9973e-05	0.0950504	0.00392994	0.0179578	0.0592735	0.014446
0.932653	0.00617723	9.9964e-05	9.9964e-05	0.0145488	9.9964e-05	0.00517911	0.0213698	0.0060965	9.9964e-05	0.0135754
0.00541649	0.0326726	9.9946e-05	9.9946e-05	0.804749	9.9946e-05	0.0953758	0.0611868	9.9946e-05	9.9946e-05	9.9946e-05
0.0301286	0.89217	9.9937e-05	0.0496836	9.9937e-05	9.9937e-05	9.9937e-05	9.9937e-05	0.0273187	9.9937e-05	9.9937e-05
9.9937e-05	0.904217	9.9937e-05	0.0157307	9.9937e-05	9.9937e-05	9.9937e-05	9.9937e-05	0.0202734	9.9937e-05	0.0590792
9.9946e-05	0.881524	9.9946e-05	0.0152883	0.00574097	9.9946e-05	9.9946e-05	9.9946e-05	9.9946e-05	0.00374278	0.0931042
9.9955e-05	0.769111	0.00529207	0.0274284	9.9955e-05	0.0143066	9.9955e-05	0.0308684	9.9955e-05	9.9955e-05	0.152493
9.9973e-05	0.820442	9.9973e-05	0.0295209	0.0251355	0.0117547	9.9973e-05	0.00398569	0.000407059	0.0178913	0.0905625
9.99371e-05	0.0865495	9.99371e-05	9.99371e-05	0.205697	9.99371e-05	9.99371e-05	0.693026	9.99371e-05	9.99371e-05	0.0140279
0.0496761	0.0782588	9.9964e-05	9.9964e-05	9.9964e-05	0.101964	0.0174409	9.9964e-05	0.041184	0.518058	0.193018
9.9919e-05	9.9919e-05	0.0404806	9.9919e-05	0.95862	9.9919e-05	9.9919e-05	9.9919e-05	9.9919e-05	9.9919e-05	9.9919e-05
9.9937e-05	0.0844115	9.9937e-05	9.9937e-05	0.220838	0.0059035	9.9937e-05	0.688147	9.9937e-05	9.9937e-05	9.9937e-05
0.729421	9.99279e-05	9.99279e-05	9.99279e-05	0.0697163	0.200063	9.99279e-05	9.99279e-05	9.99279e-05	9.99279e-05	9.99279e-05
9.9919e-05	9.9919e-05	9.9919e-05	9.9919e-05	0.210468	9.9919e-05	9.9919e-05	0.788633	9.9919e-05	9.9919e-05	9.9919e-05
9.99191e-05	9.99191e-05	9.99191e-05	9.99191e-05	0.290241	9.99191e-05	9.99191e-05	0.708859	9.99191e-05	9.99191e-05	9.99191e-05
9.9928e-05	9.9928e-05	9.9928e-05	0.00782316	0.269081	9.9928e-05	9.9928e-05	0.722296	9.9928e-05	9.9928e-05	9.9928e-05
0.00440697	0.908362	0.0013019	0.0192	9.9955e-05	9.9955e-05	9.9955e-05	0.0397029	0.0265261	9.9955e-05	9.9955e-05
9.99371e-05	0.962426	9.99371e-05	0.0152527	0.0198994	9.99371e-05	9.99371e-05	9.99371e-05	9.99371e-05	9.99371e-05	0.00172189
9.99369e-05	0.129042	9.99369e-05	9.99369e-05	9.99369e-05	0.782202	9.99369e-05	9.99369e-05	9.99369e-05	0.0282483	0.0598082
9.9973e-05	0.902817	0.015274	0.00385974	0.00337642	0.00236023	9.9973e-05	0.00453133	0.0433116	9.9973e-05	0.02417
9.99101e-05	0.999001	9.99101e-05	9.99101e-05	9.99101e-05	9.99101e-05	9.99101e-05	9.99101e-05	9.99101e-05	9.99101e-05	9.99101e-05
9.99461e-05	0.289355	9.99461e-05	9.99461e-05	0.0613867	0.0268742	9.99461e-05	0.4592	9.99461e-05	9.99461e-05	0.162585
9.9946e-05	0.740013	0.0497065	0.0292424	9.9946e-05	9.9946e-05	9.9946e-05	9.9946e-05	9.9946e-05	0.117757	0.0626819
0.00340666	0.696315	0.0266593	9.9946e-05	9.9946e-05	9.9946e-05	9.9946e-05	9.9946e-05	9.9946e-05	0.217952	0.0550679
0.00524557	0.0612758	0.141557	9.9973e-05	9.9973e-05	0.149012	0.256605	0.0107628	9.9973e-05	0.291641	0.0836015
0.0112658	9.9955e-05	0.0154337	9.9955e-05	0.910738	9.9955e-05	9.9955e-05	0.0264454	0.0229938	9.9955e-05	0.0126239
9.99371e-05	0.633294	9.99371e-05	9.99371e-05	0.117536	0.0590513	9.99371e-05	9.99371e-05	9.99371e-05	9.99371e-05	0.189419
0.282941	9.9964e-05	9.9964e-05	0.0781639	0.0150979	0.00143046	9.9964e-05	0.0145256	0.428211	9.9964e-05	0.179231
9.9946e-05	0.537799	9.9946e-05	9.9946e-05	0.0953338	0.0260959	9.9946e-05	0.0419204	9.9946e-05	9.9946e-05	0.298252
9.9937e-05	0.946499	9.9937e-05	9.9937e-05	9.9937e-05	9.9937e-05	0.00226264	0.016638	0.0339006	9.9937e-05	9.9937e-05
9.99371e-05	0.0486265	9.99371e-05	0.00833754	0.198789	9.99371e-05	9.99371e-05	0.743548	9.99371e-05	9.99371e-05	9.99371e-05
9.9955e-05	0.269855	9.9955e-05	0.001592	0.0972821	9.9955e-05	0.0518489	0.564733	9.9955e-05	9.9955e-05	0.0141898
0.0132077	9.9928e-05	9.9928e-05	9.9928e-05	0.850786	9.9928e-05	0.135207	9.9928e-05	9.9928e-05	9.9928e-05	9.9928e-05
9.9937e-05	0.0120519	0.0116175	9.9937e-05	9.9937e-05	9.9937e-05	0.963166	9.9937e-05	9.9937e-05	9.9937e-05	0.0124646
0.0506894	9.9937e-05	0.015314	9.9937e-05	9.9937e-05	9.9937e-05	0.00812557	0.925171	9.9937e-05	9.9937e-05	9.9937e-05
9.99369e-05	9.99369e-05	9.99369e-05	9.99369e-05	0.0407583	0.0386407	0.76432	0.155581	9.99369e-05	9.99369e-05	9.99369e-05
0.00526071	0.0274974	9.9955e-05	9.9955e-05	0.880304	9.9955e-05	0.0474435	0.0238364	9.9955e-05	9.9955e-05	0.0151578
0.00792877	0.0471985	9.9946e-05	9.9946e-05	0.881821	9.9946e-05	0.00264516	0.0598065	9.9946e-05	9.9946e-05	9.9946e-05
9.99369e-05	9.99369e-05	9.99369e-05	9.99369e-05	0.0206433	0.0604095	0.889017	0.0292312	9.99369e-05	9.99369e-05	9.99369e-05
9.9955e-05	0.0197877	9.9955e-05	0.0175894	0.126576	0.145028	0.409454	0.281065	9.9955e-05	9.9955e-05	9.9955e-05
0.000268711	9.9946e-05	9.9946e-05	9.9946e-05	0.895589	9.9946e-05	0.0957306	9.9946e-05	0.00605357	0.0017586	9.9946e-05
0.0646759	0.0574079	0.149537	9.9973e-05	9.9973e-05	0.129989	0.222511	9.9973e-05	0.016633	0.283573	0.0753733
0.903529	9.9937e-05	9.9937e-05	9.9937e-05	0.0350071	9.9937e-05	9.9937e-05	0.0504477	0.0103167	9.9937e-05	9.9937e-05
0.705185	9.99279e-05	9.99279e-05	9.99279e-05	0.095012	0.199003	9.99279e-05	9.99279e-05	9.99279e-05	9.99279e-05	9.99279e-05
9.9919e-05	0.00458975	9.9919e-05	9.9919e-05	9.9919e-05	9.9919e-05	9.9919e-05	9.9919e-05	0.994511	9.9919e-05	9.9919e-05
0.613355	0.0278325	9.9955e-05	9.9955e-05	0.150605	0.192921	0.00908734	9.9955e-05	9.9955e-05	0.00569975	9.9955e-05
0.830649	9.9946e-05	9.9946e-05	9.9946e-05	0.0632934	9.9946e-05	9.9946e-05	0.0706539	0.0318944	9.9946e-05	0.0029094
0.362265	9.9928e-05	9.9928e-05	9.9928e-05	0.605457	9.9928e-05	9.9928e-05	0.0314783	9.9928e-05	9.9928e-05	9.9928e-05
0.832725	9.9946e-05	9.9946e-05	9.9946e-05	0.0683525	9.9946e-05	9.9946e-05	0.0441513	0.043175	9.9946e-05	0.0109966
0.227443	0.00239705	9.9964e-05	0.0560617	9.9964e-05	0.0141957	0.104271	0.559609	0.0356226	9.9964e-05	9.9964e-05
0.934679	9.9946e-05	9.9946e-05	9.9946e-05	0.0259999	9.9946e-05	0.00152203	9.9946e-05	9.9946e-05	0.0219343	0.0152655
0.116486	9.9946e-05	0.245836	9.9946e-05	9.9946e-05	9.9946e-05	0.490436	0.041407	0.105235	9.9946e-05	9.9946e-05
0.050262	9.9955e-05	0.0896466	0.0471073	0.0482461	9.9955e-05	0.577013	0.187225	9.9955e-05	9.9955e-05	9.9955e-05
0.15885	9.99641e-05	0.152159	9.99641e-05	0.150874	0.0363505	0.201474	0.282149	0.0177455	9.99641e-05	9.99641e-05
0.853405	0.0199507	9.9946e-05	9.9946e-05	9.9946e-05	0.0310654	0.0500408	0.0449389	9.9946e-05	9.9946e-05	9.9946e-05
9.9928e-05	0.836211	9.9928e-05	9.9928e-05	9.9928e-05	9.9928e-05	9.9928e-05	9.9928e-05	0.0367454	9.9928e-05	0.126244
0.0321863	9.9937e-05	9.9937e-05	9.9937e-05	9.9937e-05	0.00306439	0.033209	0.930841	9.9937e-05	9.9937e-05	9.9937e-05
0.116139	9.9964e-05	0.300994	0.00377635	9.9964e-05	9.9964e-05	0.481428	0.024973	0.0584696	0.0138209	9.9964e-05
0.0226755	9.9937e-05	9.9937e-05	9.9937e-05	9.9937e-05	0.00941055	0.0820469	0.885168	9.9937e-05	9.9937e-05	9.9937e-05
9.9937e-05	0.713819	0.0403827	9.9937e-05	9.9937e-05	9.9937e-05	9.9937e-05	9.9937e-05	9.9937e-05	0.223259	0.0218402
0.0087923	9.9955e-05	0.0115188	9.9955e-05	0.941594	9.9955e-05	9.9955e-05	9.9955e-05	0.0120678	0.0138317	0.0116956
9.9946e-05	9.9946e-05	9.9946e-05	0.00416597	0.00745823	0.00229389	9.9946e-05	9.9946e-05	0.967614	0.0178683	9.9946e-05
0.0678043	9.9982e-05	0.0232803	9.9982e-05	0.0200705	0.0165887	0.0251021	0.00381244	0.688785	0.0563106	0.0980464
0.939782	9.99371e-05	9.99371e-05	9.99371e-05	0.0204554	9.99371e-05	0.0202178	9.99371e-05	0.0188454	9.99371e-05	9.99371e-05
0.240187	9.9955e-05	0.00131593	9.9955e-05	0.164683	0.0137452	9.9955e-05	0.538619	0.0409488	9.9955e-05	9.9955e-05
9.9928e-05	9.9928e-05	0.0175945	9.9928e-05	0.979227	9.9928e-05	0.00237948	9.9928e-05	9.9928e-05	9.9928e-05	9.9928e-05
9.99101e-05	9.99101e-05	9.99101e-05	9.99101e-05	0.999001	9.99101e-05	9.99101e-05	9.99101e-05	9.99101e-05	9.99101e-05	9.99101e-05
9.9973e-05	0.0501111	0.0154872	0.0235056	0.162378	0.136474	9.9973e-05	0.535465	9.9973e-05	0.00681962	0.0694603
0.269474	9.99461e-05	9.99461e-05	9.99461e-05	0.116453	0.0349889	9.99461e-05	0.560552	0.0179324	9.99461e-05	9.99461e-05
9.9946e-05	0.786161	0.0730562	9.9946e-05	9.9946e-05	0.0488812	0.00379071	9.9946e-05	9.9946e-05	0.087511	9.9946e-05
9.99101e-05	9.99101e-05	0.999001	9.99101e-05	9.99101e-05	9.99101e-05	9.99101e-05	9.99101e-05	9.99101e-05	9.99101e-05	9.99101e-05
9.99279e-05	0.40935	9.99279e-05	0.039212	9.99279e-05	9.99279e-05	9.99279e-05	9.99279e-05	9.99279e-05	0.550639	9.99279e-05
0.00470016	9.99459e-05	9.99459e-05	0.0383535	9.99459e-05	9.99459e-05	9.99459e-05	0.00266242	0.0698947	0.88379	9.99459e-05
9.9928e-05	9.9928e-05	9.9928e-05	9.9928e-05	0.00753959	9.9928e-05	9.9928e-05	9.9928e-05	0.0556097	0.936051	9.9928e-05
9.99459e-05	0.157559	9.99459e-05	0.00580112	0.0260316	9.99459e-05	9.99459e-05	9.99459e-05	9.99459e-05	0.69059	0.119418
9.99188e-05	0.0036445	0.995456	9.99188e-05	9.99188e-05	9.99188e-05	9.99188e-05	9.99188e-05	9.99188e-05	9.99188e-05	9.99188e-05
9.9964e-05	9.9964e-05	9.9964e-05	0.0526207	0.00740749	0.0258318	9.9964e-05	0.0146578	0.0409535	0.838318	0.019811
0.00955003	0.0403504	9.9946e-05	9.9946e-05	9.9946e-05	0.00485857	9.9946e-05	9.9946e-05	9.9946e-05	0.705014	0.239628
0.0277305	9.9964e-05	0.403856	9.9964e-05	0.030763	9.9964e-05	0.328091	0.0278569	0.0423107	0.138992	9.9964e-05
9.9937e-05	0.178673	9.9937e-05	9.9937e-05	9.9937e-05	0.0359881	9.9937e-05	9.9937e-05	9.9937e-05	0.708016	0.0766229
0.0675988	9.9964e-05	0.425972	9.9964e-05	0.00024542	0.0229983	0.266631	9.9964e-05	0.0339297	0.182225	9.9964e-05
9.99459e-05	9.99459e-05	9.99459e-05	9.99459e-05	0.113543	0.0652308	0.702726	0.115743	0.00215802	9.99459e-05	9.99459e-05
9.99369e-05	9.99369e-05	9.99369e-05	9.99369e-05	9.99369e-05	0.889648	0.0803814	0.0132642	0.0160073	9.99369e-05	9.99369e-05
9.9973e-05	0.165748	0.0703686	9.9973e-05	9.9973e-05	0.0166679	0.0768958	0.0379606	0.0217797	0.520222	0.0900574
0.0136091	0.114945	0.0658639	9.9982e-05	9.9982e-05	0.0144118	0.142493	0.0728066	0.0312567	0.482142	0.0622717
9.99101e-05	9.99101e-05	0.999001	9.99101e-05	9.99101e-05	9.99101e-05	9.99101e-05	9.99101e-05	9.99101e-05	9.99101e-05	9.99101e-05
9.99459e-05	0.19809	0.0660452	9.99459e-05	9.99459e-05	9.99459e-05	9.99459e-05	9.99459e-05	0.0187481	0.649987	0.0665308
0.125019	9.9946e-05	9.9946e-05	9.9946e-05	9.9946e-05	9.9946e-05	0.0272432	0.815934	9.9946e-05	0.0101313	0.0210728
9.9946e-05	0.80896	0.0641505	9.9946e-05	9.9946e-05	0.0287346	9.9946e-05	9.9946e-05	9.9946e-05	0.0973174	0.000237715
9.9937e-05	9.9937e-05	9.9937e-05	0.0248901	0.0346348	9.9937e-05	9.9937e-05	9.9937e-05	0.0401866	0.899589	9.9937e-05
9.99461e-05	0.169681	0.0963211	9.99461e-05	9.99461e-05	0.0571578	9.99461e-05	9.99461e-05	9.99461e-05	0.522577	0.153664
9.9955e-05	0.0611606	0.0203522	0.0627967	9.9955e-05	9.9955e-05	9.9955e-05	9.9955e-05	0.0293995	0.798954	0.0268374
9.9955e-05	0.0149558	9.9955e-05	0.000199589	9.9955e-05	0.017701	9.9955e-05	9.9955e-05	0.0267374	0.839433	0.100474
0.672407	9.9928e-05	9.9928e-05	9.9928e-05	0.0930963	0.233697	9.9928e-05	9.9928e-05	9.9928e-05	9.9928e-05	9.9928e-05
0.348297	9.9973e-05	0.00587006	0.0355057	0.0103119	0.0679099	0.0526063	0.430213	0.0489864	9.9973e-05	9.9973e-05
9.9937e-05	0.682567	9.9937e-05	9.9937e-05	9.9937e-05	9.9937e-05	0.00142568	9.9937e-05	9.9937e-05	0.283225	0.0320833
0.0201944	9.99279e-05	9.99279e-05	9.99279e-05	9.99279e-05	9.99279e-05	0.0692275	0.909779	9.99279e-05	9.99279e-05	9.99279e-05
0.662968	0.0110732	9.99369e-05	9.99369e-05	0.109584	0.215675	9.99369e-05	9.99369e-05	9.99369e-05	9.99369e-05	9.99369e-05
9.9946e-05	9.9946e-05	0.0405884	9.9946e-05	0.0306178	9.9946e-05	0.899473	9.9946e-05	9.9946e-05	0.00622271	0.0224982
9.9919e-05	0.994627	9.9919e-05	9.9919e-05	9.9919e-05	9.9919e-05	9.9919e-05	9.9919e-05	0.00447407	9.9919e-05	9.9919e-05
9.9928e-05	0.975936	9.9928e-05	9.9928e-05	9.9928e-05	9.9928e-05	0.00841681	9.9928e-05	0.0148474	9.9928e-05	9.9928e-05
9.9946e-05	0.868721	9.9946e-05	0.0445055	0.0230104	9.9946e-05	9.9946e-05	9.9946e-05	0.0294063	9.9946e-05	0.0337566
9.99281e-05	0.967103	9.99281e-05	0.0289326	9.99281e-05	9.99281e-05	9.99281e-05	9.99281e-05	9.99281e-05	9.99281e-05	0.00316527
0.0118877	0.0467597	0.00435346	9.9964e-05	0.761367	9.9964e-05	0.0906098	0.0767882	0.00783407	9.9964e-05	9.9964e-05
0.0682402	0.807218	0.0078516	9.9955e-05	0.0122574	9.9955e-05	9.9955e-05	9.9955e-05	0.048966	9.9955e-05	0.054967
0.66548	0.0019658	9.9937e-05	9.9937e-05	0.101913	0.229941	9.9937e-05	9.9937e-05	9.9937e-05	9.9937e-05	9.9937e-05
0.932538	9.9937e-05	0.0469664	9.9937e-05	9.9937e-05	0.00395821	0.0158376	9.9937e-05	9.9937e-05	9.9937e-05	9.9937e-05
0.876773	9.9955e-05	9.9955e-05	0.0267613	0.0632062	9.9955e-05	9.9955e-05	0.000379488	0.0151167	0.0172636	9.9955e-05
0.938151	9.9937e-05	0.0401835	9.9937e-05	0.0166497	9.9937e-05	0.00431595	9.9937e-05	9.9937e-05	9.9937e-05	9.9937e-05
0.873156	9.9955e-05	9.9955e-05	0.0190208	0.0160798	9.9955e-05	9.9955e-05	0.0604666	0.022473	9.9955e-05	0.0083038
0.0274075	9.99459e-05	9.99459e-05	0.129566	9.99459e-05	9.99459e-05	9.99459e-05	0.0238792	0.0392464	0.779301	9.99459e-05
0.038267	9.99369e-05	9.99369e-05	0.147937	9.99369e-05	9.99369e-05	9.99369e-05	9.99369e-05	0.0723899	0.740706	9.99369e-05
0.0373103	9.9964e-05	0.0168379	0.860494	0.0186898	9.9964e-05	0.00266116	0.01693	9.9964e-05	0.0466774	9.9964e-05
0.0194047	0.0981975	0.0207891	0.84783	9.9946e-05	9.9946e-05	9.9946e-05	9.9946e-05	9.9946e-05	9.9946e-05	0.0131791
9.9946e-05	0.00633364	0.0205751	0.920618	9.9946e-05	0.0417622	9.9946e-05	9.9946e-05	9.9946e-05	9.9946e-05	0.0101115
0.0241945	9.9982e-05	0.000335343	0.29978	0.0776528	0.0188291	0.553759	0.0123494	0.0113202	0.00157976	9.9982e-05
0.00541809	9.9955e-05	0.00529171	0.897332	9.9955e-05	9.9955e-05	9.9955e-05	0.0208404	0.00681344	0.0638044	9.9955e-05
0.172193	0.164407	0.0764525	0.0820935	0.128052	0.151277	9.9973e-05	0.206898	0.0183267	9.9973e-05	9.9973e-05
9.9928e-05	9.9928e-05	0.00527578	0.987781	9.9928e-05	9.9928e-05	9.9928e-05	0.00614423	9.9928e-05	9.9928e-05	9.9928e-05
9.99191e-05	9.99191e-05	9.99191e-05	0.986652	9.99191e-05	9.99191e-05	9.99191e-05	9.99191e-05	9.99191e-05	9.99191e-05	0.0124487
9.9937e-05	0.0206347	9.9937e-05	0.935759	9.9937e-05	9.9937e-05	9.9937e-05	9.9937e-05	0.0127554	9.9937e-05	0.0301511
0.0077035	0.00240222	9.9964e-05	0.206511	9.9964e-05	0.0356415	9.9964e-05	0.0273484	9.9964e-05	0.0209429	0.699051
9.99281e-05	0.0184557	9.99281e-05	0.964919	9.99281e-05	9.99281e-05	9.99281e-05	9.99281e-05	9.99281e-05	9.99281e-05	0.0158257
0.0199243	0.009873	0.00884538	0.819218	9.9955e-05	9.9955e-05	9.9955e-05	9.9955e-05	0.0133014	9.9955e-05	0.128339
0.0998043	9.9937e-05	0.0161961	9.9937e-05	9.9937e-05	9.9937e-05	0.011621	0.871679	9.9937e-05	9.9937e-05	9.9937e-05
0.194691	0.0137791	9.9955e-05	0.0847441	9.9955e-05	9.9955e-05	0.0776863	0.577638	0.0509619	9.9955e-05	9.9955e-05
0.685627	9.9946e-05	0.00727899	9.9946e-05	9.9946e-05	9.9946e-05	0.128253	0.120787	9.9946e-05	0.0574542	9.9946e-05
0.870664	9.99371e-05	9.99371e-05	9.99371e-05	9.99371e-05	9.99371e-05	0.0545898	0.0594671	0.0145792	9.99371e-05	9.99371e-05
0.0168786	9.9964e-05	0.0559575	0.0184079	0.0434908	9.9964e-05	0.70495	0.149697	9.9964e-05	0.0102184	9.9964e-05
0.743964	0.0180071	9.9964e-05	0.0339384	9.9964e-05	0.0356185	0.0507876	0.094409	0.0228752	9.9964e-05	9.9964e-05
0.000520005	9.9955e-05	0.00635893	9.9955e-05	9.9955e-05	0.00410959	0.023372	0.957559	0.0075809	9.9955e-05	9.9955e-05
0.050619	9.9928e-05	9.9928e-05	9.9928e-05	9.9928e-05	9.9928e-05	9.9928e-05	0.920183	9.9928e-05	0.0283989	9.9928e-05
9.9946e-05	9.9946e-05	0.00354706	9.9946e-05	0.064198	0.0183759	0.874156	0.0391232	9.9946e-05	9.9946e-05	9.9946e-05
0.698101	0.00509377	0.0637892	0.0470737	9.9973e-05	9.9973e-05	0.098156	0.047456	0.033921	9.9973e-05	0.00610938
0.482621	0.0195694	0.003173	9.9973e-05	9.9973e-05	0.0355259	0.130463	0.152886	0.0991484	0.076313	9.9973e-05
0.0521154	9.99642e-05	0.162096	9.99642e-05	0.114953	9.99642e-05	0.572033	0.0100014	0.062983	0.0254194	9.99642e-05
9.99639e-05	9.99639e-05	0.015042	0.0109043	0.0676654	0.0330168	0.818571	0.052728	0.00167301	9.99639e-05	9.99639e-05
0.0580407	9.9955e-05	0.119918	0.00812027	0.0199812	9.9955e-05	0.652436	0.141004	9.9955e-05	9.9955e-05	9.9955e-05
0.2415	0.0523718	0.0121251	9.9964e-05	0.0440697	0.133743	0.0198845	0.495906	9.9964e-05	9.9964e-05	9.9964e-05
0.0193687	9.9964e-05	9.9964e-05	0.00354545	0.119513	0.036839	0.751632	0.0645693	0.00413236	9.9964e-05	9.9964e-05
0.00314499	9.99459e-05	0.0176449	0.0121714	9.99459e-05	9.99459e-05	0.0399382	0.926501	9.99459e-05	9.99459e-05	9.99459e-05
9.9928e-05	0.0352023	9.9928e-05	9.9928e-05	9.9928e-05	9.9928e-05	0.949274	9.9928e-05	9.9928e-05	9.9928e-05	0.014724
9.99461e-05	0.00542258	0.00412089	9.99461e-05	9.99461e-05	9.99461e-05	0.942752	9.99461e-05	0.0137219	9.99461e-05	0.0333828
9.9964e-05	0.142185	0.108175	9.9964e-05	0.00301231	9.9964e-05	0.240567	9.9964e-05	0.0348426	0.383686	0.0871316
9.9937e-05	9.9937e-05	9.9937e-05	9.9937e-05	0.125482	0.00426318	0.850929	0.0186267	9.9937e-05	9.9937e-05	9.9937e-05
9.99369e-05	9.99369e-05	9.99369e-05	9.99369e-05	0.0994612	0.027961	0.870738	0.00114003	9.99369e-05	9.99369e-05	9.99369e-05
9.9937e-05	9.9937e-05	9.9937e-05	9.9937e-05	0.107338	0.036583	0.828482	0.0268975	9.9937e-05	9.9937e-05	9.9937e-05
