9.99279e-05	0.0419054	0.778176	9.99279e-05	9.99279e-05	0.0372431	9.99279e-05	0.141876	9.99279e-05	9.99279e-05	9.99279e-05	9.99279e-05
9.9919e-05	9.9919e-05	0.808221	9.9919e-05	9.9919e-05	9.9919e-05	0.0296804	9.9919e-05	0.1612	9.9919e-05	9.9919e-05	9.9919e-05
9.9955e-05	0.021747	0.594068	0.0469731	0.00145543	9.9955e-05	0.0606072	9.9955e-05	0.24009	9.9955e-05	0.0345593	9.9955e-05
9.9928e-05	0.0600236	0.780997	9.9928e-05	9.9928e-05	0.011931	9.9928e-05	0.146249	9.9928e-05	9.9928e-05	9.9928e-05	9.9928e-05
0.00220592	0.00078625	0.00372273	9.9973e-05	0.0112067	9.9973e-05	9.9973e-05	0.0193774	0.876052	0.00203487	0.0656308	0.0186835
9.99189e-05	9.99189e-05	0.793153	9.99189e-05	9.99189e-05	9.99189e-05	0.0584789	9.99189e-05	0.147469	9.99189e-05	9.99189e-05	9.99189e-05
0.00220897	0.0233252	0.00191414	9.99371e-05	9.99371e-05	0.459091	9.99371e-05	9.99371e-05	9.99371e-05	0.512761	9.99371e-05	9.99371e-05
9.9928e-05	9.9928e-05	0.0117051	9.9928e-05	9.9928e-05	9.9928e-05	0.00787196	0.0139695	9.9928e-05	0.965654	9.9928e-05	9.9928e-05
9.9937e-05	9.9937e-05	9.9937e-05	9.9937e-05	9.9937e-05	9.9937e-05	0.00496801	9.9937e-05	0.00131998	0.976556	0.000780006	0.0156763
9.99101e-05	9.99101e-05	9.99101e-05	9.99101e-05	0.0136258	9.99101e-05	9.99101e-05	9.99101e-05	9.99101e-05	0.985375	9.99101e-05	9.99101e-05
9.9964e-05	9.9964e-05	9.9964e-05	0.589662	0.00599417	0.0607931	0.0084467	0.0307475	0.0301207	9.9964e-05	0.0183367	0.255499
9.99189e-05	9.99189e-05	9.99189e-05	0.706002	9.99189e-05	9.99189e-05	9.99189e-05	0.0781409	9.99189e-05	9.99189e-05	9.99189e-05	0.214957
9.99191e-05	9.99191e-05	9.99191e-05	0.611951	9.99191e-05	9.99191e-05	9.99191e-05	0.0243503	9.99191e-05	9.99191e-05	9.99191e-05	0.362799
9.9928e-05	9.9928e-05	9.9928e-05	0.66552	9.9928e-05	0.00804387	9.9928e-05	9.9928e-05	9.9928e-05	9.9928e-05	0.00146301	0.324173
0.811894	0.0877957	0.026562	9.9955e-05	0.0246176	9.9955e-05	9.9955e-05	0.0291887	9.9955e-05	0.0189891	0.000453472	9.9955e-05
9.99101e-05	9.99101e-05	9.99101e-05	9.99101e-05	9.99101e-05	9.99101e-05	9.99101e-05	0.00419969	9.99101e-05	0.994801	9.99101e-05	9.99101e-05
9.9937e-05	9.9937e-05	9.9937e-05	0.0251185	9.9937e-05	0.912073	9.9937e-05	0.031542	9.9937e-05	0.0193079	9.9937e-05	0.0112594
0.84726	9.99281e-05	0.0261916	0.124179	9.99281e-05	9.99281e-05	9.99281e-05	9.99281e-05	9.99281e-05	0.00157001	9.99281e-05	9.99281e-05
0.524948	0.0144153	9.9964e-05	0.226841	0.0467884	0.0115206	9.9964e-05	0.101629	9.9964e-05	0.0271272	0.0463296	9.9964e-05
0.326943	9.9946e-05	9.9946e-05	0.573775	0.0185556	0.0158499	9.9946e-05	9.9946e-05	9.9946e-05	0.0124661	9.9946e-05	0.051811
0.747376	0.0205337	9.9946e-05	0.0953932	9.9946e-05	9.9946e-05	9.9946e-05	0.0223795	9.9946e-05	0.0310898	0.0826277	9.9946e-05
0.0322222	9.9946e-05	9.9946e-05	0.911772	0.0147207	9.9946e-05	0.0182401	9.9946e-05	0.00463348	0.0178122	9.9946e-05	9.9946e-05
0.863183	9.9928e-05	0.0333258	0.0951953	9.9928e-05	0.00749683	9.9928e-05	9.9928e-05	9.9928e-05	9.9928e-05	9.9928e-05	9.9928e-05
0.0543844	0.0827518	9.9955e-05	0.791139	0.00425316	0.0281426	0.0347406	9.9955e-05	9.9955e-05	9.9955e-05	9.9955e-05	0.0040888
0.0225828	0.00162745	0.0275034	0.930201	9.9937e-05	9.9937e-05	9.9937e-05	0.0173855	9.9937e-05	9.9937e-05	9.9937e-05	9.9937e-05
0.899263	9.99371e-05	9.99371e-05	0.0489184	9.99371e-05	0.0115487	9.99371e-05	0.0121271	9.99371e-05	9.99371e-05	0.0274429	9.99371e-05
0.828133	0.0257632	9.9946e-05	0.121982	9.9946e-05	9.9946e-05	0.00873672	9.9946e-05	9.9946e-05	0.0126099	9.9946e-05	0.00217548
0.55298	9.9973e-05	0.0293435	0.271484	0.0242058	0.000734977	0.0465355	0.0203149	9.9973e-05	9.9973e-05	0.0234334	0.0306676
0.862101	0.00132984	9.9937e-05	0.0897759	0.0308487	9.9937e-05	9.9937e-05	9.9937e-05	9.9937e-05	0.0152445	9.9937e-05	9.9937e-05
0.884097	0.00628282	0.0246061	0.045282	0.00880262	9.9946e-05	9.9946e-05	9.9946e-05	9.9946e-05	9.9946e-05	9.9946e-05	0.0303294
9.99371e-05	9.99371e-05	9.99371e-05	0.937862	0.0265544	9.99371e-05	0.0033863	0.0206522	9.99371e-05	9.99371e-05	9.99371e-05	0.0108459
9.9919e-05	9.9919e-05	9.9919e-05	0.425742	9.9919e-05	0.0713942	9.9919e-05	9.9919e-05	9.9919e-05	9.9919e-05	9.9919e-05	0.501965
0.86039	9.99191e-05	0.0400866	0.0986238	9.99191e-05	9.99191e-05	9.99191e-05	9.99191e-05	9.99191e-05	9.99191e-05	9.99191e-05	9.99191e-05
0.127859	9.99713e-05	9.99713e-05	0.725815	9.99713e-05	0.0196876	0.00322534	0.0197206	9.99713e-05	0.0328604	0.0436023	0.0268292
0.909749	9.9937e-05	0.0253713	0.0571613	9.9937e-05	9.9937e-05	9.9937e-05	9.9937e-05	0.00557921	9.9937e-05	9.9937e-05	0.00143986
9.9928e-05	9.9928e-05	0.00500417	0.925762	9.9928e-05	9.9928e-05	0.00323211	9.9928e-05	9.9928e-05	9.9928e-05	9.9928e-05	0.0652027
0.852426	9.99281e-05	9.99281e-05	0.125093	9.99281e-05	9.99281e-05	0.00197139	9.99281e-05	0.01971	9.99281e-05	9.99281e-05	9.99281e-05
9.99371e-05	9.99371e-05	9.99371e-05	0.911246	0.043994	0.00483469	9.99371e-05	0.0106947	9.99371e-05	9.99371e-05	9.99371e-05	0.0285307
9.9937e-05	0.66702	9.9937e-05	9.9937e-05	0.0851704	9.9937e-05	0.0836074	9.9937e-05	0.059038	9.9937e-05	0.104465	9.9937e-05
9.991e-05	9.991e-05	9.991e-05	9.991e-05	9.991e-05	9.991e-05	0.359164	9.991e-05	0.639837	9.991e-05	9.991e-05	9.991e-05
9.99099e-05	9.99099e-05	9.99099e-05	9.99099e-05	9.99099e-05	9.99099e-05	9.99099e-05	9.99099e-05	0.0510682	9.99099e-05	9.99099e-05	0.947933
0.923009	9.9919e-05	9.9919e-05	0.0759863	9.9919e-05	0.000105434	9.9919e-05	9.9919e-05	9.9919e-05	9.9919e-05	9.9919e-05	9.9919e-05
9.99281e-05	9.99281e-05	9.99281e-05	0.92927	0.0316968	9.99281e-05	9.99281e-05	0.0216732	9.99281e-05	9.99281e-05	9.99281e-05	0.0165602
9.9964e-05	0.0328333	0.00234973	9.9964e-05	0.0616624	0.276797	0.578381	0.0119163	9.9964e-05	9.9964e-05	0.00380004	0.03186
0.539585	0.0637781	0.003391	0.204395	0.0347554	9.9973e-05	9.9973e-05	0.0700769	9.9973e-05	0.0364016	0.018758	0.0285598
0.37506	9.9964e-05	0.000121448	0.265582	9.9964e-05	0.0591501	9.9964e-05	0.0302201	9.9964e-05	0.0287139	0.0329528	0.2078
0.780236	0.0492165	9.9955e-05	0.0973826	0.0102477	9.9955e-05	9.9955e-05	0.00930477	0.0259121	0.0272008	9.9955e-05	9.9955e-05
9.99189e-05	9.99189e-05	0.714657	9.99189e-05	9.99189e-05	9.99189e-05	0.0809533	9.99189e-05	0.203491	9.99189e-05	9.99189e-05	9.99189e-05
9.9964e-05	0.0229356	0.0340661	9.9964e-05	0.481569	9.9964e-05	0.256337	0.0137775	0.0834442	9.9964e-05	0.0797811	0.0276901
9.9928e-05	0.427745	0.00348435	9.9928e-05	9.9928e-05	0.214778	9.9928e-05	0.353194	9.9928e-05	9.9928e-05	9.9928e-05	9.9928e-05
9.9937e-05	9.9937e-05	9.9937e-05	0.0316812	0.00691372	9.9937e-05	0.00566655	0.915693	9.9937e-05	9.9937e-05	9.9937e-05	0.0393456
9.99549e-05	0.0928281	0.0795037	0.123155	9.99549e-05	0.0341806	9.99549e-05	0.662354	9.99549e-05	0.0025022	9.99549e-05	0.00497663
9.99009e-05	9.99009e-05	9.99009e-05	9.99009e-05	9.99009e-05	9.99009e-05	9.99009e-05	0.998901	9.99009e-05	9.99009e-05	9.99009e-05	9.99009e-05
9.99461e-05	9.99461e-05	0.00114219	0.0196732	9.99461e-05	9.99461e-05	9.99461e-05	0.00180319	0.0148375	0.944044	9.99461e-05	0.0179002
9.9946e-05	0.0146093	0.0256266	0.0144334	9.9946e-05	0.0109747	9.9946e-05	9.9946e-05	0.000627363	0.933129	9.9946e-05	9.9946e-05
0.0492148	9.9937e-05	9.9937e-05	0.0233614	9.9937e-05	0.2826	9.9937e-05	9.9937e-05	9.9937e-05	0.0266033	9.9937e-05	0.617521
0.00445739	0.00476685	9.9937e-05	0.852773	9.9937e-05	9.9937e-05	9.9937e-05	9.9937e-05	9.9937e-05	0.0208388	9.9937e-05	0.116465
0.13554	9.99459e-05	0.0108866	0.0616957	9.99459e-05	9.99459e-05	9.99459e-05	0.0365209	9.99459e-05	0.00583308	0.748924	9.99459e-05
9.9919e-05	9.9919e-05	0.065986	9.9919e-05	9.9919e-05	9.9919e-05	9.9919e-05	9.9919e-05	0.816603	9.9919e-05	0.116512	9.9919e-05
9.99279e-05	9.99279e-05	9.99279e-05	9.99279e-05	0.156563	9.99279e-05	0.189952	9.99279e-05	0.339143	9.99279e-05	0.313542	9.99279e-05
9.9919e-05	9.9919e-05	9.9919e-05	9.9919e-05	9.9919e-05	0.970508	0.0196323	0.00895995	9.9919e-05	9.9919e-05	9.9919e-05	9.9919e-05
9.9955e-05	0.200679	9.9955e-05	0.022424	9.9955e-05	0.638886	9.9955e-05	0.0815722	0.0224612	0.00839748	9.9955e-05	0.025081
9.9955e-05	0.163697	0.052111	9.9955e-05	0.0362345	0.619799	0.00565544	0.0165319	9.9955e-05	9.9955e-05	9.9955e-05	0.105471
9.9928e-05	9.9928e-05	9.9928e-05	0.011836	9.9928e-05	0.0124764	9.9928e-05	0.0243808	9.9928e-05	0.950507	9.9928e-05	9.9928e-05
9.9919e-05	9.9919e-05	9.9919e-05	9.9919e-05	9.9919e-05	9.9919e-05	0.0649751	9.9919e-05	0.744547	9.9919e-05	0.189579	9.9919e-05
0.00651363	9.9919e-05	9.9919e-05	0.0226718	9.9919e-05	0.969915	9.9919e-05	9.9919e-05	9.9919e-05	9.9919e-05	9.9919e-05	9.9919e-05
9.99369e-05	0.796481	0.0129158	9.99369e-05	9.99369e-05	9.99369e-05	0.0319055	9.99369e-05	0.00520113	9.99369e-05	0.152797	9.99369e-05
0.00953777	9.9928e-05	9.9928e-05	0.810802	9.9928e-05	0.0115771	9.9928e-05	9.9928e-05	9.9928e-05	9.9928e-05	9.9928e-05	0.167283
9.99101e-05	9.99101e-05	9.99101e-05	0.612908	9.99101e-05	9.99101e-05	9.99101e-05	9.99101e-05	9.99101e-05	9.99101e-05	9.99101e-05	0.386092
0.0452244	0.0383859	0.0152898	9.9964e-05	0.0256998	0.0183344	9.9964e-05	0.0365078	0.0383863	0.781772	9.9964e-05	9.9964e-05
0.0513206	0.0515909	9.9946e-05	9.9946e-05	0.0249145	9.9946e-05	9.9946e-05	0.0577032	0.0143209	0.79955	9.9946e-05	9.9946e-05
0.0055847	0.0173609	9.9973e-05	0.0154832	0.0110996	0.00660072	9.9973e-05	0.0405573	0.0185846	0.844357	9.9973e-05	0.0400724
9.99281e-05	0.00471914	9.99281e-05	9.99281e-05	9.99281e-05	9.99281e-05	9.99281e-05	0.0181501	0.0282666	0.948065	9.99281e-05	9.99281e-05
9.9928e-05	9.9928e-05	9.9928e-05	0.00780111	0.00377452	9.9928e-05	9.9928e-05	0.0281812	9.9928e-05	0.959444	9.9928e-05	9.9928e-05
0.00330543	9.9955e-05	0.0154218	9.9955e-05	9.9955e-05	0.00269885	9.9955e-05	0.01273	0.0129264	0.951233	9.9955e-05	0.00118471
0.00113281	9.99371e-05	0.0130895	9.99371e-05	9.99371e-05	9.99371e-05	0.0206	9.99371e-05	9.99371e-05	0.961522	0.0029558	9.99371e-05
0.00281561	9.9937e-05	9.9937e-05	0.00330817	9.9937e-05	9.9937e-05	9.9937e-05	9.9937e-05	0.0160337	0.970044	0.00709887	9.9937e-05
9.99281e-05	0.00320713	9.99281e-05	9.99281e-05	9.99281e-05	0.0152564	0.0230424	9.99281e-05	9.99281e-05	0.957695	9.99281e-05	9.99281e-05
9.99011e-05	9.99011e-05	9.99011e-05	9.99011e-05	9.99011e-05	9.99011e-05	9.99011e-05	9.99011e-05	9.99011e-05	0.998901	9.99011e-05	9.99011e-05
9.9937e-05	0.0153992	9.9937e-05	0.0133098	9.9937e-05	0.016057	9.9937e-05	9.9937e-05	9.9937e-05	0.918503	0.0360316	9.9937e-05
0.00392256	0.0331036	9.9955e-05	0.00989607	0.00458013	0.0238274	9.9955e-05	9.9955e-05	9.9955e-05	0.91361	0.0105602	9.9955e-05
0.000949822	0.021585	9.9946e-05	0.0180775	9.9946e-05	9.9946e-05	9.9946e-05	9.9946e-05	9.9946e-05	0.940959	0.0159002	0.00192897
0.382492	0.00234585	0.00616992	0.050905	9.99551e-05	9.99551e-05	0.00569041	9.99551e-05	9.99551e-05	0.550722	0.00117477	9.99551e-05
0.412544	9.99191e-05	9.99191e-05	0.0346077	9.99191e-05	9.99191e-05	9.99191e-05	9.99191e-05	9.99191e-05	0.551949	9.99191e-05	9.99191e-05
9.99101e-05	9.99101e-05	9.99101e-05	9.99101e-05	9.99101e-05	9.99101e-05	9.99101e-05	9.99101e-05	9.99101e-05	0.997638	0.00136294	9.99101e-05
9.9928e-05	0.0221806	0.00468735	9.9928e-05	9.9928e-05	9.9928e-05	9.9928e-05	0.0301231	9.9928e-05	0.942209	9.9928e-05	9.9928e-05
9.9946e-05	0.00344392	0.0386078	9.9946e-05	9.9946e-05	9.9946e-05	0.00218427	0.0185733	9.9946e-05	0.919218	0.0173734	9.9946e-05
0.0148969	9.9964e-05	0.00180242	0.003786	0.027951	9.9964e-05	9.9964e-05	9.9964e-05	0.0245357	0.921083	0.0053925	0.000152726
9.99284e-05	0.000281891	0.00609282	9.99284e-05	9.99284e-05	0.00350919	9.99284e-05	9.99284e-05	9.99284e-05	0.989317	9.99284e-05	9.99284e-05
0.407826	9.99191e-05	9.99191e-05	0.048456	9.99191e-05	9.99191e-05	9.99191e-05	9.99191e-05	9.99191e-05	0.542819	9.99191e-05	9.99191e-05
0.00668424	9.9955e-05	9.9955e-05	0.0270451	0.019506	9.9955e-05	0.0138856	0.040869	0.00989186	0.881618	9.9955e-05	9.9955e-05
9.99281e-05	9.99281e-05	9.99281e-05	9.99281e-05	9.99281e-05	0.0257655	0.0315671	9.99281e-05	9.99281e-05	0.917308	9.99281e-05	0.0245601
9.9946e-05	0.0189524	9.9946e-05	9.9946e-05	0.00842931	9.9946e-05	9.9946e-05	0.0118505	0.0128205	0.941955	9.9946e-05	0.00539235
9.9964e-05	9.9964e-05	0.00431307	9.9964e-05	0.00877905	0.00175303	0.030824	0.00550663	0.00329163	0.929573	0.0155595	9.9964e-05
0.00386836	0.025447	9.9964e-05	0.0399487	0.0197391	0.00437674	9.9964e-05	0.0368966	0.0328537	0.83647	9.9964e-05	9.9964e-05
9.99281e-05	0.024239	0.0353152	9.99281e-05	9.99281e-05	9.99281e-05	9.99281e-05	0.0082893	9.99281e-05	0.931357	9.99281e-05	9.99281e-05
0.557418	9.9946e-05	0.244422	9.9946e-05	0.00884373	0.115377	9.9946e-05	9.9946e-05	0.0474474	9.9946e-05	9.9946e-05	0.0258924
0.00895168	9.99191e-05	0.0637522	9.99191e-05	9.99191e-05	9.99191e-05	9.99191e-05	9.99191e-05	9.99191e-05	0.926397	9.99191e-05	9.99191e-05
9.99101e-05	9.99101e-05	0.0184022	9.99101e-05	9.99101e-05	9.99101e-05	9.99101e-05	9.99101e-05	9.99101e-05	0.980599	9.99101e-05	9.99101e-05
0.0342637	0.0102267	0.027133	0.0274399	0.0198165	0.0191873	0.0865412	0.0236117	0.0057027	0.718327	0.0276503	9.9991e-05
9.9928e-05	0.00358283	9.9928e-05	0.0266143	9.9928e-05	0.00383986	9.9928e-05	9.9928e-05	9.9928e-05	0.965164	9.9928e-05	9.9928e-05
0.00344415	9.9946e-05	9.9946e-05	9.9946e-05	0.00289688	0.019289	9.9946e-05	9.9946e-05	0.00584526	0.950933	9.9946e-05	0.0169916
9.99461e-05	9.99461e-05	0.0188127	9.99461e-05	0.00857705	9.99461e-05	9.99461e-05	0.0077865	9.99461e-05	0.956934	0.00215834	0.00513173
0.0175627	9.9937e-05	9.9937e-05	0.00109427	9.9937e-05	0.0125371	9.9937e-05	9.9937e-05	0.0100584	0.958048	9.9937e-05	9.9937e-05
0.87106	9.99459e-05	9.99459e-05	9.99459e-05	0.0127629	9.99459e-05	0.0167593	9.99459e-05	9.99459e-05	0.024424	0.0238168	0.0505768
9.99011e-05	9.99011e-05	9.99011e-05	9.99011e-05	9.99011e-05	9.99011e-05	9.99011e-05	9.99011e-05	9.99011e-05	0.998901	9.99011e-05	9.99011e-05
9.9928e-05	0.0271431	9.9928e-05	9.9928e-05	0.0112215	9.9928e-05	9.9928e-05	0.0149572	9.9928e-05	0.945879	9.9928e-05	9.9928e-05
9.991e-05	9.991e-05	9.991e-05	9.991e-05	0.0238706	9.991e-05	9.991e-05	9.991e-05	9.991e-05	0.97513	9.991e-05	9.991e-05
0.578327	9.99369e-05	0.0371068	9.99369e-05	9.99369e-05	0.0270467	9.99369e-05	9.99369e-05	9.99369e-05	0.0108994	9.99369e-05	0.345921
0.00847837	0.0208751	9.99461e-05	0.00911832	0.0213629	9.99461e-05	9.99461e-05	9.99461e-05	0.0248609	0.914705	9.99461e-05	9.99461e-05
9.9937e-05	9.9937e-05	0.0354272	0.014567	0.0105537	9.9937e-05	9.9937e-05	9.9937e-05	9.9937e-05	0.927802	9.9937e-05	0.0109506
0.00806594	0.00156135	0.0110273	9.9955e-05	0.000287659	9.9955e-05	0.0135707	9.9955e-05	9.9955e-05	0.951322	9.9955e-05	0.0136657
9.991e-05	9.991e-05	0.0170243	9.991e-05	9.991e-05	9.991e-05	9.991e-05	9.991e-05	9.991e-05	0.981977	9.991e-05	9.991e-05
0.618216	9.9937e-05	9.9937e-05	0.282912	9.9937e-05	9.9937e-05	9.9937e-05	0.042697	9.9937e-05	0.0378606	0.0176156	9.9937e-05
9.99191e-05	9.99191e-05	9.99191e-05	9.99191e-05	9.99191e-05	0.0125776	9.99191e-05	9.99191e-05	0.00791513	0.978608	9.99191e-05	9.99191e-05
9.9946e-05	0.0202464	0.0455593	9.9946e-05	0.00518271	9.9946e-05	9.9946e-05	0.000956526	0.00628506	0.92117	9.9946e-05	9.9946e-05
0.442837	9.99191e-05	9.99191e-05	0.0458722	9.99191e-05	9.99191e-05	9.99191e-05	9.99191e-05	9.99191e-05	0.510392	9.99191e-05	9.99191e-05
9.9946e-05	0.00196652	9.9946e-05	0.00542085	9.9946e-05	0.00230582	0.00259106	9.9946e-05	9.9946e-05	0.976711	9.9946e-05	0.0104055
0.170942	9.9946e-05	9.9946e-05	0.618748	9.9946e-05	9.9946e-05	9.9946e-05	0.00581312	9.9946e-05	0.0180956	0.0295977	0.156204
0.241714	9.9937e-05	9.9937e-05	0.627518	9.9937e-05	9.9937e-05	9.9937e-05	9.9937e-05	0.0130893	9.9937e-05	0.0325708	0.0844084
0.011678	9.9955e-05	0.0450954	0.755105	9.9955e-05	0.0255284	0.025367	9.9955e-05	9.9955e-05	0.0307597	9.9955e-05	0.105967
0.819556	0.026076	9.9964e-05	0.045655	9.9964e-05	9.9964e-05	0.0254967	9.9964e-05	0.00491391	0.0434202	0.00792545	0.0265573
0.00058762	0.0331749	0.0024062	0.0349982	0.042459	0.776172	9.9982e-05	0.0509186	0.0249421	0.0291035	0.00503806	9.9982e-05
0.0346176	9.9964e-05	0.0110277	0.747191	9.9964e-05	0.0134939	0.0336222	9.9964e-05	0.00205286	0.0600855	9.9964e-05	0.0975093
0.204065	9.9973e-05	0.0195959	0.196622	0.0342644	0.324117	0.00821276	9.9973e-05	0.0022909	9.9973e-05	0.0299617	0.18057
0.127497	9.9946e-05	9.9946e-05	0.696762	9.9946e-05	0.00707279	9.9946e-05	9.9946e-05	0.0514557	0.0170428	9.9946e-05	0.0995701
0.212033	9.9955e-05	0.0294645	0.658996	0.0306011	0.0390056	9.9955e-05	9.9955e-05	0.0119432	9.9955e-05	0.0174576	9.9955e-05
0.211703	9.9955e-05	9.9955e-05	0.626351	0.0164436	0.00555222	9.9955e-05	9.9955e-05	9.9955e-05	0.013577	0.0313133	0.0945604
0.263058	9.9964e-05	0.0160705	0.595696	0.0340976	9.9964e-05	0.00197583	9.9964e-05	0.0364379	9.9964e-05	0.033972	0.0182928
0.282906	9.9955e-05	9.9955e-05	0.549123	0.0303426	0.0430058	9.9955e-05	9.9955e-05	0.0519966	0.0210911	9.9955e-05	0.0210352
9.9946e-05	9.9946e-05	9.9946e-05	0.872155	9.9946e-05	0.00658793	9.9946e-05	0.00284053	0.0310382	9.9946e-05	0.00580595	0.0809726
9.9946e-05	9.9946e-05	9.9946e-05	0.63467	0.0263311	0.0694749	9.9946e-05	9.9946e-05	0.0110515	0.0188292	9.9946e-05	0.239044
9.9937e-05	9.9937e-05	9.9937e-05	0.640354	0.0105324	0.095411	9.9937e-05	9.9937e-05	9.9937e-05	0.0168952	9.9937e-05	0.236108
0.7284	9.9964e-05	9.9964e-05	0.0808691	0.0367964	0.0290924	0.0149795	0.0124265	9.9964e-05	0.0477162	0.0493204	9.9964e-05
9.9928e-05	0.000327095	9.9928e-05	9.9928e-05	9.9928e-05	9.9928e-05	0.969196	0.00292485	9.9928e-05	9.9928e-05	0.0267525	9.9928e-05
9.9955e-05	0.0252717	0.000640509	9.9955e-05	9.9955e-05	9.9955e-05	0.895012	9.9955e-05	0.00330486	0.00378566	0.0580128	0.0134728
9.9973e-05	0.0187089	9.9973e-05	9.9973e-05	0.0213951	0.0224409	0.208027	0.0502348	0.585234	0.00121061	0.0879171	0.00453146
0.322432	0.00146961	0.0284796	0.0315722	9.9982e-05	0.303064	0.0272713	0.0345741	9.9982e-05	0.088869	0.0943256	0.067743
9.9928e-05	0.0606423	0.0211529	9.9928e-05	9.9928e-05	9.9928e-05	0.906548	9.9928e-05	0.0108575	9.9928e-05	9.9928e-05	9.9928e-05
0.00736401	0.06689	0.030675	9.99459e-05	9.99459e-05	9.99459e-05	0.872136	9.99459e-05	9.99459e-05	0.010977	0.0113584	9.99459e-05
0.157098	0.0242028	0.0177973	9.9964e-05	9.9964e-05	0.116087	0.0315705	9.9964e-05	0.0205983	0.110408	9.9964e-05	0.521838
9.9946e-05	0.00468952	9.9946e-05	9.9946e-05	0.224487	0.0118472	0.213376	9.9946e-05	0.382855	9.9946e-05	0.162146	9.9946e-05
0.0202725	0.0298235	9.9964e-05	9.9964e-05	0.316658	0.00375038	0.126194	9.9964e-05	0.3696	0.00500562	0.128296	9.9964e-05
9.9973e-05	0.0102596	0.00254025	0.00131811	0.352873	0.00505388	0.10021	9.9973e-05	0.434683	0.0231029	0.0696586	9.9973e-05
0.0771122	0.069731	9.9973e-05	0.00960598	0.55026	0.0237915	9.9973e-05	0.0250444	0.207246	0.000698231	0.0362106	9.9973e-05
0.0320343	0.0446374	9.9973e-05	0.0132461	0.570743	0.0168994	9.9973e-05	0.00966773	0.261495	0.00376162	0.0472146	9.9973e-05
0.0306535	0.043431	0.0159661	0.0216528	0.39135	9.9973e-05	0.0736435	0.00802894	0.406887	9.9973e-05	0.00808809	9.9973e-05
9.99369e-05	0.0853187	0.0241692	9.99369e-05	0.0350538	0.771827	9.99369e-05	0.0829314	9.99369e-05	9.99369e-05	9.99369e-05	9.99369e-05
0.0309877	0.00937312	9.9955e-05	9.9955e-05	0.0442322	0.00406473	0.265699	9.9955e-05	0.640935	0.00420775	9.9955e-05	9.9955e-05
0.890272	0.0608402	9.99326e-05	9.99326e-05	9.99326e-05	9.99326e-05	9.99326e-05	9.99326e-05	9.99326e-05	0.00199215	9.99326e-05	0.0460964
0.919784	9.9955e-05	9.9955e-05	0.00734553	9.9955e-05	0.0191962	0.00466674	0.0137018	0.014188	0.0206182	9.9955e-05	9.9955e-05
0.0170975	9.9946e-05	0.00995998	9.9946e-05	9.9946e-05	9.9946e-05	0.0682215	0.0132265	0.792349	9.9946e-05	0.0985453	9.9946e-05
0.244072	0.0210745	0.0609318	0.0555338	0.0779514	0.0502605	0.0405262	0.0342448	0.110807	0.156489	0.0931531	0.0549554
9.9975e-05	0.000355762	0.00923027	0.0620643	0.0212369	0.777692	0.0114262	0.0610673	0.0316632	9.9975e-05	0.0249643	9.9975e-05
9.9937e-05	9.9937e-05	0.0112557	0.0199921	9.9937e-05	9.9937e-05	0.0472352	9.9937e-05	0.0169197	9.9937e-05	9.9937e-05	0.903898
0.773183	9.9964e-05	0.0642873	0.0736554	0.0230856	0.0352728	9.9964e-05	0.0104316	9.9964e-05	0.00891957	9.9964e-05	0.0107647
0.018053	9.9955e-05	0.0251443	9.9955e-05	0.0485586	9.9955e-05	0.197422	9.9955e-05	0.00437133	0.0120865	9.9955e-05	0.693865
0.0191055	0.0126525	0.0253474	9.9973e-05	0.0242063	0.757103	0.0459515	0.0133739	9.9973e-05	9.9973e-05	0.0140815	0.0878782
0.0278655	9.9964e-05	0.0480667	9.9964e-05	0.183362	0.00934868	0.689388	0.00664093	9.9964e-05	0.0226429	9.9964e-05	0.0122862
9.9937e-05	9.9937e-05	9.9937e-05	9.9937e-05	0.00676396	0.8589	9.9937e-05	0.0999214	0.0161147	0.0176	9.9937e-05	9.9937e-05
0.0600051	0.269884	9.9973e-05	0.12923	0.0282228	9.9973e-05	0.000298138	0.117919	9.9973e-05	0.0576612	0.303123	0.0333565
0.894454	9.9928e-05	9.9928e-05	9.9928e-05	0.00724963	9.9928e-05	9.9928e-05	9.9928e-05	9.9928e-05	0.0321029	9.9928e-05	0.0653938
9.9928e-05	9.9928e-05	9.9928e-05	0.0324491	9.9928e-05	9.9928e-05	0.307324	9.9928e-05	0.632124	0.0273027	9.9928e-05	9.9928e-05
9.9928e-05	9.9928e-05	9.9928e-05	9.9928e-05	0.00204593	9.9928e-05	0.00456631	9.9928e-05	0.397184	9.9928e-05	9.9928e-05	0.595405
0.013721	9.9955e-05	9.9955e-05	0.0472088	0.042234	9.9955e-05	9.9955e-05	0.000301054	0.87812	0.0112443	9.9955e-05	0.00667105
0.0358536	9.9982e-05	0.228097	0.0715242	0.0209889	0.265226	0.0385502	0.0409952	0.00869934	0.0187039	9.9982e-05	0.271161
9.9919e-05	9.9919e-05	9.9919e-05	9.9919e-05	0.00127828	9.9919e-05	9.9919e-05	0.00731805	0.990504	9.9919e-05	9.9919e-05	9.9919e-05
0.00212865	9.9937e-05	9.9937e-05	0.0867105	9.9937e-05	0.858162	9.9937e-05	0.0308651	0.0214346	9.9937e-05	9.9937e-05	9.9937e-05
0.0307855	0.00272059	0.0071787	0.0197622	0.00763839	0.0849514	9.9973e-05	9.9973e-05	0.793935	0.0266669	0.0260617	9.9973e-05
0.0105066	9.9946e-05	9.9946e-05	0.0246042	9.9946e-05	0.0881657	9.9946e-05	9.9946e-05	0.838251	0.0284047	9.9946e-05	0.00946845
0.847906	9.9937e-05	9.9937e-05	0.0265487	9.9937e-05	0.0285474	9.9937e-05	9.9937e-05	0.0658843	9.9937e-05	9.9937e-05	0.0304142
0.368927	0.0319385	0.0324123	0.0960234	9.99731e-05	0.0193082	0.290976	0.000868584	9.99731e-05	9.99731e-05	0.0658455	0.0934008
0.329765	9.9964e-05	0.0482786	9.9964e-05	0.0178346	0.145217	0.012287	9.9964e-05	0.0417317	0.0227021	9.9964e-05	0.381784
9.9955e-05	0.0216777	0.054619	0.0256097	0.790866	9.9955e-05	9.9955e-05	9.9955e-05	0.0590553	0.00738571	0.0402867	9.9955e-05
9.9946e-05	0.0139137	9.9946e-05	0.005936	0.872881	0.000251282	9.9946e-05	9.9946e-05	0.0157425	9.9946e-05	0.0906762	9.9946e-05
0.0250537	9.9955e-05	0.0566365	9.9955e-05	0.809307	0.0262136	9.9955e-05	9.9955e-05	9.9955e-05	0.00227148	0.0790069	0.00101081
0.0200179	0.0154827	0.00314485	0.0360481	0.824338	0.0364383	9.9964e-05	9.9964e-05	9.9964e-05	0.00402474	0.0601056	9.9964e-05
0.918042	9.9937e-05	0.00880629	9.9937e-05	0.0370717	9.9937e-05	9.9937e-05	0.009408	9.9937e-05	9.9937e-05	0.0259729	9.9937e-05
0.849665	0.0366285	9.9946e-05	0.035763	9.9946e-05	9.9946e-05	9.9946e-05	9.9946e-05	0.00388235	0.0127464	0.0607148	9.9946e-05
0.747076	9.9955e-05	0.0265268	0.0911082	0.0227608	0.003892	9.9955e-05	0.0851167	9.9955e-05	0.0230199	9.9955e-05	9.9955e-05
9.9946e-05	0.0479546	0.0638153	9.9946e-05	0.380393	9.9946e-05	0.16454	0.0411691	0.301528	9.9946e-05	9.9946e-05	9.9946e-05
0.19529	9.9991e-05	0.0139162	0.0603262	0.0834599	0.14458	0.0585186	0.0343984	0.126963	0.155987	0.0561656	0.0702958
0.328697	0.181681	9.9955e-05	0.0149574	0.0176491	9.9955e-05	9.9955e-05	0.0675054	9.9955e-05	0.117	0.27201	9.9955e-05
0.681557	0.0420552	0.0429898	0.106188	9.9955e-05	9.9955e-05	9.9955e-05	0.0189659	9.9955e-05	0.0277221	0.0800223	9.9955e-05
0.591229	0.0177215	0.0237034	0.0925068	9.9955e-05	9.9955e-05	9.9955e-05	0.0425948	9.9955e-05	0.0978079	0.133937	9.9955e-05
0.691606	0.0855498	9.9955e-05	0.00931796	0.0288465	9.9955e-05	9.9955e-05	9.9955e-05	9.9955e-05	0.0203726	0.147876	0.0159316
0.460896	0.110001	9.9946e-05	9.9946e-05	9.9946e-05	9.9946e-05	0.0131971	9.9946e-05	9.9946e-05	0.133149	0.242791	0.039366
9.9937e-05	0.849803	0.0799958	0.0436494	0.00413516	9.9937e-05	0.021717	9.9937e-05	9.9937e-05	9.9937e-05	9.9937e-05	9.9937e-05
0.00393435	0.00759842	9.9955e-05	0.588656	9.9955e-05	0.0341521	9.9955e-05	0.0028795	9.9955e-05	9.9955e-05	0.0131711	0.349109
0.226513	9.9955e-05	0.015782	0.287296	0.00213729	0.0952271	9.9955e-05	9.9955e-05	9.9955e-05	0.0523616	9.9955e-05	0.320183
9.9928e-05	9.9928e-05	0.0333763	9.9928e-05	9.9928e-05	9.9928e-05	9.9928e-05	0.000983035	0.901535	9.9928e-05	0.0633058	9.9928e-05
9.9946e-05	0.0154292	0.0243861	0.00641754	9.9946e-05	0.0165914	9.9946e-05	9.9946e-05	0.833844	9.9946e-05	0.102733	9.9946e-05
9.9937e-05	0.0146478	0.0564849	0.0135618	9.9937e-05	9.9937e-05	9.9937e-05	9.9937e-05	0.77991	9.9937e-05	0.134696	9.9937e-05
9.9964e-05	0.0722711	0.0690814	9.9964e-05	0.145887	0.0107185	0.16118	0.0204575	0.307042	9.9964e-05	0.212964	9.9964e-05
9.99278e-05	0.00949393	0.00342826	9.99278e-05	9.99278e-05	9.99278e-05	9.99278e-05	9.99278e-05	0.00214642	9.99278e-05	0.984132	9.99278e-05
9.99007e-05	9.99007e-05	9.99007e-05	9.99007e-05	9.99007e-05	9.99007e-05	9.99007e-05	9.99007e-05	9.99007e-05	9.99007e-05	0.998901	9.99007e-05
0.840265	0.0441228	9.9937e-05	0.0162443	9.9937e-05	9.9937e-05	9.9937e-05	0.0177197	9.9937e-05	9.9937e-05	0.0809481	9.9937e-05
0.774672	0.0576969	9.99639e-05	0.020621	0.0291816	9.99639e-05	0.0130779	0.0252627	0.00274231	9.99639e-05	0.0763458	9.99639e-05
0.905964	0.0325687	9.99281e-05	0.0474314	9.99281e-05	9.99281e-05	9.99281e-05	9.99281e-05	9.99281e-05	0.0132365	9.99281e-05	9.99281e-05
9.9946e-05	0.0330942	9.9946e-05	9.9946e-05	9.9946e-05	0.671	9.9946e-05	0.0410395	0.0207703	0.0130117	9.9946e-05	0.220485
0.0228134	9.9946e-05	9.9946e-05	9.9946e-05	0.0277564	0.00841543	9.9946e-05	9.9946e-05	0.918903	0.0116105	9.9946e-05	0.0099019
0.0149499	9.9937e-05	9.9937e-05	9.9937e-05	9.9937e-05	9.9937e-05	0.0380265	9.9937e-05	0.907017	0.0282649	9.9937e-05	0.0110421
9.9937e-05	9.9937e-05	9.9937e-05	9.9937e-05	0.00780178	9.9937e-05	0.0759472	0.00471286	0.900897	9.9937e-05	9.9937e-05	0.00994124
9.9937e-05	9.9937e-05	9.9937e-05	9.9937e-05	0.00558811	9.9937e-05	0.13987	9.9937e-05	0.769818	9.9937e-05	0.0185464	0.0654776
0.00932646	9.99549e-05	0.0271078	9.99549e-05	9.99549e-05	9.99549e-05	0.0606235	0.0212729	0.818406	0.0227151	9.99549e-05	0.0400487
9.9928e-05	0.0143467	9.9928e-05	9.9928e-05	9.9928e-05	9.9928e-05	0.00202649	9.9928e-05	0.0356519	9.9928e-05	9.9928e-05	0.947175
0.0384396	9.9973e-05	0.0912906	9.9973e-05	0.0767826	0.0322839	0.306169	0.0228696	0.122902	0.0578921	0.251071	9.9973e-05
9.991e-05	9.991e-05	9.991e-05	9.991e-05	9.991e-05	0.959013	9.991e-05	9.991e-05	9.991e-05	9.991e-05	0.0399882	9.991e-05
9.9928e-05	9.9928e-05	9.9928e-05	9.9928e-05	9.9928e-05	9.9928e-05	9.9928e-05	0.0186344	0.0406091	9.9928e-05	0.00101092	0.938946
0.718878	9.99369e-05	0.161783	9.99369e-05	9.99369e-05	0.068494	9.99369e-05	9.99369e-05	0.00294863	9.99369e-05	9.99369e-05	0.047196
9.99098e-05	9.99098e-05	9.99098e-05	0.0409028	9.99098e-05	9.99098e-05	9.99098e-05	9.99098e-05	9.99098e-05	9.99098e-05	9.99098e-05	0.958098
9.99008e-05	9.99008e-05	9.99008e-05	9.99008e-05	9.99008e-05	9.99008e-05	9.99008e-05	9.99008e-05	9.99008e-05	9.99008e-05	9.99008e-05	0.998901
9.99008e-05	9.99008e-05	9.99008e-05	9.99008e-05	9.99008e-05	9.99008e-05	9.99008e-05	9.99008e-05	9.99008e-05	9.99008e-05	9.99008e-05	0.998901
0.0037297	0.00110116	0.00487501	0.0459804	0.0250799	9.9955e-05	9.9955e-05	9.9955e-05	0.885153	0.0335814	9.9955e-05	9.9955e-05
9.9928e-05	9.9928e-05	9.9928e-05	9.9928e-05	9.9928e-05	0.00334131	9.9928e-05	0.00193777	0.961676	9.9928e-05	9.9928e-05	0.0322459
9.99189e-05	9.99189e-05	0.792984	9.99189e-05	9.99189e-05	9.99189e-05	0.0677204	9.99189e-05	0.138397	9.99189e-05	9.99189e-05	9.99189e-05
0.0212944	0.0155577	0.0301665	9.9955e-05	9.9955e-05	9.9955e-05	9.9955e-05	0.00555325	0.911843	0.0126245	9.9955e-05	0.00246087
9.9901e-05	9.9901e-05	9.9901e-05	9.9901e-05	9.9901e-05	9.9901e-05	9.9901e-05	9.9901e-05	0.998901	9.9901e-05	9.9901e-05	9.9901e-05
9.9919e-05	9.9919e-05	9.9919e-05	9.9919e-05	9.9919e-05	9.9919e-05	0.142718	9.9919e-05	0.242872	9.9919e-05	9.9919e-05	0.61351
0.0231255	0.00524056	9.9955e-05	0.00914257	0.0398961	9.9955e-05	0.0468309	9.9955e-05	0.754881	9.9955e-05	0.120384	9.9955e-05
0.0310752	9.9946e-05	9.9946e-05	9.9946e-05	9.9946e-05	9.9946e-05	0.095829	0.00625748	0.684255	9.9946e-05	0.172273	0.00971034
0.0234718	0.0452463	0.0976812	9.9964e-05	9.9964e-05	9.9964e-05	0.150954	0.250067	0.0689951	0.00524465	0.35794	9.9964e-05
9.9928e-05	9.9928e-05	9.9928e-05	9.9928e-05	9.9928e-05	0.847485	9.9928e-05	0.008493	9.9928e-05	0.0221429	9.9928e-05	0.121079
9.9937e-05	9.9937e-05	0.0550821	9.9937e-05	0.00320281	9.9937e-05	0.183596	9.9937e-05	0.614593	9.9937e-05	9.9937e-05	0.142826
0.286258	9.9964e-05	0.00244832	0.0213716	0.0682102	0.0156719	0.184815	9.9964e-05	9.9964e-05	0.397522	9.9964e-05	0.0233036
9.9919e-05	9.9919e-05	9.9919e-05	9.9919e-05	9.9919e-05	9.9919e-05	0.282946	9.9919e-05	0.510559	9.9919e-05	9.9919e-05	0.205596
9.9937e-05	0.00453355	9.9937e-05	0.00387983	9.9937e-05	9.9937e-05	9.9937e-05	9.9937e-05	0.947961	0.0241441	9.9937e-05	0.0187821
9.99189e-05	9.99189e-05	9.99189e-05	9.99189e-05	0.00511764	9.99189e-05	9.99189e-05	9.99189e-05	0.00527703	9.99189e-05	9.99189e-05	0.988706
9.9937e-05	0.0382227	9.9937e-05	0.10124	9.9937e-05	9.9937e-05	9.9937e-05	0.0248217	0.248995	9.9937e-05	9.9937e-05	0.586021
0.0073408	0.0262693	9.9937e-05	9.9937e-05	9.9937e-05	0.844766	9.9937e-05	0.0638888	9.9937e-05	9.9937e-05	9.9937e-05	0.0570352
9.9919e-05	0.941094	9.9919e-05	9.9919e-05	9.9919e-05	9.9919e-05	9.9919e-05	0.0550338	9.9919e-05	9.9919e-05	0.00297337	9.9919e-05
0.016835	9.99281e-05	9.99281e-05	0.953793	9.99281e-05	9.99281e-05	9.99281e-05	9.99281e-05	9.99281e-05	9.99281e-05	0.00526736	0.0233048
9.9919e-05	9.9919e-05	9.9919e-05	0.0340795	9.9919e-05	9.9919e-05	9.9919e-05	0.930786	9.9919e-05	9.9919e-05	9.9919e-05	0.0342352
0.0219359	0.0177027	9.9955e-05	0.0378342	9.9955e-05	0.845499	9.9955e-05	0.0120734	0.0337243	9.9955e-05	9.9955e-05	0.0307304
9.9937e-05	0.00564184	9.9937e-05	0.0372425	9.9937e-05	0.833091	9.9937e-05	9.9937e-05	0.0551243	9.9937e-05	9.9937e-05	0.0682007
9.99189e-05	0.00484507	0.0135995	9.99189e-05	9.99189e-05	9.99189e-05	9.99189e-05	0.980656	9.99189e-05	9.99189e-05	9.99189e-05	9.99189e-05
9.99459e-05	0.460449	0.135708	0.111023	0.0162013	0.0725191	9.99459e-05	9.99459e-05	9.99459e-05	9.99459e-05	9.99459e-05	0.2035
9.9928e-05	9.9928e-05	9.9928e-05	9.9928e-05	9.9928e-05	0.88033	9.9928e-05	0.0560018	9.9928e-05	0.0098612	9.9928e-05	0.0530071
0.0723666	0.0299462	0.0902669	9.9964e-05	9.9964e-05	9.9964e-05	0.14148	0.225962	0.0807388	0.0311972	0.327643	9.9964e-05
0.9119	0.0227356	9.9937e-05	0.0520124	9.9937e-05	0.00821243	9.9937e-05	9.9937e-05	9.9937e-05	0.00444029	9.9937e-05	9.9937e-05
0.711229	9.99279e-05	0.17816	9.99279e-05	9.99279e-05	0.0793997	9.99279e-05	9.99279e-05	9.99279e-05	9.99279e-05	9.99279e-05	0.0304118
9.991e-05	9.991e-05	9.991e-05	9.991e-05	9.991e-05	9.991e-05	9.991e-05	9.991e-05	0.000409126	0.998592	9.991e-05	9.991e-05
0.638536	9.9937e-05	0.202993	0.0279093	9.9937e-05	0.114568	9.9937e-05	9.9937e-05	0.0152929	9.9937e-05	9.9937e-05	9.9937e-05
0.815963	9.9946e-05	9.9946e-05	0.0823711	9.9946e-05	0.0541542	0.00449982	9.9946e-05	9.9946e-05	0.00984806	9.9946e-05	0.0325645
0.320294	9.99281e-05	9.99281e-05	0.066887	9.99281e-05	0.600386	9.99281e-05	9.99281e-05	0.0116337	9.99281e-05	9.99281e-05	9.99281e-05
0.849175	9.9946e-05	9.9946e-05	0.0405927	0.00577903	0.0477816	9.9946e-05	9.9946e-05	9.9946e-05	0.00906304	9.9946e-05	0.0470094
0.21735	0.0888564	0.0368438	0.570867	0.0347275	0.00866862	9.9973e-05	0.00229208	0.00143107	0.0386642	9.9973e-05	9.9973e-05
0.899279	9.9937e-05	9.9937e-05	9.9937e-05	0.0222612	9.9937e-05	9.9937e-05	0.0290654	9.9937e-05	9.9937e-05	0.0280248	0.0206703
0.0847657	0.198025	9.99459e-05	0.0397329	9.99459e-05	9.99459e-05	9.99459e-05	0.310692	9.99459e-05	0.10594	0.260245	9.99459e-05
0.0731203	9.9946e-05	9.9946e-05	0.0912614	0.0509037	9.9946e-05	9.9946e-05	0.675648	9.9946e-05	9.9946e-05	0.0426853	0.0657812
0.201984	0.16639	0.0164454	0.110429	9.99731e-05	0.0834284	9.99731e-05	0.0584543	9.99731e-05	0.0101024	0.166109	0.186358
0.850687	0.0205865	0.0125405	0.0368302	9.9964e-05	9.9964e-05	9.9964e-05	0.0214148	0.0266082	0.0166459	9.9964e-05	0.0142868
9.9928e-05	9.9928e-05	9.9928e-05	9.9928e-05	9.9928e-05	9.9928e-05	0.132321	0.012359	0.836442	0.0180784	9.9928e-05	9.9928e-05
0.000366057	0.0135516	0.018456	0.934904	9.9955e-05	9.9955e-05	9.9955e-05	0.00831218	0.0163274	9.9955e-05	9.9955e-05	0.00758258
0.095217	0.288607	9.99459e-05	0.0581469	9.99459e-05	9.99459e-05	9.99459e-05	0.208666	9.99459e-05	0.0548464	0.293917	9.99459e-05
9.9946e-05	0.0340782	0.0133399	0.914222	9.9946e-05	0.00320819	9.9946e-05	0.0111066	9.9946e-05	9.9946e-05	9.9946e-05	0.0234459
9.9919e-05	9.9919e-05	9.9919e-05	9.9919e-05	9.9919e-05	9.9919e-05	0.0708899	9.9919e-05	0.756907	9.9919e-05	0.171304	9.9919e-05
9.9928e-05	9.9928e-05	9.9928e-05	9.9928e-05	9.9928e-05	0.945683	0.00720555	9.9928e-05	9.9928e-05	9.9928e-05	0.0120945	0.0342171
9.9937e-05	9.9937e-05	9.9937e-05	9.9937e-05	9.9937e-05	0.0185468	0.0116076	9.9937e-05	0.00226986	0.966664	0.00021233	9.9937e-05
0.0382302	9.9955e-05	9.9955e-05	9.9955e-05	0.0157794	0.0604086	0.119865	0.0364631	9.9955e-05	0.70335	0.0254033	9.9955e-05
0.91839	0.0203314	9.99371e-05	0.0233462	9.99371e-05	0.0197623	9.99371e-05	9.99371e-05	9.99371e-05	0.0174702	9.99371e-05	9.99371e-05
0.23624	9.9937e-05	9.9937e-05	0.280206	9.9937e-05	0.0958383	9.9937e-05	9.9937e-05	9.9937e-05	0.0471213	9.9937e-05	0.339894
9.9901e-05	9.9901e-05	9.9901e-05	9.9901e-05	9.9901e-05	0.998901	9.9901e-05	9.9901e-05	9.9901e-05	9.9901e-05	9.9901e-05	9.9901e-05
9.9901e-05	9.9901e-05	9.9901e-05	9.9901e-05	9.9901e-05	0.998901	9.9901e-05	9.9901e-05	9.9901e-05	9.9901e-05	9.9901e-05	9.9901e-05
9.99639e-05	0.0240232	0.116885	0.278092	0.0506626	0.0780296	0.0546725	9.99639e-05	0.0286963	9.99639e-05	9.99639e-05	0.368539
0.280064	9.9955e-05	0.00816974	0.357757	0.000191651	0.0410361	9.9955e-05	9.9955e-05	9.9955e-05	0.0202211	9.9955e-05	0.292061
9.99189e-05	9.99189e-05	0.0440071	9.99189e-05	9.99189e-05	9.99189e-05	9.99189e-05	9.99189e-05	0.807386	9.99189e-05	0.147707	9.99189e-05
9.99097e-05	9.99097e-05	9.99097e-05	9.99097e-05	9.99097e-05	9.99097e-05	9.99097e-05	0.00310426	9.99097e-05	9.99097e-05	0.995897	9.99097e-05
9.99279e-05	9.99279e-05	9.99279e-05	9.99279e-05	0.176675	9.99279e-05	0.0867971	9.99279e-05	0.430144	9.99279e-05	0.305585	9.99279e-05
0.00476436	9.99459e-05	9.99459e-05	9.99459e-05	0.255719	9.99459e-05	0.1719	9.99459e-05	9.99459e-05	0.0524515	0.488575	0.0259905
0.00845606	9.9946e-05	9.9946e-05	9.9946e-05	0.26035	9.9946e-05	0.150737	9.9946e-05	9.9946e-05	0.0202028	0.534338	0.0253166
9.99369e-05	9.99369e-05	9.99369e-05	9.99369e-05	0.137449	0.016459	0.263006	9.99369e-05	0.182463	9.99369e-05	0.399923	9.99369e-05
9.99007e-05	9.99007e-05	9.99007e-05	9.99007e-05	9.99007e-05	9.99007e-05	9.99007e-05	9.99007e-05	9.99007e-05	9.99007e-05	0.998901	9.99007e-05
9.9955e-05	9.9955e-05	0.0269393	9.9955e-05	0.280262	0.0256602	0.161033	9.9955e-05	0.0393133	0.00498469	0.461308	9.9955e-05
0.0145104	9.9937e-05	9.9937e-05	9.9937e-05	0.142135	9.9937e-05	0.332658	9.9937e-05	0.0895815	9.9937e-05	0.420416	9.9937e-05
0.048322	0.172148	9.99459e-05	9.99459e-05	9.99459e-05	0.0353021	9.99459e-05	0.179822	9.99459e-05	0.0290618	0.534744	9.99459e-05
9.9937e-05	9.9937e-05	0.00340202	9.9937e-05	0.129751	9.9937e-05	0.235007	9.9937e-05	0.225225	9.9937e-05	0.405916	9.9937e-05
0.0792614	0.152757	0.0114368	9.99729e-05	0.00419287	0.0154296	9.99729e-05	0.136812	9.99729e-05	0.0320242	0.541051	0.0267354
9.9937e-05	0.140049	0.0462963	0.0719546	9.9937e-05	0.0554383	9.9937e-05	0.685562	9.9937e-05	9.9937e-05	9.9937e-05	9.9937e-05
9.99188e-05	9.99188e-05	0.86395	9.99188e-05	9.99188e-05	9.99188e-05	9.99188e-05	0.124335	9.99188e-05	0.0108158	9.99188e-05	9.99188e-05
9.9964e-05	0.084633	0.00362507	0.0542478	0.0781544	9.9964e-05	0.200513	9.9964e-05	0.17643	0.0141503	0.387846	9.9964e-05
0.0198812	0.152034	0.0156805	0.0561161	0.0965452	0.0104077	0.14708	9.9982e-05	0.140993	0.00890216	0.352159	9.9982e-05
9.99008e-05	9.99008e-05	9.99008e-05	9.99008e-05	9.99008e-05	9.99008e-05	9.99008e-05	9.99008e-05	9.99008e-05	9.99008e-05	0.998901	9.99008e-05
9.99369e-05	9.99369e-05	0.00454751	9.99369e-05	0.142641	9.99369e-05	0.217051	9.99369e-05	0.202286	9.99369e-05	0.432776	9.99369e-05
0.0884349	9.99281e-05	9.99281e-05	0.843917	9.99281e-05	9.99281e-05	0.0202758	0.0465728	9.99281e-05	9.99281e-05	9.99281e-05	9.99281e-05
9.9928e-05	0.00506782	0.0471414	9.9928e-05	9.9928e-05	9.9928e-05	9.9928e-05	9.9928e-05	0.817549	9.9928e-05	0.129442	9.9928e-05
0.00977381	9.9955e-05	9.9955e-05	9.9955e-05	0.216152	0.00800221	0.143848	9.9955e-05	9.9955e-05	0.03705	0.560038	0.024636
9.99371e-05	9.99371e-05	0.0267003	9.99371e-05	0.0409716	9.99371e-05	0.284596	9.99371e-05	0.217498	9.99371e-05	0.429535	9.99371e-05
0.0186978	9.9946e-05	9.9946e-05	9.9946e-05	0.265335	9.9946e-05	0.174022	9.9946e-05	0.0588094	0.0063469	0.476189	9.9946e-05
9.9955e-05	9.9955e-05	0.030318	9.9955e-05	0.21191	9.9955e-05	0.231662	9.9955e-05	0.0985698	0.0158361	0.405831	0.00537389
0.676326	9.99369e-05	0.191144	9.99369e-05	9.99369e-05	0.0785827	9.99369e-05	0.0246476	9.99369e-05	9.99369e-05	9.99369e-05	0.0285998
0.314772	0.0409753	0.0523351	0.440218	0.0452945	9.9973e-05	9.9973e-05	0.00824747	0.00359331	0.0527743	9.9973e-05	0.0414894
9.9919e-05	9.9919e-05	9.9919e-05	9.9919e-05	9.9919e-05	9.9919e-05	0.0984879	9.9919e-05	0.741386	9.9919e-05	0.159227	9.9919e-05
9.9919e-05	0.0392061	9.9919e-05	0.950283	9.9919e-05	9.9919e-05	9.9919e-05	0.00961143	9.9919e-05	9.9919e-05	9.9919e-05	9.9919e-05
0.641477	9.99459e-05	0.209093	9.99459e-05	9.99459e-05	0.0688759	9.99459e-05	0.0113877	0.0111753	9.99459e-05	9.99459e-05	0.0573921
9.99279e-05	0.877547	9.99279e-05	9.99279e-05	9.99279e-05	0.0263689	9.99279e-05	0.0483458	9.99279e-05	9.99279e-05	0.0469385	9.99279e-05
9.99101e-05	9.99101e-05	9.99101e-05	9.99101e-05	9.99101e-05	9.99101e-05	9.99101e-05	9.99101e-05	0.995899	0.00310192	9.99101e-05	9.99101e-05
9.9919e-05	9.9919e-05	9.9919e-05	9.9919e-05	9.9919e-05	9.9919e-05	9.9919e-05	0.00318855	0.979889	0.0160236	9.9919e-05	9.9919e-05
9.9937e-05	9.9937e-05	9.9937e-05	0.0646418	0.0429047	9.9937e-05	0.00370614	9.9937e-05	0.866874	0.0211735	9.9937e-05	9.9937e-05
9.99191e-05	9.99191e-05	9.99191e-05	9.99191e-05	0.00929449	9.99191e-05	9.99191e-05	9.99191e-05	0.978971	0.0108347	9.99191e-05	9.99191e-05
9.9937e-05	0.0589081	9.9937e-05	9.9937e-05	9.9937e-05	0.674214	9.9937e-05	0.0486333	0.031728	9.9937e-05	9.9937e-05	0.185817
0.0564042	0.00235082	9.9946e-05	9.9946e-05	9.9946e-05	9.9946e-05	0.0653571	9.9946e-05	0.808363	0.0292903	9.9946e-05	0.0376349
0.687911	9.99369e-05	0.16633	9.99369e-05	9.99369e-05	0.117131	9.99369e-05	9.99369e-05	0.00815987	9.99369e-05	9.99369e-05	0.0197685
0.910676	0.000676906	0.0246345	9.9937e-05	9.9937e-05	9.9937e-05	9.9937e-05	0.0487913	9.9937e-05	9.9937e-05	0.0145217	9.9937e-05
0.845186	9.9928e-05	9.9928e-05	9.9928e-05	0.028281	9.9928e-05	9.9928e-05	9.9928e-05	9.9928e-05	0.0391133	9.9928e-05	0.0866202
0.906277	9.9946e-05	9.9946e-05	9.9946e-05	9.9946e-05	0.0370991	0.00495943	9.9946e-05	9.9946e-05	0.00953138	0.0195416	0.0219915
0.869835	9.9946e-05	0.0110373	0.0539884	0.0153319	9.9946e-05	9.9946e-05	9.9946e-05	9.9946e-05	0.0133246	9.9946e-05	0.0358835
0.0593261	9.9955e-05	9.9955e-05	0.0173899	0.382948	9.9955e-05	0.0181242	9.9955e-05	9.9955e-05	0.0472467	0.458104	0.016361
0.0560462	9.9955e-05	9.9955e-05	0.0038509	0.350344	0.00714392	0.0250269	9.9955e-05	9.9955e-05	0.0935531	0.463535	9.9955e-05
0.00818	0.0118994	9.9955e-05	0.0206427	0.905042	0.00501164	9.9955e-05	0.0308418	9.9955e-05	9.9955e-05	0.0178823	9.9955e-05
0.0140792	9.99371e-05	0.0210109	9.99371e-05	0.85836	9.99371e-05	9.99371e-05	9.99371e-05	0.105131	9.99371e-05	0.000719468	9.99371e-05
9.99415e-05	9.99415e-05	0.0532225	9.99415e-05	0.925263	9.99415e-05	9.99415e-05	9.99415e-05	0.0183193	0.00221252	0.000282937	9.99415e-05
0.0215532	0.0481646	0.00705752	0.0259985	0.286296	0.0435169	9.9973e-05	0.533146	0.0191301	0.0148368	9.9973e-05	9.9973e-05
0.00167423	9.9946e-05	9.9946e-05	0.0450187	0.917694	0.0046941	9.9946e-05	9.9946e-05	9.9946e-05	0.0103079	0.0200115	9.9946e-05
