0.335199	0.443704	0.221098
0.675773	0.239733	0.084494
0.617766	0.276422	0.105812
0.355448	0.437996	0.206556
0.996825	9.9991e-05	0.00307511
0.633913	0.266215	0.0998724
0.0383357	0.33822	0.623444
9.999e-05	9.999e-05	0.9998
9.999e-05	9.999e-05	0.9998
9.999e-05	9.999e-05	0.9998
0.0648129	0.922472	0.0127149
9.9991e-05	0.984344	0.015556
9.9991e-05	0.988447	0.0114526
9.999e-05	0.9998	9.999e-05
0.050359	0.922861	0.0267802
9.999e-05	9.999e-05	0.9998
0.0823092	0.692658	0.225032
9.999e-05	0.9998	9.999e-05
0.0410398	0.902984	0.0559763
9.999e-05	0.9998	9.999e-05
9.9991e-05	0.948649	0.0512506
9.999e-05	0.9998	9.999e-05
9.999e-05	0.9998	9.999e-05
9.9991e-05	0.969728	0.0301725
9.999e-05	0.9998	9.999e-05
9.999e-05	0.9998	9.999e-05
9.999e-05	0.9998	9.999e-05
0.041671	0.958229	9.9991e-05
9.9991e-05	0.999163	0.000736836
9.999e-05	0.9998	9.999e-05
9.9991e-05	0.99623	0.0036701
9.999e-05	0.9998	9.999e-05
9.999e-05	0.9998	9.999e-05
9.9991e-05	0.978779	0.0211209
9.999e-05	0.9998	9.999e-05
9.999e-05	0.9998	9.999e-05
9.999e-05	0.9998	9.999e-05
9.999e-05	0.9998	9.999e-05
0.454995	0.326586	0.218419
0.9998	9.999e-05	9.999e-05
0.118842	0.881058	9.9991e-05
9.999e-05	0.9998	9.999e-05
9.999e-05	0.9998	9.999e-05
0.578092	0.313737	0.108171
0.0271909	0.885497	0.0873119
9.9991e-05	0.96518	0.0347196
0.0356709	0.950435	0.0138938
0.702086	0.251216	0.0466973
0.744125	0.116672	0.139203
0.149423	0.568972	0.281604
0.0975836	0.66449	0.237926
0.124965	0.632574	0.242461
0.0879052	0.593572	0.318523
0.0132432	0.0114843	0.975272
9.999e-05	9.999e-05	0.9998
0.000463418	0.892544	0.106993
9.999e-05	0.9998	9.999e-05
0.363653	0.482209	0.154137
0.9998	9.999e-05	9.999e-05
0.870863	0.0901591	0.0389775
0.0974056	0.694185	0.20841
0.116008	0.659513	0.224478
0.149819	0.648213	0.201968
9.999e-05	9.999e-05	0.9998
0.9998	9.999e-05	9.999e-05
0.0674017	0.7679	0.164698
0.321021	0.412024	0.266955
9.999e-05	0.9998	9.999e-05
9.999e-05	0.9998	9.999e-05
0.0562099	0.0854659	0.858324
0.0390144	0.093096	0.86789
9.9991e-05	0.0822002	0.9177
9.999e-05	9.999e-05	0.9998
9.999e-05	9.999e-05	0.9998
9.999e-05	9.999e-05	0.9998
9.999e-05	9.999e-05	0.9998
9.999e-05	9.999e-05	0.9998
9.999e-05	9.999e-05	0.9998
9.999e-05	9.999e-05	0.9998
0.0126089	0.00731599	0.980075
0.000387407	0.0444904	0.955122
0.00185911	9.9991e-05	0.998041
9.9991e-05	0.435351	0.564549
9.9991e-05	0.441967	0.557933
9.999e-05	9.999e-05	0.9998
9.999e-05	9.999e-05	0.9998
9.999e-05	9.999e-05	0.9998
0.0136798	0.0100947	0.976225
9.999e-05	9.999e-05	0.9998
9.9991e-05	0.434772	0.565128
0.0293743	0.043059	0.927567
0.0173481	0.0033388	0.979313
9.999e-05	9.999e-05	0.9998
0.0317604	9.9991e-05	0.96814
0.019898	0.0587103	0.921392
9.999e-05	9.999e-05	0.9998
0.219711	0.780189	9.9991e-05
9.9991e-05	0.00421854	0.995681
9.999e-05	9.999e-05	0.9998
0.110435	0.106338	0.783227
9.999e-05	9.999e-05	0.9998
9.999e-05	9.999e-05	0.9998
9.999e-05	9.999e-05	0.9998
9.9991e-05	0.0206743	0.979226
0.0196647	0.980235	9.9991e-05
9.999e-05	9.999e-05	0.9998
9.999e-05	9.999e-05	0.9998
9.999e-05	9.999e-05	0.9998
9.9991e-05	0.998652	0.0012485
0.0499223	0.000595567	0.949482
9.999e-05	9.999e-05	0.9998
9.999e-05	9.999e-05	0.9998
9.999e-05	9.999e-05	0.9998
9.9991e-05	0.972402	0.0274979
9.999e-05	9.999e-05	0.9998
0.0200048	9.9991e-05	0.979895
9.9991e-05	0.491382	0.508518
9.999e-05	9.999e-05	0.9998
9.999e-05	0.9998	9.999e-05
0.00605874	0.993841	9.9991e-05
0.0367269	0.944598	0.0186748
0.0110145	0.974947	0.014039
0.107931	0.669486	0.222584
9.9991e-05	0.956594	0.0433063
0.0847311	0.862136	0.0531329
9.9991e-05	0.988109	0.0117911
0.024382	0.975518	9.9991e-05
0.00395398	0.995946	9.9991e-05
0.0830223	0.916878	9.9991e-05
0.0375976	0.962302	9.9991e-05
0.0299	0.97	9.9991e-05
9.9991e-05	0.958827	0.0410731
9.9991e-05	0.959316	0.0405842
0.0455622	0.896519	0.0579188
0.836744	0.0924432	0.0708124
0.793237	0.0824852	0.124278
0.904712	0.0510461	0.0442422
0.0942708	0.72814	0.177589
0.793677	0.0904418	0.115881
0.803235	0.0907204	0.106044
0.0948841	0.733392	0.171724
0.872255	0.0676888	0.0600567
0.801696	0.11911	0.0791933
0.858117	0.0743164	0.0675665
0.684602	0.195067	0.120331
0.713835	0.151495	0.13467
0.808213	0.153741	0.0380461
0.169011	0.620285	0.210705
0.984506	0.0153942	9.9991e-05
9.9991e-05	0.996948	0.0029516
0.011177	0.988723	9.9991e-05
0.98859	0.0113104	9.9991e-05
0.311642	0.517791	0.170566
0.121877	0.683879	0.194244
0.127624	0.846501	0.0258758
0.0225645	0.973986	0.00344987
0.261811	0.664353	0.0738364
0.12096	0.691793	0.187246
0.737149	0.163596	0.0992554
0.118807	0.668847	0.212345
0.257394	0.498717	0.243889
9.9991e-05	0.993761	0.00613938
0.933579	0.0448372	0.0215837
0.473475	0.513548	0.0129777
0.996124	0.0012581	0.00261834
0.192068	0.672614	0.135318
0.9998	9.999e-05	9.999e-05
0.104568	0.759813	0.135619
0.871917	0.121498	0.00658541
0.927167	0.0635986	0.00923443
0.0626725	0.937227	9.9991e-05
0.323162	0.666074	0.0107636
0.122629	0.814565	0.0628051
0.639963	0.184421	0.175616
0.677368	0.183775	0.138857
0.643286	0.180288	0.176426
0.601674	0.228884	0.169442
0.0160836	0.983816	9.9991e-05
0.0248061	0.968104	0.00708969
9.9991e-05	0.942694	0.0572063
0.766216	0.121967	0.111817
0.304667	0.507173	0.18816
0.152142	0.593374	0.254484
0.058351	0.906332	0.0353172
0.0772544	0.80795	0.114796
0.0804459	0.855106	0.0644478
0.149804	0.64702	0.203176
0.236256	0.512213	0.251531
9.999e-05	0.9998	9.999e-05
9.9991e-05	0.934028	0.0658723
0.9998	9.999e-05	9.999e-05
0.9998	9.999e-05	9.999e-05
0.962849	0.0370514	9.9991e-05
0.791784	0.106571	0.101646
0.54887	0.276436	0.174694
0.565729	0.249385	0.184886
0.0265391	0.973361	9.9991e-05
0.0627968	0.909667	0.0275357
0.00187555	0.998024	9.9991e-05
0.100628	0.735481	0.163891
0.9998	9.999e-05	9.999e-05
0.9998	9.999e-05	9.999e-05
0.9998	9.999e-05	9.999e-05
0.9998	9.999e-05	9.999e-05
0.9998	9.999e-05	9.999e-05
0.133741	0.866159	9.9991e-05
0.656306	0.167951	0.175743
0.0769126	0.741342	0.181745
0.108688	0.875101	0.0162109
0.0769952	0.922905	9.9991e-05
9.9991e-05	0.972052	0.0278479
0.0119123	0.95487	0.033218
0.00595752	0.94049	0.0535522
0.9998	9.999e-05	9.999e-05
0.9998	9.999e-05	9.999e-05
0.648222	0.25388	0.0978977
0.9998	9.999e-05	9.999e-05
0.9998	9.999e-05	9.999e-05
0.458872	0.529309	0.011819
0.997726	0.0021736	9.9991e-05
0.985687	0.0142129	9.9991e-05
0.513968	0.314205	0.171826
0.0883895	0.711405	0.200206
0.913215	0.0866851	9.9991e-05
0.167397	0.365896	0.466707
0.867595	0.132305	9.9991e-05
0.9998	9.999e-05	9.999e-05
0.0519291	0.947971	9.9991e-05
0.310656	0.689244	9.9991e-05
0.0322686	0.758796	0.208936
0.218752	0.514796	0.266452
9.999e-05	0.9998	9.999e-05
0.079235	0.671701	0.249064
0.145494	0.715343	0.139163
0.114774	0.744994	0.140232
0.123236	0.596724	0.28004
0.175633	0.658436	0.165931
0.0650727	0.736147	0.19878
0.489684	0.342075	0.168241
9.999e-05	0.9998	9.999e-05
0.0975555	0.902345	9.9991e-05
9.999e-05	9.999e-05	0.9998
0.139725	0.853627	0.00664823
9.999e-05	0.9998	9.999e-05
0.0546424	0.888451	0.0569068
9.9991e-05	0.997796	0.00210367
0.0263728	0.92024	0.0533868
0.0195767	0.980323	9.9991e-05
0.135205	0.531398	0.333397
0.122227	0.703324	0.17445
0.0964953	0.763204	0.140301
0.0235627	0.976337	9.9991e-05
0.9998	9.999e-05	9.999e-05
9.999e-05	0.9998	9.999e-05
0.178884	0.531442	0.289674
9.999e-05	0.9998	9.999e-05
0.9998	9.999e-05	9.999e-05
0.0739273	0.703574	0.222499
9.999e-05	9.999e-05	0.9998
0.11963	0.115569	0.764801
9.999e-05	0.9998	9.999e-05
9.9991e-05	0.947172	0.0527276
0.0886515	0.689461	0.221887
0.07543	0.731874	0.192696
0.215022	0.771036	0.0139421
9.9991e-05	0.974439	0.0254607
0.9998	9.999e-05	9.999e-05
0.561456	0.262711	0.175833
0.939874	0.0433591	0.0167668
0.608486	0.187514	0.204
0.589426	0.222471	0.188103
0.779205	0.110476	0.110319
0.567268	0.243615	0.189117
0.636666	0.206004	0.157331
0.779763	0.143475	0.0767616
0.308313	0.422943	0.268744
0.820354	0.135936	0.0437107
0.327888	0.402553	0.269558
0.0920409	0.647559	0.2604
0.342291	0.402681	0.255027
0.668184	0.207784	0.124032
0.584799	0.271619	0.143582
0.560035	0.275258	0.164707
0.787558	0.0928034	0.119639
9.999e-05	0.9998	9.999e-05
0.9998	9.999e-05	9.999e-05
0.593013	0.217424	0.189563
0.800874	0.0932386	0.105888
0.698135	0.134201	0.167664
0.714319	0.137098	0.148583
0.10205	0.89785	9.9991e-05
0.0400853	0.885499	0.0744156
0.9998	9.999e-05	9.999e-05
9.999e-05	0.9998	9.999e-05
0.117171	0.882729	9.9991e-05
0.177308	0.499799	0.322893
0.9998	9.999e-05	9.999e-05
0.9998	9.999e-05	9.999e-05
0.9998	9.999e-05	9.999e-05
0.9998	9.999e-05	9.999e-05
0.105948	0.726679	0.167374
0.933494	0.0515291	0.0149769
0.116341	0.883559	9.9991e-05
9.999e-05	0.9998	9.999e-05
9.999e-05	0.9998	9.999e-05
0.000559271	0.999183	0.000257793
0.00723097	0.992669	9.9991e-05
0.530076	0.245603	0.224321
0.523154	0.25716	0.219686
0.571401	0.247258	0.181341
0.721649	0.12718	0.151171
0.650046	0.157471	0.192483
0.269406	0.487071	0.243523
0.625496	0.188889	0.185615
0.361832	0.579418	0.0587503
0.695473	0.164016	0.140511
0.722505	0.103035	0.17446
0.707573	0.102968	0.189459
0.764603	0.126786	0.108611
0.710234	0.100708	0.189058
0.680254	0.134453	0.185293
9.999e-05	0.9998	9.999e-05
0.0483186	0.885923	0.0657583
0.0301012	0.946944	0.022955
9.9991e-05	0.990162	0.00973831
0.112693	0.681788	0.205519
0.0226368	0.924561	0.0528026
9.999e-05	0.9998	9.999e-05
9.999e-05	0.9998	9.999e-05
0.126406	0.593302	0.280292
0.0782484	0.869384	0.0523677
0.119766	0.740985	0.13925
0.141438	0.566636	0.291926
0.130975	0.578034	0.29099
0.127491	0.668554	0.203954
0.121763	0.858093	0.0201448
0.105353	0.626186	0.268461
9.9991e-05	0.994162	0.00573754
0.211558	0.506867	0.281575
0.199339	0.489259	0.311402
0.570933	0.222844	0.206223
0.13233	0.593319	0.27435
0.116647	0.581793	0.30156
0.152401	0.564886	0.282713
0.181546	0.555891	0.262563
9.999e-05	0.9998	9.999e-05
0.0326057	0.964627	0.00276713
0.0130073	0.986893	9.9991e-05
9.999e-05	0.9998	9.999e-05
0.9998	9.999e-05	9.999e-05
0.650481	0.235935	0.113583
0.0107969	0.982302	0.0069006
0.0195464	0.927255	0.0531985
0.29359	0.447321	0.25909
0.348428	0.416084	0.235488
0.0734674	0.926433	9.9991e-05
0.0829276	0.912269	0.00480383
0.506452	0.408917	0.0846311
0.203015	0.696515	0.10047
9.999e-05	0.9998	9.999e-05
0.215216	0.52891	0.255875
0.330811	0.418063	0.251126
0.193715	0.513292	0.292994
0.184337	0.567657	0.248006
0.0175494	0.935042	0.0474084
0.051096	0.948804	9.9991e-05
0.00655114	0.993349	9.9991e-05
0.0393136	0.960586	9.9991e-05
9.9991e-05	0.99152	0.00837955
9.999e-05	0.9998	9.999e-05
0.123973	0.650372	0.225655
0.246669	0.49681	0.256522
9.999e-05	0.9998	9.999e-05
0.22301	0.541557	0.235433
0.230945	0.503271	0.265783
0.842321	0.058993	0.0986859
0.829418	0.0823609	0.0882212
0.821306	0.0835465	0.0951479
0.843722	0.0481175	0.108161
0.814066	0.0936368	0.0922975
0.849583	0.0373288	0.113088
0.856448	0.0386502	0.104902
0.235788	0.469864	0.294348
0.162135	0.526435	0.31143
0.537286	0.287661	0.175053
0.537478	0.283737	0.178784
0.0654915	0.934409	9.9991e-05
0.068832	0.841703	0.0894654
9.999e-05	0.9998	9.999e-05
0.9998	9.999e-05	9.999e-05
0.9998	9.999e-05	9.999e-05
0.9998	9.999e-05	9.999e-05
0.9998	9.999e-05	9.999e-05
0.562161	0.394472	0.0433664
0.705288	0.258958	0.0357541
0.806678	0.107601	0.085721
0.9998	9.999e-05	9.999e-05
0.9998	9.999e-05	9.999e-05
0.9998	9.999e-05	9.999e-05
0.9998	9.999e-05	9.999e-05
0.199518	0.621139	0.179343
9.999e-05	0.9998	9.999e-05
0.25936	0.46107	0.27957
0.0504337	0.903515	0.0460509
0.127648	0.65648	0.215872
0.960008	0.039892	9.9991e-05
0.779578	0.106336	0.114086
0.89456	0.0896702	0.0157694
0.22246	0.524908	0.252633
0.272942	0.434835	0.292222
0.0370821	0.939055	0.0238633
0.0793887	0.677736	0.242876
0.647202	0.163372	0.189426
0.669106	0.170473	0.160421
0.670988	0.139177	0.189835
0.697323	0.126016	0.176661
0.685232	0.133654	0.181113
0.670057	0.149791	0.180152
0.194261	0.513641	0.292098
0.739772	0.111536	0.148692
0.975306	0.0245936	9.9991e-05
0.9998	9.999e-05	9.999e-05
0.9998	9.999e-05	9.999e-05
0.9998	9.999e-05	9.999e-05
0.71562	0.127414	0.156966
0.655972	0.149163	0.194865
0.79568	0.0966893	0.107631
0.759583	0.109777	0.13064
0.739398	0.123201	0.137401
0.786791	0.141828	0.0713812
0.520452	0.438541	0.0410075
0.0142191	0.97999	0.00579072
0.0420498	0.95785	9.9991e-05
9.9991e-05	0.973428	0.0264719
9.999e-05	0.9998	9.999e-05
0.65273	0.17417	0.1731
0.660289	0.142555	0.197156
0.735573	0.144245	0.120181
0.755443	0.126287	0.11827
0.651452	0.151298	0.197251
0.674329	0.116069	0.209602
0.72438	0.104489	0.171131
0.756431	0.118341	0.125228
0.0517083	0.772606	0.175686
0.0844996	0.738438	0.177062
0.044791	0.733428	0.221781
0.108647	0.723896	0.167457
0.77909	0.150474	0.0704351
0.859859	0.0944711	0.0456694
0.885591	0.0851338	0.0292755
0.902209	0.0630333	0.0347579
0.502577	0.28076	0.216662
0.724901	0.125503	0.149595
0.629008	0.189197	0.181795
0.767266	0.133159	0.0995748
0.758577	0.12452	0.116904
0.139473	0.74328	0.117247
0.2819	0.474344	0.243756
9.9991e-05	0.998026	0.00187352
0.00207487	0.994015	0.00390985
9.9991e-05	0.968546	0.0313545
0.0160828	0.963503	0.020414
0.0984157	0.761763	0.139821
9.999e-05	0.9998	9.999e-05
0.00907719	0.990823	9.9991e-05
0.0415489	0.958351	9.9991e-05
0.00270071	0.990502	0.00679752
0.487856	0.313115	0.199029
0.306861	0.594132	0.0990071
0.544759	0.371879	0.083362
0.627346	0.201548	0.171106
0.130725	0.781488	0.0877871
9.9991e-05	0.995792	0.00410786
0.834524	0.0580331	0.107443
0.0600269	0.862798	0.0771748
9.999e-05	0.9998	9.999e-05
9.9991e-05	0.995626	0.00427408
9.999e-05	0.9998	9.999e-05
0.15981	0.255532	0.584658
0.0285229	0.959739	0.011738
9.999e-05	0.9998	9.999e-05
0.0314592	0.896328	0.0722125
0.141015	0.260322	0.598664
9.999e-05	9.999e-05	0.9998
0.970516	0.0293839	9.9991e-05
0.109095	0.847708	0.0431965
0.340826	0.414189	0.244985
0.215246	0.475819	0.308935
0.186083	0.556283	0.257633
9.9991e-05	0.96469	0.0352096
0.9998	9.999e-05	9.999e-05
0.527302	0.281661	0.191037
0.0782998	0.724655	0.197045
9.999e-05	0.9998	9.999e-05
0.106095	0.66289	0.231015
0.339406	0.413521	0.247073
0.35539	0.390981	0.253629
0.719419	0.225599	0.0549818
0.869901	0.124967	0.0051323
0.493075	0.334514	0.172411
0.281492	0.462569	0.255939
9.999e-05	0.9998	9.999e-05
9.999e-05	0.9998	9.999e-05
0.150139	0.617035	0.232827
0.64755	0.262699	0.0897509
0.211953	0.524569	0.263477
9.999e-05	0.9998	9.999e-05
0.568955	0.25101	0.180035
0.260718	0.641695	0.0975867
0.654699	0.103917	0.241385
0.151677	0.673578	0.174746
0.0989546	0.755061	0.145984
0.158518	0.54817	0.293312
9.999e-05	0.9998	9.999e-05
0.045837	0.954063	9.9991e-05
9.999e-05	0.9998	9.999e-05
9.999e-05	0.9998	9.999e-05
0.163122	0.725646	0.111232
0.0313219	0.957217	0.0114609
0.0356402	0.96426	9.9991e-05
0.334543	0.412454	0.253003
0.9998	9.999e-05	9.999e-05
0.9998	9.999e-05	9.999e-05
9.9991e-05	0.997432	0.0024677
0.9998	9.999e-05	9.999e-05
0.0110853	0.027579	0.961336
9.999e-05	9.999e-05	0.9998
0.213946	0.262639	0.523415
0.093692	0.906208	9.9991e-05
9.999e-05	9.999e-05	0.9998
9.999e-05	9.999e-05	0.9998
9.999e-05	9.999e-05	0.9998
9.999e-05	9.999e-05	0.9998
9.999e-05	9.999e-05	0.9998
9.999e-05	0.9998	9.999e-05
0.236403	0.487323	0.276274
0.0690436	0.711154	0.219803
0.0806832	0.706605	0.212712
0.0161834	0.969707	0.0141095
9.9991e-05	0.947045	0.0528549
0.230302	0.489745	0.279953
0.103918	0.63357	0.262511
0.0905863	0.752644	0.15677
0.155251	0.530258	0.31449
9.999e-05	9.999e-05	0.9998
0.161264	0.783527	0.0552091
0.0485851	0.936143	0.0152721
0.0219537	0.943395	0.0346508
0.0871368	0.847178	0.065685
9.999e-05	0.9998	9.999e-05
0.00886145	0.923853	0.0672857
0.9998	9.999e-05	9.999e-05
0.345182	0.572695	0.0821231
0.0754315	0.762513	0.162055
