0.497599	0.320733	0.181568	9.9991e-05
0.265874	0.642355	0.075155	0.0166161
0.235896	0.608474	0.0935707	0.0620591
0.519106	0.322054	0.15874	9.9991e-05
0.0103551	0.989445	9.9982e-05	9.9982e-05
0.220417	0.621061	0.0798216	0.0787008
0.381418	0.00120677	0.616245	0.00113043
9.998e-05	9.998e-05	0.9997	9.998e-05
9.998e-05	9.998e-05	0.9997	9.998e-05
9.998e-05	9.998e-05	0.9997	9.998e-05
0.920003	0.0211541	9.9991e-05	0.0587427
0.927911	9.9982e-05	9.9982e-05	0.0718888
0.896526	9.9982e-05	9.9982e-05	0.103274
0.928707	9.9982e-05	9.9982e-05	0.0710927
0.0212983	0.0330806	0.0729885	0.872633
9.998e-05	9.998e-05	0.9997	9.998e-05
0.827424	0.03052	0.141956	9.9991e-05
0.0444445	9.9991e-05	0.0050145	0.950441
0.289859	0.0342837	0.054192	0.621665
0.515934	9.9982e-05	9.9982e-05	0.483866
0.0463086	9.9991e-05	0.0746514	0.87894
0.78231	9.9982e-05	9.9982e-05	0.21749
0.0411305	9.9991e-05	0.00879804	0.949972
0.774799	9.9982e-05	9.9982e-05	0.225001
0.81022	9.9982e-05	9.9982e-05	0.18958
0.00886571	9.9982e-05	9.9982e-05	0.990934
0.037153	9.9991e-05	0.0187635	0.943984
0.261994	0.0452987	9.9991e-05	0.692608
9.9982e-05	9.9982e-05	0.0121091	0.987691
9.998e-05	9.998e-05	9.998e-05	0.9997
0.819715	9.9982e-05	9.9982e-05	0.180085
0.941742	9.9982e-05	9.9982e-05	0.0580579
0.0491272	0.000893123	9.9991e-05	0.94988
0.730819	9.9982e-05	9.9982e-05	0.268981
0.00617966	9.9982e-05	9.9982e-05	0.99362
0.832099	9.9982e-05	9.9982e-05	0.167701
0.0291965	9.9982e-05	9.9982e-05	0.970604
0.813698	9.9982e-05	9.9982e-05	0.186102
0.403698	0.431629	0.164574	9.9991e-05
9.998e-05	0.9997	9.998e-05	9.998e-05
0.941199	0.0586011	9.9982e-05	9.9982e-05
0.00662362	9.9982e-05	9.9982e-05	0.993176
0.816029	9.9982e-05	9.9982e-05	0.183771
0.359533	0.557517	0.0819331	0.00101697
0.267827	0.0151752	0.0931254	0.623872
0.516847	9.9991e-05	0.017127	0.465926
0.037901	0.0198074	0.0412808	0.901011
0.182997	0.704465	0.0272083	0.0853298
0.0815468	0.731874	0.144225	0.0423549
0.686337	0.0960235	0.217539	9.9991e-05
0.76616	0.0689169	0.164823	9.9991e-05
0.75524	0.087984	0.156676	9.9991e-05
0.73103	0.0684827	0.200387	9.9991e-05
0.00158751	9.99917e-05	0.979653	0.0186599
0.0282339	9.9982e-05	0.971566	9.9982e-05
0.87257	9.9991e-05	0.0411244	0.086206
0.816535	9.9982e-05	9.9982e-05	0.183265
0.274813	0.348123	0.132331	0.244734
9.998e-05	0.9997	9.998e-05	9.998e-05
0.0408242	0.852839	0.0418671	0.06447
0.835944	0.0620678	0.101889	9.9991e-05
0.752589	0.109251	0.13806	9.9991e-05
0.763469	0.111829	0.124601	9.9991e-05
0.0146919	9.9982e-05	0.985108	9.9982e-05
9.998e-05	0.9997	9.998e-05	9.998e-05
0.844765	0.0553887	0.0997464	9.9991e-05
0.497719	0.303295	0.198886	9.9991e-05
0.853761	9.9982e-05	9.9982e-05	0.146039
0.901986	9.9982e-05	9.9982e-05	0.0978142
0.0392184	0.0650254	0.846291	0.0494651
0.0641285	0.0217652	0.868412	0.0456939
0.0532672	0.00904314	0.919658	0.018032
9.9982e-05	0.0176456	0.982154	9.9982e-05
0.00570973	9.9991e-05	0.99006	0.00412997
9.9982e-05	9.9982e-05	0.998095	0.00170517
9.9982e-05	9.9982e-05	0.994076	0.00572428
0.00613076	9.9991e-05	0.992188	0.00158137
0.00279671	0.00665538	0.990448	9.9991e-05
9.998e-05	9.998e-05	0.9997	9.998e-05
0.00320456	9.9991e-05	0.953137	0.0435585
0.0110578	9.9991e-05	0.966929	0.0219134
0.00871056	9.9991e-05	0.963137	0.0280527
9.9982e-05	9.9982e-05	0.540415	0.459385
9.9982e-05	9.9982e-05	0.558422	0.441378
9.998e-05	9.998e-05	0.9997	9.998e-05
0.00052792	9.9982e-05	0.999272	9.9982e-05
9.9982e-05	9.9982e-05	0.976676	0.0231238
0.00188464	0.0196681	0.966334	0.0121135
9.998e-05	9.998e-05	0.9997	9.998e-05
9.9982e-05	9.9982e-05	0.54108	0.45872
0.0309485	0.00122272	0.901443	0.066386
9.9982e-05	9.9982e-05	0.979016	0.0207836
0.00853693	0.0026783	0.988685	9.9991e-05
9.9991e-05	0.0324984	0.963118	0.00428332
0.0686207	9.9991e-05	0.906387	0.0248926
0.00153411	9.9991e-05	0.993696	0.00467015
0.128782	0.207249	0.00607111	0.657898
9.9991e-05	0.0180241	0.964379	0.0174971
9.9982e-05	9.9982e-05	0.992743	0.00705737
0.0493337	0.116745	0.760662	0.07326
9.998e-05	9.998e-05	0.9997	9.998e-05
9.9982e-05	9.9982e-05	0.987125	0.0126754
9.998e-05	9.998e-05	0.9997	9.998e-05
9.9982e-05	9.9982e-05	0.979642	0.0201576
0.00117053	9.9991e-05	0.0385771	0.960152
9.998e-05	9.998e-05	0.9997	9.998e-05
9.998e-05	9.998e-05	0.9997	9.998e-05
9.998e-05	9.998e-05	0.9997	9.998e-05
0.329296	9.9982e-05	9.9982e-05	0.670504
9.9982e-05	9.9982e-05	0.964184	0.0356161
0.0249053	9.9982e-05	0.974895	9.9982e-05
0.000743148	9.9991e-05	0.976943	0.0222135
9.998e-05	9.998e-05	0.9997	9.998e-05
0.250731	9.9991e-05	0.0326723	0.716496
9.998e-05	9.998e-05	0.9997	9.998e-05
0.00844504	0.0267042	0.959116	0.00573484
9.9982e-05	9.9982e-05	0.515315	0.484485
9.998e-05	9.998e-05	0.9997	9.998e-05
0.662233	9.9982e-05	9.9982e-05	0.337567
0.596985	0.00366214	9.9991e-05	0.399253
0.848829	9.9982e-05	9.9982e-05	0.150971
0.0371952	9.9991e-05	0.0369998	0.925705
0.739008	0.0838819	0.17701	9.9991e-05
0.809319	9.9991e-05	0.00860344	0.181978
0.64051	0.0856966	9.9991e-05	0.273694
0.697803	9.9982e-05	9.9982e-05	0.301997
0.617786	0.0094065	9.9991e-05	0.372708
0.680525	9.9982e-05	9.9982e-05	0.319275
0.552107	0.0444874	9.9991e-05	0.403306
0.552455	0.00985018	9.9991e-05	0.437595
0.849849	9.9982e-05	9.9982e-05	0.149951
0.888569	9.9982e-05	9.9982e-05	0.111231
0.881775	0.0109372	9.9991e-05	0.107188
0.0983179	0.0406385	0.0644535	0.79659
0.0120119	0.837592	0.0781083	0.0722878
0.0379671	0.804258	0.116639	0.0411355
0.0735122	0.925603	0.000784425	9.9991e-05
0.373958	0.0941301	0.171437	0.360474
0.0527368	0.798272	0.108347	0.0406433
0.0743058	0.760025	0.103966	0.0617025
0.604135	0.077347	0.115202	0.203316
0.0410964	0.850849	0.0617244	0.0463306
0.0363828	0.782156	0.0956884	0.0857733
0.0363761	0.844873	0.0760547	0.0426958
0.0605619	0.669351	0.136745	0.133342
0.0473541	0.727105	0.136941	0.0886003
0.0288011	0.829257	0.0478103	0.0941315
0.744984	0.130482	0.124434	9.9991e-05
0.00286381	0.97723	0.00435384	0.0155523
0.0461976	9.9991e-05	0.0135502	0.940152
9.9991e-05	0.00897529	0.0338824	0.957042
0.030296	0.967553	0.00205053	9.9991e-05
0.206949	0.288656	0.20083	0.303565
0.725487	0.141277	0.115712	0.0175243
0.871693	0.0902706	9.9991e-05	0.0379363
0.0795267	0.0127223	0.0219539	0.885797
0.649191	0.216392	0.0369371	0.0974797
0.771752	0.106519	0.0987811	0.0229481
0.0689153	0.720858	0.112286	0.0979406
0.777734	0.0828525	0.139314	9.9991e-05
0.441266	0.228006	0.174114	0.156614
9.9982e-05	9.9982e-05	0.0279971	0.971803
0.0272826	0.930656	0.0346138	0.00744804
0.526033	0.443202	9.9991e-05	0.030665
9.9982e-05	0.948065	9.9982e-05	0.0517352
0.692972	0.176587	0.0757446	0.0546957
9.998e-05	0.9997	9.998e-05	9.998e-05
0.834511	0.0947436	0.0706451	9.9991e-05
0.0772174	0.889063	0.0167673	0.0169524
0.0451942	0.906707	0.0479991	9.9991e-05
0.0109733	0.0733348	0.00701433	0.908678
0.20732	0.292705	0.0300386	0.469936
0.49073	0.0915686	0.027769	0.389933
0.0463727	0.645697	0.168372	0.139559
0.0518729	0.692739	0.152141	0.103247
0.0692752	0.626409	0.166556	0.13776
0.0634822	0.608335	0.190249	0.137933
9.998e-05	9.998e-05	9.998e-05	0.9997
9.9991e-05	0.0162111	0.0163406	0.967348
0.0895897	9.9991e-05	0.0574196	0.852891
0.0838746	0.799509	0.0892915	0.0273248
0.28453	0.310349	0.153392	0.251728
0.206633	0.15778	0.230186	0.405401
0.103113	0.0491465	0.0366647	0.811076
0.105465	0.0567484	0.119036	0.718751
0.0114623	0.122434	0.0890848	0.777019
0.10785	0.149223	0.207929	0.534999
0.577241	0.225143	0.197516	9.9991e-05
0.872232	9.9982e-05	9.9982e-05	0.127568
0.660186	9.9991e-05	0.020766	0.318948
9.998e-05	0.9997	9.998e-05	9.998e-05
0.0360647	0.963735	9.9982e-05	9.9982e-05
0.0339643	0.965836	9.9982e-05	9.9982e-05
0.140759	0.769381	0.0897593	9.9991e-05
0.264731	0.544541	0.156063	0.034665
0.275578	0.545027	0.145821	0.0335745
9.9991e-05	0.00541514	0.0288514	0.965633
9.9991e-05	0.0680784	0.0448017	0.88702
9.998e-05	9.998e-05	9.998e-05	0.9997
0.826705	0.0729361	0.100259	9.9991e-05
9.998e-05	0.9997	9.998e-05	9.998e-05
9.9982e-05	0.998902	0.00089791	9.9982e-05
9.998e-05	0.9997	9.998e-05	9.998e-05
0.0136646	0.986135	9.9982e-05	9.9982e-05
0.00557817	0.994222	9.9982e-05	9.9982e-05
0.927983	0.0718172	9.9982e-05	9.9982e-05
0.0803563	0.656276	0.165057	0.0983112
0.845234	0.0471678	0.107498	9.9991e-05
0.950128	0.0496717	9.9982e-05	9.9982e-05
0.0887731	0.08545	9.9991e-05	0.825677
0.9997	9.998e-05	9.998e-05	9.998e-05
0.9997	9.998e-05	9.998e-05	9.998e-05
0.9997	9.998e-05	9.998e-05	9.998e-05
9.9982e-05	0.998457	9.9982e-05	0.00134266
9.998e-05	0.9997	9.998e-05	9.998e-05
0.230859	0.656861	0.0587882	0.0534916
9.998e-05	0.9997	9.998e-05	9.998e-05
9.998e-05	0.9997	9.998e-05	9.998e-05
0.559582	0.428128	0.0121892	9.9991e-05
9.9982e-05	0.964426	9.9982e-05	0.0353743
9.9982e-05	0.987565	9.9982e-05	0.0122353
0.260559	0.492718	0.143994	0.102729
0.813917	0.0616896	0.124293	9.9991e-05
0.127594	0.872206	9.9982e-05	9.9982e-05
0.0107985	0.154385	0.470138	0.364678
0.165329	0.834472	9.9982e-05	9.9982e-05
9.998e-05	0.9997	9.998e-05	9.998e-05
0.949127	0.00304096	9.9991e-05	0.0477324
0.680571	0.284198	9.9991e-05	0.0351315
0.855795	0.0193883	0.124717	9.9991e-05
0.624128	0.186519	0.189254	9.9991e-05
0.83106	9.9982e-05	9.9982e-05	0.16874
0.775504	0.0734763	0.15092	9.9991e-05
0.834631	0.0799368	0.0853323	9.9991e-05
0.834036	0.0905452	0.0605087	0.0149106
0.709018	0.084353	0.206529	9.9991e-05
0.721422	0.167874	0.0895459	0.021158
0.850847	0.032387	0.116666	9.9991e-05
0.290592	0.474952	0.148351	0.0861045
9.9982e-05	9.9982e-05	0.00259942	0.997201
0.0877155	0.0889044	0.00840561	0.814974
9.998e-05	9.998e-05	0.9997	9.998e-05
0.163862	0.102866	0.00550571	0.727765
0.0711044	9.9991e-05	0.0294949	0.899301
0.559675	0.0562974	0.0205255	0.363502
0.0488049	9.9991e-05	0.0219137	0.929181
0.60701	0.0125833	0.0260199	0.354387
9.9982e-05	0.0163623	9.9982e-05	0.983438
0.425068	0.134143	0.283285	0.157505
0.660568	0.124158	0.123003	0.0922706
0.582701	0.0698105	0.121833	0.225655
0.0388125	0.0182816	9.9991e-05	0.942806
9.998e-05	0.9997	9.998e-05	9.998e-05
0.828742	9.9982e-05	9.9982e-05	0.171058
0.433687	0.16552	0.255904	0.144888
0.843694	9.9982e-05	9.9982e-05	0.156106
9.998e-05	0.9997	9.998e-05	9.998e-05
0.832241	0.0439789	0.12368	9.9991e-05
9.998e-05	9.998e-05	0.9997	9.998e-05
0.0594662	0.096562	0.757757	0.086215
9.9982e-05	9.9982e-05	0.00977591	0.990024
0.633076	9.9991e-05	0.0292091	0.337615
0.840191	0.038999	0.12071	9.9991e-05
0.84739	0.0365963	0.115914	9.9991e-05
0.728767	0.187149	9.9991e-05	0.0839845
0.595728	9.9982e-05	9.9982e-05	0.404073
0.0113327	0.988467	9.9982e-05	9.9982e-05
0.285883	0.553223	0.134881	0.0260141
0.0572993	0.917676	0.0249251	9.9991e-05
0.0489911	0.616081	0.189413	0.145515
0.125464	0.59685	0.181289	0.0963977
0.042292	0.780908	0.109742	0.0670581
0.28928	0.565859	0.139434	0.00542756
0.104531	0.644816	0.152999	0.0976537
0.0310091	0.763391	0.0790323	0.126568
0.421649	0.289401	0.215794	0.0731556
0.0654375	0.805524	0.0457184	0.0833205
0.321854	0.322713	0.216143	0.13929
0.777083	0.0397063	0.183111	9.9991e-05
0.466541	0.321184	0.210035	0.00223954
0.173465	0.650366	0.123824	0.0523448
0.220877	0.572359	0.108137	0.0986278
0.271529	0.538775	0.174038	0.0156576
0.092452	0.77187	0.115836	0.019842
0.743311	9.9982e-05	9.9982e-05	0.256489
0.00749895	0.992301	9.9982e-05	9.9982e-05
0.12976	0.595234	0.161574	0.113432
0.025276	0.782779	0.116699	0.075246
0.0381754	0.688356	0.165975	0.107494
0.0721237	0.686553	0.15158	0.0897432
0.111638	0.107294	9.9991e-05	0.780968
0.468821	0.0356767	0.0568533	0.438649
9.9982e-05	0.990717	0.00908293	9.9982e-05
0.824185	9.9982e-05	9.9982e-05	0.175615
0.134127	0.111869	9.9991e-05	0.753904
0.618584	0.150701	0.230615	9.9991e-05
9.998e-05	0.9997	9.998e-05	9.998e-05
9.998e-05	0.9997	9.998e-05	9.998e-05
9.998e-05	0.9997	9.998e-05	9.998e-05
9.998e-05	0.9997	9.998e-05	9.998e-05
0.819037	0.0857785	0.0950842	9.9991e-05
9.9991e-05	0.940499	0.0157544	0.0436466
0.114731	0.111699	9.9991e-05	0.77347
0.00215962	0.00706148	9.9991e-05	0.990679
0.0478639	9.9991e-05	0.0127395	0.939297
9.9982e-05	9.9982e-05	0.0218644	0.977936
9.9982e-05	9.9982e-05	0.0425748	0.957225
0.0942079	0.538722	0.213848	0.153222
0.073196	0.507005	0.236377	0.183422
0.10216	0.561746	0.182748	0.153347
9.9991e-05	0.713813	0.145551	0.140536
0.0314082	0.673528	0.177232	0.117831
0.517852	0.272075	0.189174	0.0208985
0.0576886	0.58559	0.217915	0.138807
0.359775	0.343644	0.0416022	0.254978
0.0144009	0.700054	0.179794	0.105751
9.9991e-05	0.723877	0.15657	0.119452
9.9991e-05	0.685395	0.194062	0.120442
0.0024947	0.764551	0.112632	0.120323
0.0184327	0.703177	0.198699	0.0796917
9.9991e-05	0.666814	0.171554	0.161532
0.751725	9.9982e-05	9.9982e-05	0.248075
0.587959	0.0291238	0.043859	0.339059
0.167554	0.0252829	0.0206639	0.7865
0.0191242	9.9991e-05	0.033221	0.947555
0.72448	0.0934442	0.133925	0.0481508
0.0326186	0.0536541	0.0700879	0.843639
0.881274	9.9982e-05	9.9982e-05	0.118526
0.81912	9.9982e-05	9.9982e-05	0.18068
0.741455	0.080296	0.178149	9.9991e-05
0.0389963	0.0661587	0.106063	0.788782
0.24796	0.072797	0.144936	0.534307
0.55806	0.117736	0.238205	0.0859988
0.691804	0.105188	0.202908	9.9991e-05
0.65711	0.103632	0.169183	0.0700746
0.587446	0.0910587	9.9991e-05	0.321395
0.728932	0.0726777	0.19829	9.9991e-05
0.85507	9.9982e-05	9.9982e-05	0.14473
0.61084	0.168893	0.220167	9.9991e-05
0.600697	0.169709	0.229494	9.9991e-05
0.255215	0.57775	0.166935	9.9991e-05
0.71923	0.0858158	0.194854	9.9991e-05
0.707673	0.0810164	0.21121	9.9991e-05
0.719531	0.0995914	0.180778	9.9991e-05
0.385076	0.188016	0.222091	0.204816
0.745695	0.000357596	9.9991e-05	0.253847
0.845944	0.0186488	9.9991e-05	0.135307
0.876573	9.9982e-05	9.9982e-05	0.123227
0.803918	9.9982e-05	9.9982e-05	0.195882
0.027283	0.972517	9.9982e-05	9.9982e-05
0.224775	0.634158	0.0893155	0.0517519
0.132541	0.00444498	0.0377747	0.825239
0.593314	9.9991e-05	0.0361814	0.370404
0.485519	0.303059	0.211322	9.9991e-05
0.503475	0.307791	0.177302	0.0114312
9.9982e-05	0.0655993	9.9982e-05	0.934201
0.134309	0.0728638	9.9991e-05	0.792727
0.337671	0.517751	0.0693418	0.0752365
0.731897	0.187711	0.0527773	0.0276151
0.139724	9.9991e-05	0.0136231	0.846553
0.290351	0.17595	0.245934	0.287766
0.501661	0.304159	0.19408	9.9991e-05
0.373468	0.1776	0.254306	0.194627
0.325077	0.185983	0.217499	0.271441
9.9982e-05	9.9982e-05	0.068913	0.930887
9.9991e-05	0.0567775	0.00765501	0.935468
9.9982e-05	9.9982e-05	0.000101285	0.999699
0.0320004	0.00824812	0.0449007	0.914851
9.9982e-05	9.9982e-05	0.0231032	0.976697
0.031356	0.00343958	9.9991e-05	0.965104
0.0812632	0.154205	0.200644	0.563888
0.241216	0.252438	0.212561	0.293785
9.998e-05	9.998e-05	9.998e-05	0.9997
0.275849	0.196211	0.213175	0.314765
0.401192	0.198181	0.235978	0.164649
0.0198167	0.834375	0.0863268	0.059482
0.0280278	0.843626	0.0908967	0.0374495
0.0514681	0.821597	0.0741851	0.0527496
0.0297099	0.830138	0.0945189	0.0456337
9.9991e-05	0.821652	0.0803032	0.0979449
0.0393006	0.839751	0.0745581	0.0463904
9.9991e-05	0.848317	0.100101	0.0514818
0.582681	0.192594	0.224625	9.9991e-05
0.655639	0.126708	0.217553	9.9991e-05
0.308509	0.514791	0.154117	0.0225828
0.304817	0.531612	0.16347	9.99933e-05
0.0219228	0.0797056	0.0015781	0.896794
0.0104644	0.0894656	0.0680295	0.832041
9.998e-05	9.998e-05	9.998e-05	0.9997
9.998e-05	0.9997	9.998e-05	9.998e-05
9.998e-05	0.9997	9.998e-05	9.998e-05
9.998e-05	0.9997	9.998e-05	9.998e-05
9.998e-05	0.9997	9.998e-05	9.998e-05
0.405568	0.553734	0.0235057	0.0171923
0.180713	0.691245	0.0445523	0.0834895
0.093722	0.792705	0.0510987	0.062474
9.998e-05	0.9997	9.998e-05	9.998e-05
9.998e-05	0.9997	9.998e-05	9.998e-05
9.998e-05	0.9997	9.998e-05	9.998e-05
9.9982e-05	0.998744	9.9982e-05	0.00105612
0.431791	0.179077	0.148968	0.240165
9.998e-05	9.998e-05	9.998e-05	0.9997
0.560586	0.221865	0.217449	9.9991e-05
0.211513	0.0460242	0.0504538	0.692009
0.728424	0.0938746	0.167163	0.0105389
0.0418189	0.957981	9.9982e-05	9.9982e-05
0.0476154	0.778745	0.113613	0.0600266
0.0250581	0.879255	0.0291415	0.0665454
0.298685	0.178838	0.229426	0.29305
0.378297	0.24343	0.257497	0.120776
0.36414	0.0193126	0.0481112	0.568436
0.813008	0.0667026	0.12019	9.9991e-05
0.0165234	0.637619	0.186596	0.159261
0.00236846	0.6682	0.182302	0.147129
0.0277746	0.668083	0.177119	0.127023
0.00392996	0.685073	0.179612	0.131385
9.9991e-05	0.664983	0.184919	0.149998
9.9991e-05	0.675723	0.173264	0.150913
0.577342	0.183817	0.23874	9.9991e-05
0.0264333	0.743294	0.143393	0.0868793
9.9982e-05	0.978361	9.9982e-05	0.0214394
9.998e-05	0.9997	9.998e-05	9.998e-05
9.998e-05	0.9997	9.998e-05	9.998e-05
9.9982e-05	0.985128	9.9982e-05	0.0146725
9.9991e-05	0.688484	0.177879	0.133537
0.00441467	0.643757	0.201136	0.150692
9.9991e-05	0.790051	0.10475	0.105099
0.00565252	0.743352	0.136274	0.114721
0.0188032	0.741222	0.137554	0.102421
0.0188961	0.791976	0.0810072	0.108121
0.0936864	0.508584	0.0436517	0.354078
0.102774	9.9991e-05	0.0280286	0.869097
0.146877	0.0246112	9.9991e-05	0.828412
0.082919	9.9991e-05	0.00900716	0.907974
0.00511532	0.00255539	0.0340359	0.958293
0.065313	0.640871	0.193349	0.100467
0.0167324	0.65574	0.217056	0.110472
0.00754698	0.759905	0.119588	0.11296
9.9991e-05	0.749483	0.123348	0.127069
0.0205394	0.662039	0.208736	0.108686
0.0158948	0.671573	0.214997	0.0975351
9.9991e-05	0.728291	0.170176	0.101433
0.0394988	0.755561	0.108547	0.0963931
0.796491	0.0596105	0.0979645	0.0459342
0.855252	0.0332466	0.111401	9.9991e-05
0.863949	9.99821e-05	0.135851	9.99821e-05
0.775395	0.0833456	0.119517	0.0217428
0.0905377	0.776268	0.0299894	0.103205
0.0229253	0.858195	0.0449852	0.0738945
0.0704248	0.872574	0.0163487	0.0406522
0.0822148	0.879966	0.0201775	0.0176416
0.155288	0.482317	0.19026	0.172135
0.196846	0.693121	0.109933	9.9991e-05
0.0824682	0.634406	0.177187	0.105939
0.0588646	0.795606	0.0952492	0.0502804
0.0583942	0.770612	0.0742742	0.0967198
0.301124	0.121977	0.136567	0.440332
0.550053	0.26762	0.17463	0.00769693
0.096497	9.9982e-05	9.9982e-05	0.903303
0.784952	9.9982e-05	9.9982e-05	0.214848
0.599416	9.9982e-05	9.9982e-05	0.400384
0.425484	0.0202917	9.9991e-05	0.554125
0.395979	0.0985395	0.122652	0.382829
0.0377935	9.9982e-05	9.9982e-05	0.962007
9.9982e-05	0.0139981	9.9982e-05	0.985802
9.9991e-05	0.0392578	0.0219639	0.938678
0.0610877	9.9991e-05	0.00203045	0.936782
0.158771	0.46879	0.19198	0.180459
0.113008	0.316863	0.11084	0.459289
0.054906	0.521445	0.112532	0.311117
0.118385	0.638827	0.151746	0.0910424
0.250777	0.0942206	0.102198	0.552805
0.000376981	0.00274084	0.0302074	0.966675
0.054938	0.814997	0.0933239	0.0367408
0.0905725	0.0507285	0.103384	0.755315
0.744335	9.9982e-05	9.9982e-05	0.255465
0.885657	9.9982e-05	9.9982e-05	0.114143
0.0124849	0.0117682	9.9991e-05	0.975647
0.106728	0.154288	0.570516	0.168468
0.434519	0.0259931	9.9991e-05	0.539388
0.811299	9.9982e-05	9.9982e-05	0.188501
0.222263	0.0332228	0.0566806	0.687834
0.195338	0.122814	0.562866	0.118982
9.9982e-05	9.9982e-05	0.992477	0.00732339
9.9982e-05	0.982267	9.9982e-05	0.0175331
0.759463	0.0879412	0.0216629	0.130933
0.443782	0.327527	0.211254	0.0174373
0.550541	0.200178	0.249181	9.9991e-05
0.557154	0.171317	0.189756	0.0817723
0.951927	9.9982e-05	9.9982e-05	0.0478735
0.0272142	0.972586	9.9982e-05	9.9982e-05
0.272055	0.532002	0.158743	0.0371991
0.845267	0.0516403	0.102993	9.9991e-05
0.874982	9.9982e-05	9.9982e-05	0.124818
0.766741	0.0727459	0.160414	9.9991e-05
0.469501	0.314782	0.210965	0.00475138
0.474388	0.324052	0.201461	9.9991e-05
0.179701	0.707255	0.0277026	0.085342
0.100331	0.856288	9.9991e-05	0.0432809
0.30288	0.507477	0.112417	0.0772258
0.538343	0.260161	0.201396	9.9991e-05
0.860499	9.9982e-05	9.9982e-05	0.139301
0.894599	9.9982e-05	9.9982e-05	0.105201
0.233786	0.152144	0.210902	0.403168
0.226071	0.626301	0.0951642	0.0524633
0.58972	0.203261	0.206919	9.9991e-05
9.9991e-05	0.00272985	0.0123131	0.984857
0.299748	0.527159	0.130649	0.0424432
0.272731	0.243119	0.0949838	0.389167
0.0517705	0.645677	0.219987	0.0825658
0.139397	0.147685	0.167599	0.545319
0.831294	0.0379994	0.114359	0.0163477
0.404236	0.147094	0.244542	0.204128
9.998e-05	9.998e-05	9.998e-05	0.9997
9.9982e-05	0.0486565	9.9982e-05	0.951144
0.876734	9.9982e-05	9.9982e-05	0.123066
9.9982e-05	9.9982e-05	0.0141027	0.985697
0.0787043	0.133725	0.138562	0.649009
0.036396	0.0218624	0.0503021	0.891439
0.133795	0.0308575	9.9991e-05	0.835247
0.481448	0.28584	0.232613	9.9991e-05
9.9982e-05	0.986555	9.9982e-05	0.0132448
9.998e-05	0.9997	9.998e-05	9.998e-05
0.779335	9.9982e-05	9.9982e-05	0.220465
9.9982e-05	0.9994	9.9982e-05	0.000400503
9.9982e-05	9.9982e-05	0.950314	0.0494858
9.9982e-05	9.9982e-05	0.99291	0.00689032
0.0834483	0.205778	0.505062	0.205711
0.0959013	0.0851738	0.00909383	0.809831
9.998e-05	9.998e-05	0.9997	9.998e-05
9.998e-05	9.998e-05	0.9997	9.998e-05
9.998e-05	9.998e-05	0.9997	9.998e-05
9.998e-05	9.998e-05	0.9997	9.998e-05
9.998e-05	9.998e-05	0.9997	9.998e-05
0.946537	9.9982e-05	9.9982e-05	0.0532634
0.590342	0.215884	0.193674	9.9991e-05
0.788663	0.0699691	0.141267	9.9991e-05
0.84822	0.0411996	0.11048	9.9991e-05
0.466541	9.9982e-05	9.9982e-05	0.533259
0.890899	9.9982e-05	9.9982e-05	0.108901
0.609951	0.180975	0.208974	9.9991e-05
0.74495	0.0557559	0.199194	9.9991e-05
0.858764	0.0900763	0.0510594	9.9991e-05
0.671085	0.10223	0.226584	9.9991e-05
0.0325522	0.00870551	0.958642	9.9991e-05
0.638103	0.138505	9.9991e-05	0.223292
0.0736594	0.0400092	0.0235636	0.862768
0.0479713	0.0272505	0.0443949	0.880383
0.117573	0.0815257	0.0601576	0.740743
0.821413	9.9982e-05	9.9982e-05	0.178387
0.885917	0.00114126	0.0235696	0.0893718
9.998e-05	0.9997	9.998e-05	9.998e-05
0.361684	0.332152	0.044002	0.262162
0.848277	0.0591515	0.0787621	0.0138098
