0.15167	0.197294	9.9991e-05	0.15388	0.497056
0.0637335	0.478368	0.0176847	0.183787	0.256427
0.0762759	0.460041	0.0145021	0.176148	0.273033
0.128225	0.196026	9.9991e-05	0.171004	0.504645
0.0219919	0.94693	0.0205999	9.9991e-05	0.0103784
0.0491278	0.466321	0.0777334	0.194363	0.212455
0.59805	0.0132187	0.00082797	9.9991e-05	0.387803
0.9996	9.997e-05	9.997e-05	9.997e-05	9.997e-05
0.9996	9.997e-05	9.997e-05	9.997e-05	9.997e-05
0.9996	9.997e-05	9.997e-05	9.997e-05	9.997e-05
9.999e-05	0.0242281	0.0304816	0.0300099	0.91518
9.9973e-05	9.9973e-05	0.0746129	9.9973e-05	0.925087
9.9973e-05	9.9973e-05	0.0972493	9.9973e-05	0.902451
9.9973e-05	9.9973e-05	0.0547294	9.9973e-05	0.944971
0.0572083	9.9982e-05	0.872341	0.0702506	9.9982e-05
0.9996	9.997e-05	9.997e-05	9.997e-05	9.997e-05
0.134973	0.00542983	9.9991e-05	0.0338591	0.825638
0.00453304	9.9991e-05	0.93306	0.000590192	0.061717
0.0386355	9.9991e-05	0.644165	0.0756931	0.241406
9.9973e-05	9.9973e-05	0.472539	9.9973e-05	0.527161
0.0696347	9.9991e-05	0.874691	0.0132734	0.0423006
9.99729e-05	9.99729e-05	0.20999	9.99729e-05	0.78971
0.00926889	9.9982e-05	0.950098	9.9982e-05	0.0404336
9.9973e-05	9.9973e-05	0.223545	9.9973e-05	0.776155
9.9973e-05	9.9973e-05	0.189035	9.9973e-05	0.810665
9.9982e-05	0.0109904	0.973153	9.9982e-05	0.0156566
0.00876321	9.9982e-05	0.935494	9.9982e-05	0.0555427
9.9982e-05	9.9982e-05	0.675071	0.0724698	0.25226
0.0211524	9.9982e-05	0.962689	0.0159585	9.9982e-05
9.9982e-05	0.000601204	0.989538	0.00966054	9.9982e-05
9.9973e-05	9.9973e-05	0.177807	9.9973e-05	0.821893
9.9973e-05	9.9973e-05	0.0720721	9.9973e-05	0.927628
9.9982e-05	0.0113174	0.947909	9.9982e-05	0.0405741
9.9973e-05	9.9973e-05	0.264953	9.9973e-05	0.734747
9.9973e-05	0.000993963	0.998706	9.9973e-05	9.9973e-05
9.99729e-05	9.99729e-05	0.165025	9.99729e-05	0.834675
9.9982e-05	0.00765147	0.955889	9.9982e-05	0.0362591
9.9973e-05	9.9973e-05	0.184974	9.9973e-05	0.814726
0.152127	0.281778	9.9991e-05	0.189476	0.376519
9.9973e-05	0.855401	9.9973e-05	0.144299	9.9973e-05
9.9973e-05	0.0725973	9.9973e-05	9.9973e-05	0.927103
9.9973e-05	9.9973e-05	0.972804	9.9973e-05	0.0268965
9.9973e-05	9.9973e-05	0.174226	9.9973e-05	0.825474
0.00702885	0.233316	9.9991e-05	0.418311	0.341244
0.0764074	9.9991e-05	0.603775	0.0478393	0.271878
0.029651	9.9991e-05	0.474578	0.00650389	0.489167
0.0546701	0.0264653	0.88638	0.00115126	0.0313337
0.0258905	0.536638	0.0708778	0.198975	0.167619
0.0197344	0.214363	9.9991e-05	0.693385	0.0724176
0.203192	0.0930214	9.9991e-05	0.0128417	0.690845
0.160014	0.0447465	9.9991e-05	0.0417264	0.753413
0.170879	0.0721412	9.9991e-05	0.0257956	0.731085
0.208999	0.0589538	9.9982e-05	9.9982e-05	0.731847
0.96274	0.00279064	0.00738249	9.9991e-05	0.0269868
0.955508	9.9982e-05	9.9982e-05	0.0103362	0.0339561
0.0418676	9.9982e-05	0.100683	9.9982e-05	0.85725
9.9973e-05	9.9973e-05	0.197233	9.9973e-05	0.802467
0.145739	0.278062	0.250939	0.0764611	0.248799
0.00980636	0.964533	0.00796234	0.00895814	0.00874063
9.9991e-05	0.538879	0.0393817	0.394931	0.0267085
0.105406	0.0344741	9.9991e-05	0.035244	0.824776
0.152865	0.0915124	9.9991e-05	0.0134367	0.742086
0.118612	0.0670613	9.9991e-05	0.0533428	0.760884
0.976551	9.9982e-05	0.0138995	9.9982e-05	0.00934902
0.0120542	0.961642	0.0115494	0.00524648	0.0095081
0.0996912	0.0375102	0.0102341	0.0287093	0.823855
0.183524	0.204579	9.9991e-05	0.115572	0.496225
9.99729e-05	9.99729e-05	0.142526	9.99729e-05	0.857174
9.9973e-05	9.9973e-05	0.0993469	9.9973e-05	0.900353
0.833836	0.0440408	0.0498401	0.0191586	0.0531247
0.848011	0.0382575	0.0404955	0.00376329	0.0694727
0.885954	0.0169596	0.0466833	9.9991e-05	0.0503032
0.97869	0.0210102	9.9973e-05	9.9973e-05	9.9973e-05
0.974102	9.9982e-05	0.00469685	9.9982e-05	0.0210008
0.994024	0.00567584	9.9973e-05	9.9973e-05	9.9973e-05
0.9996	9.997e-05	9.997e-05	9.997e-05	9.997e-05
0.995792	9.9973e-05	9.9973e-05	0.00390766	9.9973e-05
0.97877	0.0102103	9.9991e-05	0.00988107	0.00103888
0.9996	9.997e-05	9.997e-05	9.997e-05	9.997e-05
0.951243	9.9991e-05	0.0106922	0.0186009	0.0193641
0.967422	9.9991e-05	0.0151111	0.00524882	0.0121182
0.966428	9.9991e-05	0.0167476	0.011943	0.00478177
0.552677	9.9973e-05	0.447023	9.9973e-05	9.9973e-05
0.554711	9.9973e-05	0.444989	9.9973e-05	9.9973e-05
0.9996	9.997e-05	9.997e-05	9.997e-05	9.997e-05
0.991221	9.9973e-05	9.9973e-05	9.9973e-05	0.00847901
0.979678	0.00812439	0.011998	9.9982e-05	9.9982e-05
0.943348	0.0219018	0.0265583	0.0080919	9.9991e-05
0.9996	9.997e-05	9.997e-05	9.997e-05	9.997e-05
0.53696	9.9973e-05	0.46274	9.9973e-05	9.9973e-05
0.89679	0.017004	0.0479507	0.0381549	9.9991e-05
0.958107	0.0100481	9.9991e-05	0.0156457	0.0160997
0.987605	0.00657717	9.9991e-05	0.00167247	0.00404552
0.967525	0.0247058	9.9982e-05	0.00756967	9.9982e-05
0.929737	0.00462229	0.0143624	0.00274766	0.0485304
0.997449	9.9973e-05	0.00225157	9.9973e-05	9.9973e-05
9.9991e-05	0.127584	0.639405	0.0749289	0.157982
0.953294	0.00897602	0.0323894	0.0052407	9.9991e-05
0.9996	9.997e-05	9.997e-05	9.997e-05	9.997e-05
0.752006	0.0406869	0.0670541	0.103822	0.036431
0.9996	9.997e-05	9.997e-05	9.997e-05	9.997e-05
0.978769	9.9973e-05	0.0209314	9.9973e-05	9.9973e-05
0.9996	9.997e-05	9.997e-05	9.997e-05	9.997e-05
0.987641	0.0067381	0.00542109	9.9982e-05	9.9982e-05
0.0257128	9.9982e-05	0.944665	0.0294224	9.9982e-05
0.9996	9.997e-05	9.997e-05	9.997e-05	9.997e-05
0.972069	9.9982e-05	0.00280916	0.024922	9.9982e-05
0.9996	9.997e-05	9.997e-05	9.997e-05	9.997e-05
0.00215041	9.9991e-05	0.669612	0.00741085	0.320727
0.952409	0.00798768	0.0300345	0.00946909	9.9991e-05
0.974354	9.9973e-05	9.9973e-05	9.9973e-05	0.0253464
0.983722	9.9973e-05	0.0159783	9.9973e-05	9.9973e-05
0.9996	9.997e-05	9.997e-05	9.997e-05	9.997e-05
0.0184294	9.9982e-05	0.719206	9.9982e-05	0.262165
0.9996	9.997e-05	9.997e-05	9.997e-05	9.997e-05
0.960942	0.0237942	9.9991e-05	0.0125821	0.0025817
0.50702	9.9973e-05	0.49268	9.9973e-05	9.9973e-05
0.9996	9.997e-05	9.997e-05	9.997e-05	9.997e-05
9.9973e-05	9.9973e-05	0.337776	9.9973e-05	0.661924
9.9982e-05	0.0141629	0.385461	9.9982e-05	0.600176
9.9982e-05	0.0204923	0.160531	9.9982e-05	0.818777
0.0309853	9.9982e-05	0.909748	9.9982e-05	0.0590665
0.175982	0.072849	9.9991e-05	0.0257505	0.725318
9.9973e-05	9.9973e-05	0.193972	9.9973e-05	0.805728
9.9991e-05	0.0112218	0.256675	0.0890226	0.642981
9.9973e-05	9.9973e-05	0.314865	9.9973e-05	0.684836
9.9982e-05	0.00155941	0.404337	9.9982e-05	0.593903
9.9982e-05	9.9982e-05	0.306411	0.00888173	0.684507
9.9982e-05	9.9982e-05	0.376756	0.059885	0.563159
9.9991e-05	0.00507078	0.396893	0.0298031	0.568133
9.9973e-05	9.9973e-05	0.163371	9.9973e-05	0.836329
0.000600676	9.9991e-05	0.118016	0.0246293	0.856654
9.9982e-05	0.00829244	0.0975567	9.9982e-05	0.893951
0.0610507	0.0181223	0.782818	0.0554579	0.0825507
0.0142608	0.413539	0.0343653	0.529966	0.00786886
0.051312	0.398157	0.0053629	0.523196	0.0219715
0.00513891	0.762049	9.9991e-05	0.129911	0.102801
0.134989	0.0379309	0.362018	0.0855512	0.379511
0.0333459	0.381061	9.9991e-05	0.520445	0.0650481
0.0362958	0.403898	0.00303011	0.497328	0.0594481
0.108528	0.0605529	0.214475	0.0255853	0.590859
0.0171968	0.555156	0.00894136	0.383353	0.0353526
0.0355087	0.506512	0.0326408	0.401221	0.0241178
0.0112665	0.504283	9.9991e-05	0.458555	0.0257955
0.0527031	0.234565	0.0798716	0.594782	0.0380775
0.0217843	0.270532	0.0461092	0.635926	0.0256491
9.9991e-05	0.464413	0.0288555	0.473229	0.0334019
0.148149	0.0589385	9.9991e-05	0.0745941	0.718219
0.00787511	0.800328	0.0346665	0.157031	9.9991e-05
0.0145889	0.00771363	0.950143	9.9991e-05	0.0274548
0.0373643	9.9982e-05	0.949369	0.0130667	9.9982e-05
0.0280676	0.910327	0.0456137	0.0158922	9.9991e-05
0.165737	0.190376	0.199955	0.137923	0.306008
0.0843594	0.0675677	0.013975	0.0983474	0.735751
9.9991e-05	0.0594814	0.028339	0.0746665	0.837413
0.0338946	9.9991e-05	0.839437	0.0510121	0.0755567
0.00219807	0.116222	0.0464066	0.156948	0.678225
0.0984105	0.0562679	0.019344	0.0832186	0.742759
0.0215243	0.257897	0.0454523	0.604349	0.0707775
0.152169	0.0702674	9.9991e-05	0.00717562	0.770288
0.191238	0.150005	0.130236	0.125209	0.403312
0.027746	9.9982e-05	0.970879	0.00117466	9.9982e-05
0.0218774	0.784574	0.0173658	0.128411	0.0477718
9.9991e-05	0.407461	0.0315931	0.0154935	0.545352
0.0195328	0.927062	0.0470599	9.9991e-05	0.00624547
0.0561579	0.0930457	0.071785	0.103483	0.675529
9.997e-05	0.9996	9.997e-05	9.997e-05	9.997e-05
0.0634861	0.0852395	9.9991e-05	0.00351931	0.847655
0.0227482	0.86332	0.0958629	9.9991e-05	0.0179687
0.0383214	0.898768	0.0103512	9.9991e-05	0.0524598
0.0108536	0.0681447	0.90208	9.9991e-05	0.0188222
9.9991e-05	0.149018	0.418733	0.195839	0.236309
0.0328456	0.0607514	0.36988	0.0502619	0.486261
0.0191363	0.0584939	0.0522782	0.830491	0.0396006
9.9973e-05	9.9973e-05	9.9973e-05	0.963486	0.0362136
0.0148704	9.9991e-05	0.0431947	0.902652	0.0391831
0.0195271	0.00603207	0.0427052	0.87767	0.0540654
9.9973e-05	9.9973e-05	0.974785	0.0249151	9.9973e-05
0.0199997	0.0418398	0.93382	9.9991e-05	0.00424054
0.0462496	9.9991e-05	0.817152	0.0658366	0.0706616
0.0111677	0.359387	9.9991e-05	0.550353	0.0789922
0.154728	0.178812	0.216346	0.124125	0.325989
0.218167	0.0619935	0.394799	0.124698	0.200343
0.0587804	0.03716	0.816861	9.9991e-05	0.0870984
0.136088	0.0429868	0.69968	0.0178766	0.103369
0.0566156	0.0326981	0.778257	0.104743	0.027687
0.206384	0.0912711	0.518178	0.0697221	0.114445
0.167906	0.15742	9.9991e-05	0.091636	0.582937
9.9973e-05	9.9973e-05	0.128228	9.9973e-05	0.871472
0.0263034	9.9991e-05	0.32222	0.0075364	0.64384
9.997e-05	0.9996	9.997e-05	9.997e-05	9.997e-05
9.9982e-05	0.949512	0.00140609	9.9982e-05	0.0488818
9.9982e-05	0.942844	0.00875761	9.9982e-05	0.0481987
0.0455345	0.482552	9.9991e-05	0.352403	0.119411
0.147487	0.431134	0.0392004	0.129106	0.253073
0.143976	0.441052	0.00843344	0.129513	0.277025
0.0269794	0.00883616	0.953234	0.0108505	9.9991e-05
0.0564702	0.0286072	0.864475	0.0503315	0.000115877
9.9973e-05	0.0089896	0.99071	9.9973e-05	9.9973e-05
0.096879	0.0902178	9.9982e-05	9.9982e-05	0.812703
0.00647256	0.967917	0.0254108	9.9982e-05	9.9982e-05
0.00512057	0.971717	0.0212643	9.9991e-05	0.00179819
0.00756617	0.979233	9.9991e-05	0.0102265	0.0028748
9.9982e-05	0.900775	9.9982e-05	0.0787349	0.0202902
9.9982e-05	0.895075	9.9982e-05	0.0459801	0.0587445
9.9973e-05	0.080547	9.9973e-05	9.9973e-05	0.919153
0.129964	0.389586	0.0650201	0.344754	0.070676
0.0888209	0.0423753	9.9991e-05	0.0176282	0.851076
9.9973e-05	0.0470995	9.9973e-05	9.9973e-05	0.952601
9.9991e-05	0.0598862	0.801871	0.0409879	0.0971548
9.997e-05	9.997e-05	9.997e-05	9.997e-05	0.9996
9.997e-05	9.997e-05	9.997e-05	9.997e-05	0.9996
0.00914101	9.9991e-05	0.00265547	0.000256081	0.987847
0.0118667	0.962128	0.0258058	9.9982e-05	9.9982e-05
9.9973e-05	0.996582	9.9973e-05	9.9973e-05	0.00311785
0.0568556	0.453819	0.0550683	0.206626	0.227631
0.0156694	0.984031	9.9973e-05	9.9973e-05	9.9973e-05
9.997e-05	0.9996	9.997e-05	9.997e-05	9.997e-05
0.0043082	0.400842	9.9991e-05	0.0174489	0.577301
9.9982e-05	0.858451	0.043334	0.098015	9.9982e-05
9.9991e-05	0.881923	0.0317392	0.0854216	0.0008167
0.13395	0.31522	0.098504	0.20323	0.249097
0.113663	0.0242121	9.9991e-05	0.0449658	0.817059
9.9982e-05	0.750544	9.9982e-05	0.113722	0.135534
0.431908	0.0170818	0.345231	0.205679	9.9991e-05
9.9982e-05	0.752128	9.9982e-05	0.0704454	0.177227
9.9973e-05	0.993176	0.00652364	9.9973e-05	9.9973e-05
9.9991e-05	0.00305108	0.0519716	0.0141695	0.930708
9.9982e-05	0.27933	0.043336	9.9982e-05	0.677134
0.123473	0.0318563	9.9982e-05	9.9982e-05	0.844471
0.211806	0.167389	9.9982e-05	9.9982e-05	0.620605
9.9973e-05	9.9973e-05	0.198934	9.9973e-05	0.800766
0.155165	0.047756	9.9991e-05	0.0258405	0.771139
0.0743707	0.0686598	9.9982e-05	9.9982e-05	0.85677
0.0617514	0.0945112	0.000509432	9.9991e-05	0.843128
0.197377	0.0693664	9.9982e-05	9.9982e-05	0.733056
0.107962	0.0920641	0.00281717	0.0685249	0.728632
0.123935	0.0364601	9.9982e-05	9.9982e-05	0.839405
0.12654	0.324272	0.103796	0.194214	0.251177
0.00429966	9.9982e-05	0.994093	9.9982e-05	0.00140691
9.9991e-05	0.0746799	0.803915	0.0324923	0.0888131
0.9996	9.997e-05	9.997e-05	9.997e-05	9.997e-05
9.9991e-05	0.066179	0.721809	0.0589892	0.152923
0.0187226	9.9982e-05	0.897133	9.9982e-05	0.083944
0.0266629	0.0473124	0.368889	9.9991e-05	0.557035
0.0452099	9.9991e-05	0.924993	0.00131845	0.0283787
0.0272374	9.9991e-05	0.329494	0.0627419	0.580426
9.9982e-05	0.0189771	0.96261	0.0182128	9.9982e-05
0.271694	0.0962001	0.122042	0.0629652	0.447099
0.0885942	0.0332659	0.0930101	0.128913	0.656217
0.100868	0.0421075	0.217395	0.0486576	0.590972
0.0200611	0.0145132	0.929477	9.9991e-05	0.0358492
0.0213367	0.950076	9.9982e-05	0.0283871	9.9982e-05
9.99729e-05	9.99729e-05	0.186381	9.99729e-05	0.813319
0.229612	0.0965752	0.160168	0.101894	0.411751
9.99729e-05	9.99729e-05	0.155679	9.99729e-05	0.844021
9.9982e-05	0.950592	9.9982e-05	0.0369165	0.0122915
0.112677	0.0364229	9.9991e-05	0.0167993	0.834001
0.990568	9.9973e-05	9.9973e-05	0.00913175	9.9973e-05
0.737224	0.0431302	0.0771301	0.0958502	0.0466658
0.0230293	9.9973e-05	0.976671	9.9973e-05	9.9973e-05
0.0237373	9.9982e-05	0.334063	9.9982e-05	0.641999
0.106679	0.0265113	9.9991e-05	0.00705851	0.859651
0.0984577	0.0360809	9.9982e-05	9.9982e-05	0.865261
9.9991e-05	0.117845	0.0736406	0.0739591	0.734455
9.9973e-05	9.9973e-05	0.391052	9.9973e-05	0.608648
9.9982e-05	0.953068	0.00105783	9.9982e-05	0.0456738
0.132341	0.444861	0.036182	0.12884	0.257776
9.9982e-05	0.599304	9.9982e-05	0.37288	0.0276157
0.0975213	0.21063	0.0882646	0.559745	0.0438388
0.0802915	0.171298	0.0688074	0.586502	0.0931006
0.0417004	0.42075	0.0466282	0.475124	0.0157972
0.133776	0.441952	0.0422292	0.13829	0.243753
0.0607554	0.248294	0.0343338	0.546843	0.109774
0.0124821	0.391403	0.0539508	0.504477	0.0376872
0.185446	0.173397	0.0598708	0.158959	0.422327
9.9991e-05	0.476008	0.0617811	0.401907	0.0602033
0.201153	0.174846	0.122214	0.188604	0.313183
0.189995	0.0599342	9.9982e-05	9.9982e-05	0.749871
0.164112	0.175739	9.9991e-05	0.214517	0.445531
0.0957525	0.411388	0.0231747	0.311446	0.158239
0.0942467	0.344324	0.0392122	0.312949	0.209268
0.142353	0.400808	0.013339	0.170536	0.272965
0.0681225	0.45041	0.0184896	0.390661	0.0723169
9.9973e-05	9.9973e-05	0.266426	9.9973e-05	0.733274
9.9982e-05	0.964743	0.0121976	9.9982e-05	0.0228595
0.082482	0.198932	0.0416251	0.55972	0.117241
0.07661	0.516307	0.0516822	0.341031	0.0143698
0.0606062	0.277168	0.0617861	0.573137	0.0273025
0.0697683	0.299954	0.0171775	0.534652	0.0784484
9.9991e-05	0.0758759	0.763448	0.0414343	0.119142
0.038968	0.00746415	0.419939	0.0588154	0.474813
0.0168925	0.86744	9.9991e-05	0.113906	0.00166084
9.99729e-05	9.99729e-05	0.206318	9.99729e-05	0.793382
9.9991e-05	0.0939584	0.742676	0.0274896	0.135776
0.223589	0.125277	9.9991e-05	0.0419871	0.609047
9.997e-05	0.9996	9.997e-05	9.997e-05	9.997e-05
9.997e-05	0.9996	9.997e-05	9.997e-05	9.997e-05
0.0344452	0.931674	9.9982e-05	9.9982e-05	0.0336804
9.9973e-05	0.993317	9.9973e-05	0.00638335	9.9973e-05
0.0964207	0.0949135	9.9982e-05	9.9982e-05	0.808466
0.0350179	0.898844	0.0659378	9.9982e-05	9.9982e-05
9.9991e-05	0.0687849	0.786033	0.0514281	0.0936542
9.9973e-05	9.9973e-05	0.997089	9.9973e-05	0.00261062
0.0218851	9.9991e-05	0.915969	0.0168756	0.0451698
0.0315239	9.9973e-05	0.968176	9.9973e-05	9.9973e-05
0.0329035	9.9982e-05	0.96149	0.00540661	9.9982e-05
0.109837	0.0969777	0.100867	0.623521	0.0687969
0.127641	0.121588	0.117978	0.569986	0.0628072
9.9982e-05	9.9982e-05	0.0405194	0.915784	0.043497
9.9982e-05	0.0623621	0.0242611	0.913177	9.9982e-05
9.9973e-05	9.9973e-05	0.0100407	0.989659	9.9973e-05
0.139689	0.0239782	0.00524693	0.348022	0.483064
0.0197395	9.9991e-05	0.0097204	0.938966	0.0314746
0.0157168	0.233774	0.265938	0.13903	0.34554
9.997e-05	9.997e-05	9.997e-05	0.9996	9.997e-05
9.997e-05	9.997e-05	9.997e-05	0.9996	9.997e-05
0.00956113	9.9973e-05	9.9973e-05	0.990139	9.9973e-05
9.9991e-05	0.260793	0.0690715	0.669397	0.000638769
9.997e-05	9.997e-05	9.997e-05	0.9996	9.997e-05
0.0145336	0.0355666	0.0245276	0.925272	9.9991e-05
9.9973e-05	9.9973e-05	0.259166	9.9973e-05	0.740534
0.00717233	9.9991e-05	0.355284	0.0653244	0.572119
0.0257902	0.000586586	0.777661	0.0494014	0.146561
0.0495501	9.9982e-05	0.914941	9.9982e-05	0.0353092
0.130557	0.0297179	0.051507	0.107192	0.681026
0.0600877	0.00894644	0.821243	0.0421864	0.0675365
9.9973e-05	9.9973e-05	0.141246	9.9973e-05	0.858454
9.9973e-05	9.9973e-05	0.191671	9.9973e-05	0.808029
0.1854	0.0856059	9.9991e-05	0.0105612	0.718333
0.0944973	0.027261	0.77367	0.05999	0.0445821
0.11152	0.0364781	0.542754	0.0656339	0.243614
0.222051	0.102106	0.0353359	0.0695217	0.570985
0.172715	0.0709296	9.9991e-05	0.0653438	0.690911
0.155281	0.0605628	0.0610538	0.0640868	0.659016
0.00045367	0.0797324	0.31825	0.0174247	0.584139
0.197689	0.0453263	9.9991e-05	0.0721505	0.684734
9.9973e-05	9.9973e-05	0.147056	9.9973e-05	0.852644
0.213226	0.150237	9.9991e-05	0.0211887	0.615248
0.248409	0.16351	9.9982e-05	9.9982e-05	0.587882
0.137304	0.390802	0.00503366	0.222843	0.244017
0.207976	0.0694531	9.9991e-05	0.0162621	0.706208
0.197022	0.0758217	9.9991e-05	0.0237359	0.703321
0.188883	0.106083	9.9991e-05	0.00160719	0.703326
0.213051	0.117717	0.2041	0.0923887	0.372743
9.9973e-05	9.9973e-05	0.272423	9.9973e-05	0.727277
9.9982e-05	0.0039928	0.151426	9.9982e-05	0.844381
9.9973e-05	9.9973e-05	0.127953	9.9973e-05	0.871747
9.9973e-05	9.9973e-05	0.20786	9.9973e-05	0.79184
9.9973e-05	0.94542	9.9973e-05	9.9973e-05	0.0542805
0.067651	0.446872	0.00728409	0.229395	0.248798
0.0217724	0.0125529	0.839451	0.0105814	0.115642
0.0432004	9.9991e-05	0.348657	0.0260305	0.582012
0.179056	0.179247	9.9991e-05	0.145084	0.496513
0.166717	0.18744	9.9991e-05	0.158265	0.487478
9.9982e-05	0.0496088	0.919347	0.0308446	9.9982e-05
9.9991e-05	0.0678244	0.76526	0.0377486	0.129067
0.0105102	0.238443	0.00859354	0.365366	0.377087
0.0502204	0.121692	0.027925	0.0803028	0.71986
0.00790378	0.00217258	0.855023	9.9991e-05	0.1348
0.246336	0.138454	0.271749	0.0497669	0.293694
0.160876	0.159185	9.9991e-05	0.206296	0.473543
0.228042	0.0736924	0.175006	0.123888	0.399372
0.201021	0.126271	0.292616	0.0898658	0.290226
0.0775261	9.9973e-05	0.922174	9.9973e-05	9.9973e-05
9.9982e-05	0.0559413	0.932858	0.011001	9.9982e-05
0.0078534	9.9982e-05	0.990226	0.00172052	9.9982e-05
0.0267843	9.9991e-05	0.900658	0.0408018	0.0316564
0.0242036	9.9973e-05	0.975497	9.9973e-05	9.9973e-05
9.9982e-05	0.00326899	0.95464	9.9982e-05	0.041891
0.209082	0.0625542	0.548284	0.105441	0.0746392
0.18707	0.165262	0.298302	0.152395	0.196971
9.9973e-05	0.00757666	0.992123	9.9973e-05	9.9973e-05
0.209247	0.131088	0.258143	0.122449	0.279073
0.215986	0.119861	0.165052	0.110245	0.388857
9.9982e-05	0.420835	9.9982e-05	0.5395	0.0394647
0.00636994	0.405712	9.9991e-05	0.554876	0.0329423
0.0132197	0.385586	0.0104814	0.56884	0.0218736
0.0290007	0.394557	9.9991e-05	0.573248	0.00309373
9.9982e-05	0.394195	0.0454425	0.560163	9.9982e-05
0.00339027	0.413213	9.9991e-05	0.575688	0.00760896
0.0387028	0.401175	9.9991e-05	0.549395	0.0106269
0.231272	0.160818	9.9991e-05	0.057433	0.550377
0.22003	0.112761	9.9982e-05	9.9982e-05	0.667009
0.125611	0.343194	0.00666556	0.217009	0.307521
0.135968	0.344843	9.9991e-05	0.233649	0.28544
0.00741506	0.0272824	0.883149	0.0773046	0.00484947
0.0908108	0.0379846	0.810972	0.0442264	0.016006
9.997e-05	9.997e-05	0.9996	9.997e-05	9.997e-05
0.0105204	0.98918	9.9973e-05	9.9973e-05	9.9973e-05
9.9973e-05	0.86804	9.9973e-05	0.13166	9.9973e-05
0.00721135	0.97676	0.0158282	9.9982e-05	9.9982e-05
9.9973e-05	0.855014	9.9973e-05	0.144686	9.9973e-05
0.0167909	0.473306	0.0299131	0.0738466	0.406143
0.00429829	0.427347	0.0391612	0.345859	0.183335
0.00424989	0.434471	0.00772811	0.488501	0.0650498
9.9973e-05	0.858825	9.9973e-05	0.140875	9.9973e-05
9.9973e-05	0.872678	9.9973e-05	0.127022	9.9973e-05
9.9973e-05	0.999424	0.000276567	9.9973e-05	9.9973e-05
9.9982e-05	0.889576	0.0152307	0.0949932	9.9982e-05
0.125125	0.0607843	0.227077	0.17122	0.415794
0.00641818	0.00356	0.989822	9.9982e-05	9.9982e-05
0.223514	0.182506	0.0038456	0.0215565	0.568577
0.0476288	0.0423935	0.71518	0.01542	0.179378
0.141873	0.0285469	0.0347177	0.0905378	0.704325
9.9982e-05	0.934748	0.0157598	9.9982e-05	0.0492927
0.0217906	0.3771	9.9991e-05	0.536073	0.064936
0.0454813	0.716435	0.0491128	0.162775	0.0261965
0.232987	0.14505	0.273982	0.0479913	0.299989
0.234496	0.163902	0.0682381	0.14127	0.392094
0.0188782	9.9991e-05	0.576809	0.0371476	0.367065
0.127191	0.0472343	9.9991e-05	0.0129514	0.812523
0.0570637	0.0964353	0.0631364	0.783265	9.9991e-05
0.00849055	0.0601184	0.0516329	0.879658	9.9991e-05
9.99729e-05	9.99729e-05	0.00995578	0.989744	9.99729e-05
0.0116048	0.0110118	9.9982e-05	0.977183	9.9982e-05
9.997e-05	9.997e-05	9.997e-05	0.9996	9.997e-05
0.0335074	0.037472	0.0309549	0.897966	9.9991e-05
0.255914	0.149796	9.9991e-05	0.00289569	0.591295
0.106267	0.471249	0.0701321	0.327428	0.0249243
0.00569084	0.875775	0.0509733	0.0674608	9.9991e-05
9.997e-05	0.9996	9.997e-05	9.997e-05	9.997e-05
9.997e-05	0.9996	9.997e-05	9.997e-05	9.997e-05
0.000823556	0.837785	0.0294197	0.131872	9.9991e-05
9.997e-05	9.997e-05	9.997e-05	0.9996	9.997e-05
9.9973e-05	9.9973e-05	0.0186955	0.981005	9.9973e-05
0.00817798	0.288136	0.0362441	0.667342	9.9991e-05
0.0269714	0.237019	0.0247537	0.711156	9.9991e-05
9.9973e-05	0.0144088	9.9973e-05	0.985291	9.9973e-05
9.9991e-05	0.336124	0.0462576	0.614756	0.00276202
9.9991e-05	0.276477	0.355628	0.328941	0.0388538
0.032781	0.000965505	0.858145	9.9991e-05	0.108008
9.9982e-05	9.9982e-05	0.796716	0.0590755	0.144008
0.0348988	9.9991e-05	0.880335	0.00514308	0.0795229
0.0281695	9.9991e-05	0.949242	0.00550474	0.0169838
9.9973e-05	9.9973e-05	9.9973e-05	0.985481	0.0142186
9.997e-05	9.997e-05	9.997e-05	0.9996	9.997e-05
0.00408126	0.210703	0.0393308	0.731357	0.0145278
9.9982e-05	0.124799	0.0105581	0.864443	9.9982e-05
0.0101646	9.9973e-05	9.9973e-05	0.989535	9.9973e-05
0.0314725	0.00149075	9.9991e-05	0.961178	0.00575858
9.997e-05	9.997e-05	9.997e-05	0.9996	9.997e-05
0.0162159	0.244213	0.0418706	0.688076	0.00962424
0.0935636	0.0245518	0.0533042	0.0325196	0.796061
0.111121	0.0369912	9.9982e-05	9.9982e-05	0.851687
0.144278	9.9982e-05	9.9982e-05	0.0349356	0.820586
0.089332	0.0167387	9.9991e-05	0.105981	0.787848
9.9991e-05	0.407222	0.0284555	0.466821	0.0974022
9.9991e-05	0.493607	0.00859151	0.468774	0.028927
9.9982e-05	0.559394	9.9982e-05	0.356463	0.083943
9.9982e-05	0.601963	9.9982e-05	0.332376	0.0654617
0.111425	0.110698	0.124016	0.549902	0.10396
0.133439	0.584803	9.9991e-05	0.0925069	0.189151
9.9973e-05	9.9973e-05	9.9973e-05	0.985413	0.0142874
9.9982e-05	0.337269	9.9982e-05	0.620033	0.0424983
0.0258227	0.310556	0.020931	0.587376	0.0553141
0.121961	0.132143	0.455992	9.99911e-05	0.289803
0.189484	0.195538	0.0174085	0.0648552	0.532714
9.9973e-05	9.9973e-05	0.918099	9.9973e-05	0.081601
9.9973e-05	9.9973e-05	0.220018	9.9973e-05	0.779682
0.000188958	9.9982e-05	0.394438	9.9982e-05	0.605173
9.9982e-05	9.9982e-05	0.575963	0.000176486	0.42366
0.119974	0.0625636	0.37303	0.0537527	0.390679
9.9973e-05	9.9973e-05	0.960822	9.9973e-05	0.0388784
9.9982e-05	9.9982e-05	0.952594	0.0288839	0.0183223
0.0193972	0.00243252	0.918166	0.059904	9.9991e-05
0.0276217	9.9982e-05	0.937283	9.9982e-05	0.0348955
0.0945907	0.11609	0.140177	0.499831	0.149312
0.0447596	0.0795866	0.431001	0.326175	0.118478
0.0468362	0.276578	0.293138	0.351377	0.0320705
0.0666801	0.22208	0.0561928	0.555212	0.0998356
0.0883417	0.0768757	0.52425	0.0880439	0.222489
0.0274446	0.00781043	0.958826	0.00581851	9.9991e-05
0.0351315	0.444522	0.0104386	0.477367	0.0325404
0.0923835	0.00392467	0.744959	0.0511129	0.10762
9.9973e-05	9.9973e-05	0.23107	9.9973e-05	0.76863
9.9973e-05	9.9973e-05	0.121091	9.9973e-05	0.878609
9.9973e-05	0.0100691	0.989631	9.9973e-05	9.9973e-05
0.51948	0.0484946	0.169152	0.132077	0.130797
9.9991e-05	0.0157764	0.536648	0.0117976	0.435678
9.9973e-05	9.9973e-05	0.191959	9.9973e-05	0.807741
0.0502965	9.9991e-05	0.687531	0.0645752	0.197498
0.541159	0.0450345	0.0974778	0.0921098	0.224219
0.988038	9.9973e-05	0.0116616	9.9973e-05	9.9973e-05
9.9991e-05	0.847239	0.0279298	0.102265	0.0224659
0.0144613	0.0621086	0.12188	0.043654	0.757896
0.162115	0.155549	9.9991e-05	0.235752	0.446485
0.229797	0.143638	0.0173357	0.0889726	0.520256
0.194428	0.118396	0.0593906	0.0661043	0.561681
9.9973e-05	9.9973e-05	0.0872179	9.9973e-05	0.912482
0.00570909	0.941968	0.0102338	9.9991e-05	0.0419891
0.144915	0.276038	0.030011	0.312501	0.236536
0.105161	0.0544488	9.9982e-05	9.9982e-05	0.84019
9.99729e-05	9.99729e-05	0.115662	9.99729e-05	0.884038
0.142529	0.0646253	9.9991e-05	0.0123316	0.780414
0.187957	0.175839	9.9991e-05	0.171646	0.464459
0.18287	0.153078	9.9991e-05	0.195679	0.468274
0.00611847	0.506084	0.0940046	0.237564	0.156229
0.00475841	0.741644	0.056772	0.115626	0.0811994
0.0787871	0.296858	0.0394648	0.26736	0.317529
0.197601	0.213379	9.9991e-05	0.0496102	0.53931
9.99729e-05	9.99729e-05	0.157781	9.99729e-05	0.841919
9.9973e-05	9.9973e-05	0.114357	9.9973e-05	0.885343
0.209909	0.100803	0.408025	0.0621451	0.219118
0.0757715	0.432014	0.0335638	0.216565	0.242086
0.203225	0.155923	9.9991e-05	0.0492811	0.591471
0.0103874	0.00419849	0.985214	9.9982e-05	9.9982e-05
0.118421	0.381509	0.0273553	0.167437	0.305278
0.0492979	0.151378	0.361933	0.149388	0.288003
0.189737	0.397289	0.0735433	0.308125	0.0313059
0.147153	0.100387	0.549788	0.0758652	0.126806
0.0989448	0.0508968	0.00461448	9.9991e-05	0.845444
0.225106	0.0661638	0.176559	0.120596	0.411575
9.9973e-05	9.9973e-05	0.983971	0.0157295	9.9973e-05
9.9982e-05	9.9982e-05	0.931841	0.0621534	0.00580602
9.99729e-05	9.99729e-05	0.125501	9.99729e-05	0.874199
0.0134529	9.9973e-05	0.986247	9.9973e-05	9.9973e-05
0.117356	0.0535655	0.655048	0.104375	0.0696553
0.0492094	0.00214784	0.880904	0.0289727	0.0387663
9.9982e-05	0.0400601	0.824012	9.9982e-05	0.135728
0.183482	0.179853	0.000118786	0.169097	0.467449
9.9982e-05	0.873654	0.0275826	0.0985635	9.9982e-05
9.9973e-05	0.957572	9.9973e-05	0.0421282	9.9973e-05
9.99731e-05	9.99731e-05	0.220907	9.99731e-05	0.778793
9.9982e-05	0.878429	9.9982e-05	0.111691	0.00967996
0.943963	9.9982e-05	0.0471992	0.00863784	9.9982e-05
0.981075	0.00634777	0.00913629	0.00334093	9.9991e-05
0.503538	0.210025	0.195553	0.00463777	0.0862451
0.00105649	0.0577774	0.79951	0.0365055	0.10515
0.9996	9.997e-05	9.997e-05	9.997e-05	9.997e-05
0.9996	9.997e-05	9.997e-05	9.997e-05	9.997e-05
0.9996	9.997e-05	9.997e-05	9.997e-05	9.997e-05
0.9996	9.997e-05	9.997e-05	9.997e-05	9.997e-05
0.9996	9.997e-05	9.997e-05	9.997e-05	9.997e-05
9.9973e-05	9.9973e-05	0.0638624	9.9973e-05	0.935838
0.216755	0.211247	0.00208434	9.9991e-05	0.569814
0.128424	0.0208157	9.9991e-05	0.0628975	0.787763
0.104083	0.0226678	9.9991e-05	0.0326028	0.840547
9.9973e-05	9.9973e-05	0.520001	9.9973e-05	0.479699
0.000937139	9.9982e-05	0.101592	9.9982e-05	0.897271
0.201222	0.188675	9.9991e-05	0.0118602	0.598143
0.159349	0.0289774	9.9991e-05	0.0597949	0.751779
0.0599004	0.100307	9.9982e-05	9.9982e-05	0.839593
0.206102	0.063232	9.9991e-05	0.044525	0.686041
0.957114	0.0113873	0.0148837	9.9991e-05	0.0165147
9.9991e-05	0.098321	0.204278	0.0596467	0.637654
0.016686	0.0308742	0.83554	0.0428016	0.0740979
0.0605752	0.0261137	0.861466	0.0114805	0.0403643
0.0435707	9.9991e-05	0.714071	0.133098	0.109159
9.99729e-05	9.99729e-05	0.169679	9.99729e-05	0.830021
0.0139251	0.00904478	0.0928541	9.9991e-05	0.884076
9.9973e-05	0.855373	9.9973e-05	0.144327	9.9973e-05
0.0328544	0.156419	0.244319	0.22402	0.342388
0.0818729	0.0409677	0.00915975	0.0241553	0.843844
