0.139077	0.000778613	0.0304566	0.0302267	0.659706	0.139755
0.439332	0.0421049	9.9991e-05	0.045084	0.293275	0.180105
0.437573	0.0370328	0.0224753	0.0827142	0.257647	0.162557
0.133339	9.9991e-05	0.00653549	0.0658724	0.652234	0.141919
0.947308	0.00534211	0.0116201	0.00590344	0.0297267	9.9991e-05
0.411574	0.0810045	0.0144725	0.00650121	0.283582	0.202865
9.9973e-05	9.9973e-05	0.53	0.105388	0.364312	9.9973e-05
9.9964e-05	9.9964e-05	0.979177	9.9964e-05	0.0204232	9.9964e-05
9.9964e-05	9.9964e-05	0.98221	9.9964e-05	9.9964e-05	0.0173906
9.996e-05	9.996e-05	0.9995	9.996e-05	9.996e-05	9.996e-05
0.0531801	9.9973e-05	9.9973e-05	0.846659	0.0998613	9.9973e-05
9.9973e-05	9.9973e-05	0.0277671	0.949717	0.0222156	9.9973e-05
9.9982e-05	0.00313131	0.000720931	0.949927	0.0460204	9.9982e-05
9.996e-05	9.996e-05	9.996e-05	0.9995	9.996e-05	9.996e-05
9.9973e-05	0.840647	9.9973e-05	9.9973e-05	0.133198	0.0258555
9.996e-05	9.996e-05	0.9995	9.996e-05	9.996e-05	9.996e-05
9.9973e-05	9.9973e-05	0.00389152	0.213048	0.78276	9.9973e-05
9.9973e-05	0.914488	0.00748681	0.077725	9.9973e-05	9.9973e-05
9.999e-05	0.564177	0.0368133	0.17654	0.155361	0.0670095
9.9973e-05	0.391522	0.0181664	0.590011	9.9973e-05	9.9973e-05
9.9982e-05	0.854773	0.0474001	0.0240276	0.0735989	9.9982e-05
9.9982e-05	0.0933732	0.0247739	0.875512	9.9982e-05	0.00614085
9.9973e-05	0.926214	0.00963016	0.0638564	9.9973e-05	9.9973e-05
9.999e-05	0.112724	0.0219071	0.818996	0.0283012	0.0179722
9.9964e-05	0.0736995	9.9964e-05	0.925901	9.9964e-05	9.9964e-05
9.9982e-05	0.952503	9.9982e-05	0.0320361	0.0138017	0.00145935
9.9973e-05	0.88448	0.0144466	0.100773	9.9973e-05	9.9973e-05
9.9973e-05	0.619695	9.9973e-05	0.30051	9.9973e-05	0.0794954
9.9982e-05	0.963649	0.020729	0.000827867	9.9982e-05	0.0145943
0.00556559	0.967994	9.9973e-05	0.0261409	9.9973e-05	9.9973e-05
9.9973e-05	0.0530093	9.9973e-05	0.925501	9.9973e-05	0.0211897
9.9964e-05	9.9964e-05	9.9964e-05	0.936479	0.0631211	9.9964e-05
9.9964e-05	0.931648	9.9964e-05	0.0679526	9.9964e-05	9.9964e-05
9.999e-05	0.196183	0.0235104	0.761091	0.010642	0.00847376
9.9964e-05	0.975877	9.9964e-05	0.0237227	9.9964e-05	9.9964e-05
9.9964e-05	0.0370459	9.9964e-05	0.962554	9.9964e-05	9.9964e-05
0.00694898	0.910321	9.9973e-05	0.08243	9.9973e-05	9.9973e-05
9.9973e-05	0.0662854	9.9973e-05	0.912944	9.9973e-05	0.0204705
0.191316	9.9982e-05	0.0115029	9.9982e-05	0.634873	0.162108
0.839856	9.9964e-05	9.9964e-05	9.9964e-05	9.9964e-05	0.159744
0.104815	9.9973e-05	9.9973e-05	0.855858	0.039027	9.9973e-05
9.9964e-05	0.954632	9.9964e-05	0.0449685	9.9964e-05	9.9964e-05
9.9973e-05	0.0668127	9.9973e-05	0.918298	9.9973e-05	0.0145892
0.219948	9.9982e-05	9.9982e-05	0.0827773	0.31402	0.383054
9.9991e-05	0.555402	0.0579988	0.206256	0.132159	0.0480845
9.9982e-05	0.399256	0.0535053	0.496008	0.0510305	9.9982e-05
0.00565228	0.868547	0.0477763	0.0352207	0.0225818	0.0202223
0.512134	0.0637351	9.9982e-05	9.9982e-05	0.243383	0.180549
0.219557	9.9991e-05	0.0226577	0.00315368	0.0795677	0.674964
9.9964e-05	9.9964e-05	0.017075	9.9964e-05	0.982525	9.9964e-05
9.9982e-05	0.00559673	0.00774052	0.129552	0.856911	9.9982e-05
9.9991e-05	0.0215131	0.0137785	0.152497	0.811809	0.000302417
9.996e-05	9.996e-05	9.996e-05	9.996e-05	0.9995	9.996e-05
0.0121354	9.9973e-05	0.957862	0.0297029	9.9973e-05	9.9973e-05
0.00522199	9.9991e-05	0.948545	0.0167347	0.0277258	0.00167237
9.9982e-05	0.0230392	0.0454812	0.720191	0.211089	9.9982e-05
9.9964e-05	0.0814253	9.9964e-05	0.918175	9.9964e-05	9.9964e-05
0.225381	0.261738	0.0728962	0.0152392	0.358982	0.0657632
0.935226	0.00849593	9.9982e-05	0.00845327	0.0476249	9.9982e-05
0.522109	0.0618233	9.9982e-05	9.9982e-05	0.0473028	0.368565
9.9964e-05	9.9964e-05	9.9964e-05	0.192022	0.807578	9.9964e-05
0.00751971	0.0285176	0.0174286	0.178512	0.767922	9.9991e-05
9.9973e-05	9.9973e-05	9.9973e-05	0.22017	0.729325	0.0502049
9.9964e-05	9.9964e-05	0.964491	9.9964e-05	0.0351087	9.9964e-05
0.943766	0.0017077	0.0105583	9.9982e-05	0.0437675	9.9982e-05
9.9973e-05	0.0150079	9.9973e-05	0.229166	0.755526	9.9973e-05
0.144441	9.9982e-05	0.0231369	9.9982e-05	0.765832	0.0663897
9.9964e-05	0.0315019	9.9964e-05	0.968098	9.9964e-05	9.9964e-05
9.9964e-05	9.9964e-05	0.0094073	0.990193	9.9964e-05	9.9964e-05
0.0344901	0.0363429	0.805933	9.9991e-05	0.10858	0.0145536
0.0226048	0.0393503	0.814912	9.9991e-05	0.110189	0.0128439
9.9982e-05	0.022627	0.869107	0.0318899	0.0761759	9.9982e-05
0.0237874	9.9964e-05	0.975813	9.9964e-05	9.9964e-05	9.9964e-05
9.9973e-05	9.9973e-05	0.951152	0.0107571	0.0377914	9.9973e-05
0.0183801	9.9973e-05	0.979396	9.9973e-05	0.00192384	9.9973e-05
9.9964e-05	0.0159267	0.983673	9.9964e-05	9.9964e-05	9.9964e-05
0.010266	0.00606053	0.983374	9.9973e-05	9.9973e-05	9.9973e-05
0.0035548	9.9982e-05	0.945843	9.9982e-05	0.0380769	0.012325
9.996e-05	9.996e-05	0.9995	9.996e-05	9.996e-05	9.996e-05
0.00291669	0.0144995	0.945502	0.0152767	0.0192875	0.00251807
9.9991e-05	0.00350892	0.942227	0.0269061	0.00167276	0.0255854
9.9991e-05	0.0137476	0.946968	0.016599	0.00899624	0.013589
9.9973e-05	0.422563	0.545236	0.031901	9.9973e-05	9.9973e-05
9.9973e-05	0.436069	0.562652	0.000979033	9.9973e-05	9.9973e-05
9.9964e-05	9.9964e-05	0.997606	9.9964e-05	0.00199433	9.9964e-05
9.9964e-05	9.9964e-05	0.941371	9.9964e-05	0.0582292	9.9964e-05
0.0152034	9.9973e-05	0.935152	9.9973e-05	0.0493445	9.9973e-05
0.027946	0.00798	0.936488	0.0108303	0.00388102	0.0128745
9.996e-05	9.996e-05	0.9995	9.996e-05	9.996e-05	9.996e-05
9.9973e-05	0.432781	0.542664	0.0242543	9.9973e-05	9.9973e-05
0.00556128	0.0451909	0.881	0.0422544	9.9991e-05	0.0258938
0.0130922	0.00867862	0.946425	0.0300135	9.9991e-05	0.00169105
0.0118586	9.9982e-05	0.956702	0.00806	0.0231794	9.9982e-05
0.0123167	9.9982e-05	0.940484	9.9982e-05	0.0129117	0.0340876
9.9982e-05	0.00860581	0.906585	0.051553	0.0330565	9.9982e-05
9.9982e-05	0.00726168	0.96438	9.9982e-05	0.0234941	0.00466442
0.115953	0.633421	9.9982e-05	9.9982e-05	0.195547	0.0548788
0.0366543	0.0187045	0.932336	9.9982e-05	0.0121057	9.9982e-05
9.9964e-05	9.9964e-05	0.997937	0.00166265	9.9964e-05	9.9964e-05
0.0508035	0.0672657	0.731987	0.0121406	0.0545719	0.0832317
9.996e-05	9.996e-05	0.9995	9.996e-05	9.996e-05	9.996e-05
0.00142106	0.00392696	0.98834	0.000586647	0.0056252	9.9991e-05
9.9973e-05	9.9973e-05	0.989898	0.000900212	0.0089019	9.9973e-05
0.00264151	0.0292497	0.962995	0.00491387	9.9982e-05	9.9982e-05
0.0130431	0.9389	0.0232284	0.00259634	9.9991e-05	0.0221326
9.996e-05	9.996e-05	0.9995	9.996e-05	9.996e-05	9.996e-05
9.9973e-05	9.9973e-05	0.952724	9.9973e-05	0.0189686	0.0280074
0.00374468	9.9964e-05	0.995855	9.9964e-05	9.9964e-05	9.9964e-05
9.9991e-05	0.63207	0.0175803	0.300114	0.0459784	0.00415787
0.022799	0.0382662	0.90906	9.9991e-05	0.000947323	0.0288273
9.9982e-05	9.9982e-05	0.958088	0.0225037	0.0179722	0.00123658
9.9982e-05	0.0026351	0.963588	9.9982e-05	0.03176	0.00181681
9.9964e-05	9.9964e-05	0.987123	0.0124767	9.9964e-05	9.9964e-05
9.9982e-05	0.684073	0.0395758	0.230469	0.045682	9.9982e-05
9.996e-05	9.996e-05	0.9995	9.996e-05	9.996e-05	9.996e-05
0.0228974	9.9973e-05	0.921961	9.9973e-05	0.0548418	9.9973e-05
9.9973e-05	0.470427	0.500229	0.0290442	9.9973e-05	9.9973e-05
9.996e-05	9.996e-05	0.9995	9.996e-05	9.996e-05	9.996e-05
9.9973e-05	0.23216	0.0280015	0.739538	9.9973e-05	9.9973e-05
0.0315652	0.294273	9.9973e-05	0.673862	9.9973e-05	9.9973e-05
0.0431896	0.0656837	0.00524366	0.882516	0.00326723	9.9991e-05
0.0115097	0.919332	0.029451	0.0395077	9.9982e-05	9.9982e-05
0.0309843	9.9991e-05	0.0404559	0.202988	0.712086	0.013386
9.9982e-05	0.0574842	0.0509513	0.867097	9.9982e-05	0.0242673
0.0295723	0.200653	9.9991e-05	0.465157	0.249613	0.0549053
0.0313129	0.188559	0.0155328	0.764396	9.9982e-05	9.9982e-05
0.0159313	0.301664	9.9982e-05	0.653135	9.9982e-05	0.0290689
9.9982e-05	0.203143	9.9982e-05	0.712882	0.0437557	0.0400198
0.0103333	0.301185	9.9982e-05	0.609924	9.9982e-05	0.0783579
0.0376905	0.327146	0.00655896	0.602265	9.9991e-05	0.0262401
0.0333838	9.9973e-05	0.020565	0.945751	9.9973e-05	9.9973e-05
0.027831	9.9982e-05	0.0318246	0.922293	9.9982e-05	0.0178516
0.0219238	9.9973e-05	0.0505237	0.927253	9.9973e-05	9.9973e-05
0.00451669	0.791867	0.0577094	0.0552469	0.0428166	0.0478437
0.404235	0.00354051	0.0151682	9.9991e-05	0.0415071	0.535449
0.402151	9.9982e-05	0.0253438	9.9982e-05	0.0967536	0.475552
0.751872	9.9991e-05	0.000336801	0.0175076	0.10302	0.127164
0.0196144	0.335508	0.0951462	0.169338	0.304527	0.0758663
0.380736	9.9982e-05	0.0263397	9.9982e-05	0.0926697	0.500054
0.37798	9.9991e-05	0.0183326	0.00828778	0.108096	0.487203
0.0722542	0.162556	0.0970358	0.489391	0.15321	0.0255527
0.554618	0.0282339	0.00766797	0.00876063	0.041147	0.359572
0.470849	0.045671	0.0204688	9.9991e-05	0.053651	0.40926
0.507539	9.9982e-05	9.9982e-05	0.0180133	0.0494885	0.424759
0.237749	0.0909399	0.0371069	9.9991e-05	0.0979588	0.536146
0.239192	0.0587482	0.00888813	9.9991e-05	0.0863076	0.606764
0.458467	0.0350049	0.00395972	0.0050244	0.0539379	0.443606
9.9982e-05	0.0022627	9.9982e-05	0.0910892	0.857498	0.0489498
0.793752	0.0115574	0.0215763	9.9982e-05	9.9982e-05	0.172914
0.00419068	0.933184	0.0125817	0.0201093	0.0298348	9.9991e-05
0.00806639	0.943643	0.0299802	9.9982e-05	9.9982e-05	0.0181103
0.904683	0.0393046	0.0127346	9.9991e-05	0.0276394	0.015538
0.186147	0.224903	0.134679	0.150126	0.204358	0.099787
9.9982e-05	0.0168264	9.9982e-05	0.215991	0.699827	0.0671554
0.0827931	9.9982e-05	9.9982e-05	0.816201	0.0232271	0.0775793
9.9991e-05	0.841388	0.0140633	0.0570117	0.0349995	0.0524376
0.129782	9.9991e-05	0.0424495	0.663016	0.0117121	0.15294
9.9991e-05	0.0094418	0.00881848	0.250633	0.672978	0.0580283
0.262256	0.0388158	0.0277304	0.0195743	0.0354374	0.616186
0.00926717	9.9982e-05	0.00442764	0.126349	0.859756	9.9982e-05
0.0906866	0.169792	0.0724382	0.075043	0.484552	0.107488
0.00936902	0.956183	0.0159897	9.9982e-05	0.0182584	9.9982e-05
0.778199	0.0168702	0.0572046	0.026538	9.9991e-05	0.121088
0.450305	9.9982e-05	0.00334711	0.543813	9.9982e-05	0.00233488
0.89765	0.0565907	0.022259	0.0233003	9.9982e-05	9.9982e-05
0.101584	0.030897	0.0237017	0.423829	0.353572	0.0664164
0.9995	9.996e-05	9.996e-05	9.996e-05	9.996e-05	9.996e-05
0.0129618	0.01302	9.9982e-05	0.28528	0.688539	9.9982e-05
0.825223	0.0678312	0.033466	0.0560953	0.0172848	9.9991e-05
0.880879	9.9982e-05	0.024922	0.0336778	0.0603208	9.9982e-05
0.064561	0.875599	0.0253445	0.0342952	9.9982e-05	9.9982e-05
0.161572	0.414767	9.9991e-05	0.141719	0.109439	0.172402
0.0716833	0.324596	0.059992	0.412725	0.0906857	0.0403189
0.0521083	0.0114083	0.011605	0.0389369	0.0553502	0.830591
9.9973e-05	9.9973e-05	9.9973e-05	0.0309301	0.0262583	0.942512
9.9991e-05	0.0268592	0.00276597	0.0166877	0.0636047	0.889982
9.9991e-05	0.0207076	0.0215836	0.0315342	0.0640794	0.861995
9.9964e-05	0.969854	9.9964e-05	9.9964e-05	9.9964e-05	0.0297462
0.0301921	0.932427	0.00760176	9.9982e-05	0.0295791	9.9982e-05
9.9991e-05	0.813731	0.0190288	0.0491385	0.0829147	0.0350874
0.369868	9.9991e-05	0.0022851	0.0167504	0.0839194	0.527078
0.19152	0.203996	0.102556	0.136759	0.208763	0.156406
0.0312845	0.384759	0.145542	9.9991e-05	0.312198	0.126117
0.0306009	0.785212	0.056381	0.0913194	0.0363868	9.9991e-05
0.0334761	0.678914	0.105056	0.070937	0.0844841	0.0271331
0.0237589	0.767411	0.0430958	9.9991e-05	0.0687426	0.0968914
0.0774671	0.52415	0.160982	0.0175123	0.143895	0.0759942
0.0529702	0.00928407	0.0378919	0.057091	0.75991	0.0828533
9.9982e-05	0.0384417	0.00317369	0.912332	0.0458525	9.9982e-05
9.9991e-05	0.241259	0.0497361	0.614768	0.0611227	0.0330134
0.988245	9.9973e-05	9.9973e-05	0.00208769	0.00936759	9.9973e-05
0.92616	9.9964e-05	9.9964e-05	9.9964e-05	0.0734399	9.9964e-05
0.912025	0.0109174	9.9982e-05	0.00646438	0.0703932	9.9982e-05
0.456779	9.9982e-05	0.002848	9.9982e-05	0.216184	0.323989
0.384624	0.0399416	0.0516269	9.9991e-05	0.419227	0.104481
0.379272	0.0374085	0.046107	9.9991e-05	0.434155	0.102957
9.9982e-05	0.929833	0.00459216	9.9982e-05	0.05027	0.0151045
0.0304576	0.853947	0.0169814	9.9991e-05	0.0449451	0.053569
0.0103522	0.979858	9.9973e-05	0.00949033	9.9973e-05	9.9973e-05
0.0335997	9.9973e-05	9.9973e-05	0.299091	0.667009	9.9973e-05
0.949705	0.0273811	0.0199614	0.00275259	9.9982e-05	9.9982e-05
0.970942	0.00741116	0.0213473	9.9973e-05	9.9973e-05	9.9973e-05
0.971317	9.9964e-05	9.9964e-05	9.9964e-05	9.9964e-05	0.0282827
0.900604	9.9973e-05	9.9973e-05	0.0300184	9.9973e-05	0.0690773
0.900276	0.00832827	0.0205739	0.0277684	0.00150353	0.0415497
0.123811	9.9973e-05	9.9973e-05	0.814337	0.0615524	9.9973e-05
0.356105	0.0706862	0.0809592	9.9991e-05	0.16023	0.33192
9.9964e-05	9.9964e-05	9.9964e-05	0.222608	0.776992	9.9964e-05
0.0783689	9.9973e-05	9.9973e-05	0.832191	0.0891398	9.9973e-05
0.0360645	0.800701	9.9982e-05	9.9982e-05	0.127175	0.0358603
9.9964e-05	9.9964e-05	9.9964e-05	0.96878	0.0308203	9.9964e-05
9.9973e-05	9.9973e-05	0.0040702	0.884636	0.110994	9.9973e-05
0.0112454	9.9991e-05	0.018444	0.874489	0.0757692	0.0199528
0.962681	9.9973e-05	0.0267799	0.0102388	9.9973e-05	9.9973e-05
0.9995	9.996e-05	9.996e-05	9.996e-05	9.996e-05	9.996e-05
0.411957	0.0445767	9.9982e-05	9.9982e-05	0.323001	0.220266
0.960353	9.9973e-05	0.0248053	0.0145414	9.9973e-05	9.9973e-05
0.9995	9.996e-05	9.996e-05	9.996e-05	9.996e-05	9.996e-05
0.416767	9.9982e-05	0.027511	0.544386	9.9982e-05	0.0111353
0.862402	0.0517566	9.9982e-05	9.9982e-05	0.00740187	0.0782398
0.875942	0.0277476	9.9991e-05	0.00381863	0.0107632	0.0816282
0.278216	0.101408	0.0422892	9.9991e-05	0.402383	0.175604
9.9982e-05	9.9982e-05	0.0014307	0.272881	0.715678	0.00981049
0.750488	9.9982e-05	9.9982e-05	0.0823314	0.0550226	0.111958
0.0268866	0.301434	0.43634	0.0486921	9.9991e-05	0.186547
0.760282	9.9982e-05	9.9982e-05	0.137356	0.0339518	0.0682103
0.982038	9.9973e-05	0.000695814	0.0169659	9.9973e-05	9.9973e-05
0.0390917	9.9991e-05	0.0116873	0.914041	0.0251694	0.00991078
0.29999	9.9982e-05	9.9982e-05	0.616083	0.082884	0.000842862
9.9973e-05	0.0109919	9.9973e-05	0.180076	0.808632	9.9973e-05
0.0243583	0.0106007	9.9973e-05	9.9973e-05	0.964741	9.9973e-05
9.9964e-05	0.0783777	9.9964e-05	0.921222	9.9964e-05	9.9964e-05
9.9964e-05	9.9964e-05	9.9964e-05	0.131357	0.868243	9.9964e-05
0.00797619	0.00102177	9.9982e-05	0.26778	0.723022	9.9982e-05
0.0174862	0.015883	9.9982e-05	0.309382	0.657048	9.9982e-05
9.996e-05	9.996e-05	9.996e-05	9.996e-05	0.9995	9.996e-05
0.0408997	9.9991e-05	0.00599442	0.307753	0.575226	0.0700267
9.9964e-05	9.9964e-05	9.9964e-05	0.224083	0.775517	9.9964e-05
0.267682	0.0939295	0.0523512	9.9991e-05	0.424292	0.161646
9.9964e-05	0.975366	9.9964e-05	0.0242345	9.9964e-05	9.9964e-05
0.0187283	0.795561	9.9982e-05	9.9982e-05	0.14842	0.0370911
9.996e-05	9.996e-05	0.9995	9.996e-05	9.996e-05	9.996e-05
0.0532776	0.708638	9.9991e-05	0.0337628	0.194764	0.00945694
0.0132754	0.851567	0.0115612	0.106446	0.0170499	9.9991e-05
9.9973e-05	0.370766	9.9973e-05	0.224583	0.404351	9.9973e-05
9.9973e-05	0.890922	0.0301896	0.0785888	9.9973e-05	9.9973e-05
0.0105542	0.273042	0.0248369	0.556005	0.0969119	0.0386495
0.00516137	0.967279	9.9973e-05	9.9973e-05	9.9973e-05	0.0272598
0.0319188	0.180203	0.144449	9.9991e-05	0.614622	0.028707
9.9982e-05	0.102357	9.9982e-05	0.154865	0.671332	0.0712459
0.0173982	0.20193	0.0300621	0.326721	0.388149	0.0357397
0.0167154	0.90308	0.000871421	0.0630971	0.0161358	9.9991e-05
0.931186	9.9973e-05	0.0227146	9.9973e-05	9.9973e-05	0.0457996
0.00695652	0.0609958	9.9973e-05	0.931748	9.9973e-05	9.9973e-05
0.0351244	0.174588	0.0946776	9.9991e-05	0.617568	0.0779422
9.9973e-05	0.0483092	9.9973e-05	0.914927	0.0364636	9.9973e-05
0.941881	9.9973e-05	9.9973e-05	9.9973e-05	0.0250908	0.0327282
9.9964e-05	9.9964e-05	9.9964e-05	0.242216	0.757384	9.9964e-05
9.9973e-05	9.9973e-05	0.987228	9.9973e-05	0.00741907	0.00505255
0.0423378	0.0801156	0.712871	0.00637765	0.0711814	0.0871165
9.9964e-05	0.97489	0.0247105	9.9964e-05	9.9964e-05	9.9964e-05
9.9982e-05	0.292573	0.0519843	0.621376	0.0338666	9.9982e-05
9.99639e-05	9.99639e-05	9.99639e-05	0.191961	0.807639	9.99639e-05
9.99639e-05	9.99639e-05	9.99639e-05	0.209249	0.790351	9.99639e-05
0.105074	0.00381834	9.9991e-05	0.61199	0.152528	0.12649
9.9982e-05	0.307621	0.0168723	0.640762	0.0345443	9.9982e-05
0.939415	9.9964e-05	9.9964e-05	9.9964e-05	0.0601854	9.9964e-05
0.402896	0.0322251	0.0526947	9.9991e-05	0.418647	0.0934371
0.620846	9.9982e-05	9.9982e-05	0.01814	0.00572975	0.355084
0.194601	0.0697596	0.109406	0.0591838	0.0261359	0.540914
0.192737	0.0646428	0.081363	0.0321872	0.109687	0.519384
0.411821	0.0296062	0.0239697	9.9991e-05	0.105307	0.429196
0.387139	0.0275074	0.0397452	9.9991e-05	0.450883	0.0946254
0.232896	0.0505905	0.0477093	0.00732014	0.12351	0.537974
0.39593	0.0560263	9.9982e-05	9.9982e-05	0.0982259	0.449618
0.11582	0.0911317	0.058101	9.9991e-05	0.612272	0.122576
0.451483	0.0535139	9.9982e-05	9.9982e-05	0.0953058	0.399498
0.112006	0.124337	0.0800428	9.9991e-05	0.511509	0.172006
9.9973e-05	9.9973e-05	0.0142698	0.0961239	0.889306	9.9973e-05
0.10111	0.00847906	0.0679121	0.0586903	0.553069	0.21074
0.41025	0.0169902	0.0572853	0.0419138	0.198182	0.275378
0.318016	0.042238	0.0564474	0.0883407	0.212345	0.282614
0.341696	0.0156628	0.0555934	9.9991e-05	0.435183	0.151765
0.43406	0.0106209	0.0565818	0.0218511	0.0779345	0.398952
9.9973e-05	0.169402	9.9973e-05	0.826639	9.9973e-05	0.00365911
0.923861	0.0327336	9.9982e-05	0.0185612	0.0246446	9.9982e-05
0.197214	0.0781004	0.0542074	0.000567804	0.16174	0.50817
0.495416	0.0308151	0.0340804	9.9991e-05	0.123421	0.316168
0.270061	0.0417118	0.0498027	9.9991e-05	0.10292	0.535405
0.28861	0.0232744	0.0803328	0.00182756	0.0757638	0.530191
0.0304727	0.777296	9.9982e-05	9.9982e-05	0.178161	0.0138709
0.0150082	0.355698	0.060718	0.455435	0.0646093	0.0485311
0.845302	9.9982e-05	0.0241795	9.9982e-05	0.0197936	0.110525
9.9973e-05	0.0788839	9.9973e-05	0.91684	0.00397615	9.9973e-05
0.0768038	0.74643	9.9982e-05	0.0141668	0.162399	9.9982e-05
0.0282674	9.9973e-05	0.024025	9.9973e-05	0.947408	9.9973e-05
0.9995	9.996e-05	9.996e-05	9.996e-05	9.996e-05	9.996e-05
0.9923	9.9964e-05	0.0072999	9.9964e-05	9.9964e-05	9.9964e-05
0.9431	9.9973e-05	0.0355314	0.0210683	9.9973e-05	9.9973e-05
0.9995	9.996e-05	9.996e-05	9.996e-05	9.996e-05	9.996e-05
0.0310053	0.00927456	9.9982e-05	0.280602	0.678918	9.9982e-05
0.882247	0.0523244	0.0409195	0.0243093	9.9982e-05	9.9982e-05
0.0463829	0.76289	9.9991e-05	0.0116357	0.148408	0.0305838
9.9964e-05	0.978164	9.9964e-05	9.9964e-05	0.021436	9.9964e-05
9.9982e-05	0.921115	0.0193191	0.0318652	9.9982e-05	0.0275012
0.000544153	0.979866	0.0192901	9.9973e-05	9.9973e-05	9.9973e-05
9.9982e-05	0.915097	0.0240024	0.0461851	9.9982e-05	0.0145154
0.0859563	0.101226	0.0884298	0.00196043	0.122834	0.599594
0.0761436	0.114549	0.112691	9.9991e-05	0.117563	0.578953
9.9982e-05	0.0176967	9.9982e-05	0.0158819	0.0668982	0.899323
0.0573318	0.0333668	0.00225653	0.0080416	9.9991e-05	0.898903
9.9982e-05	0.0160653	0.00555077	9.9982e-05	0.0185162	0.959668
9.9991e-05	0.0175813	0.0349313	0.0524386	0.624898	0.270051
9.9973e-05	9.9973e-05	0.0147391	0.0459117	9.9973e-05	0.939049
0.218681	0.194298	0.017163	0.265592	0.149198	0.155068
9.996e-05	9.996e-05	9.996e-05	9.996e-05	9.996e-05	0.9995
9.996e-05	9.996e-05	9.996e-05	9.996e-05	9.996e-05	0.9995
0.00337811	9.9973e-05	0.0339565	9.9973e-05	9.9973e-05	0.962365
0.258828	0.0376046	0.0103708	0.0354901	9.9991e-05	0.657606
9.996e-05	9.996e-05	9.996e-05	9.996e-05	9.996e-05	0.9995
0.0252775	0.0343623	0.0396967	9.9982e-05	9.9982e-05	0.900464
9.9973e-05	0.15266	9.9973e-05	0.837096	9.9973e-05	0.00994374
0.00441983	0.251298	0.0508505	0.57314	0.0325836	0.0877079
9.9991e-05	0.739754	0.010891	0.127312	0.0961846	0.0257586
9.9982e-05	0.877173	0.0414484	0.0633845	0.0177942	9.9982e-05
9.9982e-05	0.0700574	9.9982e-05	0.11186	0.793438	0.0244445
0.00859553	0.77834	0.054523	0.0659755	0.0470645	0.0455018
0.0137348	0.00556326	0.0109035	0.969599	9.9982e-05	9.9982e-05
9.9964e-05	0.0759968	9.9964e-05	0.923603	9.9964e-05	9.9964e-05
9.9964e-05	9.9964e-05	9.9964e-05	0.0105521	0.989048	9.9964e-05
0.00390598	0.768711	0.0610312	0.0347672	0.0717469	0.0598379
0.0295107	0.520852	0.0974002	0.142357	0.146403	0.0634778
9.99821e-05	0.0728265	0.0687106	9.99821e-05	0.813406	0.0448571
9.9982e-05	0.0154307	0.0232726	0.0249107	0.936186	9.9982e-05
9.9991e-05	0.104066	0.0216345	0.0912229	0.754471	0.0285048
0.0855238	0.287179	9.9991e-05	0.522845	0.0896091	0.0147438
9.9991e-05	0.0238222	0.013587	0.0600038	0.894826	0.00766108
9.9982e-05	0.0390635	9.9982e-05	0.890027	0.0210396	0.0496697
0.0373062	9.9973e-05	0.0224035	9.9973e-05	0.93999	9.9973e-05
0.0296017	9.9973e-05	0.0422639	9.9973e-05	0.927834	9.9973e-05
0.348428	9.9982e-05	0.0713367	9.9982e-05	0.363568	0.216467
9.9982e-05	0.00106614	0.0050945	0.00256747	0.991072	9.9982e-05
9.9964e-05	9.9964e-05	0.00377839	9.9964e-05	0.995822	9.9964e-05
9.9964e-05	9.9964e-05	9.9964e-05	0.00988985	0.98971	9.9964e-05
0.0611503	0.20227	0.133291	0.0468662	0.487581	0.0688411
0.00715439	0.167218	9.9991e-05	0.777606	0.0445994	0.00332238
0.0443144	0.0471633	9.9991e-05	0.844997	0.0627563	0.000669408
0.014947	0.0292135	0.00145698	0.862374	0.0919085	9.9991e-05
9.9973e-05	0.106414	9.9973e-05	0.865212	9.9973e-05	0.028074
0.920229	9.9973e-05	9.9973e-05	0.00850045	0.0709708	9.9973e-05
0.448098	0.0412437	0.00584948	0.041386	0.288703	0.174719
0.0189083	0.794814	0.0271634	0.108676	0.0471117	0.00332688
9.9991e-05	0.281525	0.0402022	0.527055	0.133868	0.0172502
0.117606	0.0125623	0.0657671	0.0395426	0.640086	0.124436
0.136584	0.0208215	0.0473296	0.0434043	0.613862	0.137999
0.0342563	0.916254	0.000648511	9.9991e-05	0.0141818	0.0345592
0.0220466	0.762249	9.9991e-05	0.0242371	0.163536	0.0278306
0.252961	9.9991e-05	0.0170222	0.26835	0.132992	0.328575
0.0805766	9.9982e-05	9.9982e-05	0.441253	0.397108	0.0808618
9.99731e-05	0.823714	9.99731e-05	0.12322	0.0527658	9.99731e-05
0.0864415	0.297027	0.137447	9.9991e-05	0.447877	0.031107
0.0828624	9.9991e-05	0.0799227	0.0619432	0.592788	0.182383
0.029242	0.200029	0.145326	0.0729499	0.461987	0.0904673
0.0816758	0.285389	0.139421	0.0512071	0.37915	0.0631572
9.9982e-05	0.916528	0.071475	9.9982e-05	0.00224096	0.00955569
0.0362465	0.953892	0.00956197	9.9973e-05	9.9973e-05	9.9973e-05
9.9973e-05	0.981123	0.00884134	9.9973e-05	9.9973e-05	0.00973587
9.9982e-05	0.900722	0.0394616	0.0326432	9.9982e-05	0.0269735
9.9973e-05	0.962033	0.034555	0.0031116	9.9973e-05	9.9973e-05
0.00735969	0.927913	9.9982e-05	0.0503529	0.0141742	9.9982e-05
0.0328747	0.556757	0.169929	9.9991e-05	0.130312	0.110028
0.107762	0.288774	0.115019	0.0181182	0.318999	0.151328
0.0030538	0.996546	9.9964e-05	9.9964e-05	9.9964e-05	9.9964e-05
0.0821536	0.275971	0.130746	0.0143714	0.394749	0.102008
0.0813641	0.15643	0.106733	0.0447702	0.528543	0.08216
0.39502	9.9973e-05	9.9973e-05	9.9973e-05	0.0670455	0.537634
0.376335	9.9973e-05	9.9973e-05	9.9973e-05	0.0961541	0.527211
0.378664	9.9982e-05	9.9982e-05	0.006264	0.0509462	0.563926
0.384036	9.9973e-05	9.9973e-05	9.9973e-05	0.0791055	0.536559
0.401467	0.0406994	0.00632188	9.9991e-05	0.0208266	0.530585
0.403337	9.9991e-05	0.00242466	0.00320281	0.0475217	0.543413
0.395156	9.9982e-05	0.0387491	9.9982e-05	0.0380057	0.527889
0.0533882	0.0168408	0.0319399	9.9991e-05	0.892767	0.00496404
0.01535	9.9973e-05	0.0310408	9.9973e-05	0.953309	9.9973e-05
0.289041	0.0164588	0.0406319	9.9991e-05	0.464641	0.189128
0.284331	9.9982e-05	0.0310956	9.9982e-05	0.494767	0.189607
0.0246783	0.857954	9.9982e-05	0.0490902	9.9982e-05	0.0680771
0.0443615	0.811951	0.0509748	9.9991e-05	0.0502656	0.0423467
9.9964e-05	0.997547	9.9964e-05	9.9964e-05	9.9964e-05	0.00205302
0.968309	9.9973e-05	0.0244478	0.00694285	9.9973e-05	9.9973e-05
0.894322	9.9973e-05	0.00252282	9.9973e-05	9.9973e-05	0.102855
0.974834	0.023462	0.001404	9.9973e-05	9.9973e-05	9.9973e-05
0.858946	9.9973e-05	0.010746	9.9973e-05	9.9973e-05	0.130008
0.473641	0.0268135	9.9991e-05	0.202551	0.262473	0.0344214
0.401588	0.045412	9.9991e-05	0.0824456	0.146638	0.323816
0.431077	0.000809998	0.00749878	0.0426252	0.0396025	0.478387
0.841786	9.9964e-05	9.9964e-05	9.9964e-05	9.9964e-05	0.157814
0.865588	9.9964e-05	9.9964e-05	9.9964e-05	9.9964e-05	0.134012
0.990148	0.00945214	9.9964e-05	9.9964e-05	9.9964e-05	9.9964e-05
0.862334	0.0214952	9.9982e-05	9.9982e-05	0.00291659	0.113054
0.0642374	0.185829	0.124909	0.352631	0.0976756	0.174718
9.9973e-05	0.981042	0.00941673	9.9973e-05	0.00924182	9.9973e-05
0.0726989	0.013306	0.0145574	9.9982e-05	0.899238	9.9982e-05
0.0289917	0.668792	0.0639711	0.179973	0.0466393	0.0116334
9.9982e-05	0.0645806	9.9982e-05	0.102023	0.818878	0.014318
0.915624	0.0124488	9.9982e-05	0.0230265	0.0487012	9.9982e-05
0.366551	0.000189376	0.0448584	0.00258251	0.0561345	0.529684
0.692777	0.0543971	0.0332068	9.9991e-05	0.0724686	0.14705
0.109852	0.265908	0.134601	9.9991e-05	0.476301	0.0132376
0.0975515	0.111056	0.138127	0.0567799	0.48992	0.106566
9.9991e-05	0.525383	0.0339317	0.295875	0.0916148	0.0530957
9.99639e-05	9.99639e-05	9.99639e-05	0.0972571	0.902343	9.99639e-05
0.0880953	0.0435324	0.0560603	0.0298768	9.9991e-05	0.782335
0.0350861	0.031883	0.00788697	9.9991e-05	0.0551461	0.869898
9.9982e-05	0.00730988	0.00909054	9.9982e-05	0.0220773	0.961322
9.9973e-05	9.9973e-05	0.0283566	9.9973e-05	0.023524	0.947819
9.9964e-05	0.0119847	9.9964e-05	9.9964e-05	9.9964e-05	0.987615
0.0170023	0.0438929	0.0385986	9.9982e-05	9.9982e-05	0.900306
0.0546769	9.9973e-05	0.0617948	9.9973e-05	0.883228	9.9973e-05
0.449984	0.0786343	0.0549214	9.9991e-05	0.0971852	0.319175
0.880791	0.0447384	0.00942956	0.00842117	0.00487938	0.0517403
0.9995	9.996e-05	9.996e-05	9.996e-05	9.996e-05	9.996e-05
0.990242	9.9964e-05	0.00935812	9.9964e-05	9.9964e-05	9.9964e-05
0.840456	0.0210534	0.0109262	9.9982e-05	9.9982e-05	0.127365
9.996e-05	9.996e-05	9.996e-05	9.996e-05	9.996e-05	0.9995
9.99639e-05	0.017356	9.99639e-05	9.99639e-05	9.99639e-05	0.982244
0.287963	0.0195565	0.0137181	0.0122254	9.9991e-05	0.666437
0.222244	0.0114078	0.0291158	0.0296068	9.9991e-05	0.707525
0.00593048	9.9964e-05	9.9964e-05	9.9964e-05	9.9964e-05	0.99367
0.32894	0.0345787	9.9982e-05	0.0236162	9.9982e-05	0.612665
0.247329	0.326186	0.00595982	0.0598668	9.9991e-05	0.360559
9.9982e-05	0.826666	0.0271603	0.0817411	0.0642329	9.9982e-05
9.9973e-05	0.769677	9.9973e-05	0.170714	9.9973e-05	0.0593094
9.9973e-05	0.846624	0.0245934	0.128483	9.9973e-05	9.9973e-05
9.9973e-05	0.930208	0.029067	0.0404247	9.9973e-05	9.9973e-05
9.99729e-05	9.99729e-05	9.99729e-05	0.0343635	0.00826624	0.95707
9.996e-05	9.996e-05	9.996e-05	9.996e-05	9.996e-05	0.9995
0.205134	0.0287123	0.00392983	0.0232854	9.9991e-05	0.738838
0.114991	0.0132398	0.000701603	0.00542751	0.018093	0.847547
9.9964e-05	9.9964e-05	0.0218861	9.9964e-05	9.9964e-05	0.977714
9.9973e-05	9.9973e-05	0.0167849	9.9973e-05	0.0384193	0.944496
9.996e-05	9.996e-05	9.996e-05	9.996e-05	9.996e-05	0.9995
0.250122	0.0377605	9.9982e-05	9.9982e-05	0.0421737	0.669744
9.9973e-05	0.0758317	9.9973e-05	0.216712	0.707156	9.9973e-05
9.9973e-05	9.9973e-05	0.0118345	0.35685	0.631016	9.9973e-05
9.99731e-05	9.99731e-05	0.0145973	0.265468	0.719635	9.99731e-05
9.9991e-05	0.0277348	0.00142785	0.21798	0.700029	0.0527275
0.363715	0.0300295	9.9991e-05	0.0131401	0.121588	0.471427
0.473149	0.0295612	9.9982e-05	9.9982e-05	0.0482954	0.448795
0.555295	9.9982e-05	9.9982e-05	0.0298511	0.0517124	0.362941
0.59472	0.00797879	9.9991e-05	0.0297549	0.0398031	0.327643
0.0827618	0.126618	0.0919971	0.0293018	0.137027	0.532295
0.509149	9.9982e-05	0.0189292	9.9982e-05	0.374184	0.097537
9.99639e-05	9.99639e-05	9.99639e-05	9.99639e-05	0.0190534	0.980547
0.321561	9.9982e-05	9.9982e-05	0.0532025	0.0232738	0.601763
0.318646	0.0135031	0.0161859	0.0360961	0.0332563	0.582313
0.0484907	0.455302	0.0570143	0.0135157	0.417496	0.00818104
0.119644	0.0336066	0.048845	0.0417364	0.687937	0.0682309
9.9982e-05	0.86633	0.00753807	0.0704121	0.0555194	9.9982e-05
0.012565	0.0922392	0.010042	0.884954	9.9982e-05	9.9982e-05
9.9973e-05	0.309004	0.0491088	0.641587	9.9973e-05	9.9973e-05
0.0120368	0.467411	0.00731769	0.449394	9.9991e-05	0.063741
0.0194734	0.397463	0.0426673	0.0518068	0.478663	0.00992642
9.9964e-05	0.907702	9.9964e-05	0.0918985	9.9964e-05	9.9964e-05
0.00237183	0.943872	9.9982e-05	0.0269987	9.9982e-05	0.0265578
9.9982e-05	0.92999	0.000113318	0.0256487	9.9982e-05	0.0440485
9.9982e-05	0.903824	0.0204569	0.0705276	9.9982e-05	0.00499196
0.102955	0.126239	0.0788408	0.0486034	0.17518	0.468182
0.100257	0.418771	0.023534	0.020452	0.139791	0.297194
0.240878	0.293732	0.019691	9.99911e-05	0.104404	0.341195
0.219075	0.0503564	0.0357145	9.9991e-05	0.180357	0.514396
0.0457331	0.563122	0.0593781	0.0855814	0.186457	0.0597284
9.9991e-05	0.954476	0.0215033	0.00348228	0.0140782	0.00636042
0.435211	9.9982e-05	0.0300338	9.9982e-05	0.100371	0.434185
0.00579411	0.699929	0.0874773	0.0916275	0.074589	0.0405835
9.9973e-05	0.140562	9.9973e-05	0.847623	9.9973e-05	0.0115153
9.99641e-05	9.99641e-05	0.0334432	0.966157	9.99641e-05	9.99641e-05
9.9973e-05	0.951708	0.00642855	0.041563	9.9973e-05	9.9973e-05
0.0372847	0.172736	0.473378	9.9991e-05	0.192723	0.123778
0.0350078	0.50331	9.9991e-05	0.387947	0.0702707	0.00336402
0.00572325	0.0771499	9.9982e-05	0.91313	9.9982e-05	0.0037973
9.9991e-05	0.638547	0.000413218	0.158938	0.143804	0.0581987
0.0239594	0.104178	0.498516	0.0563301	0.226437	0.0905794
0.00345732	0.00927354	0.984832	9.9982e-05	9.9982e-05	0.00223693
0.841233	0.0393661	9.9991e-05	0.00595508	0.0171808	0.0961648
0.0742957	0.0547267	0.0303621	0.695716	0.107727	0.0371726
0.109549	0.0178654	0.0620785	0.0471581	0.569614	0.193735
0.0642401	0.0240001	0.0721406	9.9991e-05	0.822926	0.016593
0.0441978	0.0958259	0.03409	9.9982e-05	0.825686	9.9982e-05
9.9973e-05	9.9973e-05	0.0361878	0.918511	0.0450008	9.9973e-05
0.940915	9.9982e-05	0.0124006	0.00777523	0.0387093	9.9982e-05
0.244621	0.0240428	0.0778492	9.9991e-05	0.386087	0.2673
9.99639e-05	9.99639e-05	9.99639e-05	0.223094	0.776506	9.99639e-05
9.9973e-05	0.0113908	9.9973e-05	0.97021	0.0180988	9.9973e-05
9.9973e-05	9.9973e-05	0.0223846	0.175259	0.802056	9.9973e-05
0.107966	0.0135814	0.085181	0.0662186	0.546284	0.180768
0.10326	0.00439264	0.0849857	0.0710313	0.56844	0.16789
0.478519	0.0796996	9.9991e-05	0.000549389	0.219701	0.221431
0.73652	0.0532054	0.0024249	0.0487018	0.0712918	0.0878565
0.258415	0.0353687	9.9982e-05	9.9982e-05	0.481435	0.224581
0.114297	0.0201797	0.0212277	9.9991e-05	0.810355	0.0338406
9.9973e-05	0.0544891	9.9973e-05	0.92014	0.025071	9.9973e-05
0.00977999	0.016275	9.9982e-05	0.894954	0.078791	9.9982e-05
0.0464608	0.394472	0.138412	0.0235775	0.321954	0.0751242
0.416782	0.0513172	0.025805	0.0387498	0.279147	0.188199
0.0603715	0.00120372	0.00804714	9.9991e-05	0.918083	0.0121951
9.9973e-05	0.962922	0.00116354	9.9973e-05	0.0356142	9.9973e-05
0.3437	0.0513298	0.0434677	9.9991e-05	0.439262	0.122141
0.0931973	0.395238	0.00578242	0.0179395	0.343584	0.144259
0.361678	0.0491319	0.157493	9.99911e-05	0.112039	0.319559
0.0822819	0.544723	0.127165	0.0262538	0.161003	0.0585737
0.00979852	9.9982e-05	0.0533184	0.51742	0.419264	9.9982e-05
0.0275941	0.204407	0.106151	9.9991e-05	0.613834	0.0479141
9.9973e-05	0.981551	9.9973e-05	9.9973e-05	0.0162655	0.0018841
9.9973e-05	0.905167	9.9973e-05	9.9973e-05	0.0318704	0.0626625
9.9973e-05	0.0465782	9.9973e-05	0.923171	0.029951	9.9973e-05
9.9964e-05	0.98449	0.0151097	9.9964e-05	9.9964e-05	9.9964e-05
0.0622092	0.64963	0.0769036	0.00995191	0.118869	0.0824366
0.00546808	0.843044	0.0423559	0.0533188	0.0403885	0.0154248
0.0252982	0.817702	9.9982e-05	0.0664136	0.0903865	9.9982e-05
0.113103	0.000167081	0.0741383	0.093196	0.533951	0.185444
0.862561	0.051967	9.9973e-05	9.9973e-05	9.9973e-05	0.0851725
0.957778	0.00267441	9.9973e-05	9.9973e-05	9.9973e-05	0.039248
9.99821e-05	0.117998	9.99821e-05	0.836274	0.025587	0.0199409
0.8691	0.0191684	9.9982e-05	0.000592311	9.9982e-05	0.110939
9.9982e-05	0.0326071	0.929999	9.9982e-05	0.026383	0.0108114
9.9982e-05	0.00404396	0.984063	0.00716937	0.00452379	9.9982e-05
0.20023	0.193523	0.494203	0.0676329	0.033041	0.0113705
0.0218335	0.810194	9.9982e-05	9.9982e-05	0.133701	0.0340718
0.00844497	9.9964e-05	0.991155	9.9964e-05	9.9964e-05	9.9964e-05
9.9964e-05	9.9964e-05	0.994041	9.9964e-05	0.00555888	9.9964e-05
9.9964e-05	9.9964e-05	0.990752	9.9964e-05	9.9964e-05	0.00884839
9.9964e-05	9.9964e-05	0.997834	9.9964e-05	9.9964e-05	0.00176638
9.996e-05	9.996e-05	0.9995	9.996e-05	9.996e-05	9.996e-05
0.00975389	9.9973e-05	9.9973e-05	0.967462	0.0224845	9.9973e-05
0.0932935	0.0325041	0.049076	9.9982e-05	0.824927	9.9982e-05
9.9991e-05	0.00393412	0.00109535	0.253734	0.701247	0.0398893
9.99639e-05	9.99639e-05	9.99639e-05	0.203521	0.796079	9.99639e-05
9.9973e-05	0.483249	9.9973e-05	0.418349	0.0981026	9.9973e-05
9.9982e-05	0.0111305	0.0569545	0.927483	0.00423249	9.9982e-05
0.0651792	0.0166229	0.0292976	9.9982e-05	0.8887	9.9982e-05
9.9991e-05	0.020908	0.0494311	0.146015	0.7692	0.0143452
0.0306863	9.9973e-05	9.9973e-05	0.328713	0.640301	9.9973e-05
9.9964e-05	9.9964e-05	0.0347287	9.9964e-05	0.964871	9.9964e-05
0.000883564	0.00558572	0.923692	0.00800384	0.0617344	9.9991e-05
0.120617	0.140721	0.0265883	0.586016	0.0651363	0.0609212
0.00632181	0.837255	0.00836548	0.0615496	0.039435	0.0470728
0.0103511	0.866293	0.0338669	0.0334251	0.0427631	0.0133012
9.9991e-05	0.702507	0.024834	0.063726	0.0956652	0.113168
9.9973e-05	0.085485	9.9973e-05	0.894345	0.0198706	9.9973e-05
0.0282901	0.00906695	0.00346462	0.769703	0.189375	9.9991e-05
0.873478	0.000936534	0.00284139	9.9982e-05	9.9982e-05	0.122544
0.137414	0.222877	9.9991e-05	0.258122	0.153784	0.227703
0.0233832	9.9991e-05	0.0242588	0.490081	0.436116	0.026061
