0.0522566	0.202054	9.9991e-05	0.631688	0.0253182	0.0530323	0.0355509
0.0393224	0.337193	0.0154389	0.288532	9.9991e-05	0.317429	0.00198453
0.101789	0.267539	0.0397588	0.212098	0.0223144	0.311843	0.044658
0.0334962	0.200943	9.9991e-05	0.653163	0.00677104	0.0588673	0.0466596
0.027849	9.9982e-05	9.9982e-05	0.00683717	0.0402206	0.89525	0.0296429
0.0357034	0.381535	0.0653647	0.236921	0.00651235	0.258068	0.0158958
0.101729	9.9964e-05	9.9964e-05	0.387346	0.510525	9.9964e-05	9.9964e-05
9.9964e-05	0.00293536	9.9964e-05	0.0126721	0.983993	9.9964e-05	9.9964e-05
9.9982e-05	0.00516429	0.000273747	0.00117745	0.983643	9.9982e-05	0.00954165
9.9955e-05	9.9955e-05	9.9955e-05	9.9955e-05	0.99214	9.9955e-05	0.0073606
0.859001	0.0102765	9.9982e-05	0.0719705	9.9982e-05	0.0409946	0.0175573
0.949332	9.9964e-05	9.9964e-05	0.035505	0.0147634	9.9964e-05	9.9964e-05
0.934271	0.0083428	9.9973e-05	0.0302808	0.0268056	9.9973e-05	9.9973e-05
0.976879	0.00375596	9.9964e-05	0.0189652	9.9964e-05	9.9964e-05	9.9964e-05
9.9973e-05	9.9973e-05	0.858245	0.0826613	0.0214222	9.9973e-05	0.0373712
9.995e-05	9.995e-05	9.995e-05	9.995e-05	0.9994	9.995e-05	9.995e-05
0.221206	9.9973e-05	9.9973e-05	0.772478	0.00591377	9.9973e-05	0.000103011
0.0725114	9.9964e-05	0.914622	9.9964e-05	0.0124669	9.9964e-05	9.9964e-05
0.1715	9.9982e-05	0.588838	0.170944	0.00839354	9.9982e-05	0.0601238
0.634068	9.9964e-05	0.352696	9.9964e-05	0.0128362	9.9964e-05	9.9964e-05
0.0409447	9.9982e-05	0.835621	0.065339	0.0459804	9.9982e-05	0.0119146
0.911969	9.9964e-05	0.0853089	9.9964e-05	0.00232259	9.9964e-05	9.9964e-05
0.0882143	9.9955e-05	0.911286	9.9955e-05	9.9955e-05	9.9955e-05	9.9955e-05
0.798358	0.034741	0.106733	0.0223484	0.03762	9.9982e-05	9.9982e-05
0.925294	9.9955e-05	0.0742065	9.9955e-05	9.9955e-05	9.9955e-05	9.9955e-05
0.00338547	9.99641e-05	0.9766	0.0196149	9.99641e-05	9.99641e-05	9.99641e-05
0.117683	9.9964e-05	0.871626	9.9964e-05	0.0102913	9.9964e-05	9.9964e-05
0.264977	0.0523526	0.62156	0.013245	0.0126229	9.9991e-05	0.0351427
0.0126177	9.9973e-05	0.930895	9.9973e-05	0.0232386	9.9973e-05	0.0329487
0.0264542	0.00148871	0.958673	9.9982e-05	9.9982e-05	0.00584542	0.00733902
0.905561	9.9964e-05	0.0662124	9.9964e-05	9.9964e-05	9.9964e-05	0.0278268
0.914718	9.9973e-05	0.0142653	0.0677171	9.9973e-05	9.9973e-05	0.00299972
0.094952	0.0138011	0.890847	9.9964e-05	9.9964e-05	9.9964e-05	9.9964e-05
0.803472	9.9973e-05	0.157285	9.9973e-05	0.0295908	9.9973e-05	0.00935269
0.0430295	9.9973e-05	0.950641	9.9973e-05	0.00579471	0.00023517	9.9973e-05
0.964769	0.00092499	0.0228383	9.9982e-05	0.000293146	0.0109741	9.9982e-05
0.0743655	0.0142539	0.902019	9.9973e-05	9.9973e-05	0.00906206	9.9973e-05
0.920453	9.9964e-05	0.04876	9.9964e-05	9.9964e-05	9.9964e-05	0.0303868
9.9973e-05	0.104887	9.9973e-05	0.635023	9.9973e-05	0.141868	0.117922
9.9955e-05	0.363367	9.9955e-05	9.9955e-05	9.9955e-05	0.636133	9.9955e-05
0.855224	9.99641e-05	9.99641e-05	0.0477041	9.99641e-05	0.0966721	9.99641e-05
0.028516	9.9955e-05	0.970984	9.9955e-05	9.9955e-05	9.9955e-05	9.9955e-05
0.93388	9.9964e-05	0.0295779	9.9964e-05	9.9964e-05	9.9964e-05	0.0361418
0.0814653	0.611452	9.9973e-05	0.248591	9.9973e-05	9.9973e-05	0.0581917
0.198704	9.9982e-05	0.568113	0.13538	0.0554019	9.9982e-05	0.0422018
0.499717	9.9982e-05	0.388848	0.0717051	0.03597	9.9982e-05	0.00356049
0.0353295	0.00142036	0.873086	0.00623986	0.0378221	0.0460025	9.9991e-05
0.0345229	0.332243	0.0729077	0.178708	9.9991e-05	0.339294	0.0422242
9.9973e-05	0.273968	9.9973e-05	0.0584592	9.9973e-05	0.133929	0.533344
9.9955e-05	0.0115879	9.9955e-05	0.987912	9.9955e-05	9.9955e-05	9.9955e-05
0.135645	9.9964e-05	9.9964e-05	0.845599	0.0183554	9.9964e-05	9.9964e-05
0.14688	9.9982e-05	9.9982e-05	0.79837	0.0347383	0.0137975	0.00601356
0.0131609	9.9964e-05	9.9964e-05	0.9844	0.00203906	9.9964e-05	9.9964e-05
0.0248411	9.9982e-05	9.9982e-05	0.00356186	0.956039	0.00768011	0.00767783
0.0193513	9.9955e-05	9.9955e-05	9.9955e-05	0.980149	9.9955e-05	9.9955e-05
0.722692	9.9964e-05	9.9964e-05	0.21385	0.0630573	9.9964e-05	9.9964e-05
0.926759	9.9964e-05	0.0588845	9.9964e-05	0.0139563	9.9964e-05	9.9964e-05
0.011824	9.9991e-05	0.242666	0.35305	0.0556862	0.238746	0.097928
9.9973e-05	0.015301	9.9973e-05	0.0503063	9.9973e-05	0.922523	0.0115696
9.9982e-05	0.185479	0.0146544	0.0330334	9.9982e-05	0.453028	0.313606
0.198295	0.00975618	9.99639e-05	0.791549	9.99639e-05	9.99639e-05	9.99639e-05
0.190896	9.9982e-05	0.000687277	0.769733	0.022652	0.0158318	9.9982e-05
0.2216	0.0157889	9.9982e-05	0.704511	0.0170307	9.9982e-05	0.0408691
0.000964321	9.9964e-05	9.9964e-05	0.000528423	0.998107	9.9964e-05	9.9964e-05
9.9973e-05	0.113372	9.9973e-05	0.010022	0.0216342	0.854672	9.9973e-05
0.245459	9.9964e-05	0.028144	0.725997	9.9964e-05	9.9964e-05	9.9964e-05
9.9982e-05	0.072127	9.9982e-05	0.760434	0.0293076	0.0952943	0.0426369
0.962823	9.9955e-05	0.0366774	9.9955e-05	9.9955e-05	9.9955e-05	9.9955e-05
0.992797	9.99551e-05	9.99551e-05	9.99551e-05	0.0067032	9.99551e-05	9.99551e-05
9.9982e-05	9.9982e-05	0.0329621	0.118694	0.788317	0.0195075	0.04032
9.9982e-05	9.9982e-05	0.0435102	0.0901947	0.802566	0.0171492	0.0463798
0.0469302	9.9982e-05	0.0127647	0.0534096	0.876801	9.9982e-05	0.00989494
9.9964e-05	9.9964e-05	9.9964e-05	0.0215234	0.951633	0.0264433	9.9964e-05
0.00654052	9.9964e-05	9.9964e-05	0.00898362	0.984076	9.9964e-05	9.9964e-05
0.0133803	9.9955e-05	9.9955e-05	9.9955e-05	0.98612	9.9955e-05	9.9955e-05
9.9955e-05	0.000147318	9.9955e-05	9.9955e-05	0.999353	9.9955e-05	9.9955e-05
0.013747	9.9964e-05	9.9964e-05	9.9964e-05	0.978014	9.9964e-05	0.00783915
9.9964e-05	0.0282314	9.9964e-05	9.9964e-05	0.969854	0.00151483	9.9964e-05
9.995e-05	9.995e-05	9.995e-05	9.995e-05	0.9994	9.995e-05	9.995e-05
9.9982e-05	9.9982e-05	0.0181285	0.0186589	0.940859	0.00114755	0.0210057
0.0143348	9.9973e-05	9.9973e-05	0.0433242	0.92177	9.9973e-05	0.0202715
0.0244768	9.9973e-05	9.9973e-05	0.00665315	0.95947	0.0090997	9.9973e-05
0.0440573	9.9973e-05	0.405551	9.9973e-05	0.549369	9.9973e-05	0.000722173
0.00327028	9.9973e-05	0.452359	9.9973e-05	0.543203	9.9973e-05	0.000867628
9.995e-05	9.995e-05	9.995e-05	9.995e-05	0.9994	9.995e-05	9.995e-05
9.9955e-05	9.9955e-05	9.9955e-05	0.0305469	0.968953	9.9955e-05	9.9955e-05
9.9964e-05	0.00835394	9.9964e-05	0.0441476	0.947099	9.9964e-05	9.9964e-05
0.000210923	9.9991e-05	0.019832	0.0138372	0.928485	0.0282539	0.00928111
9.99552e-05	9.99552e-05	9.99552e-05	0.00143812	0.998062	9.99552e-05	9.99552e-05
0.00473507	9.99641e-05	0.451383	9.99641e-05	0.543482	9.99641e-05	9.99641e-05
0.0232112	0.00204259	0.0402943	9.9991e-05	0.87912	0.00447408	0.0507579
0.0172501	0.0125642	0.000982782	0.00761906	0.961384	9.9982e-05	9.9982e-05
9.9964e-05	9.9964e-05	9.9964e-05	0.0201719	0.964336	0.0150925	9.9964e-05
9.9991e-05	0.032865	0.00151069	0.0264202	0.915548	0.0218697	0.00168622
0.0124812	9.9991e-05	0.023112	0.0675975	0.872453	0.00705938	0.0171971
9.9955e-05	9.9955e-05	9.9955e-05	0.0367148	0.962785	9.9955e-05	9.9955e-05
0.0523204	0.0726034	0.613344	0.158667	9.9991e-05	0.0775913	0.0253733
0.0019967	0.017348	0.0381635	9.9973e-05	0.942192	9.9973e-05	9.9973e-05
0.0158216	9.9955e-05	9.9955e-05	9.9955e-05	0.983679	9.9955e-05	9.9955e-05
0.0164349	0.119592	0.0770978	0.0386542	0.712571	0.01084	0.0248109
9.995e-05	9.995e-05	9.995e-05	9.995e-05	0.9994	9.995e-05	9.995e-05
9.9955e-05	9.9955e-05	0.00854879	9.9955e-05	0.990951	9.9955e-05	9.9955e-05
0.00136038	9.99551e-05	9.99551e-05	9.99551e-05	0.99814	9.99551e-05	9.99551e-05
9.9973e-05	9.9973e-05	0.0449143	9.9973e-05	0.938561	0.00198019	0.0142451
0.0201799	0.0196139	0.906386	9.9991e-05	0.0352407	0.0173518	0.00112762
9.995e-05	9.995e-05	9.995e-05	9.995e-05	0.9994	9.995e-05	9.995e-05
9.9964e-05	9.9964e-05	9.9964e-05	0.0176277	0.962035	9.9964e-05	0.019937
9.9955e-05	9.9955e-05	9.9955e-05	9.9955e-05	0.996156	9.9955e-05	0.00334449
0.309576	0.0251352	0.617204	0.0352189	0.012666	9.9982e-05	9.9982e-05
9.9982e-05	9.9982e-05	0.0147335	0.000837562	0.945929	0.00714733	0.0311526
0.0468776	9.9955e-05	9.9955e-05	9.9955e-05	0.952623	9.9955e-05	9.9955e-05
9.9973e-05	0.0203266	0.0068542	0.011508	0.961011	9.9973e-05	9.9973e-05
9.995e-05	9.995e-05	9.995e-05	9.995e-05	0.9994	9.995e-05	9.995e-05
0.242407	9.9973e-05	0.658842	0.0696018	0.0288498	9.9973e-05	9.9973e-05
9.9964e-05	0.00299546	0.000271572	9.9964e-05	0.996333	9.9964e-05	9.9964e-05
9.9964e-05	0.0309537	9.9964e-05	0.0409773	0.927669	9.9964e-05	9.9964e-05
0.0159693	9.9964e-05	0.468819	9.9964e-05	0.514812	9.9964e-05	9.9964e-05
0.000292118	9.9955e-05	9.9955e-05	9.9955e-05	0.999208	9.9955e-05	9.9955e-05
0.764968	9.9982e-05	0.204316	0.00173196	0.0135272	9.9982e-05	0.0152571
0.650892	9.9973e-05	0.29972	9.9973e-05	9.9973e-05	0.0417928	0.00729529
0.865571	0.0561118	0.0583146	9.9973e-05	0.0197027	9.9973e-05	9.9973e-05
0.0649231	9.9973e-05	0.887196	9.9973e-05	0.0386047	0.00897669	9.9973e-05
0.210707	9.9973e-05	9.9973e-05	0.729242	0.0395274	9.9973e-05	0.0202227
0.884886	0.0201738	0.0406221	9.9991e-05	0.050882	0.00194182	0.00139429
0.45272	0.0153302	0.205388	0.255257	9.9991e-05	0.0328807	0.0383236
0.762825	0.00838755	0.162602	9.9991e-05	0.0145809	0.0285557	0.0229489
0.649479	9.9973e-05	0.299079	9.9973e-05	9.9973e-05	0.0088377	0.0423042
0.729962	9.9982e-05	0.219488	9.9982e-05	0.0271909	0.00697318	0.0161859
0.59414	0.0234936	0.29146	9.9991e-05	0.00493374	0.0128904	0.0729823
0.611026	9.9973e-05	0.342664	9.9973e-05	9.9973e-05	0.00990493	0.036105
0.939624	9.9973e-05	0.00330563	9.9973e-05	0.0183069	0.0384631	9.9973e-05
0.907551	0.0139832	9.9982e-05	9.9982e-05	0.0660923	0.0118669	0.000306673
0.924681	0.0195359	9.9982e-05	0.00576981	0.0162608	0.0335525	9.9982e-05
0.07382	9.9991e-05	0.775336	0.0531523	0.0249095	0.0259436	0.0467384
9.995e-05	0.9994	9.995e-05	9.995e-05	9.995e-05	9.995e-05	9.995e-05
9.9973e-05	0.941385	0.0263472	0.0116703	0.0202979	9.9973e-05	9.9973e-05
0.0240583	0.233216	9.9982e-05	0.0820215	9.9982e-05	0.612697	0.0478076
0.179073	0.0265195	0.362686	0.334433	0.0735105	0.00908749	0.0146908
9.9955e-05	0.953941	9.9955e-05	0.0455596	9.9955e-05	9.9955e-05	9.9955e-05
9.9973e-05	0.95469	9.9973e-05	0.021085	0.0211515	0.00277322	9.9973e-05
0.488561	0.0448797	0.134812	0.148611	0.136827	0.036468	0.00984145
9.9991e-05	0.231796	0.00534201	0.0155586	0.00862672	0.438953	0.299624
0.028526	0.0987404	0.0236001	0.019157	0.0102813	0.45567	0.364025
0.0109746	0.0717127	9.9982e-05	0.0349642	9.9982e-05	0.48622	0.395929
9.9982e-05	9.9982e-05	0.0539637	0.086369	0.0291498	0.259458	0.57086
9.9982e-05	9.9982e-05	0.0503121	0.0645833	0.012612	0.287664	0.584629
0.0253803	0.117172	0.0494755	0.0268611	9.9991e-05	0.396008	0.385002
0.0828372	0.028047	0.0106886	0.8612	9.9982e-05	9.9982e-05	0.017027
9.9973e-05	0.328024	0.00837912	9.9973e-05	9.9973e-05	0.624262	0.0390347
0.02497	0.00966475	0.923824	0.0366436	0.00469715	9.9982e-05	9.9982e-05
0.00851806	0.0187963	0.934837	9.9973e-05	0.0375488	9.9973e-05	9.9973e-05
9.9982e-05	0.0812958	0.00636297	0.0351077	0.0196567	0.857377	9.9982e-05
0.185738	0.117393	0.201343	0.177183	0.172261	0.0801143	0.0659679
0.223095	0.0404639	0.0217518	0.71439	9.9973e-05	9.9973e-05	9.9973e-05
0.80483	0.0548955	9.9982e-05	0.0490019	9.9982e-05	0.0598342	0.0312389
0.0962519	9.9982e-05	0.824608	0.0142197	0.0170304	9.9982e-05	0.0476903
0.613638	0.269682	9.9991e-05	0.0134321	0.0362965	0.0152624	0.0515884
0.195154	0.0932052	0.0367187	0.672684	0.00203829	9.9982e-05	9.9982e-05
0.0152107	0.778485	0.0404972	0.00957722	9.9982e-05	9.9982e-05	0.15603
0.162646	0.0205067	9.9973e-05	0.801713	9.9973e-05	9.9973e-05	0.0148343
0.0978777	9.9991e-05	0.134153	0.46405	0.0997521	0.100041	0.104026
9.9964e-05	9.9964e-05	0.964196	9.9964e-05	0.0135434	0.0218608	9.9964e-05
0.0295024	0.310974	0.0117332	9.9991e-05	0.0248442	0.616434	0.00641245
0.540735	0.00980919	9.9991e-05	0.000145008	0.0141186	0.4232	0.0118922
0.0309304	0.00829022	0.0145888	9.9991e-05	0.0289603	0.902635	0.0144956
0.407367	0.111364	0.00792894	0.368139	0.048155	0.0394119	0.0176344
9.9955e-05	0.00412428	9.9955e-05	9.9955e-05	9.9955e-05	0.995376	9.9955e-05
0.295474	0.00423663	0.00787214	0.68291	9.9982e-05	0.00930786	9.9982e-05
0.0272607	9.9982e-05	0.0647691	0.0521337	0.0390813	0.816555	9.9982e-05
0.0665982	9.9982e-05	0.0154599	0.0384555	0.0429917	0.836295	9.9982e-05
0.0217025	0.00699419	0.900054	0.00626873	9.9991e-05	0.0601835	0.00469729
0.152247	0.354433	0.404831	0.0781478	9.99821e-05	0.0101404	9.99821e-05
0.415169	0.0347004	0.3419	0.0963839	0.0348757	0.0498779	0.0270939
0.0267858	0.00150999	0.0254972	0.0416925	0.0212321	0.078499	0.804783
0.0349869	9.9973e-05	9.9973e-05	0.018129	9.9973e-05	0.013927	0.932657
0.00866994	9.9991e-05	0.0314549	0.0374186	0.0184912	0.0250822	0.878783
0.0326179	9.9991e-05	0.0267808	0.0481478	0.00521307	0.010858	0.876282
9.9964e-05	9.9964e-05	0.949753	0.0275548	9.9964e-05	9.9964e-05	0.0222927
9.9964e-05	9.9964e-05	0.924447	0.0366724	9.9964e-05	0.038481	9.9964e-05
0.0550062	9.9982e-05	0.79938	0.0950878	0.0286827	9.9982e-05	0.0216432
0.0022364	0.205399	9.9991e-05	0.0708542	0.00423227	0.276873	0.440306
0.212919	0.0460599	0.213946	0.147129	0.138068	0.135004	0.106875
9.9982e-05	9.9982e-05	0.395655	0.297909	0.145344	0.0254854	0.135407
0.0711399	0.0177967	0.77815	0.0799293	0.0272496	0.0256349	9.9991e-05
0.0571815	0.0107575	0.664735	0.112447	0.0984118	0.0238982	0.0325695
9.9991e-05	0.0326789	0.779425	0.0652841	0.0426608	0.0168621	0.0629892
0.0132619	0.0589515	0.511787	0.163608	0.147947	0.0454458	0.0589992
0.0280232	0.0797333	0.0173368	0.781885	0.0207292	0.0384341	0.0338579
0.889122	9.9982e-05	0.0441381	0.0568671	0.00436191	9.9982e-05	0.00531141
0.63334	0.00899623	0.251265	0.0620325	0.044166	9.99839e-05	9.99839e-05
0.0209655	0.00594665	9.9982e-05	9.9982e-05	0.00120651	0.960885	0.0107964
9.9955e-05	9.9955e-05	9.9955e-05	0.0664319	9.9955e-05	0.933068	9.9955e-05
0.0198736	0.0162045	0.00844532	0.07847	0.000478498	0.876428	9.9991e-05
9.9973e-05	0.21369	9.9973e-05	0.184915	9.9973e-05	0.373573	0.227522
9.9982e-05	9.9982e-05	0.0163179	0.40859	0.0543738	0.374331	0.146187
9.9982e-05	9.9982e-05	0.0119393	0.432371	0.0252341	0.387808	0.142447
9.9973e-05	9.9973e-05	0.911855	0.0482561	0.000797943	9.9973e-05	0.0387908
9.9991e-05	0.00884211	0.832334	0.0636477	0.0310058	0.0226724	0.0413978
0.0284298	9.9973e-05	0.959675	0.00124008	0.0103556	9.9973e-05	9.9973e-05
0.298465	9.9964e-05	9.9964e-05	0.686053	9.9964e-05	0.0150818	9.9964e-05
0.00834052	9.9973e-05	9.9973e-05	9.9973e-05	0.0201108	0.925859	0.0453894
9.9964e-05	0.064016	9.9964e-05	9.9964e-05	0.0127602	0.922824	9.9964e-05
0.015588	0.0957374	9.9964e-05	9.9964e-05	9.9964e-05	0.888275	9.9964e-05
0.0366268	0.155124	9.9964e-05	9.9964e-05	9.9964e-05	0.807849	9.9964e-05
0.0150709	0.100452	9.9982e-05	9.9982e-05	0.00585964	0.846306	0.032112
0.847563	0.0333975	9.9973e-05	0.0310742	9.9973e-05	0.0876651	9.9973e-05
9.9991e-05	0.347383	0.0571084	0.149113	0.0700974	0.207691	0.168508
0.23537	9.99549e-05	9.99549e-05	0.76413	9.99549e-05	9.99549e-05	9.99549e-05
0.836067	9.9964e-05	9.9964e-05	0.0640491	9.9964e-05	0.0994842	9.9964e-05
9.9973e-05	0.0525101	0.79882	0.131192	9.9973e-05	0.0171783	9.9973e-05
0.937889	9.9955e-05	9.9955e-05	0.061611	9.9955e-05	9.9955e-05	9.9955e-05
0.88915	9.9964e-05	9.9964e-05	0.107572	9.9964e-05	9.9964e-05	0.00287818
0.87617	9.9973e-05	9.9973e-05	0.114386	0.00763342	0.00151098	9.9973e-05
0.0341704	0.0193426	0.000157386	9.9991e-05	0.00149099	0.902141	0.0425971
0.00385365	9.9964e-05	9.9964e-05	9.9964e-05	9.9964e-05	0.989374	0.00637273
0.0261959	0.381431	0.0560437	0.256735	9.9991e-05	0.25465	0.0248442
0.00756786	0.0125278	9.9973e-05	9.9973e-05	0.0392152	0.940389	9.9973e-05
9.995e-05	9.995e-05	9.995e-05	9.995e-05	9.995e-05	0.9994	9.995e-05
0.513001	0.195311	9.9973e-05	9.9973e-05	0.00580172	0.285586	9.9973e-05
9.9973e-05	0.0691469	0.0209179	9.9973e-05	9.9973e-05	0.832125	0.0775099
9.9973e-05	0.0924707	0.0424888	9.9973e-05	9.9973e-05	0.811498	0.0532423
9.9991e-05	0.155824	0.0766187	0.396284	0.0415222	0.208696	0.120955
0.27953	0.0176112	9.9973e-05	0.699549	0.00300974	9.9973e-05	9.9973e-05
0.0755592	0.225973	9.9982e-05	0.0353102	9.9982e-05	0.654026	0.00893154
0.043336	0.20798	0.286161	9.9982e-05	0.420687	9.9982e-05	0.041637
0.125276	0.346038	9.9964e-05	9.9964e-05	9.9964e-05	0.528286	9.9964e-05
0.0123613	9.9964e-05	9.9964e-05	9.9964e-05	0.0243428	0.962896	9.9964e-05
0.918158	9.9973e-05	9.9973e-05	0.0123282	9.9973e-05	0.0462285	0.0229855
0.652825	0.0227056	9.9973e-05	0.0716215	9.9973e-05	0.252548	9.9973e-05
0.176042	9.99639e-05	0.00444291	0.819115	9.99639e-05	9.99639e-05	9.99639e-05
9.9964e-05	0.0257285	9.9964e-05	0.943314	9.9964e-05	0.0305573	9.9964e-05
0.928107	9.9955e-05	0.0713931	9.9955e-05	9.9955e-05	9.9955e-05	9.9955e-05
0.126864	9.9973e-05	0.00856146	0.850559	0.0137159	9.9973e-05	9.9973e-05
0.274069	0.0222017	9.9973e-05	0.687404	9.9973e-05	0.0160249	9.9973e-05
0.314026	9.9964e-05	9.9964e-05	0.648542	9.9964e-05	0.0370321	9.9964e-05
9.9955e-05	9.9955e-05	9.9955e-05	0.997451	0.00204891	9.9955e-05	9.9955e-05
0.327377	0.0910796	9.9982e-05	0.549278	9.9982e-05	0.026806	0.00525965
0.22369	9.9955e-05	9.9955e-05	0.775811	9.9955e-05	9.9955e-05	9.9955e-05
9.9991e-05	0.135875	0.10121	0.405423	0.0377015	0.208333	0.111357
0.0469684	9.9964e-05	0.94605	9.9964e-05	0.0065818	9.9964e-05	9.9964e-05
0.00560754	0.0374372	0.767202	0.144779	9.9982e-05	0.0447746	9.9982e-05
9.995e-05	9.995e-05	9.995e-05	9.995e-05	0.9994	9.995e-05	9.995e-05
0.0308995	0.0431988	0.675844	0.179876	9.9991e-05	0.0604109	0.00967115
0.105604	9.9964e-05	0.852674	9.9964e-05	0.0413226	9.9964e-05	9.9964e-05
0.210465	9.9964e-05	0.364103	0.425032	9.9964e-05	9.9964e-05	9.9964e-05
0.0705025	0.00533291	0.892847	9.9982e-05	0.0305394	9.9982e-05	0.000578113
0.550941	0.0141969	0.256106	0.104308	0.0353407	9.9991e-05	0.0390065
9.9982e-05	0.0184617	0.957649	0.00715659	9.9982e-05	0.0114438	0.00508856
0.00369265	9.9991e-05	0.17325	0.619598	0.127505	0.00705248	0.0688024
0.16672	9.9973e-05	0.0706318	0.688539	9.9973e-05	9.9973e-05	0.0738094
0.299408	9.9991e-05	0.219047	0.397323	0.0261857	0.0378737	0.0200619
0.0243938	9.9982e-05	0.903947	0.0312368	0.0151712	0.0250512	9.9982e-05
9.9964e-05	0.132189	9.9964e-05	9.9964e-05	0.0142227	0.853189	9.9964e-05
0.948115	9.9964e-05	0.0496083	9.9964e-05	9.9964e-05	0.00187632	9.9964e-05
9.9982e-05	9.9982e-05	0.17638	0.581299	0.102389	0.0161627	0.123569
0.88856	0.0124329	0.0435706	0.0551367	9.9973e-05	9.9973e-05	9.9973e-05
0.00088963	0.111429	9.9982e-05	0.0191558	9.9982e-05	0.857533	0.0107926
0.233148	0.01839	0.00641971	0.740607	0.001236	9.9982e-05	9.9982e-05
9.9973e-05	0.00371936	9.9973e-05	9.9973e-05	0.979703	0.00424462	0.0120329
0.0151269	0.127913	0.0827433	0.0705048	0.703512	9.9982e-05	9.9982e-05
9.9955e-05	9.9955e-05	0.976055	9.9955e-05	0.0234455	9.9955e-05	9.9955e-05
0.622609	9.9973e-05	0.257789	0.0743046	0.044997	9.9973e-05	9.9973e-05
0.188633	9.99549e-05	9.99549e-05	0.810867	9.99549e-05	9.99549e-05	9.99549e-05
0.203579	9.9955e-05	9.9955e-05	0.795921	9.9955e-05	9.9955e-05	9.9955e-05
0.634112	0.112878	9.9982e-05	0.128306	9.9982e-05	0.0735068	0.0509973
0.649047	9.9982e-05	0.286189	0.0330327	0.0268095	9.9982e-05	0.00472241
9.9964e-05	0.00737652	9.9964e-05	0.0760988	9.9964e-05	0.916125	9.9964e-05
9.9982e-05	9.9982e-05	0.0374924	0.434076	0.0279884	0.347053	0.15319
0.0169834	0.108956	9.9982e-05	0.00242358	9.9982e-05	0.583327	0.28811
0.0488973	0.175162	0.0503778	0.0226155	0.0997073	0.142588	0.460653
0.018213	0.189224	0.0879516	0.0773961	0.074619	0.104761	0.447835
9.9991e-05	0.284621	0.036343	0.0928073	0.0123167	0.294185	0.279627
9.9982e-05	9.9982e-05	0.0115311	0.447071	0.0362871	0.374197	0.130714
0.0199714	0.168539	0.0340112	0.104678	0.0581034	0.186544	0.428153
9.9982e-05	0.411019	0.0536295	0.0617921	9.9982e-05	0.19484	0.27852
9.9982e-05	9.9982e-05	0.0870148	0.576609	0.0748676	0.108779	0.15253
9.9982e-05	0.25439	0.0502819	0.0893692	9.9982e-05	0.355506	0.250253
9.9982e-05	9.9982e-05	0.127574	0.516464	0.0525671	0.113694	0.189502
0.135738	9.9964e-05	9.9964e-05	0.861978	0.00188467	9.9964e-05	9.9964e-05
0.0544734	0.248278	9.9991e-05	0.538503	0.0844858	0.0253631	0.0487972
0.0526291	0.195076	0.0085927	0.17839	0.0470165	0.323695	0.1946
0.0713374	0.175344	0.0423582	0.217396	0.0322485	0.255213	0.206103
9.9982e-05	9.9982e-05	0.0353819	0.415673	0.0205489	0.339893	0.188304
0.0185451	0.21156	9.9991e-05	0.0564845	0.0508974	0.373564	0.288849
0.837574	0.0142433	0.145802	9.9973e-05	0.00208082	9.9973e-05	9.9973e-05
9.9973e-05	0.0404066	0.00231478	0.053962	9.9973e-05	0.903017	9.9973e-05
0.0152672	0.152068	0.0645408	0.133769	0.0632253	0.133222	0.437909
9.9991e-05	0.2976	0.0157597	0.106055	0.0262009	0.387462	0.166822
9.9991e-05	0.1841	0.0304217	0.087223	0.0484225	0.215345	0.434387
0.0386375	0.305062	0.0242499	0.0455506	0.0511911	0.179969	0.35534
9.9982e-05	0.049285	0.741178	0.178602	9.9982e-05	0.01738	0.0133558
0.451597	0.0044762	0.369617	0.0453618	0.0718558	0.0113575	0.0457346
9.9982e-05	0.101821	9.9982e-05	0.0244205	0.000359246	0.794567	0.0786325
0.916024	0.00454565	0.0708653	0.0082649	9.9973e-05	9.9973e-05	9.9973e-05
0.00868146	9.9982e-05	0.743034	0.17124	9.9982e-05	0.0758306	0.00101492
9.9973e-05	0.0211634	9.9973e-05	0.920265	0.0556724	0.00259942	9.9973e-05
9.995e-05	9.995e-05	9.995e-05	9.995e-05	9.995e-05	0.9994	9.995e-05
9.9955e-05	0.00175392	9.9955e-05	9.9955e-05	9.9955e-05	0.997746	9.9955e-05
0.000345498	0.0337424	9.9982e-05	9.9982e-05	0.00295816	0.896398	0.0663562
9.995e-05	9.995e-05	9.995e-05	9.995e-05	9.995e-05	0.9994	9.995e-05
0.277748	0.00555479	0.00138693	0.683024	9.9982e-05	0.0320864	9.9982e-05
0.008106	0.0725617	0.0666376	9.9982e-05	0.0354912	0.817004	9.9982e-05
0.0146727	0.0427363	0.745444	0.1587	9.9982e-05	0.0382467	9.9982e-05
9.9964e-05	9.9964e-05	0.952162	0.0385832	9.9964e-05	9.9964e-05	0.0088551
0.0468687	0.00429285	0.902533	0.00636141	0.00814159	9.9991e-05	0.0317025
9.9973e-05	0.00775449	0.981478	0.00462045	9.9973e-05	0.00584727	9.9973e-05
0.0748367	0.00516677	0.898135	9.9973e-05	0.0215615	9.9973e-05	9.9973e-05
9.9991e-05	0.0363036	0.0737481	0.107769	0.0877324	0.108308	0.586039
0.00358091	0.0512212	0.0885217	0.106549	0.100904	0.0777923	0.571431
0.0503414	9.9973e-05	0.0145315	0.00699022	9.9973e-05	9.9973e-05	0.927837
9.9982e-05	0.0222049	0.0222558	9.9982e-05	0.00221623	0.0911299	0.861993
0.000624704	0.0260657	0.0332016	9.9982e-05	9.9982e-05	0.0123009	0.927607
0.0189279	9.9991e-05	0.0413104	0.618297	0.0194258	0.00218509	0.299754
0.03261	9.9964e-05	9.9964e-05	9.9964e-05	0.0103792	9.9964e-05	0.956611
0.299097	0.0432698	0.197404	0.123042	0.0164271	0.212621	0.108139
9.995e-05	9.995e-05	9.995e-05	9.995e-05	9.995e-05	9.995e-05	0.9994
9.995e-05	9.995e-05	9.995e-05	9.995e-05	9.995e-05	9.995e-05	0.9994
9.9973e-05	0.0244515	9.9973e-05	9.9973e-05	0.00728634	0.0086278	0.959334
0.024181	0.734784	9.9973e-05	9.9973e-05	9.9973e-05	0.0163132	0.224422
9.9955e-05	9.9955e-05	9.9955e-05	9.9955e-05	9.9955e-05	0.00294116	0.996559
9.9982e-05	0.125075	0.0121196	9.9982e-05	0.0289085	0.0243171	0.80938
0.860082	9.9964e-05	0.138609	9.9964e-05	9.9964e-05	9.9964e-05	0.000909661
0.588479	9.9991e-05	0.236361	0.0575361	0.0455727	0.0085328	0.0634188
0.11793	0.00152825	0.739677	0.0933112	0.0079794	9.9991e-05	0.039474
0.0558629	9.9973e-05	0.898534	0.00449567	0.0408071	9.9973e-05	9.9973e-05
0.0883218	9.9973e-05	0.0719539	0.80198	9.9973e-05	9.9973e-05	0.0374442
0.0765693	9.9982e-05	0.80707	0.0319979	0.0537936	9.9982e-05	0.0303688
0.952251	9.9964e-05	0.0331586	9.9964e-05	0.0141907	9.9964e-05	9.9964e-05
0.916785	9.9955e-05	0.0827151	9.9955e-05	9.9955e-05	9.9955e-05	9.9955e-05
0.0220976	9.9964e-05	9.9964e-05	0.972509	0.0049931	9.9964e-05	9.9964e-05
0.0425951	0.0113592	0.7512	0.089346	0.0473752	0.00362021	0.0545039
0.152374	9.9991e-05	0.522277	0.152999	0.0920155	0.0433275	0.0369072
9.99788e-05	9.99788e-05	0.0835507	0.777846	0.0804352	9.99788e-05	0.0578685
0.0531138	9.9982e-05	0.00811011	0.901335	0.0223545	9.9982e-05	0.0148866
0.107897	9.9982e-05	0.0841031	0.767129	0.00224096	9.9982e-05	0.0384296
0.531482	0.0666248	0.255594	0.0799767	0.00354436	0.0620192	0.000759716
0.0354538	9.9982e-05	0.019057	0.905003	0.0228668	9.9982e-05	0.0174199
0.950662	9.9973e-05	0.0145142	9.9973e-05	0.0117792	9.9973e-05	0.0227449
9.9973e-05	0.037258	9.9973e-05	0.929239	0.00600758	0.0271958	9.9973e-05
9.9973e-05	0.0495133	9.9973e-05	0.884691	0.0465986	0.0188974	9.9973e-05
9.9982e-05	0.14274	9.9982e-05	0.36178	0.0524667	0.27934	0.163474
0.00917587	9.9955e-05	9.9955e-05	0.990324	9.9955e-05	9.9955e-05	9.9955e-05
9.995e-05	9.995e-05	9.995e-05	0.9994	9.995e-05	9.995e-05	9.995e-05
9.995e-05	9.995e-05	9.995e-05	0.9994	9.995e-05	9.995e-05	9.995e-05
0.058857	9.9991e-05	0.218792	0.44686	0.130421	0.0590744	0.0858957
0.800316	0.022936	0.168513	9.9973e-05	9.9973e-05	0.00793569	9.9973e-05
0.886102	0.0176905	0.0272992	0.0364909	9.9991e-05	0.0319565	0.000360842
0.851825	9.9982e-05	0.0393775	0.0659222	9.9982e-05	0.0242456	0.0184301
0.882906	0.000466101	0.103323	9.9982e-05	0.0127563	9.9982e-05	0.000348675
9.9964e-05	9.9964e-05	0.00386122	0.0673519	9.9964e-05	0.928387	9.9964e-05
0.0236799	0.349243	0.0397905	0.296127	0.0202304	0.260258	0.0106712
0.1336	0.0349065	0.76561	0.055717	0.00996703	9.9982e-05	9.9982e-05
0.522514	0.00374804	0.28855	0.0981683	0.0404089	9.9991e-05	0.0465105
0.0311581	0.17731	0.0221584	0.628322	0.0612908	0.0516244	0.0281366
0.041154	0.191362	9.9991e-05	0.605388	0.0483082	0.0548347	0.058853
9.9973e-05	9.9973e-05	0.907462	0.00239895	9.9973e-05	0.0474286	0.0424106
0.00887857	0.0262592	0.761198	0.173133	9.9982e-05	0.030331	9.9982e-05
0.269772	0.556807	0.0071388	0.0715259	0.00762249	0.0199941	0.0671405
0.442548	0.0306011	9.9982e-05	0.401637	9.9982e-05	0.0628814	0.0621332
0.11846	0.00832386	0.822278	0.0467985	0.00393926	9.9982e-05	9.9982e-05
9.9982e-05	9.9982e-05	0.290665	0.452952	0.113669	0.0695098	0.0730041
0.0714254	0.203369	9.9991e-05	0.559657	0.0806122	0.00594896	0.0788881
0.0485438	9.9991e-05	0.176172	0.49798	0.118197	0.0530036	0.106003
0.0701575	9.9991e-05	0.271534	0.375944	0.13114	0.0491745	0.10195
9.9973e-05	0.0196277	0.909973	9.9973e-05	0.0689717	9.9973e-05	0.00112722
9.99641e-05	0.0526625	0.940016	9.99641e-05	9.99641e-05	0.00692141	9.99641e-05
9.9964e-05	0.0230339	0.971517	9.9964e-05	0.00504963	9.9964e-05	9.9964e-05
0.0505442	9.9982e-05	0.884906	0.00692615	0.019052	9.9982e-05	0.038372
9.9955e-05	9.9955e-05	0.962572	9.9955e-05	0.0369286	9.9955e-05	9.9955e-05
0.0751643	0.0223948	0.902041	9.9964e-05	9.9964e-05	9.9964e-05	9.9964e-05
9.9991e-05	0.0866787	0.52771	0.146955	0.171721	0.0307933	0.036042
9.9982e-05	9.9982e-05	0.280647	0.334332	0.118043	0.112421	0.154357
0.00408716	0.0275823	0.966281	0.00174957	9.9973e-05	9.9973e-05	9.9973e-05
9.9982e-05	9.9982e-05	0.285855	0.400743	0.128027	0.0780078	0.107167
0.000360853	0.0154947	0.185831	0.547201	0.0904559	0.0520889	0.108568
9.995e-05	0.9994	9.995e-05	9.995e-05	9.995e-05	9.995e-05	9.995e-05
9.9955e-05	0.995999	9.9955e-05	0.00350075	9.9955e-05	9.9955e-05	9.9955e-05
9.995e-05	0.9994	9.995e-05	9.995e-05	9.995e-05	9.995e-05	9.995e-05
9.995e-05	0.9994	9.995e-05	9.995e-05	9.995e-05	9.995e-05	9.995e-05
9.995e-05	0.9994	9.995e-05	9.995e-05	9.995e-05	9.995e-05	9.995e-05
9.995e-05	0.9994	9.995e-05	9.995e-05	9.995e-05	9.995e-05	9.995e-05
9.995e-05	0.9994	9.995e-05	9.995e-05	9.995e-05	9.995e-05	9.995e-05
9.9973e-05	0.0383538	9.9973e-05	0.902988	0.0240257	0.0343322	9.9973e-05
9.9964e-05	0.0234669	9.9964e-05	0.937017	0.0391162	9.9964e-05	9.9964e-05
9.9991e-05	0.182349	0.00871004	0.463038	0.0291714	0.225131	0.0915003
9.9982e-05	0.188067	9.9982e-05	0.482125	0.0278093	0.208617	0.0931819
0.0592205	0.0456767	0.82628	0.00883808	0.00564519	0.0277562	0.026583
9.9991e-05	0.0144327	0.779858	0.0730276	0.0453852	0.0320174	0.0551794
9.9964e-05	0.0158289	0.975021	9.9964e-05	9.9964e-05	9.9964e-05	0.00874993
0.0166799	0.0631104	9.9973e-05	9.9973e-05	0.00494027	0.914969	9.9973e-05
9.99549e-05	0.316663	9.99549e-05	9.99549e-05	9.99549e-05	0.682837	9.99549e-05
9.9973e-05	0.0470709	0.00243659	9.9973e-05	0.00679641	0.943396	9.9973e-05
9.9955e-05	0.344984	9.9955e-05	9.9955e-05	9.9955e-05	0.654516	9.9955e-05
0.21274	0.113405	0.0108212	0.262909	9.9991e-05	0.389591	0.0104343
0.0772849	0.297751	0.0407121	0.104336	9.9991e-05	0.305778	0.174038
0.0494834	0.82891	9.9982e-05	0.00399205	9.9982e-05	0.0957107	0.0217033
9.9955e-05	0.367576	9.9955e-05	9.9955e-05	9.9955e-05	0.631924	9.9955e-05
9.9955e-05	0.325562	9.9955e-05	9.9955e-05	9.9955e-05	0.673938	9.9955e-05
9.9955e-05	9.9955e-05	9.9955e-05	9.9955e-05	0.00867801	0.990822	9.9955e-05
9.9973e-05	0.228127	0.00194854	9.9973e-05	9.9973e-05	0.765439	0.00418579
0.31124	0.0834545	0.166519	0.12339	0.1128	0.0306575	0.171939
9.9955e-05	9.9955e-05	0.985288	9.9955e-05	0.0142126	9.9955e-05	9.9955e-05
9.9973e-05	0.0382772	9.9973e-05	0.898099	0.00517511	0.058149	9.9973e-05
0.196176	9.9991e-05	0.646855	0.0423752	0.0615147	0.0481267	0.00485264
0.0990926	0.00187676	0.0449863	0.833307	9.9982e-05	9.9982e-05	0.0205372
0.0249739	9.9973e-05	0.0256226	0.0544852	9.9973e-05	0.894618	9.9973e-05
0.0107313	0.84735	0.0236928	0.0228643	0.0175287	0.0325245	0.0453081
9.9991e-05	0.235385	0.0550769	0.0486928	0.0124728	0.610816	0.0374571
9.9982e-05	9.9982e-05	0.28652	0.449474	0.1146	0.0872774	0.061929
0.0325066	9.9991e-05	0.133736	0.454246	0.127517	0.120358	0.131536
0.312863	0.0304092	0.53293	0.0585085	0.040382	9.9991e-05	0.0248069
0.0839241	9.99639e-05	0.0184555	0.897221	9.99639e-05	9.99639e-05	9.99639e-05
9.9982e-05	0.0622468	0.0330288	9.9982e-05	0.0569558	0.113612	0.733957
9.9982e-05	0.0622495	0.0325463	0.0210159	9.9982e-05	0.0768674	0.807121
9.9973e-05	0.00705586	9.9973e-05	0.00873512	9.9973e-05	0.000658043	0.983251
9.9964e-05	0.0131991	9.9964e-05	9.9964e-05	9.9964e-05	0.0351554	0.951246
9.9964e-05	0.0623505	9.9964e-05	9.9964e-05	0.00752654	9.9964e-05	0.929723
9.9982e-05	0.114446	0.023127	9.9982e-05	0.0540487	0.0165991	0.79158
9.9973e-05	0.0233476	9.9973e-05	0.916066	0.0326954	0.0275909	9.9973e-05
9.9991e-05	0.404964	0.0397277	0.0792084	0.0743705	0.28275	0.118879
0.04495	0.0999097	0.00892679	9.9982e-05	9.9982e-05	0.809182	0.0368312
9.9955e-05	9.9955e-05	9.9955e-05	9.9955e-05	0.00402215	0.995478	9.9955e-05
0.00533286	0.0232365	9.9973e-05	9.9973e-05	0.00380251	0.967328	9.9973e-05
9.9955e-05	0.269643	9.9955e-05	9.9955e-05	9.9955e-05	0.729857	9.9955e-05
9.9955e-05	0.0019631	9.9955e-05	9.9955e-05	9.9955e-05	9.9955e-05	0.997537
9.9964e-05	0.0313936	0.0122495	9.9964e-05	9.9964e-05	9.9964e-05	0.955957
9.9964e-05	0.667197	9.9964e-05	9.9964e-05	9.9964e-05	0.0312955	0.301108
0.021534	0.67933	9.9973e-05	9.9973e-05	0.00028179	9.9973e-05	0.298555
9.9964e-05	0.0339388	9.9964e-05	9.9964e-05	9.9964e-05	0.0363715	0.92929
0.014487	0.81315	0.0115128	9.9982e-05	9.9982e-05	0.022951	0.137699
0.0454861	0.485985	0.33749	9.9982e-05	9.9982e-05	0.05873	0.072109
0.0941068	0.0203881	0.840111	0.033735	0.011315	9.9991e-05	0.000244434
0.15877	0.025209	0.75068	0.00657948	9.9982e-05	9.9982e-05	0.0585618
0.0857625	0.00892659	0.861508	9.9973e-05	0.0435032	9.9973e-05	9.9973e-05
0.0283852	0.0115686	0.933572	9.9973e-05	0.0261746	9.9973e-05	9.9973e-05
0.00126152	9.9964e-05	9.9964e-05	0.00197038	9.9964e-05	9.9964e-05	0.996368
9.995e-05	9.995e-05	9.995e-05	9.995e-05	9.995e-05	9.995e-05	0.9994
0.0202628	0.687818	0.00899974	9.9973e-05	9.9973e-05	9.9973e-05	0.28262
9.9955e-05	0.469869	9.9955e-05	9.9955e-05	9.9955e-05	9.9955e-05	0.529632
0.00363202	9.9964e-05	9.9964e-05	9.9964e-05	0.00683638	9.9964e-05	0.989132
9.9973e-05	9.9973e-05	9.9973e-05	0.0356955	0.0181199	0.0245818	0.921303
9.995e-05	9.995e-05	9.995e-05	9.995e-05	9.995e-05	9.995e-05	0.9994
9.9964e-05	0.793252	9.9964e-05	9.9964e-05	0.00865179	9.9964e-05	0.197696
0.231585	9.9964e-05	0.0676179	0.700397	9.9964e-05	9.9964e-05	9.9964e-05
0.383808	0.0512355	9.9973e-05	0.550961	0.0136952	9.9973e-05	9.9973e-05
0.269447	9.99641e-05	9.99641e-05	0.706879	0.0232748	9.99641e-05	9.99641e-05
0.215444	0.0285271	0.0644551	0.688278	9.9982e-05	9.9982e-05	0.00309641
9.9982e-05	0.174605	0.0220439	0.117057	9.9982e-05	0.32301	0.363085
9.9982e-05	0.239455	0.0370161	0.0210596	9.9982e-05	0.36805	0.334219
0.0482749	0.151139	9.9982e-05	0.0207772	9.9982e-05	0.49268	0.286929
0.0414135	0.131309	9.9982e-05	0.0291826	9.9982e-05	0.551289	0.246606
0.0454654	0.0646685	0.110516	0.0851771	0.0946029	0.078703	0.520867
9.9982e-05	0.142015	9.9982e-05	0.350836	0.0195388	0.458273	0.029138
0.0111274	9.9973e-05	0.00423429	0.00994989	9.9973e-05	9.9973e-05	0.974388
0.0210749	0.910493	9.9964e-05	9.9964e-05	9.9964e-05	9.9964e-05	0.068032
0.0260697	0.849014	9.9982e-05	9.9982e-05	0.0160284	0.00153085	0.107157
0.0126157	9.99911e-05	0.429661	0.447875	0.0381928	0.069373	0.00218229
9.9991e-05	0.0724653	0.0411742	0.7285	0.0501979	0.094924	0.0126385
0.0863538	9.9973e-05	0.86446	0.0406812	0.00820555	9.9973e-05	9.9973e-05
0.879458	0.00312937	0.0921473	9.9982e-05	0.00902101	0.0160444	9.9982e-05
0.655868	0.0102886	0.287989	9.9973e-05	0.0455543	9.9973e-05	9.9973e-05
0.457824	9.9982e-05	0.473545	9.9982e-05	0.00715771	0.00330299	0.0579702
0.068679	0.00737108	0.384335	0.480797	0.0223917	0.0161945	0.0202322
0.0863208	9.9955e-05	0.913179	9.9955e-05	9.9955e-05	9.9955e-05	9.9955e-05
0.0390892	9.9973e-05	0.929474	9.9973e-05	9.9973e-05	0.00905589	0.0220813
0.024912	9.9982e-05	0.900313	0.00775363	0.0116388	9.9982e-05	0.0551824
0.0611501	9.9973e-05	0.899357	9.9973e-05	0.0185928	9.9973e-05	0.0206005
0.0233235	0.0972569	0.126289	0.18015	0.074349	0.0707135	0.427918
0.0303557	0.112223	0.396512	0.140103	0.0264622	0.035824	0.25852
9.99911e-05	0.162744	0.286841	0.0862833	0.0221172	0.193204	0.24871
9.9991e-05	0.153316	0.0389582	0.165384	0.0239896	0.159674	0.458579
0.109998	0.0982533	0.550063	0.180815	0.0379092	0.0228614	9.9991e-05
9.9973e-05	0.0118152	0.944647	0.0184896	0.0247478	9.9973e-05	9.9973e-05
9.9973e-05	0.880202	9.9973e-05	0.0460693	9.9973e-05	0.060576	0.012853
0.0832327	0.00963483	0.721826	0.0614492	0.0743284	0.0113279	0.0382005
0.837217	9.9964e-05	0.146225	9.9964e-05	9.9964e-05	9.9964e-05	0.0161578
0.960585	0.0222045	9.9973e-05	9.9973e-05	0.0141415	0.00276908	9.9973e-05
0.044442	0.00777069	0.947387	9.9964e-05	9.9964e-05	9.9964e-05	9.9964e-05
9.9991e-05	0.0221097	0.15754	0.180631	0.486693	0.00239556	0.150531
0.381033	9.9991e-05	0.48419	0.100897	0.00874814	0.0201652	0.00486654
0.918722	9.9955e-05	0.0807782	9.9955e-05	9.9955e-05	9.9955e-05	9.9955e-05
0.144415	0.0125398	0.667262	0.11749	0.00476736	9.9991e-05	0.0534258
0.0363769	0.0456969	0.105431	0.228845	0.492012	0.0344407	0.0571968
9.9973e-05	0.00750625	0.00235749	9.9973e-05	0.977271	9.9973e-05	0.0125657
9.9982e-05	0.104259	0.0382647	0.0213076	9.9982e-05	0.764218	0.0717509
0.691658	0.0515314	0.0697578	0.108874	0.0154998	0.0540233	0.00865642
0.0599168	0.228165	0.0066537	0.548666	0.0770447	0.0225186	0.057035
9.9991e-05	0.0127329	0.0451843	0.807331	0.0459003	0.0647222	0.0240293
9.9982e-05	0.0388145	0.0762807	0.823611	0.0191392	0.0419551	9.9982e-05
0.926664	9.9973e-05	9.9973e-05	0.0360244	0.0257858	9.9973e-05	0.011226
0.0369742	0.029246	9.9973e-05	0.0138563	9.9973e-05	0.919624	9.9973e-05
0.0281051	0.513393	0.00159245	0.324648	0.0597663	0.0502192	0.022276
0.251082	9.9955e-05	9.9955e-05	0.748419	9.9955e-05	9.9955e-05	9.9955e-05
0.951557	9.9964e-05	0.0284898	0.0195538	9.9964e-05	9.9964e-05	9.9964e-05
0.189295	9.9964e-05	9.9964e-05	0.79609	0.0142152	9.9964e-05	9.9964e-05
0.0560222	0.221941	0.0102099	0.55461	0.0842403	0.0365701	0.0364061
0.0516875	0.247048	0.0146173	0.525261	0.0838552	0.0404687	0.0370625
9.9982e-05	0.367352	0.0596889	0.202961	9.9982e-05	0.324265	0.0455323
0.0617465	0.139254	0.0408605	0.048449	9.9991e-05	0.648329	0.0612613
0.00520155	0.411416	0.0498233	0.417754	0.00668421	0.0930457	0.016075
9.9991e-05	0.0531941	0.00857337	0.796388	0.0414006	0.0667016	0.0336419
0.948402	9.9964e-05	0.0301805	0.0210181	9.9964e-05	9.9964e-05	9.9964e-05
0.899798	9.9973e-05	0.0511568	0.0482756	9.9973e-05	0.000469542	9.9973e-05
0.0126497	9.9991e-05	0.390197	0.306875	0.148744	0.0582307	0.0832033
0.0321597	0.399498	0.0381053	0.2536	0.00945535	0.267082	9.9991e-05
9.9973e-05	0.0251794	9.9973e-05	0.896263	0.0161535	0.0621042	9.9973e-05
9.9982e-05	0.000957283	0.979611	0.00327638	0.0143113	0.00164438	9.9982e-05
9.9982e-05	9.9982e-05	0.0263128	0.420121	0.0321467	0.343257	0.177962
0.0386129	0.0409495	0.371435	0.316853	0.0100514	0.105771	0.116327
9.99911e-05	0.104328	0.0501444	0.0866642	0.16086	0.340944	0.25696
0.0568919	0.0318611	0.513103	0.153665	0.135464	0.0760187	0.0329955
0.508176	9.9973e-05	9.9973e-05	0.44729	0.0323382	0.0118964	9.9973e-05
9.9982e-05	9.9982e-05	0.200782	0.609803	0.0869929	0.00654629	0.095676
9.9964e-05	9.9964e-05	0.960928	0.0280042	9.9964e-05	9.9964e-05	0.0106676
0.00838989	0.00910527	0.918379	0.00489636	9.9991e-05	0.00894338	0.0501866
0.945625	9.9964e-05	0.0103198	0.043655	9.9964e-05	9.9964e-05	9.9964e-05
0.00191595	0.00170789	0.982026	9.9973e-05	0.0140504	9.9973e-05	9.9973e-05
0.00641442	0.0461682	0.595703	0.146375	0.0875885	0.029204	0.088547
0.0474927	0.0434358	0.866454	0.000928515	0.0385726	0.00014587	0.00297021
0.0705133	0.0154471	0.811886	0.0794891	9.9982e-05	0.0224646	9.9982e-05
0.110567	0.204652	0.003007	0.496403	0.0858192	0.0622654	0.0372864
9.9973e-05	0.138407	0.0222735	9.9973e-05	9.9973e-05	0.780446	0.0585727
9.9973e-05	0.0304039	9.9973e-05	9.9973e-05	0.00918343	0.929975	0.030138
0.816461	9.99731e-05	0.126464	0.0388076	9.99731e-05	9.99731e-05	0.0179676
9.9973e-05	0.116946	0.0148249	9.9973e-05	9.9973e-05	0.791766	0.0761627
9.9991e-05	0.00728831	0.0218048	0.0590391	0.893839	0.00403754	0.0138913
0.0136358	9.9964e-05	0.00621605	9.9964e-05	0.979748	9.9964e-05	9.9964e-05
0.0847036	9.9991e-05	0.182397	0.0262589	0.514549	0.181957	0.0100348
9.9982e-05	0.019461	0.789704	0.15257	9.9982e-05	0.0371555	0.000910056
9.9964e-05	0.00276311	9.9964e-05	9.9964e-05	0.988102	0.00873512	9.9964e-05
9.9955e-05	9.9955e-05	9.9955e-05	0.0114041	0.988096	9.9955e-05	9.9955e-05
9.9955e-05	0.0102403	9.9955e-05	9.9955e-05	0.98926	9.9955e-05	9.9955e-05
9.995e-05	9.995e-05	9.995e-05	9.995e-05	0.9994	9.995e-05	9.995e-05
9.9964e-05	0.0030089	9.9964e-05	9.9964e-05	0.995846	9.9964e-05	0.000744884
0.979234	9.9964e-05	9.9964e-05	0.0181922	9.9964e-05	0.00217387	9.9964e-05
9.9973e-05	9.9973e-05	0.0303078	0.854587	0.0324231	0.0823818	9.9973e-05
0.278119	0.0395273	9.9973e-05	0.677968	0.00408649	9.9973e-05	9.9973e-05
0.191517	9.99549e-05	9.99549e-05	0.807984	9.99549e-05	9.99549e-05	9.99549e-05
0.419084	0.0163133	0.451503	0.112193	0.000706157	9.9982e-05	9.9982e-05
0.916595	0.00994677	9.9973e-05	0.0320106	0.0411481	9.9973e-05	9.9973e-05
9.9982e-05	0.00896184	0.00273743	0.848753	0.0413975	0.0979506	9.9982e-05
0.144477	0.0312517	9.9973e-05	0.765905	0.058067	9.9973e-05	9.9973e-05
0.325665	9.9964e-05	9.9964e-05	0.656604	9.9964e-05	0.017331	9.9964e-05
9.9964e-05	0.0257873	9.9964e-05	0.954561	0.0192523	9.9964e-05	9.9964e-05
0.00533536	9.9973e-05	9.9973e-05	0.0442455	0.94304	0.0070794	9.9973e-05
0.571199	0.101502	0.141399	0.0907708	0.00941449	0.0856149	9.9991e-05
0.0431304	9.9991e-05	0.830984	0.0389882	0.00701023	0.0113068	0.0684803
9.9973e-05	9.9973e-05	0.868856	0.0828453	0.0224769	0.0255217	9.9973e-05
0.0469259	9.9982e-05	0.72561	0.0751987	0.0327902	9.9982e-05	0.119276
0.886957	0.00202582	0.0843217	0.026396	9.9973e-05	9.9973e-05	9.9973e-05
0.764131	0.0328203	9.9973e-05	0.177807	0.024942	9.9973e-05	9.9973e-05
9.9955e-05	0.272097	9.9955e-05	9.9955e-05	9.9955e-05	0.727403	9.9955e-05
0.270654	0.357376	0.205549	0.10013	0.0129546	0.0388141	0.0145223
0.49801	0.0126281	9.9991e-05	0.454999	0.0259307	0.00583934	0.00249269
