0.31933 9.9991E-05 0.524948 0.155622
0.669848 0.00739774 0.264797 0.0579568
0.59508 0.0554908 0.264122 0.0853074
0.332238 9.9991E-05 0.513712 0.15395
0.9997 9.998E-05 9.998E-05 9.998E-05
0.632838 0.0868174 0.189384 0.0909602
0.0121108 0.00115883 0.391192 0.595538
9.998E-05 9.998E-05 9.998E-05 0.9997
9.998E-05 9.998E-05 9.998E-05 0.9997
9.998E-05 9.998E-05 9.998E-05 0.9997
0.0178135 0.0645933 0.917493 9.9991E-05
9.9982E-05 0.072176 0.927624 9.9982E-05
9.9982E-05 0.111776 0.888025 9.9982E-05
9.9982E-05 0.0695569 0.930243 9.9982E-05
0.0253756 0.882869 0.0336991 0.0580562
9.998E-05 9.998E-05 9.998E-05 0.9997
0.0276096 9.9991E-05 0.845618 0.126673
9.9982E-05 0.966246 0.0335536 9.9982E-05
0.0211939 0.663309 0.274813 0.0406839
9.9982E-05 0.494633 0.505167 9.9982E-05
9.9991E-05 0.882635 0.0585188 0.0587465
9.9982E-05 0.208796 0.791004 9.9982E-05
9.9982E-05 0.978006 0.021794 9.9982E-05
9.9982E-05 0.221701 0.778099 9.9982E-05
9.9982E-05 0.198883 0.800917 9.9982E-05
9.9982E-05 0.977591 0.0222087 9.9982E-05
9.9991E-05 0.947707 0.0420455 0.0101472
0.0423467 0.692116 0.265437 9.9991E-05
9.9982E-05 0.976987 9.9982E-05 0.0228129
0.00468858 0.995111 9.9982E-05 9.9982E-05
9.9982E-05 0.182087 0.817713 9.9982E-05
9.9982E-05 0.0742309 0.925569 9.9982E-05
9.9982E-05 0.967729 0.0320715 9.9982E-05
9.9982E-05 0.274817 0.724983 9.9982E-05
9.9982E-05 0.984641 0.0151594 9.9982E-05
9.9982E-05 0.164813 0.834987 9.9982E-05
9.9982E-05 0.97099 0.0288098 9.9982E-05
9.9982E-05 0.179592 0.820208 9.9982E-05
0.437541 9.9991E-05 0.4131 0.14926
0.9997 9.998E-05 9.998E-05 9.998E-05
0.0888563 9.9982E-05 0.910944 9.9982E-05
9.9982E-05 0.97593 0.0238704 9.9982E-05
9.9982E-05 0.149563 0.850237 9.9982E-05
0.563904 0.0105319 0.360272 0.0652914
0.00590586 0.627684 0.284629 0.0817816
9.9991E-05 0.462885 0.516665 0.0203507
0.0342327 0.906904 0.0160607 0.042803
0.691251 0.0684305 0.183563 0.0567563
0.728212 0.0646687 0.082687 0.124432
0.101414 9.9991E-05 0.715994 0.182492
0.0751213 9.9991E-05 0.755322 0.169457
0.101013 9.9991E-05 0.733752 0.165135
0.0707227 9.9991E-05 0.749338 0.179839
0.0152079 0.0190399 0.00513093 0.960621
9.9982E-05 9.9982E-05 0.0300782 0.969722
9.9991E-05 0.0729375 0.893254 0.0337085
9.9982E-05 0.183534 0.816266 9.9982E-05
0.352189 0.223433 0.282957 0.141421
0.998751 9.9982E-05 0.00104934 9.9982E-05
0.834604 0.0854857 0.0517989 0.028111
0.0684786 9.9991E-05 0.838748 0.0926734
0.0924297 9.9991E-05 0.772224 0.135246
0.128 9.9991E-05 0.759356 0.112544
9.998E-05 9.998E-05 9.998E-05 0.9997
0.9997 9.998E-05 9.998E-05 9.998E-05
0.0404109 0.00724271 0.857472 0.0948746
0.316659 9.9991E-05 0.480468 0.202772
9.9982E-05 0.172086 0.827714 9.9982E-05
9.9982E-05 0.0979006 0.901899 9.9982E-05
0.0902084 0.0388561 0.0755975 0.795338
0.0414065 0.0386265 0.0856471 0.83432
9.9991E-05 0.0222353 0.0713781 0.906287
0.0172027 9.9982E-05 9.9982E-05 0.982597
9.9982E-05 0.00420882 9.9982E-05 0.995591
9.998E-05 9.998E-05 9.998E-05 0.9997
9.998E-05 9.998E-05 9.998E-05 0.9997
9.9982E-05 0.012134 9.9982E-05 0.987666
0.00312784 9.9982E-05 9.9982E-05 0.996672
9.998E-05 9.998E-05 9.998E-05 0.9997
9.9991E-05 0.0205331 0.0152577 0.964109
0.0065045 0.00651221 0.0339131 0.95307
9.9991E-05 0.0113491 0.00639364 0.982157
9.9982E-05 0.455889 9.9982E-05 0.543912
9.9982E-05 0.450186 9.9982E-05 0.549614
9.998E-05 9.998E-05 9.998E-05 0.9997
9.9982E-05 9.9982E-05 0.00255179 0.997248
9.9982E-05 9.9982E-05 0.0317626 0.968037
9.9982E-05 0.05973 9.9982E-05 0.94007
9.998E-05 9.998E-05 9.998E-05 0.9997
9.9982E-05 0.463824 9.9982E-05 0.535976
0.0233794 0.06204 0.022635 0.891946
9.9991E-05 0.0146928 0.0275356 0.957672
9.9982E-05 9.9982E-05 0.0124497 0.98735
0.0324728 9.9982E-05 9.9982E-05 0.967327
0.00118851 0.0414469 0.0516251 0.90574
9.9982E-05 9.9982E-05 0.019759 0.980041
0.19338 0.643536 0.162984 9.9991E-05
0.00951288 0.0165786 9.9991E-05 0.973809
9.9982E-05 0.0114173 9.9982E-05 0.988383
0.108268 0.0917221 0.0310902 0.768919
9.998E-05 9.998E-05 9.998E-05 0.9997
9.9991E-05 0.009081 0.00177726 0.989042
9.9982E-05 9.9982E-05 0.00108672 0.998713
9.9982E-05 0.0258354 9.9982E-05 0.973965
0.00573402 0.957532 9.9991E-05 0.0366342
9.998E-05 9.998E-05 9.998E-05 0.9997
9.998E-05 9.998E-05 9.998E-05 0.9997
9.998E-05 9.998E-05 9.998E-05 0.9997
0.00359194 0.678629 0.310061 0.00771841
0.0197135 0.0487608 9.9991E-05 0.931426
9.9982E-05 9.9982E-05 0.0224012 0.977399
9.9982E-05 0.0177676 9.9982E-05 0.982032
9.998E-05 9.998E-05 9.998E-05 0.9997
9.9991E-05 0.711098 0.260662 0.02814
9.998E-05 9.998E-05 9.998E-05 0.9997
0.0315479 0.00445497 0.00795671 0.95604
9.9982E-05 0.483949 9.9982E-05 0.515851
9.998E-05 9.998E-05 9.998E-05 0.9997
9.9982E-05 0.328882 0.670918 9.9982E-05
9.9982E-05 0.410422 0.589378 9.9982E-05
9.9982E-05 0.163798 0.836002 9.9982E-05
0.0112195 0.939053 0.00839561 0.0413317
0.0787752 9.9991E-05 0.769579 0.151545
9.9991E-05 0.189875 0.793671 0.0163544
0.0625566 0.299849 0.61664 0.0209548
9.9982E-05 0.302158 0.697642 9.9982E-05
0.011257 0.386783 0.60186 9.9991E-05
9.9982E-05 0.342012 0.657788 9.9982E-05
0.03304 0.413091 0.553769 9.9991E-05
0.0349092 0.435041 0.529949 9.9991E-05
9.9982E-05 0.168598 0.831202 9.9982E-05
9.9982E-05 0.138045 0.861755 9.9982E-05
9.9991E-05 0.109769 0.887657 0.00247466
0.03706 0.824714 0.082696 0.0555299
0.812765 0.0569271 0.0462304 0.0840771
0.800021 0.0601121 0.0205604 0.119306
0.896575 9.9991E-05 0.0860041 0.0173208
0.0883131 0.353139 0.402971 0.155577
0.79742 0.0599691 0.0659041 0.0767064
0.767108 0.0633088 0.0654717 0.104111
0.076619 0.2168 0.576557 0.130024
0.898781 0.034523 0.0184139 0.0482817
0.806081 0.0754092 0.0373381 0.0811717
0.84562 0.0532392 0.0255867 0.0755542
0.688308 0.152457 0.0228811 0.136353
0.68439 0.0955638 0.0750103 0.145036
0.824815 0.0912179 0.0615114 0.0224558
0.120434 9.9991E-05 0.732919 0.146547
0.967407 0.0212084 9.9991E-05 0.0112847
9.9991E-05 0.934802 0.0376608 0.0274377
0.00683808 0.958528 9.9991E-05 0.0345339
0.995639 0.00416064 9.9982E-05 9.9982E-05
0.278517 0.254426 0.32156 0.145498
0.120036 0.016088 0.782638 0.081238
0.0906159 0.0377548 0.871529 9.9991E-05
0.043787 0.850706 0.0883295 0.0171771
0.236169 0.0981255 0.620317 0.0453883
0.101628 0.015329 0.773395 0.109648
0.701287 0.135069 0.0528143 0.11083
0.0809252 9.9991E-05 0.776542 0.142433
0.228651 0.173954 0.402623 0.194772
9.9982E-05 0.984883 9.9982E-05 0.0149175
0.912804 0.0415234 0.0259911 0.0196813
0.471971 0.000779886 0.52715 9.9991E-05
0.998092 9.9982E-05 0.00170774 9.9982E-05
0.165361 0.0839823 0.651879 0.098778
0.9997 9.998E-05 9.998E-05 9.998E-05
0.0890603 9.9991E-05 0.834622 0.0762179
0.848482 0.0640718 0.0847737 0.00267203
0.910956 0.0346387 0.046278 0.0081273
0.0796348 0.910082 0.00877665 0.00150669
0.327716 0.462786 0.178314 0.0311839
0.11295 0.387005 0.458064 0.0419814
0.635738 0.141714 0.0524057 0.170142
0.654426 0.107093 0.0843949 0.154085
0.625965 0.151045 0.0495084 0.173481
0.612038 0.149585 0.0776147 0.160762
0.00296652 0.996834 9.9982E-05 9.9982E-05
0.0240247 0.94572 0.00316356 0.0270913
0.0123278 0.823407 0.106597 0.0576681
0.79381 0.0800994 0.0487743 0.0773158
0.262723 0.29341 0.285333 0.158533
0.155042 0.414073 0.189969 0.240916
0.0463111 0.816612 0.0622303 0.0748468
0.0682678 0.699464 0.115701 0.116567
0.104846 0.782834 0.0309769 0.0813432
0.151953 0.544287 0.089638 0.214122
0.223351 9.9991E-05 0.612157 0.164392
9.9982E-05 0.133979 0.865821 9.9982E-05
9.9991E-05 0.342457 0.615487 0.0419558
0.9997 9.998E-05 9.998E-05 9.998E-05
0.969401 9.9982E-05 0.0303992 9.9982E-05
0.970563 9.9982E-05 0.0292374 9.9982E-05
0.777771 9.9991E-05 0.147276 0.0748529
0.547464 0.0579328 0.238622 0.155981
0.545866 0.0415893 0.266162 0.146383
0.0316223 0.93448 0.0112199 0.0226781
0.064442 0.878212 0.0124891 0.044857
0.00690196 0.987021 9.9991E-05 0.00597725
0.06419 9.9991E-05 0.827524 0.108186
0.9997 9.998E-05 9.998E-05 9.998E-05
0.9997 9.998E-05 9.998E-05 9.998E-05
0.9997 9.998E-05 9.998E-05 9.998E-05
0.996672 9.9982E-05 0.00312817 9.9982E-05
0.989822 9.9991E-05 0.00919555 0.000882641
0.0678697 9.9982E-05 0.93193 9.9982E-05
0.658173 0.114908 0.0773615 0.149557
0.041774 9.9991E-05 0.879532 0.0785942
0.0611554 9.9982E-05 0.938645 9.9982E-05
0.0938394 0.805401 0.100659 9.9991E-05
9.9982E-05 0.00138236 0.998418 9.9982E-05
9.998E-05 9.998E-05 0.9997 9.998E-05
9.998E-05 9.998E-05 0.9997 9.998E-05
0.9997 9.998E-05 9.998E-05 9.998E-05
0.9997 9.998E-05 9.998E-05 9.998E-05
0.626321 0.0646635 0.230705 0.0783107
0.9997 9.998E-05 9.998E-05 9.998E-05
0.9997 9.998E-05 9.998E-05 9.998E-05
0.427972 9.9982E-05 0.571828 9.9982E-05
0.971522 0.0282776 9.9982E-05 9.9982E-05
0.961262 0.0385381 9.9982E-05 9.9982E-05
0.494394 0.0942929 0.274615 0.136699
0.0566833 9.9991E-05 0.831991 0.111226
0.864357 9.9982E-05 0.135443 9.9982E-05
0.147839 0.341925 0.036933 0.473302
0.845695 9.9982E-05 0.154105 9.9982E-05
0.9997 9.998E-05 9.998E-05 9.998E-05
0.000778417 0.0486008 0.950521 9.9991E-05
0.279392 0.0299813 0.690527 9.9991E-05
0.0265818 9.9991E-05 0.851215 0.122103
0.180097 9.9991E-05 0.612715 0.207088
9.9982E-05 0.189375 0.810425 9.9982E-05
0.0897681 9.9991E-05 0.750763 0.159369
0.103409 9.9991E-05 0.815905 0.0805864
0.100374 9.9991E-05 0.841117 0.0584092
0.0699235 9.9991E-05 0.73056 0.199417
0.16135 0.000214664 0.734538 0.103897
0.0271411 9.9991E-05 0.856968 0.115791
0.480203 0.10637 0.259456 0.153971
9.9982E-05 0.980809 0.0189914 9.9982E-05
0.0952764 0.789217 0.115406 9.9991E-05
9.998E-05 9.998E-05 9.998E-05 0.9997
0.103927 0.711812 0.162167 0.0220944
9.9982E-05 0.896487 0.103313 9.9982E-05
0.0296035 0.388635 0.56289 0.0188718
9.9991E-05 0.919677 0.0720061 0.00821718
0.0109684 0.389369 0.563441 0.0362208
0.0113954 0.988405 9.9982E-05 9.9982E-05
0.129087 0.148492 0.446965 0.275456
0.121036 0.0844611 0.697635 0.0968674
0.0817331 0.27014 0.543519 0.104608
9.9991E-05 0.916511 0.0519847 0.0314039
0.9997 9.998E-05 9.998E-05 9.998E-05
9.9982E-05 0.179209 0.820591 9.9982E-05
0.173234 0.171022 0.427286 0.228458
9.9982E-05 0.136002 0.863798 9.9982E-05
0.9997 9.998E-05 9.998E-05 9.998E-05
0.0597712 9.9991E-05 0.808337 0.131792
9.998E-05 9.998E-05 9.998E-05 0.9997
0.11022 0.0690392 0.0719377 0.748803
9.9982E-05 0.992803 9.9982E-05 0.00699734
9.9991E-05 0.33247 0.65005 0.0173799
0.0261125 9.9991E-05 0.838211 0.135576
0.0467463 9.9991E-05 0.858739 0.0944147
0.173939 0.0896651 0.736296 9.9991E-05
9.9982E-05 0.378283 0.621517 9.9982E-05
0.988664 9.9982E-05 0.0111356 9.9982E-05
0.557297 0.0396887 0.257829 0.145185
0.920205 9.9991E-05 0.064712 0.0149833
0.578242 0.135183 0.0830663 0.203509
0.581569 0.135032 0.0932409 0.190158
0.767876 0.102995 0.0276741 0.101455
0.544227 0.0271243 0.269223 0.159426
0.631619 0.104096 0.0982443 0.166041
0.764793 0.100773 0.0682537 0.0661805
0.303359 0.0804356 0.403972 0.212233
0.800824 0.0729458 0.0988006 0.02743
0.287599 0.136439 0.354391 0.22157
0.0582236 9.9991E-05 0.769687 0.171989
0.340411 9.9991E-05 0.472988 0.186501
0.668925 0.0540105 0.170956 0.106109
0.580706 0.0793977 0.229096 0.1108
0.534955 0.0384707 0.27769 0.148884
0.775503 0.0713851 0.0530434 0.100069
9.9982E-05 0.273339 0.726462 9.9982E-05
0.996883 9.9982E-05 0.00291691 9.9982E-05
0.588136 0.127158 0.118771 0.165935
0.796949 0.0601013 0.0241032 0.118847
0.679476 0.107515 0.0622058 0.150803
0.703218 0.0843308 0.0842172 0.128234
0.0893794 0.765425 0.145096 9.9991E-05
0.0451678 0.44357 0.458182 0.0530806
0.997034 9.9982E-05 9.9982E-05 0.0027665
9.9982E-05 0.168041 0.831759 9.9982E-05
0.104232 0.74724 0.148428 9.9991E-05
0.161973 9.9991E-05 0.613539 0.224389
0.9997 9.998E-05 9.998E-05 9.998E-05
0.9997 9.998E-05 9.998E-05 9.998E-05
0.987945 9.9982E-05 9.9982E-05 0.0118548
0.9997 9.998E-05 9.998E-05 9.998E-05
0.103834 9.9991E-05 0.801301 0.0947648
0.933607 0.05739 9.9991E-05 0.008903
0.0949632 0.78224 0.122697 9.9991E-05
9.998E-05 0.9997 9.998E-05 9.998E-05
9.9991E-05 0.963361 0.0141573 0.0223817
9.9982E-05 0.976064 9.9982E-05 0.023736
9.9991E-05 0.964484 0.00924887 0.0261669
0.529087 0.162752 0.099843 0.208319
0.517373 0.178018 0.0711984 0.23341
0.564716 0.171017 0.0643698 0.199897
0.7192 0.140839 9.9991E-05 0.139861
0.680923 0.134113 0.000220368 0.184744
0.269251 0.0471368 0.491674 0.191938
0.632001 0.123445 0.0565828 0.187971
0.308878 0.259516 0.390571 0.0410348
0.700687 0.102463 0.0391712 0.157679
0.713899 0.123968 9.9991E-05 0.162033
0.685307 0.119845 9.9991E-05 0.194748
0.754156 0.12874 0.0142963 0.102807
0.685327 0.087519 0.0287318 0.198422
0.660019 0.146809 0.011126 0.182046
9.9982E-05 0.263774 0.736026 9.9982E-05
0.0459685 0.344254 0.584551 0.0252265
0.0224228 0.775036 0.180738 0.0218033
0.00086084 0.904702 0.0782064 0.0162312
0.099456 0.0449813 0.720708 0.134855
0.0475968 0.819658 0.0699503 0.0627945
9.9982E-05 0.143037 0.856763 9.9982E-05
9.9982E-05 0.203117 0.796683 9.9982E-05
0.071853 9.9991E-05 0.737652 0.190395
0.068157 0.77561 0.0624912 0.0937415
0.0680148 0.557376 0.238164 0.136445
0.13912 0.0454504 0.569293 0.246137
0.117827 9.9991E-05 0.690228 0.191845
0.107919 0.0446978 0.683728 0.163654
0.0881528 0.323512 0.588235 9.9991E-05
0.0777803 9.9991E-05 0.730134 0.191986
9.9982E-05 0.162965 0.836835 9.9982E-05
0.170153 9.9991E-05 0.630936 0.198811
0.174825 9.9991E-05 0.597073 0.228001
0.582502 9.9991E-05 0.262094 0.155304
0.081243 9.9991E-05 0.730823 0.187834
0.0751427 9.9991E-05 0.737622 0.187135
0.0934113 9.9991E-05 0.742581 0.163907
0.174195 0.198918 0.396456 0.23043
9.9982E-05 0.270739 0.729061 9.9982E-05
9.9982E-05 0.153185 0.846615 9.9982E-05
9.9982E-05 0.143311 0.856489 9.9982E-05
9.9982E-05 0.242217 0.757583 9.9982E-05
0.970504 9.9982E-05 0.029296 9.9982E-05
0.622041 0.0611979 0.232889 0.0838729
0.0339613 0.823047 0.0887269 0.0542652
9.9991E-05 0.364081 0.584937 0.0508813
0.29724 9.9991E-05 0.50198 0.20068
0.326828 0.0102127 0.495535 0.167424
0.0540297 0.94577 9.9982E-05 9.9982E-05
0.076996 0.749352 0.163969 0.00968283
0.533084 0.0664309 0.353481 0.0470049
0.168961 0.0303985 0.749362 0.0512779
9.9982E-05 0.875648 0.124152 9.9982E-05
0.191069 0.270213 0.303872 0.234846
0.300846 9.9991E-05 0.507074 0.191979
0.144832 0.192316 0.388831 0.274021
0.188401 0.28998 0.32585 0.195769
9.9982E-05 0.934932 9.9982E-05 0.0648679
0.0364074 0.963393 9.9982E-05 9.9982E-05
9.9982E-05 0.989084 9.9982E-05 0.0107161
0.00185836 0.910674 0.0534312 0.0340363
9.9982E-05 0.973834 9.9982E-05 0.0259658
9.9982E-05 0.933268 0.0665322 9.9982E-05
0.134166 0.542939 0.0990629 0.223832
0.267458 0.287645 0.224657 0.220241
9.9982E-05 0.988466 0.011334 9.9982E-05
0.218 0.270502 0.30576 0.205738
0.208606 0.186211 0.405269 0.199914
0.828606 0.0338962 0.0410903 0.0964074
0.848941 0.0315033 0.0253178 0.0942383
0.806531 0.0716988 0.0353326 0.0864374
0.837414 0.0570089 0.0119197 0.0936573
0.830021 0.0736676 9.9991E-05 0.0962109
0.827508 0.0432438 0.0383629 0.0908855
0.8543 0.0247389 0.0260075 0.0949538
0.210479 9.9991E-05 0.586506 0.202915
0.115671 9.9991E-05 0.665526 0.218703
0.519406 0.0161065 0.328654 0.135834
0.519405 0.00447858 0.325917 0.1502
0.0681552 0.911091 9.9991E-05 0.0206533
0.0740701 0.818502 0.0186507 0.0887776
9.998E-05 0.9997 9.998E-05 9.998E-05
0.9997 9.998E-05 9.998E-05 9.998E-05
0.9997 9.998E-05 9.998E-05 9.998E-05
0.9997 9.998E-05 9.998E-05 9.998E-05
0.9997 9.998E-05 9.998E-05 9.998E-05
0.566835 0.0294901 0.403575 9.9991E-05
0.707801 0.0696324 0.180786 0.0417801
0.80194 0.0488544 0.0677983 0.0814078
0.9997 9.998E-05 9.998E-05 9.998E-05
0.9997 9.998E-05 9.998E-05 9.998E-05
0.9997 9.998E-05 9.998E-05 9.998E-05
0.996789 0.00301152 9.9982E-05 9.9982E-05
0.2002 0.261655 0.398782 0.139364
9.9982E-05 0.977072 9.9982E-05 0.0227278
0.233324 9.9991E-05 0.55409 0.212486
0.0524709 0.685151 0.19776 0.0646175
0.0950284 0.0213826 0.72461 0.158979
0.956441 9.9982E-05 0.0433592 9.9982E-05
0.791863 0.0546904 0.0679496 0.0854966
0.875883 0.0776188 0.0261951 0.0203028
0.1858 0.260086 0.324372 0.229742
0.279878 0.163001 0.310687 0.246434
0.0422127 0.584319 0.347107 0.026361
0.0633258 9.9991E-05 0.810556 0.126018
0.643082 0.177037 0.00531453 0.174567
0.680778 0.174842 0.00404623 0.140333
0.640304 0.160779 0.0172169 0.1817
0.705348 0.0984647 0.00850934 0.187678
0.686055 0.132636 9.9991E-05 0.181208
0.652297 0.144034 9.9991E-05 0.203569
0.174309 9.9991E-05 0.602947 0.222644
0.73921 0.101846 0.0237263 0.135218
0.958079 0.0417209 9.9982E-05 9.9982E-05
0.9997 9.998E-05 9.998E-05 9.998E-05
0.9997 9.998E-05 9.998E-05 9.998E-05
0.975018 0.0247825 9.9982E-05 9.9982E-05
0.708813 0.135807 9.9991E-05 0.15528
0.662905 0.162815 9.9991E-05 0.17418
0.774812 0.112646 9.9991E-05 0.112442
0.736117 0.0969415 0.0454714 0.12147
0.747357 0.115481 0.0139543 0.123208
0.789138 0.0984535 0.0396954 0.0727127
0.513898 0.35672 0.101126 0.0282561
0.0111552 0.839655 0.120716 0.0284739
0.0457668 0.813573 0.14056 9.9991E-05
9.9991E-05 0.915161 0.0484899 0.0362487
9.9991E-05 0.971192 0.0111999 0.0175083
0.646346 0.102549 0.0609701 0.190135
0.642276 0.135809 0.00757553 0.214339
0.744679 0.136716 0.00944883 0.109156
0.728315 0.139138 9.9991E-05 0.132447
0.640192 0.0857139 0.0762119 0.197882
0.674133 0.100241 0.0280146 0.197612
0.730309 0.090102 9.9991E-05 0.179489
0.743408 0.0885992 0.0420908 0.125902
0.0419869 0.0410417 0.801637 0.115334
0.0502088 9.9991E-05 0.85523 0.0944608
0.0449402 9.9991E-05 0.820328 0.134632
0.0940176 0.00799888 0.806571 0.0914129
0.780869 0.0606875 0.0952961 0.0631476
0.823615 0.0694412 0.0440605 0.0628829
0.877178 0.0321149 0.0666831 0.0240245
0.87072 0.0336301 0.0901155 0.00553397
0.494649 0.169073 0.113852 0.222426
0.686639 9.9991E-05 0.205112 0.108149
0.637042 0.117911 0.0536236 0.191423
0.792831 0.0582536 0.0595855 0.0893295
0.752212 0.0506737 0.0774376 0.119677
0.130898 0.463215 0.289581 0.116306
0.268933 0.00894455 0.527431 0.194692
9.9991E-05 0.908378 0.090286 0.00123581
9.9982E-05 0.206213 0.793587 9.9982E-05
9.9982E-05 0.404286 0.595514 9.9982E-05
0.0293808 0.548066 0.413104 0.00944943
0.0824789 0.370584 0.448645 0.0982917
9.9982E-05 0.959589 0.0402115 9.9982E-05
0.0160868 0.983713 9.9982E-05 9.9982E-05
0.0442322 0.938262 0.00169566 0.0158101
0.00476563 0.927153 0.0523251 0.0157563
0.469247 0.181687 0.169888 0.179177
0.304187 0.456369 0.13719 0.102254
0.52986 0.328873 0.0455648 0.0957024
0.625649 0.115643 0.101658 0.15705
0.123708 0.542886 0.233114 0.100292
9.9982E-05 0.979098 9.9982E-05 0.0207024
0.814598 0.0406414 0.0563246 0.088436
0.0328107 0.752851 0.117864 0.0964745
9.9982E-05 0.265326 0.734474 9.9982E-05
9.9982E-05 0.12724 0.87256 9.9982E-05
9.9982E-05 0.986961 0.012839 9.9982E-05
0.13919 0.172028 0.129091 0.55969
0.0296234 0.547091 0.410108 0.0131776
9.9982E-05 0.184298 0.815502 9.9982E-05
0.00881636 0.677744 0.257298 0.0561414
0.113849 0.129898 0.185658 0.570595
9.9982E-05 0.00789885 9.9982E-05 0.991901
0.95808 0.0275776 0.0142422 9.9991E-05
0.083813 0.12219 0.793897 9.9991E-05
0.33663 9.9991E-05 0.486587 0.176684
0.212834 9.9991E-05 0.560064 0.227003
0.179016 0.0827065 0.552787 0.18549
9.9982E-05 0.0825508 0.917249 9.9982E-05
0.96874 9.9982E-05 0.0310599 9.9982E-05
0.50562 0.0375471 0.284746 0.172087
0.0356257 9.9991E-05 0.86032 0.103954
9.9982E-05 0.124144 0.875656 9.9982E-05
0.0521032 9.9991E-05 0.796787 0.15101
0.330959 0.015454 0.469493 0.184094
0.323505 9.9991E-05 0.495229 0.181165
0.703821 0.0755726 0.175994 0.0446124
0.847682 0.0592137 0.0867159 0.00638845
0.515122 0.0477634 0.309533 0.127581
0.258478 9.9991E-05 0.557637 0.183786
9.9982E-05 0.123387 0.876413 9.9982E-05
9.9982E-05 0.143401 0.856399 9.9982E-05
0.127796 0.41679 0.222173 0.233242
0.63209 0.0434642 0.243538 0.0809077
0.20299 9.9991E-05 0.598541 0.198369
0.00752526 0.973181 9.9991E-05 0.0191942
0.533318 0.036296 0.294004 0.136382
0.256708 0.398176 0.247144 0.0979714
0.634094 0.107451 0.0505022 0.207953
0.128756 0.560955 0.149131 0.161157
0.0627112 0.0187539 0.8221 0.0964353
0.152997 0.196857 0.399567 0.250578
9.998E-05 0.9997 9.998E-05 9.998E-05
0.0422672 0.957533 9.9982E-05 9.9982E-05
9.9982E-05 0.110097 0.889703 9.9982E-05
9.9982E-05 0.975186 9.9982E-05 0.0246143
0.151318 0.615493 0.109809 0.12338
0.0195566 0.873564 0.0216469 0.085232
0.0398233 0.81777 0.142306 9.9991E-05
0.321706 0.00136081 0.495822 0.181111
0.985664 0.0141362 9.9982E-05 9.9982E-05
0.9997 9.998E-05 9.998E-05 9.998E-05
9.9982E-05 0.214552 0.785248 9.9982E-05
0.9997 9.998E-05 9.998E-05 9.998E-05
0.0118604 0.0260942 9.9991E-05 0.961945
9.9982E-05 0.0036501 9.9982E-05 0.99615
0.192622 0.226983 0.0771769 0.503218
0.0809819 0.819553 0.0993654 9.9991E-05
9.998E-05 9.998E-05 9.998E-05 0.9997
9.998E-05 9.998E-05 9.998E-05 0.9997
9.998E-05 9.998E-05 9.998E-05 0.9997
0.0027137 9.9982E-05 9.9982E-05 0.997086
9.998E-05 9.998E-05 9.998E-05 0.9997
9.9982E-05 0.0696088 0.930191 9.9982E-05
0.195003 9.9991E-05 0.600814 0.204083
0.0492974 9.9991E-05 0.802078 0.148525
0.0335096 9.9991E-05 0.863689 0.102702
0.00592052 0.528912 0.465067 9.9991E-05
9.9982E-05 0.112811 0.886989 9.9982E-05
0.221728 9.9991E-05 0.586028 0.192144
0.0512173 0.00302718 0.75255 0.193205
0.103603 9.9991E-05 0.852383 0.0439136
0.111699 9.9991E-05 0.67849 0.209711
9.9982E-05 9.9982E-05 0.0184234 0.981377
0.164743 0.212875 0.619398 0.00298483
0.0511308 0.856138 0.0684553 0.0242754
0.0199593 0.904202 0.0234922 0.0523461
0.0644805 0.759077 0.103775 0.0726676
9.9982E-05 0.155 0.8448 9.9982E-05
9.9991E-05 0.0831208 0.893816 0.0229634
0.9997 9.998E-05 9.998E-05 9.998E-05
0.353082 0.262392 0.350212 0.0343137
0.0450552 0.0271188 0.84545 0.0823763
