0.793226 0.0334583 9.9937E-05 9.9937E-05 0.00668953 9.9937E-05 9.9937E-05 9.9937E-05 9.9937E-05 9.9937E-05 0.165926
0.773084 9.99279E-05 0.0391401 9.99279E-05 9.99279E-05 9.99279E-05 9.99279E-05 0.186976 9.99279E-05 9.99279E-05 9.99279E-05
0.586759 9.9964E-05 0.0753589 9.9964E-05 0.0639368 9.9964E-05 0.00262791 0.256029 9.9964E-05 0.0124765 0.00241118
0.813567 0.042625 9.99279E-05 9.99279E-05 9.99279E-05 9.99279E-05 9.99279E-05 9.99279E-05 9.99279E-05 9.99279E-05 0.143009
9.9964E-05 0.000819865 9.9964E-05 0.0156584 9.9964E-05 0.0158471 9.9964E-05 0.869626 0.0107079 0.0653505 0.0215903
0.759521 9.9928E-05 0.0821453 9.9928E-05 9.9928E-05 9.9928E-05 9.9928E-05 0.157534 9.9928E-05 9.9928E-05 9.9928E-05
0.00284929 0.462168 9.99461E-05 0.0111484 9.99461E-05 9.99461E-05 0.521428 9.99461E-05 0.00180645 9.99461E-05 9.99461E-05
0.0110054 0.0148476 0.00478358 9.9937E-05 9.9937E-05 9.9937E-05 0.968664 9.9937E-05 9.9937E-05 9.9937E-05 9.9937E-05
9.9946E-05 9.9946E-05 0.0200998 9.9946E-05 9.9946E-05 9.9946E-05 0.971981 0.00351193 0.00239016 9.9946E-05 0.00141758
9.99191E-05 9.99191E-05 9.99191E-05 9.99191E-05 9.99191E-05 0.02103 0.978071 9.99191E-05 9.99191E-05 9.99191E-05 9.99191E-05
0.00583064 0.0786604 0.00365647 9.9982E-05 0.584933 0.00860697 9.9982E-05 0.0256314 0.265563 0.0137284 0.0131903
9.9937E-05 9.9937E-05 9.9937E-05 9.9937E-05 0.706139 9.9937E-05 0.0142756 9.9937E-05 0.235949 9.9937E-05 0.0429371
9.9946E-05 0.0111703 9.9946E-05 9.9946E-05 0.602195 9.9946E-05 0.00280458 9.9946E-05 0.355408 9.9946E-05 0.0278221
9.99371E-05 0.0252062 9.99371E-05 9.99371E-05 0.682414 9.99371E-05 9.99371E-05 9.99371E-05 0.290126 0.00155473 9.99371E-05
0.00958143 9.9955E-05 9.9955E-05 0.831891 9.9955E-05 0.0235846 0.006156 9.9955E-05 9.9955E-05 0.0207583 0.107529
9.9928E-05 0.00975771 9.9928E-05 9.9928E-05 9.9928E-05 9.9928E-05 0.987834 9.9928E-05 9.9928E-05 0.00160856 9.9928E-05
9.9946E-05 0.915827 9.9946E-05 9.9946E-05 9.9946E-05 0.000131179 0.0333377 9.9946E-05 0.0157042 9.9946E-05 0.0344004
0.0227198 0.00238445 9.99461E-05 0.84506 0.122329 9.99461E-05 0.00690646 9.99461E-05 9.99461E-05 9.99461E-05 9.99461E-05
9.9955E-05 9.9955E-05 9.9955E-05 0.552261 0.239683 0.026113 0.030473 9.9955E-05 9.9955E-05 0.0322771 0.118693
9.9955E-05 0.0123305 9.9955E-05 0.333916 0.549393 0.0172523 0.00760168 9.9955E-05 0.0790068 9.9955E-05 9.9955E-05
9.9946E-05 9.9946E-05 9.9946E-05 0.778397 0.0822217 9.9946E-05 0.0443351 9.9946E-05 9.9946E-05 0.0639594 0.0304872
9.9946E-05 9.9946E-05 0.0171755 0.0199658 0.948536 9.9946E-05 0.0114689 9.9946E-05 9.9946E-05 9.9946E-05 0.00225436
0.0233475 0.0106925 9.9946E-05 0.863098 0.093699 9.9946E-05 0.00856324 9.9946E-05 9.9946E-05 9.9946E-05 9.9946E-05
9.9973E-05 0.0352165 0.0517884 0.0502039 0.82635 0.000660851 0.0211573 9.9973E-05 0.00248416 9.9973E-05 0.0118388
0.037616 9.9946E-05 9.9946E-05 0.00328273 0.94869 9.9946E-05 9.9946E-05 9.9946E-05 0.00617783 9.9946E-05 0.00363386
0.00815005 0.0272768 9.9955E-05 0.928372 0.0122903 9.9955E-05 9.9955E-05 9.9955E-05 9.9955E-05 0.016675 0.00673584
9.9937E-05 9.9937E-05 9.9937E-05 0.830528 0.120843 9.9937E-05 0.0110955 9.9937E-05 0.036834 9.9937E-05 9.9937E-05
0.0331835 9.9973E-05 0.0465744 0.581566 0.28283 0.0271475 0.00221132 9.9973E-05 0.00816284 0.0180241 9.9973E-05
9.9937E-05 9.9937E-05 9.9937E-05 0.870858 0.0757551 0.0308628 0.0218246 9.9937E-05 9.9937E-05 9.9937E-05 9.9937E-05
0.0258109 9.99461E-05 9.99461E-05 0.90098 0.0360149 9.99461E-05 9.99461E-05 9.99461E-05 0.0263232 0.0102718 9.99461E-05
9.99371E-05 9.99371E-05 0.0054845 9.99371E-05 0.928913 0.022266 9.99371E-05 9.99371E-05 0.0426366 9.99371E-05 9.99371E-05
9.9928E-05 0.0761349 9.9928E-05 9.9928E-05 0.387884 9.9928E-05 9.9928E-05 9.9928E-05 0.535182 9.9928E-05 9.9928E-05
0.0471429 9.99371E-05 9.99371E-05 0.829184 0.114141 9.99371E-05 9.99371E-05 9.99371E-05 0.00883207 9.99371E-05 9.99371E-05
0.00142165 0.0143463 9.9964E-05 0.128711 0.745983 9.9964E-05 0.0212803 9.9964E-05 0.0451512 0.0427069 9.9964E-05
0.0136804 9.9955E-05 9.9955E-05 0.896825 0.0604133 9.9955E-05 0.000786477 0.0163298 0.0114652 9.9955E-05 9.9955E-05
9.9919E-05 9.9919E-05 9.9919E-05 9.9919E-05 0.91933 9.9919E-05 9.9919E-05 9.9919E-05 0.0797709 9.9919E-05 9.9919E-05
9.99371E-05 9.99371E-05 0.00859306 0.849734 0.113214 9.99371E-05 9.99371E-05 0.0277599 9.99371E-05 9.99371E-05 9.99371E-05
9.99461E-05 0.00853746 9.99461E-05 0.000652195 0.944234 0.0334869 9.99461E-05 9.99461E-05 0.0124894 9.99461E-05 9.99461E-05
9.9946E-05 9.9946E-05 0.0939895 9.9946E-05 9.9946E-05 0.0647762 9.9946E-05 0.113644 9.9946E-05 0.0996032 0.627387
0.0209013 9.9928E-05 0.347359 9.9928E-05 9.9928E-05 9.9928E-05 9.9928E-05 0.63094 9.9928E-05 9.9928E-05 9.9928E-05
9.9919E-05 9.9919E-05 9.9919E-05 9.9919E-05 9.9919E-05 9.9919E-05 9.9919E-05 0.0388648 0.960236 9.9919E-05 9.9919E-05
9.9928E-05 0.00658876 9.9928E-05 0.918798 0.0738136 9.9928E-05 9.9928E-05 9.9928E-05 9.9928E-05 9.9928E-05 9.9928E-05
9.99461E-05 0.0125506 0.00788479 9.99461E-05 0.936161 0.0222014 9.99461E-05 9.99461E-05 0.0206026 9.99461E-05 9.99461E-05
0.0596406 0.274499 0.568578 9.9964E-05 0.0202206 0.0480423 9.9964E-05 9.9964E-05 0.0193321 9.9964E-05 0.00928706
0.000500554 9.9973E-05 9.9973E-05 0.543632 0.192995 0.0195771 0.0415245 9.9973E-05 0.056369 0.0274547 0.117647
0.0305962 0.0375598 9.9973E-05 0.356642 0.286721 0.0124517 0.0401614 9.9973E-05 0.224855 0.0107132 9.9973E-05
9.9955E-05 9.9955E-05 9.9955E-05 0.814797 0.0830732 0.00821546 0.0227864 0.0363811 9.9955E-05 9.9955E-05 0.0342474
0.675335 9.99279E-05 0.0988666 9.99279E-05 9.99279E-05 9.99279E-05 9.99279E-05 0.224999 9.99279E-05 9.99279E-05 9.99279E-05
0.0397829 9.9964E-05 0.249699 9.9964E-05 9.9964E-05 0.475106 9.9964E-05 0.0965592 0.0330061 0.0774122 0.0280346
0.0243236 0.220344 9.9937E-05 9.9937E-05 9.9937E-05 9.9937E-05 9.9937E-05 9.9937E-05 9.9937E-05 0.0139711 0.740662
0.0342754 0.0687495 9.9955E-05 9.9955E-05 0.148423 9.9955E-05 9.9955E-05 9.9955E-05 0.00639048 0.0066468 0.735015
0.0743619 0.0874195 9.99459E-05 9.99459E-05 0.1867 9.99459E-05 9.99459E-05 9.99459E-05 9.99459E-05 0.0351351 0.615784
0.0290011 0.0783979 9.99369E-05 9.99369E-05 0.0361013 9.99369E-05 9.99369E-05 9.99369E-05 9.99369E-05 9.99369E-05 0.8558
0.0164143 0.0141364 9.9964E-05 9.9964E-05 0.00836673 9.9964E-05 0.940227 0.0025737 0.0158352 9.9964E-05 0.00204717
9.9946E-05 9.9946E-05 9.9946E-05 9.9946E-05 0.0374899 0.00291732 0.943441 0.000259955 9.9946E-05 9.9946E-05 0.0152922
9.9946E-05 0.258015 9.9946E-05 0.0404192 0.0647698 9.9946E-05 0.0202195 9.9946E-05 0.615977 9.9946E-05 9.9946E-05
9.9955E-05 9.9955E-05 9.9955E-05 0.0191836 0.843561 9.9955E-05 0.0186589 9.9955E-05 0.112041 0.00420976 0.00184536
9.99459E-05 9.99459E-05 9.99459E-05 0.151142 0.0650543 9.99459E-05 0.00822654 9.99459E-05 9.99459E-05 0.742387 0.0325902
0.0906745 9.9928E-05 9.9928E-05 9.9928E-05 9.9928E-05 9.9928E-05 9.9928E-05 0.804672 9.9928E-05 0.103854 9.9928E-05
9.9946E-05 9.9946E-05 0.190138 0.00354484 9.9946E-05 0.181651 9.9946E-05 0.351061 9.9946E-05 0.273006 9.9946E-05
9.9928E-05 0.970483 0.0254599 9.9928E-05 0.00325808 9.9928E-05 9.9928E-05 9.9928E-05 9.9928E-05 9.9928E-05 9.9928E-05
9.9955E-05 0.654429 9.9955E-05 0.0237024 9.9955E-05 9.9955E-05 0.0255527 0.0180237 0.0266205 9.9955E-05 0.251172
0.0500517 0.631068 0.0100858 9.9973E-05 9.9973E-05 0.0475391 0.000538141 0.00321935 0.102166 9.9973E-05 0.155032
9.9937E-05 9.9937E-05 9.9937E-05 9.9937E-05 0.0100671 9.9937E-05 0.984934 9.9937E-05 9.9937E-05 0.0033925 0.000906765
9.9928E-05 9.9928E-05 0.100312 9.9928E-05 9.9928E-05 9.9928E-05 9.9928E-05 0.719054 9.9928E-05 0.179835 9.9928E-05
9.9937E-05 0.977815 9.9937E-05 0.00389489 0.00886722 0.00872354 9.9937E-05 9.9937E-05 9.9937E-05 9.9937E-05 9.9937E-05
0.00295232 9.9946E-05 0.0556853 9.9946E-05 9.9946E-05 9.9946E-05 9.9946E-05 0.043955 9.9946E-05 0.163583 0.733224
9.9928E-05 0.0240436 9.9928E-05 9.9928E-05 0.815527 9.9928E-05 9.9928E-05 9.9928E-05 0.15963 9.9928E-05 9.9928E-05
9.99191E-05 9.99191E-05 9.99191E-05 9.99191E-05 0.607408 9.99191E-05 9.99191E-05 9.99191E-05 0.391693 9.99191E-05 9.99191E-05
9.9964E-05 0.00366909 9.9964E-05 0.0367218 9.9964E-05 0.0303895 0.782175 0.0356266 9.9964E-05 0.0208959 0.0901225
9.9964E-05 0.0318279 9.9964E-05 0.0474207 9.9964E-05 0.0275423 0.782684 0.0184458 0.00549703 9.9964E-05 0.0861826
0.0225515 0.0266025 9.9982E-05 0.00260282 0.00581316 0.0262676 0.849643 0.0113707 0.0116977 9.9982E-05 0.0432516
9.99371E-05 0.00892357 9.99371E-05 9.99371E-05 9.99371E-05 9.99371E-05 0.969429 0.0167513 9.99371E-05 9.99371E-05 0.00419648
9.9946E-05 9.9946E-05 9.9946E-05 0.00173855 0.000599138 9.9946E-05 0.979305 9.9946E-05 0.00069729 9.9946E-05 0.0170604
0.00183856 9.99371E-05 0.006816 9.99371E-05 9.99371E-05 9.99371E-05 0.986012 0.00463367 9.99371E-05 9.99371E-05 9.99371E-05
9.99191E-05 9.99191E-05 9.99191E-05 9.99191E-05 9.99191E-05 9.99191E-05 0.978713 9.99191E-05 9.99191E-05 9.99191E-05 0.0203879
9.9928E-05 9.9928E-05 9.9928E-05 9.9928E-05 0.011783 9.9928E-05 0.978532 0.00888561 9.9928E-05 9.9928E-05 9.9928E-05
0.0054014 9.9937E-05 0.028591 9.9937E-05 9.9937E-05 9.9937E-05 0.962478 0.00282973 9.9937E-05 9.9937E-05 9.9937E-05
9.9937E-05 9.9937E-05 0.0141005 9.9937E-05 9.9937E-05 9.9937E-05 0.979346 9.9937E-05 0.0024882 0.00336591 9.9937E-05
9.9964E-05 0.00579615 9.9964E-05 0.0194423 0.00638711 9.9964E-05 0.931402 9.9964E-05 0.00258274 0.0272182 0.00677141
9.9973E-05 0.00255444 9.9973E-05 0.00321558 0.00944402 0.00169825 0.923602 9.9973E-05 0.00990544 0.0389839 0.0102969
9.9964E-05 0.0164244 0.00664062 0.0116309 0.0103067 9.9964E-05 0.932901 0.00435922 9.9964E-05 0.0173369 9.9964E-05
9.99461E-05 9.99461E-05 9.99461E-05 0.383617 0.0658961 0.00770768 0.524097 9.99461E-05 9.99461E-05 0.018083 9.99461E-05
9.99281E-05 9.99281E-05 9.99281E-05 0.405125 0.0468512 9.99281E-05 0.547225 9.99281E-05 9.99281E-05 9.99281E-05 9.99281E-05
9.99281E-05 9.99281E-05 9.99281E-05 9.99281E-05 0.00405427 9.99281E-05 0.988994 9.99281E-05 9.99281E-05 0.00615233 9.99281E-05
0.00877077 9.9937E-05 9.9937E-05 9.9937E-05 9.9937E-05 9.9937E-05 0.928751 9.9937E-05 9.9937E-05 0.0238258 0.0379525
0.0656756 9.99281E-05 9.99281E-05 9.99281E-05 9.99281E-05 9.99281E-05 0.916352 9.99281E-05 9.99281E-05 9.99281E-05 0.0171734
0.0200869 9.9973E-05 0.00482751 0.00521993 9.9973E-05 0.0152488 0.926781 0.0132003 9.9973E-05 0.0131989 0.0011363
0.00108062 9.99194E-05 9.99194E-05 9.99194E-05 9.99194E-05 9.99194E-05 0.99802 9.99194E-05 9.99194E-05 9.99194E-05 9.99194E-05
9.99281E-05 9.99281E-05 9.99281E-05 0.408957 0.0335441 9.99281E-05 0.5567 9.99281E-05 9.99281E-05 9.99281E-05 9.99281E-05
9.9973E-05 0.040116 0.00576675 0.0635842 0.0169163 0.0170503 0.812717 0.0216183 0.0219316 9.9973E-05 9.9973E-05
9.9946E-05 0.0164228 0.0151602 9.9946E-05 9.9946E-05 9.9946E-05 0.914537 9.9946E-05 0.0349152 9.9946E-05 0.0183651
0.00507254 9.9937E-05 9.9937E-05 9.9937E-05 9.9937E-05 0.0109161 0.952759 9.9937E-05 9.9937E-05 9.9937E-05 0.0305531
9.9955E-05 0.00930763 0.0288372 9.9955E-05 9.9955E-05 9.9955E-05 0.927917 0.00873324 9.9955E-05 0.00993158 0.014774
9.9964E-05 0.0205768 9.9964E-05 0.0284177 0.0163309 0.00377946 0.885239 0.00574299 9.9964E-05 9.9964E-05 0.0395129
0.0192766 0.00613037 9.9946E-05 9.9946E-05 0.00779254 9.9946E-05 0.941717 9.9946E-05 9.9946E-05 9.9946E-05 0.0244836
0.214269 0.130479 9.9955E-05 0.554448 9.9955E-05 0.00693319 9.9955E-05 0.0776298 0.0157413 9.9955E-05 9.9955E-05
0.046536 9.9937E-05 9.9937E-05 0.0306132 9.9937E-05 9.9937E-05 0.91223 9.9937E-05 9.9937E-05 0.00992114 9.9937E-05
0.0171464 9.9928E-05 9.9928E-05 9.9928E-05 0.00167161 9.9928E-05 0.980383 9.9928E-05 9.9928E-05 9.9928E-05 9.9928E-05
0.0335767 0.0154933 0.118177 0.0726541 0.00469798 9.9973E-05 0.710338 9.9973E-05 9.9973E-05 0.0205627 0.0242001
9.99101E-05 9.99101E-05 9.99101E-05 9.99101E-05 9.99101E-05 9.99101E-05 0.999001 9.99101E-05 9.99101E-05 9.99101E-05 9.99101E-05
9.9946E-05 9.9946E-05 9.9946E-05 0.0186509 0.000870395 0.000193263 0.976493 0.00319324 9.9946E-05 9.9946E-05 9.9946E-05
0.016328 9.99461E-05 9.99461E-05 9.99461E-05 0.00579833 0.0058741 0.969226 9.99461E-05 9.99461E-05 0.00217371 9.99461E-05
9.9946E-05 0.00330035 9.9946E-05 9.9946E-05 0.020705 9.9946E-05 0.944938 0.0295651 9.9946E-05 0.000891483 9.9946E-05
0.00264464 9.99572E-05 0.00530516 0.90887 9.99572E-05 0.0191821 0.0236275 9.99572E-05 0.0398707 9.99572E-05 9.99572E-05
9.99101E-05 9.99101E-05 9.99101E-05 9.99101E-05 9.99101E-05 9.99101E-05 0.999001 9.99101E-05 9.99101E-05 9.99101E-05 9.99101E-05
9.99281E-05 9.99281E-05 9.99281E-05 9.99281E-05 9.99281E-05 9.99281E-05 0.956192 9.99281E-05 0.00430567 9.99281E-05 0.0387032
9.99191E-05 9.99191E-05 9.99191E-05 9.99191E-05 9.99191E-05 0.00854825 0.990552 9.99191E-05 9.99191E-05 9.99191E-05 9.99191E-05
0.0389464 9.99279E-05 9.99279E-05 0.598269 9.99279E-05 9.99279E-05 9.99279E-05 9.99279E-05 0.361985 9.99279E-05 9.99279E-05
0.00486445 9.9955E-05 9.9955E-05 0.00499075 9.9955E-05 0.023814 0.930832 0.0227154 9.9955E-05 9.9955E-05 0.0122841
0.00184906 9.9955E-05 9.9955E-05 9.9955E-05 0.0123348 0.0131993 0.935152 9.9955E-05 0.0156384 9.9955E-05 0.0213271
0.0183618 9.9937E-05 0.0211201 0.00316515 9.9937E-05 9.9937E-05 0.956653 9.9937E-05 9.9937E-05 9.9937E-05 9.9937E-05
0.0150047 9.9919E-05 9.9919E-05 9.9919E-05 9.9919E-05 9.9919E-05 0.984096 9.9919E-05 9.9919E-05 9.9919E-05 9.9919E-05
9.9946E-05 9.9946E-05 9.9946E-05 0.596989 0.291807 9.9946E-05 0.0228282 9.9946E-05 9.9946E-05 0.0365249 0.0512513
9.99191E-05 9.99191E-05 0.00557497 9.99191E-05 9.99191E-05 9.99191E-05 0.993526 9.99191E-05 9.99191E-05 9.99191E-05 9.99191E-05
0.0685909 9.9946E-05 0.00797285 9.9946E-05 9.9946E-05 9.9946E-05 0.912768 0.00757366 9.9946E-05 9.9946E-05 0.0024945
9.99281E-05 9.99281E-05 9.99281E-05 0.444573 0.0528886 9.99281E-05 0.501739 9.99281E-05 9.99281E-05 9.99281E-05 9.99281E-05
9.9946E-05 0.00417196 0.00670331 0.00915824 0.00573639 9.9946E-05 0.97363 9.9946E-05 9.9946E-05 9.9946E-05 9.9946E-05
0.00454519 0.00923654 9.9964E-05 0.184564 0.623299 9.9964E-05 0.0190799 9.9964E-05 0.127993 0.0308826 9.9964E-05
9.9955E-05 0.00198634 9.9955E-05 0.230168 0.613389 9.9955E-05 9.9955E-05 0.0176384 0.109791 0.026528 9.9955E-05
0.0128015 0.00377573 0.0400558 9.9973E-05 0.740146 9.9973E-05 0.00670892 0.00902227 0.161208 9.9973E-05 0.0259817
9.9973E-05 0.0201889 0.0275969 0.859073 0.0461715 9.9973E-05 0.0349065 0.00357445 0.00452682 0.00366147 9.9973E-05
9.9973E-05 0.763243 9.9973E-05 9.9973E-05 0.0419244 0.0258764 0.0710706 0.021277 0.0124513 0.0118532 0.0520045
9.9955E-05 0.0223118 0.0239158 0.0209459 0.818364 9.9955E-05 0.0284152 9.9955E-05 0.0855476 9.9955E-05 9.9955E-05
0.0237159 0.36547 0.00524811 0.178201 0.232975 0.0193343 9.9982E-05 0.0133544 0.12952 0.031981 9.9982E-05
9.9973E-05 0.0173823 0.0152693 0.120347 0.727748 0.0135819 0.0103763 0.0117175 0.0832776 9.9973E-05 9.9973E-05
0.0256883 0.0297036 9.9973E-05 0.207982 0.648655 0.0253698 9.9973E-05 0.00588309 0.010561 0.0458575 9.9973E-05
9.9964E-05 0.0386263 9.9964E-05 0.169765 0.615654 0.0147971 0.0203956 9.9964E-05 0.113615 0.0267477 9.9964E-05
9.9973E-05 0.013953 0.0115026 0.248354 0.579715 0.0294461 9.9973E-05 0.0131773 0.0477689 0.0557834 9.9973E-05
9.9955E-05 0.0166892 9.9955E-05 0.283864 0.584639 0.0535198 0.0307187 0.0300698 9.9955E-05 9.9955E-05 9.9955E-05
9.9964E-05 0.0128155 0.0144224 9.9964E-05 0.854918 9.9964E-05 0.0161205 0.0212302 0.0754436 0.00464996 9.9964E-05
0.0108444 0.0771637 0.0059012 9.9964E-05 0.568988 0.00935677 0.0319107 9.9964E-05 0.295435 9.9964E-05 9.9964E-05
0.0169308 0.0664535 9.99551E-05 9.99551E-05 0.654918 9.99551E-05 0.0126804 0.0103548 0.238163 9.99551E-05 9.99551E-05
9.9982E-05 0.00985327 0.0116679 0.717648 0.093786 0.0381846 0.0364185 9.9982E-05 0.0194336 0.0672484 0.00555993
9.9919E-05 0.0207026 0.978398 9.9919E-05 9.9919E-05 9.9919E-05 9.9919E-05 9.9919E-05 9.9919E-05 9.9919E-05 9.9919E-05
0.0081728 9.9946E-05 0.905593 9.9946E-05 9.9946E-05 9.9946E-05 0.0233084 9.9946E-05 9.9946E-05 0.0377413 0.0245844
9.99549E-05 9.99549E-05 0.238364 9.99549E-05 9.99549E-05 0.0286157 9.99549E-05 0.579887 0.0176867 0.0877798 0.0471673
0.0372081 0.293373 9.9982E-05 0.327517 0.0275339 0.0156756 0.0867968 9.9982E-05 0.0953007 0.0784411 0.0379545
0.0305678 9.9955E-05 0.898309 9.9955E-05 0.00739204 0.0214883 9.9955E-05 9.9955E-05 9.9955E-05 0.00494684 0.0367959
0.0334111 9.9946E-05 0.870638 9.9946E-05 9.9946E-05 9.9946E-05 0.0197426 9.9946E-05 9.9946E-05 0.0209868 0.0546214
0.0174234 0.113901 0.0192032 0.16633 9.9982E-05 9.9982E-05 0.117883 0.0322334 0.514831 0.0101993 0.00779579
9.9955E-05 9.9955E-05 0.216317 9.9955E-05 9.9955E-05 0.233366 9.9955E-05 0.39139 0.0185076 0.127384 0.0125355
9.9982E-05 0.0182984 0.120354 0.0268709 9.9982E-05 0.283438 0.00133665 0.404691 0.0176827 0.120962 0.00616741
0.0239355 0.0167399 0.0649726 9.9973E-05 9.9973E-05 0.368743 9.9973E-05 0.429583 0.0013715 0.062903 0.0314513
9.9955E-05 0.0609042 9.9955E-05 0.038258 9.9955E-05 0.567077 9.9955E-05 0.228011 9.9955E-05 0.0239148 0.0813355
9.9973E-05 0.013496 9.9973E-05 0.0206313 0.00944407 0.580452 0.0178259 0.265298 9.9973E-05 0.015723 0.0768298
0.0300231 0.00259416 0.0692837 0.0466548 9.9973E-05 0.387105 9.9973E-05 0.419937 9.9973E-05 0.0058175 0.0382851
0.0267644 0.774251 0.00190835 9.99459E-05 9.99459E-05 0.0297088 9.99459E-05 9.99459E-05 9.99459E-05 9.99459E-05 0.166768
9.9946E-05 9.9946E-05 0.322203 0.0107425 9.9946E-05 0.0240328 9.9946E-05 0.615205 0.027217 9.9946E-05 9.9946E-05
9.9964E-05 9.9964E-05 0.0179296 0.863583 0.0207842 9.9964E-05 0.0104387 0.00172588 0.0109973 9.9964E-05 0.0741415
9.9955E-05 0.00670056 0.000360826 0.926715 9.9955E-05 9.9955E-05 0.0319013 0.0148941 0.0189288 9.9955E-05 9.9955E-05
0.0161927 9.9964E-05 0.0682301 0.0062669 9.9964E-05 9.9964E-05 0.0277466 0.795351 9.9964E-05 0.0588569 0.0269563
0.0425716 0.0245711 0.0781841 0.189665 0.138272 0.105107 0.109996 0.129029 0.0476918 0.0805137 0.0544001
0.0112337 0.790565 0.0453695 0.0372878 0.0293887 0.0177622 9.9973E-05 9.9973E-05 9.9973E-05 0.0221168 0.0459763
0.0154634 9.9964E-05 0.0279834 0.00105813 0.00112746 0.00362198 9.9964E-05 0.0240805 0.926265 9.9964E-05 9.9964E-05
0.0296796 0.0577032 9.9964E-05 0.790729 0.0579001 0.0320536 0.0211561 9.9964E-05 0.0103784 9.9964E-05 9.9964E-05
0.0146587 9.9955E-05 0.220224 0.0252165 9.9955E-05 0.0187609 9.9955E-05 0.00711581 0.713524 9.9955E-05 9.9955E-05
0.0104237 0.803395 0.0496931 0.0405585 9.9946E-05 9.9946E-05 9.9946E-05 9.9946E-05 0.0953303 9.9946E-05 9.9946E-05
0.0639393 0.010473 0.687915 0.0560292 9.9955E-05 0.155434 9.9955E-05 9.9955E-05 0.0257093 9.9955E-05 9.9955E-05
9.9955E-05 0.868175 0.0163436 9.9955E-05 9.9955E-05 9.9955E-05 0.00303238 0.000550467 9.9955E-05 0.0197107 0.0916884
9.9964E-05 9.9964E-05 9.9964E-05 0.0917991 0.118802 0.0263559 0.0748119 9.9964E-05 0.0126054 0.328514 0.346711
0.0135505 9.9946E-05 9.9946E-05 0.902471 9.9946E-05 0.00968719 0.0151412 9.9946E-05 0.0585502 9.9946E-05 9.9946E-05
9.9946E-05 0.0245249 0.270983 9.9946E-05 0.0540172 9.9946E-05 0.0196038 0.630272 9.9946E-05 9.9946E-05 9.9946E-05
9.9946E-05 9.9946E-05 9.9946E-05 9.9946E-05 0.0112689 0.007334 9.9946E-05 0.375429 0.580417 0.0249506 9.9946E-05
9.9946E-05 9.9946E-05 9.9946E-05 0.0281842 0.0137883 0.0480904 9.9946E-05 0.886519 0.0228182 9.9946E-05 9.9946E-05
0.206224 0.265691 0.0312868 0.0416117 0.110949 0.0340316 0.0447615 0.0103895 0.254855 9.9982E-05 9.9982E-05
0.0119911 9.9955E-05 9.9955E-05 9.9955E-05 0.00156192 0.0181772 0.000573646 0.966002 9.9955E-05 9.9955E-05 0.00119404
9.9946E-05 0.905093 9.9946E-05 0.00213318 0.0486457 9.9946E-05 9.9946E-05 0.0254885 0.0180398 9.9946E-05 9.9946E-05
9.9955E-05 0.0584991 9.9955E-05 0.0470366 0.0478894 0.00550599 0.0445792 0.79599 9.9955E-05 9.9955E-05 9.9955E-05
9.9946E-05 0.0817235 9.9946E-05 9.9946E-05 0.0427115 9.9946E-05 0.0460999 0.819486 9.9946E-05 9.9946E-05 0.00937943
0.0220059 0.0519344 9.9964E-05 0.79665 0.0185889 0.0107988 9.9964E-05 0.065753 0.0338689 9.9964E-05 9.9964E-05
0.0301268 0.0259933 0.272839 0.390675 0.0901592 9.9982E-05 9.9982E-05 0.0103413 0.0717007 0.0589423 0.0490228
0.0458227 0.110022 0.0124967 0.310009 9.9973E-05 0.035512 0.0315086 0.0374607 0.416868 9.9973E-05 9.9973E-05
0.0526317 0.0200354 9.9973E-05 0.0058058 0.0211675 0.778628 0.0248443 0.0683483 9.9973E-05 0.0282391 9.9973E-05
9.9937E-05 9.9937E-05 9.9937E-05 9.9937E-05 9.9937E-05 0.900448 9.9937E-05 0.0053304 0.0442856 0.0492366 9.9937E-05
0.0265759 0.026926 9.9973E-05 0.0105145 0.00175465 0.835596 9.9973E-05 0.0068419 9.9973E-05 0.0887608 0.00273064
0.0123397 0.00790187 9.9973E-05 0.0126033 0.0235323 0.830224 0.0100518 9.9973E-05 9.9973E-05 0.0701064 0.0329405
0.0118237 9.9946E-05 9.9946E-05 0.940563 9.9946E-05 0.00888593 9.9946E-05 9.9946E-05 9.9946E-05 0.0284145 0.00971338
9.9946E-05 9.9946E-05 9.9946E-05 0.852137 0.0327232 9.9946E-05 9.9946E-05 0.0111763 9.9946E-05 0.0702078 0.0331556
0.0150848 0.0334031 9.9973E-05 0.734987 0.11357 0.0326285 0.0127122 9.9973E-05 9.9973E-05 0.000308116 0.0570065
0.0764922 0.00627391 0.165497 9.9955E-05 9.9955E-05 0.41693 9.9955E-05 0.271665 9.9955E-05 9.9955E-05 0.0626422
0.14197 0.0479514 0.0717247 0.175854 0.114048 0.0570773 0.0732389 0.107743 0.0612348 0.0164832 0.132674
9.9964E-05 0.0189313 9.9964E-05 0.356794 9.9964E-05 0.0092487 0.125765 9.9964E-05 0.00412883 0.295958 0.188774
0.0600794 9.9955E-05 9.9955E-05 0.674417 0.117277 9.9955E-05 0.0228403 9.9955E-05 9.9955E-05 0.0606418 0.0642447
9.9964E-05 9.9964E-05 0.00196509 0.621533 0.0822725 9.9964E-05 0.0886263 9.9964E-05 0.00257597 0.148508 0.0541189
0.0025864 9.9955E-05 9.9955E-05 0.708296 9.9955E-05 0.0443732 0.028802 9.9955E-05 9.9955E-05 0.138597 0.0768455
9.9955E-05 9.9955E-05 0.0351603 0.454856 9.9955E-05 9.9955E-05 0.138162 9.9955E-05 0.0486371 0.260023 0.0626608
0.0693804 9.9973E-05 0.03768 0.0284411 0.0194359 0.0203596 9.9973E-05 0.0351368 0.0361489 9.9973E-05 0.753117
9.9946E-05 0.0274735 9.9946E-05 0.00491186 0.607874 9.9946E-05 9.9946E-05 9.9946E-05 0.341404 0.0177365 9.9946E-05
0.0225314 0.084684 9.9955E-05 0.23602 0.286422 9.9955E-05 0.0595759 9.9955E-05 0.310268 9.9955E-05 9.9955E-05
0.0339232 9.9946E-05 9.9946E-05 9.9946E-05 0.013929 0.00231668 9.9946E-05 0.916772 9.9946E-05 0.0324599 9.9946E-05
0.0200638 0.0144098 9.9946E-05 9.9946E-05 0.0341616 9.9946E-05 9.9946E-05 0.862992 9.9946E-05 0.0677736 9.9946E-05
0.0425818 0.0244298 9.9946E-05 9.9946E-05 0.0366042 9.9946E-05 9.9946E-05 0.786804 9.9946E-05 0.108981 9.9946E-05
0.0720247 0.0141166 0.17881 9.9964E-05 9.9964E-05 0.165775 9.9964E-05 0.295097 9.9964E-05 0.198659 0.0751177
0.00951115 9.99278E-05 9.99278E-05 9.99278E-05 9.99278E-05 9.99278E-05 9.99278E-05 0.0143086 9.99278E-05 0.975381 9.99278E-05
9.99187E-05 9.99187E-05 9.99187E-05 9.99187E-05 9.99187E-05 9.99187E-05 9.99187E-05 0.00708442 9.99187E-05 0.992016 9.99187E-05
9.9955E-05 9.9955E-05 0.00995032 0.861598 0.0355852 0.00167675 9.9955E-05 9.9955E-05 9.9955E-05 0.0547609 0.0359289
9.9973E-05 9.9973E-05 0.00460772 0.78109 0.0263266 0.0133978 0.0255877 0.00353952 9.9973E-05 0.0800606 0.0650899
9.9964E-05 9.9964E-05 0.00130212 0.93485 0.0396296 9.9964E-05 0.00447713 0.00875071 9.9964E-05 0.00375545 0.00683527
9.9946E-05 0.702398 9.9946E-05 9.9946E-05 9.9946E-05 9.9946E-05 0.0011167 0.0269032 0.213778 9.9946E-05 0.0552049
9.9937E-05 9.9937E-05 9.9937E-05 9.9937E-05 9.9937E-05 0.0341245 0.0192069 0.932582 0.0133874 9.9937E-05 9.9937E-05
9.9955E-05 9.9955E-05 0.0328649 9.9955E-05 9.9955E-05 0.00240114 0.0222774 0.934059 0.00318759 9.9955E-05 0.00470981
9.9937E-05 9.9937E-05 0.105789 9.9937E-05 9.9937E-05 0.00468094 9.9937E-05 0.877921 0.0109097 9.9937E-05 9.9937E-05
9.9946E-05 9.9946E-05 0.128278 9.9946E-05 9.9946E-05 0.0223337 9.9946E-05 0.790573 0.0563283 0.00188758 9.9946E-05
0.0234822 9.9964E-05 0.078105 0.0183352 9.9964E-05 0.0158578 0.00999298 0.813983 0.0398445 9.9964E-05 9.9964E-05
9.9928E-05 9.9928E-05 0.000295827 9.9928E-05 9.9928E-05 9.9928E-05 9.9928E-05 0.0477114 0.951193 9.9928E-05 9.9928E-05
0.144457 0.00520682 0.298249 0.0487844 9.9973E-05 0.0794864 0.0504923 0.098814 9.9973E-05 0.274211 9.9973E-05
0.00824677 0.961306 9.9937E-05 9.9937E-05 0.0140322 9.9937E-05 9.9937E-05 9.9937E-05 9.9937E-05 0.0157156 9.9937E-05
0.000304963 9.9946E-05 9.9946E-05 9.9946E-05 9.9946E-05 9.9946E-05 9.9946E-05 0.0408447 0.942785 0.0111314 0.00433432
0.176538 0.0402925 9.9946E-05 0.748702 9.9946E-05 9.9946E-05 9.9946E-05 0.00543666 0.0284311 9.9946E-05 9.9946E-05
9.99188E-05 9.99188E-05 9.99188E-05 9.99188E-05 0.0487576 9.99188E-05 9.99188E-05 9.99188E-05 0.950343 9.99188E-05 9.99188E-05
9.99101E-05 9.99101E-05 9.99101E-05 9.99101E-05 9.99101E-05 9.99101E-05 9.99101E-05 9.99101E-05 0.999001 9.99101E-05 9.99101E-05
9.99101E-05 9.99101E-05 9.99101E-05 9.99101E-05 9.99101E-05 9.99101E-05 9.99101E-05 9.99101E-05 0.999001 9.99101E-05 9.99101E-05
9.9937E-05 9.9937E-05 9.9937E-05 9.9937E-05 0.0234413 0.03747 0.0328362 0.905553 9.9937E-05 9.9937E-05 9.9937E-05
9.9928E-05 0.00645418 9.9928E-05 9.9928E-05 9.9928E-05 9.9928E-05 9.9928E-05 0.959416 0.0333307 9.9928E-05 9.9928E-05
0.784018 9.9928E-05 0.0589824 9.9928E-05 9.9928E-05 9.9928E-05 9.9928E-05 0.1562 9.9928E-05 9.9928E-05 9.9928E-05
9.9946E-05 9.9946E-05 0.0268393 9.9946E-05 9.9946E-05 9.9946E-05 0.0335798 0.918993 0.00341962 9.9946E-05 0.016569
9.99101E-05 9.99101E-05 9.99101E-05 9.99101E-05 9.99101E-05 9.99101E-05 9.99101E-05 0.999001 9.99101E-05 9.99101E-05 9.99101E-05
9.9928E-05 9.9928E-05 0.129649 9.9928E-05 9.9928E-05 9.9928E-05 9.9928E-05 0.251485 0.618066 9.9928E-05 9.9928E-05
9.9946E-05 9.9946E-05 0.0947132 0.0156253 9.9946E-05 0.0302557 9.9946E-05 0.735958 9.9946E-05 0.122848 9.9946E-05
0.00572133 9.9946E-05 0.0995426 0.0217846 9.9946E-05 9.9946E-05 9.9946E-05 0.711458 9.9946E-05 0.160894 9.9946E-05
0.117401 9.9973E-05 0.143493 0.0374862 0.0320323 9.9973E-05 0.0103971 0.0787655 9.9973E-05 0.361334 0.218792
9.9928E-05 0.853209 9.9928E-05 9.9928E-05 9.9928E-05 9.9928E-05 0.00538462 9.9928E-05 0.140607 9.9928E-05 9.9928E-05
0.0662368 0.0144073 0.172259 9.9946E-05 9.9946E-05 9.9946E-05 9.9946E-05 0.610996 0.135501 9.9946E-05 9.9946E-05
9.9964E-05 0.0159829 0.184225 0.293348 0.0148569 0.061874 0.393287 9.9964E-05 0.0360259 9.9964E-05 9.9964E-05
9.9928E-05 9.9928E-05 0.281169 9.9928E-05 9.9928E-05 9.9928E-05 9.9928E-05 0.520014 0.198018 9.9928E-05 9.9928E-05
9.9946E-05 9.9946E-05 9.9946E-05 9.9946E-05 0.00800754 9.9946E-05 0.0248497 0.938334 0.0151582 9.9946E-05 0.0130511
9.99189E-05 9.99189E-05 9.99189E-05 9.99189E-05 9.99189E-05 0.00121716 9.99189E-05 9.99189E-05 0.997884 9.99189E-05 9.99189E-05
9.9946E-05 9.9946E-05 0.0142363 9.9946E-05 0.0920992 9.9946E-05 9.9946E-05 0.224438 0.608027 9.9946E-05 0.0605996
9.9937E-05 0.818305 9.9937E-05 0.0157675 9.9937E-05 9.9937E-05 9.9937E-05 9.9937E-05 0.0520375 9.9937E-05 0.113191
9.9937E-05 9.9937E-05 0.0137432 9.9937E-05 9.9937E-05 9.9937E-05 9.9937E-05 0.00397078 9.9937E-05 0.00145984 0.980127
9.99461E-05 9.99461E-05 9.99461E-05 0.00266029 0.971142 9.99461E-05 9.99461E-05 9.99461E-05 0.0190927 0.00620974 0.000295646
0.0417143 0.070972 9.9946E-05 9.9946E-05 0.13508 9.9946E-05 9.9946E-05 9.9946E-05 0.0206204 9.9946E-05 0.731014
9.9955E-05 0.834599 9.9955E-05 0.000268652 0.0219702 9.9955E-05 9.9955E-05 0.0258981 0.065893 9.9955E-05 0.0508717
9.9955E-05 0.844423 0.00125687 0.0159706 0.0311431 9.9955E-05 9.9955E-05 0.0412202 0.0654869 9.9955E-05 9.9955E-05
0.0478924 0.0606815 9.99369E-05 9.99369E-05 0.0488705 9.99369E-05 9.99369E-05 9.99369E-05 9.99369E-05 9.99369E-05 0.841856
0.137818 0.0477774 0.00178629 9.9964E-05 0.0886147 9.9964E-05 9.9964E-05 0.0336806 0.237503 9.9964E-05 0.452421
9.9937E-05 0.871133 9.9937E-05 9.9937E-05 9.9937E-05 9.9937E-05 0.00750575 9.9937E-05 0.0861228 9.9937E-05 0.0345389
0.105726 9.9973E-05 0.163794 0.0671513 9.9973E-05 0.0102512 0.0183578 0.0606812 9.9973E-05 0.350762 0.222977
9.9937E-05 0.0419415 9.9937E-05 0.881895 0.0678096 9.9937E-05 0.00765433 9.9937E-05 9.9937E-05 9.9937E-05 9.9937E-05
0.157879 0.0804718 9.99459E-05 0.733195 9.99459E-05 9.99459E-05 9.99459E-05 0.00770626 0.0201488 9.99459E-05 9.99459E-05
9.99101E-05 9.99101E-05 9.99101E-05 9.99101E-05 9.99101E-05 9.99101E-05 0.999001 9.99101E-05 9.99101E-05 9.99101E-05 9.99101E-05
0.167304 0.147956 9.9946E-05 0.633789 0.0195002 9.9946E-05 9.9946E-05 0.0308513 9.9946E-05 9.9946E-05 9.9946E-05
9.9946E-05 0.054927 9.9946E-05 0.830294 0.0581993 9.9946E-05 0.0182337 9.9946E-05 0.0377458 9.9946E-05 9.9946E-05
9.99281E-05 0.57606 9.99281E-05 0.34186 0.0812803 9.99281E-05 9.99281E-05 9.99281E-05 9.99281E-05 9.99281E-05 9.99281E-05
9.99461E-05 0.0452397 9.99461E-05 0.820484 0.0587512 9.99461E-05 0.0402441 9.99461E-05 0.0346814 9.99461E-05 9.99461E-05
0.0397682 9.9955E-05 9.9955E-05 0.221505 0.590195 0.0358902 0.0402313 9.9955E-05 9.9955E-05 9.9955E-05 0.0719106
9.9955E-05 0.00342121 0.0149931 0.915549 9.9955E-05 0.0110026 9.9955E-05 9.9955E-05 9.9955E-05 0.0353092 0.019225
9.99459E-05 9.99459E-05 9.99459E-05 0.104665 0.0619849 9.99459E-05 0.100826 9.99459E-05 9.99459E-05 0.298761 0.433164
0.0119574 0.0516952 9.9973E-05 0.0518673 0.175236 0.0326139 9.9973E-05 9.9973E-05 0.0254236 0.0784282 0.572478
0.0328571 0.0653805 9.99731E-05 0.178736 0.160984 9.99731E-05 0.0148285 9.99731E-05 0.177793 0.137377 0.231743
0.0179855 0.0121506 9.9973E-05 0.84211 0.0569676 9.9973E-05 0.0299567 0.0246124 0.00696483 9.9973E-05 0.00895232
9.9946E-05 0.00216946 0.132607 9.9946E-05 9.9946E-05 9.9946E-05 0.0155886 0.848376 9.9946E-05 9.9946E-05 0.000659403
0.00846876 9.9937E-05 9.9937E-05 9.9937E-05 0.952542 9.9937E-05 9.9937E-05 9.9937E-05 0.0332603 9.9937E-05 0.00502943
9.99459E-05 9.99459E-05 9.99459E-05 0.0959658 0.0369621 9.99459E-05 0.0559651 9.99459E-05 9.99459E-05 0.355372 0.455135
0.0144313 9.9937E-05 9.9937E-05 9.9937E-05 0.909298 9.9937E-05 9.9937E-05 9.9937E-05 0.0334927 9.9937E-05 0.042078
0.0252994 9.9937E-05 0.0531617 9.9937E-05 9.9937E-05 9.9937E-05 9.9937E-05 0.771826 9.9937E-05 0.149014 9.9937E-05
9.9937E-05 0.952734 9.9937E-05 9.9937E-05 9.9937E-05 9.9937E-05 0.00582644 9.9937E-05 0.0339526 0.00678775 9.9937E-05
0.00226544 9.9937E-05 0.0048907 9.9937E-05 9.9937E-05 0.00613905 0.986005 9.9937E-05 9.9937E-05 9.9937E-05 9.9937E-05
9.9982E-05 0.0514471 0.113793 0.0499481 9.9982E-05 0.000952806 0.708405 0.00317832 0.00434206 0.0319934 0.0357409
9.99371E-05 9.99371E-05 9.99371E-05 0.964938 0.00486652 9.99371E-05 0.0240163 9.99371E-05 9.99371E-05 9.99371E-05 0.00547997
9.9946E-05 0.0881792 9.9946E-05 0.243633 0.301027 9.9946E-05 0.0356866 9.9946E-05 0.330874 9.9946E-05 9.9946E-05
0.000963598 0.998137 9.9919E-05 9.9919E-05 9.9919E-05 9.9919E-05 9.9919E-05 9.9919E-05 9.9919E-05 9.9919E-05 9.9919E-05
0.00450368 0.994597 9.9919E-05 9.9919E-05 9.9919E-05 9.9919E-05 9.9919E-05 9.9919E-05 9.9919E-05 9.9919E-05 9.9919E-05
0.136906 0.0753547 0.051086 0.00835012 0.277903 0.0336044 9.9991E-05 0.0372424 0.361153 0.0138643 0.00443612
0.0191353 0.045135 9.9955E-05 0.27858 0.362882 9.9955E-05 0.0220426 9.9955E-05 0.271725 9.9955E-05 9.9955E-05
0.0457363 9.9937E-05 9.9937E-05 9.9937E-05 9.9937E-05 9.9937E-05 9.9937E-05 0.826838 9.9937E-05 0.114837 0.0118887
9.99101E-05 9.99101E-05 9.99101E-05 9.99101E-05 9.99101E-05 9.99101E-05 9.99101E-05 9.99101E-05 9.99101E-05 0.999001 9.99101E-05
9.9937E-05 9.9937E-05 0.105671 9.9937E-05 9.9937E-05 0.176367 9.9937E-05 0.454054 9.9937E-05 0.263209 9.9937E-05
9.9955E-05 9.9955E-05 0.181055 0.00486881 9.9955E-05 0.27578 0.0603559 9.9955E-05 0.0235601 0.45388 9.9955E-05
9.9946E-05 9.9946E-05 0.165419 9.9946E-05 9.9946E-05 0.259442 0.0327242 9.9946E-05 0.0378432 0.503972 9.9946E-05
9.9946E-05 0.00131093 0.269337 9.9946E-05 9.9946E-05 0.171935 9.9946E-05 0.172598 9.9946E-05 0.384219 9.9946E-05
9.99101E-05 9.99101E-05 9.99101E-05 9.99101E-05 9.99101E-05 9.99101E-05 9.99101E-05 9.99101E-05 9.99101E-05 0.999001 9.99101E-05
0.0338505 0.0265783 0.187356 0.00340613 0.00834837 0.304425 0.0230627 0.0497081 0.00103781 0.362127 9.9991E-05
9.9946E-05 9.9946E-05 0.376882 0.00477432 9.9946E-05 0.160935 9.9946E-05 0.0870916 9.9946E-05 0.369718 9.9946E-05
9.9973E-05 0.0644226 9.9973E-05 0.0227899 0.0142582 0.00736584 0.0498107 9.9973E-05 0.00847077 0.552021 0.280561
0.0292006 9.9946E-05 0.204812 9.9946E-05 9.9946E-05 0.156692 9.9946E-05 0.238782 9.9946E-05 0.369914 9.9946E-05
0.00439381 0.0192527 9.9982E-05 0.0932071 0.00594054 0.0211723 0.0423835 9.9982E-05 0.00955219 0.558099 0.245799
0.0714945 0.103876 9.9946E-05 9.9946E-05 0.125355 9.9946E-05 0.0109312 9.9946E-05 9.9946E-05 9.9946E-05 0.687743
0.869833 9.99369E-05 9.99369E-05 9.99369E-05 9.99369E-05 9.99369E-05 0.0291441 9.99369E-05 0.0111089 9.99369E-05 0.0892144
0.0122077 9.9982E-05 0.198271 9.9982E-05 0.0559671 0.0775448 0.00567722 0.192908 0.0123578 0.384547 0.0603192
0.0272252 0.00169809 0.145472 0.00501381 0.0858976 0.116599 0.0222985 0.157786 9.9991E-05 0.337256 0.100653
9.99101E-05 9.99101E-05 9.99101E-05 9.99101E-05 9.99101E-05 9.99101E-05 9.99101E-05 9.99101E-05 9.99101E-05 0.999001 9.99101E-05
9.99459E-05 9.99459E-05 0.218665 9.99459E-05 9.99459E-05 0.152296 0.00679838 0.209805 9.99459E-05 0.411836 9.99459E-05
9.99371E-05 9.99371E-05 9.99371E-05 0.112858 0.86821 9.99371E-05 9.99371E-05 9.99371E-05 9.99371E-05 0.00264567 0.0155876
0.0451938 9.9946E-05 0.00454142 9.9946E-05 0.00497238 9.9946E-05 9.9946E-05 0.855446 9.9946E-05 0.0892465 9.9946E-05
9.9964E-05 0.0206358 0.152266 0.0028165 9.9964E-05 0.271278 0.0208808 9.9964E-05 0.0216343 0.510088 9.9964E-05
0.0324411 9.9946E-05 0.281324 9.9946E-05 9.9946E-05 0.0372266 9.9946E-05 0.223136 9.9946E-05 0.425272 9.9946E-05
0.00362763 9.9964E-05 0.192403 0.00871733 9.9964E-05 0.285638 0.0145811 0.0780837 9.9964E-05 0.416549 9.9964E-05
0.046735 9.99569E-05 0.268796 9.99569E-05 9.99569E-05 0.232328 0.0099561 0.0819861 9.99569E-05 0.359698 9.99569E-05
0.200517 0.0834373 9.9937E-05 0.686074 9.9937E-05 9.9937E-05 9.9937E-05 9.9937E-05 0.029272 9.9937E-05 9.9937E-05
0.0617885 0.0368469 9.9982E-05 0.326721 0.441939 0.0485637 0.0582116 0.00334809 0.0120067 9.9982E-05 0.0103747
9.9946E-05 9.9946E-05 0.0575708 9.9946E-05 9.9946E-05 0.0245201 0.00988441 0.768833 9.9946E-05 0.138592 9.9946E-05
0.00437326 9.9928E-05 9.9928E-05 9.9928E-05 0.958487 9.9928E-05 9.9928E-05 9.9928E-05 9.9928E-05 9.9928E-05 0.03634
0.192724 0.0574986 9.99459E-05 0.669707 9.99459E-05 9.99459E-05 9.99459E-05 0.0270297 0.0524416 9.99459E-05 9.99459E-05
9.9937E-05 0.0239764 9.9937E-05 9.9937E-05 9.9937E-05 9.9937E-05 0.00818361 9.9937E-05 9.9937E-05 0.0837333 0.883407
9.9919E-05 9.9919E-05 9.9919E-05 9.9919E-05 9.9919E-05 9.9919E-05 0.00389803 0.995203 9.9919E-05 9.9919E-05 9.9919E-05
9.9928E-05 9.9928E-05 0.0389402 9.9928E-05 9.9928E-05 9.9928E-05 0.0162612 0.943999 9.9928E-05 9.9928E-05 9.9928E-05
9.9946E-05 9.9946E-05 0.00722237 9.9946E-05 0.00840887 0.049593 0.0482585 0.885918 9.9946E-05 9.9946E-05 9.9946E-05
9.99281E-05 9.99281E-05 9.99281E-05 9.99281E-05 9.99281E-05 0.0101859 0.00667944 0.982335 9.99281E-05 9.99281E-05 9.99281E-05
9.9955E-05 0.684832 9.9955E-05 0.0109861 9.9955E-05 9.9955E-05 9.9955E-05 0.0337691 0.189819 0.00183102 0.0782638
9.9955E-05 0.0125949 0.0602085 0.0717467 9.9955E-05 9.9955E-05 0.0375542 0.799537 0.0178591 9.9955E-05 9.9955E-05
0.177785 0.105857 9.9946E-05 0.696277 9.9946E-05 9.9946E-05 9.9946E-05 0.00878765 0.0106947 9.9946E-05 9.9946E-05
9.9928E-05 9.9928E-05 9.9928E-05 0.921744 9.9928E-05 9.9928E-05 9.9928E-05 9.9928E-05 9.9928E-05 0.0440338 0.0334231
9.9946E-05 0.000318846 9.9946E-05 0.832036 9.9946E-05 0.0418002 0.0282533 9.9946E-05 0.0969917 9.9946E-05 9.9946E-05
9.9973E-05 0.0190988 0.00573409 0.917 9.9973E-05 9.9973E-05 0.018192 0.00422829 0.0279078 0.00708726 0.000451727
0.00106713 9.9955E-05 9.9955E-05 0.880748 0.0401303 0.0245708 0.00591355 9.9955E-05 0.0470706 9.9955E-05 9.9955E-05
9.9964E-05 0.0045879 0.0290742 0.0871532 0.00475835 0.411577 0.056463 9.9964E-05 9.9964E-05 0.405987 9.9964E-05
9.9964E-05 0.0177897 0.0278732 0.0627569 0.0025739 0.401822 0.0744886 9.9964E-05 9.9964E-05 0.412295 9.9964E-05
9.9955E-05 0.0172122 9.9955E-05 0.0152485 0.00952478 0.912021 9.9955E-05 9.9955E-05 0.0159024 9.9955E-05 0.0295909
0.0392679 9.9946E-05 0.0141743 0.0451404 9.9946E-05 0.833919 9.9946E-05 0.0668988 9.9946E-05 9.9946E-05 9.9946E-05
0.0563566 9.9964E-05 0.00520758 0.0120374 0.00515767 0.909413 0.00607999 0.00534805 9.9964E-05 9.9964E-05 9.9964E-05
0.0464822 0.119795 9.9973E-05 0.00718174 0.0566879 0.298951 0.0124875 9.9973E-05 9.9973E-05 0.0291029 0.429012
9.9937E-05 9.9937E-05 9.9937E-05 9.9937E-05 0.0332154 0.943632 0.0153993 9.9937E-05 0.00705405 9.9937E-05 9.9937E-05
0.129751 0.090886 9.9973E-05 0.178955 0.168575 0.0721679 9.9973E-05 0.184642 0.109544 0.0651799 9.9973E-05
9.9928E-05 9.9928E-05 0.00749734 9.9928E-05 9.9928E-05 0.987489 9.9928E-05 9.9928E-05 0.00421455 9.9928E-05 9.9928E-05
9.9919E-05 9.9919E-05 0.0156387 9.9919E-05 9.9919E-05 0.983462 9.9919E-05 9.9919E-05 9.9919E-05 9.9919E-05 9.9919E-05
9.9937E-05 9.9937E-05 0.0306931 9.9937E-05 9.9937E-05 0.932303 0.021064 0.0152408 9.9937E-05 9.9937E-05 9.9937E-05
0.0338286 9.9955E-05 0.683887 0.0022097 9.9955E-05 0.215233 9.9955E-05 0.0147271 0.049615 9.9955E-05 9.9955E-05
9.99281E-05 9.99281E-05 9.99281E-05 9.99281E-05 9.99281E-05 0.989179 9.99281E-05 0.00679003 0.00323127 9.99281E-05 9.99281E-05
9.9955E-05 9.9955E-05 0.124241 0.015479 9.9955E-05 0.799009 0.0118765 0.0106282 0.0382667 9.9955E-05 9.9955E-05
0.010929 9.9946E-05 9.9946E-05 0.0636772 0.893481 0.0197129 9.9946E-05 9.9946E-05 9.9946E-05 0.0116005 9.9946E-05
0.0333954 0.0424339 9.9973E-05 0.209714 0.587167 0.0492007 0.0453468 0.00504321 9.9973E-05 9.9973E-05 0.0273997
0.0102783 9.9955E-05 9.9955E-05 0.667034 0.133889 0.0194627 9.9955E-05 9.9955E-05 9.9955E-05 0.0397152 0.129121
9.99461E-05 9.99461E-05 9.99461E-05 0.834969 0.0974389 9.99461E-05 0.0113828 0.0126617 9.99461E-05 9.99461E-05 0.0429485
9.9964E-05 0.0476731 9.9964E-05 0.0343961 0.0971433 0.0298328 9.9964E-05 9.9964E-05 0.0438085 0.0408742 0.705872
0.0539983 9.9982E-05 9.9982E-05 0.738409 0.0749719 0.0414131 0.0289692 0.00332326 0.00348112 0.00819868 0.0470357
9.9928E-05 9.9928E-05 9.9928E-05 9.9928E-05 0.92131 9.9928E-05 0.00618132 9.9928E-05 0.0717091 9.9928E-05 9.9928E-05
9.9937E-05 9.9937E-05 9.9937E-05 0.0233119 0.927333 9.9937E-05 9.9937E-05 9.9937E-05 0.0321313 0.0165237 9.9937E-05
0.0090912 0.10933 9.9946E-05 9.9946E-05 0.0515167 9.9946E-05 9.9946E-05 9.9946E-05 9.9946E-05 0.0166651 0.812798
9.9955E-05 9.9955E-05 9.9955E-05 0.712693 0.0359961 0.0249982 0.0349416 9.9955E-05 9.9955E-05 0.0920498 0.0988215
0.00944859 9.9982E-05 0.0224454 0.482948 0.108671 0.0053955 0.0932547 9.9982E-05 0.074486 0.0635169 0.139634
9.99552E-05 0.109318 9.99552E-05 0.0416061 0.0233357 9.99552E-05 0.0390141 9.99552E-05 9.99552E-05 0.243381 0.542846
0.0478529 0.0683288 9.9955E-05 9.9955E-05 0.0878943 0.00335206 9.9955E-05 9.9955E-05 9.9955E-05 0.0380761 0.753996
0.0279208 0.0884444 9.99549E-05 0.0377908 0.131589 9.99549E-05 9.99549E-05 9.99549E-05 9.99549E-05 0.0937721 0.619983
0.131401 0.0826544 9.99639E-05 0.197365 0.527895 0.0119812 0.000798089 0.0475047 9.99639E-05 9.99639E-05 9.99639E-05
0.0289668 0.135378 9.9973E-05 0.0195972 0.0739877 0.0128144 0.00212897 9.9973E-05 9.9973E-05 0.0160959 0.710731
0.007801 9.99369E-05 9.99369E-05 9.99369E-05 0.951484 0.0221246 9.99369E-05 9.99369E-05 9.99369E-05 0.0178913 9.99369E-05
9.9937E-05 9.9937E-05 0.0012334 9.9937E-05 9.9937E-05 9.9937E-05 9.9937E-05 0.0308547 0.00996041 9.9937E-05 0.957252
9.99191E-05 9.99191E-05 9.99191E-05 9.99191E-05 9.99191E-05 9.99191E-05 9.99191E-05 0.0250094 9.99191E-05 9.99191E-05 0.974091
0.0153791 0.0410125 0.132665 9.9973E-05 9.9973E-05 0.0661643 0.0298163 0.177961 9.9973E-05 0.338767 0.197934
0.0150804 0.151468 9.9946E-05 9.9946E-05 0.0232859 9.9946E-05 9.9946E-05 9.9946E-05 9.9946E-05 0.00133365 0.808233
0.0623898 0.0958007 9.99369E-05 9.99369E-05 0.0300652 9.99369E-05 9.99369E-05 9.99369E-05 9.99369E-05 9.99369E-05 0.811045
0.0459589 0.0840303 9.9937E-05 9.9937E-05 0.0696253 9.9937E-05 9.9937E-05 9.9937E-05 9.9937E-05 9.9937E-05 0.799686
