9.9991E-05 0.131699 0.0195427 0.661861 0.147106 0.0396913
0.0229215 0.145227 0.00443786 0.318568 0.475415 0.03343
0.0444928 0.152669 0.0334836 0.223425 0.449606 0.0963241
9.999E-05 0.148636 0.0238031 0.670363 0.116787 0.0403114
0.00901514 9.9982E-05 9.9982E-05 0.0406709 0.947353 0.00276048
0.068176 0.188025 0.00375791 0.292882 0.433147 0.0140124
0.0127675 9.9982E-05 0.511806 0.378761 9.9982E-05 0.0964656
9.9973E-05 9.9973E-05 0.989005 0.00872667 0.00196797 9.9973E-05
9.996E-05 9.996E-05 0.9995 9.996E-05 9.996E-05 9.996E-05
9.996E-05 9.996E-05 0.9995 9.996E-05 9.996E-05 9.996E-05
9.9982E-05 0.020742 9.9982E-05 0.0837044 0.0396707 0.855683
9.9973E-05 9.9973E-05 0.000531037 0.0862425 9.9973E-05 0.912927
0.000362697 9.9982E-05 0.0128204 0.0212755 9.9982E-05 0.965341
9.996E-05 9.996E-05 9.996E-05 9.996E-05 9.996E-05 0.9995
0.835942 0.0406552 0.0162023 0.107 9.9982E-05 9.9982E-05
9.9964E-05 9.9964E-05 0.997024 0.0025761 9.9964E-05 9.9964E-05
9.9973E-05 9.9973E-05 0.0148162 0.778935 9.9973E-05 0.205949
0.911073 9.9973E-05 0.00785273 9.9973E-05 9.9973E-05 0.0807742
0.601248 0.0574596 0.0109361 0.146263 9.9991E-05 0.183994
0.374433 9.9973E-05 0.0175065 9.9973E-05 9.9973E-05 0.607761
0.835569 0.00687877 0.0512576 0.0577695 9.9991E-05 0.0484256
0.0778518 0.0317908 0.0123634 9.9982E-05 9.9982E-05 0.877794
0.919498 9.9973E-05 0.00956145 9.9973E-05 9.9973E-05 0.0706408
0.14188 0.0201078 0.00524686 0.0479973 0.00329609 0.781472
0.0862957 9.9964E-05 9.9964E-05 9.9964E-05 9.9964E-05 0.913304
0.961094 9.9964E-05 9.9964E-05 0.0385065 9.9964E-05 9.9964E-05
0.884333 9.9973E-05 0.0173374 9.9973E-05 9.9973E-05 0.0980301
0.6487 0.0714946 9.9973E-05 9.9973E-05 9.9973E-05 0.279505
0.92211 0.0385828 0.0141922 9.9982E-05 9.9982E-05 0.0249151
0.943912 0.0160907 9.9973E-05 9.9973E-05 9.9973E-05 0.0396979
0.0462145 0.0211346 9.9973E-05 9.9973E-05 9.9973E-05 0.932351
0.0193761 9.9973E-05 9.9973E-05 0.0515035 9.9973E-05 0.928821
0.921369 9.9964E-05 9.9964E-05 9.9964E-05 9.9964E-05 0.0782312
0.183492 0.0104855 0.0340297 0.0255365 0.00597363 0.740483
0.960731 9.9973E-05 0.000136272 9.9973E-05 9.9973E-05 0.0388326
0.0230501 9.9964E-05 9.9964E-05 9.9964E-05 9.9964E-05 0.97655
0.929166 9.9973E-05 9.9973E-05 9.9973E-05 0.00888243 0.0616518
0.0283613 0.048688 9.9973E-05 9.9973E-05 9.9973E-05 0.922651
9.9982E-05 0.178132 0.00185543 0.6414 0.178413 9.9982E-05
9.9964E-05 0.159481 9.9964E-05 9.9964E-05 0.840119 9.9964E-05
9.9973E-05 9.9973E-05 9.9973E-05 0.0588587 0.108278 0.832563
0.967553 9.9964E-05 9.9964E-05 9.9964E-05 9.9964E-05 0.0320476
0.0533713 0.0247086 9.9973E-05 9.9973E-05 9.9973E-05 0.92162
9.9982E-05 0.388786 9.9982E-05 0.302738 0.222511 0.0857644
0.583584 0.0216894 0.06133 0.135083 9.9991E-05 0.198213
0.387665 0.0172562 0.0402799 0.0788159 9.9991E-05 0.475883
0.877544 9.9991E-05 0.0369032 0.0456839 0.00918771 0.0305809
0.0793073 0.18962 9.9982E-05 0.256303 0.47457 9.9982E-05
9.9982E-05 0.704486 9.9982E-05 0.0853028 0.209355 0.000655957
9.9964E-05 9.9964E-05 0.0060698 0.99353 9.9964E-05 9.9964E-05
9.9982E-05 0.00544654 0.00523898 0.863486 9.9982E-05 0.125629
0.00431389 0.00716419 0.0222541 0.815843 9.9991E-05 0.150325
9.9964E-05 9.9964E-05 0.0188841 0.980716 9.9964E-05 9.9964E-05
9.9973E-05 9.9973E-05 0.958878 9.9973E-05 0.0210891 0.0197327
9.9991E-05 0.00341595 0.940995 0.0331542 0.00899509 0.0133402
0.0141445 9.9982E-05 0.0425422 0.250341 9.9982E-05 0.692773
0.0568343 9.9973E-05 0.00332333 9.9973E-05 9.9973E-05 0.939542
0.241646 0.0754765 0.0631207 0.375469 0.223495 0.0207926
9.9964E-05 9.9964E-05 9.9964E-05 0.0416678 0.957932 9.9964E-05
0.0308929 0.389031 9.9991E-05 0.0536507 0.52034 0.00598511
9.9964E-05 9.9964E-05 9.9964E-05 0.783987 9.9964E-05 0.215613
0.012775 9.9982E-05 9.9982E-05 0.812625 0.00612912 0.168271
9.9973E-05 0.062202 9.9973E-05 0.732434 9.9973E-05 0.205064
9.9973E-05 9.9973E-05 0.962327 0.03367 9.9973E-05 0.00370279
9.9973E-05 0.0154955 9.9973E-05 0.0340853 0.950119 9.9973E-05
9.99639E-05 9.99639E-05 9.99639E-05 0.749956 9.99639E-05 0.249644
9.9982E-05 0.0872079 0.0169589 0.785494 0.110139 9.9982E-05
0.0459302 9.9964E-05 9.9964E-05 9.9964E-05 9.9964E-05 0.95367
9.996E-05 9.996E-05 9.996E-05 9.996E-05 9.996E-05 0.9995
0.0385787 0.0141777 0.800777 0.118602 0.0277646 9.9991E-05
0.0372777 0.0107645 0.817579 0.105458 0.0153009 0.0136205
0.0202977 9.9982E-05 0.877891 0.0506835 9.9982E-05 0.0509276
9.9973E-05 9.9973E-05 0.945001 0.0237381 0.030961 9.9973E-05
9.9964E-05 9.9964E-05 0.983298 0.0163018 9.9964E-05 9.9964E-05
9.9982E-05 9.9982E-05 0.974727 0.00889222 0.0123732 0.00380812
0.0114952 9.9973E-05 0.975017 9.9973E-05 0.0131877 9.9973E-05
0.00630118 0.00853071 0.973094 9.9982E-05 0.0118746 9.9982E-05
9.9982E-05 9.9982E-05 0.978086 0.0167788 0.00184641 0.00308915
9.996E-05 9.996E-05 0.9995 9.996E-05 9.996E-05 9.996E-05
9.9982E-05 9.9982E-05 0.935825 0.0517018 0.00426432 0.0080086
0.0110931 0.0135469 0.925974 0.0435142 9.9991E-05 0.00577186
0.0299066 0.00777505 0.942345 0.0133409 9.9991E-05 0.00653261
0.418023 9.9982E-05 0.547986 9.9982E-05 0.00740196 0.0263887
0.4402 9.9964E-05 0.5594 9.9964E-05 9.9964E-05 9.9964E-05
9.996E-05 9.996E-05 0.9995 9.996E-05 9.996E-05 9.996E-05
9.9964E-05 9.9964E-05 0.949146 0.0504538 9.9964E-05 9.9964E-05
9.9964E-05 9.9964E-05 0.949395 0.0502052 9.9964E-05 9.9964E-05
0.0233415 0.0334991 0.928684 9.9982E-05 0.0142758 9.9982E-05
9.996E-05 9.996E-05 0.9995 9.996E-05 9.996E-05 9.996E-05
0.442317 9.9973E-05 0.557039 9.9973E-05 9.9973E-05 0.000344267
0.0443967 0.0412225 0.86822 9.9991E-05 0.000118287 0.0459424
0.0165688 0.00322202 0.955939 9.9982E-05 9.9982E-05 0.0240701
9.9982E-05 0.00519426 0.977136 0.012684 9.9982E-05 0.00478579
9.9982E-05 0.0163437 0.933649 0.0260605 0.0237468 9.9982E-05
0.0361871 0.00457279 0.855994 0.0575883 0.0180104 0.0276469
9.9973E-05 9.9973E-05 0.969043 0.0276593 9.9973E-05 0.00299821
0.637113 0.053823 9.9991E-05 0.195499 0.112543 0.000921942
0.0349277 9.9973E-05 0.950494 9.9973E-05 0.0142785 9.9973E-05
9.9964E-05 9.9964E-05 0.994581 9.9964E-05 9.9964E-05 0.00501882
0.0588947 0.0823689 0.737128 0.0667405 0.0447985 0.0100691
9.9964E-05 9.9964E-05 0.994096 0.00550369 9.9964E-05 9.9964E-05
0.021108 9.9964E-05 0.978492 9.9964E-05 9.9964E-05 9.9964E-05
0.00408112 0.00771194 0.986171 0.00183602 9.9982E-05 9.9982E-05
0.0150645 0.0100651 0.967499 9.9982E-05 0.00717106 9.9982E-05
0.921573 0.0201318 0.025525 9.9991E-05 0.00467106 0.0279995
9.996E-05 9.996E-05 0.9995 9.996E-05 9.996E-05 9.996E-05
9.9973E-05 0.0115682 0.957753 0.030379 9.9973E-05 9.9973E-05
0.00424984 0.00875683 0.985676 9.9982E-05 9.9982E-05 0.00111762
0.617797 0.0170329 0.0013961 0.0517153 0.020926 0.291132
0.0269481 0.012355 0.91102 0.00858007 0.0409973 9.9991E-05
9.9973E-05 0.0114731 0.93957 9.9973E-05 9.9973E-05 0.0486569
0.0234624 0.0121326 0.947301 0.0169044 9.9982E-05 9.9982E-05
9.9973E-05 9.9973E-05 0.988181 0.0045939 9.9973E-05 0.00692489
0.687956 9.9982E-05 0.0261379 0.0405359 9.9982E-05 0.24517
9.996E-05 9.996E-05 0.9995 9.996E-05 9.996E-05 9.996E-05
9.9982E-05 0.00996439 0.917943 0.0479657 0.0239275 9.9982E-05
0.474482 9.9973E-05 0.505533 9.9973E-05 9.9973E-05 0.0196851
0.0163933 9.9964E-05 0.983207 9.9964E-05 9.9964E-05 9.9964E-05
0.219539 0.00217775 0.0302617 0.00670443 9.9991E-05 0.741217
0.306848 9.9973E-05 9.9973E-05 9.9973E-05 0.0242665 0.668586
0.0809385 0.00792977 0.00694344 9.9991E-05 0.0344241 0.869664
0.872269 9.9982E-05 0.0586927 9.9982E-05 0.0236604 0.0451776
9.9982E-05 9.9982E-05 0.0409516 0.731114 0.0182813 0.209453
0.0778405 9.9982E-05 0.027142 9.9982E-05 0.0302965 0.864521
0.174242 0.0716318 9.9991E-05 0.283906 0.0209909 0.449129
0.178145 9.9982E-05 0.0169273 9.9982E-05 0.0410982 0.763629
0.289366 0.0432279 9.99883E-05 9.99883E-05 0.0101335 0.657072
0.254618 0.014786 0.0222289 0.0134456 9.9991E-05 0.694822
0.346041 0.0344072 9.9982E-05 9.9982E-05 0.033306 0.586046
0.327924 0.0473781 0.0283468 9.9991E-05 0.0505074 0.545743
0.00581184 9.9982E-05 0.0373747 9.9982E-05 0.0294021 0.927211
9.9982E-05 0.0153973 0.0560134 9.9982E-05 0.0148175 0.913572
9.9982E-05 0.0178689 0.028327 9.9982E-05 0.0147004 0.938904
0.768908 0.0668795 0.0233372 0.0410456 0.00205422 0.0977759
0.00573811 0.508219 0.0084296 0.0584699 0.41463 0.00451256
0.007715 0.47863 0.0367668 0.0691321 0.407656 9.9991E-05
9.9991E-05 0.124048 0.0162729 0.104385 0.745366 0.00982865
0.354554 0.073417 0.0817478 0.341167 0.0152041 0.13391
9.9982E-05 0.509396 0.0320453 0.0892621 0.369097 9.9982E-05
0.0406883 0.458104 0.0360638 0.0608095 0.398091 0.00624321
0.170552 0.0184862 0.123862 0.136187 0.0664075 0.484505
0.0248901 0.426531 9.9991E-05 0.0143165 0.526061 0.00810153
0.034558 0.433035 0.000615057 0.0378915 0.478474 0.0154267
0.00159253 0.437231 0.00698164 0.0352809 0.495546 0.023368
0.0662439 0.585998 0.00968411 0.0982299 0.229489 0.0103553
0.0568402 0.605299 9.9982E-05 0.0776048 0.260056 9.9982E-05
0.0351551 0.435158 9.9991E-05 0.0438424 0.467463 0.0182819
0.022788 0.0382596 9.9982E-05 0.883184 9.9982E-05 0.0555684
0.041677 0.161204 9.9982E-05 0.00428869 0.792631 9.9982E-05
0.927403 9.9982E-05 0.005654 0.0442645 9.9982E-05 0.0224786
0.945486 0.00460331 0.000942281 9.9991E-05 0.0203798 0.028489
0.0242626 0.0254622 0.0219127 0.0188079 0.909455 9.9991E-05
0.147735 0.148145 0.123328 0.253863 0.193759 0.13317
9.9982E-05 0.0180435 9.9982E-05 0.72868 0.0289689 0.224107
9.9982E-05 0.0433159 9.9982E-05 0.0374287 0.0868034 0.832252
0.819339 0.064814 0.00308219 0.0391389 9.9991E-05 0.0735256
9.9991E-05 0.179981 0.031607 0.045795 0.110879 0.631638
0.0107623 0.0527199 9.9991E-05 0.69137 0.0102569 0.23479
0.0517163 0.59164 0.0225274 0.0400429 0.262039 0.032035
9.9982E-05 0.00875458 0.0132587 0.822387 9.9982E-05 0.1554
0.140728 0.114952 0.0679539 0.515358 0.0620708 0.0989369
0.968463 9.9973E-05 0.0295161 9.9973E-05 9.9973E-05 0.00172116
9.9982E-05 0.118112 0.0260065 9.9982E-05 0.799911 0.0557706
9.9982E-05 9.9982E-05 0.00408451 0.0128945 0.460038 0.522783
0.0581945 9.9982E-05 0.0279815 9.9982E-05 0.90116 0.0124644
0.0469407 0.108571 0.0296466 0.32294 0.0746078 0.417293
9.996E-05 9.996E-05 9.996E-05 9.996E-05 0.9995 9.996E-05
9.9964E-05 9.9964E-05 9.9964E-05 0.666605 9.9964E-05 0.332995
0.0817852 9.9991E-05 0.0157074 0.0112848 0.849508 0.0416144
0.0312271 9.9991E-05 0.0114204 0.0170201 0.875799 0.0644331
0.885432 0.00802531 0.00278971 0.00280657 0.0701897 0.0307568
0.414363 0.164783 0.0049055 0.114813 0.149514 0.15162
0.357421 0.0482044 0.0425741 0.105177 0.0754661 0.371158
0.0291236 0.847927 0.021028 0.0286623 0.0402157 0.0330438
9.9982E-05 0.936951 9.9982E-05 0.0101298 0.00907917 0.0436403
0.0208768 0.900655 9.9982E-05 0.0632013 9.9982E-05 0.0150674
0.0506532 0.870868 9.9982E-05 0.0601098 9.9982E-05 0.0181686
0.976365 0.0232347 9.9964E-05 9.9964E-05 9.9964E-05 9.9964E-05
0.922789 9.9982E-05 0.0202683 0.0294086 0.0273336 9.9982E-05
0.776614 0.0334576 0.0321401 0.0772451 9.9991E-05 0.0804434
9.9973E-05 0.518017 9.9973E-05 0.0978562 0.383827 9.9973E-05
0.219859 0.153239 0.170048 0.220861 0.14836 0.0876327
0.416744 0.110193 0.134044 0.316862 0.0220564 9.9991E-05
0.764279 9.9991E-05 0.0589743 0.0373178 0.0557245 0.0836042
0.671788 0.0309467 0.0869397 0.104973 0.031246 0.0741059
0.781115 0.0975573 0.0421384 0.0769079 0.00218095 9.9991E-05
0.541363 0.080754 0.140526 0.183256 0.0540009 9.9991E-05
0.0298119 0.0456937 0.0358817 0.777196 0.0868964 0.0245205
0.0252228 0.00317834 9.9982E-05 0.047899 9.9982E-05 0.9235
0.26015 0.011235 0.0535636 0.0577261 9.9991E-05 0.617226
9.996E-05 9.996E-05 9.996E-05 9.996E-05 0.9995 9.996E-05
9.9973E-05 9.9973E-05 9.9973E-05 0.0865756 0.909729 0.00339571
9.99731E-05 9.99731E-05 9.99731E-05 0.0476536 0.930467 0.021579
9.9982E-05 0.325511 0.00580786 0.200413 0.468068 9.9982E-05
0.034957 0.117684 0.0457215 0.442141 0.359396 9.9991E-05
0.0311528 0.115141 0.057667 0.418101 0.377838 9.9991E-05
0.922865 0.0223554 0.00986499 0.0433856 0.001429 9.9991E-05
0.808388 0.0510949 0.0353333 0.0719232 0.0191611 0.0140991
0.968646 9.9964E-05 9.9964E-05 9.9964E-05 9.9964E-05 0.0309544
9.9982E-05 9.9982E-05 0.00534269 0.666696 0.00632273 0.321438
0.0228457 0.00301036 9.9982E-05 9.9982E-05 0.968772 0.00517183
9.9964E-05 9.9964E-05 0.0139683 9.9964E-05 0.985632 9.9964E-05
9.9973E-05 0.0223836 9.9973E-05 9.9973E-05 0.967776 0.00954085
9.9982E-05 0.065198 9.9982E-05 0.00563568 0.878778 0.0501886
9.9982E-05 0.0494961 0.0349308 9.9982E-05 0.9073 0.00807303
9.9973E-05 9.9973E-05 9.9973E-05 0.0745933 0.0939273 0.831179
0.0644107 0.316872 0.0791737 0.162221 0.377222 9.9991E-05
9.99639E-05 9.99639E-05 9.99639E-05 0.774124 9.99639E-05 0.225476
9.9973E-05 9.9973E-05 9.9973E-05 0.0903668 0.0892216 0.820112
0.814639 0.0184732 9.9982E-05 0.119053 0.0476355 9.9982E-05
9.9964E-05 9.9964E-05 9.9964E-05 0.0628002 9.9964E-05 0.9368
9.9973E-05 9.9973E-05 0.00419305 0.11093 9.9973E-05 0.884577
9.9973E-05 9.9973E-05 0.0102593 0.109612 9.9973E-05 0.879829
0.0111107 9.9982E-05 0.0260926 9.9982E-05 0.926913 0.0356833
9.996E-05 9.996E-05 9.996E-05 9.996E-05 0.9995 9.996E-05
0.039259 0.192976 0.0198965 0.295751 0.420103 0.0320138
9.9973E-05 9.9973E-05 0.00646316 0.017191 0.976046 9.9973E-05
9.996E-05 9.996E-05 9.996E-05 9.996E-05 0.9995 9.996E-05
9.9982E-05 0.0265927 0.00550461 9.9982E-05 0.418127 0.549576
0.040991 0.060351 9.9982E-05 0.0195867 0.878871 9.9982E-05
0.0557391 0.0754057 9.9991E-05 0.0282879 0.839649 0.000817942
0.0881369 0.159489 0.0240236 0.457556 0.270694 9.9991E-05
9.9982E-05 0.00371457 0.00397293 0.713556 9.9982E-05 0.278557
9.9982E-05 0.100212 9.9982E-05 0.0459659 0.770672 0.08295
0.30293 0.20184 0.428884 9.9991E-05 0.0230017 0.0432438
9.9982E-05 0.0784589 9.9982E-05 0.020129 0.745118 0.156094
9.9964E-05 9.9964E-05 9.9964E-05 9.9964E-05 0.98237 0.0172302
9.9982E-05 0.00406963 9.9982E-05 0.0387869 0.0632316 0.893712
9.9982E-05 0.0023485 9.9982E-05 0.0886035 0.288027 0.620821
0.00373894 9.9973E-05 9.9973E-05 0.815383 9.9973E-05 0.180578
0.0112689 9.9973E-05 9.9973E-05 0.947531 0.0409 9.9973E-05
0.0800888 9.9964E-05 9.9964E-05 9.9964E-05 9.9964E-05 0.919511
9.9973E-05 9.9973E-05 0.00785557 0.864908 9.9973E-05 0.126936
0.0147181 9.9982E-05 9.9982E-05 0.70565 0.00479278 0.274639
9.9973E-05 9.9973E-05 9.9973E-05 0.66111 0.0345901 0.304
9.996E-05 9.996E-05 9.996E-05 0.9995 9.996E-05 9.996E-05
0.00100401 0.0550977 0.0140515 0.581093 0.0609987 0.287755
9.9964E-05 9.9964E-05 9.9964E-05 0.781754 9.9964E-05 0.217846
0.117358 0.149399 0.065403 0.403339 0.264401 9.9991E-05
0.967127 9.9973E-05 0.000862519 9.9973E-05 9.9973E-05 0.0317107
0.78828 0.02567 9.9982E-05 0.143837 0.0420131 9.9982E-05
9.996E-05 9.996E-05 0.9995 9.996E-05 9.996E-05 9.996E-05
0.683591 0.0148049 9.9991E-05 0.178166 0.0738008 0.0495371
0.875759 9.9973E-05 0.0199362 9.9973E-05 9.9973E-05 0.104005
0.364243 9.9973E-05 9.9973E-05 0.414345 9.9973E-05 0.221112
0.896028 9.9973E-05 0.0297578 9.9973E-05 9.9973E-05 0.0739146
0.285003 0.0405432 0.0292777 0.0861728 0.0112734 0.54773
0.969948 0.022515 9.9982E-05 0.00234444 0.00499265 9.9982E-05
0.163196 0.0520346 0.129107 0.647599 0.00796371 9.9991E-05
0.0790625 0.0666292 9.9982E-05 0.676229 9.9982E-05 0.177879
0.188425 0.0272742 0.0435963 0.378371 0.0333296 0.329004
0.914128 9.9991E-05 0.0148316 0.0234974 0.0159667 0.0314764
9.9973E-05 0.0451444 0.00793069 9.9973E-05 0.946625 9.9973E-05
0.079701 9.9973E-05 9.9973E-05 9.9973E-05 0.00983928 0.91016
0.173648 0.0816145 0.106562 0.612282 0.0257935 9.9991E-05
0.0797125 9.9964E-05 9.9964E-05 9.9964E-05 9.9964E-05 0.919888
9.9982E-05 0.0339212 9.9982E-05 0.0229558 0.936946 0.00597692
9.9973E-05 9.9973E-05 0.00708436 0.753682 9.9973E-05 0.238934
9.9982E-05 0.00324567 0.982269 0.0109569 0.00332796 9.9982E-05
0.0584364 0.0900998 0.71352 0.105797 0.0320463 9.9991E-05
0.9995 9.996E-05 9.996E-05 9.996E-05 9.996E-05 9.996E-05
0.268198 9.9982E-05 0.0584226 0.0307294 9.9982E-05 0.64245
9.9973E-05 9.9973E-05 0.00628324 0.796599 9.9973E-05 0.196818
9.9964E-05 9.9964E-05 9.9964E-05 0.799249 9.9964E-05 0.200352
9.9982E-05 0.107436 9.9982E-05 0.156843 0.105758 0.629763
0.315872 0.00169004 0.0403136 9.9982E-05 9.9982E-05 0.641924
9.9964E-05 9.9964E-05 9.9964E-05 0.0659109 0.933689 9.9964E-05
0.0220138 0.132669 0.0306009 0.457818 0.356798 9.9991E-05
9.9982E-05 0.338915 9.9982E-05 0.0219809 0.624164 0.0147402
0.0689305 0.559368 0.10517 0.0191639 0.184783 0.0625843
0.0517434 0.544992 0.0770263 0.0962501 0.170495 0.059493
0.0308362 0.422813 0.00965308 0.112029 0.424569 9.9991E-05
0.0148433 0.0953922 0.0433418 0.457009 0.389313 9.9991E-05
0.0472542 0.547975 0.0401632 0.144915 0.219593 9.9991E-05
0.0843096 0.462371 9.9982E-05 0.0875423 0.365577 9.9982E-05
0.0982484 0.132244 0.0779205 0.590098 0.101389 9.9991E-05
0.028293 0.400274 9.9982E-05 0.113643 0.45759 9.9982E-05
0.132979 0.149408 0.0585362 0.551578 0.107399 9.9991E-05
9.9973E-05 9.9973E-05 0.0105675 0.870513 9.9973E-05 0.11862
0.0101309 0.192987 0.06318 0.541668 0.117729 0.0743048
0.026777 0.282902 0.0397365 0.195421 0.406714 0.0484507
0.0637176 0.283478 0.0182957 0.255018 0.337652 0.0418385
0.0211814 0.16452 0.0505954 0.426732 0.33687 9.9991E-05
0.00683191 0.384462 0.0373235 0.0876323 0.454238 0.0295131
0.160792 0.0137685 0.00530688 9.9982E-05 9.9982E-05 0.819933
0.0110592 9.9973E-05 9.9973E-05 0.033306 0.955335 9.9973E-05
0.0766171 0.504616 0.0563242 0.161181 0.201162 9.9991E-05
0.0306274 0.309735 0.0271002 0.124877 0.507561 9.9991E-05
0.0425763 0.542115 0.0453774 0.103844 0.265988 9.9991E-05
0.0399485 0.50271 0.0546603 0.0597553 0.309584 0.0333422
0.770461 0.0294825 9.9982E-05 0.170328 0.0295294 9.9982E-05
0.371242 0.0642899 0.057169 0.0319028 0.0112765 0.46412
9.9982E-05 0.0940273 0.00259923 0.0389672 0.864206 9.9982E-05
0.0674644 9.9973E-05 9.9973E-05 0.0120298 9.9973E-05 0.920206
0.737161 9.9982E-05 9.9982E-05 0.174686 0.0578372 0.030116
9.9973E-05 9.9973E-05 0.0348157 0.947894 0.0169905 9.9973E-05
9.996E-05 9.996E-05 9.996E-05 9.996E-05 0.9995 9.996E-05
9.996E-05 9.996E-05 9.996E-05 9.996E-05 0.9995 9.996E-05
9.9982E-05 0.0196382 0.0416532 9.9982E-05 0.92887 0.00963843
9.996E-05 9.996E-05 9.996E-05 9.996E-05 0.9995 9.996E-05
9.9982E-05 9.9982E-05 0.000248656 0.69781 0.0268157 0.274926
0.0717119 9.9982E-05 0.0574888 9.9982E-05 0.869214 0.00138534
0.766566 0.0321177 9.9982E-05 0.158021 0.0430954 9.9982E-05
0.973903 9.9964E-05 9.9964E-05 0.0256969 9.9964E-05 9.9964E-05
0.920426 0.0180087 0.0297538 9.9982E-05 9.9982E-05 0.0316119
0.976987 9.9964E-05 9.9964E-05 0.0226135 9.9964E-05 9.9964E-05
0.88682 0.019083 0.0170398 9.9982E-05 9.9982E-05 0.0768574
0.0903272 0.602907 0.0765082 0.116274 0.0931295 0.0208539
0.0887945 0.58969 0.110514 0.0935396 0.0828114 0.0346502
0.0150739 0.907988 9.9982E-05 0.0485834 9.9982E-05 0.028155
0.041596 0.892789 9.9973E-05 9.9973E-05 0.0653154 9.9973E-05
9.9973E-05 0.990241 0.00175838 9.9973E-05 9.9973E-05 0.00770098
0.0165168 0.289156 0.0420484 0.599145 9.9991E-05 0.0530341
0.0136109 0.929427 9.9973E-05 9.9973E-05 9.9973E-05 0.0566624
0.218805 0.127522 0.0236602 0.119993 0.227426 0.282594
9.996E-05 0.9995 9.996E-05 9.996E-05 9.996E-05 9.996E-05
9.996E-05 0.9995 9.996E-05 9.996E-05 9.996E-05 9.996E-05
9.9973E-05 0.956544 0.0421864 9.9973E-05 9.9973E-05 0.000969852
0.0306375 0.636615 0.00881193 9.9991E-05 0.279483 0.0443518
9.996E-05 0.9995 9.996E-05 9.996E-05 9.996E-05 9.996E-05
0.0144375 0.912018 0.0522674 9.9982E-05 0.0210772 9.9982E-05
0.160032 0.00962609 0.00202344 9.9982E-05 9.9982E-05 0.828118
0.250667 0.0751656 0.0554505 0.0423516 0.00959789 0.566767
0.744859 0.0289464 0.0098634 0.104844 9.9991E-05 0.111387
0.900047 9.9982E-05 0.0241913 0.0125087 9.9982E-05 0.063053
0.0755263 0.0160711 9.9982E-05 0.794262 9.9982E-05 0.113941
0.818527 0.0217876 0.0547976 0.0558549 0.0203552 0.0286779
0.0420497 9.9973E-05 0.0103897 9.9973E-05 9.9973E-05 0.947261
0.0577633 9.9964E-05 9.9964E-05 9.9964E-05 9.9964E-05 0.941837
9.9973E-05 9.9973E-05 0.00243572 0.968135 9.9973E-05 0.0291296
0.759935 0.0549211 0.0616213 0.103422 9.9991E-05 0.02
0.533844 0.0502407 0.11371 0.135939 0.0428233 0.123443
0.091741 0.0464114 0.0572615 0.801948 0.00253761 9.99911E-05
0.0115575 0.0345688 0.0187586 0.919101 9.9991E-05 0.0159137
0.0876482 0.021308 0.00535676 0.785083 0.00480958 0.0957946
0.250012 0.0214093 0.00664451 0.0645566 0.0889983 0.568379
0.0242793 0.0188475 9.9982E-05 0.899707 9.9982E-05 0.0569667
0.0328157 0.00976464 0.0175379 9.9991E-05 0.011531 0.928251
9.9964E-05 9.9964E-05 9.9964E-05 0.955095 0.0445048 9.9964E-05
9.9973E-05 9.9973E-05 0.0339767 0.948453 0.0172703 9.9973E-05
9.9982E-05 0.230813 0.0463527 0.393459 0.329175 9.9982E-05
0.00333528 9.9973E-05 0.00190437 0.99446 9.9973E-05 9.9973E-05
9.9964E-05 9.9964E-05 0.0073315 0.992269 9.9964E-05 9.9964E-05
9.996E-05 9.996E-05 9.996E-05 0.9995 9.996E-05 9.996E-05
0.19015 0.107126 0.117456 0.516367 0.032123 0.0367776
0.180121 9.9973E-05 9.9973E-05 0.0440414 9.9973E-05 0.775538
0.0123358 9.9982E-05 9.9982E-05 0.0571142 0.0387275 0.891623
0.0258057 9.9982E-05 9.9982E-05 0.0807128 0.0205471 0.872734
0.112912 0.00239672 0.00966352 9.9982E-05 9.9982E-05 0.874827
0.00069895 9.9973E-05 9.9973E-05 0.051037 0.947964 9.9973E-05
0.0576357 0.181161 0.0097261 0.315777 0.424228 0.0114718
0.790698 9.9991E-05 0.0330413 0.0390003 0.0161993 0.120961
0.297683 0.0187082 0.0197625 0.154063 9.9991E-05 0.509683
9.9991E-05 0.127532 0.0309551 0.665708 0.121963 0.0537418
0.0221931 0.13513 0.0483105 0.631851 0.123601 0.0389145
0.931595 0.0241971 9.9973E-05 9.9973E-05 0.0439076 9.9973E-05
0.780805 0.00259682 9.9991E-05 0.156445 0.0401269 0.0199263
9.9991E-05 0.333996 0.013308 0.126136 0.254619 0.271841
9.9982E-05 0.0679229 9.9982E-05 0.382265 0.0854861 0.464127
0.826263 9.9982E-05 0.0018875 0.06581 9.9982E-05 0.105839
0.278909 0.0624364 0.12008 0.478998 0.0594767 9.9991E-05
9.9991E-05 0.191641 0.0643887 0.607697 0.0958032 0.0403704
0.211758 0.0980708 0.136488 0.478998 0.032784 0.0419009
0.298162 0.0895875 0.0994705 0.397512 0.0579402 0.0573285
0.922779 9.9982E-05 0.0580965 0.0122306 9.9982E-05 0.0066941
0.930371 0.0253268 0.0089513 9.9991E-05 0.0196608 0.0155902
0.988566 9.9973E-05 0.00791132 9.9973E-05 0.00322309 9.9973E-05
0.88906 0.0281728 0.0325515 0.000884335 9.9991E-05 0.0492313
0.978123 9.9964E-05 0.0214776 9.9964E-05 9.9964E-05 9.9964E-05
0.920999 9.9973E-05 9.9973E-05 9.9973E-05 0.00192266 0.0767784
0.540289 0.0957838 0.165831 0.141186 0.0568107 9.9991E-05
0.275126 0.146639 0.113384 0.354069 0.100005 0.0107766
0.987434 9.9964E-05 9.9964E-05 9.9964E-05 9.9964E-05 0.0121661
0.27145 0.122879 0.0864134 0.434211 0.0695097 0.0155366
0.167211 0.100078 0.0921241 0.555991 0.050495 0.034101
9.9982E-05 0.51469 0.000619829 0.0513621 0.433128 9.9982E-05
9.9973E-05 0.537601 9.9973E-05 0.0625378 0.399561 9.9973E-05
0.0179505 0.538652 0.00744684 0.0476921 0.385052 0.00320722
9.9982E-05 0.514185 0.0219298 0.0374233 0.426262 9.9982E-05
0.0630917 0.554612 0.00111314 9.9982E-05 0.380984 9.9982E-05
9.9982E-05 0.537452 0.0100396 0.0318104 0.420498 9.9982E-05
9.9982E-05 0.514411 0.0262127 0.0357376 0.423438 9.9982E-05
9.9982E-05 0.0246644 0.00925416 0.93511 0.0307719 9.9982E-05
9.9964E-05 9.9964E-05 0.0330226 0.966578 9.9964E-05 9.9964E-05
0.00450786 0.230992 0.0210955 0.478741 0.264564 9.9991E-05
9.9982E-05 0.220252 0.00861078 0.485601 0.285337 9.9982E-05
0.869231 0.04491 0.00488411 9.9991E-05 0.0179363 0.0629383
0.783983 0.0452829 0.0606655 0.0691058 0.0408631 9.9991E-05
0.993174 0.00642568 9.9964E-05 9.9964E-05 9.9964E-05 9.9964E-05
9.9982E-05 0.00342458 0.00974233 9.9982E-05 0.968825 0.0178086
9.9964E-05 0.125767 9.9964E-05 9.9964E-05 0.873833 9.9964E-05
0.0109283 9.9973E-05 0.00715498 9.9973E-05 0.981617 9.9973E-05
9.9964E-05 0.135316 9.9964E-05 9.9964E-05 0.864284 9.9964E-05
0.0269765 0.057028 9.9991E-05 0.251762 0.469381 0.194752
0.027904 0.353842 9.9991E-05 0.13252 0.422271 0.0633629
0.0087666 0.44928 0.0267548 0.0546162 0.426543 0.034039
9.9964E-05 0.138007 9.9964E-05 9.9964E-05 0.861593 9.9964E-05
9.9964E-05 0.124032 9.9964E-05 9.9964E-05 0.875569 9.9964E-05
0.00323363 9.9964E-05 9.9964E-05 9.9964E-05 0.996367 9.9964E-05
0.0203486 0.123183 9.9973E-05 9.9973E-05 0.856169 9.9973E-05
0.187106 0.189733 0.112193 0.118545 0.0667564 0.325667
0.9995 9.996E-05 9.996E-05 9.996E-05 9.996E-05 9.996E-05
9.9964E-05 9.9964E-05 9.9964E-05 0.94447 0.0551297 9.9964E-05
0.652349 0.00666951 0.0604323 0.047602 0.0516164 0.181331
0.0395176 0.0130379 9.9982E-05 0.846754 9.9982E-05 0.10049
0.0232568 9.9982E-05 9.9982E-05 0.037886 0.91049 0.028167
0.027633 0.512912 0.0203824 0.0623395 0.376633 9.9991E-05
0.0579626 0.119862 0.0132552 0.0887076 0.720112 9.9991E-05
0.271769 0.0366644 0.12052 0.496451 0.0744955 9.9991E-05
0.129981 0.118259 0.14244 0.495814 0.102904 0.0106021
0.524612 0.0333901 0.0381371 0.033108 0.00857359 0.362179
9.99639E-05 9.99639E-05 9.99639E-05 0.898784 9.99639E-05 0.100816
0.0923745 0.74043 0.0423362 9.9991E-05 0.106734 0.0180251
0.0314751 0.862213 9.9982E-05 0.0493071 0.0568047 9.9982E-05
9.9973E-05 0.967006 0.0273066 9.9973E-05 9.9973E-05 0.00538788
9.9973E-05 0.964703 9.9973E-05 0.00375957 0.0312377 9.9973E-05
9.996E-05 0.9995 9.996E-05 9.996E-05 9.996E-05 9.996E-05
0.045104 0.908701 0.0247002 9.9982E-05 0.0212944 9.9982E-05
0.0140761 9.9982E-05 0.0584386 0.87434 0.0529452 9.9982E-05
0.06187 0.317762 0.0638236 0.0963771 0.460067 9.9991E-05
0.042013 0.0693294 9.9982E-05 9.9982E-05 0.868592 0.0198657
9.996E-05 9.996E-05 9.996E-05 9.996E-05 0.9995 9.996E-05
9.996E-05 9.996E-05 9.996E-05 9.996E-05 0.9995 9.996E-05
0.0287095 0.117909 9.9973E-05 9.9973E-05 0.853082 9.9973E-05
9.996E-05 0.9995 9.996E-05 9.996E-05 9.996E-05 9.996E-05
0.0128495 0.979663 0.00718759 9.9973E-05 9.9973E-05 9.9973E-05
0.0216825 0.636168 0.00374692 9.9991E-05 0.308906 0.0293967
0.0184306 0.689447 0.0231599 9.9991E-05 0.247334 0.0215276
9.9964E-05 0.984119 9.9964E-05 9.9964E-05 0.0154811 9.9964E-05
0.0230888 0.585558 0.00851331 9.9991E-05 0.332126 0.0506138
0.333051 0.360447 9.9982E-05 9.9982E-05 0.242008 0.0642945
0.835328 0.00740981 0.0115266 0.0766033 9.9991E-05 0.069032
0.766773 0.0486054 9.9973E-05 9.9973E-05 9.9973E-05 0.184322
0.870466 0.00277508 0.0418304 9.9982E-05 9.9982E-05 0.0847283
0.956045 9.9973E-05 0.0231168 9.9973E-05 9.9973E-05 0.0205378
9.9973E-05 0.971976 9.9973E-05 0.0145195 9.9973E-05 0.013205
9.99639E-05 0.992275 0.00732514 9.99639E-05 9.99639E-05 9.99639E-05
0.0551365 0.706974 0.000808855 9.9991E-05 0.202557 0.0344237
0.0300141 0.858072 9.9982E-05 9.9982E-05 0.109629 0.00208572
9.9964E-05 0.97871 0.0208898 9.9964E-05 9.9964E-05 9.9964E-05
9.9973E-05 0.951255 0.0141612 0.0342837 9.9973E-05 9.9973E-05
9.996E-05 0.9995 9.996E-05 9.996E-05 9.996E-05 9.996E-05
0.00973049 0.666499 0.0135474 0.048388 0.261735 9.9991E-05
0.0613214 9.9973E-05 9.9973E-05 0.723507 9.9973E-05 0.214871
9.9973E-05 9.9973E-05 0.0311131 0.598827 9.9973E-05 0.36976
9.99641E-05 9.99641E-05 9.99641E-05 0.746461 9.99641E-05 0.253139
0.035231 0.0511025 0.000308639 0.689885 9.9991E-05 0.223373
0.0271951 0.472506 9.9991E-05 0.131368 0.360378 0.00845335
0.0284983 0.442853 9.9982E-05 0.0487827 0.479666 9.9982E-05
0.00012158 0.361547 9.9991E-05 0.0329076 0.576625 0.0286989
9.9982E-05 0.328105 9.9982E-05 0.060689 0.581374 0.0296314
0.109228 0.555373 0.100011 0.129688 0.0697052 0.0359941
9.9973E-05 0.0690694 9.9973E-05 0.39788 0.53275 9.9973E-05
9.9973E-05 0.982215 9.9973E-05 0.00393667 9.9973E-05 0.0135485
0.0151556 0.583497 9.9991E-05 0.0120985 0.342021 0.0471281
0.0031946 0.569835 0.046735 0.0454307 0.327646 0.00715864
0.458562 9.99911E-05 0.0390115 0.412166 0.0636806 0.0264792
0.0367943 0.0287576 0.0701195 0.720353 0.143876 9.9991E-05
0.871849 9.9982E-05 0.0131641 0.00582114 9.9982E-05 0.108966
0.069156 0.00103038 0.0195122 9.9991E-05 0.0170607 0.893141
0.287048 0.0134188 0.0328425 9.9982E-05 9.9982E-05 0.66649
0.486361 0.050154 0.0121292 9.9991E-05 0.00780656 0.443449
0.39182 0.038015 0.0126528 0.459374 0.0172161 0.0809217
0.922201 9.9964E-05 9.9964E-05 9.9964E-05 9.9964E-05 0.0773991
0.958155 0.0233949 9.9973E-05 9.9973E-05 9.9973E-05 0.01815
0.90187 0.0402167 0.00876822 0.00845852 0.00111101 0.0395757
0.92869 9.9973E-05 0.0191532 9.9973E-05 9.9973E-05 0.0518571
0.122887 0.494069 0.051973 0.199929 0.0910574 0.0400852
0.41939 0.290077 0.0268616 0.17946 0.0651609 0.01905
0.270781 0.341712 0.0214622 0.114845 0.2511 9.99911E-05
0.0438282 0.526307 0.0383395 0.175814 0.215611 9.9991E-05
0.543359 0.0523049 0.0396529 0.215217 0.0616625 0.0878035
0.956079 9.9982E-05 0.0244918 0.0172748 0.00195441 9.9982E-05
9.9982E-05 0.454564 0.0199905 0.0892293 0.436017 9.9982E-05
0.718883 0.0522658 0.083459 0.0738559 9.9991E-05 0.0714365
0.140354 0.0160454 9.9973E-05 9.9973E-05 9.9973E-05 0.8433
0.0140707 9.9982E-05 0.0183363 9.9982E-05 0.00769928 0.959694
0.956682 9.9973E-05 0.000579309 9.9973E-05 9.9973E-05 0.0424384
0.120338 0.118958 0.490491 0.213075 0.0323436 0.0247947
0.480607 0.0215763 0.00639303 0.0494024 0.0250292 0.416992
0.0882789 9.99667E-05 9.99667E-05 9.99667E-05 9.99667E-05 0.911321
0.654473 0.0449276 0.0169415 0.131926 9.9991E-05 0.151631
0.112323 0.111373 0.496193 0.211265 0.015159 0.0536878
9.9964E-05 0.00532296 0.994277 9.9964E-05 9.9964E-05 9.9964E-05
0.0583024 0.0860526 9.9982E-05 0.00843399 0.847011 9.9982E-05
0.0638601 0.0225655 9.9991E-05 0.15389 0.0815058 0.678079
0.0258333 0.177516 0.0720389 0.540078 0.100206 0.0843272
0.039909 0.0192001 0.053867 0.833309 0.0536149 9.9991E-05
0.10302 0.00958561 0.026193 0.799277 0.0618251 9.9991E-05
9.9973E-05 0.0200975 9.9973E-05 0.0761377 9.9973E-05 0.903465
0.0105934 9.9982E-05 0.00943854 9.9982E-05 0.942549 0.0372188
0.0536213 0.278369 0.0554289 0.357847 0.254069 0.000665378
9.99639E-05 9.99639E-05 9.99639E-05 0.756094 9.99639E-05 0.243506
9.9964E-05 9.9964E-05 9.9964E-05 0.0275924 9.9964E-05 0.972008
9.9973E-05 9.9973E-05 0.0217045 0.806019 9.9973E-05 0.171976
0.0191577 0.147273 0.0830646 0.568162 0.117776 0.0645671
0.00755502 0.171945 0.0643962 0.549541 0.110888 0.0956749
0.0847688 0.204164 9.9982E-05 0.242961 0.467907 9.9982E-05
0.0569446 0.0851431 0.000136217 0.0588557 0.744114 0.0548061
0.0515318 0.228198 0.0148432 0.448343 0.256984 9.9991E-05
0.0178093 0.0285147 0.0288622 0.814172 0.110542 9.9991E-05
0.0314459 9.9982E-05 0.00194292 0.041627 9.9982E-05 0.924784
0.0383966 9.9973E-05 9.9973E-05 0.0488719 9.9973E-05 0.912432
0.412135 0.0722067 0.129456 0.309436 0.0426768 0.0340898
0.0286321 0.197664 0.013994 0.286659 0.425784 0.047267
0.0194966 0.016144 0.00320002 0.920145 0.0409142 9.9991E-05
0.967352 9.9973E-05 0.0280482 9.9973E-05 0.00430029 9.9973E-05
0.0195219 0.131942 0.0344916 0.473483 0.340461 9.9991E-05
0.379672 0.116671 0.00486784 0.34678 0.115285 0.0367224
0.0452578 0.318572 0.15926 0.124046 0.352764 9.99911E-05
0.569897 0.0692376 0.11586 0.15329 0.0631358 0.0285789
9.9982E-05 9.9982E-05 0.0333575 0.455886 0.0080131 0.502544
0.220935 0.0758991 0.09256 0.59496 0.0155461 9.9991E-05
0.986038 9.9964E-05 9.9964E-05 0.0135626 9.9964E-05 9.9964E-05
0.90558 0.0624728 9.9973E-05 0.0316476 9.9973E-05 9.9973E-05
0.0178345 9.9973E-05 9.9973E-05 0.0567857 9.9973E-05 0.92508
0.998527 9.9964E-05 0.0010731 9.9964E-05 9.9964E-05 9.9964E-05
0.621125 0.10535 0.080739 0.158821 0.0312118 0.00275246
0.881972 0.0269548 0.0271092 0.0134248 0.0088906 0.0416489
0.82496 9.9982E-05 9.9982E-05 0.100311 0.0293497 0.0451792
0.0147291 0.162983 0.0949983 0.525418 0.105537 0.0963343
0.037585 0.0848851 9.9982E-05 0.0146436 0.862686 9.9982E-05
9.9964E-05 0.0245908 9.9964E-05 9.9964E-05 0.975009 9.9964E-05
0.14023 0.00862381 9.99821E-05 0.0339011 9.99821E-05 0.817046
9.9973E-05 0.10081 9.9973E-05 9.9973E-05 0.88524 0.0136496
0.0379449 0.0236489 0.911661 0.0213667 0.00527879 9.9991E-05
0.0187591 9.9991E-05 0.939801 0.00656339 0.0120541 0.0227229
0.191311 0.034981 0.50134 0.0125641 0.182485 0.0773194
0.79216 0.00992243 9.9982E-05 0.161152 0.0365652 9.9982E-05
9.9964E-05 9.9964E-05 0.987417 9.9964E-05 0.0121832 9.9964E-05
9.996E-05 9.996E-05 0.9995 9.996E-05 9.996E-05 9.996E-05
9.9964E-05 0.00130643 0.998294 9.9964E-05 9.9964E-05 9.9964E-05
9.9964E-05 0.01272 0.98688 9.9964E-05 9.9964E-05 9.9964E-05
9.996E-05 9.996E-05 0.9995 9.996E-05 9.996E-05 9.996E-05
9.9973E-05 9.9973E-05 9.9973E-05 0.036614 0.00199349 0.961093
0.0248919 9.9982E-05 0.0192001 0.86224 0.0934685 9.9982E-05
0.023433 0.024159 0.0238972 0.688497 9.9991E-05 0.239914
9.99639E-05 9.99639E-05 9.99639E-05 0.793265 9.99639E-05 0.206335
0.460004 9.9982E-05 9.9982E-05 0.0780985 0.0158059 0.445892
0.0358915 9.9982E-05 0.025541 0.020686 9.9982E-05 0.917682
9.9973E-05 9.9973E-05 0.019272 0.90958 0.0708482 9.9973E-05
0.0105812 0.0208113 0.0538667 0.767966 9.9991E-05 0.146675
9.9973E-05 9.9973E-05 9.9973E-05 0.639863 0.0302175 0.329619
9.9964E-05 9.9964E-05 0.0257656 0.973835 9.9964E-05 9.9964E-05
9.9973E-05 9.9973E-05 0.943256 0.0539073 0.00253717 9.9973E-05
0.147671 0.0414211 0.0195147 0.109428 0.119921 0.562045
0.826737 0.0464752 0.0140591 0.0565624 0.00386729 0.0522989
0.890024 0.0106655 0.023008 0.0623719 0.0116271 0.0023033
0.714619 0.108612 0.0251751 0.0818743 9.9991E-05 0.0696202
0.0689777 0.00380953 9.9982E-05 0.0184946 9.9982E-05 0.908518
0.00602965 9.9991E-05 0.0206837 0.223533 0.0025602 0.747094
0.0059628 0.113366 9.9982E-05 9.9982E-05 0.875532 0.00493984
0.225774 0.212852 0.0127379 0.147075 0.16211 0.239452
9.9991E-05 0.00213844 0.0270239 0.440502 0.0128541 0.517382
