9.99279E-05 9.99279E-05 9.99279E-05 0.0423458 9.99279E-05 9.99279E-05 0.783584 0.0222182 9.99279E-05 9.99279E-05 0.151052 9.99279E-05
9.99189E-05 9.99189E-05 9.99189E-05 9.99189E-05 9.99189E-05 9.99189E-05 0.772913 9.99189E-05 9.99189E-05 0.197001 9.99189E-05 0.0291868
9.9955E-05 9.9955E-05 0.0160097 0.0102158 0.0683494 9.9955E-05 0.600552 9.9955E-05 0.00977417 0.231335 9.9955E-05 0.0632642
9.99279E-05 9.99279E-05 9.99279E-05 0.0218688 9.99279E-05 9.99279E-05 0.791345 0.0193684 9.99279E-05 9.99279E-05 0.166619 9.99279E-05
9.9964E-05 0.0148606 0.0669041 0.00252543 9.9964E-05 0.00377948 9.9964E-05 9.9964E-05 0.000633635 0.862576 0.0287877 0.0195329
9.9919E-05 9.9919E-05 9.9919E-05 9.9919E-05 9.9919E-05 9.9919E-05 0.787155 9.9919E-05 9.9919E-05 0.155617 9.9919E-05 0.0563286
0.0147799 0.518488 9.99281E-05 9.99281E-05 9.99281E-05 0.000879707 9.99281E-05 0.465053 9.99281E-05 9.99281E-05 9.99281E-05 9.99281E-05
9.9919E-05 0.963046 9.9919E-05 9.9919E-05 9.9919E-05 9.9919E-05 0.0289473 9.9919E-05 9.9919E-05 9.9919E-05 9.9919E-05 0.00710726
9.9928E-05 0.940494 9.9928E-05 9.9928E-05 9.9928E-05 0.0142676 9.9928E-05 9.9928E-05 9.9928E-05 9.9928E-05 0.00975221 0.0346869
9.99281E-05 0.987445 0.0108366 9.99281E-05 9.99281E-05 9.99281E-05 9.99281E-05 9.99281E-05 0.000121974 9.99281E-05 9.99281E-05 0.000796993
9.9964E-05 9.9964E-05 0.02115 9.9964E-05 0.553304 0.278565 0.0458403 0.0787072 0.000131323 0.0110413 0.0108611 9.9964E-05
9.9928E-05 0.0145854 9.9928E-05 9.9928E-05 0.71293 0.229215 9.9928E-05 9.9928E-05 9.9928E-05 9.9928E-05 0.04247 9.9928E-05
9.9937E-05 0.0214244 9.9937E-05 9.9937E-05 0.561441 0.390027 9.9937E-05 0.00445159 9.9937E-05 9.9937E-05 0.021957 9.9937E-05
9.9928E-05 9.9928E-05 0.00303814 9.9928E-05 0.622925 0.334674 9.9928E-05 0.0385634 9.9928E-05 9.9928E-05 9.9928E-05 9.9928E-05
0.812239 9.9955E-05 0.0300646 0.094847 9.9955E-05 9.9955E-05 0.0206855 0.0245703 0.0120941 9.9955E-05 0.00499975 9.9955E-05
0.00849615 0.980236 9.99281E-05 9.99281E-05 9.99281E-05 9.99281E-05 9.99281E-05 9.99281E-05 0.00215104 9.99281E-05 0.00831723 9.99281E-05
9.9946E-05 0.0170473 9.9946E-05 0.00318396 9.9946E-05 0.0109209 0.0126937 0.917631 9.9946E-05 9.9946E-05 0.0379238 9.9946E-05
0.856528 0.00136022 9.99551E-05 9.99551E-05 0.112716 9.99551E-05 0.00247703 0.00140152 0.00975388 9.99551E-05 0.0152637 9.99551E-05
0.551183 9.9955E-05 0.0527133 0.0213819 0.218516 9.9955E-05 9.9955E-05 0.0109452 0.0377413 9.9955E-05 0.10702 9.9955E-05
0.318697 0.0362851 9.9946E-05 9.9946E-05 0.536864 0.0628055 9.9946E-05 0.0209518 0.0237966 9.9946E-05 9.9946E-05 9.9946E-05
0.751117 0.0208161 0.0672396 0.0274045 0.0960332 9.9946E-05 9.9946E-05 9.9946E-05 9.9946E-05 9.9946E-05 0.0367898 9.9946E-05
0.0298526 0.0293729 9.9928E-05 0.010164 0.929811 9.9928E-05 9.9928E-05 9.9928E-05 9.9928E-05 9.9928E-05 9.9928E-05 9.9928E-05
0.846385 9.9937E-05 9.9937E-05 9.9937E-05 0.0882804 9.9937E-05 0.0374558 0.0254942 9.9937E-05 9.9937E-05 0.00168506 9.9937E-05
0.0553436 9.9946E-05 9.9946E-05 0.0639603 0.815622 9.9946E-05 9.9946E-05 0.0353188 0.0103568 9.9946E-05 9.9946E-05 0.0187985
9.9919E-05 9.9919E-05 9.9919E-05 0.00242409 0.958009 9.9919E-05 0.0386676 9.9919E-05 9.9919E-05 9.9919E-05 9.9919E-05 9.9919E-05
0.903003 9.99371E-05 9.99371E-05 9.99371E-05 0.0333724 9.99371E-05 0.0171489 0.0346076 9.99371E-05 9.99371E-05 0.0111688 9.99371E-05
0.84788 0.0165582 9.99461E-05 0.0172239 0.0896576 0.0215654 9.99461E-05 9.99461E-05 9.99461E-05 9.99461E-05 9.99461E-05 0.00651525
0.554592 9.9973E-05 0.0296231 9.9973E-05 0.267572 0.029394 0.0404305 0.00535214 0.0327498 9.9973E-05 0.0207785 0.0192081
0.864519 0.0145771 9.9928E-05 9.9928E-05 0.0843434 9.9928E-05 9.9928E-05 9.9928E-05 0.0357615 9.9928E-05 9.9928E-05 9.9928E-05
0.914649 9.99461E-05 9.99461E-05 0.030839 0.0206549 0.0259374 0.000539757 9.99461E-05 0.00678059 9.99461E-05 9.99461E-05 9.99461E-05
9.99371E-05 9.99371E-05 9.99371E-05 9.99371E-05 0.924275 0.0439168 9.99371E-05 9.99371E-05 0.0219329 9.99371E-05 0.00378879 0.00538689
9.9919E-05 9.9919E-05 9.9919E-05 9.9919E-05 0.410935 0.49704 9.9919E-05 0.0911258 9.9919E-05 9.9919E-05 9.9919E-05 9.9919E-05
0.850682 9.99371E-05 9.99371E-05 9.99371E-05 0.0882927 0.0188932 0.0346559 9.99371E-05 9.99371E-05 9.99371E-05 9.99371E-05 0.00677705
0.114699 0.0177978 0.016328 9.9973E-05 0.747988 0.0465876 0.0054813 0.023382 0.000112743 9.9973E-05 0.0273243 9.9973E-05
0.897986 0.0169668 9.9937E-05 9.9937E-05 0.0637956 0.00230654 9.9937E-05 9.9937E-05 9.9937E-05 0.0182455 9.9937E-05 9.9937E-05
9.9919E-05 9.9919E-05 0.00737401 9.9919E-05 0.914356 0.0773712 9.9919E-05 9.9919E-05 9.9919E-05 9.9919E-05 9.9919E-05 9.9919E-05
0.849704 9.99371E-05 9.99371E-05 9.99371E-05 0.119382 9.99371E-05 0.00825223 9.99371E-05 9.99371E-05 0.018651 9.99371E-05 0.00331112
9.99371E-05 0.00444253 9.99371E-05 9.99371E-05 0.92628 0.0264137 9.99371E-05 9.99371E-05 0.0344462 9.99371E-05 0.00771847 9.99371E-05
9.9937E-05 9.9937E-05 0.129143 0.668618 9.9937E-05 9.9937E-05 9.9937E-05 9.9937E-05 0.0489661 0.0795023 9.9937E-05 0.0730714
9.9919E-05 9.9919E-05 9.9919E-05 9.9919E-05 9.9919E-05 9.9919E-05 0.00126468 9.9919E-05 9.9919E-05 0.629568 9.9919E-05 0.368268
9.991E-05 9.991E-05 9.991E-05 9.991E-05 9.991E-05 0.960775 9.991E-05 9.991E-05 9.991E-05 0.0382254 9.991E-05 9.991E-05
0.902367 9.99191E-05 9.99191E-05 9.99191E-05 0.0789979 9.99191E-05 9.99191E-05 0.0177356 9.99191E-05 9.99191E-05 9.99191E-05 9.99191E-05
9.99461E-05 0.00793984 9.99461E-05 9.99461E-05 0.913107 0.0253548 9.99461E-05 0.0291004 0.0208669 9.99461E-05 0.0030309 9.99461E-05
9.9955E-05 9.9955E-05 9.9955E-05 0.0141683 9.9955E-05 0.0339516 0.0625837 0.271464 0.0609769 9.9955E-05 0.0142272 0.542129
0.495518 0.0498915 0.00523943 0.0496257 0.216656 0.0378608 9.9964E-05 9.9964E-05 0.058351 9.9964E-05 0.0864573 9.9964E-05
0.342216 0.0113116 0.0338681 9.9964E-05 0.292232 0.20666 0.0164889 0.0637176 9.9964E-05 9.9964E-05 0.0331067 9.9964E-05
0.797065 0.0190685 0.00158547 0.0298046 0.0904939 9.9964E-05 9.9964E-05 9.9964E-05 0.019278 0.0258033 0.0165018 9.9964E-05
9.99279E-05 9.99279E-05 0.00123701 9.99279E-05 9.99279E-05 9.99279E-05 0.687853 9.99279E-05 9.99279E-05 0.225718 9.99279E-05 0.084393
9.9955E-05 9.9955E-05 0.0722669 0.0250013 9.9955E-05 0.0420694 0.0235476 9.9955E-05 0.49405 0.0966776 9.9955E-05 0.245888
9.9919E-05 9.9919E-05 9.9919E-05 0.42503 9.9919E-05 9.9919E-05 9.9919E-05 0.182147 9.9919E-05 9.9919E-05 0.391924 9.9919E-05
0.00195395 9.9928E-05 9.9928E-05 9.9928E-05 0.0285357 0.0417848 9.9928E-05 9.9928E-05 9.9928E-05 9.9928E-05 0.926926 9.9928E-05
9.99549E-05 9.99549E-05 0.00581972 0.0592232 0.111951 0.00424186 0.0779484 0.0288542 9.99549E-05 9.99549E-05 0.711462 9.99549E-05
9.99009E-05 9.99009E-05 9.99009E-05 9.99009E-05 9.99009E-05 9.99009E-05 9.99009E-05 9.99009E-05 9.99009E-05 9.99009E-05 0.998901 9.99009E-05
0.00242331 0.920644 9.99461E-05 9.99461E-05 0.00618706 0.0253077 9.99461E-05 0.0116977 9.99461E-05 0.0331407 9.99461E-05 9.99461E-05
9.9946E-05 0.937246 9.9946E-05 0.0310639 0.0125692 9.9946E-05 0.0112661 9.9946E-05 9.9946E-05 0.0042016 9.9946E-05 0.00305366
0.0287395 0.0320607 9.9937E-05 9.9937E-05 0.0626859 0.624718 9.9937E-05 0.251096 9.9937E-05 9.9937E-05 9.9937E-05 9.9937E-05
0.0150883 0.0086011 9.9937E-05 0.0229754 0.817935 0.1347 9.9937E-05 9.9937E-05 9.9937E-05 9.9937E-05 9.9937E-05 9.9937E-05
0.160609 9.99369E-05 0.750269 9.99369E-05 0.0438777 9.99369E-05 9.99369E-05 0.00906049 9.99369E-05 9.99369E-05 0.0354848 9.99369E-05
9.9919E-05 9.9919E-05 0.114961 9.9919E-05 9.9919E-05 9.9919E-05 0.082937 9.9919E-05 9.9919E-05 0.801203 9.9919E-05 9.9919E-05
9.99279E-05 9.99279E-05 0.257875 9.99279E-05 9.99279E-05 9.99279E-05 9.99279E-05 9.99279E-05 0.216891 0.340232 9.99279E-05 0.184203
9.9937E-05 9.9937E-05 9.9937E-05 0.00822661 9.9937E-05 9.9937E-05 0.0122297 0.937878 9.9937E-05 9.9937E-05 0.0285761 0.0123895
9.9955E-05 0.00627469 9.9955E-05 0.162081 0.0162538 0.0431975 9.9955E-05 0.66528 9.9955E-05 0.0220874 0.0843259 9.9955E-05
9.9955E-05 9.9955E-05 9.9955E-05 0.176509 9.9955E-05 0.106868 0.0325611 0.635882 0.0398645 0.000545115 0.00727075 9.9955E-05
9.9919E-05 0.97487 0.0116881 0.0125426 9.9919E-05 9.9919E-05 9.9919E-05 9.9919E-05 9.9919E-05 9.9919E-05 9.9919E-05 9.9919E-05
9.9919E-05 9.9919E-05 0.158643 9.9919E-05 9.9919E-05 9.9919E-05 9.9919E-05 9.9919E-05 9.9919E-05 0.749287 9.9919E-05 0.0911707
0.00501855 9.9928E-05 9.9928E-05 9.9928E-05 9.9928E-05 0.0112015 9.9928E-05 0.967815 0.0151653 9.9928E-05 9.9928E-05 9.9928E-05
9.9937E-05 0.00955051 0.149618 0.796808 9.9937E-05 9.9937E-05 0.00215387 9.9937E-05 9.9937E-05 9.9937E-05 9.9937E-05 0.0411693
9.9919E-05 9.9919E-05 9.9919E-05 9.9919E-05 0.777277 0.189026 9.9919E-05 0.0327974 9.9919E-05 9.9919E-05 9.9919E-05 9.9919E-05
9.99101E-05 9.99101E-05 9.99101E-05 9.99101E-05 0.587111 0.41189 9.99101E-05 9.99101E-05 9.99101E-05 9.99101E-05 9.99101E-05 9.99101E-05
0.0260105 0.792465 0.00746329 0.0210897 9.9964E-05 9.9964E-05 9.9964E-05 0.0214515 0.0300756 0.0487274 0.0523174 9.9964E-05
0.032255 0.783863 9.9955E-05 0.0581921 9.9955E-05 0.0100408 9.9955E-05 9.9955E-05 0.0341502 0.012003 0.0689955 9.9955E-05
0.00983578 0.826352 0.00428369 0.00435802 9.9973E-05 0.0500516 0.0158795 9.9973E-05 0.0303115 0.000271601 0.0583563 9.9973E-05
9.99281E-05 0.949505 9.99281E-05 9.99281E-05 9.99281E-05 9.99281E-05 9.99281E-05 0.0185725 0.00699663 0.0241265 9.99281E-05 9.99281E-05
9.9928E-05 0.960308 9.9928E-05 9.9928E-05 0.00425929 9.9928E-05 9.9928E-05 0.0285053 9.9928E-05 9.9928E-05 0.00612842 9.9928E-05
9.9919E-05 0.966641 9.9919E-05 9.9919E-05 9.9919E-05 9.9919E-05 9.9919E-05 9.9919E-05 9.9919E-05 0.0238782 0.00858111 9.9919E-05
9.99281E-05 0.966551 9.99281E-05 0.0168395 0.00794224 9.99281E-05 9.99281E-05 9.99281E-05 9.99281E-05 9.99281E-05 9.99281E-05 0.0078678
0.0195423 0.964215 9.9919E-05 9.9919E-05 9.9919E-05 9.9919E-05 9.9919E-05 9.9919E-05 9.9919E-05 0.0153433 9.9919E-05 9.9919E-05
9.9937E-05 0.962074 9.9937E-05 9.9937E-05 0.00125973 9.9937E-05 0.0160694 9.9937E-05 9.9937E-05 0.016299 9.9937E-05 0.00359841
9.99011E-05 0.998901 9.99011E-05 9.99011E-05 9.99011E-05 9.99011E-05 9.99011E-05 9.99011E-05 9.99011E-05 9.99011E-05 9.99011E-05 9.99011E-05
0.011315 0.932014 0.0268889 0.00846812 0.0148588 0.00237038 9.9955E-05 9.9955E-05 9.9955E-05 9.9955E-05 9.9955E-05 0.00358494
0.0117966 0.927918 0.00814264 0.0334595 0.00807562 0.0100081 9.99461E-05 9.99461E-05 9.99461E-05 9.99461E-05 9.99461E-05 9.99461E-05
9.99371E-05 0.953111 0.0139 9.99371E-05 0.00354474 9.99371E-05 0.0231026 9.99371E-05 0.00564186 9.99371E-05 9.99371E-05 9.99371E-05
0.384639 0.537452 9.99281E-05 0.00150521 0.0756046 9.99281E-05 9.99281E-05 9.99281E-05 9.99281E-05 9.99281E-05 9.99281E-05 9.99281E-05
0.438139 0.54379 9.99191E-05 9.99191E-05 0.0171712 9.99191E-05 9.99191E-05 9.99191E-05 9.99191E-05 9.99191E-05 9.99191E-05 9.99191E-05
9.9928E-05 0.992382 9.9928E-05 9.9928E-05 9.9928E-05 0.00204102 0.00370602 9.9928E-05 9.9928E-05 0.00107114 9.9928E-05 9.9928E-05
9.9937E-05 0.931938 0.01323 0.0115894 9.9937E-05 0.0116232 9.9937E-05 9.9937E-05 9.9937E-05 9.9937E-05 0.0309194 9.9937E-05
0.00801863 0.899973 9.9955E-05 0.0180934 9.9955E-05 9.9955E-05 0.0327142 0.0308759 9.9955E-05 9.9955E-05 0.00281285 0.00701187
0.0213436 0.912568 0.0242458 0.0303187 9.9946E-05 9.9946E-05 9.9946E-05 9.9946E-05 0.0106371 9.9946E-05 0.00028664 9.9946E-05
9.99194E-05 0.969184 9.99194E-05 9.99194E-05 9.99194E-05 9.99194E-05 0.0271388 0.00277746 9.99194E-05 9.99194E-05 9.99194E-05 9.99194E-05
0.422903 0.51798 9.99191E-05 9.99191E-05 0.0582179 9.99191E-05 9.99191E-05 9.99191E-05 9.99191E-05 9.99191E-05 9.99191E-05 9.99191E-05
0.0631792 0.856118 9.9946E-05 0.00325994 0.0107669 9.9946E-05 9.9946E-05 9.9946E-05 0.0422156 9.9946E-05 0.0238605 9.9946E-05
9.9946E-05 0.930448 9.9946E-05 0.0087379 9.9946E-05 0.0130948 9.9946E-05 0.0285022 9.9946E-05 0.00055788 9.9946E-05 0.0180591
9.9946E-05 0.930064 9.9946E-05 0.0115351 9.9946E-05 0.00698728 9.9946E-05 9.9946E-05 0.0162154 0.0227396 0.0118587 9.9946E-05
9.9937E-05 0.942443 0.0137582 9.9937E-05 9.9937E-05 9.9937E-05 9.9937E-05 9.9937E-05 9.9937E-05 0.00566256 0.00847813 0.028959
0.0100287 0.886952 9.9973E-05 0.00774344 0.0130879 0.000303021 9.9973E-05 0.0200591 0.00654421 0.0129866 0.0419948 9.9973E-05
9.9937E-05 0.945719 9.9937E-05 0.0144888 9.9937E-05 9.9937E-05 0.0200129 0.0149737 9.9937E-05 9.9937E-05 0.00410612 9.9937E-05
0.584369 9.9946E-05 9.9946E-05 9.9946E-05 9.9946E-05 0.0131722 0.235896 0.114144 0.019613 0.0322061 9.9946E-05 9.9946E-05
0.00183226 0.923036 0.0165071 9.99371E-05 9.99371E-05 9.99371E-05 0.0493732 9.99371E-05 0.00855156 9.99371E-05 9.99371E-05 9.99371E-05
0.00822565 0.958584 9.9937E-05 0.000664916 0.0142529 9.9937E-05 0.0175732 9.9937E-05 9.9937E-05 9.9937E-05 9.9937E-05 9.9937E-05
0.0693352 0.706108 0.0236826 9.9964E-05 0.000569371 9.9964E-05 9.9964E-05 0.029291 0.0114321 9.9964E-05 0.0388393 0.120343
9.991E-05 0.989779 0.00922206 9.991E-05 9.991E-05 9.991E-05 9.991E-05 9.991E-05 9.991E-05 9.991E-05 9.991E-05 9.991E-05
0.00389911 0.973977 9.9937E-05 0.00537171 9.9937E-05 9.9937E-05 9.9937E-05 0.0154311 9.9937E-05 9.9937E-05 0.000621908 9.9937E-05
9.99461E-05 0.963756 0.00971841 9.99461E-05 0.00214478 9.99461E-05 0.00202505 9.99461E-05 0.00615096 9.99461E-05 0.0156055 9.99461E-05
0.0179033 0.934894 0.010697 0.0113733 9.9955E-05 9.9955E-05 9.9955E-05 0.00523534 9.9955E-05 0.00255754 0.0168401 9.9955E-05
0.896973 0.019793 0.00626691 9.9946E-05 9.9946E-05 0.0303046 0.0212565 9.9946E-05 0.0248065 9.9946E-05 9.9946E-05 9.9946E-05
9.99011E-05 0.998901 9.99011E-05 9.99011E-05 9.99011E-05 9.99011E-05 9.99011E-05 9.99011E-05 9.99011E-05 9.99011E-05 9.99011E-05 9.99011E-05
9.99281E-05 0.926714 9.99281E-05 0.0601616 9.99281E-05 9.99281E-05 9.99281E-05 9.99281E-05 0.000304589 9.99281E-05 0.0120201 9.99281E-05
9.99101E-05 0.995153 9.99101E-05 9.99101E-05 9.99101E-05 9.99101E-05 9.99101E-05 9.99101E-05 0.00384757 9.99101E-05 9.99101E-05 9.99101E-05
0.582287 0.00656518 9.99279E-05 9.99279E-05 9.99279E-05 0.378984 0.0313641 9.99279E-05 9.99279E-05 9.99279E-05 9.99279E-05 9.99279E-05
0.0173548 0.916362 9.99371E-05 0.0282115 9.99371E-05 9.99371E-05 9.99371E-05 9.99371E-05 0.0101168 0.0272556 9.99371E-05 9.99371E-05
9.9946E-05 0.925321 9.9946E-05 9.9946E-05 0.00411648 0.0196009 0.0207693 9.9946E-05 0.00922254 9.9946E-05 0.0203697 9.9946E-05
0.00401728 0.959539 9.9928E-05 9.9928E-05 9.9928E-05 9.9928E-05 0.0331683 9.9928E-05 9.9928E-05 9.9928E-05 9.9928E-05 0.00247613
9.9928E-05 0.972863 9.9928E-05 9.9928E-05 0.000846643 9.9928E-05 0.0172546 9.9928E-05 9.9928E-05 9.9928E-05 0.00823677 9.9928E-05
0.609215 0.0127572 0.0319864 9.9946E-05 0.26812 9.9946E-05 9.9946E-05 0.0065084 9.9946E-05 9.9946E-05 0.0708134 9.9946E-05
9.99281E-05 0.978317 9.99281E-05 9.99281E-05 9.99281E-05 9.99281E-05 0.00118792 9.99281E-05 0.00143484 0.0182612 9.99281E-05 9.99281E-05
9.9928E-05 0.902237 9.9928E-05 0.0240454 9.9928E-05 0.000506928 0.0724115 9.9928E-05 9.9928E-05 9.9928E-05 9.9928E-05 9.9928E-05
0.436893 0.515621 9.99191E-05 9.99191E-05 0.0465862 9.99191E-05 9.99191E-05 9.99191E-05 9.99191E-05 9.99191E-05 9.99191E-05 9.99191E-05
9.99371E-05 0.979122 9.99371E-05 0.00386585 0.00931442 9.99371E-05 9.99371E-05 0.00143282 9.99371E-05 9.99371E-05 9.99371E-05 0.00556518
0.154306 0.0244702 0.0325575 9.99459E-05 0.606237 0.164092 9.99459E-05 0.0177389 9.99459E-05 9.99459E-05 9.99459E-05 9.99459E-05
0.245697 9.9946E-05 0.0454945 9.9946E-05 0.585992 0.100797 9.9946E-05 9.9946E-05 9.9946E-05 0.0119411 0.00947886 9.9946E-05
0.00959328 0.0234961 0.00222097 9.9973E-05 0.742463 0.147032 0.0276666 9.9973E-05 0.000917362 9.9973E-05 0.00421218 0.0420992
0.854214 0.021189 0.0100798 0.0185415 0.0468078 0.0267348 9.9964E-05 9.9964E-05 9.9964E-05 0.0158224 9.9964E-05 0.00621061
9.9964E-05 0.033395 0.000729449 0.00484792 0.0599009 9.9964E-05 9.9964E-05 0.772442 0.0424414 0.0103071 0.0755366 9.9964E-05
0.0198201 0.0438603 9.9964E-05 9.9964E-05 0.776854 0.0933082 0.0243368 0.00798386 9.9964E-05 0.00815501 9.9964E-05 0.0252814
0.170101 9.9982E-05 0.0299858 9.9982E-05 0.210484 0.182742 0.0101673 0.324384 0.0359691 0.00679656 0.00645433 0.0227172
0.140032 0.0451103 9.9928E-05 9.9928E-05 0.713493 0.100565 9.9928E-05 9.9928E-05 9.9928E-05 9.9928E-05 9.9928E-05 9.9928E-05
0.252923 9.9955E-05 0.00386201 9.9955E-05 0.63369 0.0204897 9.9955E-05 0.0261865 0.0221176 0.0402314 9.9955E-05 9.9955E-05
0.173262 0.0186344 0.012336 0.00372381 0.643269 0.0738704 0.0230698 0.0371297 0.00910534 0.00539907 9.9982E-05 9.9982E-05
0.252796 9.9973E-05 0.00141845 9.9973E-05 0.580425 0.0272328 0.0026924 0.0105238 0.0513244 0.050805 9.9973E-05 0.0224821
0.28196 0.00778662 0.00890993 9.9964E-05 0.592207 0.0175312 9.9964E-05 0.014896 0.0430545 0.0332552 9.9964E-05 9.9964E-05
9.9937E-05 0.00631572 9.9937E-05 9.9937E-05 0.847737 0.102028 9.9937E-05 0.00427847 9.9937E-05 0.038942 9.9937E-05 9.9937E-05
9.99461E-05 0.0346919 0.00335841 9.99461E-05 0.624976 0.264405 9.99461E-05 0.0695846 9.99461E-05 9.99461E-05 9.99461E-05 0.00238388
9.99461E-05 0.0306708 9.99461E-05 9.99461E-05 0.613948 0.27356 9.99461E-05 0.0669529 0.0117301 0.0025389 9.99461E-05 9.99461E-05
0.718202 0.0354584 0.0519354 9.9982E-05 0.083778 0.0218335 0.000788645 0.0402062 0.0252258 9.9982E-05 0.0179332 0.00443861
9.9928E-05 0.00224924 0.0108911 9.9928E-05 0.00191222 9.9928E-05 9.9928E-05 9.9928E-05 9.9928E-05 9.9928E-05 9.9928E-05 0.984148
9.9946E-05 0.00846517 0.0297187 0.0345708 9.9946E-05 9.9946E-05 0.0284232 9.9946E-05 9.9946E-05 0.011054 9.9946E-05 0.887169
9.99459E-05 9.99459E-05 0.102858 0.0146333 9.99459E-05 0.0116709 9.99459E-05 9.99459E-05 9.99459E-05 0.575666 0.0541191 0.240453
0.319015 0.090712 0.0722048 0.0317054 0.0349027 0.0755014 0.0587599 0.305281 0.0088417 9.9982E-05 9.9982E-05 0.00287668
9.9928E-05 9.9928E-05 0.00917646 0.0428466 9.9928E-05 9.9928E-05 0.0380431 9.9928E-05 9.9928E-05 9.9928E-05 9.9928E-05 0.909134
9.9946E-05 0.019383 0.0197848 0.0600592 9.9946E-05 0.00481125 0.0260291 9.9946E-05 9.9946E-05 9.9946E-05 9.9946E-05 0.869333
0.135881 0.127513 0.00566502 0.0213252 9.9973E-05 0.568272 0.0186076 0.0755938 9.9973E-05 0.0281099 9.9973E-05 0.0187323
9.9937E-05 0.00865471 0.138858 9.9937E-05 9.9937E-05 9.9937E-05 9.9937E-05 9.9937E-05 0.239249 0.402678 9.9937E-05 0.209862
0.0283057 9.9964E-05 0.0843633 0.0520017 0.00892489 9.9964E-05 9.9964E-05 0.0120285 0.315692 0.400149 9.9964E-05 0.0981352
9.9946E-05 9.9946E-05 0.0598473 0.0523273 9.9946E-05 9.9946E-05 0.0373958 9.9946E-05 0.349901 0.423083 9.9946E-05 0.0768466
0.0604749 0.0184171 0.0537119 0.0492635 0.00131308 9.9973E-05 9.9973E-05 0.0330223 0.572472 0.209819 0.0012069 9.9973E-05
0.0156746 0.010903 0.0368744 0.0669538 0.00706815 9.9973E-05 9.9973E-05 0.0229748 0.571141 0.251682 0.0164286 9.9973E-05
0.0434554 9.9982E-05 0.00908938 0.0452244 0.00161973 0.00542644 0.00610167 0.0164266 0.393952 0.381804 9.9982E-05 0.0967009
9.99549E-05 0.0167111 0.0198734 0.0708049 9.99549E-05 9.99549E-05 0.0128367 0.769262 0.0355414 9.99549E-05 0.0744708 9.99549E-05
0.0379018 9.9928E-05 9.9928E-05 9.9928E-05 9.9928E-05 9.9928E-05 9.9928E-05 9.9928E-05 0.011213 0.638818 9.9928E-05 0.311268
0.85489 0.0112665 9.9947E-05 0.0844387 9.9947E-05 0.0396614 9.9947E-05 9.9947E-05 9.9947E-05 9.9947E-05 0.00239274 0.00675129
0.879155 0.0449222 9.9946E-05 9.9946E-05 9.9946E-05 0.0349363 9.9946E-05 0.0091569 9.9946E-05 0.0143251 9.9946E-05 0.0169051
0.0374958 0.00418059 0.0748964 0.0148793 0.0028225 9.9991E-05 0.00869979 0.0016077 0.0128768 0.787566 0.0021054 0.0527701
0.213947 0.0642659 0.0706589 0.0805215 0.113565 0.0775302 0.0774639 0.057695 0.0420317 0.12532 0.015998 0.0610029
0.035455 9.9982E-05 0.043388 0.0118245 0.0174756 9.9982E-05 0.0164779 0.806156 0.0255242 0.0073015 0.0284187 0.00777862
9.9937E-05 9.9937E-05 9.9937E-05 9.9937E-05 9.9937E-05 0.893585 9.9937E-05 9.9937E-05 0.0446817 0.0287772 0.00259659 0.0296604
0.777924 0.000255943 9.9964E-05 9.9964E-05 0.0616815 0.0394784 0.0568308 0.0390234 0.0146599 9.9964E-05 0.00974607 9.9964E-05
0.0248166 9.99448E-05 9.99448E-05 9.99448E-05 9.99448E-05 0.710043 0.0173294 9.99448E-05 0.037184 9.99448E-05 9.99448E-05 0.209928
0.0192838 9.9955E-05 0.00109822 9.9955E-05 9.9955E-05 0.0988426 0.0291618 0.784903 0.0197743 9.9955E-05 9.9955E-05 0.0464367
0.0338397 0.0131298 9.9964E-05 9.9964E-05 9.9964E-05 0.012257 0.0766939 0.0130672 0.131999 9.9964E-05 0.00736606 0.711248
9.9946E-05 0.00994961 0.0238074 0.0114478 9.9946E-05 9.9946E-05 9.9946E-05 0.843296 0.00206434 9.9946E-05 0.108835 9.9946E-05
0.0611676 0.0384156 0.351889 0.209335 0.124021 0.00930987 9.9964E-05 9.9964E-05 0.0318175 9.9964E-05 0.173645 9.9964E-05
0.892513 0.024838 9.99369E-05 9.99369E-05 9.99369E-05 0.0657737 0.00727165 9.99369E-05 9.99369E-05 9.99369E-05 0.0089043 9.99369E-05
9.9946E-05 0.0331205 9.9946E-05 9.9946E-05 0.00538777 0.011124 9.9946E-05 0.0380722 9.9946E-05 0.584304 9.9946E-05 0.327392
9.99549E-05 0.0117921 0.0198257 9.99549E-05 0.00684326 0.569635 0.00938702 9.99549E-05 9.99549E-05 0.377327 9.99549E-05 0.00468946
0.0157422 0.0131502 9.9946E-05 9.9946E-05 9.9946E-05 0.009128 9.9946E-05 9.9946E-05 0.0248317 0.8925 0.044048 9.9946E-05
0.0268693 0.0224053 9.9982E-05 9.9982E-05 0.124591 0.251495 0.226647 0.242215 0.0145537 0.0178134 0.0400002 0.0332112
9.9919E-05 9.9919E-05 9.9919E-05 9.9919E-05 9.9919E-05 9.9919E-05 9.9919E-05 9.9919E-05 0.0132078 0.984511 0.00138227 9.9919E-05
0.0232968 9.9946E-05 9.9946E-05 9.9946E-05 0.0467098 0.0404186 9.9946E-05 0.849419 9.9946E-05 0.0175999 0.0219566 9.9946E-05
0.028726 0.0373169 9.9964E-05 0.00794698 0.0555228 0.00825279 9.9964E-05 0.0342378 0.0113851 0.816212 9.9964E-05 9.9964E-05
9.9946E-05 0.0325581 9.9946E-05 0.0189471 0.0619205 9.9946E-05 9.9946E-05 0.0478864 9.9946E-05 0.83027 0.00781835 9.9946E-05
0.840203 0.00478126 9.9946E-05 9.9946E-05 9.9946E-05 0.0205143 9.9946E-05 0.0528674 0.011811 0.0692229 9.9946E-05 9.9946E-05
0.380124 9.99641E-05 0.0545108 0.0850934 0.0653712 0.0954917 0.021934 9.99641E-05 9.99641E-05 0.0351621 9.99641E-05 0.261913
0.327978 0.0201132 9.9964E-05 9.9964E-05 9.9964E-05 0.413137 0.0547058 0.104651 0.0235958 0.0310763 9.9964E-05 0.0243431
0.0116789 0.0172889 0.010921 0.0286388 0.0353414 9.9973E-05 0.0282274 0.0106367 0.778848 0.0781187 9.9973E-05 9.9973E-05
9.9946E-05 9.9946E-05 0.051442 0.0113464 0.01757 9.9946E-05 9.9946E-05 0.00712791 0.891621 0.0202927 9.9946E-05 9.9946E-05
0.00150921 0.00639939 0.0744521 0.01045 0.0130567 9.9982E-05 0.029753 0.0364599 0.815056 0.00929124 0.00337266 9.9982E-05
0.0219891 0.00947946 0.0399923 0.0056113 0.0308051 9.9973E-05 0.0175426 0.0337526 0.825023 9.9973E-05 0.015505 9.9973E-05
0.909583 9.9937E-05 0.0342823 0.00951783 9.9937E-05 9.9937E-05 0.0169205 9.9937E-05 0.0289963 9.9937E-05 9.9937E-05 9.9937E-05
0.872081 9.9937E-05 0.0500154 0.0409839 0.0230644 9.9937E-05 9.9937E-05 9.9937E-05 9.9937E-05 0.013156 9.9937E-05 9.9937E-05
0.741791 0.0424111 9.9964E-05 9.9964E-05 0.102916 9.9964E-05 0.0230673 0.00645819 0.00777965 9.9964E-05 0.0671756 0.008001
9.9973E-05 0.00460976 9.9973E-05 0.0085761 0.0146338 9.9973E-05 0.0506241 0.016644 0.388532 0.276408 0.0375267 0.202146
0.172403 0.118429 0.0338454 0.0543563 0.0812089 0.0621566 0.114497 0.0766625 0.0806229 0.0980573 0.022344 0.0854166
0.330874 0.125289 0.277528 0.148062 0.00791949 0.0129154 9.9964E-05 9.9964E-05 0.0195333 9.9964E-05 0.0774784 9.9964E-05
0.70248 0.0138506 0.0231962 0.0498891 0.123728 9.9973E-05 0.0561662 9.9973E-05 0.0140883 0.00397445 0.0123276 9.9973E-05
0.58507 0.0830596 0.137878 0.0548617 0.101864 9.9955E-05 0.0325466 9.9955E-05 9.9955E-05 9.9955E-05 0.0042208 9.9955E-05
0.686246 0.0441372 0.143328 0.0544924 9.9955E-05 0.0174516 9.9955E-05 9.9955E-05 0.0427265 9.9955E-05 9.9955E-05 0.0111187
0.450768 0.138928 0.243427 0.0880393 0.0246551 0.029684 9.9955E-05 9.9955E-05 9.9955E-05 9.9955E-05 9.9955E-05 0.0239991
0.00665705 9.9946E-05 9.9946E-05 0.822302 0.0519943 0.00498355 0.091275 9.9946E-05 0.0221881 9.9946E-05 9.9946E-05 9.9946E-05
9.9946E-05 9.9946E-05 0.00783518 0.00656459 0.566977 0.389394 9.9946E-05 0.0215395 9.9946E-05 9.9946E-05 0.00708996 9.9946E-05
0.219573 0.0455071 9.9955E-05 9.9955E-05 0.296463 0.330476 0.0442872 0.0627353 0.000458513 9.9955E-05 9.9955E-05 9.9955E-05
9.9955E-05 0.00100334 0.0404681 9.9955E-05 0.0060118 9.9955E-05 0.0127286 9.9955E-05 9.9955E-05 0.915403 0.0158333 0.00805171
9.9937E-05 9.9937E-05 0.0888987 0.0344397 0.00161668 9.9937E-05 0.028132 9.9937E-05 9.9937E-05 0.846213 9.9937E-05 9.9937E-05
9.99459E-05 9.99459E-05 0.107824 0.00899331 0.00551023 9.99459E-05 0.0786968 0.00604434 9.99459E-05 0.792332 9.99459E-05 9.99459E-05
9.9964E-05 9.9964E-05 0.194889 0.0927244 9.9964E-05 0.0102112 0.0576332 9.9964E-05 0.171898 0.285093 0.00697226 0.18018
9.99188E-05 9.99188E-05 0.991802 0.000394095 9.99188E-05 9.99188E-05 9.99188E-05 9.99188E-05 9.99188E-05 0.00690513 9.99188E-05 9.99188E-05
9.99007E-05 9.99007E-05 0.998901 9.99007E-05 9.99007E-05 9.99007E-05 9.99007E-05 9.99007E-05 9.99007E-05 9.99007E-05 9.99007E-05 9.99007E-05
0.857641 0.00715372 0.0453526 0.0337707 0.0342088 9.9955E-05 9.9955E-05 9.9955E-05 0.0132165 9.9955E-05 0.00815662 9.9955E-05
0.763894 0.00875975 0.0494992 0.0663005 0.0357022 9.9973E-05 9.9973E-05 9.9973E-05 0.0187147 0.0191051 0.0184607 0.0192643
0.910826 9.9937E-05 9.9937E-05 0.0367109 0.0404289 9.9937E-05 9.9937E-05 9.9937E-05 9.9937E-05 0.00501094 9.9937E-05 0.00632364
9.9937E-05 9.9937E-05 9.9937E-05 0.0375668 9.9937E-05 0.199125 9.9937E-05 0.70529 9.9937E-05 0.0211512 0.0361668 9.9937E-05
0.00345615 0.00941182 9.9964E-05 0.00433324 9.9964E-05 0.00119556 9.9964E-05 0.0203796 0.0335598 0.923283 0.00398085 9.9964E-05
9.9946E-05 0.0114657 9.9946E-05 9.9946E-05 0.00667868 9.9946E-05 9.9946E-05 9.9946E-05 0.00814802 0.899873 0.0113195 0.0619153
9.9937E-05 9.9937E-05 9.9937E-05 0.0180293 0.0102282 0.00499997 9.9937E-05 9.9937E-05 9.9937E-05 0.869214 9.9937E-05 0.096829
9.9937E-05 9.9937E-05 9.9937E-05 9.9937E-05 9.9937E-05 0.0511279 9.9937E-05 9.9937E-05 0.00938614 0.788375 0.00570754 0.144703
9.9964E-05 0.023969 9.9964E-05 9.9964E-05 9.9964E-05 0.014381 0.0392905 0.00245985 0.00515551 0.820298 0.00773816 0.0863081
9.991E-05 9.991E-05 9.991E-05 9.991E-05 9.991E-05 0.965299 9.991E-05 9.991E-05 9.991E-05 0.033702 9.991E-05 9.991E-05
0.0321929 0.0497466 0.281813 9.9964E-05 9.9964E-05 9.9964E-05 0.111859 0.0121726 0.0936254 0.109105 9.9964E-05 0.309086
9.9928E-05 9.9928E-05 0.0171319 9.9928E-05 0.0109783 9.9928E-05 9.9928E-05 0.947358 9.9928E-05 9.9928E-05 0.0237326 9.9928E-05
9.991E-05 9.991E-05 9.991E-05 9.991E-05 9.991E-05 0.969883 9.991E-05 9.991E-05 9.991E-05 0.0291178 9.991E-05 9.991E-05
0.713379 9.99279E-05 9.99279E-05 9.99279E-05 9.99279E-05 0.0267836 0.202827 0.0562116 9.99279E-05 9.99279E-05 9.99279E-05 9.99279E-05
9.99098E-05 9.99098E-05 9.99098E-05 9.99098E-05 0.0332002 0.965801 9.99098E-05 9.99098E-05 9.99098E-05 9.99098E-05 9.99098E-05 9.99098E-05
9.99008E-05 9.99008E-05 9.99008E-05 9.99008E-05 9.99008E-05 0.998901 9.99008E-05 9.99008E-05 9.99008E-05 9.99008E-05 9.99008E-05 9.99008E-05
9.99008E-05 9.99008E-05 9.99008E-05 9.99008E-05 9.99008E-05 0.998901 9.99008E-05 9.99008E-05 9.99008E-05 9.99008E-05 9.99008E-05 9.99008E-05
0.00787381 0.0350588 9.9928E-05 9.9928E-05 0.0355402 9.9928E-05 9.9928E-05 9.9928E-05 9.9928E-05 0.920728 9.9928E-05 9.9928E-05
9.9946E-05 9.9946E-05 9.9946E-05 9.9946E-05 9.9946E-05 0.00180132 0.0287481 0.0045788 9.9946E-05 0.938613 0.00145855 0.0242004
9.99189E-05 9.99189E-05 9.99189E-05 9.99189E-05 9.99189E-05 9.99189E-05 0.784862 9.99189E-05 9.99189E-05 0.144448 9.99189E-05 0.0697915
9.99369E-05 0.00768771 9.99369E-05 0.0419418 9.99369E-05 0.0436958 0.0263787 9.99369E-05 9.99369E-05 0.879596 9.99369E-05 9.99369E-05
9.9901E-05 9.9901E-05 9.9901E-05 9.9901E-05 9.9901E-05 9.9901E-05 9.9901E-05 9.9901E-05 9.9901E-05 0.998901 9.9901E-05 9.9901E-05
9.9919E-05 9.9919E-05 9.9919E-05 9.9919E-05 9.9919E-05 0.618842 9.9919E-05 9.9919E-05 9.9919E-05 0.228183 9.9919E-05 0.152076
0.0259506 9.9946E-05 0.101241 9.9946E-05 0.00171469 9.9946E-05 9.9946E-05 9.9946E-05 0.0338657 0.758336 9.9946E-05 0.0782917
0.0133476 9.9937E-05 0.144636 9.9937E-05 9.9937E-05 9.9937E-05 9.9937E-05 9.9937E-05 0.0205745 0.736994 9.9937E-05 0.0837482
0.0462168 9.9973E-05 0.353176 0.0183833 0.000893991 9.9973E-05 0.114383 9.9973E-05 0.00208407 0.105256 0.23317 0.126136
0.0024523 0.00437978 0.000338174 9.9973E-05 9.9973E-05 0.126935 0.00334918 0.83498 0.0124021 9.9973E-05 0.0100463 0.00481799
9.99371E-05 9.99371E-05 9.99371E-05 9.99371E-05 9.99371E-05 0.14936 0.0480539 0.00214945 9.99371E-05 0.637554 9.99371E-05 0.162183
0.283301 0.411184 9.9937E-05 9.9937E-05 9.9937E-05 0.0467666 9.9937E-05 9.9937E-05 0.0693317 9.9937E-05 9.9937E-05 0.188717
9.9919E-05 9.9919E-05 9.9919E-05 9.9919E-05 9.9919E-05 0.201095 9.9919E-05 9.9919E-05 9.9919E-05 0.512669 9.9919E-05 0.285338
9.9928E-05 0.0208211 9.9928E-05 0.0156186 9.9928E-05 0.0216487 9.9928E-05 9.9928E-05 9.9928E-05 0.941112 9.9928E-05 9.9928E-05
9.9928E-05 9.9928E-05 9.9928E-05 9.9928E-05 0.00641246 0.98546 9.9928E-05 9.9928E-05 0.00051985 0.00680854 9.9928E-05 9.9928E-05
9.9937E-05 9.9937E-05 9.9937E-05 0.0288036 0.114577 0.591952 9.9937E-05 9.9937E-05 9.9937E-05 0.236386 0.0275821 9.9937E-05
0.00740065 9.9937E-05 9.9937E-05 0.0556744 9.9937E-05 0.0569901 9.9937E-05 0.789204 9.9937E-05 9.9937E-05 0.0900309 9.9937E-05
9.9919E-05 9.9919E-05 0.0104786 0.927001 9.9919E-05 9.9919E-05 9.9919E-05 9.9919E-05 9.9919E-05 9.9919E-05 0.0616216 9.9919E-05
0.0158317 9.99371E-05 9.99371E-05 9.99371E-05 0.929594 0.0170399 0.000507627 9.99371E-05 9.99371E-05 9.99371E-05 0.0363273 9.99371E-05
9.9919E-05 9.9919E-05 9.9919E-05 9.9919E-05 0.0415465 0.0298664 9.9919E-05 9.9919E-05 9.9919E-05 9.9919E-05 0.927688 9.9919E-05
9.9955E-05 9.9955E-05 9.9955E-05 0.0119948 0.0346936 0.0546955 9.9955E-05 0.851427 9.9955E-05 0.0339203 0.010069 0.00269969
0.00213089 9.9937E-05 9.9937E-05 9.9937E-05 0.0220917 0.0825847 9.9937E-05 0.84685 9.9937E-05 0.0456432 9.9937E-05 9.9937E-05
9.99099E-05 9.99099E-05 9.99099E-05 9.99099E-05 9.99099E-05 9.99099E-05 0.000742422 9.99099E-05 9.99099E-05 9.99099E-05 0.998258 9.99099E-05
9.99549E-05 9.99549E-05 9.99549E-05 0.468922 0.126512 0.208604 0.126269 0.06612 0.0015791 0.00149401 9.99549E-05 9.99549E-05
9.9919E-05 9.9919E-05 9.9919E-05 9.9919E-05 9.9919E-05 0.0785023 9.9919E-05 0.849298 9.9919E-05 9.9919E-05 0.0713008 9.9919E-05
0.052081 0.0357774 0.323592 9.9964E-05 9.9964E-05 9.9964E-05 0.0920829 9.9964E-05 0.0292187 0.101752 0.2353 0.129796
0.909607 0.00648227 9.9937E-05 0.0174047 0.0385729 9.9937E-05 9.9937E-05 0.0272335 9.9937E-05 9.9937E-05 9.9937E-05 9.9937E-05
0.697523 9.99279E-05 9.99279E-05 9.99279E-05 9.99279E-05 0.027861 0.182198 0.0916187 9.99279E-05 9.99279E-05 9.99279E-05 9.99279E-05
9.99011E-05 0.998901 9.99011E-05 9.99011E-05 9.99011E-05 9.99011E-05 9.99011E-05 9.99011E-05 9.99011E-05 9.99011E-05 9.99011E-05 9.99011E-05
0.614983 9.9946E-05 9.9946E-05 9.9946E-05 0.0230057 9.9946E-05 0.21158 0.132609 0.00251308 0.0147096 9.9946E-05 9.9946E-05
0.835772 0.0119268 9.9937E-05 9.9937E-05 0.0995252 0.0133582 9.9937E-05 0.0387186 9.9937E-05 9.9937E-05 9.9937E-05 9.9937E-05
0.326628 9.99371E-05 9.99371E-05 9.99371E-05 0.0658709 0.00590362 9.99371E-05 0.595093 9.99371E-05 0.00580472 9.99371E-05 9.99371E-05
0.841114 0.033222 9.99461E-05 9.99461E-05 0.0730676 0.0232312 9.99461E-05 0.0273786 9.99461E-05 9.99461E-05 9.99461E-05 0.00138693
0.208157 0.00378123 9.9964E-05 0.121448 0.584774 9.9964E-05 0.0224893 9.9964E-05 0.0247643 0.0154563 0.0187297 9.9964E-05
0.905095 9.9928E-05 0.0354272 9.9928E-05 9.9928E-05 0.0130929 9.9928E-05 9.9928E-05 9.9928E-05 9.9928E-05 0.0455855 9.9928E-05
0.0765402 0.087762 0.259155 0.183754 0.0541701 9.99459E-05 9.99459E-05 9.99459E-05 9.99459E-05 9.99459E-05 0.338019 9.99459E-05
0.0429852 9.9946E-05 0.0616705 9.9946E-05 0.10804 0.0720274 9.9946E-05 9.9946E-05 0.0384331 9.9946E-05 0.676244 9.9946E-05
0.175639 0.0159879 0.155104 0.171923 0.111784 0.207687 0.00342487 0.0988034 9.99731E-05 9.99731E-05 0.0593461 9.99731E-05
0.833183 0.00835299 9.9964E-05 0.0158065 0.0550877 0.031724 0.0169345 9.9964E-05 9.9964E-05 0.0259404 0.0125713 9.9964E-05
9.9928E-05 0.0201146 9.9928E-05 9.9928E-05 9.9928E-05 9.9928E-05 9.9928E-05 9.9928E-05 9.9928E-05 0.833472 0.00943493 0.136179
9.9937E-05 9.9937E-05 9.9937E-05 9.9937E-05 0.942192 0.021485 0.00394433 9.9937E-05 9.9937E-05 0.0142305 0.0174484 9.9937E-05
0.0797172 0.0620393 0.334471 0.267211 0.0461614 9.9946E-05 9.9946E-05 9.9946E-05 9.9946E-05 9.9946E-05 0.2098 9.9946E-05
9.9928E-05 9.9928E-05 9.9928E-05 0.0204426 0.935791 0.018424 0.0245426 9.9928E-05 9.9928E-05 9.9928E-05 9.9928E-05 9.9928E-05
9.9919E-05 9.9919E-05 0.15464 9.9919E-05 9.9919E-05 9.9919E-05 9.9919E-05 9.9919E-05 9.9919E-05 0.760374 9.9919E-05 0.084086
9.9928E-05 9.9928E-05 0.0179641 9.9928E-05 9.9928E-05 0.0334817 9.9928E-05 0.938964 9.9928E-05 9.9928E-05 9.9928E-05 0.00879059
9.9937E-05 0.938526 9.9937E-05 9.9937E-05 9.9937E-05 9.9937E-05 9.9937E-05 0.0127107 0.00229829 0.0249732 9.9937E-05 0.0207924
0.0423372 0.689865 0.0318697 9.9955E-05 9.9955E-05 9.9955E-05 9.9955E-05 0.0446359 0.00997693 9.9955E-05 0.049139 0.131676
0.917867 0.0208532 9.9937E-05 0.0445418 0.00450897 9.9937E-05 9.9937E-05 0.0115295 9.9937E-05 9.9937E-05 9.9937E-05 9.9937E-05
0.230893 0.0421616 9.9946E-05 9.9946E-05 0.279285 0.359474 0.0018679 0.0857191 9.9946E-05 9.9946E-05 9.9946E-05 9.9946E-05
9.991E-05 9.991E-05 9.991E-05 9.991E-05 9.991E-05 9.991E-05 0.00220722 0.996794 9.991E-05 9.991E-05 9.991E-05 9.991E-05
9.9901E-05 9.9901E-05 9.9901E-05 9.9901E-05 9.9901E-05 9.9901E-05 9.9901E-05 0.998901 9.9901E-05 9.9901E-05 9.9901E-05 9.9901E-05
0.00898637 9.9982E-05 0.0102711 0.0386563 0.237686 0.415694 0.103723 0.0583326 0.0524623 0.0170944 9.9982E-05 0.0568939
0.2743 0.0210912 9.9946E-05 9.9946E-05 0.342754 0.293966 0.0223163 0.0449727 9.9946E-05 9.9946E-05 9.9946E-05 9.9946E-05
9.9928E-05 9.9928E-05 0.128493 0.0159823 9.9928E-05 9.9928E-05 0.041467 9.9928E-05 9.9928E-05 0.813258 9.9928E-05 9.9928E-05
9.99007E-05 9.99007E-05 0.998901 9.99007E-05 9.99007E-05 9.99007E-05 9.99007E-05 9.99007E-05 9.99007E-05 9.99007E-05 9.99007E-05 9.99007E-05
9.9928E-05 9.9928E-05 0.235995 9.9928E-05 9.9928E-05 9.9928E-05 9.9928E-05 9.9928E-05 0.208974 0.439757 9.9928E-05 0.114474
0.0129072 0.0723158 0.435625 9.99459E-05 9.99459E-05 0.0328672 9.99459E-05 9.99459E-05 0.280439 9.99459E-05 9.99459E-05 0.165246
9.9937E-05 0.021938 0.515819 9.9937E-05 9.9937E-05 0.0598698 9.9937E-05 9.9937E-05 0.267964 9.9937E-05 9.9937E-05 0.133709
9.9937E-05 9.9937E-05 0.347243 9.9937E-05 9.9937E-05 9.9937E-05 9.9937E-05 0.0174736 0.167336 0.194348 9.9937E-05 0.2729
9.99007E-05 9.99007E-05 0.998901 9.99007E-05 9.99007E-05 9.99007E-05 9.99007E-05 9.99007E-05 9.99007E-05 9.99007E-05 9.99007E-05 9.99007E-05
0.0083809 0.0351796 0.37003 9.9982E-05 0.0108968 0.0170885 0.0318515 0.00253453 0.30179 0.0685516 9.9982E-05 0.153496
0.0229683 9.9937E-05 0.357588 9.9937E-05 9.9937E-05 9.9937E-05 9.9937E-05 9.9937E-05 0.144365 0.102208 9.9937E-05 0.372171
0.0479571 0.0370919 0.53087 0.149335 9.99549E-05 0.0438941 9.99549E-05 0.0336302 9.99549E-05 9.99549E-05 0.156723 9.99549E-05
0.0114399 9.9946E-05 0.337402 9.9946E-05 9.9946E-05 9.9946E-05 0.0185301 9.9946E-05 0.163289 0.240159 9.9946E-05 0.228581
0.0829486 0.0482006 0.560377 0.141032 9.99549E-05 0.0181352 0.00515541 9.99549E-05 9.99549E-05 9.99549E-05 0.143652 9.99549E-05
9.9937E-05 9.9937E-05 9.9937E-05 0.127606 0.0569568 9.9937E-05 0.0439051 0.0741599 9.9937E-05 9.9937E-05 0.696673 9.9937E-05
9.99099E-05 9.99099E-05 9.99099E-05 9.99099E-05 9.99099E-05 9.99099E-05 0.847634 9.99099E-05 9.99099E-05 9.99099E-05 0.151367 9.99099E-05
9.9964E-05 0.0188538 0.393192 0.0856833 0.0451568 9.9964E-05 0.00911526 9.9964E-05 0.0984119 0.162283 9.9964E-05 0.186904
9.9973E-05 0.0226375 0.320407 0.152835 0.0879358 0.000779138 0.00893544 9.9973E-05 0.0903905 0.156752 9.9973E-05 0.159028
9.99008E-05 9.99008E-05 0.998901 9.99008E-05 9.99008E-05 9.99008E-05 9.99008E-05 9.99008E-05 9.99008E-05 9.99008E-05 9.99008E-05 9.99008E-05
9.9946E-05 0.00665231 0.385955 9.9946E-05 9.9946E-05 9.9946E-05 0.00667314 9.9946E-05 0.136246 0.240924 9.9946E-05 0.222951
0.0993497 0.00293793 9.99461E-05 9.99461E-05 0.824517 0.00399378 9.99461E-05 9.99461E-05 9.99461E-05 9.99461E-05 0.0585377 0.0100644
9.9928E-05 9.9928E-05 0.0687677 9.9928E-05 0.0112982 9.9928E-05 0.0775093 9.9928E-05 9.9928E-05 0.841625 9.9928E-05 9.9928E-05
0.0201717 0.00188675 0.501082 9.9946E-05 9.9946E-05 0.0447714 9.9946E-05 9.9946E-05 0.286926 9.9946E-05 9.9946E-05 0.144562
9.9946E-05 0.0103876 0.41587 9.9946E-05 9.9946E-05 9.9946E-05 0.0275799 9.9946E-05 0.0577902 0.224982 9.9946E-05 0.26279
9.9946E-05 0.0198911 0.447982 9.9946E-05 9.9946E-05 9.9946E-05 0.0104566 9.9946E-05 0.293823 0.0790879 9.9946E-05 0.148159
0.000896219 0.000682919 0.347394 9.9964E-05 9.9964E-05 0.0186283 0.0424994 9.9964E-05 0.265804 0.0707341 9.9964E-05 0.252961
0.681168 9.99369E-05 9.99369E-05 9.99369E-05 9.99369E-05 0.0243856 0.196373 0.0625884 9.99369E-05 9.99369E-05 0.0347858 9.99369E-05
0.305466 0.0233753 9.9964E-05 0.0642394 0.460046 0.0174566 0.0651525 0.0358317 0.0280336 9.9964E-05 9.9964E-05 9.9964E-05
9.9946E-05 0.00541793 0.12361 9.9946E-05 9.9946E-05 9.9946E-05 9.9946E-05 9.9946E-05 0.0267659 0.727106 0.0138015 0.102699
9.9919E-05 9.9919E-05 9.9919E-05 0.0297973 0.954743 9.9919E-05 9.9919E-05 9.9919E-05 9.9919E-05 9.9919E-05 0.01456 9.9919E-05
0.657084 9.99459E-05 9.99459E-05 9.99459E-05 9.99459E-05 0.0557778 0.219342 0.0565383 9.99459E-05 0.00601648 0.00464162 9.99459E-05
9.99369E-05 0.0169563 0.0293033 0.863383 9.99369E-05 9.99369E-05 9.99369E-05 0.0363712 9.99369E-05 9.99369E-05 0.0532864 9.99369E-05
9.9901E-05 9.9901E-05 9.9901E-05 9.9901E-05 9.9901E-05 9.9901E-05 9.9901E-05 9.9901E-05 9.9901E-05 0.998901 9.9901E-05 9.9901E-05
9.991E-05 0.027759 9.991E-05 9.991E-05 9.991E-05 9.991E-05 9.991E-05 9.991E-05 9.991E-05 0.971242 9.991E-05 9.991E-05
9.99371E-05 0.0279681 9.99371E-05 0.0273709 0.0419159 9.99371E-05 9.99371E-05 9.99371E-05 0.00591864 0.896127 9.99371E-05 9.99371E-05
9.99281E-05 9.99281E-05 9.99281E-05 9.99281E-05 9.99281E-05 0.0019281 9.99281E-05 9.99281E-05 0.00517192 0.969952 9.99281E-05 0.0221482
9.9946E-05 9.9946E-05 9.9946E-05 0.0498163 9.9946E-05 0.159122 9.9946E-05 0.716565 9.9946E-05 0.0291476 0.0427143 0.00203556
0.0715598 0.0582118 9.9937E-05 9.9937E-05 9.9937E-05 0.00950602 9.9937E-05 9.9937E-05 9.9937E-05 0.814294 9.9937E-05 0.045729
0.701026 9.99279E-05 9.99279E-05 9.99279E-05 9.99279E-05 0.0250977 0.173419 0.099658 9.99279E-05 9.99279E-05 9.99279E-05 9.99279E-05
0.914895 9.9937E-05 0.0327617 9.9937E-05 0.00771784 9.9937E-05 0.0081252 9.9937E-05 9.9937E-05 9.9937E-05 0.0358006 9.9937E-05
0.856817 9.9919E-05 9.9919E-05 9.9919E-05 9.9919E-05 0.0896474 9.9919E-05 9.9919E-05 0.0526366 9.9919E-05 9.9919E-05 9.9919E-05
0.927616 0.016084 0.0271991 9.9955E-05 9.9955E-05 0.00352158 9.9955E-05 0.0070001 9.9955E-05 0.00172427 0.0163557 9.9955E-05
0.860456 0.0141578 9.9946E-05 9.9946E-05 0.0402414 0.0557658 9.9946E-05 0.013203 9.9946E-05 9.9946E-05 9.9946E-05 0.0155763
0.0750625 0.0720859 0.365867 9.9964E-05 0.0123488 0.0268091 9.9964E-05 0.002395 0.398641 9.9964E-05 9.9964E-05 0.046391
0.0570907 0.0787915 0.399702 9.9955E-05 9.9955E-05 9.9955E-05 9.9955E-05 0.021373 0.40734 0.000250351 9.9955E-05 0.0349521
0.000263863 9.9955E-05 0.0218793 0.0254225 9.9955E-05 0.022547 9.9955E-05 0.00813097 0.886256 9.9955E-05 0.0350007 9.9955E-05
0.0294472 0.000964646 9.9937E-05 9.9937E-05 9.9937E-05 9.9937E-05 9.9937E-05 9.9937E-05 0.873094 0.0954899 9.9937E-05 0.000304501
0.0190282 0.00302546 9.9955E-05 9.9955E-05 0.00814713 9.9955E-05 0.0506834 9.9955E-05 0.909693 9.9955E-05 0.00520188 0.00372133
0.028893 0.0181182 9.99551E-05 0.0206379 9.99551E-05 9.99551E-05 0.0334647 0.0415902 0.281381 9.99551E-05 0.575415 9.99551E-05
9.9928E-05 9.9928E-05 0.00614283 0.00662687 0.0603992 9.9928E-05 9.9928E-05 9.9928E-05 0.926032 9.9928E-05 9.9928E-05 9.9928E-05
