0.142302 0.129428 0.0211649 0.663679 0.0379562 0.00546964
0.165869 0.454602 0.0111037 0.324883 0.00638023 0.0371619
0.167945 0.424144 0.0341244 0.22996 0.0948809 0.0489455
0.172476 0.110131 0.00783002 0.696433 0.0130301 9.9991E-05
9.9982E-05 0.943931 0.0147018 0.0326745 9.9982E-05 0.00849235
0.204366 0.404382 0.02255 0.278406 9.9991E-05 0.0901953
9.9982E-05 9.9982E-05 0.510632 0.370561 0.110643 0.00796326
9.9964E-05 9.9964E-05 0.997126 0.00247378 9.9964E-05 9.9964E-05
0.0161475 9.9982E-05 0.967065 9.9982E-05 0.0112431 0.00534421
9.996E-05 9.996E-05 0.9995 9.996E-05 9.996E-05 9.996E-05
0.0140183 0.0455953 9.9982E-05 0.079134 0.861052 9.9982E-05
9.9973E-05 9.9973E-05 0.0164874 0.0284491 0.954764 9.9973E-05
9.9973E-05 9.9973E-05 0.0200687 0.0322854 0.947346 9.9973E-05
9.9964E-05 9.9964E-05 9.9964E-05 0.0146873 0.984913 9.9964E-05
0.027538 9.9982E-05 0.00658802 0.115367 9.9982E-05 0.850307
9.9973E-05 9.9973E-05 0.989997 0.00937689 9.9973E-05 0.000326682
9.9964E-05 9.9964E-05 9.9964E-05 0.789175 0.210426 9.9964E-05
9.9964E-05 9.9964E-05 9.9964E-05 9.9964E-05 0.0891929 0.910407
0.0556239 9.9982E-05 9.9982E-05 0.147013 0.195676 0.601487
9.9973E-05 9.9973E-05 0.00917585 9.9973E-05 0.589841 0.400683
0.00643615 9.9991E-05 0.0350429 0.0636068 0.0446071 0.850207
9.9973E-05 9.9973E-05 0.0146725 9.9973E-05 0.885966 0.0990612
9.9973E-05 9.9973E-05 0.0161995 9.9973E-05 0.0836956 0.899805
0.00472123 9.9991E-05 0.0107935 0.0416967 0.806848 0.135841
9.9964E-05 9.9964E-05 9.9964E-05 9.9964E-05 0.923042 0.0765584
9.9973E-05 9.9973E-05 9.9973E-05 0.00553693 0.0210132 0.97315
9.9973E-05 9.9973E-05 0.0131159 9.9973E-05 0.082757 0.903827
0.0825941 0.00214014 0.00535372 0.00157995 0.275985 0.632347
0.0294453 9.9982E-05 0.0254958 9.9982E-05 0.0177575 0.927101
0.00386571 0.00947189 9.9982E-05 9.9982E-05 0.0191866 0.967276
0.00854755 9.9973E-05 9.9973E-05 9.9973E-05 0.951778 0.0393746
9.9964E-05 9.9964E-05 9.9964E-05 0.0760904 0.92351 9.9964E-05
9.99641E-05 9.99641E-05 9.99641E-05 9.99641E-05 0.0733804 0.92622
0.00931119 0.0152681 0.0204074 9.9991E-05 0.772053 0.18286
9.9982E-05 0.00700642 0.00956588 9.9982E-05 0.0330014 0.950226
9.9973E-05 0.012751 9.9973E-05 9.9973E-05 0.957253 0.0296957
9.9973E-05 0.00571136 9.9973E-05 9.9973E-05 0.0790967 0.914892
0.0288006 9.9973E-05 9.9973E-05 9.9973E-05 0.913499 0.0574005
0.157882 0.195231 0.00239486 0.644292 9.9982E-05 9.9982E-05
0.173736 0.825864 9.9964E-05 9.9964E-05 9.9964E-05 9.9964E-05
9.9973E-05 0.0885199 9.9973E-05 0.0482744 0.862906 9.9973E-05
9.9964E-05 9.9964E-05 9.9964E-05 9.9964E-05 0.0256436 0.973956
0.00628934 9.9982E-05 0.0059137 9.9982E-05 0.937769 0.0498281
0.40317 0.196663 9.9982E-05 0.304969 0.094998 9.9982E-05
0.060334 9.9991E-05 0.05415 0.115154 0.215371 0.554892
9.9982E-05 9.9982E-05 0.0407272 0.0931973 0.507902 0.357974
0.00588789 0.0358738 0.0364575 0.00482118 0.0470755 0.869884
0.216389 0.464114 0.00413082 0.245731 0.00599873 0.0636363
0.679576 0.206088 0.0139164 0.0810223 0.0192969 9.9991E-05
9.9973E-05 9.9973E-05 0.0198711 0.969457 0.0103718 9.9973E-05
9.9982E-05 9.9982E-05 0.00866728 0.856558 0.119019 0.0155559
0.00290797 9.9991E-05 0.00909565 0.808692 0.169115 0.0100895
9.996E-05 9.996E-05 9.996E-05 0.9995 9.996E-05 9.996E-05
9.9991E-05 0.0194267 0.943517 0.00348733 0.0330198 0.00044944
9.9982E-05 0.011585 0.958885 0.0132898 0.0160406 9.9982E-05
9.9982E-05 9.9982E-05 0.0496753 0.220254 0.712332 0.0175396
9.9964E-05 9.9964E-05 9.9964E-05 9.9964E-05 0.9405 0.0591006
0.0618737 0.233628 0.0608997 0.378356 0.0188503 0.246392
0.0166746 0.940813 0.00180911 0.0405029 9.9982E-05 9.9982E-05
0.39629 0.523459 9.9982E-05 0.0465426 9.9982E-05 0.0335087
9.99639E-05 9.99639E-05 9.99639E-05 0.813811 0.18579 9.99639E-05
9.9973E-05 9.9973E-05 9.9973E-05 0.81161 0.178617 0.00947365
0.0709077 0.00240581 9.9982E-05 0.733307 0.19318 9.9982E-05
9.9964E-05 9.9964E-05 0.986687 0.0129131 9.9964E-05 9.9964E-05
0.030153 0.930984 0.00548652 0.0331769 9.9982E-05 9.9982E-05
9.9973E-05 9.9973E-05 9.9973E-05 0.732325 0.251961 0.0154145
0.0698396 0.120048 0.0519425 0.75797 9.9982E-05 9.9982E-05
9.9964E-05 9.9964E-05 9.9964E-05 9.9964E-05 0.968461 0.0311387
9.996E-05 9.996E-05 9.996E-05 9.996E-05 0.9995 9.996E-05
0.0222839 0.0432239 0.789792 0.101208 9.9991E-05 0.0433926
0.00988632 0.00246159 0.800066 0.104982 0.0249145 0.0576902
0.00360199 0.0153085 0.862578 0.0648214 0.0535897 9.9991E-05
9.9973E-05 0.0168892 0.98137 0.00144106 9.9973E-05 9.9973E-05
9.9973E-05 9.9973E-05 0.9625 0.0180482 0.0191517 9.9973E-05
9.9964E-05 9.9964E-05 0.976061 0.0235389 9.9964E-05 9.9964E-05
9.9964E-05 9.9964E-05 0.995442 9.9964E-05 9.9964E-05 0.00415841
9.9973E-05 0.00987323 0.980361 9.9973E-05 9.9973E-05 0.00946583
0.0136872 9.9973E-05 0.977377 9.9973E-05 0.00863618 9.9973E-05
9.996E-05 9.996E-05 0.9995 9.996E-05 9.996E-05 9.996E-05
0.0126719 0.0192588 0.951934 0.0141425 0.00189255 9.9991E-05
9.9991E-05 0.00676045 0.946692 0.0223659 0.0113501 0.012732
0.00867651 9.9982E-05 0.945404 0.0301842 0.0155356 9.9982E-05
9.9973E-05 9.9973E-05 0.540173 9.9973E-05 0.0477991 0.411728
9.9964E-05 9.9964E-05 0.557813 9.9964E-05 9.9964E-05 0.441787
9.9964E-05 9.9964E-05 0.996658 9.9964E-05 0.00294249 9.9964E-05
9.9964E-05 9.9964E-05 0.949443 0.0501576 9.9964E-05 9.9964E-05
9.9982E-05 0.0134388 0.924481 0.0548484 9.9982E-05 0.00703199
9.9982E-05 0.0149474 0.936655 9.9982E-05 0.0226973 0.0255007
9.996E-05 9.996E-05 0.9995 9.996E-05 9.996E-05 9.996E-05
9.9973E-05 9.9973E-05 0.534952 9.9973E-05 0.0363607 0.428388
0.022041 0.030013 0.867625 0.00183266 0.0452752 0.0332132
0.0182123 0.00480456 0.930996 0.0390755 0.00681207 9.9991E-05
9.9973E-05 0.0111284 0.952807 0.0357643 9.9973E-05 9.9973E-05
0.0152915 0.0036629 0.960704 9.9982E-05 9.9982E-05 0.0201418
0.00183065 0.00720187 0.900006 0.0405698 0.0325664 0.017825
9.9964E-05 9.9964E-05 0.934839 0.0647612 9.9964E-05 9.9964E-05
0.0790889 0.0954225 9.9991E-05 0.165085 0.0173012 0.643003
0.0227161 0.0149721 0.94157 0.00219881 9.9991E-05 0.0184432
9.9973E-05 9.9973E-05 0.968904 9.9973E-05 0.0143594 0.0164363
0.0846564 0.0436456 0.720465 0.0628852 0.00875842 0.0795888
9.996E-05 9.996E-05 0.9995 9.996E-05 9.996E-05 9.996E-05
9.9964E-05 9.9964E-05 0.993426 0.0061741 9.9964E-05 9.9964E-05
0.00209496 0.00218266 0.98685 0.00603778 0.00273502 9.9991E-05
9.9982E-05 9.9982E-05 0.959544 0.0221598 0.0114166 0.00667926
0.0171627 0.00916663 0.0279848 9.9991E-05 0.00342718 0.942159
9.996E-05 9.996E-05 0.9995 9.996E-05 9.996E-05 9.996E-05
0.0124753 9.9973E-05 0.963261 0.0239633 9.9973E-05 9.9973E-05
0.0133718 9.9964E-05 0.986228 9.9964E-05 9.9964E-05 9.9964E-05
0.0134307 9.9991E-05 0.0208215 0.0441479 0.301692 0.619808
0.016453 0.0261034 0.929227 0.0231635 9.9991E-05 0.00495267
0.0088998 9.9982E-05 0.929431 0.0138419 0.0476269 9.9982E-05
0.0168743 9.9973E-05 0.981805 9.9973E-05 9.9973E-05 0.0010206
9.99721E-05 9.99721E-05 0.993552 9.99721E-05 0.00604793 9.99721E-05
9.9982E-05 9.9982E-05 0.0253029 0.0710378 0.228198 0.675261
9.9964E-05 0.0055255 0.994075 9.9964E-05 9.9964E-05 9.9964E-05
0.0165161 0.00424811 0.906536 0.0690472 9.9991E-05 0.00355253
9.9973E-05 9.9973E-05 0.522303 9.9973E-05 0.00495714 0.47244
9.9964E-05 9.9964E-05 0.995648 9.9964E-05 0.00395243 9.9964E-05
0.00370937 9.9991E-05 0.0315742 0.00026046 0.747145 0.217211
9.9973E-05 0.0279443 9.9973E-05 9.9973E-05 0.670042 0.301714
0.0243752 0.0124834 0.00112246 9.9991E-05 0.878288 0.0836306
9.9991E-05 0.0240981 0.0374252 0.0115507 0.0393654 0.887461
0.0185751 0.00432249 0.0411368 0.714457 0.221409 9.9991E-05
0.000940121 0.00486979 0.0581729 9.9991E-05 0.859734 0.0761837
0.0429865 0.0337175 0.00264766 0.271797 0.444388 0.204463
9.9982E-05 0.0175673 0.0423754 9.9982E-05 0.765599 0.174258
0.0640872 9.9973E-05 9.9973E-05 9.9973E-05 0.660588 0.275025
0.0320336 9.9982E-05 0.0314143 9.9982E-05 0.721274 0.215078
0.0975916 0.0182064 9.9982E-05 9.9982E-05 0.598275 0.285727
0.0476621 0.0335137 9.9982E-05 9.9982E-05 0.573141 0.345483
0.00888511 0.0366112 0.0143393 9.9991E-05 0.922397 0.0176679
0.0250767 0.0149065 0.0185461 0.00840445 0.932966 9.9991E-05
0.00291695 0.022958 0.0543466 9.9991E-05 0.912303 0.00737518
0.0737802 9.9991E-05 0.0506666 0.0153602 0.0813751 0.778718
0.556532 0.390981 0.00174025 0.0493342 0.00125341 0.000159166
0.513563 0.390828 0.0332304 0.0598627 9.9991E-05 0.00241584
0.147306 0.747349 0.0167037 0.0839692 0.00457152 9.9991E-05
0.0475082 0.0221633 0.079346 0.328419 0.173706 0.348857
0.54142 0.362848 0.0122964 0.0832355 9.9982E-05 9.9982E-05
0.467925 0.392711 0.0185894 0.100074 9.9991E-05 0.0206007
0.0228633 0.0448773 0.136246 0.138461 0.536023 0.121529
0.399785 0.544614 0.00577526 0.0496257 9.9982E-05 9.9982E-05
0.420601 0.459243 0.0319937 0.025069 0.0276402 0.0354538
0.455107 0.485534 9.9982E-05 0.0496329 0.00952603 9.9982E-05
0.605101 0.207482 0.0255854 0.111143 0.00669354 0.0439951
0.600022 0.235485 0.0465022 0.0662011 0.000968105 0.0508221
0.473313 0.4479 9.9991E-05 0.0255299 0.0274998 0.0256574
0.0474961 9.9991E-05 0.00762887 0.853395 0.0751997 0.0161803
0.145681 0.807705 0.00425531 0.012017 9.9991E-05 0.0302426
9.9982E-05 9.9982E-05 0.0391197 0.0574821 0.00829732 0.894901
9.9982E-05 0.00703525 0.0323135 9.9982E-05 0.0455541 0.914897
0.0175857 0.901811 0.0410127 0.0238941 9.9991E-05 0.0155966
0.069004 0.185862 0.130182 0.209167 0.183812 0.221973
0.0418444 9.9982E-05 9.9982E-05 0.70123 0.222826 0.0338997
0.0715014 0.0734694 9.9982E-05 0.0526471 0.802182 9.9982E-05
0.0328782 0.00586604 0.00851229 0.0101132 0.11329 0.829341
0.174544 0.114156 0.0479635 0.0134776 0.634089 0.0157694
0.0488529 9.9982E-05 9.9982E-05 0.69129 0.223815 0.0358421
0.607698 0.261319 0.00516983 0.0426299 0.0243952 0.0587881
9.9973E-05 9.9973E-05 0.00498289 0.829606 0.165111 9.9973E-05
0.0809862 0.116559 0.0641646 0.547143 0.0931799 0.0979675
9.9964E-05 9.9964E-05 0.0441776 9.9964E-05 9.9964E-05 0.955423
0.137849 0.775581 0.0186367 0.0018238 0.0336323 0.032477
9.9973E-05 0.467192 0.00859477 9.9973E-05 0.523914 9.9973E-05
9.9982E-05 0.937515 0.00872425 9.9982E-05 0.0346146 0.0189465
0.0834987 0.103343 0.0276549 0.357268 0.40608 0.0221555
9.996E-05 0.9995 9.996E-05 9.996E-05 9.996E-05 9.996E-05
9.9982E-05 0.0213796 9.9982E-05 0.679715 0.282279 0.0164264
9.9982E-05 0.845429 0.0480161 9.9982E-05 0.0489318 0.0574229
0.00729204 0.850491 0.000264175 0.0499049 0.0797574 0.01229
9.9982E-05 0.0644928 0.00129111 9.9982E-05 0.0306525 0.903364
0.197058 0.152577 9.9991E-05 0.0937122 0.151201 0.405351
0.05185 0.0636712 0.0299495 0.0998907 0.422726 0.331912
0.842327 0.0420561 0.023263 0.0351784 0.0165572 0.0406185
0.937389 0.00271281 9.9982E-05 0.0186016 0.0410962 9.9982E-05
0.879865 0.0135109 9.9991E-05 0.0779052 0.0105527 0.0180666
0.870164 9.9991E-05 0.0107384 0.0554961 0.0477751 0.015726
0.0329368 9.9973E-05 9.9973E-05 0.00689876 9.9973E-05 0.959865
9.9982E-05 0.0315109 0.0176921 0.0189051 9.9982E-05 0.931692
0.0185325 9.9991E-05 0.0335369 0.0751078 0.0824339 0.790289
0.529764 0.372648 9.9982E-05 0.0813045 0.0160837 9.9982E-05
0.130764 0.194065 0.141291 0.188666 0.16657 0.178644
0.0883017 0.0314673 0.164679 0.296445 0.00632069 0.412787
0.0198087 0.0100052 0.029196 0.0742273 0.0583997 0.808363
0.0345178 0.0201442 0.0803457 0.131922 0.0718143 0.661256
0.100517 0.0187483 0.0381179 0.0694334 9.9991E-05 0.773084
0.0699097 0.071885 0.158963 0.178165 0.00375612 0.517322
0.0800812 0.0548419 0.0220183 0.768831 0.0416495 0.0325778
0.00811445 9.9982E-05 9.9982E-05 0.0362877 0.929707 0.0256908
0.0201323 9.9991E-05 0.0635111 0.0518647 0.616815 0.247577
9.996E-05 0.9995 9.996E-05 9.996E-05 9.996E-05 9.996E-05
9.9964E-05 0.954876 9.9964E-05 0.0447243 9.9964E-05 9.9964E-05
9.9973E-05 0.904265 9.9973E-05 0.0570744 0.0383609 9.9973E-05
0.326361 0.454586 0.000363934 0.218489 9.9982E-05 9.9982E-05
0.121351 0.370748 0.046819 0.435207 9.9991E-05 0.0257752
0.0900494 0.408011 0.0577255 0.409788 9.9991E-05 0.0343257
0.0140794 9.9982E-05 0.00393052 0.0438829 9.9982E-05 0.937907
0.049251 0.0382415 0.0141805 0.038698 0.0205809 0.839048
9.9991E-05 0.00458682 0.0122285 0.0110382 0.00480395 0.967243
9.9973E-05 0.0141867 9.9973E-05 0.693326 0.292187 9.9973E-05
9.9982E-05 0.960589 0.0192703 9.9982E-05 0.0127973 0.00714315
9.9973E-05 0.983463 0.00322659 9.9973E-05 9.9973E-05 0.0130107
0.0180133 0.968234 0.00129876 9.9982E-05 0.0122543 9.9982E-05
0.0795791 0.899733 9.9973E-05 9.9973E-05 0.0203878 9.9973E-05
0.0295479 0.903131 0.015047 9.9982E-05 0.0520745 9.9982E-05
9.9973E-05 0.112791 9.9973E-05 0.0539213 0.832988 9.9973E-05
0.363664 0.32616 0.0789 0.157296 9.9991E-05 0.0738807
9.99639E-05 9.99639E-05 9.99639E-05 0.794069 0.205531 9.99639E-05
9.9973E-05 0.0958269 9.9973E-05 0.0624195 0.841454 9.9973E-05
0.0263908 0.0219069 9.9982E-05 0.141098 9.9982E-05 0.810404
9.9964E-05 9.9964E-05 9.9964E-05 0.0366987 0.962901 9.9964E-05
9.9964E-05 9.9964E-05 9.9964E-05 0.126206 0.873394 9.9964E-05
0.0065079 0.00071245 0.0111183 0.113619 0.867942 9.9991E-05
9.9982E-05 0.934662 0.0217935 9.9982E-05 0.00882961 0.0345147
9.996E-05 0.9995 9.996E-05 9.996E-05 9.996E-05 9.996E-05
0.200824 0.420848 0.00247183 0.273738 0.0203086 0.0818092
9.9973E-05 0.940269 0.0210631 9.9973E-05 0.0383675 9.9973E-05
9.996E-05 0.9995 9.996E-05 9.996E-05 9.996E-05 9.996E-05
0.0281453 0.400902 0.0149351 9.9982E-05 0.555818 9.9982E-05
0.0859363 0.867333 9.9982E-05 0.00865592 9.9982E-05 0.0378752
0.0951407 0.864072 9.9982E-05 0.0231753 9.9982E-05 0.0174121
0.184455 0.281429 0.0366132 0.393911 9.9991E-05 0.103492
0.00216173 9.9982E-05 0.0113472 0.723595 0.262696 9.9982E-05
0.117317 0.762334 9.9982E-05 0.038283 0.0818656 9.9982E-05
0.21185 0.023504 0.428972 9.9991E-05 0.0316767 0.303897
0.0930515 0.737059 9.9982E-05 0.0165071 0.153182 9.9982E-05
9.9973E-05 0.977674 0.0123476 9.9973E-05 0.00967822 9.9973E-05
0.0105516 0.0411896 0.00278992 0.0420148 0.903354 9.9991E-05
9.9973E-05 0.292801 9.9973E-05 0.0591118 0.647787 9.9973E-05
9.9973E-05 9.9973E-05 9.9973E-05 0.800807 0.183143 0.0157494
9.9973E-05 0.0346536 9.9973E-05 0.962684 9.9973E-05 0.00236258
9.9964E-05 9.9964E-05 9.9964E-05 9.9964E-05 0.910589 0.0890109
9.9982E-05 9.9982E-05 0.0139054 0.864568 0.116102 0.00522401
9.9964E-05 9.9964E-05 9.9964E-05 0.727556 0.272044 9.9964E-05
9.9973E-05 0.0306329 9.9973E-05 0.643626 0.325441 9.9973E-05
9.99639E-05 9.99639E-05 9.99639E-05 0.997528 0.00207257 9.99639E-05
0.0486973 0.0410687 0.0126754 0.57379 0.323669 9.9991E-05
9.9964E-05 9.9964E-05 9.9964E-05 0.786605 0.212995 9.9964E-05
0.188592 0.265136 0.0479642 0.40287 9.9991E-05 0.095338
9.9973E-05 9.9973E-05 0.00226168 9.9973E-05 0.0348046 0.962634
0.0228292 0.0362482 9.9982E-05 0.161116 9.9982E-05 0.779607
9.996E-05 9.996E-05 0.9995 9.996E-05 9.996E-05 9.996E-05
0.0413875 0.0489404 9.9991E-05 0.18466 0.0484803 0.676431
9.9973E-05 9.9973E-05 0.023825 9.9973E-05 0.111361 0.864514
9.9973E-05 9.9973E-05 9.9973E-05 0.407405 0.258549 0.333746
9.9973E-05 9.9973E-05 0.0133538 9.9973E-05 0.104452 0.881894
0.024421 0.0163498 0.0342069 0.0855326 0.548231 0.291259
0.0107206 0.00105907 9.9982E-05 0.0201993 9.9982E-05 0.967821
0.025491 0.0248287 0.137861 0.613205 0.0380457 0.160569
0.058626 9.9982E-05 9.9982E-05 0.705008 0.157002 0.0791642
0.0391957 0.0189539 0.0404464 0.365705 0.322202 0.213497
9.9991E-05 0.0278377 0.0146711 0.0118423 0.059613 0.885936
0.0101972 0.970834 0.0186692 9.9973E-05 9.9973E-05 9.9973E-05
9.9973E-05 0.0114326 9.9973E-05 9.9973E-05 0.945591 0.0426768
0.110136 0.00965123 0.0932714 0.61171 9.9991E-05 0.175131
9.9964E-05 9.9964E-05 9.9964E-05 9.9964E-05 0.93337 0.0662306
0.0503188 0.935435 9.9982E-05 0.0110624 9.9982E-05 0.0029843
9.9964E-05 9.9964E-05 9.9964E-05 0.762446 0.237154 9.9964E-05
0.0215884 0.0223163 0.955795 9.9973E-05 9.9973E-05 9.9973E-05
0.0920361 0.0469915 0.69979 0.0890414 0.00166121 0.0704801
9.9973E-05 9.9973E-05 0.0127819 0.00772529 9.9973E-05 0.979193
9.9982E-05 9.9982E-05 0.0431891 0.0568463 0.639765 0.259999
9.99639E-05 9.99639E-05 9.99639E-05 0.813747 0.185853 9.99639E-05
9.9964E-05 9.9964E-05 9.9964E-05 0.79817 0.20143 9.9964E-05
0.125097 0.0993907 9.9982E-05 0.117778 0.657534 9.9982E-05
0.00574325 9.9991E-05 0.0342184 0.025478 0.634071 0.30039
9.9973E-05 0.946522 9.9973E-05 0.0526486 9.9973E-05 0.000529892
0.108275 0.380162 0.0479674 0.428447 9.9991E-05 0.0350485
0.351383 0.605155 9.9982E-05 0.0334967 0.0097656 9.9982E-05
0.528357 0.198487 0.131195 0.0343902 0.0351148 0.0724573
0.517775 0.191737 0.0934519 0.119668 0.0281903 0.0491772
0.39965 0.419926 0.0260438 0.116817 9.9991E-05 0.0374633
0.0710144 0.38574 0.060548 0.449887 9.9991E-05 0.0327105
0.531319 0.236198 0.0536163 0.0892205 0.0398548 0.0497919
0.475771 0.364188 9.9982E-05 0.0837655 9.9982E-05 0.0760758
0.134754 0.117449 0.0787491 0.568592 9.9991E-05 0.100356
0.404941 0.456287 9.9982E-05 0.100318 9.9982E-05 0.0382545
0.147254 0.127975 0.0659001 0.53048 9.9991E-05 0.128292
9.9973E-05 9.9973E-05 0.0171299 0.876215 0.106355 9.9973E-05
0.205392 0.084471 0.0623572 0.581683 0.0412938 0.0248029
0.298444 0.392056 0.0428329 0.200081 0.0399283 0.0266575
0.269418 0.333504 0.0266828 0.212473 0.0814663 0.076456
0.156041 0.344102 0.0555202 0.393306 9.9991E-05 0.0509304
0.400183 0.454768 0.0527047 0.0921448 9.9982E-05 9.9982E-05
0.00944495 9.9982E-05 0.0258623 9.9982E-05 0.809105 0.155388
9.9982E-05 0.951472 9.9982E-05 0.0221683 0.0129339 0.0132262
0.532074 0.187867 0.0485694 0.131952 0.00772616 0.0918117
0.326239 0.48949 0.047628 0.122603 9.9991E-05 0.0139392
0.509652 0.267562 0.0573499 0.12347 9.9991E-05 0.0418656
0.553571 0.263777 0.057532 0.087067 0.0100878 0.0279647
0.022761 0.0409555 9.9982E-05 0.174321 9.9982E-05 0.761762
0.0377215 0.0242767 0.0472669 0.0482567 0.477256 0.365222
0.0766644 0.875377 0.0121937 0.0355644 9.9982E-05 9.9982E-05
0.0080253 9.9982E-05 9.9982E-05 0.0015055 0.934615 0.0556543
0.00858761 0.075405 9.9991E-05 0.161688 0.0164201 0.7378
0.0140861 0.00684461 0.0390635 0.939806 9.9982E-05 9.9982E-05
9.996E-05 0.9995 9.996E-05 9.996E-05 9.996E-05 9.996E-05
9.996E-05 0.9995 9.996E-05 9.996E-05 9.996E-05 9.996E-05
9.9973E-05 0.950767 0.0322884 9.9973E-05 0.0166446 9.9973E-05
9.996E-05 0.9995 9.996E-05 9.996E-05 9.996E-05 9.996E-05
9.9982E-05 0.00491161 0.00289983 0.701421 0.290568 9.9982E-05
9.9973E-05 0.875915 0.051836 9.9973E-05 9.9973E-05 0.0719493
0.011044 0.0362666 9.9991E-05 0.167159 0.0131349 0.772295
9.9964E-05 9.9964E-05 9.9964E-05 0.0371939 9.9964E-05 0.962406
0.0315459 9.9982E-05 0.0348406 9.9982E-05 0.00996176 0.923452
9.9964E-05 9.9964E-05 0.00522056 9.9964E-05 9.9964E-05 0.99438
0.0170623 9.9982E-05 0.0108644 9.9982E-05 0.0714342 0.900439
0.566687 0.0920821 0.110733 0.108173 0.0317474 0.0905773
0.557159 0.105344 0.0961037 0.121552 0.0117204 0.108121
0.915878 9.9973E-05 9.9973E-05 0.0618479 9.9973E-05 0.021974
0.90876 0.0610031 0.0026153 9.9982E-05 9.9982E-05 0.0274212
0.963116 9.9973E-05 0.0232285 9.9973E-05 9.9973E-05 0.0133552
0.275196 9.9991E-05 0.0196473 0.630149 0.0547522 0.0201557
0.958671 9.9973E-05 9.9973E-05 9.9973E-05 0.029537 0.0114923
0.113619 0.232471 0.000874825 0.161367 0.281168 0.2105
0.9995 9.996E-05 9.996E-05 9.996E-05 9.996E-05 9.996E-05
0.9995 9.996E-05 9.996E-05 9.996E-05 9.996E-05 9.996E-05
0.977544 9.9964E-05 0.0220564 9.9964E-05 9.9964E-05 9.9964E-05
0.636441 0.279452 0.0039758 9.9991E-05 0.0535757 0.0264554
0.9995 9.996E-05 9.996E-05 9.996E-05 9.996E-05 9.996E-05
0.903208 0.0180672 0.038925 9.9991E-05 0.017378 0.022322
0.016126 9.9973E-05 9.9973E-05 9.9973E-05 0.844729 0.138845
0.0771748 0.0196081 0.050441 0.0344486 0.563022 0.255306
0.038292 9.9991E-05 0.00325797 0.0998447 0.126659 0.731846
9.9973E-05 9.9973E-05 0.0429415 9.9973E-05 0.0721464 0.884612
0.025134 9.9982E-05 9.9982E-05 0.790613 0.0999201 0.0841328
0.0400048 0.0166858 0.0515535 0.0120648 0.0779365 0.801755
9.9973E-05 9.9973E-05 0.0112804 9.9973E-05 0.955334 0.0330858
9.9964E-05 9.9964E-05 9.9964E-05 9.9964E-05 0.92703 0.0725705
9.9964E-05 9.9964E-05 9.9964E-05 0.975419 0.024181 9.9964E-05
0.032224 0.0229684 0.0616953 0.0855948 0.00138416 0.796133
0.071249 0.0241194 0.0829351 0.149795 0.160336 0.511565
0.0444943 0.00327308 0.0855191 0.798959 9.99911E-05 0.0676549
0.0307145 9.9991E-05 0.00946934 0.910574 0.0460317 0.00311057
0.00945608 9.9991E-05 0.00811038 0.777312 0.111277 0.0937441
0.0236361 0.102323 0.000465261 0.0640443 0.555258 0.254274
9.9982E-05 9.9982E-05 0.00831853 0.895343 0.0566721 0.0394668
0.0189123 9.9973E-05 9.9973E-05 9.9973E-05 0.945499 0.0352887
9.9973E-05 0.0285156 0.0201399 0.951045 9.9973E-05 9.9973E-05
9.9973E-05 0.0415391 0.0531506 0.90501 9.9973E-05 9.9973E-05
0.231114 0.332031 0.0561881 0.373626 9.9991E-05 0.00694107
9.9973E-05 9.9973E-05 0.00275969 0.981912 9.9973E-05 0.0150286
9.9964E-05 9.9964E-05 0.0103356 0.989265 9.9964E-05 9.9964E-05
9.9973E-05 0.00718447 0.00104548 0.99147 9.9973E-05 9.9973E-05
0.0896337 0.0562971 0.101676 0.508843 0.0502374 0.193313
9.9991E-05 0.0172591 0.00484643 0.0055142 0.786962 0.185318
0.00331321 0.0315772 9.9991E-05 0.0351834 0.88088 0.0489465
9.9991E-05 0.00797486 0.0205689 0.0848689 0.85954 0.0269476
9.9973E-05 9.9973E-05 0.0182703 9.9973E-05 0.876997 0.104433
9.9973E-05 0.913618 9.9973E-05 0.0797793 9.9973E-05 0.00630301
0.184844 0.414403 9.9991E-05 0.341722 0.0103407 0.0485903
0.0154827 0.0119883 0.0317903 0.0115693 0.144278 0.784891
0.0121237 9.9991E-05 0.0740483 0.0993368 0.518779 0.295612
0.133675 0.117166 0.0377704 0.65079 0.0329315 0.0276674
0.147034 0.123691 0.0356326 0.640554 0.029231 0.0238567
9.9973E-05 0.0630086 9.9973E-05 0.0112077 9.9973E-05 0.925484
0.0360149 0.0273118 9.9991E-05 0.158516 0.0188427 0.759214
0.346278 0.250599 0.00172022 0.122582 0.276202 0.00261773
0.0832777 0.0880576 9.9991E-05 0.37719 0.437947 0.0134278
9.99731E-05 9.99731E-05 9.99731E-05 0.0613915 0.103235 0.835074
0.0582399 0.0651606 0.139435 0.465599 9.9991E-05 0.271466
0.172244 0.106119 0.0696419 0.585123 0.0667727 9.9991E-05
0.101407 0.0291284 0.139176 0.507295 0.0503144 0.172679
0.0649066 0.0716422 0.144759 0.384292 0.0668854 0.267514
0.0243694 9.9991E-05 0.0666628 0.0113723 0.00231457 0.895181
0.00536301 0.0317888 0.00387354 9.9982E-05 9.9982E-05 0.958775
9.9964E-05 9.9964E-05 0.0296835 9.9964E-05 9.9964E-05 0.969917
0.0308907 9.9982E-05 0.0302436 9.9982E-05 0.0447956 0.89387
9.9973E-05 9.9973E-05 0.0326948 9.9973E-05 0.0125437 0.954462
9.9973E-05 9.9973E-05 9.9973E-05 0.0113738 0.0567534 0.931573
0.0892179 0.0465683 0.155814 0.176493 0.00587295 0.526033
0.128999 0.0966066 0.135333 0.352132 0.00582633 0.281103
9.9973E-05 9.9973E-05 9.9973E-05 0.00324763 0.00351205 0.99294
0.117654 0.0579453 0.0993482 0.447265 0.000225433 0.277562
0.112197 0.0540285 0.10849 0.529669 0.0208909 0.174726
0.549063 0.420051 0.0221494 0.00663402 9.9991E-05 0.00200208
0.568588 0.362498 9.9973E-05 0.0686142 9.9973E-05 9.9973E-05
0.56366 0.373576 0.0185118 0.0440519 9.9982E-05 9.9982E-05
0.558091 0.389016 0.00846224 0.0442307 9.9982E-05 9.9982E-05
0.549787 0.372346 0.0138078 0.0420349 9.9991E-05 0.0219248
0.538759 0.405277 0.0145367 0.0260558 0.0152715 9.9991E-05
0.529398 0.403909 0.017759 0.0487344 9.9982E-05 9.9982E-05
0.0260298 0.0405441 0.00859357 0.899651 9.9991E-05 0.0250814
9.9964E-05 9.9964E-05 0.0367923 0.962808 9.9964E-05 9.9964E-05
0.193752 0.296516 0.00210845 0.496284 9.9991E-05 0.0112388
0.204991 0.283991 0.0137808 0.497037 9.9982E-05 9.9982E-05
0.0739871 0.0219687 9.9982E-05 9.9982E-05 0.0626558 0.841188
0.0416717 0.0314294 0.0566529 0.078019 9.9991E-05 0.792127
9.996E-05 9.996E-05 9.996E-05 9.996E-05 9.996E-05 0.9995
0.000237089 0.952235 0.024922 9.9982E-05 0.0224059 9.9982E-05
0.125344 0.874256 9.9964E-05 9.9964E-05 9.9964E-05 9.9964E-05
9.9973E-05 0.977309 0.00912015 9.9973E-05 9.9973E-05 0.0132713
0.154102 0.845498 9.9964E-05 9.9964E-05 9.9964E-05 9.9964E-05
0.0573228 0.440855 9.9991E-05 0.26278 0.214529 0.024413
0.335182 0.420068 0.0101244 0.110502 0.0907165 0.0334074
0.459599 0.426069 0.0261288 0.0348779 0.0532255 9.9991E-05
0.167923 0.831678 9.9964E-05 9.9964E-05 9.9964E-05 9.9964E-05
0.148949 0.846042 0.00470931 9.9973E-05 9.9973E-05 9.9973E-05
9.9964E-05 0.993506 9.9964E-05 9.9964E-05 9.9964E-05 0.00609431
0.131248 0.854449 9.9973E-05 9.9973E-05 9.9973E-05 0.0140027
0.193541 0.0590193 0.119033 0.143989 0.303539 0.180879
9.9964E-05 9.9964E-05 0.0138777 9.9964E-05 9.9964E-05 0.985722
9.9982E-05 0.0503862 0.0225223 0.920259 9.9982E-05 0.00663204
9.9991E-05 0.0384905 0.0514918 0.0888809 0.179795 0.641242
0.0243392 9.9982E-05 9.9982E-05 0.812679 0.0958632 0.0669186
9.9982E-05 0.900975 9.9982E-05 0.0614694 0.0238717 0.0134838
0.540386 0.363296 0.0250587 0.0526043 0.00526428 0.0133906
0.161394 0.701149 0.031782 0.0668564 9.9991E-05 0.0387183
0.0533219 0.0793418 0.110139 0.499497 9.9991E-05 0.2576
0.138181 0.0837756 0.130747 0.48118 0.00554667 0.16057
0.030802 0.0232757 0.0499873 0.0231019 0.350366 0.522467
9.9964E-05 9.9964E-05 9.9964E-05 0.885316 0.114284 9.9964E-05
0.790716 0.0978444 0.0508426 9.9991E-05 0.0145977 0.045899
0.867065 0.0581777 0.0280231 0.0160982 9.9991E-05 0.0305357
0.971681 9.99639E-05 9.99639E-05 9.99639E-05 9.99639E-05 0.0279191
0.973949 0.0153463 0.00371403 0.00679111 9.9982E-05 9.9982E-05
0.9995 9.996E-05 9.996E-05 9.996E-05 9.996E-05 9.996E-05
0.886886 0.0418858 0.044969 9.9982E-05 9.9982E-05 0.0260588
9.9982E-05 0.0495727 0.0339206 0.910581 9.9982E-05 0.00572569
0.31674 0.450349 0.0801624 0.0780769 9.9991E-05 0.074572
0.0653816 0.858144 9.9982E-05 9.9982E-05 0.0405563 0.0357187
9.996E-05 0.9995 9.996E-05 9.996E-05 9.996E-05 9.996E-05
9.996E-05 0.9995 9.996E-05 9.996E-05 9.996E-05 9.996E-05
0.0964268 0.866498 0.0261093 9.9982E-05 9.9982E-05 0.0107655
0.9995 9.996E-05 9.996E-05 9.996E-05 9.996E-05 9.996E-05
0.982152 9.9973E-05 0.00736375 9.9973E-05 9.9973E-05 0.0101844
0.694481 0.27311 9.9973E-05 9.9973E-05 9.9973E-05 0.0321094
0.728284 0.197542 0.035692 9.9991E-05 0.0368896 0.00149251
0.986829 0.0127715 9.9964E-05 9.9964E-05 9.9964E-05 9.9964E-05
0.622242 0.310973 0.00170239 9.9991E-05 0.0360557 0.028927
0.333454 0.245511 9.9982E-05 9.9982E-05 0.0838326 0.337003
0.0176907 9.9991E-05 0.00293926 0.0877756 0.0933883 0.798106
0.0419086 9.9982E-05 9.9982E-05 0.00368984 0.132127 0.822074
9.9973E-05 9.9973E-05 0.0452581 9.9973E-05 0.0898901 0.864552
9.9973E-05 9.9973E-05 0.0313179 9.9973E-05 0.0292854 0.939097
0.987976 9.99639E-05 9.99639E-05 9.99639E-05 0.0116246 9.99639E-05
0.985741 9.99639E-05 0.0138589 9.99639E-05 9.99639E-05 9.99639E-05
0.729765 0.217019 9.9982E-05 9.9982E-05 0.0394147 0.0136015
0.888989 0.101459 9.9982E-05 0.00405164 0.00530043 9.9982E-05
0.991073 9.9964E-05 0.00852669 9.9964E-05 9.9964E-05 9.9964E-05
0.946826 9.9973E-05 0.0235691 0.0293051 9.9973E-05 9.9973E-05
0.9995 9.996E-05 9.996E-05 9.996E-05 9.996E-05 9.996E-05
0.69272 0.239041 0.00766658 0.0323036 9.9991E-05 0.0281688
9.9973E-05 9.9973E-05 9.9973E-05 0.699392 0.237175 0.0631327
9.9973E-05 9.9973E-05 0.0168795 0.600495 0.382325 9.9973E-05
9.99731E-05 9.99731E-05 0.0179907 0.738449 0.243261 9.99731E-05
0.0459515 9.9982E-05 9.9982E-05 0.6816 0.219289 0.0529589
0.459789 0.37829 9.9991E-05 0.119619 0.00579776 0.0364039
0.439776 0.484846 9.9982E-05 0.0448158 9.9982E-05 0.0303624
0.356253 0.584374 9.9991E-05 0.0168578 0.0396292 0.00278573
0.312988 0.613457 9.9982E-05 0.0453022 0.0280531 9.9982E-05
0.53115 0.0871933 0.0877721 0.110289 0.0609166 0.122679
0.073921 0.539872 0.0475638 0.338444 9.9982E-05 9.9982E-05
0.97719 9.99729E-05 9.99729E-05 0.0189164 0.00359338 9.99729E-05
0.594224 0.329131 9.9982E-05 0.0181988 0.0582455 9.9982E-05
0.599183 0.308975 0.0353069 0.0397951 0.0166399 9.9991E-05
9.99911E-05 0.0540071 0.024317 0.435642 0.0265602 0.459374
0.0529178 0.125979 0.067876 0.709537 0.00778953 0.0359004
9.9982E-05 9.9982E-05 0.00349709 0.014898 0.0824416 0.898963
9.9982E-05 0.017906 0.0049234 9.9982E-05 0.883721 0.09325
0.038682 9.9982E-05 0.038533 9.9982E-05 0.652044 0.270541
0.0658147 9.9991E-05 0.0069752 0.00780811 0.435649 0.483653
0.0182424 0.0207664 0.0288868 0.478208 0.071722 0.382175
9.9964E-05 9.9964E-05 9.9964E-05 9.9964E-05 0.0730587 0.926541
0.00549535 0.0164109 9.9982E-05 9.9982E-05 0.0260366 0.951857
0.0506816 0.00218899 0.00948051 9.9991E-05 0.0276942 0.909855
9.9973E-05 9.9973E-05 0.0226883 9.9973E-05 0.0673459 0.909666
0.453185 0.145363 0.0838545 0.17471 0.0102167 0.132671
0.275837 0.0646942 0.0283949 0.163555 0.0269376 0.440581
0.345303 0.252964 0.0209726 0.119153 9.9991E-05 0.261507
0.510834 0.198979 0.0463168 0.187082 9.9991E-05 0.0566883
0.0676505 0.0584736 0.0297821 0.194135 0.114666 0.535293
9.9973E-05 9.9973E-05 0.0348828 0.0176553 9.9973E-05 0.947162
0.528229 0.395696 9.9973E-05 0.0757751 9.9973E-05 9.9973E-05
0.0373201 0.0108086 0.0896476 0.0744322 0.0616047 0.726187
0.026468 9.9973E-05 9.9973E-05 9.9973E-05 0.846311 0.126921
9.9973E-05 0.0215266 0.0288571 9.9973E-05 0.949316 9.9973E-05
9.9964E-05 9.9964E-05 9.9964E-05 9.9964E-05 0.0400799 0.95952
0.130638 0.0327369 0.483698 0.191128 9.9991E-05 0.161699
0.0215755 0.0272869 0.00855723 0.101591 0.384249 0.456741
9.9973E-05 0.00646371 9.9973E-05 9.9973E-05 0.918357 0.0748793
0.0406653 9.9991E-05 0.0140631 0.124486 0.156274 0.664411
0.0910979 0.027046 0.481316 0.215944 0.054928 0.129668
9.9964E-05 9.9964E-05 0.981527 9.9964E-05 9.9964E-05 0.018073
0.0961526 0.831921 9.9982E-05 0.0478726 9.9982E-05 0.023854
0.0358386 0.0660026 0.0259267 0.119705 0.673582 0.078945
0.20726 0.0961219 0.0620867 0.562917 0.0580856 0.0135289
0.0391602 0.0312731 0.0573972 0.825212 9.9991E-05 0.0468574
0.00465736 0.0450258 0.026968 0.828019 9.9991E-05 0.09523
0.00330612 9.9982E-05 0.0197709 0.0697236 0.906999 9.9982E-05
9.9982E-05 0.939838 9.9982E-05 0.000429646 0.0456883 0.0138439
0.287633 0.216725 0.0482534 0.382115 0.00358664 0.0616871
9.9964E-05 9.9964E-05 9.9964E-05 0.781282 0.218318 9.9964E-05
9.9973E-05 9.9973E-05 9.9973E-05 0.0126737 0.969886 0.0171401
9.9973E-05 9.9973E-05 0.0110348 0.813402 0.175263 9.9973E-05
0.152842 0.132121 0.0754545 0.566696 0.0619588 0.0109275
0.185656 0.105666 0.0646734 0.571558 0.0540963 0.0183505
0.235612 0.460058 9.9982E-05 0.241331 9.9982E-05 0.0627996
0.116488 0.723501 0.0151735 0.0459451 0.0536413 0.0452511
0.234121 0.245179 0.0151162 0.455931 9.9991E-05 0.0495535
0.0419614 0.103482 0.0308848 0.813845 9.9991E-05 0.00972705
9.9973E-05 9.9973E-05 9.9973E-05 0.020021 0.94525 0.034429
9.9982E-05 0.00304659 9.9982E-05 0.0400085 0.89212 0.0646251
0.037725 0.0783748 0.135098 0.304587 0.0146424 0.429573
0.186741 0.414934 0.0160198 0.289269 0.048742 0.0442935
9.9982E-05 0.0540149 0.0126623 0.918084 9.9982E-05 0.0150388
9.9982E-05 0.000375748 0.0172683 0.0204822 9.9982E-05 0.961674
0.147427 0.35167 0.0412873 0.410564 9.9991E-05 0.0489525
0.118743 0.122597 0.0314125 0.309712 0.0367843 0.38075
0.323638 0.368291 0.139658 0.107703 9.99911E-05 0.0606103
0.095849 0.0654092 0.119099 0.171129 0.0340201 0.514494
9.9982E-05 0.0327133 0.0407488 0.402859 0.523479 9.9982E-05
0.0609504 0.00703453 0.108434 0.616319 9.9991E-05 0.207162
0.00857708 9.9973E-05 9.9973E-05 0.0148438 9.9973E-05 0.976279
0.0664646 9.9982E-05 9.9982E-05 0.0131877 0.0131945 0.906953
9.9982E-05 9.9982E-05 0.0098792 0.0231032 0.946575 0.0202431
9.9973E-05 9.9973E-05 0.00981313 9.9973E-05 0.006124 0.983763
0.0884639 0.0636302 0.0709401 0.141329 0.0355515 0.600085
0.026742 9.9991E-05 0.0340411 0.0224281 0.0636596 0.853029
9.9982E-05 0.0354664 9.9982E-05 0.0852527 0.0652149 0.813866
0.174929 0.109843 0.0660241 0.55226 0.0724492 0.0244947
0.0931642 0.866134 9.9982E-05 9.9982E-05 0.0040556 0.0364466
0.039279 0.949411 9.9973E-05 9.9973E-05 9.9973E-05 0.0110098
0.0250967 9.9991E-05 0.0121902 0.00327932 0.80784 0.151494
0.0773792 0.897812 9.9973E-05 9.9973E-05 0.0245086 9.9973E-05
0.0258867 9.9982E-05 0.913118 0.0424816 9.9982E-05 0.018314
0.00400511 0.00484185 0.974606 0.0163466 9.9982E-05 9.9982E-05
0.0111126 0.196006 0.474068 0.0430824 0.0740121 0.20172
0.023488 0.0343662 9.9982E-05 0.146413 9.9982E-05 0.795533
9.9964E-05 9.9964E-05 0.99072 9.9964E-05 0.00888007 9.9964E-05
9.996E-05 9.996E-05 0.9995 9.996E-05 9.996E-05 9.996E-05
0.0023446 9.9964E-05 0.997256 9.9964E-05 9.9964E-05 9.9964E-05
9.9964E-05 9.9964E-05 0.986071 9.9964E-05 0.0135287 9.9964E-05
9.996E-05 9.996E-05 0.9995 9.996E-05 9.996E-05 9.996E-05
9.9982E-05 0.000299522 0.00206315 0.0329573 0.96448 9.9982E-05
9.9982E-05 0.0925503 0.04244 0.845886 9.9982E-05 0.0189233
0.0223003 9.9991E-05 0.0083334 0.713762 0.239023 0.0164811
9.99639E-05 9.99639E-05 9.99639E-05 0.79152 0.20808 9.99639E-05
9.9973E-05 9.9973E-05 9.9973E-05 0.0998073 0.419375 0.480518
9.9973E-05 9.9973E-05 0.044558 0.037559 0.917583 9.9973E-05
9.9982E-05 0.0851469 0.0111308 0.885797 9.9982E-05 0.0177252
0.0114044 9.9982E-05 0.0492844 0.779704 0.159407 9.9982E-05
9.9973E-05 0.0213244 9.9973E-05 0.636098 0.342278 9.9973E-05
9.9964E-05 9.9964E-05 0.0390674 0.960533 9.9964E-05 9.9964E-05
9.9973E-05 0.015854 0.93649 0.0473558 9.9973E-05 9.9973E-05
0.0709961 0.106733 0.012421 0.0692402 0.587689 0.152921
0.0416039 0.00806665 0.0214068 0.0298761 0.0722217 0.826825
0.00253733 0.0334673 0.0245981 0.055856 0.0145388 0.869002
0.095867 9.9991E-05 0.0307949 0.0921082 0.0581857 0.722944
9.9982E-05 9.9982E-05 0.00258734 0.00987281 0.904409 0.0829304
0.00556074 0.00807964 0.0379959 0.198256 0.743812 0.00629586
0.102171 0.880774 9.9982E-05 9.9982E-05 0.0152033 0.00165231
0.235469 0.147027 0.020622 0.130397 0.255575 0.210909
0.00304917 0.0126105 0.0185472 0.459834 0.505859 9.9991E-05
