0.174409 0.506778 0.318713 9.9991E-05
0.067181 0.248592 0.656407 0.0278201
0.0681814 0.265716 0.614991 0.0511116
0.15563 0.5177 0.326571 9.9991E-05
9.9982E-05 0.0089534 0.990847 9.9982E-05
0.074287 0.204736 0.622021 0.0989554
0.582842 0.399299 0.0137638 0.00409519
0.9997 9.998E-05 9.998E-05 9.998E-05
0.993175 9.9982E-05 0.00662521 9.9982E-05
0.996807 9.9982E-05 0.00299279 9.9982E-05
9.9991E-05 0.898778 0.0592622 0.0418599
9.9982E-05 0.9324 9.9982E-05 0.0674004
9.9982E-05 0.913212 9.9982E-05 0.0865877
9.9982E-05 0.949375 9.9982E-05 0.0504246
0.0591832 0.0179872 0.0327867 0.890043
0.9997 9.998E-05 9.998E-05 9.998E-05
0.137479 0.826271 0.0361499 9.9991E-05
9.9982E-05 0.0666337 9.9982E-05 0.933166
0.0533234 0.267262 0.0344188 0.644996
9.9982E-05 0.524556 9.9982E-05 0.475244
0.0738461 0.0381517 9.9991E-05 0.887902
9.9982E-05 0.791734 9.9982E-05 0.208066
0.00930685 0.0282307 9.9991E-05 0.962362
9.9982E-05 0.790283 9.9982E-05 0.209517
9.9982E-05 0.82805 9.9982E-05 0.17175
9.9982E-05 0.0145327 9.9982E-05 0.985267
0.00608619 0.0647557 9.9991E-05 0.929058
0.018329 0.251462 0.0439124 0.686296
0.0255208 9.9982E-05 9.9982E-05 0.974279
9.9991E-05 0.013071 0.00477065 0.982058
9.9982E-05 0.845367 9.9982E-05 0.154433
9.9982E-05 0.920228 9.9982E-05 0.079572
9.9982E-05 0.0750335 9.9982E-05 0.924767
9.9982E-05 0.720658 9.9982E-05 0.279142
9.9982E-05 0.0026849 9.9982E-05 0.997115
9.9982E-05 0.831493 9.9982E-05 0.168307
9.9991E-05 0.0343951 0.00989497 0.95561
9.9982E-05 0.831403 9.9982E-05 0.168397
0.177427 0.386982 0.435491 9.9991E-05
9.998E-05 9.998E-05 0.9997 9.998E-05
9.9982E-05 0.920755 0.0790451 9.9982E-05
9.998E-05 9.998E-05 9.998E-05 0.9997
9.9982E-05 0.855475 9.9982E-05 0.144325
0.0558723 0.363488 0.542841 0.0377988
0.0708305 0.258131 0.00619719 0.664841
0.037373 0.499075 9.9991E-05 0.463452
0.034078 0.0384386 0.0272499 0.900234
0.0485833 0.179364 0.70887 0.0631824
0.123954 0.084537 0.721057 0.0704512
0.190249 0.692881 0.11677 9.9991E-05
0.168727 0.752059 0.079114 9.9991E-05
0.1704 0.732312 0.0971883 9.9991E-05
0.210869 0.72273 0.0663012 9.9991E-05
0.960067 0.00497154 0.00965987 0.0253015
0.978156 0.0216444 9.9982E-05 9.9982E-05
0.0423783 0.887009 9.9991E-05 0.0705125
9.9982E-05 0.810806 9.9982E-05 0.188994
0.133877 0.283563 0.3284 0.25416
9.998E-05 9.998E-05 0.9997 9.998E-05
0.043945 0.0337112 0.850289 0.0720547
0.102456 0.829807 0.0676371 9.9991E-05
0.155671 0.758824 0.0854049 9.9991E-05
0.124128 0.745813 0.129959 9.9991E-05
0.998361 0.0014386 9.9982E-05 9.9982E-05
9.998E-05 9.998E-05 0.9997 9.998E-05
0.0960976 0.854318 0.0454799 0.00410417
0.215881 0.472818 0.311201 9.9991E-05
9.9982E-05 0.868776 9.9982E-05 0.131024
9.9982E-05 0.914275 9.9982E-05 0.0855246
0.844682 0.0312873 0.0563136 0.0677167
0.834005 0.0802414 0.029128 0.0566257
0.901312 0.0565774 0.00763746 0.0344729
0.980564 9.9982E-05 0.0192363 9.9982E-05
0.9997 9.998E-05 9.998E-05 9.998E-05
0.9997 9.998E-05 9.998E-05 9.998E-05
0.991919 9.9982E-05 9.9982E-05 0.00788088
0.990667 9.9982E-05 9.9982E-05 0.00913318
0.989822 9.9982E-05 0.00997795 9.9982E-05
0.9997 9.998E-05 9.998E-05 9.998E-05
0.97048 0.00972135 9.9991E-05 0.0196984
0.972366 0.0151351 9.9991E-05 0.0123987
0.971834 9.9991E-05 0.0206812 0.00738467
0.56155 0.00189513 9.9991E-05 0.436455
0.558197 9.9982E-05 9.9982E-05 0.441603
0.9997 9.998E-05 9.998E-05 9.998E-05
0.985695 0.0141046 9.9982E-05 9.9982E-05
0.965772 0.0247323 9.99942E-05 0.00939609
0.959477 9.9991E-05 0.0175709 0.0228519
0.9997 9.998E-05 9.998E-05 9.998E-05
0.546068 9.9982E-05 9.9982E-05 0.453732
0.863281 0.055441 0.0369057 0.044372
0.958604 0.0140093 0.0117162 0.0156704
0.987554 0.0122456 9.9982E-05 9.9982E-05
0.974189 9.9991E-05 0.0161171 0.00959435
0.924111 0.0284861 0.0244357 0.0229672
0.982182 0.0176181 9.9982E-05 9.9982E-05
9.9991E-05 0.148742 0.206016 0.645142
0.971519 9.9982E-05 9.9982E-05 0.0282806
0.9997 9.998E-05 9.998E-05 9.998E-05
0.769984 0.0371115 0.113615 0.0792896
0.9997 9.998E-05 9.998E-05 9.998E-05
0.993328 9.9982E-05 9.9982E-05 0.00647232
0.992676 0.00712418 9.9982E-05 9.9982E-05
0.982401 9.9982E-05 9.9982E-05 0.0173989
0.0343131 9.9991E-05 0.000876271 0.964711
0.9997 9.998E-05 9.998E-05 9.998E-05
0.9997 9.998E-05 9.998E-05 9.998E-05
0.9997 9.998E-05 9.998E-05 9.998E-05
9.9982E-05 0.317851 9.9982E-05 0.681949
0.953055 9.9991E-05 0.0179287 0.0289166
0.976992 0.0228077 9.9982E-05 9.9982E-05
0.997457 9.9982E-05 9.9982E-05 0.00234279
0.9997 9.998E-05 9.998E-05 9.998E-05
0.0204668 0.274801 9.9991E-05 0.704632
0.9997 9.998E-05 9.998E-05 9.998E-05
0.928634 0.0165851 0.0520582 0.00272301
0.507109 9.9982E-05 9.9982E-05 0.492691
0.9997 9.998E-05 9.998E-05 9.998E-05
9.9982E-05 0.692882 9.9982E-05 0.306918
9.9982E-05 0.606621 9.9982E-05 0.393179
9.9982E-05 0.8646 9.9982E-05 0.1352
0.0337308 0.034487 0.00386018 0.927922
0.145767 0.753535 0.100599 9.9991E-05
0.00144065 0.782083 9.9991E-05 0.216377
0.0128832 0.669486 0.0719858 0.245646
9.9982E-05 0.687723 9.9982E-05 0.312077
9.9991E-05 0.584773 0.0026408 0.412486
9.9982E-05 0.654505 9.9982E-05 0.345295
9.9991E-05 0.543191 0.0499128 0.406796
9.9991E-05 0.502186 0.0257514 0.471963
9.9982E-05 0.847679 9.9982E-05 0.152121
0.0127852 0.883623 9.9991E-05 0.103492
9.9982E-05 0.901074 9.9982E-05 0.0987257
0.0531191 0.06329 0.0512555 0.832335
0.0935733 0.0193411 0.824626 0.0624593
0.126261 9.9991E-05 0.796267 0.0773715
9.9982E-05 0.0708568 0.928943 9.9982E-05
0.155253 0.38413 0.0726255 0.387992
0.0756855 0.0710488 0.821983 0.0312831
0.111079 0.0520045 0.780437 0.0564795
0.133651 0.607544 0.0708403 0.187965
0.053256 0.0678293 0.852766 0.0261489
0.061065 0.0410491 0.815566 0.08232
0.0743926 0.0279179 0.854976 0.0427135
0.15001 0.0311857 0.683601 0.135203
0.142318 0.035551 0.707875 0.114256
0.0587076 0.0276727 0.807147 0.106473
0.150805 0.739698 0.109396 9.9991E-05
9.9991E-05 0.00984468 0.962716 0.0273392
0.0176561 0.0197962 0.00646828 0.956079
0.0246614 9.9991E-05 0.00463783 0.970601
0.00701567 0.00244172 0.962925 0.0276173
0.196156 0.303907 0.246809 0.253128
0.10182 0.772449 0.105877 0.0198546
9.9991E-05 0.862707 0.0965277 0.040665
0.0323446 0.0879428 0.0143363 0.865376
0.0138603 0.660098 0.220317 0.105725
0.095533 0.753199 0.137691 0.0135777
0.103064 0.0651856 0.71786 0.113891
0.138605 0.757752 0.103544 9.9991E-05
0.199228 0.448996 0.227131 0.124645
0.0208527 9.9982E-05 9.9982E-05 0.978947
0.0232753 0.039058 0.937567 9.9991E-05
9.9991E-05 0.539386 0.445536 0.0149781
9.9982E-05 9.9982E-05 0.970546 0.0292541
0.0784928 0.67364 0.182309 0.0655576
9.998E-05 9.998E-05 0.9997 9.998E-05
0.0689133 0.849099 0.0818874 9.9991E-05
0.00105656 0.0516742 0.911073 0.0361967
9.9982E-05 0.0933556 0.906444 9.9982E-05
0.00880439 0.0154789 0.0869874 0.888729
0.0284441 0.192676 0.298956 0.479924
0.0450773 0.47076 0.111106 0.373057
0.178886 0.0410915 0.635913 0.144109
0.124943 0.0913038 0.684668 0.0990854
0.181634 0.0466904 0.637156 0.13452
0.169441 0.0793908 0.602517 0.148651
9.998E-05 9.998E-05 9.998E-05 0.9997
0.00811276 0.0214015 0.0338027 0.936683
0.0400053 0.126641 9.9991E-05 0.833253
0.0918265 0.0734781 0.776955 0.0577405
0.153595 0.310646 0.317103 0.218656
0.249186 0.190045 0.160132 0.400638
0.0394955 0.117361 0.0490843 0.794059
0.116191 0.110382 0.0708867 0.702541
0.0781689 0.0246331 0.0971602 0.800038
0.190906 0.118061 0.166695 0.524338
0.179277 0.597529 0.223093 9.9991E-05
9.9982E-05 0.878881 9.9982E-05 0.120919
0.0420451 0.639718 9.9991E-05 0.318137
9.998E-05 9.998E-05 0.9997 9.998E-05
9.9982E-05 0.0217678 0.978032 9.9982E-05
9.9991E-05 0.0423747 0.949893 0.0076323
0.0900721 0.139909 0.769919 9.9991E-05
0.145018 0.264106 0.568291 0.0225843
0.160499 0.248177 0.559602 0.0317212
0.01286 0.000597612 0.0356188 0.950924
0.0509129 0.0240234 0.0360837 0.88898
9.9982E-05 0.00581408 9.9982E-05 0.993986
0.105116 0.804441 0.0903428 9.9991E-05
9.998E-05 9.998E-05 0.9997 9.998E-05
9.998E-05 9.998E-05 0.9997 9.998E-05
9.998E-05 9.998E-05 0.9997 9.998E-05
9.9982E-05 0.00218272 0.997617 9.9982E-05
0.00512601 9.9991E-05 0.976837 0.0179374
9.9982E-05 0.926121 0.0736788 9.9982E-05
0.148444 0.0956462 0.637438 0.118473
0.101422 0.850938 0.0475398 9.9991E-05
9.9982E-05 0.931142 0.0686577 9.9982E-05
9.9991E-05 0.0615914 0.0973145 0.840994
9.998E-05 0.9997 9.998E-05 9.998E-05
9.998E-05 0.9997 9.998E-05 9.998E-05
9.998E-05 0.9997 9.998E-05 9.998E-05
9.9982E-05 9.9982E-05 0.996163 0.00363659
9.998E-05 9.998E-05 0.9997 9.998E-05
0.0765921 0.214709 0.629349 0.0793499
9.998E-05 9.998E-05 0.9997 9.998E-05
9.998E-05 9.998E-05 0.9997 9.998E-05
9.9982E-05 0.57657 0.42323 9.9982E-05
9.9982E-05 9.9982E-05 0.985015 0.0147854
9.9991E-05 0.0199049 0.962285 0.0177097
0.136766 0.271007 0.478055 0.114172
0.112236 0.835603 0.0520617 9.9991E-05
9.9982E-05 0.114418 0.885382 9.9982E-05
0.45284 0.0335346 0.174102 0.339523
9.9982E-05 0.16402 0.83578 9.9982E-05
9.998E-05 9.998E-05 0.9997 9.998E-05
9.9991E-05 0.958794 0.00148909 0.0396173
9.9991E-05 0.701998 0.269059 0.0288435
0.133645 0.837889 0.0283664 9.9991E-05
0.214422 0.602548 0.182929 9.9991E-05
9.9982E-05 0.825746 9.9982E-05 0.174054
0.165205 0.747446 0.0872498 9.9991E-05
0.0729557 0.833468 0.0934768 9.9991E-05
0.0512708 0.839498 0.103593 0.00563783
0.181995 0.737157 0.0807484 9.9991E-05
0.107308 0.742489 0.150104 9.9991E-05
0.140659 0.83215 0.0270905 9.9991E-05
0.156582 0.266786 0.471039 0.105592
0.0142475 0.0188834 9.9991E-05 0.966769
9.9991E-05 0.0906331 0.0979706 0.811296
0.9997 9.998E-05 9.998E-05 9.998E-05
9.9991E-05 0.180748 0.119421 0.699731
0.034988 0.0728491 9.9991E-05 0.892063
0.0327847 0.582103 0.0282338 0.356878
0.02011 0.0624321 9.9991E-05 0.917358
0.0526181 0.57111 0.0213272 0.354945
0.00584828 9.9991E-05 0.0247218 0.96933
0.277336 0.45958 0.124044 0.13904
0.101419 0.683167 0.109161 0.106253
0.106939 0.564303 0.0779072 0.250852
0.0361257 0.0249682 0.0170846 0.921821
9.998E-05 9.998E-05 0.9997 9.998E-05
9.9982E-05 0.841657 9.9982E-05 0.158143
0.233347 0.388194 0.188604 0.189855
9.9982E-05 0.863514 9.9982E-05 0.136286
9.998E-05 9.998E-05 0.9997 9.998E-05
0.124667 0.815263 0.05997 9.9991E-05
0.9997 9.998E-05 9.998E-05 9.998E-05
0.755882 0.0626929 0.0977354 0.0836894
0.0168706 9.9982E-05 9.9982E-05 0.982929
0.0198445 0.637424 9.9991E-05 0.342631
0.130458 0.828528 0.0409138 9.9991E-05
0.108979 0.83225 0.0586704 9.9991E-05
9.9991E-05 0.725707 0.18873 0.0854624
0.00513853 0.610479 9.9991E-05 0.384283
9.9982E-05 0.00867493 0.991125 9.9982E-05
0.151393 0.263415 0.569555 0.0156371
0.0262762 0.0497071 0.923917 9.9991E-05
0.179044 0.0744171 0.612994 0.133545
0.176871 0.109348 0.59556 0.118221
0.090961 0.058687 0.770805 0.0795468
0.170028 0.24735 0.567899 0.0147227
0.156914 0.113987 0.64659 0.0825085
0.0786596 0.0280982 0.780928 0.112314
0.194222 0.413431 0.301486 0.090861
0.0422411 0.0901436 0.784854 0.0827618
0.203688 0.346647 0.294512 0.155153
0.203391 0.712773 0.0837365 9.9991E-05
0.191685 0.484999 0.323216 9.9991E-05
0.122779 0.189625 0.64655 0.041046
0.125427 0.197713 0.603084 0.0737759
0.153277 0.274346 0.543627 0.0287492
0.10365 0.0777782 0.788735 0.0298363
9.9982E-05 0.739941 9.9982E-05 0.259859
9.998E-05 9.998E-05 0.9997 9.998E-05
0.158259 0.115569 0.590989 0.135184
0.111423 0.0123373 0.794011 0.0822288
0.15901 0.0461257 0.685843 0.109022
0.151147 0.055836 0.709611 0.0834059
9.9991E-05 0.149533 0.0901285 0.760238
0.0542114 0.458999 0.0345085 0.452281
0.00606024 9.9982E-05 0.99374 9.9982E-05
9.9982E-05 0.825091 9.9982E-05 0.174709
9.9991E-05 0.149429 0.11295 0.737521
0.239226 0.596594 0.16408 9.9991E-05
9.998E-05 9.998E-05 0.9997 9.998E-05
9.998E-05 9.998E-05 0.9997 9.998E-05
9.998E-05 9.998E-05 0.9997 9.998E-05
9.998E-05 9.998E-05 0.9997 9.998E-05
0.0924968 0.797682 0.109722 9.9991E-05
0.00705876 0.00776292 0.920575 0.0646033
9.9991E-05 0.132788 0.0957749 0.771337
9.998E-05 9.998E-05 9.998E-05 0.9997
0.0359519 0.0208396 0.0225384 0.92067
0.0260224 9.9991E-05 0.00299681 0.970881
0.0111546 0.0161836 9.9991E-05 0.972562
0.196071 0.0933154 0.529529 0.181085
0.216012 0.104007 0.528054 0.151928
0.171951 0.0957725 0.564479 0.167798
0.151737 9.9991E-05 0.691371 0.156792
0.183387 0.0061265 0.678147 0.13234
0.216018 0.478769 0.27379 0.0314235
0.188398 0.0342612 0.628613 0.148727
0.0377963 0.37608 0.326209 0.259915
0.17624 0.0304162 0.692787 0.100557
0.161798 9.9991E-05 0.720904 0.117199
0.200187 9.9991E-05 0.684996 0.114717
0.108813 0.0315438 0.752319 0.107324
0.200413 0.00360836 0.700428 0.0955514
0.174031 9.9991E-05 0.674069 0.1518
9.9982E-05 0.757331 9.9982E-05 0.242469
0.066563 0.557024 0.0333127 0.3431
0.0320951 0.162735 0.0263527 0.778817
0.0210758 0.0558104 9.9991E-05 0.923014
0.125571 0.723291 0.1124 0.0387385
0.0646168 0.0763432 0.0238418 0.835198
9.9982E-05 0.86197 9.9982E-05 0.13783
9.9982E-05 0.79705 9.9982E-05 0.20275
0.195652 0.723584 0.080664 9.9991E-05
0.0801161 0.0449651 0.0728533 0.802065
0.122108 0.234216 0.0744474 0.569228
0.231846 0.575153 0.146673 0.0463278
0.197327 0.698808 0.103766 9.9991E-05
0.154315 0.654458 0.116571 0.0746558
9.9991E-05 0.601398 0.0915538 0.306948
0.198763 0.697201 0.103936 9.9991E-05
9.9982E-05 0.85483 9.9982E-05 0.14497
0.215142 0.608495 0.176263 9.9991E-05
0.233829 0.579683 0.186388 9.9991E-05
0.155911 0.262796 0.580237 0.00105619
0.198925 0.705873 0.0951016 9.9991E-05
0.185022 0.730776 0.0841025 9.9991E-05
0.181736 0.728047 0.0901172 9.9991E-05
0.231031 0.378345 0.176825 0.2138
9.9982E-05 0.730547 9.9982E-05 0.269253
9.9991E-05 0.860168 0.00638591 0.133346
9.9982E-05 0.847157 9.9982E-05 0.152643
9.9982E-05 0.800666 9.9982E-05 0.199134
9.9982E-05 0.0297171 0.970083 9.9982E-05
0.0774102 0.223461 0.630043 0.069086
0.0354931 0.123634 0.0115103 0.829362
0.0338349 0.595323 9.9991E-05 0.370742
0.196615 0.489001 0.314284 9.9991E-05
0.181011 0.49891 0.319979 9.9991E-05
9.9982E-05 9.9982E-05 0.0533381 0.946462
0.0168748 0.127361 0.064234 0.791531
0.0631311 0.365452 0.508469 0.0629478
0.0423077 0.777249 0.156343 0.0241006
0.00475384 0.123165 9.9991E-05 0.871981
0.235506 0.295163 0.172096 0.297235
0.199991 0.481208 0.318701 9.9991E-05
0.256415 0.396852 0.189824 0.156909
0.212528 0.350813 0.167774 0.268885
0.0631843 9.9991E-05 0.0102074 0.926508
0.00583658 9.9991E-05 0.0305844 0.963479
0.0034722 9.9982E-05 9.9982E-05 0.996328
0.0530319 0.0130385 0.0265148 0.907415
0.0211686 9.9982E-05 9.9982E-05 0.978631
9.9982E-05 0.0560593 9.9982E-05 0.943741
0.210004 0.0705652 0.155653 0.563778
0.231498 0.220674 0.252392 0.295436
9.9982E-05 0.000414226 9.9982E-05 0.999386
0.233767 0.306555 0.212098 0.247579
0.228307 0.435789 0.180021 0.155883
0.0878657 0.0317772 0.842201 0.0381558
0.090349 0.0111501 0.839966 0.0585349
0.0933976 0.0339584 0.816846 0.0557983
0.096496 0.0489259 0.821978 0.0326002
0.0931819 9.9991E-05 0.824708 0.0820096
0.077341 0.0251153 0.835672 0.0618718
0.111421 0.0322817 0.844982 0.0113151
0.223891 0.577607 0.198402 9.9991E-05
0.21544 0.657895 0.126565 9.9991E-05
0.159785 0.317896 0.511965 0.0103537
0.157784 0.300306 0.526663 0.015247
9.9991E-05 0.0184968 0.0671971 0.914206
0.0937966 9.9991E-05 0.0794093 0.826694
9.998E-05 9.998E-05 9.998E-05 0.9997
9.998E-05 9.998E-05 0.9997 9.998E-05
9.998E-05 9.998E-05 0.9997 9.998E-05
9.998E-05 9.998E-05 0.9997 9.998E-05
9.998E-05 9.998E-05 0.9997 9.998E-05
0.00973584 0.411925 0.540606 0.0377331
0.0368293 0.195428 0.690915 0.0768286
0.0803288 0.0538117 0.78782 0.0780391
9.998E-05 9.998E-05 0.9997 9.998E-05
9.998E-05 9.998E-05 0.9997 9.998E-05
9.998E-05 9.998E-05 0.9997 9.998E-05
9.9982E-05 9.9982E-05 0.993953 0.00584718
0.159106 0.404104 0.203221 0.233569
0.00460898 9.9982E-05 9.9982E-05 0.995191
0.218028 0.567701 0.213266 0.00100461
0.0538015 0.224146 0.0422125 0.67984
0.144237 0.726496 0.100264 0.029003
9.9982E-05 0.0405898 0.95921 9.9982E-05
0.0873396 0.0520496 0.789452 0.071159
0.0321374 0.0380977 0.897639 0.0321259
0.219287 0.318289 0.198158 0.264266
0.256455 0.333249 0.279021 0.131276
0.0253552 0.349726 0.0475282 0.57739
0.123255 0.812338 0.0643065 9.9991E-05
0.194443 0.0124679 0.669007 0.124082
0.15205 0.0138219 0.67422 0.159909
0.19228 0.00669833 0.657347 0.143675
0.203031 0.000481147 0.68946 0.107028
0.187985 9.9991E-05 0.679725 0.13219
0.195184 9.9991E-05 0.652644 0.152072
0.241298 0.597139 0.161463 9.9991E-05
0.128422 0.0188442 0.754785 0.0979492
9.9982E-05 9.9982E-05 0.969634 0.0301662
9.998E-05 9.998E-05 0.9997 9.998E-05
9.998E-05 9.998E-05 0.9997 9.998E-05
0.00119397 9.9991E-05 0.971394 0.0273118
0.170691 9.9991E-05 0.698176 0.131033
0.169068 0.0096323 0.654279 0.167021
0.1111 9.9991E-05 0.779285 0.109514
0.143451 0.0359657 0.738063 0.0825201
0.156345 9.9991E-05 0.71962 0.123935
0.0828925 0.0332858 0.799372 0.0844494
0.0337546 0.065251 0.501603 0.399392
0.0173173 0.100125 0.00773906 0.874819
9.9991E-05 0.162563 0.0368294 0.800508
0.0322117 0.0684251 0.00137881 0.897984
0.0336682 0.00639132 9.9991E-05 0.959841
0.185931 0.0730201 0.642066 0.0989827
0.19345 0.0188165 0.638018 0.149715
0.10538 0.0423129 0.74356 0.108747
0.103309 0.0400716 0.735742 0.120877
0.202298 0.0573981 0.667614 0.0726892
0.215344 0.0426171 0.665037 0.077002
0.160926 9.9991E-05 0.712339 0.126635
0.110818 0.035988 0.74424 0.108955
0.0959825 0.797634 0.0753532 0.0310299
0.122584 0.838011 0.0393051 9.9991E-05
0.163236 0.836564 9.9982E-05 9.9982E-05
0.106505 0.774424 0.0794103 0.039661
0.0672063 0.105202 0.757239 0.0703529
0.0448638 0.0503132 0.850562 0.0542609
0.0187926 0.0727467 0.896176 0.0122851
0.0179261 0.0957593 0.868433 0.0178817
0.212984 0.124489 0.49001 0.172517
0.0948526 0.200648 0.704399 9.9991E-05
0.176282 0.0608349 0.63738 0.125503
0.0700939 0.0727913 0.798172 0.058943
0.119482 0.0608027 0.75256 0.0671558
0.0936611 0.305759 0.130888 0.469691
0.190142 0.514001 0.262114 0.0337424
0.00669644 0.09954 9.9991E-05 0.893664
9.9982E-05 0.802982 9.9982E-05 0.196818
0.0110584 0.620849 9.9991E-05 0.367993
0.00445136 0.428835 0.0130131 0.553701
0.120475 0.411447 0.0939723 0.374106
9.9982E-05 0.0621987 9.9982E-05 0.937601
9.9991E-05 0.00555984 0.0174623 0.976878
0.0315892 0.00242979 0.0198791 0.946102
0.00578282 0.0643435 9.9991E-05 0.929774
0.188178 0.156971 0.471724 0.183127
0.103253 0.140822 0.296179 0.459746
0.087844 0.054625 0.531603 0.325928
0.146615 0.117445 0.630301 0.105639
0.108718 0.266705 0.0965277 0.528049
0.0354325 0.0106504 0.00492993 0.948987
0.0957251 0.0153361 0.83388 0.0550592
0.102604 0.114521 0.0344788 0.748396
9.9982E-05 0.780332 9.9982E-05 0.219468
9.9982E-05 0.890947 9.9982E-05 0.108853
9.998E-05 9.998E-05 9.998E-05 0.9997
0.576594 0.115104 0.144794 0.163508
9.9991E-05 0.422737 0.0399487 0.537214
9.9982E-05 0.797573 9.9982E-05 0.202227
0.069268 0.207418 0.00452015 0.718794
0.568164 0.170814 0.138435 0.122587
0.997134 9.9982E-05 9.9982E-05 0.00266607
9.9991E-05 0.0135907 0.970092 0.0162177
0.0002226 0.771176 0.0949965 0.133604
0.195639 0.453031 0.321039 0.030291
0.228196 0.57177 0.199934 9.9991E-05
0.189299 0.544058 0.182222 0.0844202
9.9982E-05 0.950713 9.9982E-05 0.049087
9.9982E-05 0.0335793 0.966221 9.9982E-05
0.156047 0.291435 0.509843 0.0426748
0.111227 0.840707 0.0479657 9.9991E-05
9.9982E-05 0.893913 9.9982E-05 0.105887
0.137393 0.774563 0.0879439 9.9991E-05
0.207658 0.46419 0.328052 9.9991E-05
0.196541 0.463035 0.324098 0.016326
0.0596636 0.1683 0.697639 0.0743978
0.0140985 0.0748644 0.839822 0.0712152
0.116328 0.32842 0.496015 0.0592366
0.199571 0.520012 0.280317 9.9991E-05
9.9982E-05 0.884066 9.9982E-05 0.115734
9.9982E-05 0.881718 9.9982E-05 0.118082
0.243491 0.24374 0.11854 0.39423
0.0884478 0.227448 0.630406 0.053698
0.206422 0.589568 0.20391 9.9991E-05
0.00590432 9.9982E-05 9.9982E-05 0.993896
0.12176 0.286992 0.532476 0.0587722
0.0708644 0.274085 0.263876 0.391175
0.230169 0.0554961 0.630197 0.0841381
0.192312 0.138812 0.14558 0.523295
0.112927 0.814571 0.0622608 0.0102414
0.239422 0.401678 0.158447 0.200454
9.998E-05 9.998E-05 9.998E-05 0.9997
9.9991E-05 0.000606221 0.0474307 0.951863
9.9982E-05 0.877535 9.9982E-05 0.122265
0.0129852 9.9982E-05 9.9982E-05 0.986815
0.126504 0.0751858 0.135798 0.662512
0.0422947 0.0435424 0.0294307 0.884732
9.9991E-05 0.122268 0.0372874 0.840345
0.188088 0.491963 0.315157 0.00479176
9.9982E-05 9.9982E-05 0.994336 0.00546411
9.998E-05 9.998E-05 0.9997 9.998E-05
9.99821E-05 0.783939 9.99821E-05 0.215861
9.998E-05 9.998E-05 0.9997 9.998E-05
0.964554 9.9982E-05 9.9982E-05 0.0352456
0.992939 9.9982E-05 9.9982E-05 0.00686063
0.490623 0.0915679 0.201327 0.216482
9.9991E-05 0.0935528 0.0842869 0.82206
0.9997 9.998E-05 9.998E-05 9.998E-05
0.9997 9.998E-05 9.998E-05 9.998E-05
0.9997 9.998E-05 9.998E-05 9.998E-05
0.9997 9.998E-05 9.998E-05 9.998E-05
0.9997 9.998E-05 9.998E-05 9.998E-05
9.9982E-05 0.944558 9.9982E-05 0.0552418
0.197073 0.57889 0.215973 0.00806374
0.146935 0.767457 0.0815305 0.00407818
0.109709 0.850617 0.0395743 9.9991E-05
9.9982E-05 0.474374 9.9982E-05 0.525426
9.9982E-05 0.931146 9.9982E-05 0.0686541
0.215438 0.577532 0.206929 9.9991E-05
0.193537 0.728533 0.0778298 9.9991E-05
0.063386 0.855554 0.0809597 9.9991E-05
0.225278 0.663344 0.111278 9.9991E-05
0.981534 0.0123865 0.00290957 0.00316958
0.00268842 0.635645 0.142679 0.218988
0.0198563 0.0820256 0.0509975 0.847121
0.0682505 0.0109988 0.0219563 0.898794
0.0616935 0.10113 0.0782137 0.758963
9.9982E-05 0.818679 9.9982E-05 0.181122
0.0159455 0.90745 0.00166729 0.074937
9.998E-05 9.998E-05 0.9997 9.998E-05
0.0527894 0.346946 0.33866 0.261605
0.0798805 0.865653 0.0543662 9.9991E-05
