0.0249091 0.20656 0.0714957 0.000819805 0.0108072 0.603855 0.0143063 9.9991E-05 0.0671469
9.9964E-05 0.325369 0.0717537 0.00529762 0.267785 0.329396 9.9964E-05 9.9964E-05 9.9964E-05
0.0703815 0.271482 0.0411214 0.0197113 0.302979 0.277555 0.00519667 0.0114731 9.9991E-05
9.9964E-05 0.222923 0.0709454 9.9964E-05 9.9964E-05 0.626969 0.013237 9.9964E-05 0.0655253
9.9982E-05 0.00312089 9.9982E-05 0.0136185 0.911224 0.0282819 0.027954 0.000329075 0.0152722
0.0294227 0.36367 0.022156 9.9973E-05 0.229092 0.298342 9.9973E-05 0.0570178 9.9973E-05
9.99461E-05 9.99461E-05 9.99461E-05 0.524066 9.99461E-05 9.99461E-05 9.99461E-05 0.00456972 0.470765
9.9946E-05 0.0196606 9.9946E-05 0.977611 9.9946E-05 9.9946E-05 9.9946E-05 9.9946E-05 0.00212864
9.9946E-05 0.0159113 0.0160053 0.967484 9.9946E-05 9.9946E-05 9.9946E-05 9.9946E-05 9.9946E-05
9.99371E-05 9.99371E-05 9.99371E-05 0.996925 9.99371E-05 0.00237575 9.99371E-05 9.99371E-05 9.99371E-05
0.536177 0.00845211 0.289753 9.9973E-05 0.0282811 9.9973E-05 0.0148036 9.9973E-05 0.122233
0.733951 9.9964E-05 0.239344 0.00658045 9.9964E-05 0.0133764 9.9964E-05 9.9964E-05 0.00634865
0.578311 9.9955E-05 0.385938 0.0164466 9.9955E-05 0.0188054 9.9955E-05 9.9955E-05 9.9955E-05
0.628664 9.9946E-05 0.342139 9.9946E-05 9.9946E-05 9.9946E-05 9.9946E-05 9.9946E-05 0.0285966
9.9964E-05 9.9964E-05 9.9964E-05 0.0015294 9.9964E-05 0.104362 0.0299384 0.840219 0.0235508
9.9946E-05 9.9946E-05 9.9946E-05 0.979809 9.9946E-05 0.00949805 9.9946E-05 0.0100937 9.9946E-05
0.0112571 9.9973E-05 0.011269 0.0249071 9.9973E-05 0.0152383 0.0100412 9.9973E-05 0.926987
0.130096 9.99461E-05 9.99461E-05 0.0152933 9.99461E-05 9.99461E-05 9.99461E-05 0.854011 9.99461E-05
0.217262 9.9964E-05 9.9964E-05 9.9964E-05 9.9964E-05 0.132783 0.0649421 0.565045 0.0195686
0.556602 9.9973E-05 0.0579406 0.0250517 9.9973E-05 9.9973E-05 0.0241575 0.318708 0.0172399
0.109868 9.9964E-05 9.9964E-05 0.0154461 9.9964E-05 0.084528 0.0180538 0.771704 9.9964E-05
0.95001 9.9955E-05 9.9955E-05 0.0242421 0.00955635 9.9955E-05 9.9955E-05 0.0156917 9.9955E-05
0.0927568 0.002098 9.9964E-05 0.0065694 9.9964E-05 9.9964E-05 9.9964E-05 0.853697 0.0444789
0.855961 0.0117062 9.9973E-05 0.0167923 9.9973E-05 0.00434226 9.9973E-05 0.0462449 0.064653
0.975272 9.9946E-05 0.0214931 9.9946E-05 9.9946E-05 9.9946E-05 9.9946E-05 0.00263537 9.9946E-05
0.0287314 0.00476048 9.9955E-05 9.9955E-05 9.9955E-05 9.9955E-05 9.9955E-05 0.929559 0.036449
0.115171 9.9955E-05 0.0233318 0.0171066 9.9955E-05 9.9955E-05 9.9955E-05 0.843891 9.9955E-05
0.286207 0.0485447 0.0517492 9.9973E-05 9.9973E-05 9.9973E-05 0.0357155 0.564955 0.0125284
0.0839234 9.9955E-05 9.9955E-05 0.0154285 9.9955E-05 9.9955E-05 0.0295466 0.870602 9.9955E-05
0.00989395 9.9964E-05 0.0308953 9.9964E-05 9.9964E-05 0.00595726 0.00911602 0.943738 9.9964E-05
0.954036 0.00383223 0.0251373 9.9964E-05 9.9964E-05 9.9964E-05 0.0140292 9.9964E-05 0.00256538
0.412408 9.9946E-05 0.517977 9.9946E-05 9.9946E-05 9.9946E-05 9.9946E-05 9.9946E-05 0.0690157
0.0747562 9.99461E-05 0.0373315 9.99461E-05 9.99461E-05 9.99461E-05 9.99461E-05 0.887313 9.99461E-05
0.731017 9.9973E-05 0.0725299 0.0161044 9.9973E-05 0.0398378 9.9973E-05 0.125048 0.0151626
0.0546486 0.00689307 0.0110826 0.00577939 0.00166784 9.9973E-05 9.9973E-05 0.919629 9.9973E-05
0.911597 0.00394497 0.0838583 9.9946E-05 9.9946E-05 9.9946E-05 9.9946E-05 9.9946E-05 9.9946E-05
0.119394 9.99461E-05 9.99461E-05 9.99461E-05 0.0132439 9.99461E-05 9.99461E-05 0.866763 9.99461E-05
0.921004 9.9964E-05 0.0350736 0.00367875 9.9964E-05 9.9964E-05 0.0370591 9.9964E-05 0.00278504
9.9955E-05 0.127142 9.9955E-05 9.9955E-05 0.108347 0.682125 0.0818864 9.9955E-05 9.9955E-05
9.9937E-05 0.373309 9.9937E-05 9.9937E-05 0.625992 9.9937E-05 9.9937E-05 9.9937E-05 9.9937E-05
9.9937E-05 9.9937E-05 0.977794 9.9937E-05 0.0215064 9.9937E-05 9.9937E-05 9.9937E-05 9.9937E-05
0.0608253 9.9946E-05 9.9946E-05 9.9946E-05 9.9946E-05 9.9946E-05 9.9946E-05 0.924045 0.0145304
0.939216 9.9955E-05 0.0194254 9.9955E-05 9.9955E-05 9.9955E-05 0.0261028 9.9955E-05 0.0147565
0.0179596 0.590561 0.0015821 9.9964E-05 9.9964E-05 9.9964E-05 0.0826774 9.9964E-05 0.30682
0.197524 9.9982E-05 0.0351421 0.0548195 9.9982E-05 0.132658 0.0440235 0.521726 0.0139071
0.297434 9.9982E-05 0.224389 0.0300537 9.9982E-05 0.0184852 0.00238334 0.348989 0.0780651
0.0731987 9.9973E-05 9.9973E-05 0.0168413 0.0311988 0.0402816 0.00842959 0.82975 9.9973E-05
0.051324 0.334872 0.0023073 0.0100218 0.307134 0.229307 0.0293409 0.0320261 0.00366641
9.9964E-05 0.245795 0.0432869 9.9964E-05 0.113776 0.0868843 0.509858 9.9964E-05 9.9964E-05
9.9937E-05 9.9937E-05 9.9937E-05 9.9937E-05 9.9937E-05 0.682254 9.9937E-05 9.9937E-05 0.317046
0.1223 9.99549E-05 0.00255913 9.99549E-05 9.99549E-05 0.688675 9.99549E-05 9.99549E-05 0.185965
0.159598 9.99549E-05 9.99549E-05 0.0027603 9.99549E-05 0.649578 9.99549E-05 9.99549E-05 0.187565
0.00219826 9.99459E-05 9.99459E-05 9.99459E-05 9.99459E-05 0.761213 9.99459E-05 9.99459E-05 0.235989
0.0130141 9.9955E-05 0.024851 0.945991 0.0156445 9.9955E-05 9.9955E-05 9.9955E-05 9.9955E-05
0.0174598 9.9955E-05 9.9955E-05 0.954302 0.0133533 0.0143848 9.9955E-05 9.9955E-05 9.9955E-05
0.0399717 9.9964E-05 0.653952 0.0328495 9.9964E-05 9.9964E-05 9.9964E-05 0.0218545 0.250973
0.827124 9.9955E-05 0.139647 9.9955E-05 9.9955E-05 0.00425526 9.9955E-05 0.0284749 9.9955E-05
0.05686 9.9973E-05 9.9973E-05 0.015129 0.200127 0.48958 0.0579915 0.180013 9.9973E-05
9.9955E-05 0.0339113 9.9955E-05 9.9955E-05 0.870723 0.0715826 0.023283 9.9955E-05 9.9955E-05
9.9973E-05 0.197399 9.9973E-05 9.9973E-05 0.434714 0.0486428 0.27373 0.0262035 0.0190111
0.00174773 0.0116673 9.9973E-05 9.9973E-05 9.9973E-05 0.0130797 0.00380459 0.000734856 0.968666
0.0275989 9.9973E-05 0.025698 0.017491 0.0216201 0.189458 9.9973E-05 9.9973E-05 0.717834
9.9973E-05 0.0137996 0.125289 9.9973E-05 0.011652 0.176818 0.036854 9.9973E-05 0.635287
0.000665837 9.9955E-05 9.9955E-05 0.972744 9.9955E-05 0.025046 0.00104433 9.9955E-05 9.9955E-05
9.9955E-05 0.113762 9.9955E-05 0.00580672 0.837814 0.0421183 9.9955E-05 9.9955E-05 9.9955E-05
9.99459E-05 9.99459E-05 0.0208033 9.99459E-05 9.99459E-05 9.99459E-05 9.99459E-05 0.0145355 0.964062
9.9964E-05 0.0747369 9.9964E-05 9.9964E-05 0.0371248 0.828614 0.0207862 9.9964E-05 0.0383379
0.797139 9.9946E-05 0.185709 9.9946E-05 9.9946E-05 9.9946E-05 9.9946E-05 9.9946E-05 0.0165517
0.595 9.9937E-05 0.4043 9.9937E-05 9.9937E-05 9.9937E-05 9.9937E-05 9.9937E-05 9.9937E-05
9.9973E-05 9.9973E-05 9.9973E-05 0.784002 0.0227948 0.0925813 0.0297745 0.0379445 0.0326032
0.0061783 9.9973E-05 9.9973E-05 0.813773 0.0126101 0.0906403 0.0223879 0.0541105 9.9973E-05
0.00438674 9.9973E-05 0.0192781 0.86428 9.9973E-05 0.0423028 0.050711 9.9973E-05 0.018741
9.9946E-05 9.9946E-05 9.9946E-05 0.966254 0.027147 9.9946E-05 9.9946E-05 9.9946E-05 0.00599979
9.9946E-05 9.9946E-05 9.9946E-05 0.962711 9.9946E-05 0.0131726 9.9946E-05 9.9946E-05 0.0235171
9.9964E-05 0.00741739 9.9964E-05 0.96659 0.0128387 9.9964E-05 9.9964E-05 0.00590271 0.00685175
0.0090335 0.0228319 9.9946E-05 0.967535 9.9946E-05 9.9946E-05 9.9946E-05 9.9946E-05 9.9946E-05
9.9946E-05 9.9946E-05 9.9946E-05 0.975966 0.0173267 9.9946E-05 9.9946E-05 0.00610783 9.9946E-05
0.00350696 0.0289585 9.9946E-05 0.966935 9.9946E-05 9.9946E-05 9.9946E-05 9.9946E-05 9.9946E-05
9.993E-05 9.993E-05 9.993E-05 0.999201 9.993E-05 9.993E-05 9.993E-05 9.993E-05 9.993E-05
0.0137425 0.017052 9.9973E-05 0.950218 0.00515957 0.0106601 9.9973E-05 9.9973E-05 0.00286831
0.0122186 9.9964E-05 9.9964E-05 0.925706 9.9964E-05 0.0272104 9.9964E-05 0.0220491 0.0124163
0.0166531 0.00716678 9.9982E-05 0.944244 0.00339799 0.0158648 0.00728811 0.00518535 9.9982E-05
0.0703169 9.99461E-05 9.99461E-05 0.539142 9.99461E-05 9.99461E-05 9.99461E-05 0.389941 9.99461E-05
0.0282031 9.9946E-05 9.9946E-05 0.548095 9.9946E-05 9.9946E-05 9.9946E-05 0.423102 9.9946E-05
0.00585606 0.00468136 9.9946E-05 0.988863 9.9946E-05 9.9946E-05 9.9946E-05 9.9946E-05 9.9946E-05
9.99371E-05 9.99371E-05 9.99371E-05 0.943262 9.99371E-05 0.0560382 9.99371E-05 9.99371E-05 9.99371E-05
9.9955E-05 0.0125547 9.9955E-05 0.925051 9.9955E-05 0.0610884 9.9955E-05 9.9955E-05 0.000806123
9.99607E-05 9.99607E-05 9.99607E-05 0.921218 0.0318907 0.011983 9.99607E-05 0.0344082 9.99607E-05
9.99463E-05 9.99463E-05 9.99463E-05 0.98724 9.99463E-05 0.0116133 9.99463E-05 9.99463E-05 0.000546965
0.0698396 9.99461E-05 9.99461E-05 0.506073 9.99461E-05 9.99461E-05 9.99461E-05 0.423488 9.99461E-05
0.0537979 9.9982E-05 0.0197115 0.861708 0.011721 9.9982E-05 0.013524 0.0196623 0.0196758
9.9964E-05 0.0020137 0.029677 0.920394 0.00162483 9.9964E-05 9.9964E-05 9.9964E-05 0.0458907
9.9973E-05 9.9973E-05 0.0138491 0.946691 0.0166452 0.00729876 9.9973E-05 0.00676133 0.00845494
9.9973E-05 0.0150329 9.9973E-05 0.940202 0.018029 0.0124787 0.00964533 9.9973E-05 0.00431175
0.0228558 9.9982E-05 0.00118186 0.893595 0.00934026 0.0168148 9.9982E-05 0.0159193 0.0400929
0.00753257 9.9955E-05 9.9955E-05 0.939599 9.9955E-05 0.0331954 9.9955E-05 9.9955E-05 0.0191732
9.9982E-05 0.080385 0.0565841 9.9982E-05 0.0587937 0.000904959 0.0505636 0.586142 0.166426
9.9964E-05 0.0273656 9.9964E-05 0.929805 0.00369505 0.0254449 9.9964E-05 0.0132901 9.9964E-05
0.0143249 9.9955E-05 9.9955E-05 0.969336 9.9955E-05 0.00234788 9.9955E-05 0.0134917 9.9955E-05
0.00477835 0.11658 9.9991E-05 0.71578 0.0085752 0.0155088 0.0227193 0.0727919 0.0431666
0.000270498 9.99454E-05 9.99454E-05 0.99903 9.99454E-05 9.99454E-05 9.99454E-05 9.99454E-05 9.99454E-05
9.9964E-05 0.00217178 0.0058723 0.975554 9.9964E-05 9.9964E-05 9.9964E-05 0.00113297 0.0148688
9.99551E-05 9.99551E-05 0.00250321 0.98222 0.00720814 9.99551E-05 0.00756864 9.99551E-05 9.99551E-05
9.9964E-05 9.9964E-05 9.9964E-05 0.939717 0.0042947 0.0168608 9.9964E-05 0.0178793 0.0208482
9.9982E-05 0.00668094 0.0510092 0.0242439 0.0018369 9.9982E-05 0.00495506 0.909859 0.00121487
9.9937E-05 0.00879842 9.9937E-05 0.990502 9.9937E-05 9.9937E-05 9.9937E-05 9.9937E-05 9.9937E-05
9.9946E-05 9.9946E-05 9.9946E-05 0.943266 9.9946E-05 0.0428226 0.0133116 9.9946E-05 9.9946E-05
9.9937E-05 9.9937E-05 9.9937E-05 0.989693 9.9937E-05 9.9937E-05 0.00960764 9.9937E-05 9.9937E-05
9.99369E-05 9.99369E-05 0.396504 9.99369E-05 9.99369E-05 9.99369E-05 9.99369E-05 0.602796 9.99369E-05
0.00300954 9.9982E-05 9.9982E-05 0.93025 0.00708366 0.0221865 0.0229097 0.0033436 0.0110168
0.00903529 0.0229809 0.0227458 0.933015 9.9964E-05 0.0118233 9.9964E-05 9.9964E-05 9.9964E-05
9.9946E-05 0.0293876 9.9946E-05 0.966693 9.9946E-05 0.00331967 9.9946E-05 9.9946E-05 9.9946E-05
0.00385524 9.9946E-05 9.9946E-05 0.992138 9.9946E-05 9.9946E-05 9.9946E-05 9.9946E-05 0.00340724
0.280043 9.9964E-05 9.9964E-05 0.0383211 9.9964E-05 0.0417665 9.9964E-05 0.607201 0.0322688
9.9937E-05 9.9937E-05 9.9937E-05 0.997528 0.00177195 9.9937E-05 9.9937E-05 9.9937E-05 9.9937E-05
9.9964E-05 0.0280502 0.00874932 0.90217 9.9964E-05 0.058537 0.00209351 9.9964E-05 9.9964E-05
0.0501241 9.99461E-05 9.99461E-05 0.505112 9.99461E-05 9.99461E-05 9.99461E-05 0.444164 9.99461E-05
9.99371E-05 9.99371E-05 0.00547619 0.993824 9.99371E-05 9.99371E-05 9.99371E-05 9.99371E-05 9.99371E-05
0.6216 9.9973E-05 0.175163 0.0263272 9.9973E-05 9.9973E-05 0.00509737 0.1657 0.0058121
0.567039 9.9973E-05 0.134016 9.9973E-05 0.0296882 0.007117 0.00102647 0.260813 9.9973E-05
0.731382 0.0639073 0.152708 0.0154128 9.9973E-05 0.00174199 9.9973E-05 0.0345484 9.9973E-05
0.0435452 9.9973E-05 0.0199492 0.053904 0.0188783 9.9973E-05 9.9973E-05 0.83889 0.0245332
0.0391874 9.9973E-05 9.9973E-05 0.057635 0.00962371 0.0326305 0.0495163 9.9973E-05 0.811107
0.751612 0.038707 0.118613 0.0391713 0.0190754 9.9982E-05 9.9982E-05 0.0314286 0.00119274
0.2098 0.00461776 0.203029 9.9991E-05 0.0268757 0.0061159 0.0292502 0.192905 0.327306
0.656589 0.0161582 0.147887 0.016904 0.000483408 9.9982E-05 0.0214474 0.14033 9.9982E-05
0.654941 9.9973E-05 0.031617 9.9973E-05 0.0085564 9.9973E-05 0.0452922 0.245499 0.0137943
0.623789 9.9973E-05 0.13177 0.0163172 9.9973E-05 0.0391011 0.00874555 0.179978 9.9973E-05
0.590868 0.0266161 0.054961 9.9982E-05 0.0350265 0.000532019 0.0645632 0.227234 9.9982E-05
0.570843 0.0360176 0.0554684 9.9982E-05 0.00689088 9.9982E-05 0.0376012 0.288651 0.00432719
0.855437 9.9955E-05 0.105369 0.0120938 0.0266002 9.9955E-05 9.9955E-05 9.9955E-05 9.9955E-05
0.632947 9.9964E-05 0.287461 0.00584997 9.9964E-05 9.9964E-05 0.0124868 9.9964E-05 0.0608552
0.623321 9.9964E-05 0.262247 0.0332133 9.9964E-05 9.9964E-05 0.0203565 9.9964E-05 0.0604624
0.0500182 9.9982E-05 0.027268 0.0745969 9.9982E-05 0.00203985 0.0514519 0.767282 0.0271428
9.993E-05 0.999201 9.993E-05 9.993E-05 9.993E-05 9.993E-05 9.993E-05 9.993E-05 9.993E-05
9.9955E-05 0.925919 9.9955E-05 0.00151819 0.0254184 0.0466449 9.9955E-05 9.9955E-05 9.9955E-05
9.9973E-05 0.234916 0.0208863 9.9973E-05 0.610131 0.0915322 0.0411521 9.9973E-05 0.00108213
0.0309756 0.0206236 0.110425 0.0915258 0.00777631 0.0693475 0.0413429 0.339435 0.288549
9.9946E-05 0.976109 9.9946E-05 9.9946E-05 9.9946E-05 0.0191065 9.9946E-05 9.9946E-05 0.00418535
9.9964E-05 0.894527 9.9964E-05 0.0229845 0.0187719 0.0574354 9.9964E-05 0.00588172 9.9964E-05
9.9991E-05 0.0535823 0.553054 0.128219 0.0122563 0.00132719 0.0036888 0.149246 0.0985268
9.9973E-05 0.183604 9.9973E-05 0.00752928 0.448328 0.0169532 0.308228 9.9973E-05 0.0350579
0.0438749 0.106404 9.9991E-05 0.00812419 0.424671 0.0431851 0.327806 0.030198 0.0156368
9.9964E-05 0.0600775 9.9964E-05 9.9964E-05 0.452142 0.0326883 0.421856 9.9964E-05 0.0328373
0.00310244 9.9982E-05 9.9982E-05 0.0128661 0.224133 0.0556639 0.602951 0.0509957 0.0500885
0.00834308 9.9982E-05 9.9982E-05 0.0279412 0.265364 0.0685302 0.573986 0.0247889 0.0308462
0.0360779 0.091678 9.9982E-05 9.9982E-05 0.404011 0.00494296 0.420821 0.0095027 0.0327663
9.99639E-05 0.0101384 9.99639E-05 0.0103246 9.99639E-05 0.144797 0.0358996 9.99639E-05 0.79844
9.9964E-05 0.29975 9.9964E-05 9.9964E-05 0.65067 9.9964E-05 0.0200617 0.0252529 0.00386571
0.00212923 9.9982E-05 0.0313229 0.0256065 0.00284768 0.0293069 9.9982E-05 0.865264 0.0433224
9.9973E-05 0.0152063 0.0450202 0.0270462 0.01383 9.9973E-05 9.9973E-05 0.872107 0.0264905
9.9964E-05 0.0501392 9.9964E-05 0.032138 0.860964 0.0533119 0.00304753 9.9964E-05 9.9964E-05
0.10653 0.0585504 0.109293 0.121355 0.136512 0.13197 0.0878452 0.157809 0.090135
0.0261195 0.0203877 9.9982E-05 9.9982E-05 0.0270881 0.0623256 0.0426148 0.0353932 0.785871
0.00809682 0.0427864 0.89507 9.9964E-05 0.00831621 9.9964E-05 0.0453311 9.9964E-05 9.9964E-05
0.0949572 9.9982E-05 0.0441299 0.0029084 0.011992 9.9982E-05 0.0281042 0.777667 0.0400414
9.9964E-05 0.221771 0.727631 0.0307788 9.9964E-05 9.9964E-05 0.0152321 0.00418718 9.9964E-05
9.9982E-05 0.0617164 0.0883279 0.010749 0.00297213 9.9982E-05 0.0278266 0.0236508 0.784557
9.9982E-05 0.742917 0.0385048 0.017762 9.9982E-05 0.00162528 0.141646 0.0469671 0.0103782
9.9964E-05 9.9964E-05 9.9964E-05 0.0204818 0.00114615 0.051149 0.0227352 9.9964E-05 0.904088
0.10912 9.9982E-05 0.0337808 0.026428 0.0695492 0.603181 0.0847656 0.0729761 9.9982E-05
9.9955E-05 9.9955E-05 0.0479057 0.0200036 9.9955E-05 9.9955E-05 0.00631859 0.925272 9.9955E-05
0.0044233 0.311347 9.9964E-05 0.0294503 0.60899 9.9964E-05 9.9964E-05 9.9964E-05 0.0453895
0.0053378 9.9964E-05 0.57014 9.9964E-05 0.380915 9.9964E-05 0.016148 0.027059 9.9964E-05
9.9964E-05 9.9964E-05 0.00455049 0.00654927 0.921332 9.9964E-05 0.0193481 0.0478206 9.9964E-05
0.104499 0.0810191 0.308473 0.0464007 0.0349506 0.0610079 0.0284723 0.0438032 0.291375
9.993E-05 9.993E-05 9.993E-05 9.993E-05 0.999201 9.993E-05 9.993E-05 9.993E-05 9.993E-05
0.0407306 9.9964E-05 0.0222201 9.9964E-05 0.0443416 9.9964E-05 9.9964E-05 0.0124363 0.879871
0.0286329 9.9973E-05 0.00175804 0.052991 0.795716 9.9973E-05 9.9973E-05 0.0642926 0.0563093
0.00727659 9.9973E-05 0.046959 0.0462946 0.814608 9.9973E-05 9.9973E-05 0.00725191 0.0773101
9.9955E-05 9.9955E-05 0.0200131 9.9955E-05 0.0746759 9.9955E-05 9.9955E-05 0.834101 0.0707106
0.066828 0.305247 0.0854108 9.9991E-05 0.0420621 0.0616919 0.001442 0.383631 0.0535875
9.9973E-05 0.0238954 0.436084 0.0330617 0.0346248 9.9973E-05 9.9973E-05 0.353554 0.11848
0.0415694 9.9973E-05 9.9973E-05 0.0253844 0.063988 9.9973E-05 0.803571 0.0377099 0.0274777
0.0117579 9.9973E-05 0.00362218 9.9973E-05 0.0264807 0.0298537 0.920555 9.9973E-05 0.00743089
0.0139713 9.9982E-05 0.0132085 9.9982E-05 0.0364352 0.0420254 0.873185 0.00807416 0.0129009
0.0252387 9.9973E-05 9.9973E-05 9.9973E-05 0.0218828 0.0297759 0.877297 0.00229616 0.0432091
9.9946E-05 9.9946E-05 9.9946E-05 9.9946E-05 9.9946E-05 0.0318171 0.0370673 0.930516 9.9946E-05
0.026194 9.9955E-05 9.9955E-05 9.9955E-05 0.0361523 0.0574267 9.9955E-05 0.879727 9.9955E-05
0.133982 0.00202795 9.9982E-05 0.0237352 9.9982E-05 0.0310689 0.0202632 0.733132 0.0555904
9.9973E-05 0.214919 9.9973E-05 0.00859205 0.291317 0.0276993 0.413501 9.9973E-05 0.0436716
0.0726123 0.062548 0.0597352 0.15934 0.173589 0.06534 0.106768 0.201972 0.0980957
0.0231514 9.9982E-05 0.0124842 0.125611 0.00833808 0.369554 0.105658 0.355003 9.9982E-05
0.109727 9.9964E-05 9.9964E-05 0.0127983 0.0117542 0.136839 9.9964E-05 0.728481 9.9964E-05
0.0982858 0.0167881 9.9973E-05 0.0813916 9.9973E-05 0.164122 0.0177052 0.621408 9.9973E-05
9.9982E-05 0.00558205 0.00885315 0.0482223 0.00585018 0.1303 0.0756636 0.725329 9.9982E-05
0.00566534 0.0412283 0.0387607 0.148593 0.0307412 0.231747 0.0338638 0.469301 9.9991E-05
0.0385364 0.0843957 0.0591217 0.00359419 9.9991E-05 0.725079 0.00357802 0.0106639 0.0749311
0.591901 9.9946E-05 0.371367 9.9946E-05 9.9946E-05 9.9946E-05 9.9946E-05 9.9946E-05 0.0361328
0.31148 9.9973E-05 0.322924 0.0490671 9.9973E-05 9.9973E-05 0.019432 0.218596 0.0782007
0.0187742 0.0212747 9.9955E-05 9.9955E-05 0.954399 0.00505247 9.9955E-05 9.9955E-05 9.9955E-05
0.0358957 9.9946E-05 9.9946E-05 9.9946E-05 0.914023 0.0494814 9.9946E-05 9.9946E-05 9.9946E-05
0.0488377 9.9955E-05 9.9955E-05 9.9955E-05 0.874471 0.0747751 9.9955E-05 9.9955E-05 0.00141632
9.9973E-05 0.185533 0.00857486 9.9973E-05 0.352517 0.211625 0.234868 9.9973E-05 0.00658233
9.9946E-05 9.9946E-05 9.9946E-05 9.9946E-05 0.312699 0.567651 0.11905 9.9946E-05 9.9946E-05
9.9946E-05 9.9946E-05 9.9946E-05 9.9946E-05 0.316806 0.576303 0.106291 9.9946E-05 9.9946E-05
0.0391561 0.000389598 9.9964E-05 0.00883323 9.9964E-05 0.0651306 9.9964E-05 0.886091 9.9964E-05
0.054615 0.00229104 9.9973E-05 9.9973E-05 0.0103719 0.09006 0.0418693 0.800493 9.9973E-05
0.0478522 9.9946E-05 9.9946E-05 9.9946E-05 9.9946E-05 9.9946E-05 9.9946E-05 0.934777 0.0167711
9.9964E-05 9.9964E-05 0.212294 9.9964E-05 0.0262626 0.0459009 9.9964E-05 0.00141928 0.713723
9.9964E-05 9.9964E-05 0.00977052 0.0172625 0.935334 9.9964E-05 0.023481 9.9964E-05 0.0137519
9.9946E-05 0.0251513 9.9946E-05 0.0445622 0.929687 9.9946E-05 9.9946E-05 9.9946E-05 9.9946E-05
9.9955E-05 0.109922 0.0114214 9.9955E-05 0.876827 9.9955E-05 9.9955E-05 9.9955E-05 0.00132926
9.9955E-05 0.143575 0.0419145 9.9955E-05 0.798659 9.9955E-05 0.0153523 9.9955E-05 9.9955E-05
9.9982E-05 0.0914252 0.0331754 0.00752112 0.84014 9.9982E-05 0.00559808 0.000681222 0.0212589
9.9937E-05 9.9937E-05 0.969553 9.9937E-05 0.0297474 9.9937E-05 9.9937E-05 9.9937E-05 9.9937E-05
9.9982E-05 0.347552 9.9982E-05 0.082055 0.205999 0.143402 0.161363 0.048584 0.0108448
0.0243763 9.9946E-05 9.9946E-05 9.9946E-05 0.00805943 9.9946E-05 9.9946E-05 9.9946E-05 0.966965
9.9946E-05 9.9946E-05 0.962092 9.9946E-05 0.0365907 0.000717682 9.9946E-05 9.9946E-05 9.9946E-05
9.9964E-05 0.044474 0.0571479 9.9964E-05 0.0275511 9.9964E-05 9.9964E-05 0.763631 0.106796
0.0351329 9.99369E-05 0.964168 9.99369E-05 9.99369E-05 9.99369E-05 9.99369E-05 9.99369E-05 9.99369E-05
9.993E-05 9.993E-05 0.999201 9.993E-05 9.993E-05 9.993E-05 9.993E-05 9.993E-05 9.993E-05
9.993E-05 9.993E-05 0.999201 9.993E-05 9.993E-05 9.993E-05 9.993E-05 9.993E-05 9.993E-05
0.0173 9.9946E-05 9.9946E-05 0.0344573 0.947643 9.9946E-05 9.9946E-05 9.9946E-05 9.9946E-05
9.9964E-05 0.0163313 0.0168949 9.9964E-05 0.944889 9.9964E-05 0.00240374 9.9964E-05 0.0190807
9.9973E-05 0.361307 0.080339 9.9973E-05 0.233646 0.289079 0.0041087 0.0312211 9.9973E-05
9.9964E-05 0.0235872 0.027233 0.0337246 0.910124 9.9964E-05 9.9964E-05 0.00493098 9.9964E-05
9.993E-05 9.993E-05 9.993E-05 9.993E-05 0.999201 9.993E-05 9.993E-05 9.993E-05 9.993E-05
9.9946E-05 0.165843 0.612786 9.9946E-05 0.220771 9.9946E-05 9.9946E-05 9.9946E-05 9.9946E-05
0.00719612 0.0752691 9.9973E-05 9.9973E-05 0.805523 0.020598 0.0657669 0.0253471 9.9973E-05
9.9973E-05 0.0946234 0.00814345 9.9973E-05 0.788843 0.0321655 0.0606048 0.0153196 9.9973E-05
0.0459108 0.165254 9.9982E-05 0.00626341 0.181431 0.481481 0.0697014 0.0497584 9.9982E-05
9.9964E-05 0.00371028 0.111598 0.0149137 9.9964E-05 9.9964E-05 0.011303 9.9964E-05 0.858075
9.9955E-05 0.208296 0.159571 9.9955E-05 0.627752 9.9955E-05 9.9955E-05 9.9955E-05 0.00388092
0.0149837 0.184861 0.0450142 0.406993 9.9982E-05 9.9982E-05 0.0576888 0.289249 0.00101118
9.9946E-05 0.277114 0.197425 9.9946E-05 0.524862 9.9946E-05 9.9946E-05 9.9946E-05 9.9946E-05
9.9946E-05 9.9946E-05 0.0253406 0.0182028 0.955857 9.9946E-05 9.9946E-05 9.9946E-05 9.9946E-05
9.993E-05 9.993E-05 0.999201 9.993E-05 9.993E-05 9.993E-05 9.993E-05 9.993E-05 9.993E-05
0.101807 0.0105722 0.619355 9.9964E-05 0.239077 0.0287889 9.9964E-05 9.9964E-05 9.9964E-05
9.9955E-05 9.9955E-05 0.0535275 9.9955E-05 9.9955E-05 0.0685634 9.9955E-05 0.0220274 0.855382
9.9937E-05 9.9937E-05 9.9937E-05 9.9937E-05 9.9937E-05 0.918019 9.9937E-05 9.9937E-05 0.0812812
0.952476 9.99461E-05 0.0345128 9.99461E-05 9.99461E-05 9.99461E-05 9.99461E-05 0.0124119 9.99461E-05
0.127978 9.99459E-05 9.99459E-05 9.99459E-05 9.99459E-05 0.663343 9.99459E-05 9.99459E-05 0.208079
0.0275301 9.9955E-05 0.0453389 9.9955E-05 0.0432082 9.9955E-05 9.9955E-05 9.9955E-05 0.883423
0.0433677 9.9964E-05 0.076166 9.9964E-05 0.043711 9.9964E-05 9.9964E-05 0.00449584 0.83186
0.0298968 9.99459E-05 9.99459E-05 9.99459E-05 9.99459E-05 0.760648 9.99459E-05 9.99459E-05 0.208855
0.0955084 0.07466 0.256859 9.9973E-05 9.9973E-05 0.428162 0.00431639 9.9973E-05 0.140195
9.9946E-05 9.9946E-05 0.0605663 9.9946E-05 9.9946E-05 0.0229137 9.9946E-05 9.9946E-05 0.91592
0.00216126 0.159973 9.9982E-05 0.0250213 0.176891 0.470351 0.0873002 0.0781026 9.9982E-05
0.0589985 9.9955E-05 9.9955E-05 0.000231754 9.9955E-05 9.9955E-05 9.9955E-05 0.921636 0.0186343
9.9973E-05 0.00672794 0.0728246 9.9973E-05 0.0422518 9.9973E-05 0.000949829 0.736151 0.140795
9.993E-05 9.993E-05 9.993E-05 0.999201 9.993E-05 9.993E-05 9.993E-05 9.993E-05 9.993E-05
0.042269 0.0214307 9.9982E-05 9.9982E-05 0.0527192 0.046551 0.0295107 0.652362 0.154957
0.0704829 0.000677064 0.0386922 0.000784443 0.00394614 9.9982E-05 9.9982E-05 0.837256 0.0479609
0.0665157 9.9955E-05 0.0229462 9.9955E-05 9.9955E-05 9.9955E-05 9.9955E-05 0.326068 0.583971
0.0879815 9.9964E-05 0.00610867 0.0218418 9.9964E-05 9.9964E-05 9.9964E-05 0.845564 0.0381036
0.587083 9.9991E-05 0.00483364 0.026505 0.00875946 0.0901489 0.0331488 0.229683 0.0197376
9.9982E-05 9.9982E-05 0.00290376 0.00388757 0.011449 0.0262287 0.0147526 0.937045 0.00353331
0.0816906 9.9964E-05 9.9964E-05 0.105189 9.9964E-05 0.701196 0.0128159 0.0987085 9.9964E-05
0.151824 9.9973E-05 0.0398977 9.9973E-05 9.9973E-05 0.55872 0.046643 0.044544 0.158071
0.134418 9.9982E-05 0.196115 0.0154459 9.9982E-05 0.375139 0.0228467 0.191286 0.0645496
0.049949 9.9973E-05 0.0392795 0.0150945 0.0137613 9.9973E-05 9.9973E-05 0.855645 0.0259707
9.9946E-05 0.135384 9.9946E-05 0.0141887 0.849828 9.9946E-05 9.9946E-05 9.9946E-05 9.9946E-05
0.946846 9.9955E-05 0.0311515 9.9955E-05 0.0045542 0.0169486 9.9955E-05 9.9955E-05 9.9955E-05
0.0575202 9.9964E-05 9.9964E-05 0.0495698 9.9964E-05 0.707156 0.0645551 0.120799 9.9964E-05
0.937492 0.00201202 0.0300835 9.9955E-05 9.9955E-05 9.9955E-05 9.9955E-05 9.9955E-05 0.0299128
9.9955E-05 0.0950811 9.9955E-05 9.9955E-05 0.852828 0.0455133 0.00607765 9.9955E-05 9.9955E-05
9.9955E-05 0.00263204 0.0298194 0.00510908 9.9955E-05 9.9955E-05 9.9955E-05 9.9955E-05 0.96194
9.9964E-05 0.00476312 9.9964E-05 0.95627 0.00899526 9.9964E-05 0.007087 9.9964E-05 0.0224845
9.9973E-05 0.129008 9.9973E-05 0.704178 9.9973E-05 0.0261925 0.0305002 0.0486294 0.061192
9.99461E-05 9.99461E-05 9.99461E-05 0.0342255 9.99461E-05 9.99461E-05 9.99461E-05 0.944668 0.0205069
0.244346 9.9964E-05 0.378182 0.0321357 9.9964E-05 9.9964E-05 9.9964E-05 0.248605 0.0963315
9.993E-05 9.993E-05 9.993E-05 9.993E-05 9.993E-05 9.993E-05 9.993E-05 9.993E-05 0.999201
9.993E-05 9.993E-05 9.993E-05 9.993E-05 9.993E-05 9.993E-05 9.993E-05 9.993E-05 0.999201
0.275895 0.0873664 0.408067 9.9991E-05 0.0390858 0.0482921 0.061314 0.000832107 0.0790471
0.330083 9.9973E-05 0.326598 0.0206235 9.9973E-05 9.9973E-05 0.00801561 0.26514 0.0492395
0.0134967 0.00907023 9.9964E-05 9.9964E-05 0.894528 0.0702093 0.0122954 9.9964E-05 9.9964E-05
9.9946E-05 9.9946E-05 9.9946E-05 9.9946E-05 0.293858 0.581717 0.123825 9.9946E-05 9.9946E-05
9.9964E-05 0.0968416 0.0228755 9.9964E-05 0.553244 0.0182294 0.308409 9.9964E-05 9.9964E-05
0.00517006 0.157802 0.0313185 0.0914373 0.149512 0.0895137 0.420088 0.0550589 9.9991E-05
9.9982E-05 0.135681 0.0702946 0.0732848 0.117033 0.121243 0.427851 0.0544133 9.9982E-05
9.9982E-05 0.273451 9.9982E-05 0.0149028 0.303696 0.0740387 0.261895 0.0401812 0.031635
9.9946E-05 9.9946E-05 9.9946E-05 9.9946E-05 0.318399 0.575977 0.105025 9.9946E-05 9.9946E-05
0.0258208 0.156795 0.0239152 0.0589517 0.18409 0.0906825 0.418233 0.0360482 0.00546307
9.9964E-05 0.384948 9.9964E-05 9.9964E-05 0.212539 0.100464 0.236298 0.065351 9.9964E-05
9.9973E-05 9.9973E-05 0.0329005 0.0260032 0.0770999 0.653001 0.141586 0.0691087 9.9973E-05
9.9973E-05 0.237091 0.0159293 9.9973E-05 0.34064 0.116102 0.258523 0.0314155 9.9973E-05
9.9973E-05 9.9973E-05 0.0211476 0.0440398 0.077403 0.618626 0.149729 0.0887545 9.9973E-05
0.115313 9.99459E-05 9.99459E-05 9.99459E-05 9.99459E-05 0.664837 9.99459E-05 9.99459E-05 0.21925
9.9964E-05 0.25157 0.137863 0.0506659 9.9964E-05 0.542774 0.0167279 9.9964E-05 9.9964E-05
0.0732308 0.179808 9.9973E-05 0.0326571 0.299356 0.238766 0.175882 9.9973E-05 9.9973E-05
0.0942179 0.144946 0.00251109 0.0262842 0.25681 0.247264 0.188013 0.0398544 9.9991E-05
0.0124124 9.9964E-05 9.9964E-05 0.000581867 0.264139 0.55814 0.164327 9.9964E-05 9.9964E-05
0.0126297 0.215184 9.9973E-05 0.0265614 0.365873 0.112257 0.267195 9.9973E-05 9.9973E-05
0.829698 0.0141408 0.0155659 0.0117199 0.00478143 0.00552409 0.0221932 0.0962762 9.9991E-05
0.0275068 0.0268904 9.9955E-05 9.9955E-05 0.89419 0.0509131 9.9955E-05 9.9955E-05 9.9955E-05
9.9991E-05 0.130823 0.0516102 0.0191087 0.132229 0.143092 0.43568 0.083083 0.00427488
9.99731E-05 0.271932 9.99731E-05 0.0464791 0.3734 0.142604 0.157787 0.00749716 9.99731E-05
9.9973E-05 0.161138 9.9973E-05 0.0468419 0.201594 0.143301 0.404673 0.0421519 9.9973E-05
0.00582467 0.25752 0.0470976 0.0402339 0.18811 0.0774068 0.364611 0.0190957 9.9991E-05
9.9973E-05 0.0296112 0.0560445 9.9973E-05 0.0294787 9.9973E-05 0.00356072 0.729706 0.151299
0.457953 0.0108493 0.025216 0.024894 0.00472995 0.0459001 0.0314828 0.333559 0.0654154
9.9964E-05 0.105922 9.9964E-05 0.00588224 0.777878 0.0513038 0.0586139 9.9964E-05 9.9964E-05
0.988593 9.9937E-05 9.9937E-05 9.9937E-05 9.9937E-05 0.0107071 9.9937E-05 9.9937E-05 9.9937E-05
9.9982E-05 0.0141197 0.0836982 9.9982E-05 0.0667685 0.00945407 0.00123806 0.685431 0.13909
9.9937E-05 9.9937E-05 9.9937E-05 9.9937E-05 9.9937E-05 0.88621 9.9937E-05 9.9937E-05 0.113091
9.993E-05 9.993E-05 9.993E-05 9.993E-05 0.999201 9.993E-05 9.993E-05 9.993E-05 9.993E-05
9.9937E-05 9.9937E-05 9.9937E-05 0.026243 0.973057 9.9937E-05 9.9937E-05 9.9937E-05 9.9937E-05
0.0559258 0.000501179 9.9964E-05 0.024863 0.90354 9.9964E-05 0.0147698 9.9964E-05 9.9964E-05
9.9955E-05 0.0153319 0.00283231 9.9955E-05 0.97537 9.9955E-05 0.00596597 9.9955E-05 9.9955E-05
9.9955E-05 9.9955E-05 0.189915 9.9955E-05 0.0258587 0.0796391 9.9955E-05 9.9955E-05 0.704087
9.9973E-05 0.0617967 0.0117015 0.0264878 0.817884 9.9973E-05 9.9973E-05 0.0733203 0.00850974
9.9973E-05 0.025179 0.0551384 9.9973E-05 0.0228238 9.9973E-05 0.00864434 0.721318 0.166596
0.00215445 9.99461E-05 9.99461E-05 9.99461E-05 9.99461E-05 0.0541065 9.99461E-05 0.943139 9.99461E-05
9.9955E-05 9.9955E-05 0.0953332 0.0141121 9.9955E-05 9.9955E-05 0.0148807 0.875174 9.9955E-05
9.9964E-05 0.00327327 0.017681 0.0303891 9.9964E-05 9.9964E-05 9.9964E-05 0.923676 0.0245811
0.0326295 0.00242379 0.0660329 0.0239334 9.9982E-05 9.9982E-05 0.00429515 0.861811 0.00867422
9.9991E-05 0.0373857 0.0116622 0.0784535 0.0763842 0.139441 0.554835 0.0948841 0.0068552
0.0100705 9.9973E-05 9.9973E-05 0.117202 0.0928316 0.136456 0.550156 0.0929832 9.9973E-05
9.9964E-05 9.9964E-05 0.00675506 9.9964E-05 9.9964E-05 0.0388213 0.947482 0.00102553 0.00551654
9.9964E-05 0.0293831 9.9964E-05 0.00267874 0.0803236 9.9964E-05 0.87224 0.0149742 9.9964E-05
0.0012231 0.00989541 9.9982E-05 0.022105 0.0134052 9.9982E-05 0.92339 0.0137421 0.0160392
0.0593587 9.9964E-05 9.9964E-05 0.0203083 9.9964E-05 0.460225 0.289272 9.9964E-05 0.170436
0.0238484 9.9964E-05 0.0307367 0.00267019 9.9964E-05 9.9964E-05 0.942008 0.000336778 9.9964E-05
0.153519 0.0281142 0.118379 0.0247673 0.214114 0.053299 0.0991845 0.214402 0.0942196
9.9937E-05 9.9937E-05 0.00714999 9.9937E-05 9.9937E-05 9.9937E-05 0.99215 9.9937E-05 9.9937E-05
9.9937E-05 0.0383149 9.9937E-05 9.9937E-05 9.9937E-05 9.9937E-05 0.960986 9.9937E-05 9.9937E-05
9.9946E-05 0.0589326 9.9946E-05 0.00662384 9.9946E-05 9.9946E-05 0.933844 9.9946E-05 9.9946E-05
9.9955E-05 0.693568 0.0420729 9.9955E-05 0.0285196 9.9955E-05 0.23534 9.9955E-05 9.9955E-05
9.993E-05 9.993E-05 9.993E-05 9.993E-05 9.993E-05 9.993E-05 0.999201 9.993E-05 9.993E-05
9.9973E-05 0.119412 0.0111492 0.0299505 0.0130423 9.9973E-05 0.799414 0.0267315 9.9973E-05
0.902576 9.9955E-05 9.9955E-05 9.9955E-05 9.9955E-05 0.0223473 0.0206124 0.0539649 9.9955E-05
0.599869 9.9982E-05 9.9982E-05 0.0892538 0.00853323 0.0124771 0.0399647 0.203012 0.0466911
0.12911 9.9964E-05 9.9964E-05 0.0198607 9.9964E-05 0.136011 0.0117303 0.702889 9.9964E-05
0.0892472 9.9964E-05 9.9964E-05 0.048284 0.00530117 9.9964E-05 9.9964E-05 0.843828 0.0129392
0.134528 9.9964E-05 0.0273861 9.9964E-05 9.9964E-05 0.665216 0.00343874 9.9964E-05 0.169031
0.0855213 9.9973E-05 9.9973E-05 0.0469044 0.00136476 0.0835947 0.0344975 0.747817 9.9973E-05
0.920928 9.9937E-05 0.0783724 9.9937E-05 9.9937E-05 9.9937E-05 9.9937E-05 9.9937E-05 9.9937E-05
0.944943 9.99523E-05 0.0354885 9.99523E-05 9.99523E-05 9.99523E-05 9.99523E-05 0.018969 9.99523E-05
0.048279 9.99459E-05 9.99459E-05 9.99459E-05 9.99459E-05 0.764457 9.99459E-05 9.99459E-05 0.186664
0.054839 9.9964E-05 9.9964E-05 0.0613299 9.9964E-05 0.115111 0.0463269 0.721993 9.9964E-05
0.102532 0.0179539 0.079904 0.0827565 0.0165889 0.172981 0.0461104 0.481074 9.9991E-05
0.0661885 9.99732E-05 9.99732E-05 0.0564888 9.99732E-05 0.686413 0.00533331 0.0415049 0.143772
0.052719 9.99549E-05 9.99549E-05 9.99549E-05 9.99549E-05 0.739117 0.0028556 9.99549E-05 0.204808
0.125899 9.9973E-05 0.0109036 9.9973E-05 9.9973E-05 0.660738 0.00822219 0.0478896 0.146048
0.566408 0.0450791 0.0246594 9.9991E-05 0.0603321 0.0163617 0.0108955 0.212651 0.0635139
0.07132 9.9955E-05 9.9955E-05 0.00348119 9.9955E-05 0.68269 9.9955E-05 9.9955E-05 0.242009
0.960172 9.9955E-05 9.9955E-05 9.9955E-05 0.00926104 9.9955E-05 0.0199339 9.9955E-05 0.010133
9.9955E-05 0.0126615 0.00700685 9.9955E-05 9.9955E-05 0.881845 9.9955E-05 9.9955E-05 0.0979873
9.9946E-05 9.9946E-05 9.9946E-05 0.00937418 9.9946E-05 0.913496 9.9946E-05 9.9946E-05 0.0765306
9.9973E-05 0.127133 9.9973E-05 0.0352682 0.25704 0.407649 0.148056 9.9973E-05 0.0245546
0.00383323 9.9946E-05 9.9946E-05 9.9946E-05 9.9946E-05 0.731711 9.9946E-05 9.9946E-05 0.263856
0.00689634 9.99459E-05 9.99459E-05 9.99459E-05 9.99459E-05 0.750712 9.99459E-05 9.99459E-05 0.241792
0.0159333 9.9946E-05 9.9946E-05 9.9946E-05 9.9946E-05 0.738303 9.9946E-05 9.9946E-05 0.245164
0.070827 9.9982E-05 0.00502652 0.101934 0.0335307 0.547383 0.0554861 0.185613 9.9982E-05
0.799269 0.0193303 9.9964E-05 9.9964E-05 0.0022387 0.0691235 9.9964E-05 0.109639 9.9964E-05
0.896669 9.9964E-05 9.9964E-05 9.9964E-05 0.0154461 0.0402884 0.0121881 9.9964E-05 0.0350087
0.885691 9.9964E-05 9.9964E-05 9.9964E-05 0.00844027 0.0356931 0.0123897 9.9964E-05 0.0573858
0.909502 9.9964E-05 0.00171429 0.0165467 9.9964E-05 0.00766709 9.9964E-05 0.0641696 9.9964E-05
0.0127003 9.9946E-05 9.9946E-05 9.9946E-05 0.90204 0.0846597 9.9946E-05 9.9946E-05 9.9946E-05
9.9991E-05 0.341749 0.0470016 0.00456028 0.259477 0.309337 0.00673175 0.0272054 0.00383788
0.124325 0.0267656 0.0390333 0.019098 9.9982E-05 9.9982E-05 0.00683614 0.735193 0.0485487
0.13247 9.9982E-05 0.413909 0.0370282 9.9982E-05 0.000471215 0.0106881 0.312782 0.0924515
0.0105943 0.184016 0.0747104 0.0314083 9.9991E-05 0.616814 0.0151098 0.000682524 0.0665641
9.9991E-05 0.177774 0.0928674 0.021258 0.0191402 0.615609 0.0257976 0.00193016 0.0455235
0.0287958 9.9973E-05 9.9973E-05 9.9973E-05 0.0296216 0.0143737 0.0245183 0.890279 0.012112
9.9973E-05 0.0286345 0.0576731 9.9973E-05 0.0239082 9.9973E-05 0.000743819 0.723056 0.165684
0.256913 0.556117 0.00401562 0.00654293 0.0236116 9.9982E-05 0.0301163 9.9982E-05 0.122483
0.249791 0.0407298 0.143899 9.9982E-05 0.0746813 0.0597249 0.0507968 9.9982E-05 0.380177
0.0981576 9.99641E-05 0.0655734 9.99641E-05 9.99641E-05 0.0419244 9.99641E-05 0.780363 0.0135815
0.00303741 0.00373166 9.99839E-05 0.0916303 0.0324555 0.576765 0.0509878 0.241193 9.99839E-05
0.0169327 0.197505 0.121753 0.0430938 0.00388758 0.538742 0.0365947 9.9991E-05 0.0413918
0.0662548 9.9973E-05 0.0110211 0.0931733 9.9973E-05 0.594996 0.0887737 0.145481 9.9973E-05
0.0505512 9.9982E-05 0.0151152 0.115346 0.0364886 0.44952 0.0756059 0.257173 9.9982E-05
0.0267395 0.0219387 9.9973E-05 0.0538622 9.9973E-05 0.0184456 0.00438031 0.874334 9.9973E-05
0.0185333 0.0341876 9.9964E-05 9.9964E-05 0.0223509 0.0053656 9.9964E-05 0.919163 9.9964E-05
0.0215518 0.021854 9.9955E-05 9.9955E-05 9.9955E-05 0.014454 9.9955E-05 0.94164 9.9955E-05
0.0438581 9.9973E-05 9.9973E-05 0.0172836 0.00758709 9.9973E-05 0.0328047 0.859565 0.0386013
0.00253994 9.9955E-05 9.9955E-05 0.0338038 9.9955E-05 9.9955E-05 9.9955E-05 0.914329 0.0488274
9.9955E-05 9.9955E-05 0.0693456 9.9955E-05 0.00736718 9.9955E-05 9.9955E-05 0.870685 0.0521021
9.9982E-05 0.0690827 0.0545751 0.164503 0.0055465 0.197386 0.0303062 0.4784 9.9982E-05
0.0622699 9.9973E-05 9.9973E-05 0.0998311 0.0783607 0.419824 0.127588 0.211826 9.9973E-05
0.0149447 0.0233757 9.9955E-05 9.9955E-05 9.9955E-05 9.9955E-05 9.9955E-05 0.91557 0.0456098
0.0507562 9.9982E-05 9.9982E-05 0.0711917 0.0556307 0.471271 0.0716295 0.267702 0.0116185
0.0712176 0.0123063 0.0235832 0.0457739 0.013676 0.653333 0.0595277 0.120482 9.9991E-05
9.993E-05 0.999201 9.993E-05 9.993E-05 9.993E-05 9.993E-05 9.993E-05 9.993E-05 9.993E-05
9.99369E-05 0.96267 9.99369E-05 9.99369E-05 9.99369E-05 0.0366302 9.99369E-05 9.99369E-05 9.99369E-05
9.993E-05 0.999201 9.993E-05 9.993E-05 9.993E-05 9.993E-05 9.993E-05 9.993E-05 9.993E-05
9.993E-05 0.999201 9.993E-05 9.993E-05 9.993E-05 9.993E-05 9.993E-05 9.993E-05 9.993E-05
9.993E-05 0.999201 9.993E-05 9.993E-05 9.993E-05 9.993E-05 9.993E-05 9.993E-05 9.993E-05
9.993E-05 0.999201 9.993E-05 9.993E-05 9.993E-05 9.993E-05 9.993E-05 9.993E-05 9.993E-05
9.993E-05 0.999201 9.993E-05 9.993E-05 9.993E-05 9.993E-05 9.993E-05 9.993E-05 9.993E-05
9.9964E-05 0.0143013 9.9964E-05 0.000484007 9.9964E-05 0.888616 9.9964E-05 0.00645715 0.0897415
9.99459E-05 9.99459E-05 9.99459E-05 0.010023 9.99459E-05 0.61278 9.99459E-05 9.99459E-05 0.376597
0.0110814 0.174913 9.9973E-05 9.9973E-05 0.167063 0.526153 0.104057 9.9973E-05 0.0164324
0.00922744 0.179578 9.9973E-05 0.000498873 0.178432 0.544532 0.0874311 9.9973E-05 9.9973E-05
0.0612491 0.0460278 0.0145379 0.00693551 0.0150558 9.9991E-05 0.0117921 0.835134 0.00916821
9.9973E-05 9.9973E-05 0.0383738 0.0366159 0.00994537 0.105212 0.0396492 0.769904 9.9973E-05
0.0371307 0.00800353 9.9946E-05 9.9946E-05 9.9946E-05 9.9946E-05 9.9946E-05 0.954266 9.9946E-05
0.00367338 0.0764767 0.018945 0.018315 0.879968 9.9973E-05 9.9973E-05 9.9973E-05 0.0023217
9.9937E-05 0.310399 9.9937E-05 9.9937E-05 0.688902 9.9937E-05 9.9937E-05 9.9937E-05 9.9937E-05
9.9955E-05 0.059773 9.9955E-05 0.0082721 0.923991 9.9955E-05 9.9955E-05 0.00746423 9.9955E-05
9.9937E-05 0.350459 9.9937E-05 9.9937E-05 0.648841 9.9937E-05 9.9937E-05 9.9937E-05 9.9937E-05
9.9973E-05 0.124465 0.117027 9.9973E-05 0.383805 9.9973E-05 0.00163318 0.00543092 0.367338
9.9973E-05 0.270128 0.0906682 9.9973E-05 0.317393 9.9973E-05 0.175703 0.0153849 0.130422
0.00432175 0.81583 0.0311439 9.9982E-05 0.0770013 9.9982E-05 0.0430524 0.0227703 0.00567994
9.9937E-05 0.372912 9.9937E-05 9.9937E-05 0.626388 9.9937E-05 9.9937E-05 9.9937E-05 9.9937E-05
9.9937E-05 0.32343 9.9937E-05 9.9937E-05 0.67587 9.9937E-05 9.9937E-05 9.9937E-05 9.9937E-05
0.0100412 9.9937E-05 9.9937E-05 9.9937E-05 0.989259 9.9937E-05 9.9937E-05 9.9937E-05 9.9937E-05
9.9955E-05 0.218197 9.9955E-05 9.9955E-05 0.758607 9.9955E-05 0.0084803 9.9955E-05 0.0142166
9.9991E-05 0.0509567 0.40431 0.103717 0.0230647 0.096652 0.136665 0.182798 0.00173651
9.9955E-05 0.00492166 0.0185763 0.0129769 9.9955E-05 9.9955E-05 9.9955E-05 0.963025 9.9955E-05
9.9946E-05 0.0244928 9.9946E-05 9.9946E-05 9.9946E-05 0.888686 9.9946E-05 9.9946E-05 0.0862215
0.20653 9.9982E-05 9.9982E-05 0.0415907 0.0428483 0.0465582 0.0104153 0.59932 0.0525381
0.128732 9.9964E-05 9.9964E-05 9.9964E-05 9.9964E-05 0.697808 0.0092081 0.00068903 0.163163
0.0345585 0.00470607 9.9982E-05 0.00645894 0.860326 0.0707957 9.9982E-05 0.00732599 0.0156291
9.9973E-05 0.844915 0.0188576 0.0154131 0.0311055 9.9973E-05 0.0433955 9.9973E-05 0.0460137
0.027593 0.236157 9.9991E-05 0.00601429 0.581454 0.0871656 0.0376014 0.00805594 0.0158586
0.0480986 9.9973E-05 9.9973E-05 0.0677344 0.0409397 0.577484 0.0332485 0.232194 9.9973E-05
0.00336238 9.9991E-05 0.0237557 0.121193 0.0944275 0.536799 0.100364 0.0894377 0.0305599
0.198707 0.0130951 0.165436 0.0518583 0.00690455 0.00662022 0.020339 0.494655 0.0423855
9.9937E-05 9.9937E-05 9.9937E-05 9.9937E-05 9.9937E-05 0.161329 9.9937E-05 9.9937E-05 0.837971
0.052709 0.0930939 9.9973E-05 0.0524417 0.0865599 9.9973E-05 0.703781 0.0111147 9.9973E-05
9.9964E-05 0.0306216 9.9964E-05 9.9964E-05 0.0800096 9.9964E-05 0.818432 0.0353747 0.035162
9.99459E-05 9.99459E-05 9.99459E-05 9.99459E-05 9.99459E-05 0.0479909 0.942418 0.00899181 9.99459E-05
9.9964E-05 0.0167186 0.00246158 9.9964E-05 0.0439085 9.9964E-05 0.91807 9.9964E-05 0.018441
9.99459E-05 0.0520641 0.00842896 9.99459E-05 9.99459E-05 9.99459E-05 0.938907 9.99459E-05 9.99459E-05
9.9973E-05 0.110562 0.0025662 0.0350405 0.0257239 9.9973E-05 0.791692 0.0341157 9.9973E-05
9.9955E-05 0.0159676 9.9955E-05 0.0271352 9.9955E-05 0.847485 9.9955E-05 9.9955E-05 0.108912
0.00518643 0.390017 9.9991E-05 0.0575694 0.308975 0.0741953 0.102478 0.0335542 0.0279246
9.99815E-05 0.103134 0.00684423 9.99815E-05 0.789308 9.99815E-05 0.0509422 0.0275894 0.0218814
9.9946E-05 9.9946E-05 0.0111203 0.00526433 0.983016 9.9946E-05 9.9946E-05 9.9946E-05 9.9946E-05
0.00172541 0.0228746 0.017462 0.000306659 0.957232 9.9964E-05 9.9964E-05 9.9964E-05 9.9964E-05
9.9946E-05 0.253289 9.9946E-05 9.9946E-05 0.723875 9.9946E-05 9.9946E-05 0.0222364 9.9946E-05
9.9937E-05 0.0156193 9.9937E-05 9.9937E-05 9.9937E-05 9.9937E-05 0.983681 9.9937E-05 9.9937E-05
9.9964E-05 0.0147757 0.0164876 0.00322536 9.9964E-05 9.9964E-05 0.953223 0.0118885 9.9964E-05
0.00210247 0.661781 9.9964E-05 9.9964E-05 0.0376891 9.9964E-05 0.288069 0.00995854 9.9964E-05
0.00753857 0.683919 9.9955E-05 0.0217208 9.9955E-05 9.9955E-05 0.286322 9.9955E-05 9.9955E-05
9.9946E-05 0.0524918 9.9946E-05 9.9946E-05 0.0258576 9.9946E-05 0.921051 9.9946E-05 9.9946E-05
0.00916335 0.825299 0.00885089 9.9973E-05 0.0054237 9.9973E-05 0.146252 0.00471038 9.9973E-05
0.040198 0.493899 0.0175508 9.9982E-05 0.0240152 9.9982E-05 0.0775849 0.312953 0.0335997
