0.199774 9.9991E-05 0.00451913 0.0187637 0.0287053 0.0853176 0.62943 0.0333901
0.338981 9.9964E-05 9.9964E-05 9.9964E-05 0.269382 9.9964E-05 0.321917 0.0693193
0.251119 0.0172788 0.0434508 9.9982E-05 0.290895 9.9982E-05 0.308829 0.0882275
0.241119 9.9973E-05 9.9973E-05 9.9973E-05 0.0129715 0.0795479 0.621388 0.0446736
0.00824877 0.00285787 0.0158839 0.0282746 0.902726 0.0212418 0.00160103 0.0191658
0.346816 0.062613 9.9973E-05 9.9973E-05 0.226876 9.9973E-05 0.328786 0.0346082
9.9955E-05 0.00817538 9.9955E-05 0.538904 9.9955E-05 0.452421 9.9955E-05 9.9955E-05
9.9946E-05 9.9946E-05 9.9946E-05 0.965461 9.9946E-05 9.9946E-05 0.0339397 9.9946E-05
0.0115232 9.9946E-05 9.9946E-05 0.987877 9.9946E-05 9.9946E-05 9.9946E-05 9.9946E-05
9.994E-05 9.994E-05 9.994E-05 0.9993 9.994E-05 9.994E-05 9.994E-05 9.994E-05
0.0169667 9.9982E-05 0.0156328 9.9982E-05 0.0280571 0.160284 0.00203842 0.776821
9.9964E-05 9.9964E-05 9.9964E-05 0.00989516 9.9964E-05 0.0674221 0.00916417 0.913119
9.9964E-05 9.9964E-05 9.9964E-05 0.0018575 9.9964E-05 0.0597938 0.0351821 0.902767
9.99461E-05 9.99461E-05 9.99461E-05 9.99461E-05 9.99461E-05 0.0841905 9.99461E-05 0.91521
9.9973E-05 0.826219 0.024588 0.0184535 9.9973E-05 0.00539708 0.125042 9.9973E-05
9.994E-05 9.994E-05 9.994E-05 0.9993 9.994E-05 9.994E-05 9.994E-05 9.994E-05
9.9964E-05 9.9964E-05 0.00680257 0.0280422 9.9964E-05 0.914137 0.0506181 9.9964E-05
9.99641E-05 0.898009 9.99641E-05 0.00282937 9.99641E-05 0.0178818 9.99641E-05 0.0808802
9.9973E-05 0.55055 0.0621286 0.0320923 9.9973E-05 9.9973E-05 0.146746 0.208183
9.9973E-05 0.365161 0.0270432 0.029996 9.9973E-05 0.0165767 9.9973E-05 0.560923
9.9964E-05 0.803243 9.9964E-05 0.0297996 9.9964E-05 9.9964E-05 0.121873 0.0446846
9.9973E-05 0.0682459 0.0138346 0.0296981 9.9973E-05 9.9973E-05 0.00191492 0.886007
0.00427822 0.905085 9.9973E-05 0.00420628 9.9973E-05 0.0169142 9.9973E-05 0.0692163
0.0219708 0.0856076 9.9982E-05 0.0109993 9.9982E-05 0.0218696 0.0493384 0.810014
9.9955E-05 0.0549177 9.9955E-05 9.9955E-05 9.9955E-05 9.9955E-05 0.0176134 0.926969
0.00183861 0.938821 0.00377288 9.9973E-05 9.9973E-05 0.0379611 0.0173067 9.9973E-05
9.9955E-05 0.866481 9.9955E-05 0.0209057 9.9955E-05 9.9955E-05 9.9955E-05 0.112114
0.0249054 0.610346 0.0637891 9.9973E-05 9.9973E-05 9.9973E-05 0.00143445 0.299225
9.9964E-05 0.925116 0.0290075 0.0158539 9.9964E-05 9.9964E-05 9.9964E-05 0.0296232
9.9964E-05 0.932253 0.0193726 9.9964E-05 9.9964E-05 9.9964E-05 0.00725891 0.0407157
9.9964E-05 0.0523657 0.0213356 9.9964E-05 9.9964E-05 9.9964E-05 0.00733422 0.918565
9.9946E-05 9.9946E-05 9.9946E-05 9.9946E-05 9.9946E-05 0.189688 9.9946E-05 0.809713
0.00541821 0.884756 9.9964E-05 9.9964E-05 9.9964E-05 0.02101 9.9964E-05 0.0884164
9.9973E-05 0.157576 0.00970733 0.0198703 9.9973E-05 9.9973E-05 0.0543237 0.758223
9.9955E-05 0.960166 9.9955E-05 0.0066847 9.9955E-05 9.9955E-05 9.9955E-05 0.0326497
9.9964E-05 0.027282 9.9964E-05 9.9964E-05 0.0160162 9.9964E-05 0.00168271 0.954619
9.9955E-05 0.89783 9.9955E-05 9.9955E-05 0.00373042 9.9955E-05 9.9955E-05 0.0979396
9.9964E-05 0.0421331 0.0281901 9.9964E-05 9.9964E-05 9.9964E-05 0.0127772 0.9165
0.106563 9.9964E-05 0.0801477 9.9964E-05 0.124162 9.9964E-05 0.688727 9.9964E-05
0.377939 9.9946E-05 9.9946E-05 9.9946E-05 0.621461 9.9946E-05 9.9946E-05 9.9946E-05
9.9955E-05 9.9955E-05 9.9955E-05 9.9955E-05 0.0964795 0.132324 9.9955E-05 0.770696
9.9955E-05 0.926798 9.9955E-05 9.9955E-05 9.9955E-05 0.0264207 9.9955E-05 0.0462816
9.9964E-05 0.0384342 0.0283495 9.9964E-05 9.9964E-05 9.9964E-05 0.00256284 0.930254
0.574308 9.9973E-05 0.0776228 9.9973E-05 9.9973E-05 0.294828 0.0461644 0.0067769
9.9982E-05 0.535898 0.0545669 0.0749578 9.9982E-05 0.0141162 0.109109 0.211153
9.99865E-05 0.359946 0.0225398 0.0390133 9.99865E-05 0.0943813 0.0327349 0.451185
9.9982E-05 0.831213 0.0111831 0.0411673 0.0255153 9.9982E-05 0.0334445 0.0572769
0.34204 0.0457979 0.0160022 9.9991E-05 0.333291 0.0227736 0.195194 0.0448023
0.256951 9.9973E-05 0.528092 0.00684936 0.111555 9.9973E-05 0.0962532 9.9973E-05
9.9955E-05 9.9955E-05 9.9955E-05 0.000801688 9.9955E-05 0.282168 0.71653 9.9955E-05
9.9955E-05 9.9955E-05 9.9955E-05 9.9955E-05 9.9955E-05 0.174826 0.711959 0.112715
9.99549E-05 9.99549E-05 9.99549E-05 9.99549E-05 9.99549E-05 0.160862 0.676233 0.162406
9.99459E-05 9.99459E-05 9.99459E-05 9.99459E-05 9.99459E-05 0.218992 0.780408 9.99459E-05
9.9964E-05 9.9964E-05 9.9964E-05 0.9441 0.026482 0.010585 9.9964E-05 0.0184328
9.99784E-05 9.99784E-05 0.0107485 0.939542 0.000806957 9.99784E-05 0.0331519 0.0154507
9.9964E-05 0.0181564 9.9964E-05 0.0306219 9.9964E-05 0.446709 9.9964E-05 0.504113
9.9964E-05 0.0446179 9.9964E-05 0.0119285 9.9964E-05 9.9964E-05 0.0255609 0.917493
9.9982E-05 0.204018 0.0801974 0.019418 0.196825 9.9982E-05 0.459417 0.0399242
0.0315947 9.9964E-05 0.00105373 9.9964E-05 0.880058 9.9964E-05 0.0868941 9.9964E-05
0.179864 0.0176522 0.288278 9.9982E-05 0.449465 0.0201128 0.0444288 9.9982E-05
0.0220453 9.9955E-05 9.9955E-05 9.9955E-05 9.9955E-05 0.97375 0.00370539 9.9955E-05
9.9982E-05 0.0198395 9.9982E-05 0.0269897 0.0399812 0.701265 0.207452 0.00427348
0.0215607 9.9991E-05 0.0334837 0.00406841 0.00480807 0.679038 0.20486 0.0520813
9.9973E-05 0.00233244 9.9973E-05 0.950891 9.9973E-05 0.0182406 0.0279439 0.000291875
0.10531 9.9955E-05 9.9955E-05 9.9955E-05 0.843818 9.9955E-05 0.0503725 9.9955E-05
9.9964E-05 0.0138426 0.00276272 9.9964E-05 0.0118126 0.971182 9.9964E-05 9.9964E-05
0.0556631 9.9973E-05 0.0375096 9.9973E-05 0.0505164 0.0186522 0.837359 9.9973E-05
9.9955E-05 0.0293037 9.9955E-05 9.9955E-05 9.9955E-05 0.036546 9.9955E-05 0.933651
9.99461E-05 9.99461E-05 9.99461E-05 9.99461E-05 9.99461E-05 0.0454894 9.99461E-05 0.953911
9.9982E-05 0.0243761 0.0173542 0.800574 0.0326609 0.0394055 0.0854297 9.9982E-05
9.9991E-05 0.021012 0.0361737 0.803146 0.00533848 0.020786 0.10111 0.0123338
9.9982E-05 0.0201613 0.0174261 0.867807 0.0143574 9.9982E-05 0.0455289 0.0345193
9.9964E-05 9.9964E-05 9.9964E-05 0.960382 0.0278741 0.00178555 0.00955833 9.9964E-05
9.9964E-05 0.000888163 9.9964E-05 0.945757 9.9964E-05 9.9964E-05 0.0423883 0.0105671
9.9964E-05 0.000363658 0.0137462 0.979845 9.9964E-05 9.9964E-05 9.9964E-05 0.00564571
0.011632 9.9946E-05 9.9946E-05 0.987768 9.9946E-05 9.9946E-05 9.9946E-05 9.9946E-05
9.9964E-05 0.00223216 9.9964E-05 0.974987 0.0164591 9.9964E-05 9.9964E-05 0.0059214
0.0215024 9.9964E-05 0.0177437 0.953472 9.9964E-05 0.00688201 9.9964E-05 9.9964E-05
9.994E-05 9.994E-05 9.994E-05 0.9993 9.994E-05 9.994E-05 9.994E-05 9.994E-05
9.9973E-05 0.0166046 0.00949886 0.921706 9.9973E-05 9.9973E-05 0.0175593 0.0343309
9.9973E-05 0.0181792 0.00777565 0.917266 9.9973E-05 9.9973E-05 0.0480212 0.00845788
9.9973E-05 0.0124574 0.00589812 0.947704 9.9973E-05 9.9973E-05 0.0125573 0.0210829
9.99551E-05 0.423921 9.99551E-05 0.526409 9.99551E-05 9.99551E-05 9.99551E-05 0.049171
9.99551E-05 0.431788 9.99551E-05 0.567302 9.99551E-05 9.99551E-05 9.99551E-05 0.000410838
9.9946E-05 9.9946E-05 9.9946E-05 0.994157 0.00524296 9.9946E-05 9.9946E-05 9.9946E-05
9.9946E-05 9.9946E-05 9.9946E-05 0.936208 9.9946E-05 9.9946E-05 0.0631928 9.9946E-05
0.00643959 9.9964E-05 9.9964E-05 0.915089 9.9964E-05 0.0107795 0.0672921 9.9964E-05
9.9973E-05 0.0144112 0.0169524 0.948513 0.00386213 9.9973E-05 0.0159617 9.9973E-05
9.99463E-05 9.99463E-05 9.99463E-05 0.998759 9.99463E-05 9.99463E-05 0.000641005 9.99463E-05
9.99551E-05 0.420395 9.99551E-05 0.535735 9.99551E-05 9.99551E-05 9.99551E-05 0.0433701
0.0065404 0.0372919 0.0276705 0.877425 0.0338178 9.9991E-05 0.00524111 0.0119132
0.0111711 0.00109986 9.9973E-05 0.937172 0.00570089 0.0445562 9.9973E-05 9.9973E-05
9.9973E-05 9.9973E-05 0.000418646 0.962354 0.0204784 9.9973E-05 0.013475 0.00297414
0.023977 0.00305938 9.9973E-05 0.924876 0.0173285 9.9973E-05 0.0304589 9.9973E-05
9.9982E-05 0.00683586 9.9982E-05 0.897606 0.0148847 0.0154696 0.044689 0.0203145
0.000166207 0.00168182 0.00695637 0.962707 9.9982E-05 0.00136538 0.026923 9.9982E-05
0.0529595 0.623385 0.0384652 9.9982E-05 0.09158 0.187087 0.0063234 9.9982E-05
0.0220432 0.0217384 9.9982E-05 0.934118 0.00931579 9.9982E-05 0.00359634 0.00898875
9.9964E-05 9.9964E-05 9.9964E-05 0.978683 9.9964E-05 0.00487006 0.00969324 0.00635411
0.101773 0.0552822 0.0187825 0.720124 0.0302013 0.0243835 0.045561 0.00389295
9.994E-05 9.994E-05 9.994E-05 0.9993 9.994E-05 9.994E-05 9.994E-05 9.994E-05
9.9955E-05 0.0140519 9.9955E-05 0.971085 9.9955E-05 0.0143634 9.9955E-05 9.9955E-05
9.9946E-05 9.9946E-05 9.9946E-05 0.975392 9.9946E-05 9.9946E-05 0.0240085 9.9946E-05
9.9964E-05 0.021179 0.00746184 0.952942 0.0180175 9.9964E-05 9.9964E-05 9.9964E-05
0.0205296 0.915368 0.000934087 0.0463481 9.9973E-05 9.9973E-05 9.9973E-05 0.0165204
9.994E-05 9.994E-05 9.994E-05 0.9993 9.994E-05 9.994E-05 9.994E-05 9.994E-05
9.9955E-05 9.9955E-05 0.00763437 0.942693 9.9955E-05 9.9955E-05 0.0491733 9.9955E-05
9.9946E-05 9.9946E-05 0.0121329 0.987267 9.9946E-05 9.9946E-05 9.9946E-05 9.9946E-05
0.0222965 0.619352 0.00472229 0.00108134 9.9982E-05 0.125966 9.9982E-05 0.226381
9.9964E-05 0.0219632 0.051479 0.909176 0.016982 9.9964E-05 9.9964E-05 9.9964E-05
9.9955E-05 9.9955E-05 9.9955E-05 0.948128 9.9955E-05 9.9955E-05 0.00624126 0.0451314
0.0164675 0.0161225 9.9973E-05 0.946095 9.9973E-05 0.0100593 0.0109559 9.9973E-05
9.9946E-05 9.9946E-05 9.9946E-05 0.99652 9.9946E-05 0.00287997 9.9946E-05 9.9946E-05
9.9973E-05 0.641014 9.9973E-05 0.0331014 9.9973E-05 0.00806081 0.0654707 0.252054
9.9955E-05 9.9955E-05 0.0060906 0.990468 9.9955E-05 0.00294168 9.9955E-05 9.9955E-05
0.0133865 9.9964E-05 9.9964E-05 0.918266 0.00817431 9.9964E-05 0.0597735 9.9964E-05
9.99551E-05 0.483264 9.99551E-05 0.50463 9.99551E-05 9.99551E-05 9.99551E-05 0.0116064
0.00445785 9.99461E-05 9.99461E-05 0.994942 9.99461E-05 9.99461E-05 9.99461E-05 9.99461E-05
9.9973E-05 0.207464 0.0164525 0.033581 9.9973E-05 0.0138161 9.9973E-05 0.728386
9.9964E-05 0.278026 9.9964E-05 9.9964E-05 0.0412184 9.9964E-05 0.00310731 0.677248
0.0412238 0.0554972 9.9982E-05 9.9982E-05 0.00318957 0.0133916 0.016122 0.870376
0.00846128 0.861931 9.9982E-05 0.0255349 0.0143881 0.0506562 9.9982E-05 0.0388284
9.9982E-05 9.9982E-05 0.0167997 0.0744837 0.0150709 0.790444 0.0858528 0.0171484
0.0286468 0.0507149 9.9973E-05 0.0527109 9.9973E-05 0.0119477 9.9973E-05 0.85568
0.00771668 0.229461 0.0486155 9.9991E-05 0.00553647 0.337107 0.0155253 0.355939
0.0189514 0.158388 9.9973E-05 0.0242963 0.00366474 9.9973E-05 9.9973E-05 0.7944
9.9973E-05 0.250786 0.0521354 9.9973E-05 0.00215709 0.00191095 9.9973E-05 0.69271
9.9982E-05 0.21328 0.0115465 0.00933547 9.9982E-05 0.0109407 0.055956 0.698741
0.0254908 0.270139 0.0633453 0.00904991 0.0161313 0.0059551 0.00927144 0.600617
0.0194967 0.31417 0.0397845 0.00387262 9.9973E-05 9.9973E-05 9.9973E-05 0.622377
9.9964E-05 0.00599203 9.9964E-05 0.0315303 0.026059 9.9964E-05 9.9964E-05 0.936019
9.9973E-05 9.9973E-05 0.0176654 0.0337127 0.0328678 0.0721766 9.9973E-05 0.843278
9.9964E-05 9.9964E-05 9.9964E-05 0.0423545 0.0274523 0.100749 9.9964E-05 0.829044
0.00179814 0.772093 0.0435672 0.0689962 9.9991E-05 0.00910027 0.0275453 0.0768002
0.9993 9.994E-05 9.994E-05 9.994E-05 9.994E-05 9.994E-05 9.994E-05 9.994E-05
0.952485 9.9955E-05 9.9955E-05 0.00481858 9.9955E-05 9.9955E-05 0.0421963 9.9955E-05
0.238327 9.9982E-05 0.0390962 9.9982E-05 0.620039 0.0212727 0.0666722 0.014393
0.0281039 0.359728 0.040973 0.109672 9.9991E-05 0.330334 0.0484667 0.0826227
0.943837 9.9973E-05 9.9973E-05 0.0168431 0.0099055 0.000123008 0.0289919 9.9973E-05
0.890227 9.9973E-05 9.9973E-05 0.00572262 0.0130437 0.000953935 0.0897532 9.9973E-05
0.0493884 0.138119 0.00226848 0.0977251 0.0381891 0.249068 9.9991E-05 0.425142
0.204708 0.00609242 0.270631 0.0352318 0.456961 0.0104471 0.0158281 9.9991E-05
0.0962276 0.0343154 0.367016 9.9982E-05 0.444522 0.0147142 0.0430045 9.9982E-05
0.0789665 9.9973E-05 0.396243 9.9973E-05 0.47193 0.024748 0.0278129 9.9973E-05
9.9982E-05 0.0562254 0.567399 0.0276101 0.246299 0.0661558 0.0361106 9.9982E-05
9.9982E-05 0.0165837 0.615703 0.0150869 0.2502 0.0598962 0.04233 9.9982E-05
0.107783 0.0193093 0.406217 9.9991E-05 0.417834 0.00753668 0.014626 0.0265941
0.00609398 9.99729E-05 0.0323582 9.99729E-05 0.00812573 0.792946 0.160176 9.99729E-05
0.313645 9.9973E-05 0.0397447 0.00724237 0.621295 0.0177733 9.9973E-05 9.9973E-05
0.00062137 0.88459 9.9982E-05 0.0212961 9.9982E-05 0.0220244 0.0431554 0.0281127
0.0187858 0.920825 9.9964E-05 0.0346722 9.9964E-05 0.0253173 9.9964E-05 9.9964E-05
0.0897244 0.0310864 9.9973E-05 0.00320535 0.846484 9.9973E-05 0.0291995 9.9973E-05
0.0756059 0.170413 0.0778058 0.1451 0.176057 0.0931247 0.104715 0.157179
0.0718077 0.0578683 0.0150969 9.9991E-05 0.00621251 0.725315 0.0903288 0.0332709
0.0568721 9.9973E-05 0.0145625 9.9973E-05 0.0646142 0.166419 9.9973E-05 0.697232
9.9973E-05 0.803819 0.0483176 0.0225797 9.9973E-05 0.058235 9.9973E-05 0.0667486
0.222442 9.9982E-05 0.0415345 0.0107356 0.0149704 0.171657 9.9982E-05 0.538461
0.0733303 0.0329849 0.0210187 0.0111336 9.9991E-05 0.796743 0.0225888 0.0421008
0.73676 0.0269152 0.192004 0.00902242 9.9982E-05 0.00498027 9.9982E-05 0.0301182
9.9973E-05 9.9973E-05 0.000601808 0.00805927 0.00601361 0.886053 0.0989723 9.9973E-05
9.9982E-05 0.134347 0.0839105 0.0233197 0.0725416 9.9982E-05 0.575366 0.110315
9.9955E-05 0.934845 9.9955E-05 0.0348738 9.9955E-05 0.0297812 9.9955E-05 9.9955E-05
0.325611 9.9964E-05 9.9964E-05 0.0301552 0.596985 0.046849 9.9964E-05 9.9964E-05
9.9973E-05 9.9973E-05 0.0146634 0.0113711 0.412671 0.0867271 9.9973E-05 0.474268
9.9973E-05 0.0372529 0.0280502 0.0328919 0.870339 9.9973E-05 9.9973E-05 0.0311657
0.121729 0.0205599 0.00629599 0.00953899 0.0601778 0.397347 0.0598921 0.324459
0.00103967 9.9955E-05 9.9955E-05 0.00402829 0.994432 9.9955E-05 9.9955E-05 9.9955E-05
9.9964E-05 0.0096094 9.9964E-05 9.9964E-05 0.0457073 0.879836 9.9964E-05 0.0644479
9.9982E-05 0.0436428 0.0224154 0.0178332 0.808099 0.054088 9.9982E-05 0.053722
9.9964E-05 9.9964E-05 9.9964E-05 0.037058 0.846584 0.0755619 9.9964E-05 0.0403961
0.0137383 0.872366 9.9964E-05 9.9964E-05 0.0553049 0.0581913 9.9964E-05 9.9964E-05
0.302303 0.403573 0.00118981 0.000273381 0.030877 0.0644946 0.0818021 0.115488
0.0412213 0.317858 0.0320198 0.0259881 0.0345035 0.27285 9.9991E-05 0.27546
9.9991E-05 0.0146038 0.800369 0.0249104 0.0801198 0.0365611 0.0379412 0.00539485
9.9973E-05 9.9973E-05 0.936465 9.9973E-05 0.0246034 0.00840944 0.0148474 0.0153752
9.9982E-05 0.0191124 0.894279 9.9982E-05 0.0139377 0.0302649 0.0394659 0.00274039
9.9991E-05 0.0296685 0.840526 0.0309791 0.0250618 0.052458 0.0192931 0.00191381
9.9955E-05 0.959456 0.0328472 9.9955E-05 9.9955E-05 9.9955E-05 0.00719707 9.9955E-05
9.9973E-05 0.889721 9.9973E-05 0.00596307 0.0208248 9.9973E-05 0.0705057 0.0126858
9.9982E-05 0.801784 0.0271886 0.0350884 9.9982E-05 0.04212 0.0395161 0.0541027
0.199302 9.9982E-05 0.422087 0.00127368 0.284084 0.0193311 0.073722 9.9982E-05
0.127786 0.157287 0.120736 0.10406 0.167325 0.0501152 0.153027 0.119664
9.9982E-05 0.373526 0.109076 0.113506 0.0126889 9.9982E-05 0.375013 0.0159902
0.0134909 0.715708 0.00864297 0.00445459 0.00832404 9.9991E-05 0.132169 0.117111
0.0160185 0.645941 0.000378013 0.0917179 0.0214329 9.9991E-05 0.16229 0.0621215
0.0401759 0.71052 0.0722622 0.0203606 9.9973E-05 9.9973E-05 0.156381 9.9973E-05
0.0216962 0.494125 0.0515377 0.137099 0.0432411 9.9991E-05 0.23325 0.0189521
0.0626445 9.9991E-05 0.018449 0.0121683 0.024723 0.135924 0.683568 0.0624225
9.9991E-05 0.0141949 0.0168849 0.00152956 0.00934784 0.0986161 0.00384307 0.855484
0.00778256 0.237828 0.00319882 0.0529044 9.9982E-05 0.171482 9.9982E-05 0.526604
0.0291435 9.9964E-05 0.00806606 9.9964E-05 0.945192 9.9964E-05 0.0171988 9.9964E-05
9.9964E-05 9.9964E-05 9.9964E-05 9.9964E-05 0.907363 0.00548111 0.0793789 0.0073768
0.0192679 0.00981536 9.9982E-05 9.9982E-05 0.869324 0.00304146 0.083043 0.0153081
0.187948 9.9982E-05 0.219397 0.00200296 0.362593 0.00994348 0.217916 9.9982E-05
9.9955E-05 9.9955E-05 0.100959 9.9955E-05 0.326298 9.9955E-05 0.572244 9.9955E-05
9.9955E-05 9.9955E-05 0.119427 9.9955E-05 0.312623 9.9955E-05 0.567451 9.9955E-05
9.9964E-05 0.901147 0.028605 9.9964E-05 0.00215614 9.9964E-05 0.0676917 9.9964E-05
0.0166364 0.847251 0.0239837 0.0255502 0.0182993 9.9982E-05 0.0680794 9.9982E-05
9.9973E-05 0.953533 9.9973E-05 9.9973E-05 0.011298 0.0119307 0.00497142 0.0179674
9.9982E-05 0.0148385 9.9982E-05 0.0153272 0.0421372 0.810112 0.031768 0.085617
9.9964E-05 9.9964E-05 0.0166936 0.018195 0.946674 0.018038 9.9964E-05 9.9964E-05
0.0340672 0.0164619 9.99669E-05 0.0218297 0.927241 9.99669E-05 9.99669E-05 9.99669E-05
0.0969365 9.9964E-05 9.9964E-05 0.00183419 0.884644 0.0161852 9.9964E-05 9.9964E-05
0.168464 9.9955E-05 9.9955E-05 9.9955E-05 0.800245 9.9955E-05 9.9955E-05 0.030791
0.122791 0.0104657 9.9973E-05 0.011295 0.80933 0.0458186 9.9973E-05 9.9973E-05
0.0179411 9.9964E-05 9.9964E-05 9.9964E-05 0.0889709 0.193069 9.9964E-05 0.699619
0.358237 0.0469301 0.130366 0.0962271 0.200775 9.9982E-05 0.167266 9.9982E-05
9.9964E-05 0.00795028 9.9964E-05 9.9964E-05 9.9964E-05 0.963328 0.022193 0.0061285
9.9964E-05 9.9964E-05 0.00679944 9.9964E-05 0.0669786 0.220033 9.9964E-05 0.705789
0.020279 0.785794 0.0107834 9.9982E-05 0.0358839 0.144439 0.00262072 9.9982E-05
9.9946E-05 9.9946E-05 9.9946E-05 9.9946E-05 9.9946E-05 0.185814 9.9946E-05 0.813586
9.9946E-05 9.9946E-05 9.9946E-05 9.9946E-05 9.9946E-05 0.264125 9.9946E-05 0.735275
9.9964E-05 9.9964E-05 0.0141036 9.9964E-05 0.00463479 0.246439 9.9964E-05 0.734423
0.0150097 9.9964E-05 9.9964E-05 0.0383251 0.922849 9.9964E-05 9.9964E-05 0.0234164
0.00522912 9.9955E-05 9.9955E-05 9.9955E-05 0.96045 0.0338211 9.9955E-05 9.9955E-05
0.385904 0.0148281 0.011232 9.9982E-05 0.23117 9.9982E-05 0.303743 0.0529224
0.0143671 9.9973E-05 9.9973E-05 0.0459339 0.921142 0.0119507 0.00630668 9.9973E-05
9.994E-05 9.994E-05 9.994E-05 9.994E-05 0.9993 9.994E-05 9.994E-05 9.994E-05
0.166626 9.9973E-05 9.9973E-05 0.00170152 0.291888 0.0509681 9.9973E-05 0.488517
0.0694525 0.0272149 0.0784357 9.9973E-05 0.784698 9.9973E-05 0.0398988 9.9973E-05
0.0875965 0.0277311 0.0458557 9.9973E-05 0.809952 9.9973E-05 0.0285643 9.9973E-05
0.161059 0.0752987 0.0681836 0.0190188 0.189767 9.9982E-05 0.486473 9.9982E-05
0.00438892 9.9982E-05 0.0123715 0.0251403 9.9982E-05 0.903328 0.00229986 0.0522714
0.195044 9.9973E-05 0.012205 9.9973E-05 0.658108 0.121259 9.9973E-05 0.0130836
0.177955 0.312462 0.0555271 0.432605 9.9982E-05 0.0141296 9.9982E-05 0.00712129
0.318574 9.9964E-05 9.9964E-05 9.9964E-05 0.541601 0.0676311 9.9964E-05 0.0717947
9.9955E-05 9.9955E-05 9.9955E-05 0.0148763 0.976651 9.9955E-05 9.9955E-05 0.00797243
9.9964E-05 9.9964E-05 0.0199038 9.9964E-05 0.023633 0.165003 9.9964E-05 0.79106
0.0458976 9.9964E-05 9.9964E-05 9.9964E-05 0.250308 0.14309 9.9964E-05 0.560304
9.9955E-05 0.0238754 9.9955E-05 9.9955E-05 9.9955E-05 0.870478 0.105146 9.9955E-05
0.00587062 9.9955E-05 9.9955E-05 9.9955E-05 9.9955E-05 0.0545115 0.939118 9.9955E-05
9.9955E-05 0.0444243 9.9955E-05 9.9955E-05 9.9955E-05 9.9955E-05 0.0230877 0.931988
9.99549E-05 9.99549E-05 9.99549E-05 9.99549E-05 9.99549E-05 0.181792 0.689011 0.128697
9.9973E-05 0.0197754 9.9973E-05 9.9973E-05 0.023935 0.903645 0.00715831 0.0451867
9.9964E-05 0.0309722 9.9964E-05 9.9964E-05 0.049895 0.870911 9.9964E-05 0.0478218
9.99458E-05 9.99458E-05 9.99458E-05 9.99458E-05 9.99458E-05 0.186957 0.812444 9.99458E-05
0.0586411 9.9973E-05 0.0214371 9.9973E-05 9.9973E-05 0.198021 0.457794 0.263806
9.9982E-05 0.00930991 9.9982E-05 0.00243713 0.00435138 0.934989 0.0476655 0.00104708
0.14514 0.0680411 0.080252 0.0233738 0.169998 9.9982E-05 0.512995 9.9982E-05
9.9955E-05 0.947318 9.9955E-05 9.9955E-05 9.9955E-05 0.0200356 9.9955E-05 0.0321468
0.0207131 0.739041 0.017391 9.9973E-05 0.0464559 0.176099 9.9973E-05 9.9973E-05
9.994E-05 9.994E-05 9.994E-05 0.9993 9.994E-05 9.994E-05 9.994E-05 9.994E-05
0.028997 0.70179 0.0158525 9.9982E-05 0.0431076 0.161062 0.0489908 9.9982E-05
9.9973E-05 0.825556 9.9973E-05 0.0241041 0.00261662 0.0386855 9.9973E-05 0.108738
9.9964E-05 0.36559 9.9964E-05 9.9964E-05 0.0054162 0.578653 9.9964E-05 0.0499408
9.9964E-05 0.876706 9.9964E-05 0.0218883 9.9964E-05 0.0349241 9.9964E-05 0.0660817
0.00546537 0.251188 0.0394623 0.0387277 9.9982E-05 9.9982E-05 0.114364 0.550593
9.9964E-05 0.960554 0.0171065 0.00846964 0.0134701 9.9964E-05 9.9964E-05 9.9964E-05
9.9973E-05 0.118276 0.0258757 0.0981267 9.9973E-05 9.9973E-05 0.714493 0.0429286
9.9973E-05 0.0715698 0.0339674 9.9973E-05 9.9973E-05 0.118874 0.604232 0.171056
9.9991E-05 0.162317 0.0249468 0.028375 0.0238903 0.108654 0.339072 0.312645
9.9982E-05 0.875887 9.9982E-05 0.00986269 0.0264019 0.0104592 0.0140475 0.0631416
0.140852 9.9955E-05 9.9955E-05 0.0142038 0.844444 9.9955E-05 9.9955E-05 9.9955E-05
9.9955E-05 0.0411892 9.9955E-05 9.9955E-05 9.9955E-05 9.9955E-05 0.0330403 0.925271
9.9973E-05 0.139495 0.063943 0.0617893 9.9973E-05 9.9973E-05 0.718326 0.0161468
9.9964E-05 0.0384573 9.9964E-05 9.9964E-05 9.9964E-05 0.0125802 0.0610566 0.887506
0.0988814 9.9955E-05 9.9955E-05 9.9955E-05 0.847606 9.9955E-05 0.0530125 9.9955E-05
0.00240662 0.00666077 0.00749801 0.00159547 9.9973E-05 0.981539 9.9973E-05 9.9973E-05
0.00867601 9.9973E-05 0.00789969 0.968169 9.9973E-05 0.00997938 0.00497613 9.9973E-05
0.134388 0.0603491 9.9973E-05 0.699978 9.9973E-05 0.0445703 0.0604146 9.9973E-05
9.9964E-05 0.959064 9.9964E-05 0.0130425 9.9964E-05 0.0106659 0.0168278 9.9964E-05
9.9964E-05 0.252968 9.9964E-05 0.0475947 9.9964E-05 0.16219 9.9964E-05 0.536848
9.99459E-05 9.99459E-05 9.99459E-05 9.99459E-05 9.99459E-05 0.997712 0.00168873 9.99459E-05
9.994E-05 9.994E-05 9.994E-05 9.994E-05 9.994E-05 0.9993 9.994E-05 9.994E-05
0.100317 9.9982E-05 0.0459023 9.9982E-05 0.0755583 0.192336 0.023444 0.562243
9.9973E-05 0.292588 0.000999164 0.01782 9.9973E-05 0.118637 9.9973E-05 0.569657
9.9955E-05 0.00205336 9.9955E-05 9.9955E-05 0.898452 9.9955E-05 0.0989946 9.9955E-05
9.9955E-05 9.9955E-05 0.109821 9.9955E-05 0.318073 9.9955E-05 0.571607 9.9955E-05
0.0751921 9.9973E-05 0.313137 9.9973E-05 0.575437 0.0258158 0.0101181 9.9973E-05
0.145388 0.058321 0.45352 0.0692245 0.134807 9.9991E-05 0.104346 0.0342927
0.176381 0.0360427 0.449154 0.0600328 0.0993877 0.00774381 0.152065 0.0191931
0.26252 0.00872943 0.296499 9.9982E-05 0.301485 0.0297233 0.100844 9.9982E-05
9.9955E-05 9.9955E-05 0.0972937 9.9955E-05 0.317199 9.9955E-05 0.585007 9.9955E-05
0.153606 0.034435 0.430375 0.0317888 0.182845 9.9991E-05 0.135425 0.0314255
0.404083 0.0407769 0.249878 9.9973E-05 0.209145 9.9973E-05 0.0958173 9.9973E-05
9.9982E-05 0.0599634 0.115773 0.0275772 0.0844739 9.9982E-05 0.692102 0.0199106
0.230995 0.0460031 0.272697 9.9982E-05 0.348043 0.00756445 0.0944987 9.9982E-05
9.9973E-05 0.105901 0.158301 0.0353624 0.0721851 9.9973E-05 0.627951 9.9973E-05
9.99549E-05 9.99549E-05 9.99549E-05 9.99549E-05 9.99549E-05 0.209744 0.703341 0.0864154
0.227318 9.9973E-05 0.0490105 0.0567576 9.9973E-05 9.9973E-05 0.580129 0.0864851
0.20453 9.9982E-05 0.164499 0.0570488 0.306776 9.9982E-05 0.227706 0.0392401
0.137351 0.0210998 0.188042 0.0243844 0.242796 9.9991E-05 0.299948 0.0862775
9.9964E-05 9.9964E-05 0.149475 0.00804796 0.275897 9.9964E-05 0.566181 9.9964E-05
0.229895 9.9982E-05 0.264853 0.0413991 0.335799 9.9982E-05 0.107426 0.0204273
0.000463074 0.125069 0.0141104 9.9973E-05 9.9973E-05 9.9973E-05 0.0173791 0.842679
0.0348021 9.9964E-05 9.9964E-05 9.9964E-05 0.898373 9.9964E-05 0.0537641 0.0126606
0.138926 0.0358555 0.44436 0.0585894 0.145621 9.9991E-05 0.165931 0.010617
0.262635 0.00733547 0.158244 0.0261219 0.381707 9.9982E-05 0.163757 9.9982E-05
0.154873 0.0354214 0.415969 0.044758 0.206797 9.9982E-05 0.141981 9.9982E-05
0.260606 0.0104827 0.35771 0.0621724 0.196718 9.9991E-05 0.096697 0.0155149
0.0301953 0.751655 0.00974135 9.9982E-05 0.0309285 0.172765 0.00451522 9.9982E-05
9.9991E-05 0.368714 0.0507356 0.0432453 0.0108309 0.0359874 0.0556712 0.434715
0.112623 9.9973E-05 0.0680059 0.00605604 0.771878 9.9973E-05 0.0411374 9.9973E-05
9.99549E-05 0.0428117 9.99549E-05 9.99549E-05 9.99549E-05 9.99549E-05 0.0580085 0.89868
0.0223561 0.708708 9.9973E-05 9.9973E-05 0.062187 0.163341 0.043108 9.9973E-05
9.99549E-05 9.99549E-05 9.99549E-05 0.0067536 9.99549E-05 0.117235 0.875511 9.99549E-05
9.9946E-05 9.9946E-05 9.9946E-05 0.00296738 0.996433 9.9946E-05 9.9946E-05 9.9946E-05
9.9946E-05 9.9946E-05 9.9946E-05 0.00944549 0.989955 9.9946E-05 9.9946E-05 9.9946E-05
9.9973E-05 0.00938751 0.0132478 0.028077 0.92463 0.0243575 9.9973E-05 9.9973E-05
0.00878198 9.9964E-05 0.0139335 0.00555589 0.971329 9.9964E-05 9.9964E-05 9.9964E-05
0.00254 9.9982E-05 9.9982E-05 0.0248203 0.0368649 0.79594 0.0467592 0.0928759
0.0726603 0.0547479 9.9973E-05 0.0423584 0.804341 0.0255929 9.9973E-05 9.9973E-05
0.0295606 0.723071 0.0307337 9.9973E-05 0.0312 0.185135 9.9973E-05 9.9973E-05
9.9955E-05 0.95085 9.9955E-05 9.9955E-05 9.9955E-05 0.0121049 0.0365449 9.9955E-05
9.9973E-05 0.889731 0.0263898 0.0155497 9.9973E-05 0.0462223 9.9973E-05 0.021807
9.9955E-05 0.936969 9.9955E-05 0.0290569 9.9955E-05 0.0334743 9.9955E-05 9.9955E-05
9.9973E-05 0.885042 0.012255 0.0262491 9.9973E-05 0.031396 9.9973E-05 0.0447576
0.029061 0.0917969 0.566482 0.0659387 0.0783925 9.9991E-05 0.148582 0.0196471
0.00242412 0.0972131 0.557525 0.0889336 0.0811048 9.9982E-05 0.1726 9.9982E-05
9.9973E-05 0.00543563 0.913616 9.9973E-05 9.9973E-05 0.0394459 0.0179606 0.0232417
0.00917936 0.0477188 0.871165 9.9964E-05 0.0715369 9.9964E-05 9.9964E-05 9.9964E-05
0.02169 0.0102317 0.947004 9.9982E-05 0.0127785 0.00612288 0.00197306 9.9982E-05
9.9982E-05 0.0114806 0.273819 0.012739 9.9982E-05 0.168268 0.508687 0.0248058
9.9955E-05 9.9955E-05 0.932727 0.017852 9.9955E-05 9.9955E-05 9.9955E-05 0.0489212
0.0604533 0.187736 0.109362 9.9991E-05 0.209826 0.133473 0.0590163 0.240034
9.994E-05 9.994E-05 0.9993 9.994E-05 9.994E-05 9.994E-05 9.994E-05 9.994E-05
9.994E-05 9.994E-05 0.9993 9.994E-05 9.994E-05 9.994E-05 9.994E-05 9.994E-05
0.0114242 9.9964E-05 0.944142 0.0259892 0.018045 9.9964E-05 9.9964E-05 9.9964E-05
0.705241 0.0141112 0.244809 9.9973E-05 0.0123264 9.9973E-05 9.9973E-05 0.0232126
9.9946E-05 9.9946E-05 0.99272 0.00668066 9.9946E-05 9.9946E-05 9.9946E-05 9.9946E-05
0.113945 0.0156347 0.834826 0.0232718 0.0120231 9.9973E-05 9.9973E-05 9.9973E-05
9.9964E-05 0.104325 0.00165469 9.9964E-05 9.9964E-05 9.9964E-05 0.0415071 0.852114
9.9991E-05 0.232558 0.0534923 0.0519483 0.00965969 0.00035871 0.0757684 0.576115
9.9964E-05 0.711002 0.0227818 9.9964E-05 9.9964E-05 9.9964E-05 0.13111 0.134706
9.9964E-05 0.86968 9.9964E-05 0.0295465 9.9964E-05 0.0263467 9.9964E-05 0.0740268
9.9964E-05 0.0416749 9.9964E-05 9.9964E-05 9.9964E-05 0.134246 0.711751 0.111929
9.9982E-05 0.780929 0.0191056 0.0470651 0.0149262 9.9982E-05 0.0759218 0.0618527
9.9946E-05 9.9946E-05 9.9946E-05 9.9946E-05 9.9946E-05 9.9946E-05 0.0530616 0.946339
9.9946E-05 0.0522243 9.9946E-05 9.9946E-05 9.9946E-05 9.9946E-05 9.9946E-05 0.947176
9.99549E-05 9.99549E-05 9.99549E-05 9.99549E-05 9.99549E-05 0.187113 0.80113 0.0112578
0.00444378 0.721448 0.0414079 0.0531076 9.9982E-05 9.9982E-05 0.142881 0.0365119
0.0285668 0.49187 0.0363612 0.0881856 0.0043016 9.9991E-05 0.191325 0.15929
9.99821E-05 0.0351375 0.041215 0.0722698 9.99821E-05 0.108524 0.725369 0.0172847
9.99549E-05 9.99549E-05 9.99549E-05 9.99549E-05 9.99549E-05 0.173553 0.799377 0.02657
9.9982E-05 0.0426838 0.00211924 0.0182172 9.9982E-05 0.112441 0.718148 0.10619
0.0307535 0.227917 0.0173866 9.9991E-05 0.0536972 0.0664813 0.0726419 0.531022
9.99549E-05 9.99549E-05 9.99549E-05 9.99549E-05 9.99549E-05 0.219764 0.733019 0.046717
9.9973E-05 0.0137436 0.014807 0.0124984 9.9973E-05 9.9973E-05 0.0457255 0.912926
0.0056399 9.9955E-05 9.9955E-05 9.9955E-05 9.9955E-05 0.127073 0.866788 9.9955E-05
0.0150847 9.9964E-05 9.9964E-05 0.0136991 9.9964E-05 0.0741375 0.896679 9.9964E-05
0.107399 9.9982E-05 0.145109 0.0514261 0.2797 0.0190622 0.397103 9.9982E-05
9.9946E-05 9.9946E-05 9.9946E-05 9.9946E-05 9.9946E-05 0.245053 0.754348 9.9946E-05
9.99459E-05 9.99459E-05 9.99459E-05 9.99459E-05 9.99459E-05 0.199577 0.799824 9.99459E-05
9.9946E-05 9.9946E-05 9.9946E-05 9.9946E-05 9.9946E-05 0.239463 0.759937 9.9946E-05
9.9982E-05 0.158034 0.0761287 0.0958448 0.0167328 9.9982E-05 0.583241 0.0698187
0.0131607 0.109198 9.9964E-05 9.9964E-05 9.9964E-05 9.9964E-05 0.110901 0.766341
9.9964E-05 0.00165863 9.9964E-05 9.9964E-05 0.0433673 9.9964E-05 0.100173 0.854401
9.9973E-05 0.0116401 9.9973E-05 9.9973E-05 0.0151382 0.00485553 0.107147 0.860919
9.9973E-05 0.0624583 0.022351 0.0010866 9.9973E-05 9.9973E-05 0.0250498 0.888754
9.9946E-05 9.9946E-05 9.9946E-05 9.9946E-05 0.907575 9.9946E-05 0.0918251 9.9946E-05
0.345359 0.0337672 0.0180702 9.9982E-05 0.247337 9.9982E-05 0.322237 0.0330295
0.0227012 0.781158 9.9982E-05 0.0402502 9.9982E-05 0.0486499 0.00338218 0.103658
9.9973E-05 0.317359 0.0196664 0.0286301 9.9973E-05 0.205961 9.9973E-05 0.428083
0.1936 9.9991E-05 0.00350337 0.0544136 0.0166935 0.0919144 0.600898 0.0388764
0.214632 9.9991E-05 0.0133472 0.0215736 0.00991153 0.0481368 0.607114 0.0851848
9.9973E-05 0.91234 0.0301721 0.00136147 0.0405555 9.9973E-05 0.0152714 9.9973E-05
0.0603867 0.719111 9.9964E-05 9.9964E-05 0.0143317 0.205771 9.9964E-05 9.9964E-05
0.538268 9.9991E-05 0.0703029 0.0165117 0.0309784 0.102472 0.00187686 0.239491
0.00595444 0.0117386 0.0680817 0.00644554 0.0958988 0.412366 0.100237 0.299278
0.00508229 0.788776 9.9973E-05 9.9973E-05 9.9973E-05 0.0313579 0.0610425 0.113442
9.9973E-05 0.266352 0.0318115 0.107956 0.0416884 9.9973E-05 0.551892 9.9973E-05
0.19626 9.9982E-05 0.0410117 0.0478731 9.9982E-05 0.0895646 0.564242 0.0608491
9.9973E-05 0.12307 0.0980378 0.106202 9.9973E-05 9.9973E-05 0.590122 0.0822685
9.9982E-05 0.232081 0.0831374 0.091981 0.0507488 9.9982E-05 0.460332 0.0815197
0.00129394 0.875031 9.9973E-05 0.0575255 9.9973E-05 9.9973E-05 0.0475732 0.0182764
0.0404245 0.924011 9.9982E-05 0.0126507 0.00214578 9.9982E-05 0.011902 0.00866582
0.0338292 0.951884 9.9955E-05 0.0137867 9.9955E-05 9.9955E-05 9.9955E-05 9.9955E-05
9.9982E-05 0.855564 0.0282568 0.0252309 9.9982E-05 0.0554705 0.00176216 0.0335159
0.00161599 0.937998 9.9964E-05 0.0368755 9.9964E-05 9.9964E-05 9.9964E-05 0.0231102
0.0108583 0.897216 9.9964E-05 9.9964E-05 9.9964E-05 0.0718201 9.9964E-05 0.0197061
0.0540262 0.494154 0.0443512 0.141667 0.00714573 9.9991E-05 0.255414 0.00314213
9.9982E-05 0.233265 0.147719 0.0772631 0.0688566 9.9982E-05 0.436547 0.0361493
0.0299208 0.949719 9.9955E-05 9.9955E-05 9.9955E-05 0.0198599 9.9955E-05 9.9955E-05
9.9982E-05 0.244855 0.115066 0.106172 0.0458865 9.9982E-05 0.462703 0.0251173
9.9982E-05 0.134104 0.0641175 0.0617861 0.0352 9.9982E-05 0.649697 0.054895
0.9993 9.994E-05 9.994E-05 9.994E-05 9.994E-05 9.994E-05 9.994E-05 9.994E-05
0.946443 9.99459E-05 9.99459E-05 9.99459E-05 9.99459E-05 9.99459E-05 0.0529572 9.99459E-05
0.9993 9.994E-05 9.994E-05 9.994E-05 9.994E-05 9.994E-05 9.994E-05 9.994E-05
0.994208 9.9946E-05 9.9946E-05 0.00519194 9.9946E-05 9.9946E-05 9.9946E-05 9.9946E-05
0.9993 9.994E-05 9.994E-05 9.994E-05 9.994E-05 9.994E-05 9.994E-05 9.994E-05
0.9993 9.994E-05 9.994E-05 9.994E-05 9.994E-05 9.994E-05 9.994E-05 9.994E-05
0.9993 9.994E-05 9.994E-05 9.994E-05 9.994E-05 9.994E-05 9.994E-05 9.994E-05
0.0240714 9.9964E-05 9.9964E-05 0.00755233 9.9964E-05 0.0786285 0.889348 9.9964E-05
9.99459E-05 9.99459E-05 9.99459E-05 9.99459E-05 9.99459E-05 0.335129 0.664272 9.99459E-05
0.164252 0.00459462 0.101321 9.9991E-05 0.182056 0.00655435 0.52424 0.0168815
0.158306 9.9973E-05 0.1074 0.00597837 0.188565 9.9973E-05 0.539451 9.9973E-05
0.0294543 0.830318 0.04367 9.9991E-05 0.0102781 0.00472817 0.0315278 0.0499237
0.0147127 0.755226 0.0208486 0.0481253 0.0315926 0.0116943 0.117701 9.9991E-05
0.00718492 0.983973 9.9955E-05 9.9955E-05 9.9955E-05 9.9955E-05 0.00834238 9.9955E-05
0.0695779 9.9964E-05 9.9964E-05 0.014421 0.909444 0.0061574 9.9964E-05 9.9964E-05
0.315403 9.9955E-05 9.9955E-05 9.9955E-05 0.67937 0.00472636 9.9955E-05 9.9955E-05
0.0694024 0.0194066 9.9964E-05 0.0088972 0.901894 9.9964E-05 9.9964E-05 9.9964E-05
0.366702 9.9946E-05 9.9946E-05 9.9946E-05 0.632698 9.9946E-05 9.9946E-05 9.9946E-05
0.111305 0.0457884 0.00949992 9.9982E-05 0.389104 0.407867 9.9982E-05 0.036235
0.283252 0.0507113 0.175888 9.9982E-05 0.297588 0.185606 9.9982E-05 0.00675348
0.818807 9.9982E-05 0.0377846 0.010532 0.0903784 0.0221672 9.9982E-05 0.0201305
0.387257 9.9946E-05 9.9946E-05 9.9946E-05 0.612144 9.9946E-05 9.9946E-05 9.9946E-05
0.314895 9.9946E-05 9.9946E-05 9.9946E-05 0.684505 9.9946E-05 9.9946E-05 9.9946E-05
9.9955E-05 0.00356823 9.9955E-05 0.00548191 0.99045 9.9955E-05 9.9955E-05 9.9955E-05
0.246064 0.0107334 9.9964E-05 9.9964E-05 0.740083 0.00271962 9.9964E-05 9.9964E-05
0.0544406 0.178864 0.138736 0.122502 0.0504743 0.0818164 0.0506326 0.322534
0.0101573 0.969549 9.9964E-05 0.0186118 9.9964E-05 9.9964E-05 0.00128208 9.9964E-05
0.0234486 9.9973E-05 9.9973E-05 0.00996197 0.00143779 0.036975 0.927877 9.9973E-05
9.9991E-05 0.622014 0.000786703 0.0479993 0.0424985 0.0198224 0.0561334 0.210645
9.9964E-05 0.00285504 9.9964E-05 9.9964E-05 9.9964E-05 0.12147 0.744122 0.131153
9.9973E-05 0.00135541 9.9973E-05 9.9973E-05 0.89647 0.0106493 0.0631456 0.0280794
0.813193 0.00276158 0.0516998 0.0143129 0.0784524 0.0393805 9.9982E-05 9.9982E-05
0.225291 0.0193227 0.0580869 0.00321697 0.578663 9.9982E-05 0.11522 9.9982E-05
9.9982E-05 0.236024 0.0291483 0.0923278 0.0482603 9.9982E-05 0.583603 0.0104361
9.9991E-05 0.112186 0.127508 0.15332 0.0606543 0.034169 0.501519 0.0105442
0.0278257 0.494433 9.9991E-05 0.0331443 0.0167492 0.073424 0.0596913 0.294633
9.99459E-05 9.99459E-05 9.99459E-05 9.99459E-05 9.99459E-05 0.816848 0.182552 9.99459E-05
0.057296 0.0581118 0.715898 0.0643978 0.099115 9.9982E-05 9.9982E-05 0.0049818
0.0433737 0.048286 0.825434 0.00115626 0.0598924 0.00153878 0.0202193 9.9991E-05
0.0197638 0.00208468 0.944734 9.9964E-05 9.9964E-05 9.9964E-05 0.0330178 9.9964E-05
0.011294 9.9964E-05 0.911112 0.0216674 0.0555265 9.9964E-05 9.9964E-05 9.9964E-05
0.0674097 9.99459E-05 0.931991 9.99459E-05 9.99459E-05 9.99459E-05 9.99459E-05 9.99459E-05
0.108474 0.0379603 0.801675 0.0253936 0.0261976 9.9973E-05 9.9973E-05 9.9973E-05
0.0031737 9.9964E-05 9.9964E-05 0.0247191 9.9964E-05 0.108256 0.863452 9.9964E-05
0.410092 0.0710961 0.135942 0.0653483 0.269501 9.9982E-05 0.0478203 9.9982E-05
0.0895936 0.0474785 0.0445619 0.011056 0.794537 0.0125728 9.9982E-05 9.9982E-05
9.994E-05 9.994E-05 9.994E-05 9.994E-05 0.9993 9.994E-05 9.994E-05 9.994E-05
0.0152288 9.9955E-05 9.9955E-05 0.0246873 0.959584 9.9955E-05 9.9955E-05 9.9955E-05
0.274418 0.0155219 0.00307059 0.012091 0.694599 9.9973E-05 9.9973E-05 9.9973E-05
9.994E-05 9.994E-05 0.9993 9.994E-05 9.994E-05 9.994E-05 9.994E-05 9.994E-05
0.0199596 0.0162118 0.945638 0.0177903 9.9964E-05 9.9964E-05 9.9964E-05 9.9964E-05
0.669037 0.00548499 0.294771 9.9964E-05 0.0303076 9.9964E-05 9.9964E-05 9.9964E-05
0.688115 9.9955E-05 0.291028 0.0203571 9.9955E-05 9.9955E-05 9.9955E-05 9.9955E-05
0.0354126 9.9955E-05 0.917345 9.9955E-05 0.0467427 9.9955E-05 9.9955E-05 9.9955E-05
0.824233 0.0197283 0.139324 9.9973E-05 0.0117928 9.9973E-05 9.9973E-05 0.0046225
0.472359 0.314362 0.0820889 9.9982E-05 0.0526062 0.0513752 9.9982E-05 0.0270085
0.0111999 0.802095 9.9982E-05 0.0249303 9.9982E-05 0.0461175 0.0388934 0.0765639
0.00556642 0.735927 0.0470493 9.9973E-05 9.9973E-05 0.0656773 9.9973E-05 0.14548
9.9964E-05 0.816701 9.9964E-05 0.0380613 9.9964E-05 0.0285735 9.9964E-05 0.116264
0.0195876 0.892253 9.9973E-05 0.0224925 9.9973E-05 0.04381 9.9973E-05 0.0215571
9.99549E-05 9.99549E-05 0.972707 9.99549E-05 9.99549E-05 0.0175084 9.99549E-05 0.00928453
9.994E-05 9.994E-05 0.9993 9.994E-05 9.994E-05 9.994E-05 9.994E-05 9.994E-05
0.686372 9.9955E-05 0.306495 9.9955E-05 9.9955E-05 9.9955E-05 9.9955E-05 0.00663262
0.472173 9.9946E-05 0.527227 9.9946E-05 9.9946E-05 9.9946E-05 9.9946E-05 9.9946E-05
9.9955E-05 9.9955E-05 0.985918 0.00872808 9.9955E-05 0.00485398 9.9955E-05 9.9955E-05
9.9964E-05 9.9964E-05 0.92344 0.0254661 0.0181765 9.9964E-05 0.0325177 9.9964E-05
0.0141471 9.99459E-05 0.985253 9.99459E-05 9.99459E-05 9.99459E-05 9.99459E-05 9.99459E-05
0.775479 0.00552442 0.211656 9.9964E-05 9.9964E-05 9.9964E-05 0.00694108 9.9964E-05
9.9955E-05 0.0853841 9.9955E-05 0.00749814 9.9955E-05 0.906618 9.9955E-05 9.9955E-05
0.0394081 9.9973E-05 9.9973E-05 0.0228354 9.9973E-05 0.733363 0.0359097 0.168184
9.99731E-05 0.00466929 0.00904726 0.021375 9.99731E-05 0.927147 9.99731E-05 0.0374618
0.00759025 0.0447913 0.0630424 0.0120395 9.99908E-05 0.840875 9.99908E-05 0.0314611
0.151164 0.0104489 0.353088 9.9991E-05 0.32965 0.00468978 0.124688 0.0261718
0.193478 9.9964E-05 0.327476 9.9964E-05 0.380117 9.9964E-05 0.0985286 9.9964E-05
0.174276 9.9973E-05 0.281291 9.9973E-05 0.489892 9.9973E-05 0.0183512 0.0358909
0.118433 9.9982E-05 0.274472 9.9982E-05 0.549246 0.0285516 0.00261848 0.0264791
0.0443341 0.115035 0.488478 0.0753606 0.0829988 0.00460535 0.142391 0.0467967
0.121759 9.9982E-05 0.0164691 0.0270394 0.445428 0.00105283 0.388051 9.9982E-05
9.99459E-05 9.99459E-05 0.963998 9.99459E-05 9.99459E-05 0.0354025 9.99459E-05 9.99459E-05
0.892969 9.9964E-05 0.0827352 9.9964E-05 9.9964E-05 0.00451276 9.9964E-05 0.0193837
0.826216 9.9982E-05 0.0995749 0.0132453 0.00244283 0.0301771 9.9982E-05 0.0281444
9.99911E-05 0.436396 0.0231695 0.0297256 0.0399429 0.0332649 0.425263 0.0121382
0.0606792 0.0277989 9.9991E-05 0.0285458 0.0668965 0.126589 0.650522 0.0388689
9.9973E-05 0.855714 9.9973E-05 0.00868192 9.9973E-05 0.0158733 0.0471776 0.0722534
0.0217585 0.0994183 9.9964E-05 9.9964E-05 0.0116594 9.9964E-05 9.9964E-05 0.866764
0.00839337 0.288027 9.9973E-05 0.0465369 9.9973E-05 0.0100922 9.9973E-05 0.646651
9.9982E-05 0.466539 0.0492398 0.0166186 0.030534 0.019493 9.9982E-05 0.417376
9.9982E-05 0.389777 0.0222819 0.0224243 0.0224039 0.333429 0.209483 9.9982E-05
9.9946E-05 0.908779 9.9946E-05 9.9946E-05 9.9946E-05 9.9946E-05 9.9946E-05 0.0906216
9.9973E-05 0.92607 0.0146007 9.9973E-05 0.0189252 9.9973E-05 0.00891989 0.0311848
9.9982E-05 0.861088 0.0406538 0.0152034 0.00317958 9.9982E-05 0.0518106 0.0278648
9.9964E-05 0.86535 0.015055 0.0360495 9.9964E-05 9.9964E-05 9.9964E-05 0.0831461
0.0749855 0.111843 0.415881 0.0540066 0.0649569 9.9991E-05 0.236635 0.0415919
0.073203 0.400129 0.24297 0.0138704 0.0642294 0.0644611 0.133685 0.0074523
0.136353 0.261299 0.276725 0.0103548 0.191737 9.99911E-05 0.121705 0.00172595
0.147072 0.0325684 0.431529 0.0164083 0.146336 9.9982E-05 0.225887 9.9982E-05
0.0915827 0.519731 0.00335732 0.061743 0.0476864 0.160305 0.0424654 0.0731302
0.00601257 0.939349 9.9973E-05 0.0249184 0.0140392 9.9973E-05 0.0153813 9.9973E-05
0.868248 9.9964E-05 9.9964E-05 0.0177386 0.0849276 9.9964E-05 0.0286864 9.9964E-05
0.00631913 0.668883 0.0130119 0.0864142 9.9982E-05 9.9982E-05 0.103303 0.121868
9.9955E-05 0.112459 0.00761934 9.9955E-05 9.9955E-05 9.9955E-05 9.9955E-05 0.879422
0.0169621 9.99641E-05 9.99641E-05 0.023042 9.99641E-05 0.062655 9.99641E-05 0.896941
9.9964E-05 0.932415 9.9964E-05 9.9964E-05 0.0149305 0.00295309 9.9964E-05 0.0493011
0.00897935 0.139599 0.129348 0.469891 9.9982E-05 9.9982E-05 0.236421 0.0155609
0.0172532 0.485343 9.9982E-05 9.9982E-05 0.0102842 0.0352954 0.0831571 0.368467
9.9964E-05 0.0513473 9.9964E-05 9.9964E-05 0.000458012 9.9964E-05 0.0271311 0.920664
9.9973E-05 0.625175 0.0580283 0.00657912 9.9973E-05 9.9973E-05 0.151634 0.158284
0.0402006 0.101731 0.0797332 0.482678 0.00807833 0.0672079 0.177756 0.0426146
9.9955E-05 0.00962541 9.9955E-05 0.980991 0.00888335 9.9955E-05 9.9955E-05 9.9955E-05
0.0854042 0.0440969 0.0761744 9.99731E-05 0.767615 9.99731E-05 0.0264095 9.99731E-05
0.0496933 0.0570581 0.00281168 0.016946 0.0616739 0.174704 0.0119084 0.625204
0.242752 9.9982E-05 0.0385396 0.0499325 9.9982E-05 0.0232006 0.578347 0.0670285
0.0435613 0.0274686 9.9982E-05 0.0631621 0.00381498 0.124421 0.737372 9.9982E-05
0.0369817 0.0875161 9.9973E-05 0.000654661 9.9973E-05 0.106794 0.767754 9.9973E-05
