0.0523085 9.9973E-05 0.0173323 0.230679 0.625561 0.073819 9.9973E-05 9.9973E-05
0.0501745 0.000477752 0.273623 0.35681 0.318615 9.9973E-05 9.9973E-05 9.9973E-05
0.110799 0.022094 0.296598 0.27597 0.27089 9.9991E-05 0.0148661 0.00868305
0.0570116 9.9973E-05 9.9973E-05 0.249012 0.630923 0.0541325 0.00862053 9.9973E-05
0.00130696 9.9982E-05 0.905744 0.0168909 0.0524229 0.00918161 0.0142539 9.9982E-05
0.0493547 9.9973E-05 0.216972 0.387919 0.290364 9.9973E-05 9.9973E-05 0.0550909
9.9964E-05 0.507652 0.00138961 9.9964E-05 9.9964E-05 0.473258 9.9964E-05 0.0172997
9.9955E-05 0.978414 9.9955E-05 0.0111652 9.9955E-05 0.00992069 9.9955E-05 9.9955E-05
0.00803455 0.961724 0.00451544 0.0253262 9.9964E-05 9.9964E-05 9.9964E-05 9.9964E-05
9.994E-05 0.9993 9.994E-05 9.994E-05 9.994E-05 9.994E-05 9.994E-05 9.994E-05
0.773036 9.9973E-05 0.033269 0.0195197 0.0131088 0.160767 9.9973E-05 9.9973E-05
0.925501 0.007596 9.9964E-05 9.9964E-05 0.0404979 0.0260056 9.9964E-05 9.9964E-05
0.893478 0.013374 9.9964E-05 9.9964E-05 0.0215118 0.0712358 9.9964E-05 9.9964E-05
0.915551 9.99461E-05 9.99461E-05 9.99461E-05 9.99461E-05 0.0838493 9.99461E-05 9.99461E-05
9.9973E-05 0.00191238 9.9973E-05 9.9973E-05 0.0812393 0.030628 0.0407383 0.845182
9.9955E-05 0.990645 9.9955E-05 9.9955E-05 0.00530091 9.9955E-05 9.9955E-05 0.00355403
9.9955E-05 0.0251767 9.9955E-05 9.9955E-05 0.0413205 0.933003 9.9955E-05 9.9955E-05
0.0867416 0.0114425 9.9973E-05 9.9973E-05 0.00233468 0.00174867 9.9973E-05 0.897433
0.207485 9.9973E-05 9.9973E-05 9.9973E-05 0.154092 0.0129175 0.0510441 0.574161
0.569014 0.0144609 9.9973E-05 9.9973E-05 9.9973E-05 0.0186805 0.0254957 0.372049
0.0388745 0.0281178 9.9964E-05 9.9964E-05 0.123775 9.9964E-05 9.9964E-05 0.808833
0.900059 0.0381825 0.00400866 9.9964E-05 9.9964E-05 9.9964E-05 9.9964E-05 0.0573501
0.0710811 0.00416791 9.9973E-05 0.00187187 9.9973E-05 0.0213229 9.9973E-05 0.901256
0.803982 0.00525595 9.9982E-05 0.0259297 0.0401532 0.0336592 9.9982E-05 0.0908195
0.933309 9.9955E-05 9.9955E-05 9.9955E-05 0.0187615 9.9955E-05 9.9955E-05 0.0474299
9.9955E-05 9.9955E-05 9.9955E-05 9.9955E-05 0.000550244 0.055691 9.9955E-05 0.943259
0.0995295 0.0143996 9.9964E-05 0.000402616 9.9964E-05 9.9964E-05 9.9964E-05 0.885269
0.286399 9.9973E-05 9.9973E-05 0.052521 0.0241257 9.9973E-05 0.0317884 0.604866
0.0378295 0.0178545 9.9964E-05 9.9964E-05 9.9964E-05 9.9964E-05 0.0355761 0.90834
0.0315518 9.9973E-05 9.9973E-05 0.0147072 0.00318452 9.9973E-05 0.00387886 0.946378
0.933413 9.9955E-05 9.9955E-05 9.9955E-05 9.9955E-05 9.9955E-05 0.0161299 0.0499576
0.813128 9.99461E-05 9.99461E-05 9.99461E-05 9.99461E-05 0.186273 9.99461E-05 9.99461E-05
0.0789104 9.9964E-05 9.9964E-05 0.0103564 9.9964E-05 0.0142035 9.9964E-05 0.89613
0.773261 0.0225054 0.00343213 9.9973E-05 0.0526267 9.9973E-05 9.9973E-05 0.147874
0.0448481 0.013126 9.9964E-05 0.000438946 9.9964E-05 9.9964E-05 9.9964E-05 0.941187
0.967888 9.9964E-05 9.9964E-05 0.00672722 0.0114567 9.9964E-05 9.9964E-05 0.0135285
0.0916914 9.9955E-05 9.9955E-05 0.0109653 9.9955E-05 9.9955E-05 9.9955E-05 0.896843
0.93898 9.9955E-05 9.9955E-05 9.9955E-05 9.9955E-05 9.9955E-05 0.0257193 0.0348007
9.9973E-05 9.9973E-05 0.128632 0.125846 0.676856 0.000114525 0.0682515 9.9973E-05
9.9946E-05 9.9946E-05 0.626476 0.372925 9.9946E-05 9.9946E-05 9.9946E-05 9.9946E-05
0.74755 9.99551E-05 0.0761215 9.99551E-05 9.99551E-05 0.175829 9.99551E-05 9.99551E-05
0.0390618 9.9955E-05 9.9955E-05 9.9955E-05 9.9955E-05 0.0119904 9.9955E-05 0.948448
0.919956 9.9964E-05 9.9964E-05 9.9964E-05 0.0268021 9.9964E-05 0.0157504 0.0370918
0.018643 9.9973E-05 9.9973E-05 0.59678 0.0223635 0.286348 0.0755659 9.9973E-05
0.210904 0.056214 9.9973E-05 9.9973E-05 0.161949 9.9973E-05 0.0307355 0.539897
0.463263 0.0222332 9.9973E-05 9.9973E-05 9.9973E-05 0.128325 0.012866 0.373013
0.050137 0.0357808 0.0149467 9.9982E-05 0.0338128 9.9982E-05 0.0149231 0.8502
0.0421258 0.00508162 0.310993 0.345522 0.220216 0.0046875 0.0246449 0.046729
9.9973E-05 9.9973E-05 0.121559 0.281023 0.0800966 0.0137786 0.503243 9.9973E-05
9.9946E-05 9.9946E-05 9.9946E-05 9.9946E-05 0.706579 0.292821 9.9946E-05 9.9946E-05
0.139643 9.99549E-05 9.99549E-05 9.99549E-05 0.715538 0.14432 9.99549E-05 9.99549E-05
0.156258 9.99549E-05 9.99549E-05 9.99549E-05 0.703735 0.139508 9.99549E-05 9.99549E-05
0.000462333 9.99549E-05 9.99549E-05 9.99549E-05 0.817194 0.181844 9.99549E-05 9.99549E-05
0.0292977 0.940455 0.0202043 0.00665009 9.9973E-05 9.9973E-05 9.9973E-05 0.00309308
0.0233715 0.947719 9.9964E-05 9.9964E-05 0.0107396 9.9964E-05 0.0177699 9.9964E-05
0.536046 0.0329797 9.9955E-05 9.9955E-05 9.9955E-05 0.430474 9.9955E-05 9.9955E-05
0.9352 0.00318577 9.9964E-05 9.9964E-05 0.024071 9.9964E-05 9.9964E-05 0.0371432
0.0251193 0.00362331 0.19204 9.9982E-05 0.502524 9.9982E-05 0.0660342 0.210459
9.9964E-05 9.9964E-05 0.868822 0.0430984 0.0763193 9.9964E-05 0.01136 9.9964E-05
9.9982E-05 9.9982E-05 0.42486 0.20415 0.0615714 0.00249462 0.276158 0.0305655
9.9955E-05 9.9955E-05 9.9955E-05 0.0134618 0.055495 0.930543 9.9955E-05 9.9955E-05
0.0231387 0.00904736 0.0146709 9.9973E-05 0.231803 0.72104 9.9973E-05 9.9973E-05
0.0268805 0.0118254 0.00279428 0.0100156 0.175613 0.714779 0.0579916 9.9991E-05
0.0005196 0.980653 9.9955E-05 9.9955E-05 0.018328 9.9955E-05 9.9955E-05 9.9955E-05
9.9964E-05 0.0117573 0.834291 0.106505 0.0470461 9.9964E-05 9.9964E-05 9.9964E-05
9.9955E-05 9.9955E-05 9.9955E-05 9.9955E-05 9.9955E-05 0.979448 0.00670194 0.0133507
9.9982E-05 0.0284169 0.069426 0.08443 0.787539 0.0190615 0.0109266 9.9982E-05
0.949826 9.9955E-05 9.9955E-05 9.9955E-05 9.9955E-05 0.0307984 9.9955E-05 0.018876
0.932238 9.99461E-05 9.99461E-05 9.99461E-05 9.99461E-05 0.0671621 9.99461E-05 9.99461E-05
9.9991E-05 0.774529 0.0351624 0.00272306 0.0794475 0.029253 0.0312482 0.0475363
0.0103142 0.791686 0.00271464 9.9991E-05 0.0998906 0.0411388 0.0160716 0.0380844
0.0366233 0.855641 9.9982E-05 9.9982E-05 0.0410061 0.0451983 0.0078782 0.0134534
9.9955E-05 0.967213 0.0252823 9.9955E-05 0.00700478 9.9955E-05 9.9955E-05 9.9955E-05
9.9955E-05 0.969122 9.9955E-05 9.9955E-05 0.002842 0.0275366 9.9955E-05 9.9955E-05
9.9955E-05 0.977951 0.0137449 9.9955E-05 9.9955E-05 9.9955E-05 9.9955E-05 0.00780408
9.9955E-05 0.977756 9.9955E-05 0.0142452 9.9955E-05 9.9955E-05 9.9955E-05 0.00749866
0.00400444 0.986351 0.00914509 9.9955E-05 9.9955E-05 9.9955E-05 9.9955E-05 9.9955E-05
0.00439777 0.971241 9.9973E-05 0.0124404 0.00871466 9.9973E-05 0.00290639 9.9973E-05
9.994E-05 0.9993 9.994E-05 9.994E-05 9.994E-05 9.994E-05 9.994E-05 9.994E-05
0.00634405 0.947222 0.00966177 9.9982E-05 0.0348327 0.00057996 9.9982E-05 0.0011598
0.0273795 0.930665 9.9973E-05 9.9973E-05 0.0225478 9.9973E-05 0.0134656 0.0056427
0.00223767 0.944904 9.9991E-05 0.000414778 0.0238706 0.0144975 0.00481308 0.00916287
0.063996 0.525999 9.99551E-05 9.99551E-05 9.99551E-05 9.99551E-05 9.99551E-05 0.409505
9.99461E-05 0.552412 9.99461E-05 9.99461E-05 9.99461E-05 9.99461E-05 9.99461E-05 0.446989
0.00393984 0.979906 0.00550019 9.9964E-05 9.9964E-05 0.0102542 9.9964E-05 9.9964E-05
9.9946E-05 0.952282 9.9946E-05 9.9946E-05 0.0471188 9.9946E-05 9.9946E-05 9.9946E-05
9.9964E-05 0.916339 9.9964E-05 0.0171549 0.0428187 0.0232873 9.9964E-05 9.9964E-05
9.9973E-05 0.946613 0.0174819 9.9973E-05 0.00818256 9.9973E-05 0.0190946 0.00832767
9.99463E-05 0.999174 9.99463E-05 0.000226818 9.99463E-05 9.99463E-05 9.99463E-05 9.99463E-05
0.0205801 0.530236 9.99551E-05 9.99551E-05 9.99551E-05 9.99551E-05 9.99551E-05 0.448684
0.0837618 0.837411 0.00915437 9.9991E-05 0.00858617 0.00230118 0.0241959 0.0344893
9.9955E-05 0.923369 9.9955E-05 0.0215488 9.9955E-05 0.0545823 9.9955E-05 9.9955E-05
9.9964E-05 0.945464 0.0134634 9.9964E-05 0.0149247 0.025748 9.9964E-05 9.9964E-05
9.9982E-05 0.933166 0.0282373 0.0142671 0.00745833 0.00198354 0.0146881 9.9982E-05
0.0111163 0.890985 0.00100045 9.9991E-05 0.0240273 0.0417078 0.0136365 0.0174268
9.9955E-05 0.945841 9.9955E-05 9.9955E-05 0.0349784 0.018681 9.9955E-05 9.9955E-05
9.9982E-05 9.9982E-05 0.087529 0.0660284 0.00740349 0.192203 0.0428312 0.603805
9.9973E-05 0.922968 0.0115976 0.0192219 0.00744075 9.9973E-05 9.9973E-05 0.0384721
0.00978251 0.975449 9.9955E-05 9.9955E-05 9.9955E-05 9.9955E-05 9.9955E-05 0.0142691
9.9991E-05 0.72369 0.00507432 0.120602 0.0435553 0.0274173 0.0140742 0.0654869
9.994E-05 0.9993 9.994E-05 9.994E-05 9.994E-05 9.994E-05 9.994E-05 9.994E-05
0.000533412 0.990516 9.9964E-05 0.000469508 9.9964E-05 0.00808137 9.9964E-05 9.9964E-05
9.99551E-05 0.973558 9.99551E-05 9.99551E-05 0.000482737 9.99551E-05 0.0254599 9.99551E-05
9.9973E-05 0.950203 0.0011303 9.9973E-05 0.00377664 0.0219431 9.9973E-05 0.022647
0.00571272 0.0173986 0.000952234 9.9982E-05 9.9982E-05 0.0421881 0.0187451 0.914803
9.994E-05 0.9993 9.994E-05 9.994E-05 9.994E-05 9.994E-05 9.994E-05 9.994E-05
9.9955E-05 0.941727 9.9955E-05 9.9955E-05 0.0447409 9.9955E-05 0.0130326 9.9955E-05
9.9946E-05 0.982515 9.9946E-05 9.9946E-05 9.9946E-05 9.9946E-05 0.0168851 9.9946E-05
0.237952 0.00258239 9.9973E-05 0.0170163 9.9973E-05 0.126018 9.9973E-05 0.616132
9.9982E-05 0.928814 0.00552822 9.9982E-05 0.0339444 0.000922499 0.0266394 0.00395147
0.0201528 0.939154 9.9964E-05 9.9964E-05 0.0198557 9.9964E-05 0.0204381 9.9964E-05
9.9973E-05 0.958148 9.9973E-05 0.00851077 0.000832701 0.0118601 9.9973E-05 0.0203482
0.0102002 0.9892 9.9946E-05 9.9946E-05 9.9946E-05 9.9946E-05 9.9946E-05 9.9946E-05
0.238872 0.0254109 9.9973E-05 9.9973E-05 0.0852322 0.00237235 9.9973E-05 0.647813
9.9946E-05 0.985745 0.0136551 9.9946E-05 9.9946E-05 9.9946E-05 9.9946E-05 9.9946E-05
9.9982E-05 0.918304 0.00929389 0.00550638 0.0563746 0.00025367 9.9982E-05 0.0100671
0.0144399 0.515221 9.9955E-05 9.9955E-05 9.9955E-05 9.9955E-05 9.9955E-05 0.469839
9.9946E-05 0.991623 9.9946E-05 0.00777767 9.9946E-05 9.9946E-05 9.9946E-05 9.9946E-05
0.727943 0.0214023 9.9982E-05 9.9982E-05 0.017669 0.0086898 0.0271985 0.196897
0.662581 9.9964E-05 0.0431251 9.9964E-05 0.0144721 9.9964E-05 9.9964E-05 0.279422
0.842643 0.0463723 9.9973E-05 0.0406925 0.0170493 9.9973E-05 9.9973E-05 0.0529433
0.0182878 0.0192198 0.0256644 0.0207233 9.9982E-05 0.0307728 9.9982E-05 0.885132
0.0101147 0.0687044 0.00189195 9.9982E-05 0.0873376 0.800825 0.0309259 9.9982E-05
0.849178 0.0484168 9.9964E-05 0.0374105 9.9964E-05 9.9964E-05 9.9964E-05 0.0645946
0.343172 0.00952264 0.0334325 0.0127235 0.00365272 0.350733 0.0216801 0.225084
0.754136 0.0283135 0.0142196 0.0106525 9.99822E-05 9.99822E-05 0.0227247 0.169754
0.677345 9.9964E-05 0.0150549 9.9964E-05 9.9964E-05 9.9964E-05 0.0503266 0.256874
0.725114 0.0148506 9.9973E-05 9.9973E-05 0.0324157 9.9973E-05 0.0198943 0.207425
0.606685 9.9982E-05 0.04046 0.0131055 0.00667369 9.9982E-05 0.0588393 0.274037
0.595214 9.9973E-05 0.021394 0.0179631 9.9973E-05 9.9973E-05 0.0437003 0.321429
0.91768 0.00372247 0.0495304 9.9973E-05 9.9973E-05 0.0176517 9.9973E-05 0.011115
0.869239 0.0228794 9.9973E-05 0.000901604 9.9973E-05 0.0864754 0.0202047 9.9973E-05
0.848033 0.0196192 0.00917045 0.0102546 9.9973E-05 0.112622 9.9973E-05 9.9973E-05
0.0852754 0.0552551 9.9991E-05 0.0132292 0.00716276 0.0120949 0.0720182 0.754864
9.994E-05 9.994E-05 9.994E-05 0.9993 9.994E-05 9.994E-05 9.994E-05 9.994E-05
9.9964E-05 0.00992007 0.0204091 0.935168 0.0341028 9.9964E-05 9.9964E-05 9.9964E-05
0.000826494 0.00490862 0.608438 0.236405 0.0877798 0.0202022 0.0413399 9.9991E-05
0.0928255 0.0895645 0.0152804 0.0206921 0.0861388 0.305409 0.0457024 0.344387
9.9955E-05 9.9955E-05 9.9955E-05 0.94704 0.0519589 0.000501261 9.9955E-05 9.9955E-05
9.9973E-05 0.00843099 0.00136289 0.910268 0.0761312 9.9973E-05 9.9973E-05 0.00350749
0.421679 0.142209 0.0523092 0.0279707 9.9982E-05 0.218056 9.9982E-05 0.137576
9.9991E-05 0.0204458 0.421381 0.217357 0.0285359 0.0103043 0.293816 0.00806041
9.9982E-05 9.9982E-05 0.41539 0.126782 0.0511164 0.0301549 0.333125 0.0432319
9.9973E-05 9.9973E-05 0.46739 0.0876558 0.0502618 0.0158559 0.378537 9.9973E-05
9.9982E-05 0.0197502 0.2442 9.9982E-05 0.056576 0.0453174 0.59487 0.0390869
0.000689045 0.0251107 0.252511 9.9991E-05 0.0357267 0.0546485 0.595145 0.0360688
0.00748155 9.9991E-05 0.407621 0.086239 0.02597 0.0296289 0.42569 0.0172693
9.99549E-05 9.99549E-05 9.99549E-05 9.99549E-05 0.173927 0.780613 0.0449602 9.99549E-05
9.9964E-05 9.9964E-05 0.634583 0.347297 9.9964E-05 9.9964E-05 0.0045476 0.0131732
0.0165633 0.0159506 0.000631343 0.0188905 0.0138828 0.080261 9.9991E-05 0.853721
0.00801292 0.0219178 0.0208355 0.00492689 9.9991E-05 0.0257155 0.00905277 0.909439
9.9982E-05 0.0249691 0.825799 0.0717089 0.0513599 9.9982E-05 0.0198586 0.00610435
0.131548 0.10331 0.109026 0.0794339 0.159141 0.0815149 0.161026 0.175
0.0160698 9.9973E-05 9.9973E-05 9.9973E-05 0.0619516 0.814719 0.0587946 0.0481648
0.703538 9.9973E-05 0.0644759 0.0473459 9.9973E-05 0.151239 0.0331011 9.9973E-05
0.0790426 0.0190883 0.010539 9.9982E-05 9.9982E-05 0.0551146 0.022578 0.813437
0.507098 0.0104308 9.9973E-05 0.249096 9.9973E-05 0.154107 0.0789686 9.9973E-05
0.0392358 0.013265 9.9982E-05 0.0625788 9.9982E-05 0.835403 0.0369959 0.012322
0.0425118 0.0158245 9.9982E-05 0.750104 9.9982E-05 0.00473777 0.13568 0.0509424
9.9973E-05 0.0236589 0.00805508 9.9973E-05 0.0570497 0.906478 9.9973E-05 0.00445792
0.119867 0.0237014 0.0415099 9.9982E-05 0.606026 9.9982E-05 0.0987333 0.109962
9.9955E-05 0.0295459 9.9955E-05 9.9955E-05 9.9955E-05 0.0329726 9.9955E-05 0.936982
0.00998204 0.00928148 0.615233 0.305591 9.9982E-05 0.0257835 9.9982E-05 0.0339285
0.478098 0.0172988 0.426304 9.9973E-05 9.9973E-05 0.072302 0.00569663 9.9973E-05
0.0222228 0.0185551 0.890057 9.9973E-05 9.9973E-05 9.9973E-05 0.0251116 0.0437541
0.338101 0.0403129 0.0342241 0.106505 0.0585109 0.34469 0.0488659 0.0287911
9.9946E-05 9.9946E-05 0.999293 9.9946E-05 9.9946E-05 9.9946E-05 9.9946E-05 0.000107062
0.0500895 9.9964E-05 0.0434523 9.9964E-05 9.9964E-05 0.895723 9.9964E-05 0.0103358
0.036354 0.0625304 0.811811 9.9991E-05 0.0013336 0.0305247 0.0303507 0.0269954
9.9964E-05 0.0466064 0.840668 9.9964E-05 9.9964E-05 0.108502 9.9964E-05 0.00382342
0.00380494 0.0123724 0.0721785 9.9973E-05 9.9973E-05 0.0377502 9.9973E-05 0.873594
0.146859 9.9991E-05 0.0482702 0.314791 0.0568146 0.0404413 0.00772342 0.385
0.300226 0.0251387 0.0312689 0.061841 9.9991E-05 0.236441 0.0204529 0.324531
0.00215835 0.0148481 0.0795923 0.0222067 0.0376045 0.0189369 0.790026 0.0346268
0.020193 9.9973E-05 0.0261954 9.9973E-05 0.0157161 0.0202565 0.917339 9.9973E-05
0.00239367 0.0237381 0.02775 0.0047353 0.0517681 0.0243107 0.837521 0.0277829
0.0198611 0.0252494 0.0209918 9.9982E-05 0.0262276 0.0431411 0.864329 9.9982E-05
9.9955E-05 9.9955E-05 9.9955E-05 9.9955E-05 0.0280618 9.9955E-05 0.0389209 0.932518
0.0138427 0.00247853 0.0405843 9.9973E-05 0.0417598 9.9973E-05 9.9973E-05 0.901035
0.0952992 0.019819 9.9982E-05 9.9982E-05 0.0554186 0.0214663 0.0407478 0.767049
0.00129234 0.00139369 0.276077 0.242044 0.0459853 0.033804 0.399303 9.9991E-05
0.133316 0.160699 0.143738 0.10528 0.165184 0.0368643 0.0858501 0.16907
0.0343847 0.140366 0.00552111 9.9982E-05 0.371718 9.9982E-05 0.0912897 0.35652
0.0645496 0.0147636 0.0162677 0.00760339 0.11938 9.9982E-05 9.9982E-05 0.777235
0.0759305 0.0693171 0.0138233 0.0296426 0.169959 9.9991E-05 0.0211427 0.620085
9.9973E-05 0.0396932 9.9973E-05 0.0288758 0.134866 9.9973E-05 0.0943672 0.701898
0.0382854 0.148704 0.0435976 0.0259957 0.24184 9.9991E-05 0.0489958 0.452482
0.054592 0.0070612 9.9991E-05 0.0732379 0.712749 0.124258 0.0200769 0.00792491
0.883139 9.9964E-05 9.9964E-05 9.9964E-05 0.0323504 0.0804788 9.9964E-05 0.00363191
0.542225 0.0526156 9.9982E-05 0.0045031 9.9982E-05 0.143126 0.0146933 0.242637
9.9964E-05 0.0139656 0.960813 0.00383701 0.0209847 9.9964E-05 9.9964E-05 9.9964E-05
0.0218729 9.9955E-05 0.929365 9.9955E-05 0.0482618 9.9955E-05 9.9955E-05 9.9955E-05
0.0114798 9.9973E-05 0.872931 0.0157163 0.0929353 0.00663765 9.9973E-05 9.9973E-05
9.9964E-05 9.9964E-05 0.370286 0.199638 0.214854 9.9964E-05 0.214822 9.9964E-05
9.9955E-05 9.9955E-05 0.309721 9.9955E-05 0.563398 9.9955E-05 0.126381 9.9955E-05
9.9955E-05 9.9955E-05 0.344332 9.9955E-05 0.554422 9.9955E-05 0.100746 9.9955E-05
9.9973E-05 0.0128456 9.9973E-05 0.00496045 0.0657357 9.9973E-05 0.0142204 0.901938
0.0215385 0.0142898 0.0220197 0.00255541 0.0809021 9.9991E-05 0.0465286 0.812066
9.9955E-05 9.9955E-05 0.0135704 9.9955E-05 9.9955E-05 0.014623 9.9955E-05 0.971307
0.0775663 0.0112116 0.0221669 9.9982E-05 0.0511452 0.817895 9.9982E-05 0.0198152
9.9973E-05 0.0109888 0.932357 9.9973E-05 9.9973E-05 0.00928501 0.0381326 0.00893669
0.0015231 0.0204077 0.932046 0.0456232 9.9964E-05 9.9964E-05 9.9964E-05 9.9964E-05
0.0147006 9.9964E-05 0.880807 0.100834 9.9964E-05 0.00325931 9.9964E-05 9.9964E-05
0.00703143 9.9973E-05 0.806052 0.152265 9.9973E-05 0.00773456 0.0266169 9.9973E-05
0.0330152 0.0306135 0.840138 0.0869772 9.9982E-05 9.9982E-05 0.00600062 0.00305557
0.735351 9.9964E-05 0.0758828 0.0123586 9.9964E-05 0.176008 9.9964E-05 9.9964E-05
9.9982E-05 0.061915 0.200502 0.350184 0.18874 9.9982E-05 0.157466 0.0409929
9.9946E-05 9.9946E-05 9.9946E-05 9.9946E-05 0.0191211 0.980279 9.9946E-05 9.9946E-05
0.716242 9.9955E-05 0.0782499 9.9955E-05 9.9955E-05 0.205008 9.9955E-05 9.9955E-05
9.9964E-05 9.9964E-05 0.0279189 0.0393714 9.9964E-05 0.143272 9.9964E-05 0.789038
0.791248 9.9946E-05 9.9946E-05 9.9946E-05 9.9946E-05 0.208153 9.9946E-05 9.9946E-05
0.751744 9.9946E-05 9.9946E-05 9.9946E-05 9.9946E-05 0.247656 9.9946E-05 9.9946E-05
0.73857 9.9955E-05 9.9955E-05 9.9955E-05 9.9955E-05 0.247416 0.0135148 9.9955E-05
0.0211736 0.0395261 0.924641 9.9982E-05 9.9982E-05 0.00650636 0.00124763 0.00670499
9.9955E-05 9.9955E-05 0.936762 0.0322855 9.9955E-05 0.0304528 9.9955E-05 9.9955E-05
0.0427454 9.9973E-05 0.230539 0.388273 0.293594 9.9973E-05 9.9973E-05 0.0445488
9.9973E-05 0.0254899 0.923001 0.00800113 9.9973E-05 0.0349119 9.9973E-05 0.00829656
9.994E-05 9.994E-05 0.9993 9.994E-05 9.994E-05 9.994E-05 9.994E-05 9.994E-05
0.461198 9.9964E-05 0.26893 0.198485 9.9964E-05 0.0709876 9.9964E-05 9.9964E-05
9.9973E-05 9.9973E-05 0.800985 0.0756806 0.0272846 9.9973E-05 0.0840547 0.0116951
9.9973E-05 9.9973E-05 0.802975 0.0714754 0.025032 9.9973E-05 0.0694387 0.0307794
0.0143406 0.0126764 0.186215 0.152566 0.484414 9.9991E-05 0.0865965 0.0630917
0.0355001 0.0335968 9.9982E-05 0.00618268 9.9982E-05 0.911902 0.00864903 0.00396956
0.0322799 9.9964E-05 0.644562 0.217447 9.9964E-05 0.105311 9.9964E-05 9.9964E-05
0.0258918 0.403083 9.9982E-05 0.185078 9.9982E-05 0.0255872 0.0676689 0.292491
0.0638294 9.9964E-05 0.534501 0.327637 9.9964E-05 0.0736332 9.9964E-05 9.9964E-05
0.0229962 0.0125742 0.96393 9.9955E-05 9.9955E-05 9.9955E-05 9.9955E-05 9.9955E-05
0.805754 9.9964E-05 0.0319325 9.9964E-05 9.9964E-05 0.153446 0.00846704 9.9964E-05
0.58745 9.9973E-05 0.260989 0.0264622 0.00205342 0.122745 9.9973E-05 9.9973E-05
9.9964E-05 0.00781216 9.9964E-05 9.9964E-05 0.103067 0.867811 9.9964E-05 0.0209098
9.9946E-05 9.9946E-05 9.9946E-05 9.9946E-05 0.932089 0.0673118 9.9946E-05 9.9946E-05
0.928291 9.9955E-05 9.9955E-05 9.9955E-05 0.0206135 9.9955E-05 9.9955E-05 0.050596
0.119527 9.99549E-05 9.99549E-05 9.99549E-05 0.72094 0.159033 9.99549E-05 9.99549E-05
0.0497243 9.9955E-05 0.0339759 9.9955E-05 9.9955E-05 0.9158 9.9955E-05 9.9955E-05
0.0780938 9.9955E-05 0.0516142 9.9955E-05 9.9955E-05 0.869792 9.9955E-05 9.9955E-05
9.99519E-05 9.99519E-05 9.99519E-05 9.99519E-05 0.810349 0.189052 9.99519E-05 9.99519E-05
0.281513 9.9982E-05 0.0269226 0.0633139 0.432775 0.190476 0.00480004 9.9982E-05
9.9973E-05 0.00799538 0.00729633 9.9973E-05 0.0419699 0.928776 9.9973E-05 0.0136629
9.9982E-05 0.0229238 0.163289 0.168657 0.481816 9.9982E-05 0.0840985 0.0790155
0.0050515 9.9955E-05 9.9955E-05 9.9955E-05 9.9955E-05 0.0413614 9.9955E-05 0.953087
9.9973E-05 9.9973E-05 0.0280132 0.0201435 9.9973E-05 0.18691 0.0138557 0.750778
9.994E-05 0.9993 9.994E-05 9.994E-05 9.994E-05 9.994E-05 9.994E-05 9.994E-05
0.000210346 9.9991E-05 0.0599719 0.0219739 0.0525007 0.178883 0.0260914 0.660269
0.0708634 0.00766326 9.9964E-05 9.9964E-05 9.9964E-05 0.0657109 9.9964E-05 0.855363
0.0647209 9.9955E-05 9.9955E-05 9.9955E-05 9.9955E-05 0.586599 9.9955E-05 0.34818
0.0695813 0.0181831 9.9973E-05 0.000927805 9.9973E-05 0.0646489 9.9973E-05 0.846359
0.57225 0.0329736 0.0180091 0.00271201 0.108855 0.0120064 0.0027365 0.250457
9.9982E-05 0.00352471 9.9982E-05 0.00751706 0.026052 0.00587287 0.00857562 0.948258
0.0530816 0.0906164 9.9973E-05 9.9973E-05 0.711893 9.9973E-05 0.0278725 0.116237
0.171759 9.9973E-05 9.9973E-05 9.9973E-05 0.619159 0.118352 0.0352044 0.0552265
0.283411 0.00540558 0.0141879 9.9991E-05 0.342596 0.127583 0.0327933 0.193923
0.0660591 0.012121 0.0172518 9.9982E-05 0.000240125 0.0476194 9.9982E-05 0.856509
9.9955E-05 0.0162103 0.839183 0.144107 9.9955E-05 9.9955E-05 9.9955E-05 9.9955E-05
0.942045 9.9964E-05 0.00815825 9.9964E-05 0.023089 9.9964E-05 9.9964E-05 0.0263075
0.0118564 0.052846 9.9973E-05 9.9973E-05 0.735709 9.9973E-05 0.0809906 0.118298
0.921723 9.9964E-05 9.9964E-05 0.00167815 0.0568574 9.9964E-05 9.9964E-05 0.0193417
9.9955E-05 9.9955E-05 0.848148 0.101185 0.0501669 9.9955E-05 9.9955E-05 9.9955E-05
9.9964E-05 0.0161991 9.9964E-05 0.000275774 9.9964E-05 0.972681 0.0104438 9.9964E-05
9.9973E-05 0.955395 0.00328346 0.010997 9.9973E-05 0.018354 0.0116702 9.9973E-05
0.00277693 0.709383 9.9991E-05 0.134822 0.0519722 0.0372905 0.0117503 0.0519055
9.9964E-05 0.0211601 9.9964E-05 9.9964E-05 0.00121702 0.0336281 9.9964E-05 0.943595
0.555017 0.0378553 9.9964E-05 9.9964E-05 9.9964E-05 0.167627 9.9964E-05 0.239101
9.994E-05 9.994E-05 9.994E-05 9.994E-05 9.994E-05 0.9993 9.994E-05 9.994E-05
9.994E-05 9.994E-05 9.994E-05 9.994E-05 9.994E-05 0.9993 9.994E-05 9.994E-05
0.597982 9.9991E-05 0.0568489 0.098199 0.0352852 0.156897 0.0482646 0.00642338
0.576014 0.0197225 9.9973E-05 9.9973E-05 9.9973E-05 0.117851 0.00707957 0.279032
0.00982362 9.9964E-05 0.902669 0.011083 0.0760241 9.9964E-05 9.9964E-05 9.9964E-05
9.9955E-05 9.9955E-05 0.295409 9.9955E-05 0.584378 9.9955E-05 0.119713 9.9955E-05
0.0140745 9.9982E-05 0.536365 0.115132 0.0325358 0.00301367 0.298679 9.9982E-05
0.015668 0.114353 0.144786 0.153182 0.0902845 9.9991E-05 0.42105 0.0605767
0.0284415 0.0659238 0.114004 0.139945 0.150396 0.00036278 0.445456 0.0554707
9.9991E-05 0.00300709 0.296979 0.28048 0.0948808 0.0314742 0.274505 0.0185737
9.9955E-05 9.9955E-05 0.31909 9.9955E-05 0.585095 9.9955E-05 0.0953153 9.9955E-05
0.0370854 0.054092 0.181318 0.155582 0.0961911 0.00567514 0.421115 0.0489404
9.9973E-05 9.9973E-05 0.206865 0.401437 0.0974011 9.9973E-05 0.228492 0.0655054
0.0297495 0.0329098 0.0757319 9.9982E-05 0.661442 9.9982E-05 0.137333 0.0626341
9.9982E-05 9.9982E-05 0.348581 0.232199 0.123073 0.00160779 0.255308 0.0390307
9.9973E-05 0.0331111 0.0805028 9.9973E-05 0.649662 9.9973E-05 0.132597 0.103827
0.0779249 9.99549E-05 9.99549E-05 9.99549E-05 0.717199 0.204376 9.99549E-05 9.99549E-05
0.108022 0.0331359 9.9973E-05 0.257933 0.574426 9.9973E-05 0.0261838 9.9973E-05
0.0509929 0.0209549 0.289341 0.191095 0.251174 9.9982E-05 0.196243 9.9982E-05
0.0842772 0.0221187 0.24849 0.166233 0.270698 9.9991E-05 0.170223 0.0378603
9.9964E-05 0.00021141 0.279323 9.9964E-05 0.567844 9.9964E-05 0.152222 9.9964E-05
0.00705511 0.0306426 0.370725 0.215477 0.126853 9.9982E-05 0.249047 9.9982E-05
0.796655 9.9964E-05 9.9964E-05 0.0136983 0.0459601 9.9964E-05 9.9964E-05 0.143287
0.0132128 9.9964E-05 0.891915 0.0349008 0.0595721 9.9964E-05 9.9964E-05 9.9964E-05
0.0190509 0.0362405 0.15372 0.123497 0.175099 9.9991E-05 0.433078 0.0592149
9.99731E-05 0.0281222 0.360472 0.294422 0.154889 9.99731E-05 0.161795 9.99731E-05
9.9982E-05 0.0513612 0.202316 0.155966 0.149409 9.9982E-05 0.414491 0.0262567
0.0346357 0.0521596 0.191815 0.270795 0.0858448 9.9991E-05 0.359074 0.00557607
9.9982E-05 9.9982E-05 0.0292168 0.0352475 0.00798104 0.17692 0.0058464 0.744589
0.446315 0.035958 9.9991E-05 0.0231898 0.0762598 0.0398555 0.0331291 0.345193
9.9973E-05 0.00960511 0.778322 0.0961362 0.0418052 9.9973E-05 0.0738316 9.9973E-05
0.902633 9.99549E-05 9.99549E-05 9.99549E-05 0.07491 9.99549E-05 9.99549E-05 0.0219569
9.9973E-05 9.9973E-05 0.0427921 0.0328329 0.040922 0.171575 9.9973E-05 0.711578
9.9955E-05 9.9955E-05 9.9955E-05 0.00722133 0.878863 0.113416 9.9955E-05 9.9955E-05
9.994E-05 9.994E-05 0.9993 9.994E-05 9.994E-05 9.994E-05 9.994E-05 9.994E-05
9.9946E-05 0.00920196 0.990198 9.9946E-05 9.9946E-05 9.9946E-05 9.9946E-05 9.9946E-05
0.00435712 0.0388614 0.874778 0.0238683 9.9982E-05 0.0196524 0.0382829 9.9982E-05
9.9955E-05 9.9955E-05 0.970842 0.0228681 9.9955E-05 9.9955E-05 0.00579005 9.9955E-05
0.0588228 0.0107083 0.0243333 9.9982E-05 0.0636561 0.824923 9.9982E-05 0.017357
9.9973E-05 0.0389484 0.811718 0.0536825 9.9973E-05 0.0376221 9.9973E-05 0.0577286
9.9973E-05 9.9973E-05 0.0320188 0.0275969 9.9973E-05 0.193795 0.015749 0.730541
9.9955E-05 9.9955E-05 9.9955E-05 9.9955E-05 0.0508322 9.9955E-05 0.00947024 0.939198
0.009017 0.00348367 9.9973E-05 9.9973E-05 9.9973E-05 0.0507632 0.0241495 0.912287
9.9964E-05 0.019417 0.00194468 9.9964E-05 9.9964E-05 0.0361348 9.9964E-05 0.942104
0.0462383 0.0215896 9.9973E-05 9.9973E-05 9.9973E-05 0.0283435 0.0131526 0.890376
0.015705 0.0857368 0.0724482 0.0381376 0.144144 9.9991E-05 0.538183 0.105545
0.0158619 0.0901541 0.0980526 0.0196004 0.155205 0.0146494 0.530144 0.0763327
0.00347804 9.9973E-05 9.9973E-05 9.9973E-05 0.033873 0.0245699 0.924649 0.0131305
9.9964E-05 9.9964E-05 0.0943629 0.0381432 9.9964E-05 9.9964E-05 0.845818 0.0212756
0.00867296 0.0235584 9.9982E-05 0.0290395 9.9982E-05 0.00869228 0.917379 0.0124581
0.0413353 0.0490028 9.99762E-05 9.99762E-05 0.485713 0.159731 0.263918 9.99762E-05
0.0297666 0.00310959 9.9973E-05 9.9973E-05 0.0084733 9.9973E-05 0.937438 0.0209128
0.217466 0.030027 0.211261 0.0613175 0.0615243 0.131627 0.0870639 0.199714
9.994E-05 9.994E-05 9.994E-05 9.994E-05 9.994E-05 9.994E-05 0.9993 9.994E-05
9.9946E-05 9.9946E-05 9.9946E-05 0.00239971 9.9946E-05 9.9946E-05 0.997001 9.9946E-05
9.9964E-05 0.00658529 0.00241733 0.0324633 9.9964E-05 9.9964E-05 0.958134 9.9964E-05
0.0409152 9.9964E-05 0.00415291 0.719755 9.9964E-05 9.9964E-05 0.234777 9.9964E-05
9.994E-05 9.994E-05 9.994E-05 9.994E-05 9.994E-05 9.994E-05 0.9993 9.994E-05
0.0160471 0.0314371 9.9973E-05 0.12643 9.9973E-05 9.9973E-05 0.797395 0.0283916
0.850991 9.9955E-05 9.9955E-05 9.9955E-05 0.0586051 9.9955E-05 9.9955E-05 0.0899042
0.574457 0.0537228 0.000825919 9.9982E-05 0.0884718 9.9982E-05 0.0590757 0.223246
0.108127 0.00780274 9.9973E-05 9.9973E-05 0.148448 9.9973E-05 0.0320101 0.703312
0.0808423 0.0588568 9.9964E-05 9.9964E-05 9.9964E-05 0.00983646 9.9964E-05 0.850065
0.134527 9.9973E-05 9.9973E-05 9.9973E-05 0.700537 0.120726 0.0278905 0.0160193
0.0591802 0.0339147 0.00890347 9.9982E-05 0.075272 9.9982E-05 0.0317746 0.790755
0.939392 0.00778721 9.9973E-05 9.9973E-05 0.0250802 9.9973E-05 0.000181876 0.0272584
0.938316 9.9955E-05 9.9955E-05 9.9955E-05 0.000542638 9.9955E-05 9.9955E-05 0.0606415
0.0217559 9.99549E-05 9.99549E-05 9.99549E-05 0.818063 0.159682 9.99549E-05 9.99549E-05
0.0341847 0.054403 9.9973E-05 9.9973E-05 0.130101 9.9973E-05 0.0358934 0.745118
0.161948 0.0917541 0.0170452 0.0123517 0.191484 9.9991E-05 0.0339347 0.491383
0.0192125 0.0713484 9.99821E-05 9.99821E-05 0.72166 0.11324 0.0156736 0.0586654
0.0222217 0.00129209 9.99639E-05 9.99639E-05 0.782718 0.193369 9.99639E-05 9.99639E-05
0.100413 9.9973E-05 9.9973E-05 9.9973E-05 0.723033 0.107651 0.000221726 0.0683818
0.552265 9.9991E-05 0.0662348 0.0574164 0.0389823 0.0416974 0.0112934 0.232011
0.0571626 9.9955E-05 9.9955E-05 9.9955E-05 0.755532 0.186805 9.9955E-05 9.9955E-05
0.917927 9.9964E-05 9.9964E-05 9.9964E-05 0.0475353 9.9964E-05 0.0268878 0.00724973
9.9955E-05 9.9955E-05 9.9955E-05 0.00317738 0.868468 0.127855 9.9955E-05 9.9955E-05
9.9955E-05 0.00754094 9.9955E-05 9.9955E-05 0.890164 0.101795 9.9955E-05 9.9955E-05
9.9982E-05 0.0503932 0.244816 0.130495 0.371886 0.0467801 0.155429 9.9982E-05
9.99459E-05 9.99459E-05 9.99459E-05 9.99459E-05 0.776923 0.222477 9.99459E-05 9.99459E-05
9.99459E-05 9.99459E-05 9.99459E-05 9.99459E-05 0.790275 0.209126 9.99459E-05 9.99459E-05
9.9946E-05 9.9946E-05 9.9946E-05 9.9946E-05 0.761982 0.237418 9.9946E-05 9.9946E-05
0.0859275 0.0879852 0.00909281 9.9982E-05 0.578179 9.9982E-05 0.0801671 0.158448
0.762827 9.9973E-05 0.00570812 0.00915467 0.0853661 9.9973E-05 9.9973E-05 0.136644
0.88183 9.9982E-05 0.0218362 0.00355541 0.0900973 9.9982E-05 0.00178792 0.000692884
0.85059 9.9973E-05 0.0079502 9.9973E-05 0.130846 0.00582016 0.00449391 9.9973E-05
0.850945 0.0235934 9.9973E-05 9.9973E-05 0.0368001 9.9973E-05 0.00233378 0.0860278
0.0111185 9.9964E-05 0.887125 9.9964E-05 0.086584 9.9964E-05 9.9964E-05 0.0147729
0.0594029 9.9973E-05 0.231174 0.3758 0.301529 9.9973E-05 9.9973E-05 0.0317941
0.122444 0.00823109 0.00297893 0.0368536 0.0302945 0.055495 9.9991E-05 0.743603
0.449991 0.0583673 9.9982E-05 9.9982E-05 0.013266 0.175663 0.00141495 0.301098
0.0712284 0.0393372 9.9982E-05 0.196329 0.639801 0.0525118 9.9982E-05 0.000591902
0.0810433 0.0359296 0.0136773 0.218785 0.610628 0.0397375 9.9982E-05 9.9982E-05
9.9964E-05 9.9964E-05 0.0432452 9.9964E-05 0.018717 9.9964E-05 0.0258244 0.911814
9.9973E-05 9.9973E-05 0.0204757 0.0251839 0.00183039 0.203741 9.9973E-05 0.748469
0.260972 0.00994872 0.0476686 0.559136 9.9982E-05 0.0950965 0.0269785 9.9982E-05
0.340761 0.00321442 0.0922346 0.0145174 0.0719959 0.410963 0.0662134 9.9991E-05
0.122504 9.99641E-05 9.99641E-05 9.99641E-05 0.036652 0.0294096 9.99641E-05 0.811035
9.9973E-05 0.0915614 0.0370369 9.9973E-05 0.581022 9.9973E-05 0.042631 0.247448
0.0670552 0.0665469 9.9982E-05 0.211223 0.51291 0.100847 0.0412184 9.9982E-05
0.0714124 0.117624 0.0225951 9.9982E-05 0.577149 9.9982E-05 0.0847265 0.126292
0.0735282 0.10754 0.0367384 9.9982E-05 0.472195 9.9982E-05 0.066701 0.243098
0.000431086 0.0608179 9.9973E-05 0.005248 0.0237662 9.9973E-05 9.9973E-05 0.909437
9.9982E-05 0.00788069 0.0123738 0.0429963 0.00928967 9.9982E-05 0.00829532 0.918964
9.9964E-05 0.00237954 9.9964E-05 0.0319455 0.0288374 9.9964E-05 9.9964E-05 0.936438
0.0216983 0.00487542 0.00215986 9.9982E-05 9.9982E-05 0.0472266 0.0304821 0.893358
9.9964E-05 0.0185644 9.9964E-05 0.00793572 9.9964E-05 0.0465608 9.9964E-05 0.926539
0.0268316 9.9955E-05 9.9955E-05 9.9955E-05 9.9955E-05 0.0702251 9.9955E-05 0.902444
0.0273313 0.153173 0.0096144 0.0691271 0.222624 9.9991E-05 0.03148 0.48655
0.039116 0.10844 0.0675715 9.9982E-05 0.446263 9.9982E-05 0.123638 0.214771
9.9955E-05 9.9955E-05 9.9955E-05 0.0265291 9.9955E-05 0.0464416 9.9955E-05 0.92653
0.0109657 0.0789387 0.0483262 9.9991E-05 0.507833 0.0153682 0.101275 0.237193
0.0489236 0.0533026 0.00462126 0.000819949 0.677015 9.9991E-05 0.0891043 0.126113
9.994E-05 9.994E-05 9.994E-05 0.9993 9.994E-05 9.994E-05 9.994E-05 9.994E-05
9.9946E-05 9.9946E-05 9.9946E-05 0.978206 0.0211948 9.9946E-05 9.9946E-05 9.9946E-05
9.994E-05 9.994E-05 9.994E-05 0.9993 9.994E-05 9.994E-05 9.994E-05 9.994E-05
9.994E-05 9.994E-05 9.994E-05 0.9993 9.994E-05 9.994E-05 9.994E-05 9.994E-05
9.994E-05 9.994E-05 9.994E-05 0.9993 9.994E-05 9.994E-05 9.994E-05 9.994E-05
9.994E-05 9.994E-05 9.994E-05 0.9993 9.994E-05 9.994E-05 9.994E-05 9.994E-05
9.994E-05 9.994E-05 9.994E-05 0.9993 9.994E-05 9.994E-05 9.994E-05 9.994E-05
9.9955E-05 9.9955E-05 9.9955E-05 0.0176613 0.883506 0.0983324 9.9955E-05 9.9955E-05
9.99549E-05 0.0194161 9.99549E-05 9.99549E-05 0.615511 0.364573 9.99549E-05 9.99549E-05
9.9982E-05 0.00950731 0.173011 0.188133 0.525614 0.0037284 0.0998059 9.9982E-05
9.9982E-05 0.00124734 0.178001 0.181498 0.540395 0.0173389 0.081319 9.9982E-05
0.0360844 0.00818005 0.022509 0.0260779 9.9991E-05 0.0207914 0.0524432 0.833814
9.9991E-05 0.0377505 0.00282693 0.016662 0.114117 0.0114226 0.0435735 0.773548
0.000607523 9.9955E-05 9.9955E-05 0.00760844 9.9955E-05 9.9955E-05 9.9955E-05 0.991284
0.0170516 0.0238063 0.888438 0.0703042 9.9964E-05 9.9964E-05 9.9964E-05 9.9964E-05
9.9946E-05 9.9946E-05 0.688725 0.310676 9.9946E-05 9.9946E-05 9.9946E-05 9.9946E-05
9.9964E-05 0.0202583 0.911373 0.066197 9.9964E-05 9.9964E-05 9.9964E-05 0.00177227
9.9946E-05 9.9946E-05 0.655071 0.344329 9.9946E-05 9.9946E-05 9.9946E-05 9.9946E-05
0.0533226 9.9973E-05 0.389094 0.116115 9.9973E-05 0.404113 9.9973E-05 0.0370563
0.0224248 9.9982E-05 0.297656 0.275943 9.9982E-05 0.18873 0.182733 0.032313
0.0255961 9.9973E-05 0.102739 0.800408 9.9973E-05 0.0347636 0.0361933 9.9973E-05
9.9946E-05 9.9946E-05 0.639873 0.359527 9.9946E-05 9.9946E-05 9.9946E-05 9.9946E-05
9.9946E-05 9.9946E-05 0.657198 0.342202 9.9946E-05 9.9946E-05 9.9946E-05 9.9946E-05
9.994E-05 9.994E-05 0.9993 9.994E-05 9.994E-05 9.994E-05 9.994E-05 9.994E-05
9.9964E-05 9.9964E-05 0.734914 0.219549 9.9964E-05 9.9964E-05 0.044084 0.00105355
0.287882 0.122635 0.032486 0.0727346 0.0880498 0.10165 0.144541 0.150022
9.9955E-05 0.024904 9.9955E-05 9.9955E-05 9.9955E-05 0.00868325 9.9955E-05 0.965913
9.9973E-05 0.000148224 0.00113411 0.0257503 0.873622 0.0990455 9.9973E-05 9.9973E-05
0.190896 0.0408308 0.0337836 9.9991E-05 0.0675655 0.0293442 0.0157504 0.621729
0.125303 9.9973E-05 9.9973E-05 0.00243995 0.739653 0.123501 9.9973E-05 0.00880335
0.0150172 9.9982E-05 0.879869 0.009839 0.0731381 9.9982E-05 0.0109924 0.0109443
9.9991E-05 0.00579253 0.0446318 0.854124 0.00638519 0.0260171 0.0624064 0.000542607
9.9982E-05 0.0134339 0.589293 0.217313 0.081222 9.9982E-05 0.0682522 0.0302855
0.00624574 0.0834639 0.0455621 9.9982E-05 0.594389 9.9982E-05 0.0416669 0.228473
0.0312979 0.121268 0.0816287 0.00351349 0.498125 0.0669293 0.108996 0.0882419
0.340491 0.0302296 9.9991E-05 0.0173483 0.0206019 0.0635634 0.0260742 0.501591
9.99459E-05 9.99459E-05 9.99459E-05 9.99459E-05 0.195439 0.803961 9.99459E-05 9.99459E-05
0.00766998 0.0657134 0.104782 0.073759 9.9982E-05 9.9982E-05 0.694791 0.0530844
9.9982E-05 0.0143317 0.0763217 0.0402431 9.9982E-05 0.0175805 0.814819 0.036504
9.9964E-05 0.0101001 9.9964E-05 0.00644161 0.0380306 9.9964E-05 0.945028 9.9964E-05
9.9964E-05 9.9964E-05 0.0361602 0.0282976 9.9964E-05 0.0117736 0.923369 9.9964E-05
9.9946E-05 9.9946E-05 9.9946E-05 0.0776259 9.9946E-05 9.9946E-05 0.921774 9.9946E-05
9.9973E-05 0.0301287 0.0189694 0.14087 9.9973E-05 9.9973E-05 0.791316 0.0184159
9.9973E-05 0.0266759 0.00117526 0.0189592 0.864307 0.0885832 9.9973E-05 9.9973E-05
9.9982E-05 0.0843745 0.273344 0.382916 0.0655221 9.9982E-05 0.129995 0.0636488
9.9982E-05 9.9982E-05 0.773125 0.120022 0.00864879 0.0291372 0.0364791 0.0323887
9.9946E-05 9.9946E-05 0.989587 9.9946E-05 9.9946E-05 0.00981344 9.9946E-05 9.9946E-05
9.9973E-05 0.00735152 0.955256 0.019843 0.0115524 9.9973E-05 0.00569701 9.9973E-05
9.9964E-05 0.0164737 0.705652 0.269307 9.9964E-05 9.9964E-05 9.9964E-05 0.00816775
9.9955E-05 9.9955E-05 0.000746111 0.0181343 9.9955E-05 9.9955E-05 0.98062 9.9955E-05
9.9964E-05 0.00948698 9.9964E-05 0.0209652 9.9964E-05 9.9964E-05 0.964186 0.00496183
9.9964E-05 9.9964E-05 0.0362056 0.657451 9.9964E-05 9.9964E-05 0.275027 0.0309167
0.0146022 0.0146107 9.9964E-05 0.688125 9.9964E-05 9.9964E-05 0.282263 9.9964E-05
9.9955E-05 9.9955E-05 0.0173508 0.0624294 9.9955E-05 9.9955E-05 0.91972 9.9955E-05
0.00761462 9.9973E-05 0.00226214 0.815931 9.9973E-05 9.9973E-05 0.150008 0.0238847
0.0181973 9.9982E-05 0.0468313 0.485445 9.9982E-05 0.0456713 0.0721099 0.331545
0.0869105 0.0126497 9.9991E-05 0.0144479 0.0414918 0.042398 0.00742509 0.794577
0.138407 9.9973E-05 9.9973E-05 0.0256771 9.9973E-05 0.0818876 0.0146817 0.739047
0.0837558 0.0253526 9.9973E-05 0.0159899 9.9973E-05 0.028703 9.9973E-05 0.845899
0.0210386 0.0132696 9.9973E-05 0.00344928 9.9973E-05 0.0493596 9.9973E-05 0.912583
0.00478611 9.99549E-05 9.99549E-05 9.99549E-05 9.99549E-05 0.00849677 0.986217 9.99549E-05
9.994E-05 9.994E-05 9.994E-05 9.994E-05 9.994E-05 9.994E-05 0.9993 9.994E-05
9.9964E-05 0.00462291 9.9964E-05 0.685908 9.9964E-05 9.9964E-05 0.286184 0.0228852
9.9946E-05 9.9946E-05 9.9946E-05 0.487353 9.9946E-05 9.9946E-05 0.512047 9.9946E-05
9.9946E-05 9.9946E-05 9.9946E-05 9.9946E-05 9.9946E-05 0.0247291 0.974671 9.9946E-05
9.9955E-05 9.9955E-05 0.0199561 9.9955E-05 0.0687021 9.9955E-05 0.910842 9.9955E-05
9.9946E-05 9.9946E-05 9.9946E-05 0.0219365 9.9946E-05 9.9946E-05 0.977464 9.9946E-05
9.9964E-05 0.00300102 9.9964E-05 0.788937 0.00149733 9.9964E-05 0.206165 9.9964E-05
0.0128408 9.9973E-05 0.0132412 9.9973E-05 9.9973E-05 0.895431 0.00036533 0.0778215
0.195679 0.0243737 9.9973E-05 0.0332017 0.0170187 0.729427 9.9973E-05 9.9973E-05
0.0371926 0.0244921 9.99731E-05 9.99731E-05 9.99731E-05 0.918031 0.0130577 0.00692687
9.9982E-05 0.0106997 9.9982E-05 0.0243316 0.0237668 0.856831 0.0411204 0.04305
0.0082549 9.9991E-05 0.315302 0.150876 0.132398 0.00491648 0.367214 0.0209384
9.9973E-05 9.9973E-05 0.386385 0.184968 0.0731311 9.9973E-05 0.330155 0.0250611
0.00638945 9.9973E-05 0.500342 0.178544 9.9973E-05 0.0543912 0.260034 9.9973E-05
0.0325722 9.9982E-05 0.533072 0.107863 0.0282862 0.028382 0.269624 9.9982E-05
0.0268484 0.0914383 0.0773544 0.0409252 0.165478 0.0104413 0.49458 0.0929346
9.9982E-05 0.0254345 0.42896 0.13406 0.387398 0.00165509 0.0222923 9.9982E-05
9.99459E-05 9.99459E-05 9.99459E-05 9.99459E-05 9.99459E-05 0.021851 0.977549 9.99459E-05
0.0155624 9.9955E-05 9.9955E-05 0.913403 9.9955E-05 9.9955E-05 0.0705353 9.9955E-05
9.9964E-05 0.0184473 9.9964E-05 0.830216 9.9964E-05 0.0402712 0.110666 9.9964E-05
0.0496904 0.00713141 0.0266871 0.0193476 0.469064 9.99822E-05 9.99822E-05 0.42788
0.00753466 0.0640808 0.0737938 0.0354343 0.660862 0.123352 0.011516 0.0234265
0.0920676 0.00183205 9.9964E-05 9.9964E-05 0.0433345 9.9964E-05 9.9964E-05 0.862366
0.890358 0.0159674 0.0265783 0.0130375 9.9973E-05 9.9973E-05 9.9973E-05 0.0537594
0.654057 0.0530561 9.9973E-05 0.034663 9.9973E-05 0.0285695 9.9973E-05 0.229354
0.450251 0.0131411 0.00697568 0.000647454 9.9991E-05 0.0439027 0.0480208 0.436961
0.017189 0.0211688 0.0227411 9.9991E-05 0.217343 0.338695 0.0347324 0.348031
0.106093 9.9946E-05 9.9946E-05 9.9946E-05 9.9946E-05 9.9946E-05 9.9946E-05 0.893308
0.0411364 9.9973E-05 0.00604955 9.9973E-05 0.0181754 9.9973E-05 0.0172294 0.917109
0.0415551 0.000364496 0.0014708 9.9982E-05 0.0442133 9.9982E-05 0.0521208 0.860076
0.0787294 0.0164597 9.9973E-05 9.9973E-05 0.00750321 9.9973E-05 0.00817985 0.888828
0.0478328 0.0503079 0.0639381 0.0944848 0.220748 9.9991E-05 0.409629 0.112959
0.00321891 0.0134145 0.0487177 0.0819478 0.146341 0.0344656 0.252894 0.419
9.99821E-05 0.00649671 0.194414 0.158948 0.15279 9.99821E-05 0.22734 0.259812
9.9982E-05 0.0290964 0.150865 0.143629 0.200392 9.9982E-05 0.417608 0.0582102
0.0646571 0.0464726 0.0404534 0.0675074 0.0522916 0.189499 0.00356729 0.535551
0.00334679 0.016988 9.9982E-05 0.0116609 0.0304138 0.022238 9.9982E-05 0.915153
9.9964E-05 9.9964E-05 0.0498176 0.890672 0.0314689 9.9964E-05 0.0276415 9.9964E-05
0.0870359 0.0770537 9.9973E-05 9.9973E-05 0.0928128 9.9973E-05 0.0457342 0.697064
0.84877 9.9982E-05 9.9982E-05 0.00561744 0.00203544 0.000581781 0.023049 0.119746
0.901814 0.0190123 9.99551E-05 9.99551E-05 9.99551E-05 0.0786742 9.99551E-05 9.99551E-05
0.0611252 9.9946E-05 9.9946E-05 9.9946E-05 9.9946E-05 9.9946E-05 9.9946E-05 0.938275
9.9982E-05 0.472728 0.00360902 0.0226726 0.210217 9.9982E-05 0.144418 0.146156
0.354344 9.9973E-05 9.9973E-05 0.035664 0.0837866 0.0536488 9.9973E-05 0.472257
0.929607 9.9955E-05 9.9955E-05 9.9955E-05 0.02477 9.9955E-05 9.9955E-05 0.0451231
0.149242 0.000187982 9.9973E-05 9.9973E-05 0.171475 9.9973E-05 0.0407362 0.638059
0.0357412 0.461657 0.0120286 0.0497307 0.213683 0.0509012 0.0683307 0.107928
9.9946E-05 0.990173 9.9946E-05 9.9946E-05 9.9946E-05 9.9946E-05 9.9946E-05 0.00922714
9.9973E-05 9.9973E-05 0.758305 0.100251 0.0418622 9.9973E-05 0.0623142 0.0369673
0.625983 0.0204749 0.0564491 0.0486503 0.0227837 0.153809 0.00681287 0.0650372
0.0864454 0.0469978 9.9991E-05 0.269022 0.572407 0.000737504 0.0162549 0.00803534
9.9982E-05 0.0271814 9.9982E-05 0.029003 0.814032 0.0636855 0.0430038 0.022894
9.9964E-05 9.9964E-05 9.9964E-05 0.0523546 0.752033 0.137338 9.9964E-05 0.0578744
