9.99369E-05 0.778104 9.99369E-05 0.0448274 9.99369E-05 9.99369E-05 9.99369E-05 0.176369 9.99369E-05 9.99369E-05
0.0107762 0.789896 9.99369E-05 9.99369E-05 9.99369E-05 9.99369E-05 9.99369E-05 9.99369E-05 9.99369E-05 0.198628
0.0481331 0.607434 0.0564487 9.9964E-05 0.0156688 0.0369069 9.9964E-05 9.9964E-05 9.9964E-05 0.235009
9.99369E-05 0.827091 9.99369E-05 0.0190098 9.99369E-05 9.99369E-05 9.99369E-05 0.1532 9.99369E-05 9.99369E-05
0.0149996 9.9964E-05 9.9964E-05 9.9964E-05 0.0345052 0.0632615 0.00753193 9.9964E-05 0.00455444 0.874747
0.0722763 0.759063 9.99369E-05 9.99369E-05 9.99369E-05 9.99369E-05 9.99369E-05 9.99369E-05 9.99369E-05 0.167961
9.99371E-05 9.99371E-05 9.99371E-05 0.471956 0.514309 9.99371E-05 0.0130361 9.99371E-05 9.99371E-05 9.99371E-05
0.0121506 0.0111793 9.9955E-05 0.0126866 0.962546 9.9955E-05 9.9955E-05 0.000937839 9.9955E-05 9.9955E-05
0.0219634 9.9946E-05 9.9946E-05 9.9946E-05 0.968406 9.9946E-05 0.00331165 9.9946E-05 9.9946E-05 0.00571951
0.00387349 9.99281E-05 9.99281E-05 9.99281E-05 0.995327 9.99281E-05 9.99281E-05 9.99281E-05 9.99281E-05 9.99281E-05
0.0202078 0.0101579 0.800601 0.120753 0.00179333 0.0175542 9.9991E-05 0.00136547 0.0031318 0.0243354
9.9955E-05 9.9955E-05 0.922871 0.0125791 0.00997886 0.0133136 9.9955E-05 0.0407579 9.9955E-05 9.9955E-05
9.9955E-05 0.013724 0.887588 0.0901063 0.00442061 9.9955E-05 9.9955E-05 0.00366114 9.9955E-05 9.9955E-05
9.99371E-05 9.99371E-05 0.92478 0.0628849 9.99371E-05 0.0116358 9.99371E-05 9.99371E-05 9.99371E-05 9.99371E-05
9.9973E-05 0.0380698 9.9973E-05 0.0276105 0.0192524 0.00989911 0.803526 0.0714681 0.0298739 9.9973E-05
9.9946E-05 9.9946E-05 9.9946E-05 0.00355044 0.989733 0.00423927 0.00187735 9.9946E-05 9.9946E-05 9.9946E-05
9.9937E-05 9.9937E-05 9.9937E-05 0.894232 0.00976078 9.9937E-05 9.9937E-05 0.0953079 9.9937E-05 9.9937E-05
9.99551E-05 0.0208327 0.0755199 9.99551E-05 0.00847573 9.99551E-05 0.884648 0.0100233 9.99551E-05 9.99551E-05
9.9982E-05 0.00975091 0.185642 0.00725463 0.0157519 0.0588084 0.572892 0.1056 0.0441002 9.9982E-05
9.9946E-05 9.9946E-05 0.583387 9.9946E-05 0.0260586 9.9946E-05 0.366366 9.9946E-05 0.0235886 9.9946E-05
9.9955E-05 9.9955E-05 0.0590037 9.9955E-05 0.0168245 0.0823103 0.788177 0.0531852 9.9955E-05 9.9955E-05
0.0119254 9.9946E-05 0.913395 9.9946E-05 0.0196469 9.9946E-05 0.0544331 9.9946E-05 9.9946E-05 9.9946E-05
9.9955E-05 0.045589 0.0630491 0.00427679 0.000679342 9.9955E-05 0.885906 9.9955E-05 9.9955E-05 9.9955E-05
0.0221355 9.9964E-05 0.797077 9.9964E-05 0.0240602 9.9964E-05 0.112568 0.0416243 0.00213507 9.9964E-05
9.9946E-05 0.0287309 0.920455 9.9946E-05 9.9946E-05 9.9946E-05 0.0422104 0.00800376 9.9946E-05 9.9946E-05
9.9964E-05 0.0239574 0.0107295 0.0228531 9.9964E-05 0.0113735 0.92317 0.00751692 9.9964E-05 9.9964E-05
9.9955E-05 9.9955E-05 0.0986711 9.9955E-05 0.00515228 0.00897492 0.867024 0.0196775 9.9955E-05 9.9955E-05
0.0145485 0.0385885 0.303136 0.00285116 9.9973E-05 0.0296867 0.57887 9.9973E-05 0.0320187 9.9973E-05
9.9946E-05 9.9946E-05 0.0258406 9.9946E-05 0.0215612 9.9946E-05 0.91339 9.9946E-05 0.0386084 9.9946E-05
9.9955E-05 0.0163915 0.0473495 9.9955E-05 9.9955E-05 9.9955E-05 0.928177 0.00165418 0.00592784 9.9955E-05
9.9964E-05 9.9964E-05 0.922465 9.9964E-05 0.00182785 0.0154465 0.0431313 0.00724087 0.0094888 9.9964E-05
9.99281E-05 9.99281E-05 0.800947 0.198253 9.99281E-05 9.99281E-05 9.99281E-05 9.99281E-05 9.99281E-05 9.99281E-05
9.99461E-05 0.0646332 0.0747391 9.99461E-05 9.99461E-05 9.99461E-05 0.857846 9.99461E-05 0.00218216 9.99461E-05
9.9964E-05 9.9964E-05 0.784099 0.00249724 0.0182644 0.0345096 0.156087 0.00414314 9.9964E-05 9.9964E-05
9.9946E-05 9.9946E-05 0.0537932 9.9946E-05 9.9946E-05 9.9946E-05 0.9116 0.0169561 9.9946E-05 0.0170508
9.9937E-05 9.9937E-05 0.96806 9.9937E-05 9.9937E-05 9.9937E-05 0.0308057 9.9937E-05 9.9937E-05 0.000435178
0.000261229 9.9946E-05 0.0925256 9.9946E-05 9.9946E-05 9.9946E-05 0.884489 9.9946E-05 9.9946E-05 0.0221247
9.99532E-05 9.99532E-05 0.926089 9.99532E-05 9.99532E-05 9.99532E-05 0.0264361 0.0175714 0.0293038 9.99532E-05
0.108674 9.9955E-05 9.9955E-05 9.9955E-05 9.9955E-05 0.0985188 9.9955E-05 0.605912 0.0846464 0.101749
0.348322 0.00385854 9.9937E-05 9.9937E-05 9.9937E-05 9.9937E-05 9.9937E-05 9.9937E-05 9.9937E-05 0.647119
9.99371E-05 9.99371E-05 0.74147 0.151343 9.99371E-05 9.99371E-05 9.99371E-05 9.99371E-05 9.99371E-05 0.106487
9.99371E-05 9.99371E-05 0.0480642 0.018773 9.99371E-05 9.99371E-05 0.932463 9.99371E-05 9.99371E-05 9.99371E-05
9.99461E-05 9.99461E-05 0.928267 9.99461E-05 9.99461E-05 9.99461E-05 0.0296097 0.0150888 0.0264348 9.99461E-05
0.552228 0.0513985 0.0323559 0.291637 9.9964E-05 9.9964E-05 9.9964E-05 0.0202254 0.0517549 9.9964E-05
9.9964E-05 9.9964E-05 0.234873 9.9964E-05 0.0525528 0.0318424 0.520977 0.136176 0.0231793 9.9964E-05
9.9964E-05 0.0155796 0.430215 0.136389 0.0119646 0.0431817 0.36227 9.9964E-05 9.9964E-05 9.9964E-05
9.9973E-05 9.9973E-05 0.036233 9.9973E-05 0.0266881 0.0165394 0.830942 0.0566769 0.0110275 0.0215937
0.0974965 0.681952 9.99369E-05 9.99369E-05 9.99369E-05 9.99369E-05 9.99369E-05 9.99369E-05 9.99369E-05 0.219852
0.270484 0.0453756 0.00205153 9.9973E-05 9.9973E-05 0.0803559 9.9973E-05 0.0297495 0.468595 0.103089
9.9955E-05 9.9955E-05 9.9955E-05 0.209474 0.00640012 0.00432651 9.9955E-05 0.776503 0.0027973 9.9955E-05
9.9946E-05 0.0455869 0.15015 0.0208111 9.9946E-05 9.9946E-05 9.9946E-05 0.782852 9.9946E-05 9.9946E-05
9.99639E-05 0.0786873 0.16354 0.0578478 9.99639E-05 0.0233175 0.00145805 0.674749 9.99639E-05 9.99639E-05
9.99459E-05 0.0300475 0.0202383 0.0676642 9.99459E-05 9.99459E-05 9.99459E-05 0.88145 9.99459E-05 9.99459E-05
0.00146431 0.014785 0.0178991 0.00452339 0.931964 9.9973E-05 0.00697297 9.9973E-05 9.9973E-05 0.0220915
9.9946E-05 9.9946E-05 0.0313691 9.9946E-05 0.949797 9.9946E-05 9.9946E-05 0.00805043 0.0101836 9.9946E-05
9.99551E-05 0.000593802 0.541361 0.429403 0.0235339 9.99551E-05 0.00460804 9.99551E-05 9.99551E-05 9.99551E-05
9.9955E-05 9.9955E-05 0.951378 9.9955E-05 9.9955E-05 0.00417596 0.0204539 0.0171243 9.9955E-05 0.00636775
9.99639E-05 0.0111056 0.0496645 9.99639E-05 0.00617814 0.768312 0.145114 0.0192264 9.99639E-05 9.99639E-05
9.9937E-05 0.0753008 9.9937E-05 9.9937E-05 9.9937E-05 0.1137 9.9937E-05 9.9937E-05 9.9937E-05 0.810299
0.184815 9.99549E-05 9.99549E-05 9.99549E-05 9.99549E-05 0.267664 0.0124226 9.99549E-05 0.181322 0.353277
0.0140193 9.9946E-05 9.9946E-05 0.948 9.9946E-05 0.0115175 9.9946E-05 0.0258633 9.9946E-05 9.9946E-05
9.9955E-05 9.9955E-05 0.00139117 0.66463 9.9955E-05 9.9955E-05 0.0305881 0.270957 9.9955E-05 0.0319331
0.00699226 0.0383438 0.0412778 0.667603 0.0130781 9.9973E-05 9.9973E-05 0.188104 0.0443016 9.9973E-05
9.9946E-05 9.9946E-05 0.00715107 9.9946E-05 0.974928 0.00875005 9.9946E-05 0.0085711 9.9946E-05 9.9946E-05
0.0870439 0.00154957 9.9946E-05 9.9946E-05 9.9946E-05 0.162698 9.9946E-05 9.9946E-05 9.9946E-05 0.748108
9.9937E-05 9.9937E-05 9.9937E-05 0.97733 9.9937E-05 9.9937E-05 0.0193147 9.9937E-05 0.00265541 9.9937E-05
0.0713889 9.9964E-05 9.9964E-05 9.9964E-05 0.00949473 0.136648 9.9964E-05 0.735363 0.0220799 0.0246264
9.9937E-05 9.9937E-05 0.909263 0.0365194 9.9937E-05 9.9937E-05 0.0535178 9.9937E-05 9.9937E-05 9.9937E-05
9.99281E-05 9.99281E-05 0.940851 0.05835 9.99281E-05 9.99281E-05 9.99281E-05 9.99281E-05 9.99281E-05 9.99281E-05
9.9982E-05 0.0109491 9.9982E-05 0.00520658 0.758315 0.0132482 0.0358404 0.10354 0.0322816 0.0404185
9.9964E-05 9.9964E-05 0.0237119 9.9964E-05 0.805883 9.9964E-05 0.0381603 0.0987248 0.0162802 0.0168401
9.9973E-05 0.0126434 0.042968 0.0153658 0.868659 9.9973E-05 0.034276 0.0179439 9.9973E-05 0.00784372
9.9955E-05 9.9955E-05 9.9955E-05 0.00228764 0.962496 0.00532669 9.9955E-05 0.00229025 9.9955E-05 0.0270996
9.9946E-05 9.9946E-05 0.000424257 9.9946E-05 0.965805 9.9946E-05 0.0127552 0.0204161 9.9946E-05 9.9946E-05
9.9955E-05 9.9955E-05 0.0219112 0.00567829 0.957744 9.9955E-05 9.9955E-05 0.00531245 9.9955E-05 0.00885482
9.9946E-05 0.00192827 9.9946E-05 9.9946E-05 0.982782 9.9946E-05 0.0105682 0.00412138 9.9946E-05 9.9946E-05
9.9955E-05 9.9955E-05 0.00683448 9.9955E-05 0.952578 9.9955E-05 0.0230857 9.9955E-05 0.00571212 0.0112905
0.015589 9.9937E-05 9.9937E-05 9.9937E-05 0.977994 9.9937E-05 9.9937E-05 0.00571777 9.9937E-05 9.9937E-05
0.00104619 9.9937E-05 9.9937E-05 9.9937E-05 0.995002 0.00325212 9.9937E-05 9.9937E-05 9.9937E-05 9.9937E-05
9.9946E-05 9.9946E-05 0.010619 0.0102227 0.937657 0.040902 9.9946E-05 9.9946E-05 9.9946E-05 9.9946E-05
9.9973E-05 9.9973E-05 0.0111489 0.00564832 0.91392 0.0228266 0.0121346 0.0188528 0.015169 9.9973E-05
9.9964E-05 9.9964E-05 9.9964E-05 0.00648611 0.94262 0.0134709 0.00780973 0.0256905 9.9964E-05 0.00352255
9.99551E-05 0.00319606 0.0397464 9.99551E-05 0.545964 9.99551E-05 0.407182 9.99551E-05 0.00341176 9.99551E-05
9.99281E-05 9.99281E-05 9.99281E-05 9.99281E-05 0.563773 9.99281E-05 0.435427 9.99281E-05 9.99281E-05 9.99281E-05
9.9937E-05 0.00340643 0.00257055 9.9937E-05 0.993323 9.9937E-05 9.9937E-05 9.9937E-05 9.9937E-05 9.9937E-05
9.99371E-05 0.007064 9.99371E-05 9.99371E-05 0.956355 9.99371E-05 9.99371E-05 0.0358814 9.99371E-05 9.99371E-05
0.00273158 0.0203738 9.9973E-05 0.00660488 0.92886 0.00159472 9.9973E-05 0.030073 9.9973E-05 0.00946219
9.9964E-05 0.0129097 9.9964E-05 9.9964E-05 0.918041 9.9964E-05 0.030505 0.000540936 0.0208674 0.016736
9.99201E-05 9.99201E-05 9.99201E-05 9.99201E-05 0.999101 9.99201E-05 9.99201E-05 9.99201E-05 9.99201E-05 9.99201E-05
9.99281E-05 9.99281E-05 9.99281E-05 9.99281E-05 0.546664 9.99281E-05 0.452537 9.99281E-05 9.99281E-05 9.99281E-05
9.9964E-05 9.9964E-05 0.0390656 0.00171882 0.861741 9.9964E-05 0.039712 9.9964E-05 0.045411 0.0119516
0.015635 9.9955E-05 0.0131036 0.0289837 0.936222 0.00555633 9.9955E-05 9.9955E-05 9.9955E-05 9.9955E-05
9.9946E-05 0.0037967 9.9946E-05 0.00818478 0.96185 9.9946E-05 9.9946E-05 0.0255685 9.9946E-05 9.9946E-05
0.0283478 9.9955E-05 9.9955E-05 9.9955E-05 0.938521 9.9955E-05 9.9955E-05 0.0178246 0.0016683 0.0131384
9.9973E-05 9.9973E-05 0.0201054 0.00197208 0.860372 9.9973E-05 0.0246486 0.0554435 0.00508857 0.0320696
9.9946E-05 0.0101496 9.9946E-05 9.9946E-05 0.937511 9.9946E-05 9.9946E-05 0.0422582 0.00948168 9.9946E-05
9.9955E-05 0.262278 9.9955E-05 0.137515 9.9955E-05 9.9955E-05 0.551531 9.9955E-05 0.0105147 0.0376624
0.00104839 0.0588766 9.9955E-05 9.9955E-05 0.923418 0.0102418 9.9955E-05 9.9955E-05 0.00591579 9.9955E-05
9.9937E-05 0.0206347 9.9937E-05 9.9937E-05 0.959074 9.9937E-05 0.0195917 9.9937E-05 9.9937E-05 9.9937E-05
0.0900736 0.00196173 0.00202626 0.0310649 0.712398 0.0173208 0.0665184 0.0309292 0.0386404 0.00906649
9.9946E-05 0.0165988 9.9946E-05 0.00511974 0.977121 0.000560681 9.9946E-05 9.9946E-05 9.9946E-05 9.9946E-05
9.9946E-05 9.9946E-05 0.0264677 0.00496467 0.967668 9.9946E-05 0.000300015 9.9946E-05 9.9946E-05 9.9946E-05
0.0136389 9.99461E-05 0.00236739 9.99461E-05 0.967724 9.99461E-05 9.99461E-05 0.0156699 9.99461E-05 9.99461E-05
9.9982E-05 9.9982E-05 0.000926299 0.00162116 0.963579 0.0132822 0.00818308 0.00335141 0.00837904 0.000478032
0.0221072 9.9964E-05 0.0124762 0.0224392 0.0284715 9.9964E-05 0.902346 9.9964E-05 0.0117601 9.9964E-05
9.99201E-05 9.99201E-05 9.99201E-05 9.99201E-05 0.999101 9.99201E-05 9.99201E-05 9.99201E-05 9.99201E-05 9.99201E-05
9.9937E-05 9.9937E-05 9.9937E-05 9.9937E-05 0.941331 9.9937E-05 9.9937E-05 0.0446832 0.0132866 9.9937E-05
9.99201E-05 9.99201E-05 9.99201E-05 9.99201E-05 0.999101 9.99201E-05 9.99201E-05 9.99201E-05 9.99201E-05 9.99201E-05
0.00508933 0.0524976 0.225468 0.119166 0.0114079 9.9964E-05 0.585971 9.9964E-05 9.9964E-05 9.9964E-05
9.99551E-05 9.99551E-05 9.99551E-05 0.00101999 0.921097 9.99551E-05 0.0120373 9.99551E-05 0.0318687 0.0334769
9.9937E-05 0.026992 0.035068 9.9937E-05 0.93724 9.9937E-05 9.9937E-05 9.9937E-05 9.9937E-05 9.9937E-05
0.00936603 0.0245596 9.9946E-05 9.9946E-05 0.952889 9.9946E-05 9.9946E-05 0.0125858 9.9946E-05 9.9946E-05
9.9937E-05 0.0135172 0.00207005 9.9937E-05 0.983713 9.9937E-05 9.9937E-05 9.9937E-05 9.9937E-05 9.9937E-05
9.9964E-05 9.9964E-05 0.241008 0.00116221 0.0317639 0.00708499 0.644641 0.0739405 9.9964E-05 9.9964E-05
9.99281E-05 9.99281E-05 9.99281E-05 9.99281E-05 0.990428 9.99281E-05 9.99281E-05 9.99281E-05 9.99281E-05 0.00877234
0.000362678 0.0708431 9.9964E-05 9.9964E-05 0.905228 9.9964E-05 9.9964E-05 0.00917747 0.0116781 0.00231044
9.99371E-05 9.99371E-05 0.00544998 9.99371E-05 0.521281 9.99371E-05 0.47257 9.99371E-05 9.99371E-05 9.99371E-05
9.99371E-05 9.99371E-05 0.0035272 0.0138619 0.981911 9.99371E-05 9.99371E-05 9.99371E-05 9.99371E-05 9.99371E-05
9.9964E-05 0.0172991 0.724003 0.0229291 0.0282679 0.0223658 0.184735 9.9964E-05 9.9964E-05 9.9964E-05
9.9955E-05 9.9955E-05 0.675302 9.9955E-05 0.00039671 0.0292469 0.273848 9.9955E-05 9.9955E-05 0.0207065
0.0457324 0.0137548 0.86272 9.9964E-05 0.014446 9.9964E-05 0.0537612 9.9964E-05 9.9964E-05 0.00918547
9.9955E-05 9.9955E-05 0.0103185 0.0542379 0.0447137 9.9955E-05 0.873062 9.9955E-05 9.9955E-05 0.0171682
9.9973E-05 0.026684 0.0138376 0.755406 0.0433565 0.0239472 9.9973E-05 0.0967946 0.0396746 9.9973E-05
0.0325333 0.000139807 0.824633 9.9964E-05 0.0492579 9.9964E-05 0.0730185 9.9964E-05 0.0200173 9.9964E-05
0.0130803 0.0427885 0.325306 0.358269 9.9982E-05 0.0537462 0.191283 9.9982E-05 0.0150009 0.00032543
9.9955E-05 9.9955E-05 0.77589 9.9955E-05 0.0289141 0.0157379 0.160303 9.9955E-05 9.9955E-05 0.0186554
9.9973E-05 0.00743813 0.629638 0.0272123 9.9973E-05 0.0114439 0.265955 9.9973E-05 0.0487914 0.00922169
9.9973E-05 9.9973E-05 0.703591 9.9973E-05 0.0145164 0.0531179 0.211587 0.010812 0.00373918 0.0023359
0.00888761 0.0244217 0.561127 0.0119448 9.9982E-05 0.0572877 0.265624 9.9982E-05 0.0577347 0.0127731
9.9964E-05 9.9964E-05 0.57645 9.9964E-05 0.00720573 0.0176116 0.322688 9.9964E-05 0.0444709 0.0311735
9.9946E-05 9.9946E-05 0.895527 9.9946E-05 0.0342847 9.9946E-05 0.047737 9.9946E-05 9.9946E-05 0.0218519
0.0120695 9.9964E-05 0.879205 0.0568973 0.0322097 9.9964E-05 9.9964E-05 9.9964E-05 0.0119563 0.00726267
9.9955E-05 0.0252432 0.824091 0.105775 0.0420663 9.9955E-05 9.9955E-05 9.9955E-05 9.9955E-05 0.00232464
0.00879603 0.00983668 0.0416365 0.0677308 0.0324039 0.0332028 0.742824 0.0067221 0.0567468 9.9991E-05
0.97501 9.9946E-05 0.0106982 9.9946E-05 0.00558458 9.9946E-05 9.9946E-05 0.00810757 9.9946E-05 9.9946E-05
0.889398 9.9946E-05 9.9946E-05 9.9946E-05 0.0172457 0.0130032 9.9946E-05 0.0797537 9.9946E-05 9.9946E-05
0.22608 0.0108062 0.0244645 9.9982E-05 0.00877588 0.0816896 9.9982E-05 0.0608723 0.00467988 0.582432
0.00364619 0.0712931 0.0956851 0.31763 0.106076 0.0919704 0.313399 9.9973E-05 9.9973E-05 9.9973E-05
0.90913 0.0527505 9.9964E-05 0.0217974 0.00427473 9.9964E-05 9.9964E-05 0.0103223 9.9964E-05 0.00132495
0.841529 0.0390789 9.9964E-05 9.9964E-05 0.00931658 0.00685999 9.9964E-05 0.0743551 9.9964E-05 0.0284605
0.0387078 0.0306163 0.371187 0.261486 0.112296 0.00145309 0.138964 9.9982E-05 9.9982E-05 0.0450892
0.205096 9.9964E-05 9.9964E-05 0.00379599 0.00276935 0.121749 9.9964E-05 9.9964E-05 0.279459 0.386731
0.0998775 9.9973E-05 9.9973E-05 9.9973E-05 0.0138288 0.0858017 0.036465 0.0416368 0.347256 0.374834
0.0495736 0.0198182 9.9982E-05 0.00286189 0.0130438 0.0338068 9.9982E-05 0.051584 0.389794 0.439317
9.9964E-05 9.9964E-05 9.9964E-05 0.0255298 0.0367507 9.9964E-05 0.0164934 0.0949595 0.569066 0.256801
9.9955E-05 9.9955E-05 9.9955E-05 0.0212295 9.9955E-05 9.9955E-05 0.0453286 0.116891 0.54482 0.271231
0.0753196 0.0386683 0.0058748 0.00304966 9.9982E-05 9.9982E-05 0.0445764 0.0286725 0.373589 0.43005
9.99639E-05 0.0396673 9.99639E-05 0.732132 0.000106161 0.00567145 9.99639E-05 0.176086 0.045937 9.99639E-05
0.323973 9.9964E-05 0.0116167 0.0042158 0.0119815 9.9964E-05 9.9964E-05 9.9964E-05 0.0193486 0.628465
0.0227167 9.9964E-05 0.0419865 0.0128638 0.0199355 9.9964E-05 0.86537 0.0367273 9.9964E-05 9.9964E-05
0.0113205 0.0180968 0.0160363 0.00427511 0.0473164 9.9973E-05 0.898849 9.9973E-05 9.9973E-05 0.0038065
0.0833448 0.0432562 9.9982E-05 9.9982E-05 0.0042058 0.0532576 0.00117199 0.00643245 0.0134752 0.794656
0.0413197 0.0392082 0.0873115 0.0968006 0.136184 0.0257276 0.214068 0.140606 0.0786736 0.140101
0.0462501 0.0171863 0.0089094 0.773175 0.00159496 9.9991E-05 0.00102289 0.113811 0.0374438 0.000506172
0.0249803 0.0156468 0.686257 0.171243 9.9964E-05 9.9964E-05 9.9964E-05 9.9964E-05 0.0389918 0.0624817
9.9964E-05 0.0427546 0.0504471 0.0742652 0.0058027 9.9964E-05 0.78241 9.9964E-05 0.0439209 9.9964E-05
0.211208 0.0393642 0.473125 0.200129 0.0230781 9.9973E-05 9.9973E-05 9.9973E-05 0.0207872 0.0320088
0.0275615 0.0113027 0.00818919 0.806663 0.0227285 0.0156715 0.0299848 0.0393349 0.0384642 9.9991E-05
0.697069 0.0992912 0.0160826 0.0195164 0.0219567 9.9973E-05 0.0156269 9.9973E-05 0.130158 9.9973E-05
9.9955E-05 9.9955E-05 9.9955E-05 0.877968 0.0151864 0.0204424 9.9955E-05 0.082364 9.9955E-05 0.00353909
0.00313746 9.9982E-05 0.0928191 9.9982E-05 0.0402514 0.314851 0.0980659 0.391035 0.0538785 0.0057625
9.9964E-05 0.0345874 0.00409038 0.0137962 0.028819 9.9964E-05 0.917343 9.9964E-05 9.9964E-05 0.000964346
0.312068 9.9955E-05 9.9955E-05 0.0512683 0.00207459 9.9955E-05 0.0256116 9.9955E-05 9.9955E-05 0.608478
0.00970286 0.0163346 0.444577 0.104218 0.00332043 9.9973E-05 9.9973E-05 9.9973E-05 0.010126 0.411421
9.9955E-05 9.9955E-05 0.0156863 9.9955E-05 0.0486731 9.9955E-05 0.0439076 9.9955E-05 0.0136287 0.877605
0.0232178 0.256973 0.27456 0.355144 0.0297023 9.9973E-05 0.0374744 9.9973E-05 9.9973E-05 0.0226282
9.99201E-05 9.99201E-05 9.99201E-05 9.99201E-05 9.99201E-05 9.99201E-05 9.99201E-05 9.99201E-05 9.99201E-05 0.999101
9.9955E-05 9.9955E-05 0.04362 0.901932 9.9955E-05 9.9955E-05 0.0286036 0.00399426 9.9955E-05 0.0213501
9.9973E-05 9.9973E-05 0.0343403 0.0443769 0.0393936 9.9973E-05 0.0491182 0.00787313 0.0300237 0.794574
9.9973E-05 0.0127966 0.0290727 0.0849617 0.0266337 9.9973E-05 0.011628 9.9973E-05 0.0100125 0.824595
9.9964E-05 0.0119435 0.0155386 0.0609371 0.000815947 9.9964E-05 0.830799 9.9964E-05 9.9964E-05 0.0795658
0.293827 0.0532602 0.12166 0.0663124 9.9982E-05 0.0615124 0.382563 0.0146065 9.9982E-05 0.00605876
0.0100893 0.0645879 0.251879 0.242654 0.0276126 9.9982E-05 0.323899 9.9982E-05 0.0198122 0.059266
9.9982E-05 0.0552905 9.9982E-05 0.0359857 0.0172917 0.0280742 0.0268027 0.00233828 0.764069 0.0699482
9.9955E-05 0.014195 0.0242355 9.9955E-05 9.9955E-05 0.083281 9.9955E-05 9.9955E-05 0.862125 0.015664
9.9982E-05 0.0220927 9.9982E-05 0.00490768 0.0257359 0.0634792 0.00605922 0.0429468 0.826104 0.00847486
9.9991E-05 0.015064 0.0235469 0.0144924 0.00488907 0.0444323 0.0325516 0.0284966 0.816325 0.0201025
9.9955E-05 0.0167021 9.9955E-05 9.9955E-05 9.9955E-05 0.0271907 0.922577 0.00499568 0.0280349 9.9955E-05
9.9964E-05 0.00473412 0.0203525 9.9964E-05 9.9964E-05 0.066747 0.857098 0.0310748 9.9964E-05 0.0195938
9.9973E-05 0.0579705 0.0751433 9.9973E-05 0.0194141 0.00736755 0.747862 0.0673874 0.0245557 9.9973E-05
0.206761 0.0710289 9.9955E-05 9.9955E-05 9.9955E-05 9.9955E-05 9.9955E-05 0.0588574 0.399485 0.263367
0.0552919 0.083975 0.17772 0.0725758 0.106045 0.0680235 0.182692 0.0603461 0.064487 0.128843
9.9964E-05 9.9964E-05 0.0211704 9.9964E-05 0.0977327 0.295294 0.330245 0.225766 0.0293922 9.9964E-05
0.00365424 0.0378647 0.0899941 9.9982E-05 0.0136473 0.0465216 0.706429 0.0883723 9.9982E-05 0.0133166
9.9964E-05 0.0372079 0.05012 9.9964E-05 0.0838312 0.139581 0.625094 0.063766 9.9964E-05 9.9964E-05
0.0219178 0.00740512 9.9973E-05 9.9973E-05 0.0478571 0.129432 0.707129 0.0537947 0.0321639 9.9973E-05
0.0524073 9.9964E-05 0.0243578 9.9964E-05 0.130613 0.225849 0.475296 0.0910769 9.9964E-05 9.9964E-05
0.054803 0.0751834 0.0547168 9.9973E-05 9.9973E-05 9.9973E-05 0.0268859 0.743746 0.0241614 0.0202039
9.9964E-05 0.0162304 0.856244 0.0696736 9.9964E-05 0.0338636 9.9964E-05 0.0116466 0.0119415 9.9964E-05
9.9955E-05 0.0298545 0.527866 0.166592 0.0611661 9.9955E-05 0.214022 9.9955E-05 9.9955E-05 9.9955E-05
9.9946E-05 0.035886 9.9946E-05 9.9946E-05 9.9946E-05 0.0311002 9.9946E-05 0.0155067 9.9946E-05 0.916908
9.9946E-05 0.0480665 9.9946E-05 9.9946E-05 9.9946E-05 0.0795839 9.9946E-05 0.0146586 9.9946E-05 0.857091
9.9955E-05 0.0533014 9.9955E-05 0.00293306 9.9955E-05 0.129353 0.0131434 9.9955E-05 9.9955E-05 0.800769
0.186651 0.0763485 9.9964E-05 9.9964E-05 9.9964E-05 0.194158 9.9964E-05 0.0814261 0.155038 0.305979
9.99368E-05 9.99368E-05 9.99368E-05 9.99368E-05 0.000688759 0.991508 9.99368E-05 9.99368E-05 9.99368E-05 0.00710349
9.99278E-05 9.99278E-05 9.99278E-05 9.99278E-05 9.99278E-05 0.9961 9.99278E-05 9.99278E-05 9.99278E-05 0.00310049
9.9964E-05 9.9964E-05 0.00816792 9.9964E-05 0.00419497 0.053868 0.862352 0.0564118 0.0146056 9.9964E-05
0.00759201 9.9964E-05 9.9964E-05 9.9964E-05 0.0240755 0.0369796 0.794184 0.10041 0.036359 9.9964E-05
0.00259084 9.9973E-05 0.0263984 0.00521942 0.0233915 9.9973E-05 0.926144 0.000404226 9.9973E-05 0.0155516
9.9964E-05 9.9964E-05 0.0832424 0.795183 0.0108549 9.9964E-05 0.00189873 0.0732605 9.9964E-05 0.0351602
9.9955E-05 9.9955E-05 9.9955E-05 0.0294936 0.01161 9.9955E-05 0.0125045 9.9955E-05 0.0176214 0.928271
0.0161389 9.9964E-05 0.00395632 9.9964E-05 0.0334068 9.9964E-05 0.0108905 9.9964E-05 0.00279024 0.932417
0.0855781 9.9946E-05 0.0232831 9.9946E-05 9.9946E-05 9.9946E-05 9.9946E-05 9.9946E-05 0.0320116 0.858527
0.136932 0.0243301 0.0248369 0.00960857 9.9973E-05 0.00796308 9.9973E-05 9.9973E-05 0.0108063 0.785223
0.0629572 0.0587268 9.9964E-05 0.0217247 0.0202329 9.9964E-05 9.9964E-05 9.9964E-05 0.0388147 0.797144
0.0129351 9.99551E-05 0.712838 0.185014 9.99551E-05 0.00479834 9.99551E-05 9.99551E-05 9.99551E-05 0.083915
0.299382 0.139607 9.9982E-05 0.0194611 0.0596505 0.267663 0.0235001 9.9982E-05 0.0812033 0.109333
9.9946E-05 0.00548615 9.9946E-05 0.972809 9.9946E-05 0.0160718 9.9946E-05 0.00503289 9.9946E-05 9.9946E-05
9.99371E-05 9.99371E-05 0.713516 0.19927 9.99371E-05 9.99371E-05 9.99371E-05 9.99371E-05 9.99371E-05 0.0865148
9.99369E-05 0.224738 9.99369E-05 0.0721039 9.99369E-05 9.99369E-05 0.702458 9.99369E-05 9.99369E-05 9.99369E-05
9.9928E-05 9.9928E-05 0.786677 0.212524 9.9928E-05 9.9928E-05 9.9928E-05 9.9928E-05 9.9928E-05 9.9928E-05
9.99281E-05 9.99281E-05 0.729051 0.270149 9.99281E-05 9.99281E-05 9.99281E-05 9.99281E-05 9.99281E-05 9.99281E-05
9.99371E-05 9.99371E-05 0.733402 0.254681 0.0112176 9.99371E-05 9.99371E-05 9.99371E-05 9.99371E-05 9.99371E-05
9.9956E-05 9.9956E-05 0.033546 9.9956E-05 0.028679 9.9956E-05 0.00474327 9.9956E-05 0.0285507 0.903981
9.9937E-05 0.00426096 9.9937E-05 0.0319314 9.9937E-05 9.9937E-05 9.9937E-05 9.9937E-05 9.9937E-05 0.963108
0.0575952 0.778309 9.99369E-05 9.99369E-05 9.99369E-05 9.99369E-05 9.99369E-05 9.99369E-05 9.99369E-05 0.163396
0.00389946 0.0115507 0.00373715 9.9973E-05 0.0431767 9.9973E-05 0.00206806 9.9973E-05 0.0213154 0.913953
9.99201E-05 9.99201E-05 9.99201E-05 9.99201E-05 9.99201E-05 9.99201E-05 9.99201E-05 9.99201E-05 9.99201E-05 0.999101
0.157109 9.9955E-05 0.471257 0.0699566 0.00265894 9.9955E-05 9.9955E-05 9.9955E-05 9.9955E-05 0.298518
0.0556561 9.9955E-05 9.9955E-05 9.9955E-05 9.9955E-05 0.108153 0.0243947 9.9955E-05 0.0504959 0.760801
0.0737321 0.0159734 9.9964E-05 9.9964E-05 9.9964E-05 0.148682 0.0259263 9.9964E-05 0.0135534 0.721732
0.13065 0.12597 9.9982E-05 9.9982E-05 0.00967669 0.381233 0.0503464 0.228091 0.000818158 0.0730143
0.00440821 9.9964E-05 0.0265062 0.904984 0.0193287 0.0132989 9.9964E-05 9.9964E-05 0.0310738 9.9964E-05
0.167764 0.0716983 9.99461E-05 0.129156 9.99461E-05 9.99461E-05 9.99461E-05 9.99461E-05 9.99461E-05 0.630782
0.183357 9.9964E-05 0.0453771 0.0019397 0.438457 9.9964E-05 0.274706 9.9964E-05 0.0557634 9.9964E-05
0.309133 0.00288673 0.074833 0.0763518 9.9955E-05 9.9955E-05 9.9955E-05 9.9955E-05 9.9955E-05 0.536296
9.9937E-05 9.9937E-05 0.0181257 9.9937E-05 0.0194168 9.9937E-05 9.9937E-05 9.9937E-05 9.9937E-05 0.961758
9.99461E-05 9.99461E-05 0.784949 0.170168 9.99461E-05 9.99461E-05 9.99461E-05 9.99461E-05 0.0280879 0.0161959
0.0117588 9.9964E-05 0.572459 0.0789425 9.9964E-05 9.9964E-05 9.9964E-05 0.0508315 0.0131863 0.272422
9.9937E-05 9.9937E-05 9.9937E-05 0.84091 9.9937E-05 9.9937E-05 0.0342824 0.124108 9.9937E-05 9.9937E-05
0.0279586 9.9937E-05 9.9937E-05 9.9937E-05 9.9937E-05 9.9937E-05 0.00449695 0.966845 9.9937E-05 9.9937E-05
9.9946E-05 9.9946E-05 0.919788 9.9946E-05 9.9946E-05 0.0129979 0.054603 0.0120118 9.9946E-05 9.9946E-05
9.99444E-05 0.0247552 0.173181 9.99444E-05 9.99444E-05 9.99444E-05 9.99444E-05 0.801364 9.99444E-05 9.99444E-05
0.00326573 9.9964E-05 0.0382788 0.881187 9.9964E-05 9.9964E-05 9.9964E-05 0.0410275 0.0121106 0.0237305
9.9946E-05 9.9946E-05 0.0684475 0.878408 9.9946E-05 9.9946E-05 0.0114952 9.9946E-05 9.9946E-05 0.0410499
9.99459E-05 0.0463824 0.0308454 0.0365003 9.99459E-05 9.99459E-05 9.99459E-05 0.885672 9.99459E-05 9.99459E-05
0.00643166 0.127822 0.258971 0.130137 9.9973E-05 9.9973E-05 9.9973E-05 0.431529 0.0347366 0.0100725
9.9946E-05 9.9946E-05 9.9946E-05 0.921356 0.00391184 9.9946E-05 0.00672838 0.0674043 9.9946E-05 9.9946E-05
0.121285 0.12447 9.9982E-05 9.9982E-05 0.029035 0.349893 0.0422168 0.226117 0.0214846 0.0852988
9.9946E-05 9.9946E-05 0.0428118 0.0256592 0.00509719 9.9946E-05 0.925832 9.9946E-05 9.9946E-05 9.9946E-05
9.99369E-05 0.226427 9.99369E-05 0.0747592 9.99369E-05 9.99369E-05 0.698114 9.99369E-05 9.99369E-05 9.99369E-05
9.99201E-05 9.99201E-05 9.99201E-05 9.99201E-05 0.999101 9.99201E-05 9.99201E-05 9.99201E-05 9.99201E-05 9.99201E-05
9.9955E-05 0.213276 9.9955E-05 0.11124 9.9955E-05 0.000672114 0.653552 9.9955E-05 9.9955E-05 0.02076
0.001419 9.9955E-05 0.0923721 0.0430608 0.0283697 9.9955E-05 0.834279 9.9955E-05 9.9955E-05 9.9955E-05
9.9946E-05 9.9946E-05 0.0249746 0.5942 9.9946E-05 9.9946E-05 0.361192 9.9946E-05 9.9946E-05 0.0190329
0.002784 9.9964E-05 0.0794308 0.0511647 0.0202296 9.9964E-05 0.838831 9.9964E-05 0.00716036 9.9964E-05
9.99729E-05 0.0542377 0.519871 0.0107347 0.0265779 9.99729E-05 0.256674 0.0897508 0.0418537 9.99729E-05
9.9955E-05 0.00810572 9.9955E-05 9.9955E-05 9.9955E-05 0.00630495 0.946807 0.0277477 0.0105349 9.9955E-05
9.99549E-05 9.99549E-05 0.068647 9.99549E-05 0.100403 0.283408 0.0729798 0.474062 9.99549E-05 9.99549E-05
9.9973E-05 0.0229264 0.193971 0.0570805 9.9973E-05 0.0853424 0.0486566 0.546962 0.044761 9.9973E-05
9.99731E-05 0.0140098 0.27718 0.0976736 0.0334516 0.164649 0.191063 0.221673 9.99731E-05 9.99731E-05
9.9973E-05 0.00357154 0.0521904 0.0199434 0.0220376 9.9973E-05 0.862411 0.01283 9.9973E-05 0.0267165
0.150167 9.9937E-05 9.9937E-05 9.9937E-05 0.0320477 9.9937E-05 9.9937E-05 9.9937E-05 9.9937E-05 0.817085
9.9937E-05 9.9937E-05 0.931978 9.9937E-05 9.9937E-05 9.9937E-05 0.0410981 0.0262248 9.9937E-05 9.9937E-05
9.99549E-05 9.99549E-05 0.022988 9.99549E-05 0.0397809 0.37626 0.100831 0.45964 9.99549E-05 9.99549E-05
9.9946E-05 0.0139224 0.906748 9.9946E-05 9.9946E-05 9.9946E-05 0.0270129 0.0517167 9.9946E-05 9.9946E-05
0.0635557 0.00342237 9.9946E-05 9.9946E-05 9.9946E-05 0.15711 9.9946E-05 9.9946E-05 9.9946E-05 0.775312
9.9955E-05 9.9955E-05 9.9955E-05 0.93065 0.0218036 0.0382927 0.000315967 0.00843803 9.9955E-05 9.9955E-05
0.0275949 0.00077717 0.00530951 9.9946E-05 0.965719 9.9946E-05 9.9946E-05 9.9946E-05 9.9946E-05 9.9946E-05
0.12368 9.9973E-05 0.0141264 0.0619397 0.687057 0.048208 0.0457217 0.0189675 9.9973E-05 9.9973E-05
9.9964E-05 9.9964E-05 0.0022651 0.017548 0.0101785 0.00448024 0.946815 0.0183136 9.9964E-05 9.9964E-05
9.9955E-05 0.0168498 0.523757 0.187769 0.0297469 9.9955E-05 0.241378 9.9955E-05 9.9955E-05 9.9955E-05
9.99369E-05 0.0218497 9.99369E-05 0.972596 0.00485456 9.99369E-05 9.99369E-05 9.99369E-05 9.99369E-05 9.99369E-05
9.9928E-05 0.0139398 9.9928E-05 0.985261 9.9928E-05 9.9928E-05 9.9928E-05 9.9928E-05 9.9928E-05 9.9928E-05
0.0618414 0.101043 0.539709 0.18738 9.9973E-05 0.0256436 9.9973E-05 9.9973E-05 0.0370398 0.0470436
9.9955E-05 0.0153209 0.572095 0.124386 0.0228584 9.9955E-05 0.264839 9.9955E-05 9.9955E-05 9.9955E-05
9.9937E-05 0.0309735 9.9937E-05 9.9937E-05 9.9937E-05 0.135561 9.9937E-05 9.9937E-05 9.9937E-05 0.832766
9.99201E-05 9.99201E-05 9.99201E-05 9.99201E-05 9.99201E-05 0.999101 9.99201E-05 9.99201E-05 9.99201E-05 9.99201E-05
0.110162 9.99459E-05 9.99459E-05 9.99459E-05 9.99459E-05 0.232944 9.99459E-05 9.99459E-05 0.20219 0.454104
0.181365 9.9964E-05 0.0142955 9.9964E-05 0.0503712 0.457104 0.0164963 9.9964E-05 0.279967 9.9964E-05
0.146646 0.000680087 9.9964E-05 0.0287817 0.0289376 0.509719 9.9964E-05 9.9964E-05 0.284836 9.9964E-05
0.275094 9.9955E-05 9.9955E-05 0.0278736 9.9955E-05 0.337767 9.9955E-05 9.9955E-05 0.182507 0.176258
9.99278E-05 9.99278E-05 9.99278E-05 9.99278E-05 9.99278E-05 0.994751 9.99278E-05 9.99278E-05 9.99278E-05 0.00444989
0.170667 0.0321731 0.011702 0.0176435 0.0168952 0.378228 0.00378119 9.9991E-05 0.332844 0.0359654
0.371292 9.9955E-05 9.9955E-05 9.9955E-05 9.9955E-05 0.34194 0.0179857 9.9955E-05 0.156128 0.112155
9.99729E-05 9.99729E-05 0.0133563 0.0574639 0.0402862 0.543923 0.0430968 0.294988 0.00658613 9.99729E-05
0.226338 0.0168574 9.9955E-05 9.9955E-05 9.9955E-05 0.334078 9.9955E-05 9.9955E-05 0.175741 0.246486
9.9982E-05 0.0246546 0.00102246 0.0128935 0.0459096 0.562445 0.0971055 0.25415 0.00161943 9.9982E-05
9.9946E-05 0.031826 0.124536 0.104047 9.9946E-05 9.9946E-05 9.9946E-05 0.738991 9.9946E-05 9.9946E-05
9.99369E-05 0.882838 9.99369E-05 9.99369E-05 0.0122617 9.99369E-05 9.99369E-05 0.104201 9.99369E-05 9.99369E-05
0.198901 0.0218198 0.0364065 9.9991E-05 0.040446 0.359015 0.0025423 0.0492581 0.093547 0.197964
0.156513 0.0338452 0.0594936 0.00851358 0.0111297 0.325723 0.0201592 0.125205 0.114044 0.145374
9.99201E-05 9.99201E-05 9.99201E-05 9.99201E-05 9.99201E-05 0.999101 9.99201E-05 9.99201E-05 9.99201E-05 9.99201E-05
0.208742 0.00480227 9.9964E-05 9.9964E-05 0.00620053 0.36997 9.9964E-05 9.9964E-05 0.183817 0.226069
0.0268554 9.9946E-05 0.830915 9.9946E-05 9.9946E-05 0.0180559 0.123573 9.9946E-05 9.9946E-05 9.9946E-05
9.9937E-05 0.0399733 9.9937E-05 9.9937E-05 9.9937E-05 0.111175 9.9937E-05 9.9937E-05 9.9937E-05 0.848152
0.151586 9.9955E-05 9.9955E-05 0.0202737 0.0173798 0.518341 9.9955E-05 9.9955E-05 0.29192 9.9955E-05
0.29623 0.0223946 9.99551E-05 9.99551E-05 9.99551E-05 0.396324 9.99551E-05 9.99551E-05 0.0525345 0.232017
0.201797 0.0120406 9.9964E-05 9.9964E-05 0.0140967 0.421113 9.9964E-05 9.9964E-05 0.274743 0.0758101
0.249787 0.0741226 9.9955E-05 9.9955E-05 9.9955E-05 0.359863 9.9955E-05 9.9955E-05 0.245398 0.0703299
9.99369E-05 0.226217 9.99369E-05 0.114393 9.99369E-05 9.99369E-05 0.658691 9.99369E-05 9.99369E-05 9.99369E-05
9.9982E-05 0.0810059 0.420333 0.00638751 0.0413531 9.9982E-05 0.361617 0.0503153 0.0350196 0.0037692
0.0783597 0.00105096 9.9964E-05 9.9964E-05 9.9964E-05 0.111998 9.9964E-05 0.00378239 0.0568261 0.747583
9.99369E-05 9.99369E-05 0.900738 9.99369E-05 9.99369E-05 9.99369E-05 0.0543792 0.0441835 9.99369E-05 9.99369E-05
9.99369E-05 0.239043 9.99369E-05 0.0949824 9.99369E-05 9.99369E-05 0.665275 9.99369E-05 9.99369E-05 9.99369E-05
0.011658 0.00266484 9.9964E-05 0.0174333 0.00722408 0.0674533 9.9964E-05 0.893167 9.9964E-05 9.9964E-05
9.9928E-05 9.9928E-05 9.9928E-05 9.9928E-05 0.00226912 9.9928E-05 9.9928E-05 9.9928E-05 9.9928E-05 0.996931
9.9937E-05 9.9937E-05 9.9937E-05 9.9937E-05 0.0142929 9.9937E-05 9.9937E-05 0.015648 9.9937E-05 0.96936
0.0110069 9.9955E-05 0.0129666 9.9955E-05 0.0532512 9.9955E-05 9.9955E-05 9.9955E-05 0.033156 0.88912
0.00572358 9.9946E-05 9.9946E-05 9.9946E-05 0.00298849 9.9946E-05 9.9946E-05 9.9946E-05 0.0289944 0.961694
9.9955E-05 9.9955E-05 0.0440861 0.796395 9.9955E-05 9.9955E-05 0.0248724 0.101387 9.9955E-05 0.0327601
0.0723884 0.00587665 9.9955E-05 9.9955E-05 0.0396128 9.9955E-05 0.0703825 9.9955E-05 9.9955E-05 0.81124
9.99369E-05 0.223885 9.99369E-05 0.107751 9.99369E-05 9.99369E-05 0.667665 9.99369E-05 9.99369E-05 9.99369E-05
9.9955E-05 0.00417296 9.9955E-05 9.9955E-05 9.9955E-05 0.0364953 0.949956 0.00131053 0.00756521 9.9955E-05
9.9955E-05 9.9955E-05 0.0340032 0.0497152 0.012434 9.9955E-05 0.8718 9.9955E-05 0.0315482 9.9955E-05
0.00512956 9.9955E-05 9.9955E-05 0.0329381 0.0199537 0.013948 0.927531 9.9955E-05 9.9955E-05 9.9955E-05
0.00829931 0.017978 0.0615804 9.9964E-05 0.0134251 9.9964E-05 0.886161 9.9964E-05 0.0121569 9.9964E-05
0.0452253 9.9973E-05 0.01765 0.0143052 0.0449631 0.411669 0.0447599 9.9973E-05 0.421127 9.9973E-05
0.0512518 9.9955E-05 9.9955E-05 9.9955E-05 0.0545198 0.416325 0.0559353 9.9955E-05 0.421469 9.9955E-05
9.9973E-05 9.9973E-05 0.0104267 0.0369046 0.000392398 0.00583128 0.0324663 0.0211511 0.892528 9.9973E-05
0.0246863 0.0222561 9.9955E-05 9.9955E-05 9.9955E-05 9.9955E-05 0.00969002 9.9955E-05 0.859084 0.0837836
9.9955E-05 0.0462557 9.9955E-05 9.9955E-05 0.00304383 9.9955E-05 0.0114053 9.9955E-05 0.927627 0.0111689
9.99641E-05 0.0455637 0.0649983 0.0300155 0.00760126 9.99641E-05 9.99641E-05 0.568113 0.283309 9.99641E-05
9.9937E-05 9.9937E-05 0.0263749 9.9937E-05 9.9937E-05 0.0338396 9.9937E-05 9.9937E-05 0.939086 9.9937E-05
0.014512 0.147253 0.226208 0.1483 9.9991E-05 0.0748534 0.166146 0.0014736 0.0831695 0.137985
9.99201E-05 9.99201E-05 9.99201E-05 9.99201E-05 9.99201E-05 9.99201E-05 9.99201E-05 9.99201E-05 0.999101 9.99201E-05
0.00127357 9.9928E-05 9.9928E-05 9.9928E-05 9.9928E-05 9.9928E-05 9.9928E-05 9.9928E-05 0.997927 9.9928E-05
0.0160627 9.9955E-05 9.9955E-05 9.9955E-05 0.0370919 9.9955E-05 0.00535013 9.9955E-05 0.919062 0.0219335
0.672691 0.0424649 0.0258794 9.9964E-05 9.9964E-05 9.9964E-05 0.0181346 9.9964E-05 0.227763 0.0126672
0.00877854 9.99281E-05 9.99281E-05 9.99281E-05 9.99281E-05 9.99281E-05 9.99281E-05 9.99281E-05 0.990422 9.99281E-05
0.114747 0.00470714 0.00369665 9.9973E-05 0.0396669 9.9973E-05 0.0221551 9.9973E-05 0.810452 0.00427478
9.9955E-05 9.9955E-05 0.854985 9.9955E-05 9.9955E-05 0.00459168 0.104581 0.0145536 0.0207887 9.9955E-05
0.00946965 0.0133429 0.554119 9.9982E-05 0.0448706 9.9982E-05 0.231985 0.0730103 0.0585453 0.0144569
9.9973E-05 0.0131594 0.124884 9.9973E-05 0.00325398 0.0566902 0.675327 0.104808 0.0215774 9.9973E-05
9.99641E-05 9.99641E-05 0.0665836 0.00895516 0.04837 9.99641E-05 0.820363 0.0521113 9.99641E-05 0.00321662
9.9964E-05 9.9964E-05 0.125675 0.0170047 9.9964E-05 0.0687974 0.0498629 0.737393 0.000867159 9.9964E-05
9.9964E-05 0.0664548 0.0832053 9.9964E-05 0.0320393 9.9964E-05 0.737656 0.0462193 0.0340251 9.9964E-05
9.9964E-05 0.00359994 0.949027 9.9964E-05 0.01814 0.0187291 0.00324861 9.9964E-05 9.9964E-05 0.00685569
9.9928E-05 9.9928E-05 0.913764 9.9928E-05 9.9928E-05 9.9928E-05 0.0854367 9.9928E-05 9.9928E-05 9.9928E-05
9.9955E-05 0.0225653 0.062216 0.0296596 9.9955E-05 0.00261016 9.9955E-05 0.882449 9.9955E-05 9.9955E-05
9.9964E-05 9.9964E-05 0.0527528 9.9964E-05 0.050082 0.0819377 0.697131 0.084783 0.0329138 9.9964E-05
0.0160554 0.0104815 0.161828 0.000253015 0.0872041 0.0394403 0.483899 0.156339 0.0179908 0.0265079
9.99553E-05 9.99553E-05 9.99553E-05 0.0912858 0.0433133 0.250555 0.017192 0.597154 9.99553E-05 9.99553E-05
9.9964E-05 0.0834566 0.0493009 0.0662281 0.018849 0.0141877 9.9964E-05 0.767578 9.9964E-05 9.9964E-05
9.9964E-05 0.0159139 0.145763 0.0251387 9.9964E-05 0.111164 0.0528781 0.648742 9.9964E-05 9.9964E-05
0.00103053 0.142487 0.50929 0.0309676 0.00444013 9.9991E-05 0.24078 0.00200532 0.0172764 0.0516225
9.9982E-05 0.0104431 0.0718514 0.0839959 0.0108107 0.0111323 0.0220912 0.780386 0.00908941 9.9982E-05
9.9946E-05 0.00424687 0.938255 9.9946E-05 9.9946E-05 9.9946E-05 9.9946E-05 0.0359175 0.0209812 9.9946E-05
0.019042 9.9937E-05 9.9937E-05 9.9937E-05 9.9937E-05 9.9937E-05 9.9937E-05 0.96087 9.9937E-05 0.0193884
9.99371E-05 9.99371E-05 9.99371E-05 9.99371E-05 0.0128996 9.99371E-05 9.99371E-05 0.966074 9.99371E-05 0.0203273
0.13346 0.0202204 9.9982E-05 0.0601158 0.0320153 0.325861 9.9982E-05 0.21058 0.0584341 0.159114
9.9955E-05 0.0127503 0.022045 0.0965199 9.9955E-05 0.0041803 9.9955E-05 0.864005 9.9955E-05 9.9955E-05
9.9946E-05 0.050696 0.00114628 0.0576037 9.9946E-05 9.9946E-05 9.9946E-05 0.889954 9.9946E-05 9.9946E-05
9.9955E-05 0.0140704 0.0284131 0.112959 9.9955E-05 0.00695797 9.9955E-05 0.8371 9.9955E-05 9.9955E-05
9.9973E-05 0.00536665 0.106023 9.9973E-05 0.0713626 0.265718 0.137502 0.40188 0.0118472 9.9973E-05
0.000571261 0.00795681 0.759795 9.9955E-05 9.9955E-05 9.9955E-05 0.147189 0.0839885 9.9955E-05 9.9955E-05
9.9973E-05 0.0361938 0.871283 9.9973E-05 9.9973E-05 0.00755855 0.0191244 0.0316591 0.0112086 0.0226724
9.9973E-05 0.0153948 0.862358 0.00510046 0.00513309 9.9973E-05 0.00717396 0.0920655 0.012474 9.9973E-05
0.0081298 9.9946E-05 0.869722 9.9946E-05 9.9946E-05 9.9946E-05 0.0903694 0.0311796 9.9946E-05 9.9946E-05
9.9946E-05 0.0170532 9.9946E-05 9.9946E-05 9.9946E-05 0.0992324 9.9946E-05 0.0318819 9.9946E-05 0.851233
0.057924 0.795853 9.99369E-05 9.99369E-05 9.99369E-05 9.99369E-05 9.99369E-05 9.99369E-05 9.99369E-05 0.145523
0.0162863 0.00564694 0.116616 0.0435762 0.0341092 0.0180327 0.727451 0.0380823 9.9982E-05 9.9982E-05
9.9964E-05 0.0319627 0.450852 0.164964 0.0307 9.9964E-05 0.312339 0.00878214 9.9964E-05 9.9964E-05
9.99459E-05 0.764156 9.99459E-05 0.0500796 0.021303 9.99459E-05 9.99459E-05 0.163862 9.99459E-05 9.99459E-05
9.99459E-05 0.782042 9.99459E-05 0.00566218 0.0269849 9.99459E-05 9.99459E-05 0.184711 9.99459E-05 9.99459E-05
9.99459E-05 9.99459E-05 9.99459E-05 9.99459E-05 9.99459E-05 0.0757165 0.881314 9.99459E-05 0.0212672 0.0211028
9.99369E-05 0.217832 9.99369E-05 0.100576 9.99369E-05 9.99369E-05 0.680893 9.99369E-05 9.99369E-05 9.99369E-05
0.499395 0.153409 0.234272 0.0617002 9.9955E-05 9.9955E-05 9.9955E-05 9.9955E-05 0.0507234 9.9955E-05
0.0128392 0.0874339 0.31362 0.415347 9.9982E-05 0.0649432 9.9982E-05 0.0212609 0.0136283 0.0707277
9.99551E-05 0.0476284 0.0986832 0.0135895 9.99551E-05 9.99551E-05 0.805563 0.0340358 9.99551E-05 9.99551E-05
9.9946E-05 9.9946E-05 9.9946E-05 9.9946E-05 0.090777 0.329313 0.222742 0.356568 9.9946E-05 9.9946E-05
9.99459E-05 0.761188 0.04744 9.99459E-05 0.0284475 9.99459E-05 9.99459E-05 0.162324 9.99459E-05 9.99459E-05
9.99549E-05 9.99549E-05 0.0893911 9.99549E-05 0.0963567 0.389936 0.115688 0.308129 9.99549E-05 9.99549E-05
9.9964E-05 9.9964E-05 0.0542554 9.9964E-05 0.121592 0.312719 0.235429 0.264007 0.0115978 9.9964E-05
0.00252975 9.9946E-05 9.9946E-05 9.9946E-05 0.0941653 0.0220271 0.880678 9.9946E-05 9.9946E-05 9.9946E-05
0.0275167 9.99551E-05 9.99551E-05 9.99551E-05 9.99551E-05 0.0245807 0.897204 0.0498964 9.99551E-05 0.000302547
0.024792 9.9955E-05 9.9955E-05 9.9955E-05 0.0162661 0.00169952 0.952758 0.00398484 9.9955E-05 9.9955E-05
9.9964E-05 9.9964E-05 0.00945549 0.0444087 0.0284359 0.0321755 0.846145 9.9964E-05 0.0389796 9.9964E-05
0.00935119 9.9955E-05 9.9955E-05 0.0215654 0.0314194 9.9955E-05 0.926824 0.0103405 9.9955E-05 9.9955E-05
9.99461E-05 0.0194068 0.0371929 0.0617162 9.99461E-05 9.99461E-05 0.881084 9.99461E-05 9.99461E-05 9.99461E-05
0.0471456 9.9955E-05 9.9955E-05 9.9955E-05 0.140582 0.226778 0.493746 0.0912482 9.9955E-05 9.9955E-05
0.0138775 9.9973E-05 0.0395611 9.9973E-05 0.0987534 0.366975 0.208882 0.215264 0.0563865 9.9973E-05
0.0388251 9.9937E-05 9.9937E-05 0.0281576 9.9937E-05 9.9937E-05 0.932318 9.9937E-05 9.9937E-05 9.9937E-05
9.9973E-05 9.9973E-05 0.0200516 0.014228 0.0854224 0.352369 0.216301 0.275942 0.0353861 9.9973E-05
9.9955E-05 9.9955E-05 0.0811565 9.9955E-05 0.0212103 0.369768 0.10339 0.423975 9.9955E-05 9.9955E-05
0.999101 9.99201E-05 9.99201E-05 9.99201E-05 9.99201E-05 9.99201E-05 9.99201E-05 9.99201E-05 9.99201E-05 9.99201E-05
0.90822 0.0550232 9.99459E-05 9.99459E-05 9.99459E-05 0.0349665 9.99459E-05 0.00119039 9.99459E-05 9.99459E-05
0.999101 9.99201E-05 9.99201E-05 9.99201E-05 9.99201E-05 9.99201E-05 9.99201E-05 9.99201E-05 9.99201E-05 9.99201E-05
0.973935 9.99279E-05 9.99279E-05 9.99279E-05 9.99279E-05 0.0252656 9.99279E-05 9.99279E-05 9.99279E-05 9.99279E-05
0.999101 9.99201E-05 9.99201E-05 9.99201E-05 9.99201E-05 9.99201E-05 9.99201E-05 9.99201E-05 9.99201E-05 9.99201E-05
