0.136741 0.0437771 9.9991E-05 0.641115 0.05322 0.125047
0.471749 0.00497367 0.0221831 0.29897 0.0445915 0.157533
0.432291 0.0301761 0.0605735 0.214121 0.0954874 0.167351
0.138825 9.9982E-05 9.9982E-05 0.656924 0.0430078 0.161044
0.944522 0.0188848 0.0362931 9.9973E-05 9.9973E-05 9.9973E-05
0.425582 0.026592 0.0933571 0.252651 0.0156259 0.186192
9.9982E-05 0.515393 0.0163897 0.368022 0.0999952 9.9982E-05
9.9964E-05 0.970528 9.9964E-05 0.0290721 9.9964E-05 9.9964E-05
0.0104943 0.97719 9.9973E-05 9.9973E-05 9.9973E-05 0.0120154
9.996E-05 0.9995 9.996E-05 9.996E-05 9.996E-05 9.996E-05
0.0298263 9.9982E-05 9.9982E-05 0.0798002 0.869088 0.0210858
9.9973E-05 0.0231607 9.9973E-05 0.0220674 0.954472 9.9973E-05
9.9973E-05 0.0216227 9.9973E-05 0.0231356 0.954942 9.9973E-05
9.9964E-05 9.9964E-05 9.9964E-05 0.0189881 0.980612 9.9964E-05
9.9982E-05 0.013491 0.842536 0.115034 9.9982E-05 0.0287389
9.9964E-05 0.996768 9.9964E-05 0.00283172 9.9964E-05 9.9964E-05
9.99639E-05 9.99639E-05 9.99639E-05 0.785168 0.214432 9.99639E-05
9.9973E-05 0.00539898 0.920448 9.9973E-05 0.0738534 9.9973E-05
9.999E-05 0.0090877 0.602227 0.131404 0.203223 0.0539583
9.9982E-05 0.0328358 0.376642 9.9982E-05 0.582226 0.00809595
9.999E-05 0.0601314 0.82989 0.0508713 0.0499575 0.00905012
9.9982E-05 0.00298386 0.0903641 9.9982E-05 0.90491 0.00154215
9.9964E-05 9.9964E-05 0.91893 9.9964E-05 0.08067 9.9964E-05
9.999E-05 0.0214909 0.104163 0.0494428 0.81478 0.0100224
9.9964E-05 9.9964E-05 0.0842723 9.9964E-05 0.915328 9.9964E-05
9.9964E-05 9.9964E-05 0.959723 0.0398767 9.9964E-05 9.9964E-05
9.9973E-05 0.00429579 0.88567 9.9973E-05 0.109734 9.9973E-05
9.9973E-05 9.9973E-05 0.612948 9.9973E-05 0.304167 0.0825847
9.9982E-05 0.0210017 0.933305 9.9982E-05 0.0260454 0.0194475
0.0146555 9.9982E-05 0.950051 9.9982E-05 0.0284446 0.00664887
9.9973E-05 9.9973E-05 0.0591518 9.9973E-05 0.935496 0.0050523
9.9964E-05 9.9964E-05 9.9964E-05 0.0688036 0.930797 9.9964E-05
9.99641E-05 9.99641E-05 0.923869 9.99641E-05 0.0757311 9.99641E-05
0.00483834 0.0202465 0.173163 9.9982E-05 0.801553 9.9982E-05
0.0032769 0.00649705 0.956167 9.9982E-05 0.0338591 9.9982E-05
9.9964E-05 9.9964E-05 0.0425926 9.9964E-05 0.957008 9.9964E-05
9.9964E-05 9.9964E-05 0.924183 9.9964E-05 0.0754175 9.9964E-05
9.9973E-05 9.9973E-05 0.0286377 9.9973E-05 0.939915 0.0311475
0.171791 0.015638 9.9982E-05 0.616595 9.9982E-05 0.195776
0.846715 9.9964E-05 9.9964E-05 9.9964E-05 9.9964E-05 0.152885
0.112232 9.9973E-05 9.9973E-05 0.0245422 0.862926 9.9973E-05
9.9964E-05 9.9964E-05 0.948451 9.9964E-05 0.0511492 9.9964E-05
9.9973E-05 9.9973E-05 0.0375223 9.9973E-05 0.935985 0.0261933
0.194292 9.9982E-05 9.9982E-05 0.294172 0.131748 0.379588
9.9991E-05 0.0652253 0.567063 0.117847 0.22486 0.024905
9.9991E-05 0.041205 0.390294 0.0672509 0.479489 0.0216604
0.0103268 0.0488106 0.880608 0.0375195 0.00890193 0.0138331
0.489875 9.9991E-05 0.0717684 0.214381 0.019554 0.204322
0.209229 9.9982E-05 9.9982E-05 0.0826571 0.0120039 0.69591
9.9964E-05 9.9964E-05 9.9964E-05 0.994172 0.00542806 9.9964E-05
9.9973E-05 0.0260652 9.9973E-05 0.861539 0.112096 9.9973E-05
9.9982E-05 0.0289383 0.0189364 0.814326 0.137599 9.9982E-05
9.996E-05 9.996E-05 9.996E-05 0.9995 9.996E-05 9.996E-05
0.0117773 0.949109 9.9973E-05 9.9973E-05 0.0388135 9.9973E-05
9.9973E-05 0.975259 9.9973E-05 0.00250166 0.0219395 9.9973E-05
9.9982E-05 0.0337983 0.0147449 0.237138 0.714119 9.9982E-05
9.9973E-05 0.00126476 0.0546006 9.9973E-05 0.943835 9.9973E-05
0.234216 0.045146 0.23581 0.369319 0.0362733 0.0792356
0.940856 9.9973E-05 0.00563372 0.0532103 9.9973E-05 9.9973E-05
0.532584 9.9982E-05 0.0596091 0.0306325 9.9982E-05 0.376974
9.9964E-05 9.9964E-05 9.9964E-05 0.805372 0.194228 9.9964E-05
0.00677365 9.9982E-05 0.0168172 0.814294 0.161915 9.9982E-05
0.000553555 0.003339 9.9991E-05 0.745372 0.197829 0.0528071
9.9973E-05 0.981745 9.9973E-05 0.0101141 0.00784059 9.9973E-05
0.917418 0.0161137 9.9982E-05 0.0274115 9.9982E-05 0.0388572
9.9973E-05 9.9973E-05 0.0227815 0.738474 0.238444 9.9973E-05
0.120408 0.0349729 9.9982E-05 0.779234 9.9982E-05 0.0651854
9.9964E-05 9.9964E-05 0.0436478 9.9964E-05 0.955952 9.9964E-05
9.9964E-05 0.00489186 9.9964E-05 9.9964E-05 0.994708 9.9964E-05
0.031746 0.779754 0.0408771 0.124202 9.9991E-05 0.0233208
0.0170772 0.80952 0.050492 0.0972558 0.0255546 9.9991E-05
9.9991E-05 0.892385 0.0422761 0.0386047 0.0256856 0.00094869
0.0239864 0.961515 0.00613698 0.00816166 9.9982E-05 9.9982E-05
9.9982E-05 0.963945 0.0126625 0.00109559 0.0220973 9.9982E-05
0.00371033 0.978105 0.0178845 9.9973E-05 9.9973E-05 9.9973E-05
9.9964E-05 0.998369 0.00123066 9.9964E-05 9.9964E-05 9.9964E-05
0.0113704 0.970347 0.0179828 9.9973E-05 9.9973E-05 9.9973E-05
9.9973E-05 0.977508 9.9973E-05 0.0122661 9.9973E-05 0.00992627
9.996E-05 0.9995 9.996E-05 9.996E-05 9.996E-05 9.996E-05
0.00673322 0.947602 9.9991E-05 0.00724958 0.0188245 0.0194908
9.9991E-05 0.919915 0.00637024 0.0436438 0.0242174 0.00575364
0.00762649 0.94949 9.9991E-05 0.0193451 0.0120698 0.0113689
9.9973E-05 0.523553 0.420482 9.9973E-05 0.0556646 9.9973E-05
9.9964E-05 0.561148 0.438452 9.9964E-05 9.9964E-05 9.9964E-05
9.996E-05 0.9995 9.996E-05 9.996E-05 9.996E-05 9.996E-05
9.9964E-05 0.956593 9.9964E-05 0.0430067 9.9964E-05 9.9964E-05
0.00696182 0.935031 9.9973E-05 0.0577068 9.9973E-05 9.9973E-05
0.0268964 0.91417 0.029733 0.00800246 0.0210984 9.9991E-05
9.99642E-05 0.997865 9.99642E-05 0.00173542 9.99642E-05 9.99642E-05
9.9973E-05 0.54052 0.446346 9.9973E-05 0.0128337 9.9973E-05
0.0232079 0.872315 0.0679018 0.000802765 0.0298654 0.00590733
0.00177043 0.936191 0.00703507 0.0114866 0.0354504 0.00806603
0.00295325 0.966125 9.9991E-05 0.0274042 0.00312498 0.000292798
0.0168889 0.939498 9.9982E-05 0.00958489 9.9982E-05 0.0338281
0.0181673 0.877387 0.0216032 0.0359943 0.0463452 0.000503337
9.9964E-05 0.953453 9.9964E-05 0.0461475 9.9964E-05 9.9964E-05
0.116443 9.9991E-05 0.633395 0.168011 0.00903398 0.0730167
0.00647481 0.960536 0.0249938 0.0048549 9.9991E-05 0.00304032
9.9973E-05 0.96987 0.0140625 9.9973E-05 0.015768 9.9973E-05
0.0525167 0.713473 0.0830616 0.0453332 0.0287037 0.0769113
9.996E-05 0.9995 9.996E-05 9.996E-05 9.996E-05 9.996E-05
9.9973E-05 0.977679 0.0124779 9.9973E-05 0.00954274 9.9973E-05
9.9982E-05 0.975686 9.9982E-05 0.00793078 0.0110676 0.00511542
9.9964E-05 0.963318 0.0362822 9.9964E-05 9.9964E-05 9.9964E-05
0.00902912 0.0130954 0.913682 9.9991E-05 0.0395627 0.0245309
9.996E-05 0.9995 9.996E-05 9.996E-05 9.996E-05 9.996E-05
9.9973E-05 0.946917 9.9973E-05 0.040914 9.9973E-05 0.0118693
9.996E-05 0.9995 9.996E-05 9.996E-05 9.996E-05 9.996E-05
0.00950621 0.0330328 0.627524 0.0302504 0.299586 9.9991E-05
0.034647 0.940001 0.00768089 0.0122573 0.00531404 9.9991E-05
9.9964E-05 0.962009 9.9964E-05 9.9964E-05 0.0375913 9.9964E-05
9.9982E-05 0.968955 0.0036272 0.00941178 9.9982E-05 0.0178065
9.9964E-05 0.992528 9.9964E-05 9.9964E-05 0.00707211 9.9964E-05
9.9982E-05 0.0257681 0.657596 0.101415 0.215021 9.9982E-05
9.996E-05 0.9995 9.996E-05 9.996E-05 9.996E-05 9.996E-05
0.0138746 0.923142 9.9982E-05 0.0430412 9.9982E-05 0.0197421
9.9973E-05 0.515489 0.479534 9.9973E-05 0.00467763 9.9973E-05
9.996E-05 0.9995 9.996E-05 9.996E-05 9.996E-05 9.996E-05
9.9982E-05 0.031259 0.231338 9.9982E-05 0.73069 0.00651279
0.0240672 9.9973E-05 0.309427 9.9973E-05 0.666206 9.9973E-05
0.0340098 0.0238232 0.0724427 9.9991E-05 0.862572 0.00705256
0.00913737 0.0622747 0.880119 9.9982E-05 0.0482692 9.9982E-05
9.9982E-05 0.0239964 9.9982E-05 0.731166 0.200413 0.0442245
0.0165556 0.0495846 0.074169 9.9982E-05 0.859491 9.9982E-05
0.00211355 9.9991E-05 0.216151 0.249131 0.473124 0.0593803
0.0192343 0.0298597 0.186328 9.9982E-05 0.764378 9.9982E-05
0.0348115 9.9982E-05 0.290896 9.9982E-05 0.651929 0.0221634
0.00341916 0.0227158 0.223935 9.9991E-05 0.728828 0.0210015
0.0404841 9.9991E-05 0.281419 0.00353588 0.618552 0.0559089
0.0514902 9.9982E-05 0.331035 9.9982E-05 0.591019 0.0262555
0.0327228 9.9973E-05 0.0451536 9.9973E-05 0.921824 9.9973E-05
0.0173843 0.0473622 9.9991E-05 0.000162458 0.927728 0.00726288
9.9982E-05 0.0448909 0.00297686 0.0236387 0.928294 9.9982E-05
9.9991E-05 0.0550666 0.766323 0.0440955 0.0886213 0.0457935
0.40245 0.0278212 9.9991E-05 0.0243949 0.0308958 0.514338
0.362022 0.0483408 0.0287959 0.0708741 9.9991E-05 0.489867
0.752938 0.00513869 9.9991E-05 0.105903 0.0338726 0.102048
0.00403524 0.110461 0.369717 0.296643 0.162232 0.0569124
0.380124 0.0110522 0.00169834 0.0882723 9.9991E-05 0.518753
0.365786 0.0507025 0.0184831 0.109941 0.00102189 0.454065
0.0588451 0.125171 0.147841 0.146659 0.486049 0.035435
0.562997 9.9982E-05 0.0445202 0.0127949 9.9982E-05 0.379488
0.456246 0.014282 0.033876 0.0547904 9.9991E-05 0.440705
0.473484 0.0109626 9.9991E-05 0.0450222 0.000958316 0.469473
0.230119 0.0268499 0.0535807 0.119759 9.9991E-05 0.569592
0.247552 0.00987003 0.061469 0.0989134 9.9991E-05 0.582096
0.462185 9.9991E-05 0.026133 0.053729 0.0313803 0.426473
9.99729E-05 9.99729E-05 9.99729E-05 0.864694 0.0806362 0.0543697
0.762586 0.00362321 0.0239919 0.00693269 9.9991E-05 0.202767
9.9982E-05 0.0266954 0.916801 0.0302561 0.0260477 9.9982E-05
0.00781516 0.0360857 0.95433 9.9982E-05 0.00156928 9.9982E-05
0.907054 0.0127482 0.0180019 0.036058 9.9991E-05 0.026038
0.188651 0.0833513 0.198244 0.236651 0.176476 0.116627
9.9982E-05 9.9982E-05 0.0207905 0.720226 0.22966 0.0291237
0.0744378 9.9982E-05 9.9982E-05 0.0606107 0.793304 0.0714478
9.9991E-05 0.012721 0.811664 0.0377746 0.0995122 0.0382278
0.125664 0.0356557 0.0102138 0.0207132 0.632225 0.175527
0.0168628 9.9991E-05 0.0463287 0.693887 0.218156 0.0246659
0.271418 0.0433594 0.0390935 0.047488 0.0355478 0.563093
9.9973E-05 9.9973E-05 9.9973E-05 0.839052 0.15114 0.0095077
0.0648693 0.0583139 0.150074 0.523155 0.069694 0.133894
9.9973E-05 0.0209848 0.963517 9.9973E-05 0.0151981 9.9973E-05
0.783066 0.021954 0.0367961 0.029339 0.00398316 0.124862
0.451417 0.00749174 9.9973E-05 9.9973E-05 0.540791 9.9973E-05
0.92957 0.022429 0.0465774 9.9982E-05 0.00122352 9.9982E-05
0.0905197 0.0349316 0.0344903 0.346492 0.417191 0.0763754
0.9995 9.996E-05 9.996E-05 9.996E-05 9.996E-05 9.996E-05
0.00164895 9.9973E-05 9.9973E-05 0.709585 0.288466 9.9973E-05
0.815723 0.0181711 0.0718537 0.0276188 0.0665338 9.9991E-05
0.869922 0.0200331 0.0475218 0.0301963 0.0322263 9.9991E-05
0.0767222 0.0066604 0.870483 9.9982E-05 0.0459345 9.9982E-05
0.155575 9.9991E-05 0.416268 0.127531 0.12898 0.171546
0.0713116 0.0505783 0.356754 0.107403 0.3623 0.0516532
0.0694695 0.028239 0.0276899 0.0620386 0.02118 0.791383
9.9973E-05 9.9973E-05 9.9973E-05 0.0217754 0.0316167 0.946308
9.9991E-05 0.0232658 0.0111994 0.0371666 0.031676 0.896592
9.9991E-05 0.00446679 0.0237076 0.0604613 0.0205562 0.890708
9.9964E-05 9.9964E-05 0.975418 9.9964E-05 9.9964E-05 0.0241817
0.0380158 0.00114223 0.921861 0.0387814 9.9982E-05 9.9982E-05
9.9991E-05 0.0178801 0.803798 0.0632318 0.083835 0.0311551
0.337532 0.00936786 0.00908717 0.107602 0.00108797 0.535323
0.14423 0.126196 0.236747 0.176703 0.164604 0.151521
0.0383344 0.140787 0.387532 0.2967 0.0104373 0.12621
0.0300367 0.0225312 0.785146 0.0647866 0.0890831 0.00841657
0.0395114 0.0778774 0.68739 0.0852434 0.0752939 0.0346838
0.0270021 0.0594588 0.7646 0.0619314 9.9991E-05 0.0869072
0.067753 0.159863 0.515752 0.177565 0.0123155 0.0667518
0.0643352 0.026382 0.0208116 0.786272 0.053522 0.0486769
9.9991E-05 0.015041 0.0282136 0.06057 0.881954 0.0141215
0.00903066 0.0659117 0.249294 0.0579777 0.606525 0.0112614
0.984966 9.9973E-05 9.9973E-05 0.00677739 0.00795631 9.9973E-05
0.916055 9.9964E-05 9.9964E-05 0.0835455 9.9964E-05 9.9964E-05
0.925216 9.9973E-05 0.0143299 0.060154 9.9973E-05 9.9973E-05
0.458808 9.9973E-05 9.9973E-05 0.189872 9.9973E-05 0.35102
0.336015 0.0607187 0.0354291 0.437941 9.9991E-05 0.129796
0.387735 0.0510328 0.0163388 0.421347 9.9991E-05 0.123447
9.9982E-05 0.00573904 0.916159 0.0449839 9.9982E-05 0.0329186
0.0325156 9.99939E-05 0.832577 0.074708 0.0237505 0.0363486
9.9964E-05 9.9964E-05 0.968113 9.9964E-05 0.0314868 9.9964E-05
0.0107562 0.00317101 9.9982E-05 0.697193 0.288679 9.9982E-05
0.958555 0.0154602 0.0256846 9.9973E-05 9.9973E-05 9.9973E-05
0.973362 0.0262382 9.9964E-05 9.9964E-05 9.9964E-05 9.9964E-05
0.942921 9.9973E-05 9.9973E-05 9.9973E-05 0.0277885 0.0289903
0.904048 9.9973E-05 9.9973E-05 9.9973E-05 0.0396762 0.0559762
0.903843 0.00887929 0.0183358 0.00965215 0.0339803 0.0253097
0.0888433 9.9973E-05 9.9973E-05 0.0848192 0.826038 9.9973E-05
0.344936 0.0841809 0.0600467 0.14344 9.9991E-05 0.367296
9.99639E-05 9.99639E-05 9.99639E-05 0.786774 0.212826 9.99639E-05
0.0940346 9.9973E-05 9.9973E-05 0.079408 0.826258 9.9973E-05
0.0537365 9.9982E-05 0.79855 0.125694 9.9982E-05 0.0218198
9.9973E-05 9.9973E-05 9.9973E-05 0.03199 0.966497 0.00121288
9.9964E-05 9.9964E-05 9.9964E-05 0.106969 0.892632 9.9964E-05
0.00216572 0.0109487 9.9982E-05 0.101859 0.884827 9.9982E-05
0.952101 0.0324993 0.00109736 9.9982E-05 0.0141021 9.9982E-05
0.991363 9.9964E-05 9.9964E-05 9.9964E-05 0.00823687 9.9964E-05
0.417341 0.0152676 0.0702168 0.282564 0.0274976 0.187113
0.955783 0.0345124 9.9982E-05 0.00258208 0.00692269 9.9982E-05
0.9995 9.996E-05 9.996E-05 9.996E-05 9.996E-05 9.996E-05
0.391981 0.00455302 9.9982E-05 9.9982E-05 0.555141 0.0481257
0.869688 9.9982E-05 0.0436629 0.00579991 9.9982E-05 0.0806497
0.848911 9.9982E-05 0.0538373 0.0352408 9.9982E-05 0.061811
0.283067 0.0302108 0.066559 0.455472 9.9991E-05 0.164591
9.9982E-05 0.00426915 9.9982E-05 0.724875 0.265221 0.00543526
0.753039 9.9982E-05 9.9982E-05 0.0728915 0.0940974 0.0797717
0.0116227 0.43246 0.288152 9.9991E-05 0.0593994 0.208266
0.736106 9.9982E-05 9.9982E-05 0.0258245 0.149803 0.0880662
0.974938 0.00887339 9.9973E-05 9.9973E-05 0.0158886 9.9973E-05
0.043974 9.9973E-05 9.9973E-05 0.037477 0.918249 9.9973E-05
0.287157 9.9982E-05 9.9982E-05 0.0663702 0.638141 0.00813203
9.9973E-05 9.9973E-05 0.0218801 0.818035 0.159785 9.9973E-05
0.0333376 9.9982E-05 0.00929832 0.955162 9.9982E-05 0.0020025
9.9964E-05 9.9964E-05 0.0810439 9.9964E-05 0.918556 9.9964E-05
9.9991E-05 0.00109676 0.00444471 0.861468 0.118556 0.0143341
0.00787701 9.9973E-05 9.9973E-05 0.723057 0.268767 9.9973E-05
0.0221614 9.9982E-05 0.00177466 0.674089 0.301775 9.9982E-05
9.996E-05 9.996E-05 9.996E-05 0.9995 9.996E-05 9.996E-05
0.060373 0.00847161 0.00111761 0.576757 0.302374 0.0509067
9.9964E-05 9.9964E-05 9.9964E-05 0.783993 0.215607 9.9964E-05
0.269535 0.0579687 0.0955307 0.40615 9.9991E-05 0.170716
9.9964E-05 9.9964E-05 0.96593 9.9964E-05 0.0336698 9.9964E-05
0.0598892 9.9982E-05 0.783323 0.142224 9.9982E-05 0.0143644
9.996E-05 0.9995 9.996E-05 9.996E-05 9.996E-05 9.996E-05
0.0524031 9.9991E-05 0.728403 0.15235 0.0419957 0.0247479
9.9982E-05 0.0169668 0.857346 0.000238345 0.125249 9.9982E-05
0.00622692 9.9982E-05 0.334597 0.422638 0.236338 9.9982E-05
9.9973E-05 0.0164869 0.887172 9.9973E-05 0.0960416 9.9973E-05
9.9991E-05 0.0387911 0.274107 0.08332 0.57337 0.0303119
0.00676736 0.00699088 0.979206 9.9982E-05 9.9982E-05 0.00683594
0.0281123 0.16036 0.143689 0.622121 9.9991E-05 0.0456182
9.9982E-05 9.9982E-05 0.0958386 0.683161 0.149676 0.0711239
0.0271692 0.0429326 0.242225 0.363542 0.311437 0.0126949
0.0269141 0.0207658 0.899579 9.9982E-05 0.0525413 9.9982E-05
0.939097 0.0281514 9.9973E-05 9.9973E-05 9.9973E-05 0.0324519
9.9964E-05 9.9964E-05 0.0592325 9.9964E-05 0.940368 9.9964E-05
0.0208625 0.114943 0.175864 0.592376 9.9991E-05 0.0958549
9.9973E-05 9.9973E-05 0.0415268 0.012081 0.946092 9.9973E-05
0.946331 9.9973E-05 9.9973E-05 0.0269179 9.9973E-05 0.0264513
9.99639E-05 9.99639E-05 9.99639E-05 0.764459 0.235142 9.99639E-05
0.00156823 0.974055 9.9982E-05 0.0136408 9.9982E-05 0.0105362
0.0340122 0.700172 0.0432662 0.0984223 0.0256997 0.098428
9.9964E-05 0.0264229 0.973177 9.9964E-05 9.9964E-05 9.9964E-05
9.9982E-05 0.0522336 0.248518 0.0722855 0.626763 9.9982E-05
9.99639E-05 9.99639E-05 9.99639E-05 0.820602 0.178998 9.99639E-05
9.99639E-05 9.99639E-05 9.99639E-05 0.780713 0.218887 9.99639E-05
0.0867239 9.9982E-05 9.9982E-05 0.141096 0.644721 0.127259
9.9991E-05 0.0360003 0.287797 0.00542236 0.667866 0.00281527
0.926846 9.9973E-05 0.00890645 0.0639478 9.9973E-05 9.9973E-05
0.369467 0.0490858 0.0441189 0.422036 9.9991E-05 0.115193
0.593857 9.9973E-05 9.9973E-05 9.9973E-05 0.0375234 0.368319
0.155038 0.104336 0.0784606 0.047095 0.0573837 0.557687
0.171136 0.0689902 0.0536261 0.131683 0.0287874 0.545778
0.400431 0.00784751 0.0428098 0.118239 9.9991E-05 0.430573
0.372784 0.0410595 0.0288468 0.433727 9.9991E-05 0.123483
0.213699 0.0495365 0.0621636 0.100181 0.0233885 0.551032
0.378933 9.9982E-05 0.0433282 0.109318 9.9982E-05 0.468221
0.100619 0.0784392 0.090527 0.585692 9.9991E-05 0.144623
0.463904 9.9982E-05 0.0377289 0.111146 9.9982E-05 0.387021
0.105728 0.0755709 0.136555 0.519908 9.9991E-05 0.162137
9.9973E-05 0.00535377 9.9973E-05 0.866693 0.127654 9.9973E-05
0.121776 0.053605 0.00596928 0.558381 0.066278 0.193991
0.384483 0.0560152 0.0371679 0.187988 0.0281747 0.306171
0.324753 0.0250421 0.0617202 0.243199 0.0703215 0.274964
0.325684 0.0507939 0.0348609 0.39621 9.9991E-05 0.192351
0.438416 0.0399439 0.0289878 0.0595203 0.0310827 0.402049
9.9973E-05 9.9973E-05 0.161807 9.9973E-05 0.835272 0.00262116
0.967216 9.9973E-05 9.9973E-05 0.0318679 0.000616404 9.9973E-05
0.166799 0.0585097 0.0770983 0.150809 9.9991E-05 0.546684
0.476192 0.0351046 0.0245345 0.149461 9.9991E-05 0.314607
0.269396 0.0413095 0.0452617 0.099488 9.9991E-05 0.544445
0.294814 0.0427806 0.0193612 0.0699059 0.0251904 0.547948
0.0324906 9.9982E-05 0.753473 0.174967 9.9982E-05 0.0388697
0.0225428 0.0476863 0.371283 0.0507657 0.445567 0.0621552
0.872887 0.00824948 9.9982E-05 0.0270759 9.9982E-05 0.0915872
9.9973E-05 9.9973E-05 0.0633701 0.0196622 0.916668 9.9973E-05
0.0796145 9.9982E-05 0.734665 0.160006 0.0255143 9.9982E-05
0.0255321 0.0402646 9.9973E-05 0.933903 9.9973E-05 9.9973E-05
0.9995 9.996E-05 9.996E-05 9.996E-05 9.996E-05 9.996E-05
0.993029 0.00657085 9.9964E-05 9.9964E-05 9.9964E-05 9.9964E-05
0.904225 0.0262782 9.9982E-05 9.9982E-05 0.0306282 0.0386691
0.9995 9.996E-05 9.996E-05 9.996E-05 9.996E-05 9.996E-05
0.0267655 9.9973E-05 9.9973E-05 0.715063 0.257872 9.9973E-05
0.88232 0.028351 0.0725929 9.9982E-05 0.0165366 9.9982E-05
0.0460002 9.9991E-05 0.77002 0.140823 0.000903083 0.0421537
9.9964E-05 9.9964E-05 0.980582 9.9964E-05 9.9964E-05 0.0190182
9.9982E-05 0.0146187 0.930538 9.9982E-05 0.040557 0.0140864
9.9964E-05 0.0298674 0.969733 9.9964E-05 9.9964E-05 9.9964E-05
9.9982E-05 0.0109683 0.912719 9.9982E-05 0.0615514 0.0145612
0.0813153 0.0686955 0.106183 0.137227 0.0021396 0.60444
0.0771203 0.100722 0.102542 0.107434 0.00668613 0.605496
9.9982E-05 9.9982E-05 0.0298424 0.037464 0.0216519 0.910842
0.0576999 9.9973E-05 0.0159916 9.9973E-05 9.9973E-05 0.926009
9.9982E-05 0.0108154 0.0127739 9.9982E-05 0.0106099 0.965601
9.9991E-05 0.0297557 0.0284465 0.61051 0.0426911 0.288496
9.9973E-05 0.0066177 9.9973E-05 9.9973E-05 0.0462896 0.946793
0.223105 0.0238064 0.205419 0.118541 0.306689 0.122441
9.996E-05 9.996E-05 9.996E-05 9.996E-05 9.996E-05 0.9995
9.996E-05 9.996E-05 9.996E-05 9.996E-05 9.996E-05 0.9995
0.00804594 0.0179417 9.9973E-05 9.9973E-05 9.9973E-05 0.973712
0.266202 0.0121462 0.0460253 9.9991E-05 0.0378127 0.637714
9.996E-05 9.996E-05 9.996E-05 9.996E-05 9.996E-05 0.9995
0.0188098 0.0325326 0.0270875 9.9991E-05 0.0194765 0.901994
9.9982E-05 0.000611113 0.118615 9.9982E-05 0.865928 0.0146459
0.00716349 0.0432448 0.256094 0.0320887 0.587239 0.07417
9.9982E-05 9.9982E-05 0.733636 0.0956543 0.128207 0.0423029
9.9982E-05 0.0187571 0.884635 0.0189919 0.077416 9.9982E-05
9.9982E-05 9.9982E-05 0.0783018 0.823038 0.0817574 0.016703
9.9991E-05 0.063295 0.796218 0.0299689 0.0914393 0.0189792
0.00627947 0.016127 0.0204425 9.9982E-05 0.956951 9.9982E-05
9.9964E-05 9.9964E-05 0.0993497 9.9964E-05 0.90025 9.9964E-05
9.9964E-05 0.0129889 9.9964E-05 0.986611 9.9964E-05 9.9964E-05
0.00574919 0.0732622 0.762261 0.073836 0.0296651 0.0552263
0.0388347 0.101424 0.523441 0.13863 0.167286 0.0303837
0.0106476 0.078208 0.0777658 0.797748 9.99911E-05 0.0355308
9.9991E-05 0.0247918 0.00814553 0.905519 0.0338562 0.0275871
9.9991E-05 0.0029985 0.100641 0.761243 0.113559 0.0214589
0.083899 9.9991E-05 0.268738 0.0891794 0.539549 0.0185348
9.9991E-05 0.0205412 0.0342573 0.881536 0.0632312 0.000334753
9.9982E-05 0.00424165 0.0625388 0.0115899 0.92143 9.9982E-05
0.0373676 0.00778098 9.9973E-05 0.954552 9.9973E-05 9.9973E-05
0.0241217 0.0324431 9.9973E-05 0.943135 9.9973E-05 9.9973E-05
0.319855 0.0566673 9.9982E-05 0.394145 9.9982E-05 0.229133
9.9973E-05 0.00964659 0.00776237 0.982291 9.9973E-05 9.9973E-05
9.9964E-05 0.0117964 9.9964E-05 0.987804 9.9964E-05 9.9964E-05
9.996E-05 9.996E-05 9.996E-05 0.9995 9.996E-05 9.996E-05
0.0633191 0.101471 0.214557 0.491881 0.0476878 0.0810844
0.012077 9.9982E-05 0.157446 0.0589927 0.771284 9.9982E-05
0.0518247 0.00384016 0.0363619 0.0326825 0.872909 0.00238164
0.016438 0.00275339 0.0180085 0.0947306 0.86797 9.9991E-05
0.00921812 9.9973E-05 0.107567 9.9973E-05 0.882915 9.9973E-05
0.940614 9.9973E-05 0.000863628 0.0582221 9.9973E-05 9.9973E-05
0.395798 0.0328627 0.0526827 0.282717 0.0315554 0.204385
0.0291943 0.0422535 0.791517 0.0238466 0.113088 9.9991E-05
9.9991E-05 0.0269191 0.320775 0.118503 0.520555 0.0131471
0.099749 0.0549449 0.00114353 0.643263 0.0617796 0.13912
0.139081 0.0457974 0.0208479 0.621131 0.0391487 0.133995
0.0437096 9.9973E-05 0.938006 9.9973E-05 9.9973E-05 0.017984
0.0453646 9.9991E-05 0.736281 0.169678 0.0290474 0.0195285
0.261195 0.0116747 0.0021942 0.102938 0.276938 0.345061
0.093253 9.9982E-05 9.9982E-05 0.40595 0.429097 0.0715002
9.9973E-05 9.9973E-05 0.8388 0.0609988 0.099901 9.9973E-05
0.0576554 0.122555 0.271255 0.466725 9.9991E-05 0.0817099
0.113589 0.0687493 9.9991E-05 0.581699 0.0822353 0.153627
0.0332791 0.141168 0.167222 0.496534 0.0463861 0.11541
0.0852985 0.131487 0.268244 0.365723 0.0557589 0.093489
9.9982E-05 0.0765572 0.920102 9.9982E-05 0.00107205 0.0020687
0.0234727 9.9982E-05 0.947716 0.014681 9.9982E-05 0.0139304
9.9964E-05 0.0171314 0.982469 9.9964E-05 9.9964E-05 9.9964E-05
9.9991E-05 0.0210144 0.89199 0.0247195 0.0260716 0.036105
9.9973E-05 0.0168429 0.974572 0.00828564 9.9973E-05 9.9973E-05
9.99641E-05 9.99641E-05 0.921548 9.99641E-05 0.0780517 9.99641E-05
0.0450626 0.171898 0.534699 0.158867 9.9991E-05 0.0893731
0.0814463 0.11899 0.302133 0.335068 9.9991E-05 0.162262
9.9964E-05 9.9964E-05 0.979699 0.0199015 9.9964E-05 9.9964E-05
0.0578518 0.117481 0.268834 0.427834 9.9991E-05 0.1279
0.0445461 0.0757724 0.189056 0.537279 0.0359043 0.117442
0.410815 0.00950443 0.00432802 0.052529 9.9991E-05 0.522723
0.393494 9.9973E-05 9.9973E-05 0.0951513 9.9973E-05 0.511054
0.372453 9.9982E-05 9.9982E-05 0.064149 0.0242565 0.538942
0.38359 0.0258631 9.9982E-05 0.0564061 9.9982E-05 0.533941
0.381494 0.0113216 0.0203687 0.0526734 9.9991E-05 0.534042
0.400573 0.00837472 9.9982E-05 0.0457151 9.9982E-05 0.545137
0.415588 0.0280937 9.9982E-05 0.0351904 9.9982E-05 0.520928
0.0431064 9.9973E-05 9.9973E-05 0.951673 9.9973E-05 0.00492044
0.00886586 0.0366134 9.9973E-05 0.954221 9.9973E-05 9.9973E-05
0.252925 0.0245209 0.0287742 0.483443 9.9991E-05 0.210237
0.291876 0.0251115 9.9982E-05 0.498206 9.9982E-05 0.184606
0.0325008 0.00480433 0.85122 9.9991E-05 0.0401943 0.0711806
0.0411577 0.0506137 0.800273 0.0650546 9.9991E-05 0.042801
9.996E-05 9.996E-05 0.9995 9.996E-05 9.996E-05 9.996E-05
0.96362 0.00486214 9.9982E-05 9.9982E-05 0.00876098 0.0225565
0.875586 0.00438445 9.9973E-05 9.9973E-05 9.9973E-05 0.119729
0.96437 0.00825196 0.0131561 9.9982E-05 9.9982E-05 0.0140217
0.843628 9.9964E-05 9.9964E-05 9.9964E-05 9.9964E-05 0.155973
0.448224 9.9991E-05 0.0171364 0.268748 0.214116 0.0516764
0.387539 9.9991E-05 0.0495627 0.164704 0.0574676 0.340627
0.41176 0.0169527 9.9991E-05 0.0441245 0.0650952 0.461967
0.840478 9.9964E-05 9.9964E-05 9.9964E-05 9.9964E-05 0.159122
0.846223 9.9964E-05 9.9964E-05 9.9964E-05 9.9964E-05 0.153378
0.996058 0.00354251 9.9964E-05 9.9964E-05 9.9964E-05 9.9964E-05
0.855984 9.9982E-05 0.00492392 9.9982E-05 0.000681757 0.13821
0.0772037 0.113751 0.183854 0.125042 0.32566 0.174489
9.9973E-05 0.01656 0.964336 0.0188039 9.9973E-05 9.9973E-05
0.0558228 0.0289271 0.0013245 0.913726 9.9982E-05 9.9982E-05
0.0352685 0.0493356 0.647092 0.0516566 0.216547 9.9991E-05
9.9991E-05 0.000283175 0.0524141 0.813786 0.0907163 0.0427
0.893576 9.9982E-05 0.0173906 0.0764563 0.0123767 9.9982E-05
0.364853 0.000399139 0.0128336 0.0799934 9.9991E-05 0.541821
0.719455 0.0172926 0.0403756 0.0714593 0.00640449 0.145013
0.0775014 0.12123 0.272867 0.497025 9.9991E-05 0.0312767
0.0987019 0.120405 0.179691 0.477487 0.00834785 0.115367
0.0117659 0.0289393 0.533255 0.0635498 0.322 0.0404899
9.9964E-05 9.9964E-05 9.9964E-05 0.875877 0.123724 9.9964E-05
0.113324 0.0631029 0.0608675 0.00723242 0.0125204 0.742953
0.0402897 0.00622017 0.0687847 0.0122277 9.9991E-05 0.872378
9.9973E-05 9.9973E-05 0.0184076 0.005579 9.9973E-05 0.975714
0.0283149 0.0282521 9.9973E-05 9.9973E-05 9.9973E-05 0.943133
9.996E-05 9.996E-05 9.996E-05 9.996E-05 9.996E-05 0.9995
0.023885 0.0522843 0.0437695 9.9982E-05 9.9982E-05 0.879861
0.0561687 0.0617157 9.9973E-05 0.881816 9.9973E-05 9.9973E-05
0.467378 0.074938 0.0564797 0.0892126 9.9991E-05 0.311892
0.864555 9.9982E-05 0.0275347 9.9982E-05 0.0170489 0.0906613
0.9995 9.996E-05 9.996E-05 9.996E-05 9.996E-05 9.996E-05
0.9995 9.996E-05 9.996E-05 9.996E-05 9.996E-05 9.996E-05
0.856168 0.0132106 0.0159193 9.9991E-05 0.00469631 0.109906
9.996E-05 9.996E-05 9.996E-05 9.996E-05 9.996E-05 0.9995
9.9973E-05 0.0147023 0.0175845 9.9973E-05 9.9973E-05 0.967413
0.286582 0.0200986 0.0213065 9.9991E-05 0.0302619 0.641651
0.20635 0.0131281 0.00444498 9.9991E-05 0.0439618 0.732015
0.0224616 9.9964E-05 9.9964E-05 9.9964E-05 9.9964E-05 0.977139
0.345003 0.00228386 0.00586597 9.9991E-05 0.0649377 0.58181
0.24123 0.00749445 0.318717 0.0129496 0.0776831 0.341926
0.00116834 0.0200256 0.804627 0.0670918 0.100915 0.00617267
9.9973E-05 9.9973E-05 0.773817 9.9973E-05 0.163147 0.062736
9.9973E-05 0.0543295 0.859789 9.9973E-05 0.0855811 9.9973E-05
9.9973E-05 0.0350755 0.925585 9.9973E-05 0.0390398 9.9973E-05
9.99639E-05 9.99639E-05 9.99639E-05 9.99639E-05 0.0142318 0.985368
9.9964E-05 0.00861699 9.9964E-05 9.9964E-05 9.9964E-05 0.990983
0.228111 0.0223808 0.0211588 9.9991E-05 0.0321521 0.696097
0.12183 9.9982E-05 0.0279645 9.9982E-05 0.00762262 0.842383
9.9982E-05 0.0071495 9.9982E-05 0.000359424 0.0134198 0.978871
9.9982E-05 0.051522 9.9982E-05 0.00663196 0.00600659 0.935639
9.996E-05 9.996E-05 9.996E-05 9.996E-05 9.996E-05 0.9995
0.249657 0.014777 0.0119591 0.0333855 0.0211725 0.669049
9.9973E-05 9.9973E-05 0.0687 0.681111 0.24989 9.9973E-05
9.9973E-05 0.0328769 9.9973E-05 0.586869 0.379954 9.9973E-05
9.99731E-05 9.99731E-05 9.99731E-05 0.72241 0.273153 0.00413736
9.9982E-05 9.9982E-05 0.0139971 0.735898 0.216132 0.0337733
0.386437 9.9991E-05 0.0307981 0.0938592 0.0188221 0.469983
0.44274 9.9991E-05 0.0187473 0.0858813 0.000755812 0.451776
0.567383 9.9982E-05 9.9982E-05 0.0418898 0.0309241 0.359603
0.582749 9.9982E-05 9.9982E-05 0.0409729 0.0435674 0.332511
0.0673964 0.0855646 0.114386 0.134879 0.0354028 0.562372
0.521974 0.0234985 9.9982E-05 0.363158 9.9982E-05 0.0911698
9.99639E-05 9.99639E-05 9.99639E-05 9.99639E-05 0.0100223 0.989578
0.323298 9.9982E-05 9.9982E-05 0.0124376 0.0754793 0.588586
0.330847 0.0202225 0.00536947 0.0451563 0.0305855 0.567819
0.0391362 0.056288 0.479564 0.365055 0.0403417 0.0196149
0.13176 0.0558724 0.0625237 0.713402 0.0109349 0.0255069
9.9982E-05 0.00478187 0.879091 0.0285909 0.0873367 9.9982E-05
0.0128285 0.0244849 0.0671025 9.9982E-05 0.895384 9.9982E-05
9.9982E-05 0.040663 0.297333 9.9982E-05 0.657557 0.00424749
0.00704079 0.0103382 0.466805 0.0105566 0.461497 0.043762
0.0156991 0.0373233 0.399825 0.478602 0.0510453 0.0175057
9.9964E-05 9.9964E-05 0.912871 9.9964E-05 0.0867294 9.9964E-05
0.0272748 9.9991E-05 0.927071 0.00013139 0.0378392 0.00758361
9.9982E-05 0.00563172 0.925656 9.9982E-05 0.0184514 0.0500611
0.0231716 0.00996218 0.875533 0.0112533 0.0697924 0.0102872
0.0887339 0.0649729 0.129163 0.175143 0.0343506 0.507636
0.0630792 0.0348475 0.42053 0.198386 0.00581058 0.277347
0.232055 0.0192269 0.283643 0.119714 9.99911E-05 0.345261
0.193234 0.048553 0.0547351 0.164181 9.9991E-05 0.539197
0.0436831 0.0555723 0.525245 0.193787 0.117819 0.0638937
0.00705804 0.0387255 0.942126 0.0118909 9.9982E-05 9.9982E-05
0.420117 0.0184657 9.9982E-05 0.113687 9.9982E-05 0.447531
9.9991E-05 0.0805119 0.731783 0.0504885 0.0865075 0.050609
9.9973E-05 9.9973E-05 0.148253 9.9973E-05 0.84834 0.00310689
0.0125458 0.0213967 0.0133191 9.9982E-05 0.952538 9.9982E-05
9.9964E-05 9.9964E-05 0.946186 9.9964E-05 0.0534138 9.9964E-05
0.0341111 0.488455 0.148925 0.18602 0.0059417 0.136547
0.0280733 0.0046734 0.47343 0.0836992 0.394103 0.016021
9.9964E-05 9.9964E-05 0.0743415 9.9964E-05 0.925259 9.9964E-05
9.9991E-05 0.0371479 0.641231 0.105498 0.186724 0.0292987
0.0292154 0.497527 0.123808 0.223343 0.0381249 0.0879819
0.000251604 0.98193 0.00466997 9.9982E-05 9.9982E-05 0.0129483
0.841862 9.9982E-05 0.0254857 0.0290355 9.9982E-05 0.103416
0.0753496 0.0155212 0.0663184 0.120621 0.699797 0.0223931
0.123959 0.0597447 0.0232999 0.533692 0.0718335 0.187471
0.065161 0.0478928 0.0380478 0.805981 9.9991E-05 0.0428177
0.045875 0.0489288 0.086673 0.818323 9.9982E-05 9.9982E-05
9.9973E-05 0.0278188 9.9973E-05 0.0625664 0.909315 9.9973E-05
0.92169 9.99733E-05 9.99733E-05 0.0346041 0.0434062 9.99733E-05
0.236094 0.0691871 0.0410767 0.353716 0.00164911 0.298277
9.99639E-05 9.99639E-05 9.99639E-05 0.779494 0.220106 9.99639E-05
9.9973E-05 9.9973E-05 0.015361 0.0252708 0.959068 9.9973E-05
9.9973E-05 0.0107366 9.9973E-05 0.789262 0.199701 9.9973E-05
0.137809 0.0749922 0.0158963 0.596485 0.0361762 0.138641
0.127884 0.0753441 9.9991E-05 0.545837 0.0919791 0.158856
0.465648 9.9991E-05 0.0827654 0.220643 0.00395202 0.226892
0.702001 0.00870628 0.0625822 0.0480782 0.0556681 0.122964
0.250172 0.0211979 0.0422374 0.462012 9.9991E-05 0.224281
0.0981545 0.0290251 0.00222824 0.821094 9.9991E-05 0.0493979
9.9973E-05 9.9973E-05 0.0245985 0.051808 0.923294 9.9973E-05
9.9973E-05 9.9973E-05 0.0403813 0.0443658 0.914953 9.9973E-05
0.0383709 0.136194 0.411702 0.33994 9.9991E-05 0.0736927
0.399484 0.0134718 0.0349017 0.278632 0.0561388 0.217372
0.0652183 0.010822 0.0012494 0.911735 9.9991E-05 0.0108752
9.9973E-05 0.019701 0.958864 0.021135 9.9973E-05 9.9973E-05
0.313192 0.0268908 0.0490485 0.437051 9.9991E-05 0.173717
0.112671 0.00794552 0.373626 0.340566 0.0259171 0.139274
0.38088 0.154994 0.0563313 0.0879572 9.99911E-05 0.319737
0.0563295 0.123859 0.5521 0.171374 0.0169004 0.0794369
0.0335569 0.042615 9.9982E-05 0.410029 0.513599 9.9982E-05
0.0201435 0.121026 0.199556 0.604966 9.9991E-05 0.0542078
9.9964E-05 9.9964E-05 0.987814 9.9964E-05 9.9964E-05 0.0117864
9.9973E-05 9.9973E-05 0.93409 0.000955207 9.9973E-05 0.0646551
9.9973E-05 9.9973E-05 0.00555236 0.0484048 0.945743 9.9973E-05
9.9964E-05 0.0217176 0.977883 9.9964E-05 9.9964E-05 9.9964E-05
0.0568666 0.0820006 0.613099 0.142662 9.9991E-05 0.105272
9.9991E-05 0.0517908 0.854007 0.0131612 0.0538401 0.0271013
0.0238063 9.9982E-05 0.825428 0.090979 0.0595862 9.9982E-05
0.113502 0.0712395 0.0177376 0.554965 0.0964851 0.146071
0.86353 9.9982E-05 0.024454 0.0116144 9.9982E-05 0.100202
0.948623 9.9964E-05 9.9964E-05 9.9964E-05 9.9964E-05 0.0509767
0.00260696 9.9991E-05 0.12656 0.0441889 0.815403 0.0111406
0.869562 9.9982E-05 0.00901404 9.9982E-05 0.0127152 0.108509
0.00640756 0.933761 0.0374877 0.0173697 9.9991E-05 0.00487437
9.9973E-05 0.980355 9.9973E-05 9.9973E-05 0.00976961 0.00957592
0.183974 0.519623 0.207401 9.9991E-05 0.0857927 0.00310906
0.0363013 9.9982E-05 0.803426 0.15449 9.9982E-05 0.0055832
9.996E-05 0.9995 9.996E-05 9.996E-05 9.996E-05 9.996E-05
9.996E-05 0.9995 9.996E-05 9.996E-05 9.996E-05 9.996E-05
0.000616578 0.993927 9.9973E-05 9.9973E-05 9.9973E-05 0.00515676
9.9964E-05 0.987422 9.9964E-05 9.9964E-05 0.0121783 9.9964E-05
9.996E-05 0.9995 9.996E-05 9.996E-05 9.996E-05 9.996E-05
0.00454853 9.9973E-05 9.9973E-05 0.0203303 0.974821 9.9973E-05
0.0872479 0.0385024 0.0245081 0.849542 9.9982E-05 9.9982E-05
9.9991E-05 0.0236797 0.00666196 0.70575 0.241186 0.022622
9.99639E-05 9.99639E-05 9.99639E-05 0.777245 0.222356 9.99639E-05
0.00726782 9.9991E-05 0.471348 0.0930168 0.426387 0.00188037
9.9982E-05 0.049927 0.0121551 0.0333452 0.904373 9.9982E-05
0.080291 0.0290764 0.0191307 0.871302 9.9982E-05 9.9982E-05
9.9991E-05 0.0564614 0.0083778 0.77213 0.138532 0.024399
0.0204067 9.9973E-05 9.9973E-05 0.638036 0.341257 9.9973E-05
9.9964E-05 0.0326106 9.9964E-05 0.96699 9.9964E-05 9.9964E-05
0.01009 0.94451 9.9973E-05 0.0451001 9.9973E-05 9.9973E-05
0.108468 0.00781255 0.15848 0.135211 0.531254 0.0587749
0.0105813 0.0135949 0.837713 0.0224571 0.0732582 0.0423954
0.0311062 0.0233003 0.868385 0.0539278 0.00936496 0.0139162
9.9991E-05 0.0417059 0.726154 0.0804326 0.0548601 0.096747
9.9973E-05 9.9973E-05 0.0696836 0.0226309 0.907386 9.9973E-05
9.9982E-05 0.0311778 0.00266805 0.208678 0.757277 9.9982E-05
0.859526 9.9964E-05 9.9964E-05 9.9964E-05 9.9964E-05 0.140074
0.156983 0.0193806 0.207462 0.15787 0.26722 0.191085
0.0239931 0.0207834 9.9991E-05 0.445408 0.508268 0.00144817
