0.0788873 0.20294 0.0743354 0.0133435 9.9982E-05 0.59967 9.9982E-05 0.0306238
0.0636197 0.37632 9.9964E-05 9.9964E-05 9.9964E-05 0.299147 9.9964E-05 0.260514
0.0916193 0.27521 9.9991E-05 0.0133198 0.00198197 0.298734 0.0159865 0.303049
0.0658767 0.227871 0.0314891 0.0226804 9.9982E-05 0.645236 9.9982E-05 0.00664652
9.9973E-05 0.00587528 0.0110567 0.0204024 9.9973E-05 0.0407181 9.9973E-05 0.921648
0.0346605 0.403356 9.9973E-05 9.9973E-05 9.9973E-05 0.273052 0.057404 0.231228
9.9955E-05 9.9955E-05 0.456779 9.9955E-05 0.529413 9.9955E-05 0.0133087 9.9955E-05
9.9946E-05 0.0151718 9.9946E-05 9.9946E-05 0.984229 9.9946E-05 9.9946E-05 9.9946E-05
9.9955E-05 9.9955E-05 9.9955E-05 9.9955E-05 0.980422 9.9955E-05 0.00108293 0.0179954
9.9955E-05 9.9955E-05 9.9955E-05 0.000941042 0.995461 9.9955E-05 9.9955E-05 0.003098
0.814517 0.0106329 0.117308 9.9973E-05 9.9973E-05 0.00447988 9.9973E-05 0.052762
0.902416 9.9964E-05 0.0239535 9.9964E-05 0.0190816 0.0541495 9.9964E-05 9.9964E-05
0.887019 9.99551E-05 0.111933 9.99551E-05 0.000547854 9.99551E-05 9.99551E-05 9.99551E-05
0.939251 9.99461E-05 0.0601497 9.99461E-05 9.99461E-05 9.99461E-05 9.99461E-05 9.99461E-05
9.9973E-05 9.9973E-05 0.0115433 0.031138 0.00438687 0.124187 0.828445 9.9973E-05
9.994E-05 9.994E-05 9.994E-05 9.994E-05 0.9993 9.994E-05 9.994E-05 9.994E-05
9.9964E-05 9.9964E-05 0.934536 0.00192283 0.0336712 0.0294699 9.9964E-05 9.9964E-05
0.0896528 9.99641E-05 9.99641E-05 9.99641E-05 0.0103843 0.00235749 0.897206 9.99641E-05
0.197808 9.9973E-05 0.0167342 0.0668693 9.9973E-05 0.13152 0.58677 9.9973E-05
0.613899 9.9964E-05 9.9964E-05 0.00232385 0.0221512 9.9964E-05 0.361226 9.9964E-05
0.0623906 9.9964E-05 9.9964E-05 9.9964E-05 0.0327614 0.108035 0.796413 9.9964E-05
0.88305 9.9982E-05 9.9982E-05 0.0164547 0.0269484 0.0148685 0.0582894 0.000188993
0.088762 0.00784684 0.0114731 9.9973E-05 0.00581929 9.9973E-05 0.885799 9.9973E-05
0.785022 0.0312867 0.0042205 0.00221679 0.0163172 0.048974 0.111863 9.9991E-05
0.908371 9.9955E-05 9.9955E-05 9.9955E-05 9.9955E-05 0.0316685 0.0594608 9.9955E-05
0.0149761 9.9964E-05 0.00824807 9.9964E-05 9.9964E-05 0.0238197 0.952556 9.9964E-05
0.0976144 0.00339744 9.9973E-05 9.9973E-05 0.0322075 0.00554179 0.860939 9.9973E-05
0.290978 0.0503579 0.0081576 0.0298703 0.00403086 0.00933591 0.607169 9.9991E-05
0.0370857 9.9964E-05 9.9964E-05 0.0286839 0.0153241 9.9964E-05 0.918506 9.9964E-05
0.0394368 0.0291167 9.9973E-05 0.00254298 9.9973E-05 0.0130712 0.915532 9.9973E-05
0.925652 9.9964E-05 9.9964E-05 0.022775 9.9964E-05 0.0121922 0.0389809 9.9964E-05
0.824151 9.99461E-05 0.175249 9.99461E-05 9.99461E-05 9.99461E-05 9.99461E-05 9.99461E-05
0.086452 0.0179287 0.00710647 0.00157537 9.9973E-05 9.9973E-05 0.886638 9.9973E-05
0.744789 0.00608024 0.0127416 9.9991E-05 0.026982 0.0467613 0.1499 0.0126454
0.0398783 0.00285362 9.9973E-05 9.9973E-05 0.000320586 9.9973E-05 0.939729 0.0169182
0.976502 9.9955E-05 9.9955E-05 9.9955E-05 9.9955E-05 9.9955E-05 0.0208788 0.00211895
0.0919656 9.9955E-05 9.9955E-05 9.9955E-05 9.9955E-05 9.9955E-05 0.900896 0.0066386
0.949582 9.9973E-05 9.9973E-05 0.0306296 0.00265511 0.00849485 0.00833838 9.9973E-05
9.9964E-05 0.111599 9.9964E-05 0.0845394 9.9964E-05 0.688673 9.9964E-05 0.114788
9.9946E-05 0.351445 9.9946E-05 9.9946E-05 9.9946E-05 9.9946E-05 9.9946E-05 0.647955
0.732214 9.9955E-05 0.173514 9.9955E-05 9.9955E-05 9.9955E-05 9.9955E-05 0.0937725
0.0263686 9.9955E-05 0.0203245 9.9955E-05 9.9955E-05 9.9955E-05 0.952807 9.9955E-05
0.926409 9.9973E-05 9.9973E-05 0.00996581 0.00384411 0.00842265 0.0510581 9.9973E-05
0.0402837 0.575784 0.28538 0.0818145 9.9973E-05 0.0164384 9.9973E-05 9.9973E-05
0.23851 9.9973E-05 9.9973E-05 0.0253852 0.0455192 0.134134 0.556151 9.9973E-05
0.426371 9.9991E-05 0.0969769 0.00758333 0.044051 0.0182925 0.403088 0.00353727
0.038849 9.9973E-05 9.9973E-05 9.9973E-05 0.0313176 0.050831 0.863696 0.0150062
0.0380608 0.381916 9.9982E-05 0.0350418 9.9982E-05 0.202665 0.0458989 0.296218
0.00477496 0.265939 9.9973E-05 0.544193 9.9973E-05 0.0703718 9.9973E-05 0.114421
9.9946E-05 9.9946E-05 0.275799 9.9946E-05 9.9946E-05 0.723601 9.9946E-05 9.9946E-05
0.119776 9.9964E-05 0.151021 9.9964E-05 0.000115915 0.728687 9.9964E-05 9.9964E-05
0.154365 9.99639E-05 0.12695 9.99639E-05 0.011217 0.707068 9.99639E-05 9.99639E-05
0.00571675 9.99549E-05 0.176248 9.99549E-05 9.99549E-05 0.817535 9.99549E-05 9.99549E-05
0.0230691 9.9964E-05 9.9964E-05 9.9964E-05 0.961375 9.9964E-05 0.00752678 0.00762974
0.0147736 0.0121425 9.9982E-05 0.0140403 0.942076 0.0098952 9.9982E-05 0.00687206
0.503133 9.9955E-05 0.474451 9.9955E-05 0.0219161 9.9955E-05 9.9955E-05 9.9955E-05
0.925456 9.9964E-05 9.9964E-05 9.9964E-05 0.00463309 0.0384074 0.0311037 9.9964E-05
0.0215764 9.9982E-05 9.9982E-05 0.0905487 0.0212707 0.462153 0.199163 0.205088
9.9964E-05 0.0204783 9.9964E-05 0.0154184 9.9964E-05 0.072206 9.9964E-05 0.891497
0.00399709 0.197687 9.9982E-05 0.288032 9.9982E-05 0.0454182 0.027335 0.437331
9.99459E-05 0.0308971 0.968503 9.99459E-05 9.99459E-05 9.99459E-05 9.99459E-05 9.99459E-05
0.00285566 9.9982E-05 0.707166 9.9982E-05 0.0105909 0.248247 0.0117443 0.0191957
0.0530539 0.0118424 0.686399 0.062516 9.9982E-05 0.172271 9.9982E-05 0.0137172
0.0165233 9.9973E-05 0.00408267 9.9973E-05 0.97002 0.00594105 0.00313296 9.9973E-05
9.9955E-05 0.108809 9.9955E-05 9.9955E-05 9.9955E-05 0.0434003 9.9955E-05 0.847291
0.00469232 9.9964E-05 0.963752 0.0151714 9.9964E-05 9.9964E-05 0.0159849 9.9964E-05
9.9973E-05 0.0912467 0.0109855 0.0263701 9.9973E-05 0.830935 9.9973E-05 0.0401628
0.927326 9.9955E-05 0.0382753 9.9955E-05 9.9955E-05 9.9955E-05 0.0338991 9.9955E-05
0.93478 9.99461E-05 0.0646202 9.99461E-05 9.99461E-05 9.99461E-05 9.99461E-05 9.99461E-05
9.9982E-05 9.9982E-05 0.033015 0.0470807 0.797612 0.0686817 0.0335504 0.0198601
9.9982E-05 9.9982E-05 0.0272243 0.0261045 0.798955 0.0912689 0.0495467 0.00670015
0.0148792 9.9982E-05 0.0309729 0.0228531 0.842889 0.0695701 0.0186358 9.9982E-05
9.9955E-05 9.9955E-05 9.9955E-05 9.9955E-05 0.94844 0.0192927 9.9955E-05 0.0317675
9.9964E-05 0.00672042 0.00536652 9.9964E-05 0.971567 0.015946 9.9964E-05 9.9964E-05
0.00423026 9.9964E-05 0.0101943 9.9964E-05 0.972259 9.9964E-05 9.9964E-05 0.0129171
9.9973E-05 0.0122641 0.00179651 9.9973E-05 0.981749 0.00151329 0.00237727 9.9973E-05
0.0145484 9.9964E-05 9.9964E-05 9.9964E-05 0.972909 9.9964E-05 0.0036427 0.00850014
9.99551E-05 0.023112 9.99551E-05 9.99551E-05 0.974825 9.99551E-05 9.99551E-05 0.00156342
9.994E-05 9.994E-05 9.994E-05 9.994E-05 0.9993 9.994E-05 9.994E-05 9.994E-05
0.0187968 9.9982E-05 0.0029481 0.021102 0.927008 0.0173981 0.0125474 9.9982E-05
0.0107222 9.9982E-05 0.0256298 0.00483412 0.932053 0.0244595 0.00210163 9.9982E-05
9.9973E-05 0.00290033 9.9973E-05 9.9973E-05 0.950685 0.0204505 0.0244421 0.00122166
0.0392247 0.00790723 9.9973E-05 9.9973E-05 0.537971 9.9973E-05 0.407096 0.00750122
0.00380454 9.99551E-05 9.99551E-05 9.99551E-05 0.547454 9.99551E-05 0.448242 9.99551E-05
9.994E-05 9.994E-05 9.994E-05 9.994E-05 0.9993 9.994E-05 9.994E-05 9.994E-05
9.9946E-05 9.9946E-05 9.9946E-05 9.9946E-05 0.950355 0.049045 9.9946E-05 9.9946E-05
9.9964E-05 0.0278146 0.00112946 9.9964E-05 0.931818 0.0388377 9.9964E-05 9.9964E-05
0.0269936 9.9973E-05 9.9973E-05 0.0116692 0.932146 9.9973E-05 0.0113234 0.017568
9.994E-05 9.994E-05 9.994E-05 9.994E-05 0.9993 9.994E-05 9.994E-05 9.994E-05
0.0325992 9.99551E-05 9.99551E-05 9.99551E-05 0.539302 9.99551E-05 0.427599 9.99551E-05
0.0594856 0.0165895 9.9982E-05 0.0259358 0.856494 9.9982E-05 0.018495 0.0227998
0.00754235 0.0148422 0.0265669 9.9973E-05 0.94299 9.9973E-05 0.00775852 9.9973E-05
0.00269798 9.9964E-05 9.9964E-05 0.0170001 0.958172 0.0217296 9.9964E-05 9.9964E-05
9.9964E-05 0.0354997 9.9964E-05 9.9964E-05 0.941782 0.00945998 0.0128587 9.9964E-05
0.00901396 9.9991E-05 0.0430702 0.0219139 0.851579 0.0380649 0.0180807 0.0181775
9.9964E-05 9.9964E-05 0.00578955 0.00562882 0.963847 0.0243345 9.9964E-05 9.9964E-05
9.9973E-05 0.0738306 0.21172 0.0187324 9.9973E-05 9.9973E-05 0.614808 0.0806084
9.99551E-05 9.99551E-05 9.99551E-05 9.99551E-05 0.955031 0.017815 0.0266538 9.99551E-05
0.00399394 9.9946E-05 9.9946E-05 9.9946E-05 0.995406 9.9946E-05 9.9946E-05 9.9946E-05
0.0178633 0.104015 0.0240442 0.0255301 0.733135 0.0338246 0.0489518 0.0126362
9.994E-05 9.994E-05 9.994E-05 9.994E-05 0.9993 9.994E-05 9.994E-05 9.994E-05
9.9964E-05 9.9964E-05 0.0131521 9.9964E-05 0.979173 9.9964E-05 0.00544011 0.00183505
9.9973E-05 0.00256895 9.9973E-05 0.00868096 0.975469 0.010588 9.9973E-05 0.00239284
0.00119657 9.9973E-05 0.00266571 9.9973E-05 0.984979 9.9973E-05 0.00775695 0.00310146
0.00233632 0.0168718 0.0126325 0.0190055 0.0389303 9.9991E-05 0.909934 0.000189949
9.994E-05 9.994E-05 9.994E-05 9.994E-05 0.9993 9.994E-05 9.994E-05 9.994E-05
9.9955E-05 9.9955E-05 9.9955E-05 0.0231279 0.944248 0.0321247 9.9955E-05 9.9955E-05
9.9946E-05 9.9946E-05 9.9946E-05 0.0345322 0.964868 9.9946E-05 9.9946E-05 9.9946E-05
0.221808 0.0200442 0.145863 9.9973E-05 0.00762466 9.9973E-05 0.60436 9.9973E-05
9.9982E-05 9.9982E-05 0.000780697 0.00468677 0.925263 0.0251787 0.0140365 0.0298548
0.0129786 9.9973E-05 0.0234475 0.0152086 0.936102 0.0119631 9.9973E-05 9.9973E-05
9.9973E-05 0.0170654 9.9973E-05 0.000832448 0.948976 0.01783 0.0149964 9.9973E-05
0.00347899 9.9964E-05 0.00267412 9.9964E-05 0.9889 0.00454744 9.9964E-05 9.9964E-05
0.244725 9.9964E-05 9.9964E-05 9.9964E-05 0.0333356 0.0595525 0.661987 9.9964E-05
9.9955E-05 9.9955E-05 0.00409368 0.00242006 0.992986 9.9955E-05 9.9955E-05 9.9955E-05
9.9982E-05 0.00323952 0.00874147 0.00230453 0.920499 0.0399779 9.9982E-05 0.0250375
0.00327167 9.99551E-05 9.99551E-05 9.99551E-05 0.515893 9.99551E-05 0.480336 9.99551E-05
0.0195693 9.9955E-05 9.9955E-05 9.9955E-05 0.974184 9.9955E-05 0.00574715 9.9955E-05
0.736091 9.9991E-05 0.00159718 0.00258803 0.0373289 0.028537 0.193285 0.000473088
0.656697 9.9964E-05 9.9964E-05 0.0153622 9.9964E-05 9.9964E-05 0.292519 0.0350221
0.843337 0.0421829 9.9982E-05 0.00880279 0.0355382 0.0170313 0.0529077 9.9982E-05
0.0422166 9.9973E-05 0.0103818 9.9973E-05 0.0495707 9.9973E-05 0.874262 0.0232689
0.0189495 9.9991E-05 0.790823 0.00531506 0.0672097 0.0999033 0.00258559 0.0151143
0.83761 0.0532304 0.00556524 9.9982E-05 0.0548861 9.9982E-05 0.0435804 0.00492824
0.339253 0.00752233 0.372613 0.02937 9.9991E-05 0.0248406 0.191631 0.0346701
0.787897 9.9982E-05 0.00597717 0.0116785 0.0161341 9.9982E-05 0.159754 0.0183586
0.664014 9.9973E-05 0.0147189 0.0346559 9.9973E-05 9.9973E-05 0.261754 0.0245573
0.702892 0.0113039 9.9982E-05 0.022551 9.9982E-05 0.0448347 0.216035 0.00218324
0.59214 9.9973E-05 9.9973E-05 0.0349265 9.9973E-05 0.0292032 0.302644 0.0407862
0.574967 0.0232715 9.9982E-05 0.0233073 0.0225117 9.9982E-05 0.311039 0.0447035
0.922896 0.0159612 9.9964E-05 9.9964E-05 0.0248514 9.9964E-05 9.9964E-05 0.0358916
0.828613 0.00691109 0.0968457 0.00931426 0.0425289 9.9982E-05 9.9982E-05 0.0155875
0.82186 0.0200962 0.123025 9.9973E-05 0.0070151 9.9973E-05 9.9973E-05 0.027704
0.0675831 0.0172432 0.0214402 0.052054 0.0149069 0.0431438 0.783529 9.9991E-05
0.00317708 0.996223 9.9946E-05 9.9946E-05 9.9946E-05 9.9946E-05 9.9946E-05 9.9946E-05
9.9964E-05 0.941232 9.9964E-05 9.9964E-05 0.0305797 0.000327133 9.9964E-05 0.0274613
9.9973E-05 0.240493 0.0475218 0.0400083 9.9973E-05 0.060815 9.9973E-05 0.610862
0.0899035 0.0216587 0.324063 0.0698742 0.101187 0.0463938 0.34682 9.9991E-05
9.9964E-05 0.960675 9.9964E-05 9.9964E-05 0.0111797 0.0183928 9.9964E-05 0.0093526
0.0118312 0.90336 0.0145226 9.9982E-05 0.00187334 0.0605616 9.9982E-05 0.00765109
0.381968 0.0341598 0.249402 9.9982E-05 0.115729 9.9982E-05 0.152714 0.0658268
9.9973E-05 0.222205 0.0222067 0.303612 9.9973E-05 0.0272283 9.9973E-05 0.424448
9.9991E-05 0.107425 0.0189138 0.368152 0.0186613 0.0156758 0.0365583 0.434513
9.9973E-05 0.0774994 0.0175219 0.420564 9.9973E-05 0.0344432 9.9973E-05 0.449672
9.9973E-05 9.9973E-05 0.0535133 0.576483 9.9973E-05 0.0573855 0.0648319 0.247486
9.9982E-05 9.9982E-05 0.0510612 0.611468 0.0111289 0.0534888 0.0164588 0.256194
0.0385659 0.0860082 0.00398695 0.413733 9.9991E-05 0.0414515 0.00770666 0.408448
9.99729E-05 0.0155294 0.785413 0.038009 0.00225836 0.15849 9.99729E-05 9.99729E-05
9.9964E-05 0.297378 0.0091368 0.0317984 9.9964E-05 9.9964E-05 9.9964E-05 0.661287
0.00465947 9.9973E-05 0.0267464 9.9973E-05 0.0256528 0.014683 0.927958 9.9973E-05
9.9973E-05 0.00214564 0.0269132 9.9973E-05 0.00370585 9.9973E-05 0.962557 0.00437846
9.9982E-05 0.0886517 0.00386051 9.9982E-05 0.00540251 0.0383589 0.0256301 0.837896
0.152821 0.057403 0.0948508 0.0916772 0.13418 0.153481 0.152321 0.163266
9.9982E-05 0.0171128 0.781669 0.0380609 9.9982E-05 0.111922 0.0368886 0.0141473
0.724897 0.0573446 0.14319 0.0203262 9.9973E-05 9.9973E-05 9.9973E-05 0.0539422
0.0612421 9.9973E-05 0.071965 0.0368059 0.0240412 9.9973E-05 0.805646 9.9973E-05
0.535691 0.219376 0.186387 0.0252176 0.00364232 9.9991E-05 0.00916903 0.0204166
0.033594 0.0679742 0.789791 0.0250248 9.9982E-05 0.0543733 0.0290426 9.9982E-05
0.00671438 0.760369 0.00276036 0.166737 0.0134282 0.0165464 0.0333448 9.9991E-05
9.9964E-05 0.0136088 0.898818 9.9964E-05 0.00969745 0.0774759 9.9964E-05 9.9964E-05
0.156327 9.9982E-05 9.9982E-05 0.121711 0.0295504 0.563643 0.0920468 0.0365208
9.9964E-05 9.9964E-05 0.0423174 0.00703803 0.00565149 9.9964E-05 0.944593 9.9964E-05
9.9973E-05 0.298949 0.035332 9.9973E-05 0.0253527 9.9973E-05 0.00391562 0.636151
0.474367 0.0120599 0.0841624 0.0196547 0.0011706 9.9982E-05 9.9982E-05 0.408386
0.0272387 9.9973E-05 9.9973E-05 0.00859251 0.0424663 9.9973E-05 0.0411298 0.880273
0.33234 0.098905 0.363541 0.0207834 0.0502185 0.0410443 0.0279024 0.065266
9.994E-05 9.994E-05 9.994E-05 9.994E-05 9.994E-05 9.994E-05 9.994E-05 0.9993
0.0786872 9.9973E-05 0.875041 0.00472136 9.9973E-05 9.9973E-05 0.0125187 0.0287323
0.02545 9.9991E-05 0.0574535 0.0195186 0.00202003 0.00261322 0.068802 0.824043
9.9964E-05 9.9964E-05 0.0873279 9.9964E-05 0.0565166 9.9964E-05 0.00366175 0.852094
0.00409142 9.9964E-05 0.055803 9.9964E-05 9.9964E-05 9.9964E-05 0.86727 0.0724359
0.127367 0.302772 0.0483019 0.0140767 9.9991E-05 0.0562743 0.407571 0.0435372
0.275929 0.0452441 0.265044 0.0158333 0.0252668 9.9991E-05 0.327413 0.04517
0.0185477 0.00973141 0.0107492 0.838116 0.00694951 0.0401464 0.0203296 0.0554306
0.0269052 9.9964E-05 0.00112578 0.943425 9.9964E-05 9.9964E-05 9.9964E-05 0.0281443
0.0113373 9.9991E-05 0.0318372 0.876196 0.00110341 0.0454531 0.0177353 0.0162375
0.0277388 9.9982E-05 0.0167548 0.881923 0.00873609 0.0435446 0.0211026 9.9982E-05
9.9955E-05 9.9955E-05 9.9955E-05 0.0359901 9.9955E-05 0.00942595 0.954084 9.9955E-05
9.9964E-05 9.9964E-05 9.9964E-05 9.9964E-05 0.0151665 0.0457192 0.906938 0.0317769
0.0570721 9.9982E-05 0.0315966 0.0227902 0.0221079 0.0677268 0.798506 9.9982E-05
9.9964E-05 0.216417 9.9964E-05 0.41701 9.9964E-05 0.0801965 9.9964E-05 0.285977
0.178805 0.0772649 0.0608233 0.120552 0.115528 0.108145 0.207767 0.131115
0.00884653 9.9991E-05 0.00484191 0.0918833 0.134607 0.371598 0.364059 0.0240641
0.114865 0.0141185 9.9982E-05 0.000587238 0.0210601 0.12533 0.723839 9.9982E-05
0.0741017 0.0263802 9.9982E-05 9.9982E-05 0.0886988 0.16102 0.628859 0.0207403
0.00417679 0.00368286 9.9982E-05 0.084564 0.0282148 0.14267 0.736492 9.9982E-05
0.0320986 0.064817 9.9991E-05 0.0205958 0.145602 0.204478 0.494803 0.0375061
0.030095 0.111856 0.114689 9.9982E-05 0.00255451 0.734401 0.00620482 9.9982E-05
0.852626 9.9982E-05 0.0900681 0.0104394 0.00567505 0.0162474 0.0247439 9.9982E-05
0.556049 0.0192078 0.131663 0.00179353 0.0591782 9.9982E-05 0.231909 9.9982E-05
9.9964E-05 0.0189677 9.9964E-05 0.00958021 9.9964E-05 0.0185197 9.9964E-05 0.952533
0.00984839 9.9964E-05 0.00977312 9.9964E-05 9.9964E-05 0.0691373 9.9964E-05 0.910841
0.0125965 0.0324268 0.00605919 9.9982E-05 9.9982E-05 0.0882229 0.000364585 0.86013
9.9973E-05 0.205935 0.0160129 0.235051 9.9973E-05 0.19188 9.9973E-05 0.350822
9.9964E-05 9.9964E-05 9.9964E-05 0.119825 0.0129506 0.550901 9.9964E-05 0.315923
9.9964E-05 9.9964E-05 9.9964E-05 0.116556 0.00693758 0.542716 9.9964E-05 0.333391
9.9982E-05 0.0108084 9.9982E-05 0.0192909 0.00317553 0.0741585 0.882466 0.00990104
0.00397097 9.9982E-05 9.9982E-05 0.0375261 0.00898811 0.117538 0.825852 0.00592454
0.0247684 9.9973E-05 9.9973E-05 9.9973E-05 0.00754972 0.00502988 0.956046 0.00630648
0.103684 9.9973E-05 0.81419 9.9973E-05 0.00241538 0.0541693 9.9973E-05 0.0252416
9.9973E-05 9.9973E-05 0.026129 0.0245868 0.003118 9.9973E-05 0.0138368 0.932029
9.9973E-05 0.0562421 0.0176291 9.9973E-05 0.00078795 9.9973E-05 0.000777984 0.924263
9.9964E-05 0.0907042 0.0075647 0.0130953 9.9964E-05 9.9964E-05 9.9964E-05 0.888236
0.0232303 0.146501 0.0156199 0.0137741 9.9973E-05 9.9973E-05 9.9973E-05 0.800575
0.0112862 0.0918271 0.029539 0.0197352 0.0248955 9.9982E-05 9.9982E-05 0.822517
0.708238 9.99551E-05 0.196123 9.99551E-05 9.99551E-05 9.99551E-05 9.99551E-05 0.0951398
9.9991E-05 0.350784 0.0232542 0.158974 0.0814657 0.115745 0.0646418 0.205035
9.9946E-05 9.9946E-05 0.977475 9.9946E-05 9.9946E-05 0.0219248 9.9946E-05 9.9946E-05
0.695752 9.9955E-05 0.217437 9.9955E-05 9.9955E-05 9.9955E-05 9.9955E-05 0.0863107
9.9973E-05 0.00898482 0.153434 0.0271776 9.9973E-05 9.9973E-05 0.781151 0.0289527
0.783834 9.9946E-05 0.215566 9.9946E-05 9.9946E-05 9.9946E-05 9.9946E-05 9.9946E-05
0.729228 9.9946E-05 0.270172 9.9946E-05 9.9946E-05 9.9946E-05 9.9946E-05 9.9946E-05
0.748194 9.9946E-05 0.251206 9.9946E-05 9.9946E-05 9.9946E-05 9.9946E-05 9.9946E-05
0.00955569 9.9973E-05 0.005283 0.0227481 0.0407939 9.9973E-05 9.9973E-05 0.921319
9.9946E-05 9.9946E-05 0.0264112 9.9946E-05 9.9946E-05 9.9946E-05 9.9946E-05 0.972989
0.0512345 0.389302 9.9982E-05 0.0229437 9.9982E-05 0.289857 0.021305 0.225159
0.00859675 0.0242618 0.0146508 9.9982E-05 0.0263335 9.9982E-05 0.00361773 0.92234
9.994E-05 9.994E-05 9.994E-05 9.994E-05 9.994E-05 9.994E-05 9.994E-05 0.9993
0.483054 0.195045 0.0491078 9.9964E-05 9.9964E-05 9.9964E-05 9.9964E-05 0.272393
9.9973E-05 0.0777756 9.9973E-05 0.0532135 9.9973E-05 0.0460629 0.0238127 0.798835
9.9982E-05 0.097756 0.00477057 0.0385383 9.9982E-05 0.0461912 0.040286 0.772258
9.9982E-05 0.195359 9.9982E-05 0.0505397 0.0277497 0.516158 0.0474208 0.162573
0.0487519 0.012614 0.9316 0.000621942 0.00611262 9.9973E-05 9.9973E-05 9.9973E-05
0.0135153 0.219897 0.120344 0.00822949 9.9973E-05 9.9973E-05 9.9973E-05 0.637714
0.0138894 0.190501 0.0280269 0.0566703 0.408486 9.9982E-05 0.302227 9.9982E-05
0.0741371 0.312088 0.0814222 9.9964E-05 9.9964E-05 9.9964E-05 9.9964E-05 0.531953
0.0257416 9.9955E-05 9.9955E-05 9.9955E-05 0.0205359 9.9955E-05 9.9955E-05 0.953223
0.757849 9.9964E-05 0.182061 0.0153642 9.9964E-05 9.9964E-05 9.9964E-05 0.0443262
0.55716 0.0274533 0.136121 0.00338717 9.9982E-05 0.0169988 9.9982E-05 0.258679
9.9964E-05 9.9964E-05 0.903177 9.9964E-05 0.00495466 0.0819609 0.00950745 9.9964E-05
9.9946E-05 9.9946E-05 0.065521 9.9946E-05 9.9946E-05 0.933879 9.9946E-05 9.9946E-05
0.919649 9.9955E-05 9.9955E-05 9.9955E-05 9.9955E-05 0.0123446 0.0675064 9.9955E-05
0.117612 9.99639E-05 0.162897 9.99639E-05 0.002792 0.7163 9.99639E-05 9.99639E-05
0.0256295 0.00175917 0.913438 9.9982E-05 9.9982E-05 0.0278697 0.01024 0.0208639
0.0834426 9.9955E-05 0.851977 9.9955E-05 9.9955E-05 9.9955E-05 9.9955E-05 0.0640804
9.99458E-05 9.99458E-05 0.179695 9.99458E-05 9.99458E-05 0.819705 9.99458E-05 9.99458E-05
0.262887 0.0719978 0.199683 0.024393 9.9973E-05 0.44074 9.9973E-05 9.9973E-05
9.9964E-05 9.9964E-05 0.946534 9.9964E-05 0.00734591 0.0423736 9.9964E-05 0.00334674
9.9982E-05 0.157838 9.9982E-05 0.0896985 0.0306576 0.486752 0.063469 0.171385
0.0392711 9.9955E-05 0.0111167 9.9955E-05 9.9955E-05 9.9955E-05 0.949112 9.9955E-05
9.9973E-05 0.0444962 0.154498 0.0049025 9.9973E-05 9.9973E-05 0.755523 0.0402804
9.9946E-05 9.9946E-05 9.9946E-05 9.9946E-05 0.998099 9.9946E-05 9.9946E-05 0.00130168
0.0150903 0.0358934 0.147757 0.0153606 9.9991E-05 0.0548551 0.694331 0.0366124
0.0671085 9.9964E-05 0.0619118 9.9964E-05 0.0174783 9.9964E-05 0.853102 9.9964E-05
0.0410371 9.9955E-05 0.61414 9.9955E-05 9.9955E-05 9.9955E-05 0.344323 9.9955E-05
0.0471537 9.9964E-05 0.0635692 9.9964E-05 0.0165437 9.9964E-05 0.872334 9.9964E-05
0.557619 9.9982E-05 0.0394068 0.0393674 0.035774 0.0892846 0.238348 9.9982E-05
9.9964E-05 9.9964E-05 0.020268 0.0272751 9.9964E-05 9.9964E-05 0.945711 0.00634579
0.0174896 9.9973E-05 9.9973E-05 0.0464449 0.0876592 0.729292 0.118815 9.9973E-05
0.189383 9.9973E-05 0.12451 0.0524731 9.9973E-05 0.600935 0.0323993 9.9973E-05
0.281178 9.9991E-05 0.125001 0.0174742 0.0290652 0.362485 0.170176 0.01452
0.0416948 9.9973E-05 0.0222696 9.9973E-05 0.0266091 9.9973E-05 0.884305 0.024822
9.9955E-05 0.129405 9.9955E-05 9.9955E-05 0.0221682 9.9955E-05 9.9955E-05 0.847927
0.9249 9.9955E-05 9.9955E-05 9.9955E-05 9.9955E-05 0.0404357 0.0341648 9.9955E-05
0.0149666 9.9973E-05 9.9973E-05 0.0793038 0.0493409 0.707998 0.148091 9.9973E-05
0.927279 9.9955E-05 9.9955E-05 9.9955E-05 9.9955E-05 0.051622 0.0205989 9.9955E-05
9.9955E-05 0.111127 9.9955E-05 9.9955E-05 9.9955E-05 0.0461062 9.9955E-05 0.842267
9.9955E-05 9.9955E-05 0.974443 0.00539049 0.019667 9.9955E-05 9.9955E-05 9.9955E-05
9.9964E-05 9.9964E-05 0.00796413 9.9964E-05 0.988646 0.00150373 9.9964E-05 0.00148591
9.9982E-05 0.124757 0.0573534 0.0271715 0.702204 0.0391621 0.0491519 9.9982E-05
9.99551E-05 9.99551E-05 0.00933241 9.99551E-05 0.0173958 9.99551E-05 0.972772 9.99551E-05
0.538667 9.9964E-05 0.169043 9.9964E-05 0.0453831 9.9964E-05 0.246508 9.9964E-05
9.9946E-05 9.9946E-05 0.972454 9.9946E-05 0.0269461 9.9946E-05 9.9946E-05 9.9946E-05
9.994E-05 9.994E-05 0.9993 9.994E-05 9.994E-05 9.994E-05 9.994E-05 9.994E-05
0.566843 0.117969 0.190935 0.0403879 9.9982E-05 0.0103699 9.9982E-05 0.0732951
0.595252 9.9973E-05 0.104536 0.00175125 0.0115765 9.9973E-05 0.286584 9.9973E-05
9.9955E-05 0.000813246 9.9955E-05 9.9955E-05 9.9955E-05 0.0859528 9.9955E-05 0.912734
9.9955E-05 9.9955E-05 9.9955E-05 0.106473 9.9955E-05 0.581129 9.9955E-05 0.311898
0.00224461 0.110072 9.9973E-05 0.29986 9.9973E-05 0.0205819 9.9973E-05 0.566941
0.04148 0.183278 9.9991E-05 0.435632 0.0816111 0.0778867 0.0605014 0.11951
0.0428688 0.165098 0.00557357 0.428049 0.0787791 0.1211 0.0285898 0.129941
9.9982E-05 0.281021 0.0169619 0.264094 9.9982E-05 0.109834 0.0334077 0.294482
9.9964E-05 9.9964E-05 9.9964E-05 0.0830246 0.00502916 0.572845 9.9964E-05 0.338702
0.00978709 0.170907 0.0210147 0.442357 0.0223032 0.143637 0.0267381 0.163256
9.9973E-05 0.366752 9.9973E-05 0.279413 9.9973E-05 0.0850011 0.0409755 0.227559
0.0181573 9.9982E-05 9.9982E-05 0.131211 0.0371034 0.669805 0.068791 0.0747316
9.9982E-05 0.258276 0.000561003 0.259407 9.9982E-05 0.119042 0.0183267 0.344188
9.9973E-05 9.9973E-05 9.9973E-05 0.138167 0.0520636 0.622878 0.1089 0.0776911
0.0864118 9.99549E-05 0.178906 9.99549E-05 9.99549E-05 0.734182 9.99549E-05 9.99549E-05
0.0998715 0.249994 9.9973E-05 0.0429547 0.0423813 0.564498 9.9973E-05 9.9973E-05
0.0450967 0.205 9.9982E-05 0.170362 0.0397342 0.236927 9.9982E-05 0.302681
0.065402 0.200849 9.9991E-05 0.182869 0.0167389 0.278691 0.0283354 0.227015
9.99551E-05 9.99551E-05 9.99551E-05 0.151836 9.99551E-05 0.563111 9.99551E-05 0.284554
0.0304057 0.218909 9.9982E-05 0.274997 0.0198557 0.101996 9.9982E-05 0.353637
0.811629 0.0124901 9.9973E-05 0.00724464 9.9973E-05 0.0256809 0.142656 9.9973E-05
0.0167213 0.0257042 9.9964E-05 9.9964E-05 9.9964E-05 0.0541599 9.9964E-05 0.903015
9.9991E-05 0.148102 0.0142505 0.416243 0.0699585 0.144465 0.0640083 0.142872
9.9973E-05 0.332223 9.9973E-05 0.159746 9.9973E-05 0.153352 0.00714224 0.347238
9.9982E-05 0.179903 9.9982E-05 0.429946 0.0388435 0.124716 0.0376479 0.188743
0.0318609 0.26792 9.9991E-05 0.360433 0.0550442 0.049232 0.0186256 0.216784
9.9982E-05 0.0507269 0.174184 0.00459028 9.9982E-05 0.0176338 0.736802 0.0158629
0.45129 9.9991E-05 0.0324707 0.0489493 0.0444248 0.0551203 0.364066 0.00357923
9.9964E-05 0.109912 9.9964E-05 0.0644576 9.9964E-05 0.0433699 9.9964E-05 0.781861
0.912101 9.9955E-05 9.9955E-05 9.9955E-05 9.9955E-05 0.0599197 0.0274796 9.9955E-05
9.9973E-05 0.0218781 0.174922 9.9973E-05 9.9973E-05 0.0250406 0.721906 0.0559542
9.9955E-05 9.9955E-05 0.0967578 9.9955E-05 0.00443087 0.898312 9.9955E-05 9.9955E-05
9.994E-05 9.994E-05 9.994E-05 9.994E-05 9.994E-05 9.994E-05 9.994E-05 0.9993
9.9946E-05 9.9946E-05 9.9946E-05 9.9946E-05 0.0185392 9.9946E-05 9.9946E-05 0.980861
0.0094155 0.0225852 0.00310855 0.0371985 0.024522 9.9982E-05 9.9982E-05 0.90297
9.9955E-05 0.00531523 9.9955E-05 0.0100794 9.9955E-05 9.9955E-05 9.9955E-05 0.984106
0.0625598 0.00748373 0.817416 9.9982E-05 0.014416 0.0567648 9.9982E-05 0.0411592
9.9973E-05 0.0627136 0.0153032 9.9973E-05 0.0467877 9.9973E-05 0.0535287 0.821367
9.9973E-05 0.0438692 0.192621 0.00493255 9.9973E-05 9.9973E-05 0.730339 0.0279387
9.9946E-05 9.9946E-05 9.9946E-05 9.9946E-05 9.9946E-05 0.0554823 0.943918 9.9946E-05
9.9973E-05 0.00354455 0.0624284 0.0315358 0.018622 9.9973E-05 0.883569 9.9973E-05
9.9973E-05 0.00215181 0.0317359 9.9973E-05 0.00679562 0.012556 0.946461 9.9973E-05
0.0692628 0.0207079 9.9964E-05 9.9964E-05 0.0300103 9.9964E-05 0.879619 9.9964E-05
0.028939 0.038156 9.9991E-05 0.564973 0.0767444 0.1363 0.0726416 0.0821451
0.00930819 0.0332945 9.9991E-05 0.550731 0.0753185 0.138796 0.0933825 0.0990697
0.01281 9.9973E-05 0.0377754 0.93231 9.9973E-05 0.012566 0.00423837 9.9973E-05
9.9964E-05 0.0249863 9.9964E-05 0.873106 9.9964E-05 9.9964E-05 0.0284034 0.0731045
9.9982E-05 0.00877328 0.00277755 0.934791 9.9982E-05 0.0164589 0.00836655 0.0286323
0.0327438 9.9982E-05 0.136565 0.290993 0.0216123 0.505582 0.0123032 9.9982E-05
0.0403925 9.9955E-05 9.9955E-05 0.949392 0.00971527 9.9955E-05 9.9955E-05 9.9955E-05
0.237508 0.0463377 0.126455 0.092926 0.025436 0.0439995 0.205798 0.221541
9.994E-05 9.994E-05 9.994E-05 0.9993 9.994E-05 9.994E-05 9.994E-05 9.994E-05
9.994E-05 9.994E-05 9.994E-05 0.9993 9.994E-05 9.994E-05 9.994E-05 9.994E-05
9.9964E-05 0.0216159 9.9964E-05 0.940039 0.0304697 9.9964E-05 9.9964E-05 0.00747608
0.017614 0.707767 9.9982E-05 0.232722 0.00130298 9.9982E-05 0.0190813 0.0213125
9.994E-05 9.994E-05 9.994E-05 0.9993 9.994E-05 9.994E-05 9.994E-05 9.994E-05
9.9973E-05 0.114999 9.9973E-05 0.823508 0.0388967 9.9973E-05 0.0126247 0.00967139
0.801329 9.9973E-05 9.9973E-05 0.0110398 0.00295774 0.0757123 0.108661 9.9973E-05
0.566622 9.9982E-05 9.9982E-05 0.061073 0.0407326 0.0684717 0.241242 0.0216593
0.114967 0.00127083 9.9982E-05 0.0261258 0.0164495 0.121883 0.719104 9.9982E-05
0.0775474 9.9964E-05 0.0147921 9.9964E-05 0.0352939 9.9964E-05 0.871967 9.9964E-05
0.0774792 9.9973E-05 0.170488 0.00491231 9.9973E-05 0.688989 0.0578311 9.9973E-05
0.0761969 9.9973E-05 9.9973E-05 0.039624 0.0440489 0.0841655 0.755665 9.9973E-05
0.953793 0.0212202 9.9973E-05 9.9973E-05 0.00874264 0.00382668 0.0121178 9.9973E-05
0.951956 9.9946E-05 9.9946E-05 9.9946E-05 9.9946E-05 9.9946E-05 0.0474443 9.9946E-05
0.0276585 9.99549E-05 0.187385 9.99549E-05 9.99549E-05 0.784456 9.99549E-05 9.99549E-05
0.036665 9.9982E-05 9.9982E-05 0.048885 0.0390286 0.14816 0.721137 0.00592481
0.149674 0.0213341 9.99905E-05 0.0481792 0.103996 0.178393 0.498224 9.99905E-05
0.0206759 9.99821E-05 0.112693 0.0202603 0.0556488 0.748767 0.0417555 9.99821E-05
0.0269716 9.9964E-05 0.177483 9.9964E-05 0.0019808 0.793164 9.9964E-05 9.9964E-05
0.117857 9.9964E-05 0.127765 9.9964E-05 9.9964E-05 0.700854 0.0531239 9.9964E-05
0.540633 0.046756 0.0602852 9.9982E-05 9.9982E-05 0.0557418 0.250215 0.0461699
0.0549708 9.9964E-05 0.207702 9.9964E-05 0.016725 0.720203 9.9964E-05 9.9964E-05
0.924525 9.99597E-05 9.99597E-05 9.99597E-05 0.0393503 0.0356251 9.99597E-05 9.99597E-05
9.9955E-05 0.00358726 0.115024 9.9955E-05 9.9955E-05 0.880889 9.9955E-05 9.9955E-05
9.9955E-05 9.9955E-05 0.073367 9.9955E-05 0.0149661 0.911167 9.9955E-05 9.9955E-05
9.9982E-05 0.127955 0.0203558 0.137719 0.0652254 0.396324 9.9982E-05 0.252221
9.9946E-05 9.9946E-05 0.230562 9.9946E-05 9.9946E-05 0.768838 9.9946E-05 9.9946E-05
9.99459E-05 9.99459E-05 0.199089 9.99459E-05 9.99459E-05 0.800311 9.99459E-05 9.99459E-05
9.9946E-05 9.9946E-05 0.240151 9.9946E-05 9.9946E-05 0.759249 9.9946E-05 9.9946E-05
0.0641472 9.9982E-05 9.9982E-05 0.073244 0.100175 0.580999 0.152118 0.0291171
0.745915 0.00432817 9.9964E-05 9.9964E-05 9.9964E-05 0.113365 0.135992 9.9964E-05
0.86799 0.00908195 9.9982E-05 0.016787 9.9982E-05 0.0819345 0.0236714 0.000335595
0.86192 9.9964E-05 9.9964E-05 0.0108153 9.9964E-05 0.108013 0.0188524 9.9964E-05
0.859217 9.9973E-05 9.9973E-05 0.0178073 0.00891705 0.0315828 0.082176 9.9973E-05
0.0137416 9.9955E-05 9.9955E-05 9.9955E-05 9.9955E-05 0.0690205 9.9955E-05 0.916738
0.0367509 0.401861 9.9982E-05 9.9982E-05 0.0226293 0.291069 0.0154428 0.232046
0.131353 0.0239919 0.0454886 9.9991E-05 0.0214294 0.0119017 0.759791 0.00594482
0.448455 0.0258279 0.173692 9.9973E-05 0.027817 9.9973E-05 0.323908 9.9973E-05
0.0797262 0.199186 0.0474689 0.0254935 0.0416564 0.596572 9.9991E-05 0.00979727
0.069813 0.181151 0.0607018 0.00698684 0.0292704 0.608816 0.000828971 0.0424317
9.9955E-05 9.9955E-05 9.9955E-05 0.0193852 9.9955E-05 9.9955E-05 0.924373 0.055742
9.9964E-05 0.0326352 0.199077 9.9964E-05 9.9964E-05 9.9964E-05 0.724967 0.0429211
0.25324 0.56056 0.0759029 0.0428246 0.020727 0.00383891 9.9991E-05 0.0428069
0.316309 0.0241805 0.424116 0.061769 9.9982E-05 0.0800896 9.9982E-05 0.0933363
0.115334 9.99731E-05 0.0318457 9.99731E-05 0.0175037 0.045018 0.789999 9.99731E-05
0.015769 9.9982E-05 9.9982E-05 0.0641799 0.111585 0.562175 0.217333 0.0287581
0.0826452 0.19248 0.0567771 0.0554281 0.0435302 0.56894 9.9982E-05 9.9982E-05
0.0948902 9.9982E-05 9.9982E-05 0.110428 0.0788935 0.571897 0.139648 0.00404289
0.0701554 9.9982E-05 9.9982E-05 0.100798 0.0850122 0.429361 0.250066 0.0644067
0.0135248 0.00305964 9.9973E-05 9.9973E-05 0.0621714 0.0225939 0.89835 9.9973E-05
0.0213605 0.00528286 0.00214273 0.00913946 0.0293686 9.9991E-05 0.911211 0.0213947
9.9964E-05 0.0393829 9.9964E-05 9.9964E-05 0.00846255 0.00850092 0.943254 9.9964E-05
0.0354754 9.9973E-05 0.0660017 0.0379833 0.0167656 9.9973E-05 0.843474 9.9973E-05
0.0062645 0.00981012 9.9964E-05 9.9964E-05 0.0389776 9.9964E-05 0.944548 9.9964E-05
0.0190289 0.0133374 0.0691156 9.9964E-05 9.9964E-05 9.9964E-05 0.898118 9.9964E-05
0.0171074 0.0737214 9.9982E-05 0.0375122 0.138121 0.235535 0.497803 9.9982E-05
0.0460062 9.9982E-05 9.9982E-05 0.134802 0.0816863 0.419882 0.236481 0.0809436
9.9955E-05 0.0134111 0.0427926 9.9955E-05 9.9955E-05 9.9955E-05 0.943297 9.9955E-05
0.0430496 0.00487321 0.000345856 0.122756 0.0939226 0.440314 0.236955 0.0577837
0.0689581 0.0164873 9.9991E-05 0.0705402 0.0458498 0.642024 0.1348 0.0212403
9.994E-05 0.9993 9.994E-05 9.994E-05 9.994E-05 9.994E-05 9.994E-05 9.994E-05
9.99459E-05 0.962626 9.99459E-05 9.99459E-05 9.99459E-05 0.0367739 9.99459E-05 9.99459E-05
9.994E-05 0.9993 9.994E-05 9.994E-05 9.994E-05 9.994E-05 9.994E-05 9.994E-05
9.994E-05 0.9993 9.994E-05 9.994E-05 9.994E-05 9.994E-05 9.994E-05 9.994E-05
9.99459E-05 0.997837 9.99459E-05 9.99459E-05 9.99459E-05 9.99459E-05 0.00156382 9.99459E-05
9.994E-05 0.9993 9.994E-05 9.994E-05 9.994E-05 9.994E-05 9.994E-05 9.994E-05
9.994E-05 0.9993 9.994E-05 9.994E-05 9.994E-05 9.994E-05 9.994E-05 9.994E-05
9.9955E-05 0.00846624 0.0975557 9.9955E-05 9.9955E-05 0.893478 9.9955E-05 9.9955E-05
9.99549E-05 9.99549E-05 0.350069 9.99549E-05 0.00579243 0.643639 9.99549E-05 9.99549E-05
0.0124951 0.199615 9.9982E-05 0.0882229 0.0119347 0.514367 9.9982E-05 0.173165
9.9973E-05 0.179686 9.9973E-05 0.0986467 0.000432621 0.536812 9.9973E-05 0.184123
0.0705949 0.0346869 9.9991E-05 0.0275417 0.00017707 0.00572279 0.836397 0.0247792
9.9982E-05 0.00522625 9.9982E-05 0.0343546 0.0533217 0.0995065 0.774049 0.0333417
0.00512612 0.0112953 9.9964E-05 0.00818726 9.9964E-05 9.9964E-05 0.974991 9.9964E-05
0.0248242 0.0569085 9.9973E-05 0.00415814 0.0137311 9.9973E-05 9.9973E-05 0.900078
9.9955E-05 0.325887 0.000142873 9.9955E-05 9.9955E-05 9.9955E-05 9.9955E-05 0.673471
9.9964E-05 0.056633 9.9964E-05 9.9964E-05 0.00765205 9.9964E-05 0.00961392 0.925701
9.9946E-05 0.336156 9.9946E-05 9.9946E-05 9.9946E-05 9.9946E-05 9.9946E-05 0.663244
0.0302057 0.105161 0.430481 0.0185164 9.9982E-05 9.9982E-05 0.0180263 0.39741
9.9973E-05 0.283135 0.198878 0.191294 9.9973E-05 9.9973E-05 0.0295946 0.296797
0.00474439 0.816611 0.0304715 0.0232767 0.0188503 9.9991E-05 0.00943488 0.096511
9.9946E-05 0.356788 9.9946E-05 9.9946E-05 9.9946E-05 9.9946E-05 9.9946E-05 0.642613
9.9946E-05 0.325493 9.9946E-05 9.9946E-05 9.9946E-05 9.9946E-05 9.9946E-05 0.673908
9.9964E-05 9.9964E-05 9.9964E-05 0.0017816 0.0158657 9.9964E-05 0.00220629 0.979747
9.9973E-05 0.245875 0.00505938 0.0100623 9.9973E-05 9.9973E-05 0.0137018 0.725002
0.283508 0.0745319 0.114465 0.170223 0.109567 0.0636211 0.167701 0.0163824
9.9955E-05 0.00479064 9.9955E-05 9.9955E-05 0.0202521 9.9955E-05 0.974457 9.9955E-05
9.9964E-05 0.0308845 0.0547494 9.9964E-05 9.9964E-05 0.912672 9.9964E-05 0.00129451
0.192715 9.9982E-05 9.9982E-05 0.00114218 0.0620766 0.0753215 0.641165 0.0273796
0.137681 9.9964E-05 0.105577 9.9964E-05 9.9964E-05 0.748046 0.00829586 9.9964E-05
0.0146622 9.9973E-05 0.00693101 9.9973E-05 9.9973E-05 0.0544419 0.0300973 0.893568
9.9982E-05 0.85384 0.000835129 0.0596411 0.00931587 0.0132002 9.9982E-05 0.0629675
9.9982E-05 0.223727 9.9982E-05 0.063074 0.0330444 0.0648797 0.0225898 0.592485
0.0329124 9.9982E-05 9.9982E-05 0.0528636 0.0845921 0.550793 0.239706 0.0389338
0.0583158 9.9991E-05 0.0262394 0.111994 0.114078 0.504294 0.099919 0.0850595
0.34156 0.0252609 0.047401 0.0220481 0.0411837 0.0213627 0.501084 9.9991E-05
9.9946E-05 9.9946E-05 0.808342 9.9946E-05 9.9946E-05 0.191058 9.9946E-05 9.9946E-05
9.9973E-05 0.0588884 9.9973E-05 0.722087 0.0514864 9.9973E-05 0.0558712 0.111367
9.9982E-05 0.0282894 0.0108284 0.824312 0.008697 9.9982E-05 0.0547335 0.0729395
9.9964E-05 0.0134053 9.9964E-05 0.97343 9.9964E-05 0.00944221 0.00332276 9.9964E-05
9.9946E-05 9.9946E-05 9.9946E-05 0.945143 9.9946E-05 9.9946E-05 9.9946E-05 0.0542574
9.9946E-05 0.0559488 9.9946E-05 0.943452 9.9946E-05 9.9946E-05 9.9946E-05 9.9946E-05
9.9973E-05 0.107799 9.9973E-05 0.808431 0.0292506 9.9973E-05 0.0292034 0.0250156
9.9964E-05 0.0253876 0.0812199 9.9964E-05 0.0171144 0.875878 9.9964E-05 9.9964E-05
9.9982E-05 0.417823 9.9982E-05 0.112236 0.0476614 0.0891856 0.0700293 0.262865
0.0228897 0.104113 9.9973E-05 0.0561421 9.9973E-05 9.9973E-05 0.0273026 0.789253
9.994E-05 9.994E-05 9.994E-05 9.994E-05 9.994E-05 9.994E-05 9.994E-05 0.9993
0.00636068 0.0158282 0.00223657 9.9973E-05 0.0110067 9.9973E-05 9.9973E-05 0.964268
9.9964E-05 0.245832 9.9964E-05 0.00995701 9.9964E-05 9.9964E-05 0.0139813 0.72983
9.994E-05 9.994E-05 9.994E-05 0.9993 9.994E-05 9.994E-05 9.994E-05 9.994E-05
9.9964E-05 0.0253287 9.9964E-05 0.954849 0.006123 9.9964E-05 0.0132991 9.9964E-05
0.0169614 0.639487 9.9964E-05 0.294845 9.9964E-05 9.9964E-05 9.9964E-05 0.0483066
0.00713729 0.7061 9.9964E-05 0.273651 0.0127125 9.9964E-05 9.9964E-05 9.9964E-05
9.9955E-05 0.0489436 9.9955E-05 0.915789 9.9955E-05 9.9955E-05 9.9955E-05 0.0347673
0.0208515 0.809046 9.9964E-05 0.161528 9.9964E-05 9.9964E-05 0.0081749 9.9964E-05
0.032139 0.452643 0.0459052 0.096349 9.9982E-05 9.9982E-05 0.319007 0.0537568
0.0734878 0.0132133 0.0332634 9.9973E-05 9.9973E-05 0.064831 0.814904 9.9973E-05
0.144438 0.0244944 0.0708523 0.0249937 9.9973E-05 9.9973E-05 0.734921 9.9973E-05
0.0828306 0.0270209 0.0197517 9.9973E-05 0.04228 9.9973E-05 0.827817 9.9973E-05
0.0027806 0.0200212 0.0402759 9.9973E-05 0.0200329 9.9973E-05 0.916589 9.9973E-05
9.99459E-05 9.99459E-05 9.99459E-05 0.980715 9.99459E-05 0.0186852 9.99459E-05 9.99459E-05
9.9946E-05 9.9946E-05 9.9946E-05 0.996665 0.00273493 9.9946E-05 9.9946E-05 9.9946E-05
0.00501841 0.685422 9.9964E-05 0.291652 9.9964E-05 9.9964E-05 0.0175078 9.9964E-05
9.9946E-05 0.458508 9.9946E-05 0.540893 9.9946E-05 9.9946E-05 9.9946E-05 9.9946E-05
9.9955E-05 9.9955E-05 0.00304251 0.980637 0.0158208 9.9955E-05 9.9955E-05 9.9955E-05
9.9964E-05 9.9964E-05 9.9964E-05 0.930447 0.00372095 0.0310811 9.9964E-05 0.0343512
9.994E-05 9.994E-05 9.994E-05 0.9993 9.994E-05 9.994E-05 9.994E-05 9.994E-05
9.9964E-05 0.801446 9.9964E-05 0.17772 9.9964E-05 0.0139937 0.00644064 9.9964E-05
9.9946E-05 9.9946E-05 0.921719 9.9946E-05 9.9946E-05 9.9946E-05 0.0776813 9.9946E-05
0.181847 0.0298777 0.73179 9.9973E-05 0.0525531 0.0036319 9.9973E-05 9.9973E-05
0.0562816 0.000339288 0.900875 9.99731E-05 0.0384765 9.99731E-05 0.00372719 9.99731E-05
9.9982E-05 0.0229521 0.837352 0.0433486 0.00758764 0.014669 0.0738905 9.9982E-05
0.00833309 0.159372 9.9982E-05 0.388001 9.9982E-05 0.109512 0.0303539 0.304229
9.9973E-05 0.201523 9.9973E-05 0.347983 9.9973E-05 0.0751386 0.00464444 0.370412
0.0215281 0.162388 0.0315589 0.291149 9.9982E-05 0.00127254 9.9982E-05 0.491904
0.0379991 0.132055 0.0215972 0.261122 9.9982E-05 0.0158992 9.9982E-05 0.531128
0.0179988 0.0295815 0.00900145 0.52994 0.0939792 0.134163 0.113072 0.0722641
9.99729E-05 0.144188 0.00716184 9.99729E-05 0.0118275 0.391734 9.99729E-05 0.444789
9.9946E-05 9.9946E-05 0.0299846 0.969416 9.9946E-05 9.9946E-05 9.9946E-05 9.9946E-05
0.00721113 0.918739 0.015254 0.0583956 9.9964E-05 9.9964E-05 9.9964E-05 9.9964E-05
9.9964E-05 0.844726 0.0433776 0.0969831 0.0145135 9.9964E-05 9.9964E-05 9.9964E-05
0.0312701 0.0197446 9.99911E-05 0.000448181 0.0316552 0.453997 0.425367 0.037418
0.0229205 0.0675775 0.0928492 9.9991E-05 0.022944 0.679881 0.0313921 0.0823356
0.099295 9.9955E-05 9.9955E-05 9.9955E-05 9.9955E-05 0.0428898 0.857315 9.9955E-05
0.896094 0.00697489 9.9973E-05 9.9973E-05 0.0264325 9.9973E-05 0.0601819 0.0100168
0.664591 0.0113323 0.00699177 9.9982E-05 0.0302298 0.015578 0.271077 9.9982E-05
0.415287 9.9982E-05 0.033256 0.0437405 0.0150463 9.9982E-05 0.482328 0.0101423
0.00161208 0.00387895 0.329223 0.0287507 0.0347834 0.189923 0.387224 0.024605
0.097546 9.9946E-05 9.9946E-05 9.9946E-05 9.9946E-05 9.9946E-05 0.901854 9.9946E-05
0.0392046 9.9973E-05 9.9973E-05 0.0214907 9.9973E-05 0.0107019 0.919064 0.00923913
0.0528628 9.9982E-05 9.9982E-05 0.0349905 0.00780261 0.0452548 0.84925 0.00963927
0.0464284 9.9982E-05 9.9982E-05 0.0163776 0.0313192 0.00542521 0.890666 0.00958329
0.0546765 0.0755433 9.9991E-05 0.438678 0.0323286 0.243582 0.0822729 0.0728188
0.0314795 0.0645391 0.0728585 0.227625 0.0146814 0.131818 0.404342 0.0526559
0.00147153 0.17669 9.99911E-05 0.235245 0.00134515 0.163406 0.245021 0.176721
9.9982E-05 0.151281 9.9982E-05 0.442735 0.0285487 0.208168 0.0206521 0.148416
0.0523035 0.0763787 0.154983 0.00699175 0.0591466 0.0803808 0.541892 0.0279236
9.9973E-05 9.9973E-05 0.00948607 0.00634876 0.0288448 0.0198616 0.935159 9.9973E-05
9.9973E-05 0.879474 0.0114535 9.9973E-05 0.0101035 0.0272179 9.9973E-05 0.0714515
0.0974263 0.000722779 9.9982E-05 0.0284292 0.0658093 0.114022 0.69339 9.9982E-05
0.845566 0.0123373 9.9973E-05 0.0128263 9.9973E-05 0.0161561 0.112815 9.9973E-05
0.890921 9.99641E-05 0.0771042 9.99641E-05 0.00697143 9.99641E-05 9.99641E-05 0.0246035
0.0627167 0.000265221 9.9955E-05 9.9955E-05 9.9955E-05 9.9955E-05 0.936518 9.9955E-05
0.0199799 0.0293652 9.9991E-05 0.111525 0.477936 0.226074 0.121207 0.013812
0.377484 0.00903793 0.0409733 0.0119179 9.9991E-05 0.0785026 0.449141 0.0328431
0.916798 9.9955E-05 9.9955E-05 9.9955E-05 9.9955E-05 0.0251806 0.0575213 9.9955E-05
0.154842 9.9973E-05 9.9973E-05 0.0325395 0.0104457 0.176334 0.625539 9.9973E-05
0.0324465 0.0457961 0.0393422 0.0701131 0.501516 0.187519 0.107624 0.0156426
9.9955E-05 0.011702 9.9955E-05 0.00483601 0.982962 9.9955E-05 9.9955E-05 9.9955E-05
9.99731E-05 0.103974 9.99731E-05 0.0593288 9.99731E-05 0.0391576 0.0297481 0.767491
0.627845 0.0540784 0.140866 0.00296329 0.0119991 0.0324088 0.0534587 0.0763801
0.108379 0.247133 0.00255828 0.0442524 0.0546049 0.542873 9.9982E-05 9.9982E-05
9.9991E-05 0.0260846 0.0871866 0.0296269 0.0176878 0.790849 0.0256095 0.0228554
0.00259786 0.057512 0.107323 9.9982E-05 0.00248183 0.768806 0.0610791 9.9982E-05
