9.9964E-05 0.000490112 0.00311372 0.0281819 9.9964E-05 0.0800645 0.000651148 9.9964E-05 9.9964E-05 0.121795 0.765304
9.9946E-05 9.9946E-05 0.00494298 9.9946E-05 9.9946E-05 0.298165 9.9946E-05 0.0272763 9.9946E-05 0.260476 0.40854
0.0022314 9.9973E-05 0.0301764 0.0220955 0.0185919 0.323937 0.0415462 9.9973E-05 9.9973E-05 0.208931 0.352191
9.9946E-05 9.9946E-05 0.0210398 0.0300501 9.9946E-05 0.0347665 9.9946E-05 9.9946E-05 9.9946E-05 0.167858 0.745686
0.0153863 9.9946E-05 0.03691 9.9946E-05 9.9946E-05 0.846939 9.9946E-05 0.0865011 0.013664 9.9946E-05 9.9946E-05
9.9937E-05 9.9937E-05 9.9937E-05 9.9937E-05 0.0494945 0.279268 9.9937E-05 9.9937E-05 9.9937E-05 0.293722 0.376817
0.532679 0.0265923 9.99281E-05 9.99281E-05 9.99281E-05 9.99281E-05 9.99281E-05 9.99281E-05 0.43993 9.99281E-05 9.99281E-05
0.962558 9.9928E-05 9.9928E-05 9.9928E-05 9.9928E-05 9.9928E-05 9.9928E-05 9.9928E-05 9.9928E-05 0.00875465 0.0278883
0.988777 9.9928E-05 9.9928E-05 9.9928E-05 9.9928E-05 9.9928E-05 9.9928E-05 0.00797821 9.9928E-05 0.0024458 9.9928E-05
0.979341 0.00110234 0.00995348 0.00890322 9.99371E-05 9.99371E-05 9.99371E-05 9.99371E-05 9.99371E-05 9.99371E-05 9.99371E-05
9.9964E-05 9.9964E-05 0.00357539 0.00865885 9.9964E-05 0.0142183 0.79336 0.04287 0.105199 9.9964E-05 0.0317184
0.0159099 9.9937E-05 9.9937E-05 9.9937E-05 9.9937E-05 9.9937E-05 0.904174 9.9937E-05 0.0312807 9.9937E-05 0.0479359
0.0109333 9.99371E-05 9.99371E-05 9.99371E-05 9.99371E-05 9.99371E-05 0.883116 9.99371E-05 0.104219 9.99371E-05 0.00103216
9.99281E-05 9.99281E-05 0.000634873 9.99281E-05 9.99281E-05 9.99281E-05 0.918643 9.99281E-05 0.0799222 9.99281E-05 9.99281E-05
9.9955E-05 0.0854865 0.0133093 0.036587 0.810614 9.9955E-05 9.9955E-05 9.9955E-05 0.0058608 9.9955E-05 0.0476428
0.998027 9.99191E-05 9.99191E-05 9.99191E-05 9.99191E-05 9.99191E-05 9.99191E-05 9.99191E-05 0.00107394 9.99191E-05 9.99191E-05
0.0195581 0.0217706 9.9937E-05 9.9937E-05 9.9937E-05 9.9937E-05 9.9937E-05 9.9937E-05 0.909311 9.9937E-05 0.0486607
9.99371E-05 0.00812343 9.99371E-05 9.99371E-05 0.889585 9.99371E-05 0.0693338 9.99371E-05 9.99371E-05 9.99371E-05 0.032258
9.9973E-05 0.0476869 0.0106907 0.01264 0.567328 9.9973E-05 0.1707 0.0762252 0.031103 9.9973E-05 0.0833255
0.0213063 0.0138004 9.9955E-05 0.00530946 0.337326 9.9955E-05 0.618581 9.9955E-05 0.00317737 9.9955E-05 9.9955E-05
0.037228 0.0352055 0.0606203 9.9964E-05 0.76778 9.9964E-05 0.0662863 0.0186528 9.9964E-05 9.9964E-05 0.0138274
0.0167446 0.00863852 9.9946E-05 0.0289368 0.0514822 9.9946E-05 0.893598 9.9946E-05 9.9946E-05 9.9946E-05 9.9946E-05
0.00585165 9.9946E-05 9.9946E-05 9.9946E-05 0.896786 9.9946E-05 0.0655593 9.9946E-05 9.9946E-05 0.00788935 0.0233143
0.00842582 0.0887971 9.9955E-05 9.9955E-05 0.0960958 9.9955E-05 0.774917 9.9955E-05 0.00859548 0.022669 9.9955E-05
9.9937E-05 0.0092139 9.9937E-05 9.9937E-05 0.0416637 9.9937E-05 0.910511 9.9937E-05 9.9937E-05 9.9937E-05 0.0379115
9.99371E-05 9.99371E-05 0.0349718 9.99371E-05 0.922901 9.99371E-05 9.99371E-05 9.99371E-05 0.00434738 9.99371E-05 0.0370808
0.0213762 0.0256141 9.99371E-05 9.99371E-05 0.839082 9.99371E-05 0.113228 9.99371E-05 9.99371E-05 9.99371E-05 9.99371E-05
0.00265733 9.9982E-05 0.0372155 0.0106742 0.582567 9.9982E-05 0.261686 0.0107431 0.00424087 0.0481815 0.0418352
0.0130318 9.9937E-05 9.9937E-05 0.0435999 0.889553 9.9937E-05 0.0531157 9.9937E-05 9.9937E-05 9.9937E-05 9.9937E-05
9.9955E-05 0.0090759 9.9955E-05 0.0181143 0.930579 0.0128609 0.024382 9.9955E-05 9.9955E-05 9.9955E-05 0.00448764
9.99371E-05 9.99371E-05 9.99371E-05 0.00628134 0.0418701 9.99371E-05 0.929911 0.0212382 9.99371E-05 9.99371E-05 9.99371E-05
9.99281E-05 9.99281E-05 9.99281E-05 9.99281E-05 0.00257347 9.99281E-05 0.811104 9.99281E-05 0.185523 9.99281E-05 9.99281E-05
9.99461E-05 9.99461E-05 9.99461E-05 9.99461E-05 0.876728 0.0138125 0.0901332 9.99461E-05 9.99461E-05 0.0135073 0.00521991
0.0101189 9.99549E-05 0.0316019 9.99549E-05 0.158732 9.99549E-05 0.739463 0.0113097 9.99549E-05 9.99549E-05 0.0482749
9.9937E-05 9.9937E-05 9.9937E-05 9.9937E-05 0.935157 9.9937E-05 0.0355662 9.9937E-05 9.9937E-05 0.000419333 0.0281577
9.9946E-05 9.9946E-05 0.00621611 9.9946E-05 0.00916173 9.9946E-05 0.962903 9.9946E-05 9.9946E-05 0.00334663 0.0177724
9.99281E-05 9.99281E-05 9.99281E-05 9.99281E-05 0.883459 0.0203805 0.0953616 9.99281E-05 9.99281E-05 9.99281E-05 9.99281E-05
0.00383138 9.9964E-05 9.9964E-05 0.0179787 0.0296667 9.9964E-05 0.909591 0.0303461 0.00273485 9.9964E-05 0.00545181
9.9955E-05 0.680087 0.0114177 0.0430081 9.9955E-05 0.0668431 9.9955E-05 0.154529 9.9955E-05 0.0436152 9.9955E-05
9.9919E-05 9.9919E-05 9.9919E-05 9.9919E-05 9.9919E-05 0.629276 9.9919E-05 9.9919E-05 9.9919E-05 0.369824 9.9919E-05
9.99371E-05 0.0175837 9.99371E-05 9.99371E-05 9.99371E-05 0.0785084 0.718918 9.99371E-05 0.184291 9.99371E-05 9.99371E-05
9.99281E-05 9.99281E-05 9.99281E-05 9.99281E-05 0.951035 9.99281E-05 0.0427824 9.99281E-05 0.00538273 9.99281E-05 9.99281E-05
0.0124641 9.9964E-05 9.9964E-05 0.0131269 0.0373486 9.9964E-05 0.922447 0.00338475 9.9964E-05 0.00839877 0.00243032
9.9964E-05 0.0399166 9.9964E-05 0.0633425 9.9964E-05 0.0107375 0.00977601 9.9964E-05 0.289831 0.56446 0.0215358
0.0377708 0.0476264 0.0299087 9.9964E-05 0.555102 9.9964E-05 0.212395 0.0189015 9.9964E-05 9.9964E-05 0.0978959
0.0281649 9.9955E-05 9.9955E-05 9.9955E-05 0.366269 9.9955E-05 0.430084 0.0735512 0.0802221 9.9955E-05 0.021209
0.0346558 0.026528 0.00179065 0.00602597 0.826887 0.0361884 0.0578841 9.9973E-05 9.9973E-05 9.9973E-05 0.00974019
9.9964E-05 9.9964E-05 0.00598053 0.039397 0.0338135 0.315251 9.9964E-05 0.00754019 9.9964E-05 0.299892 0.297725
9.9973E-05 0.0294145 0.0363108 0.461224 9.9973E-05 0.0937476 0.0160345 0.106829 9.9973E-05 0.23482 0.0213197
9.9928E-05 0.460463 9.9928E-05 9.9928E-05 9.9928E-05 9.9928E-05 9.9928E-05 9.9928E-05 0.210951 9.9928E-05 0.327787
9.99369E-05 9.99369E-05 9.99369E-05 9.99369E-05 9.99369E-05 9.99369E-05 0.0560954 0.00308406 0.0651203 9.99369E-05 0.875001
0.0154142 0.0921234 0.0308441 9.99549E-05 9.99549E-05 9.99549E-05 0.0996811 9.99549E-05 0.0838123 9.99549E-05 0.677625
9.99279E-05 0.0102923 9.99279E-05 9.99279E-05 9.99279E-05 9.99279E-05 9.99279E-05 9.99279E-05 0.0538634 9.99279E-05 0.935045
0.944705 9.99281E-05 9.99281E-05 9.99281E-05 9.99281E-05 0.011285 0.0432102 9.99281E-05 9.99281E-05 9.99281E-05 9.99281E-05
0.917927 0.0315625 9.9964E-05 0.00189382 9.9964E-05 0.00907762 0.01716 9.9964E-05 9.9964E-05 0.00640233 0.015577
0.0322155 9.99371E-05 9.99371E-05 9.99371E-05 0.00599815 9.99371E-05 0.487223 9.99371E-05 0.473864 9.99371E-05 9.99371E-05
0.0116332 0.00938073 0.013407 9.9946E-05 0.031757 9.9946E-05 0.933222 9.9946E-05 9.9946E-05 9.9946E-05 9.9946E-05
0.00313334 9.9937E-05 0.809814 9.9937E-05 0.158535 9.9937E-05 0.0278174 9.9937E-05 9.9937E-05 9.9937E-05 9.9937E-05
9.9937E-05 9.9937E-05 0.0333339 9.9937E-05 9.9937E-05 0.816754 9.9937E-05 0.124435 9.9937E-05 9.9937E-05 0.024778
9.99369E-05 9.99369E-05 9.99369E-05 0.0445978 9.99369E-05 0.282687 9.99369E-05 0.613289 9.99369E-05 0.0587269 9.99369E-05
9.9928E-05 9.9928E-05 9.9928E-05 9.9928E-05 9.9928E-05 9.9928E-05 9.9928E-05 9.9928E-05 0.953574 0.0307493 0.0148774
0.0176442 0.207779 9.9964E-05 9.9964E-05 0.0047024 0.0190936 0.0156324 9.9964E-05 0.65755 9.9964E-05 0.0771994
0.00298117 0.165396 9.9973E-05 0.0418927 9.9973E-05 9.9973E-05 0.0439067 0.0212786 0.662592 0.0101382 0.0515147
0.954797 0.0187482 9.9937E-05 9.9937E-05 9.9937E-05 9.9937E-05 0.0120617 9.9937E-05 9.9937E-05 9.9937E-05 0.0136931
9.9937E-05 9.9937E-05 0.0260341 9.9937E-05 9.9937E-05 0.730624 9.9937E-05 0.202485 9.9937E-05 0.040158 9.9937E-05
9.99189E-05 9.99189E-05 9.99189E-05 9.99189E-05 0.0195426 9.99189E-05 9.99189E-05 9.99189E-05 0.979558 9.99189E-05 9.99189E-05
9.9946E-05 0.791905 0.115597 0.00512225 9.9946E-05 9.9946E-05 9.9946E-05 0.0622896 9.9946E-05 0.0244866 9.9946E-05
9.9928E-05 9.9928E-05 9.9928E-05 9.9928E-05 0.0241034 9.9928E-05 0.916283 9.9928E-05 0.0588141 9.9928E-05 9.9928E-05
9.99191E-05 9.99191E-05 9.99191E-05 9.99191E-05 9.99191E-05 9.99191E-05 0.918816 9.99191E-05 0.0802849 9.99191E-05 9.99191E-05
0.780857 0.0435746 0.0154786 0.0407444 0.0313207 0.0287303 9.9973E-05 9.9973E-05 0.0150457 9.9973E-05 0.0439484
0.807679 0.0677852 0.0081397 0.0172154 0.0474514 0.00616778 9.9973E-05 9.9973E-05 0.0159044 9.9973E-05 0.029357
0.86889 9.9955E-05 0.0131175 9.9955E-05 0.029156 0.00382428 9.9955E-05 9.9955E-05 0.0194438 9.9955E-05 0.065069
0.941529 9.9946E-05 9.9946E-05 9.9946E-05 9.9946E-05 0.0257067 9.9946E-05 0.00314795 0.019719 9.9946E-05 0.00929733
0.972387 0.000500115 9.9928E-05 9.9928E-05 9.9928E-05 9.9928E-05 9.9928E-05 9.9928E-05 9.9928E-05 9.9928E-05 0.0263134
0.962112 9.9946E-05 9.9946E-05 9.9946E-05 0.00194085 0.0187356 9.9946E-05 9.9946E-05 0.00330587 0.0133063 9.9946E-05
0.979108 9.99281E-05 9.99281E-05 9.99281E-05 0.00851683 9.99281E-05 9.99281E-05 9.99281E-05 9.99281E-05 0.0115754 9.99281E-05
0.960744 9.9937E-05 9.9937E-05 9.9937E-05 0.00372009 9.9937E-05 0.0168311 0.0180057 9.9937E-05 9.9937E-05 9.9937E-05
0.95688 0.0147569 9.99371E-05 9.99371E-05 9.99371E-05 9.99371E-05 9.99371E-05 0.0192996 9.99371E-05 0.00836374 9.99371E-05
0.999001 9.99101E-05 9.99101E-05 9.99101E-05 9.99101E-05 9.99101E-05 9.99101E-05 9.99101E-05 9.99101E-05 9.99101E-05 9.99101E-05
0.930138 0.0153366 0.0204879 9.9973E-05 0.000260534 0.00128948 0.00703922 0.0158301 0.00931814 9.9973E-05 9.9973E-05
0.920212 0.0233642 0.0204944 9.9955E-05 9.9955E-05 9.9955E-05 0.00673837 0.0183695 0.0103214 9.9955E-05 9.9955E-05
0.934543 0.0105754 0.0220862 9.9973E-05 0.0148031 9.9973E-05 0.00102023 0.00196065 9.9973E-05 0.0106441 0.00406723
0.519735 9.99371E-05 9.99371E-05 9.99371E-05 0.436172 9.99371E-05 0.0304811 0.0129119 9.99371E-05 9.99371E-05 9.99371E-05
0.549298 9.99281E-05 9.99281E-05 9.99281E-05 0.438303 9.99281E-05 0.0115991 9.99281E-05 9.99281E-05 9.99281E-05 9.99281E-05
0.999001 9.99101E-05 9.99101E-05 9.99101E-05 9.99101E-05 9.99101E-05 9.99101E-05 9.99101E-05 9.99101E-05 9.99101E-05 9.99101E-05
0.952276 0.0190052 0.00439493 9.9937E-05 9.9937E-05 9.9937E-05 9.9937E-05 9.9937E-05 9.9937E-05 9.9937E-05 0.0236243
0.931742 0.000124709 0.00229786 9.9964E-05 9.9964E-05 0.00299178 9.9964E-05 0.00430118 9.9964E-05 0.020998 0.0371444
0.913902 0.0139903 9.9964E-05 0.0102254 0.0298895 0.0128887 0.00470471 0.0139997 9.9964E-05 9.9964E-05 9.9964E-05
0.999001 9.99105E-05 9.99105E-05 9.99105E-05 9.99105E-05 9.99105E-05 9.99105E-05 9.99105E-05 9.99105E-05 9.99105E-05 9.99105E-05
0.547041 9.99281E-05 9.99281E-05 9.99281E-05 0.442904 9.99281E-05 0.00925556 9.99281E-05 9.99281E-05 9.99281E-05 9.99281E-05
0.842476 9.9964E-05 9.9964E-05 0.0180673 0.0539677 0.000525451 0.0605517 9.9964E-05 9.9964E-05 0.018882 0.00512953
0.925075 9.9928E-05 9.9928E-05 9.9928E-05 9.9928E-05 9.9928E-05 9.9928E-05 9.9928E-05 0.046152 0.0279737 9.9928E-05
0.948577 0.0281111 9.9937E-05 9.9937E-05 9.9937E-05 0.0204897 9.9937E-05 9.9937E-05 9.9937E-05 9.9937E-05 0.00212269
0.929742 9.9946E-05 9.9946E-05 9.9946E-05 9.9946E-05 0.00729624 9.9946E-05 0.00598978 9.9946E-05 0.0368537 0.0195188
0.846608 0.050493 0.00877165 0.0193282 0.0339679 0.0182392 0.0173907 9.9973E-05 9.9973E-05 9.9973E-05 0.00490182
0.941657 0.031079 9.99461E-05 0.00327557 9.99461E-05 9.99461E-05 0.00651355 9.99461E-05 9.99461E-05 9.99461E-05 0.0168753
9.9964E-05 9.9964E-05 9.9964E-05 0.02676 0.595167 0.0978353 9.9964E-05 0.00518579 0.142212 0.0415114 0.0909295
0.944451 9.99371E-05 0.0258059 9.99371E-05 0.0153803 9.99371E-05 9.99371E-05 9.99371E-05 9.99371E-05 9.99371E-05 0.013663
0.987491 0.0103015 9.9928E-05 9.9928E-05 9.9928E-05 9.9928E-05 0.00140828 9.9928E-05 9.9928E-05 9.9928E-05 9.9928E-05
0.714557 0.00302409 9.9982E-05 9.9982E-05 0.0430909 0.00899984 0.017318 0.0844691 0.031077 0.0677398 0.029524
0.994067 0.000629141 9.99281E-05 9.99281E-05 9.99281E-05 9.99281E-05 0.00450414 9.99281E-05 9.99281E-05 9.99281E-05 9.99281E-05
0.958194 0.000278462 9.9946E-05 9.9946E-05 0.0257879 0.00316545 9.9946E-05 9.9946E-05 0.0119746 9.9946E-05 9.9946E-05
0.96925 0.00168185 0.00885413 0.0076693 9.9955E-05 9.9955E-05 9.9955E-05 9.9955E-05 9.9955E-05 0.0102571 0.00178793
0.972897 9.9928E-05 9.9928E-05 9.9928E-05 9.9928E-05 9.9928E-05 9.9928E-05 0.0103848 0.0159184 9.9928E-05 9.9928E-05
0.0193354 9.9991E-05 0.00771706 0.0183206 0.88614 0.00292349 0.00147247 0.0208342 0.0389052 0.00146832 0.00278365
0.999001 9.99101E-05 9.99101E-05 9.99101E-05 9.99101E-05 9.99101E-05 9.99101E-05 9.99101E-05 9.99101E-05 9.99101E-05 9.99101E-05
0.937552 0.0310195 0.00158936 0.0153425 9.9946E-05 9.9946E-05 9.9946E-05 9.9946E-05 9.9946E-05 9.9946E-05 0.0138967
0.965433 9.9919E-05 9.9919E-05 0.0336675 9.9919E-05 9.9919E-05 9.9919E-05 9.9919E-05 9.9919E-05 9.9919E-05 9.9919E-05
0.0066905 9.9955E-05 9.9955E-05 9.9955E-05 0.614023 9.9955E-05 0.212059 0.019451 0.133231 0.014045 9.9955E-05
0.898638 0.0528605 9.99461E-05 0.0165746 0.0191739 0.0121532 9.99461E-05 9.99461E-05 9.99461E-05 9.99461E-05 9.99461E-05
0.920291 9.9937E-05 9.9937E-05 0.0160713 9.9937E-05 9.9937E-05 0.0256732 9.9937E-05 9.9937E-05 9.9937E-05 0.0372647
0.949131 9.9937E-05 9.9937E-05 0.00171975 0.0183988 9.9937E-05 9.9937E-05 9.9937E-05 9.9937E-05 9.9937E-05 0.0300504
0.983005 0.0011511 9.9946E-05 9.9946E-05 0.00138939 9.9946E-05 0.00725295 9.9946E-05 9.9946E-05 9.9946E-05 0.00660141
0.0195654 9.9955E-05 0.0546366 9.9955E-05 0.64512 9.9955E-05 0.240995 9.9955E-05 0.00774945 9.9955E-05 0.0314343
0.977719 9.99281E-05 9.99281E-05 9.99281E-05 9.99281E-05 9.99281E-05 9.99281E-05 0.0206054 0.00087593 9.99281E-05 9.99281E-05
0.910668 0.0222956 0.0147379 9.9955E-05 9.9955E-05 0.0115884 9.9955E-05 9.9955E-05 9.9955E-05 0.010919 0.0292911
0.51359 9.99281E-05 9.99281E-05 9.99281E-05 0.470048 9.99281E-05 0.015562 9.99281E-05 9.99281E-05 9.99281E-05 9.99281E-05
0.976029 0.00398201 9.9937E-05 9.9937E-05 0.0116258 9.9937E-05 9.9937E-05 9.9937E-05 9.9937E-05 0.0076637 9.9937E-05
0.0283133 9.9964E-05 0.0302999 9.9964E-05 0.174946 9.9964E-05 0.724773 0.0175336 0.0192592 9.9964E-05 0.00447573
0.000429625 9.9955E-05 0.0197908 9.9955E-05 0.254779 0.0254078 0.696196 0.00289753 9.9955E-05 9.9955E-05 9.9955E-05
0.0191604 0.00722579 9.9973E-05 0.00669873 0.0372102 0.00309279 0.854764 9.9973E-05 9.9973E-05 0.0486561 0.0228916
0.0391288 0.00801898 0.0176663 9.9973E-05 0.856847 0.019381 0.00149688 9.9973E-05 0.0323584 0.0248031 9.9973E-05
0.0575356 0.0387121 0.0639317 9.9973E-05 0.00826426 0.00932512 9.9973E-05 0.00155609 0.764441 9.9973E-05 0.0559346
0.0589144 9.9955E-05 9.9955E-05 9.9955E-05 0.0286891 0.0062477 0.854072 9.9955E-05 0.00115039 0.0504267 9.9955E-05
9.9964E-05 9.9964E-05 0.0463715 0.0344796 0.171863 0.0259476 0.363571 9.9964E-05 0.350121 0.00724628 9.9964E-05
0.022224 9.9937E-05 9.9937E-05 9.9937E-05 0.150723 0.0362292 0.790124 9.9937E-05 9.9937E-05 9.9937E-05 9.9937E-05
9.9964E-05 9.9964E-05 0.0251155 0.0279367 0.228866 0.0105067 0.657791 0.0368105 9.9964E-05 9.9964E-05 0.0125732
0.0139641 9.9955E-05 0.0579199 0.012529 0.210179 9.9955E-05 0.681086 9.9955E-05 9.9955E-05 9.9955E-05 0.0238215
9.9964E-05 0.00624209 0.0230963 9.9964E-05 0.312932 0.0089874 0.556387 0.0768326 9.9964E-05 0.0151221 9.9964E-05
0.0358742 9.9964E-05 0.0377836 0.0203378 0.298594 0.0400743 0.551775 9.9964E-05 9.9964E-05 0.0151611 9.9964E-05
0.0121302 9.9946E-05 9.9946E-05 9.9946E-05 0.0166036 9.9946E-05 0.919481 0.0505867 0.00059904 9.9946E-05 9.9946E-05
0.0241515 9.9964E-05 9.9964E-05 0.0333512 0.0100794 0.00474787 0.806631 9.9964E-05 0.118269 0.00237054 9.9964E-05
0.0291799 9.99461E-05 9.99461E-05 9.99461E-05 9.99461E-05 0.0118628 0.834426 9.99461E-05 0.116258 0.00767342 9.99461E-05
0.0362315 0.00210012 0.050298 0.0464559 0.759043 9.9982E-05 0.0651406 0.00439626 0.0358153 9.9982E-05 0.00031943
9.9919E-05 9.9919E-05 0.0286071 9.9919E-05 9.9919E-05 9.9919E-05 9.9919E-05 9.9919E-05 9.9919E-05 0.970494 9.9919E-05
9.9937E-05 0.0335873 0.0500139 9.9937E-05 9.9937E-05 9.9937E-05 9.9937E-05 0.0397465 9.9937E-05 0.875953 9.9937E-05
9.998E-05 0.0366475 0.0521463 0.0280804 9.998E-05 0.575818 0.00186112 0.0856357 0.0105131 0.192241 0.0168573
0.0949175 9.998E-05 0.0536624 0.0231598 0.319432 9.998E-05 0.0951329 0.0541796 0.31475 0.0217039 0.0228623
9.9946E-05 0.058282 0.00340728 9.9946E-05 9.9946E-05 0.00848468 9.9946E-05 0.0155935 9.9946E-05 0.913633 9.9946E-05
0.000671904 0.0489367 0.0372484 9.9946E-05 9.9946E-05 9.9946E-05 9.9946E-05 9.9946E-05 9.9946E-05 0.895022 0.0175216
0.100831 0.0199206 0.00371818 9.9982E-05 0.170509 0.0386855 0.37606 0.0224979 0.237344 0.0302342 9.9982E-05
9.9955E-05 0.0236596 0.0682952 0.209934 9.9955E-05 0.360354 9.9955E-05 0.119874 9.9955E-05 0.217383 9.9955E-05
9.9982E-05 0.013934 0.0417535 0.277789 0.0171361 0.361548 0.00410563 0.142874 0.017591 0.123069 9.9982E-05
9.996E-05 0.039151 0.0182795 0.362776 9.996E-05 0.396529 9.996E-05 0.100988 0.00296934 0.0789079 9.996E-05
0.0137722 0.0618542 9.99639E-05 0.516928 0.05052 0.213131 9.99639E-05 0.114959 0.0284359 9.99639E-05 9.99639E-05
0.0197692 0.0491829 9.9964E-05 0.521415 0.0362312 0.238666 9.9964E-05 0.121721 0.0126144 9.9964E-05 9.9964E-05
9.9973E-05 0.02478 9.9973E-05 0.377808 0.0165368 0.405101 0.0252804 0.0363818 9.9973E-05 0.0879009 0.025911
9.99459E-05 0.101505 0.00902204 0.0425395 9.99459E-05 9.99459E-05 9.99459E-05 9.99459E-05 0.751812 9.99459E-05 0.0945217
9.9955E-05 9.9955E-05 0.00702642 0.0415635 0.0262527 0.623276 9.9955E-05 9.9955E-05 0.000554487 0.300827 9.9955E-05
0.00159016 0.0385395 0.0180148 9.9964E-05 0.912263 0.00521139 9.9964E-05 9.9964E-05 0.010126 0.0138557 9.9964E-05
0.019417 9.9955E-05 9.9955E-05 9.9955E-05 0.937212 0.00965285 9.9955E-05 0.0209677 0.00741684 0.00483362 9.9955E-05
0.0233347 9.9955E-05 9.9955E-05 9.9955E-05 0.0156229 0.778617 9.9955E-05 0.148825 9.9955E-05 0.0300564 0.00304371
0.121888 9.9982E-05 0.0259594 0.0967779 0.18813 0.0871102 0.0917458 9.9982E-05 0.145442 0.101152 0.141595
0.00662361 0.0310666 0.000545134 0.0207934 0.0113842 9.999E-05 0.0142701 0.0527084 0.753072 0.0230908 0.0863453
9.9955E-05 9.9955E-05 9.9955E-05 0.00376294 9.9955E-05 0.0295781 0.718515 0.0297205 0.153388 0.0645351 9.9955E-05
0.0111772 9.996E-05 9.996E-05 0.0283716 0.791051 9.996E-05 0.0858374 0.0119124 0.0378621 9.996E-05 0.0333885
9.99551E-05 9.99551E-05 9.99551E-05 0.059525 0.00684582 0.0182621 0.515792 9.99551E-05 0.177402 0.221674 9.99551E-05
9.9964E-05 9.9964E-05 0.0164315 9.9964E-05 0.0323929 9.9964E-05 0.0191652 0.0270452 0.815211 0.0634547 0.0259002
0.0200899 9.9964E-05 0.00752392 0.156984 0.0341967 9.9964E-05 9.9964E-05 9.9964E-05 0.0262986 0.722433 0.0320744
0.0106143 9.99459E-05 0.066415 0.0179961 9.99459E-05 9.99459E-05 9.99459E-05 9.99459E-05 0.863305 9.99459E-05 0.0410703
0.0485589 0.242678 0.358929 9.9982E-05 0.091763 9.9982E-05 0.154959 0.0122195 0.00939631 0.0231088 0.0581884
0.0348307 9.9937E-05 9.9937E-05 0.00382554 0.934811 9.9937E-05 9.9937E-05 9.9937E-05 0.0258331 9.9937E-05 9.9937E-05
0.0193848 9.9955E-05 0.00634223 9.9955E-05 0.0101521 0.625635 9.9955E-05 9.9955E-05 0.0486619 0.289324 9.9955E-05
9.9937E-05 9.9937E-05 9.9937E-05 9.9937E-05 9.9937E-05 0.405769 0.475489 0.0212668 0.0967761 9.9937E-05 9.9937E-05
0.00561832 9.9955E-05 0.00373054 0.0466186 0.0564693 0.867733 0.0193309 9.9955E-05 9.9955E-05 9.9955E-05 9.9955E-05
0.0311769 9.9982E-05 9.9982E-05 0.0170424 0.0494708 0.0329101 0.276726 0.0368687 0.313348 0.0915572 0.1507
9.9919E-05 9.9919E-05 9.9919E-05 0.0297257 9.9919E-05 0.969375 9.9919E-05 9.9919E-05 9.9919E-05 9.9919E-05 9.9919E-05
9.9955E-05 9.9955E-05 9.9955E-05 9.9955E-05 0.00296225 0.023146 0.0761846 0.0107979 0.871667 9.9955E-05 0.014742
9.9946E-05 9.9946E-05 9.9946E-05 0.0384129 0.0611709 0.800517 0.0319592 9.9946E-05 0.0673401 9.9946E-05 9.9946E-05
0.0622241 0.0145804 9.9964E-05 0.0170433 0.0233051 0.815099 0.0195824 9.9964E-05 0.0477661 9.9964E-05 9.9964E-05
0.00215485 9.9946E-05 9.9946E-05 9.9946E-05 0.866464 0.0835672 9.9946E-05 9.9946E-05 0.0417227 0.00549201 9.9946E-05
9.99641E-05 0.0417805 0.0275439 9.99641E-05 0.410724 9.99641E-05 0.112843 0.0828153 0.0460912 0.277802 9.99641E-05
0.0263444 9.996E-05 9.996E-05 0.0156595 0.333069 0.0526837 0.266704 9.996E-05 0.265497 0.0396428 9.996E-05
0.00606878 0.0169674 0.0278952 0.785691 0.0260192 0.0618878 0.0219501 0.0420083 9.9982E-05 9.9982E-05 0.0113127
9.9937E-05 9.9937E-05 9.9937E-05 0.8229 9.9937E-05 0.00494929 9.9937E-05 0.152905 0.0185456 9.9937E-05 9.9937E-05
0.000202596 0.0212105 0.0286988 0.770767 0.0161169 9.9964E-05 9.9964E-05 0.132251 0.0303539 9.9964E-05 9.9964E-05
0.00402913 0.0171248 0.0171078 0.791251 0.00771495 9.9973E-05 0.0225098 0.108595 0.031367 9.9973E-05 9.9973E-05
9.9946E-05 9.9946E-05 0.0216827 0.0313701 0.924348 9.9946E-05 9.9946E-05 9.9946E-05 0.0073384 9.9946E-05 0.0146615
0.001878 0.0500506 0.0456068 9.9964E-05 0.89446 0.000223477 0.000769429 0.00661209 9.9964E-05 9.9964E-05 9.9964E-05
0.0310704 9.9946E-05 9.9946E-05 0.0162588 0.768438 9.9946E-05 0.0580272 9.9946E-05 9.9946E-05 9.9946E-05 0.125605
9.9955E-05 0.00920812 9.9955E-05 0.400842 9.9955E-05 0.283038 9.9955E-05 0.0634722 9.9955E-05 0.168214 0.074726
0.0997618 9.9982E-05 0.0769509 0.0879405 0.255567 0.0835081 0.138976 9.9982E-05 0.150703 0.103432 0.00296103
0.128268 0.166337 0.220266 9.9964E-05 0.335552 9.9964E-05 0.0212595 0.0812684 0.04665 9.9964E-05 9.9964E-05
0.0323061 0.0383129 0.0388116 9.9973E-05 0.717319 9.9973E-05 0.0834244 0.0351583 9.9973E-05 0.00734397 0.0470238
0.0763563 0.0442132 0.13006 9.996E-05 0.601669 9.996E-05 0.0927657 0.0205868 9.996E-05 9.996E-05 0.0339498
0.0171954 0.0626441 0.139644 0.0342243 0.715003 9.9973E-05 0.000322551 0.029879 9.9973E-05 0.000787483 9.9973E-05
0.134602 0.0944726 0.201361 9.9964E-05 0.466651 9.9964E-05 0.0497799 0.0368619 9.9964E-05 0.0158722 9.9964E-05
9.9937E-05 0.856052 9.9937E-05 0.0344207 9.9937E-05 9.9937E-05 0.0602292 9.9937E-05 9.9937E-05 0.0485984 9.9937E-05
0.00101269 9.9964E-05 0.0140525 9.9964E-05 0.00771024 9.9964E-05 0.86744 0.0214228 0.0834457 9.9964E-05 0.00451633
0.0305012 9.9973E-05 0.0150238 0.0232363 0.223826 9.9973E-05 0.543629 9.9973E-05 0.154632 0.00380581 0.00504597
9.9928E-05 9.9928E-05 9.9928E-05 9.9928E-05 9.9928E-05 0.888723 9.9928E-05 0.0962553 9.9928E-05 9.9928E-05 0.0142219
9.9946E-05 0.0204089 0.0363196 9.9946E-05 9.9946E-05 0.846969 9.9946E-05 0.0632608 9.9946E-05 9.9946E-05 0.0324425
9.9955E-05 9.9955E-05 0.0635902 9.9955E-05 9.9955E-05 0.783966 0.00953215 0.130273 0.00600536 9.9955E-05 0.00613411
9.9955E-05 0.118782 9.9955E-05 0.0668626 9.9955E-05 0.2925 9.9955E-05 0.420507 9.9955E-05 0.086056 0.0147923
9.99188E-05 9.99188E-05 0.989033 9.99188E-05 9.99188E-05 0.0100675 9.99188E-05 9.99188E-05 9.99188E-05 9.99188E-05 9.99188E-05
9.99188E-05 9.99188E-05 0.971826 9.99188E-05 9.99188E-05 0.0272748 9.99188E-05 9.99188E-05 9.99188E-05 9.99188E-05 9.99188E-05
9.99369E-05 0.0529747 0.0407368 9.99369E-05 0.876131 9.99369E-05 9.99369E-05 0.0294577 9.99369E-05 9.99369E-05 9.99369E-05
9.99639E-05 0.0637197 0.0424385 0.0108263 0.79107 9.99639E-05 0.0080406 0.035644 9.99639E-05 9.99639E-05 0.0478614
0.0061538 0.0227275 9.9955E-05 9.9955E-05 0.935092 9.9955E-05 0.0184099 9.9955E-05 0.0126424 0.00447419 9.9955E-05
0.0104418 0.0362679 0.00220404 9.9964E-05 9.9964E-05 0.033299 0.0746847 9.9964E-05 0.804198 9.9964E-05 0.038505
0.0203147 9.9946E-05 9.9946E-05 0.0420137 0.00216119 0.922511 9.9946E-05 9.9946E-05 0.0123997 9.9946E-05 9.9946E-05
0.00191094 9.9955E-05 9.9955E-05 0.0274229 9.9955E-05 0.908464 0.00898777 9.9955E-05 0.000540939 0.0521741 9.9955E-05
9.9946E-05 0.0101756 9.9946E-05 0.013772 9.9946E-05 0.878831 0.0134485 9.9946E-05 9.9946E-05 0.0831737 9.9946E-05
9.9964E-05 9.9964E-05 0.0168536 0.019202 9.9964E-05 0.762906 0.0264525 0.0189058 0.0108942 0.144386 9.9964E-05
0.00889478 9.9973E-05 9.9973E-05 0.0454597 0.00114738 0.797948 0.0270564 0.021248 0.0138614 0.0840842 9.9973E-05
9.99461E-05 0.00147342 9.99461E-05 9.99461E-05 9.99461E-05 0.0899539 0.682917 9.99461E-05 0.212057 0.0129988 9.99461E-05
0.0618707 9.9964E-05 9.9964E-05 9.9964E-05 0.0333567 0.104823 9.9964E-05 0.468075 0.0212621 0.230594 0.079619
9.99189E-05 9.99189E-05 0.0435236 9.99189E-05 9.99189E-05 9.99189E-05 9.99189E-05 9.99189E-05 0.955577 9.99189E-05 9.99189E-05
9.99371E-05 9.99371E-05 9.99371E-05 0.00073999 9.99371E-05 0.0763189 0.704779 9.99371E-05 0.217462 9.99371E-05 9.99371E-05
9.9955E-05 9.9955E-05 9.9955E-05 9.9955E-05 0.766243 0.0302401 9.9955E-05 0.0194917 0.111205 0.0141657 0.058155
9.99191E-05 9.99191E-05 9.99191E-05 9.99191E-05 9.99191E-05 9.99191E-05 0.767595 9.99191E-05 0.231505 9.99191E-05 9.99191E-05
9.9919E-05 9.9919E-05 9.9919E-05 9.9919E-05 9.9919E-05 9.9919E-05 0.728276 9.9919E-05 0.270824 9.9919E-05 9.9919E-05
9.99191E-05 9.99191E-05 9.99191E-05 9.99191E-05 9.99191E-05 9.99191E-05 0.705322 9.99191E-05 0.293779 9.99191E-05 9.99191E-05
0.036242 9.9955E-05 0.000685395 0.0331067 9.9955E-05 0.905247 0.0220676 9.9955E-05 9.9955E-05 0.00215124 9.9955E-05
9.9928E-05 9.9928E-05 9.9928E-05 9.9928E-05 9.9928E-05 0.956429 0.00704084 9.9928E-05 0.0357303 9.9928E-05 9.9928E-05
9.9955E-05 9.9955E-05 9.9955E-05 0.0321612 0.017943 0.23788 9.9955E-05 0.0549092 9.9955E-05 0.274392 0.382215
0.0350548 0.00922219 0.00338109 0.0098149 9.9964E-05 0.905929 0.00224725 9.9964E-05 9.9964E-05 0.0339507 9.9964E-05
9.99101E-05 9.99101E-05 9.99101E-05 9.99101E-05 9.99101E-05 0.999001 9.99101E-05 9.99101E-05 9.99101E-05 9.99101E-05 9.99101E-05
9.99371E-05 9.99371E-05 9.99371E-05 9.99371E-05 9.99371E-05 0.279813 0.469939 9.99371E-05 0.0586217 0.190927 9.99371E-05
9.9955E-05 9.9955E-05 0.0614003 0.0435262 9.9955E-05 0.735964 0.000633226 0.124043 9.9955E-05 0.0339331 9.9955E-05
9.9955E-05 9.9955E-05 0.0350877 9.9955E-05 0.0195129 0.675245 9.9955E-05 0.210621 9.9955E-05 0.0566645 0.00236925
0.0183756 0.0532953 0.186809 9.9973E-05 0.038965 0.078178 9.9973E-05 0.241711 9.9973E-05 0.0933361 0.28903
0.019998 9.9946E-05 9.9946E-05 0.0150545 9.9946E-05 9.9946E-05 0.0220296 9.9946E-05 0.903666 9.9946E-05 0.0386525
9.9955E-05 9.9955E-05 9.9955E-05 0.00620338 9.9955E-05 0.625678 0.0269365 9.9955E-05 0.105614 0.223269 0.011799
0.413074 9.9955E-05 9.9955E-05 0.060298 0.278639 9.9955E-05 0.0269113 9.9955E-05 0.0212974 0.199281 9.9955E-05
9.9937E-05 9.9937E-05 9.9937E-05 9.9937E-05 9.9937E-05 0.539694 0.0804081 9.9937E-05 0.0614428 0.317756 9.9937E-05
0.0204639 0.00158001 9.9937E-05 9.9937E-05 9.9937E-05 0.950203 0.0270537 9.9937E-05 9.9937E-05 9.9937E-05 9.9937E-05
9.99371E-05 9.99371E-05 9.99371E-05 0.00869343 9.99371E-05 0.0406434 0.737975 9.99371E-05 0.211989 9.99371E-05 9.99371E-05
9.9955E-05 0.052528 9.9955E-05 0.01278 9.9955E-05 0.259059 0.550256 9.9955E-05 0.115989 0.00888906 9.9955E-05
0.00852768 0.0312071 9.9946E-05 9.9946E-05 0.0109502 9.9946E-05 9.9946E-05 9.9946E-05 0.866163 9.9946E-05 0.0825527
9.99279E-05 0.954106 0.0446827 9.99279E-05 9.99279E-05 9.99279E-05 9.99279E-05 9.99279E-05 9.99279E-05 9.99279E-05 0.000411542
9.99281E-05 9.99281E-05 0.00372421 9.99281E-05 0.053649 9.99281E-05 0.941827 9.99281E-05 9.99281E-05 9.99281E-05 9.99281E-05
0.00406924 9.9937E-05 9.9937E-05 9.9937E-05 9.9937E-05 9.9937E-05 0.0708768 9.9937E-05 0.0738282 9.9937E-05 0.850526
9.9964E-05 0.0295608 9.9964E-05 9.9964E-05 0.0422966 0.0110916 0.0264135 0.0272621 0.841545 9.9964E-05 0.0214307
9.9937E-05 0.00743867 9.9937E-05 9.9937E-05 9.9937E-05 0.0549424 0.0822469 9.9937E-05 0.854673 9.9937E-05 9.9937E-05
9.99278E-05 0.0434269 9.99278E-05 9.99278E-05 9.99278E-05 9.99278E-05 9.99278E-05 9.99278E-05 0.0316195 9.99278E-05 0.924154
9.9964E-05 0.475811 9.9964E-05 0.0322992 9.9964E-05 0.0197371 0.261039 9.9964E-05 0.134614 0.0295692 0.0465303
9.9919E-05 9.9919E-05 9.9919E-05 9.9919E-05 9.9919E-05 9.9919E-05 9.9919E-05 9.9919E-05 0.910478 9.9919E-05 0.0886228
0.0301818 0.0448383 0.182507 9.9973E-05 0.0583164 0.0742078 9.9973E-05 0.249397 9.9973E-05 0.0890352 0.271217
0.00603512 0.0268501 9.9937E-05 9.9937E-05 0.933662 9.9937E-05 0.0327532 9.9937E-05 9.9937E-05 9.9937E-05 9.9937E-05
9.9955E-05 9.9955E-05 9.9955E-05 0.00996107 0.75331 0.0402146 9.9955E-05 9.9955E-05 0.108828 0.00328433 0.0839029
0.990036 9.9919E-05 9.9919E-05 9.9919E-05 9.9919E-05 0.00906491 9.9919E-05 9.9919E-05 9.9919E-05 9.9919E-05 9.9919E-05
9.9964E-05 9.9964E-05 9.9964E-05 0.0122631 0.667573 0.0601535 0.00852347 0.0130483 0.118372 9.9964E-05 0.119666
0.010983 9.9946E-05 9.9946E-05 9.9946E-05 0.841504 0.000551934 0.0899153 9.9946E-05 0.0564457 9.9946E-05 9.9946E-05
9.99371E-05 9.99371E-05 9.99371E-05 9.99371E-05 0.35934 0.00492418 0.0443116 9.99371E-05 0.590725 9.99371E-05 9.99371E-05
0.0145682 9.99371E-05 9.99371E-05 9.99371E-05 0.850801 9.99371E-05 0.0673693 9.99371E-05 0.0665619 9.99371E-05 9.99371E-05
0.0262683 0.101976 9.995E-05 0.0466367 0.239642 9.995E-05 0.555029 9.995E-05 9.995E-05 9.995E-05 0.0299486
9.9946E-05 9.9946E-05 0.0189064 9.9946E-05 0.940213 9.9946E-05 9.9946E-05 0.03015 0.000942297 0.00918912 9.9946E-05
0.105336 0.229967 0.283341 9.9955E-05 0.0997546 9.9955E-05 0.0226841 9.9955E-05 9.9955E-05 9.9955E-05 0.258418
9.9955E-05 9.9955E-05 0.0877691 0.0272187 0.035074 9.9955E-05 0.165584 9.9955E-05 0.0806181 9.9955E-05 0.603236
0.0266133 0.184957 0.158003 9.99641E-05 0.174118 9.99641E-05 0.302071 9.99641E-05 0.123585 9.99641E-05 0.0302539
0.021564 0.0239643 9.9955E-05 9.9955E-05 0.867086 0.0168677 0.0520701 9.9955E-05 9.9955E-05 9.9955E-05 0.0179481
0.0208062 9.9937E-05 9.9937E-05 9.9937E-05 9.9937E-05 0.835011 9.9937E-05 9.9937E-05 9.9937E-05 0.132421 0.0110627
9.9955E-05 0.00179583 9.9955E-05 9.9955E-05 0.0233636 0.0176208 0.91224 9.9955E-05 9.9955E-05 0.00551725 0.0389626
0.0591669 0.294312 0.347913 9.9955E-05 0.120775 9.9955E-05 0.0310567 9.9955E-05 9.9955E-05 9.9955E-05 0.146276
9.9937E-05 0.0292312 9.9937E-05 9.9937E-05 0.0105642 9.9937E-05 0.909101 9.9937E-05 9.9937E-05 9.9937E-05 0.0504035
9.9937E-05 9.9937E-05 0.0218807 9.9937E-05 9.9937E-05 0.738398 9.9937E-05 0.210095 9.9937E-05 0.0289271 9.9937E-05
0.0137076 9.9928E-05 9.9928E-05 9.9928E-05 9.9928E-05 9.9928E-05 9.9928E-05 0.022823 0.96267 9.9928E-05 9.9928E-05
0.971959 9.9928E-05 9.9928E-05 9.9928E-05 9.9928E-05 9.9928E-05 9.9928E-05 0.0180848 0.00915669 9.9928E-05 9.9928E-05
0.702104 9.9964E-05 0.00358942 9.9964E-05 0.0470151 9.9964E-05 9.9964E-05 0.0439191 0.0496027 0.113022 0.0403474
0.0301813 0.015761 9.99371E-05 9.99371E-05 0.946652 9.99371E-05 9.99371E-05 9.99371E-05 0.00670647 9.99371E-05 9.99371E-05
0.0379955 9.9937E-05 9.9937E-05 9.9937E-05 0.260032 9.9937E-05 0.534142 9.9937E-05 0.167131 9.9937E-05 9.9937E-05
0.0149594 9.99279E-05 9.99279E-05 9.99279E-05 9.99279E-05 9.99279E-05 9.99279E-05 9.99279E-05 0.975499 9.99279E-05 0.00874181
9.99101E-05 9.99101E-05 9.99101E-05 9.99101E-05 9.99101E-05 9.99101E-05 9.99101E-05 9.99101E-05 0.999001 9.99101E-05 9.99101E-05
9.9973E-05 0.0156356 9.9973E-05 0.037028 9.9973E-05 0.059898 0.568695 0.0171538 0.170101 0.0938575 0.0373312
0.0222851 9.9955E-05 9.9955E-05 0.00671438 0.289767 9.9955E-05 0.573269 0.00830759 0.0991569 9.9955E-05 9.9955E-05
9.9946E-05 0.023374 0.0491134 9.9946E-05 9.9946E-05 0.814506 9.9946E-05 0.107964 9.9946E-05 9.9946E-05 0.00444294
9.99101E-05 9.99101E-05 0.999001 9.99101E-05 9.99101E-05 9.99101E-05 9.99101E-05 9.99101E-05 9.99101E-05 9.99101E-05 9.99101E-05
9.99279E-05 9.99279E-05 9.99279E-05 0.0522522 9.99279E-05 0.394213 9.99279E-05 0.552735 9.99279E-05 9.99279E-05 9.99279E-05
0.0595272 9.9946E-05 9.9946E-05 0.0194068 0.0144487 9.9946E-05 0.0256729 0.880345 9.9946E-05 9.9946E-05 9.9946E-05
0.0489052 9.9937E-05 9.9937E-05 9.9937E-05 9.9937E-05 9.9937E-05 0.00944852 0.932999 0.0079474 9.9937E-05 9.9937E-05
9.99549E-05 9.99549E-05 0.0011357 0.000960796 9.99549E-05 0.140378 9.99549E-05 0.689861 0.0214519 0.145713 9.99549E-05
9.99188E-05 9.99188E-05 0.981494 9.99188E-05 9.99188E-05 0.0176067 9.99188E-05 9.99188E-05 9.99188E-05 9.99188E-05 9.99188E-05
0.043221 9.9964E-05 9.9964E-05 0.0732667 9.9964E-05 9.9964E-05 0.00798699 0.825351 0.0130254 0.0193967 0.0173523
9.99459E-05 9.99459E-05 0.00735065 9.99459E-05 0.00681271 0.0481527 9.99459E-05 0.698539 9.99459E-05 0.238545 9.99459E-05
0.036231 0.146554 0.461075 9.9973E-05 0.0231479 9.9973E-05 0.00681349 0.121795 0.0561432 9.9973E-05 0.14794
9.9937E-05 0.00221798 9.9937E-05 9.9937E-05 9.9937E-05 0.174991 9.9937E-05 0.747607 9.9937E-05 0.0744838 9.9937E-05
0.0389031 0.122283 0.449707 9.9973E-05 0.0747982 9.9973E-05 0.0061634 0.14946 0.0312826 9.9973E-05 0.127103
9.99369E-05 0.165578 9.99369E-05 9.99369E-05 9.99369E-05 9.99369E-05 0.0620956 9.99369E-05 0.0939878 9.99369E-05 0.677639
0.00409165 9.99459E-05 9.99459E-05 0.0405446 9.99459E-05 0.0308506 9.99459E-05 9.99459E-05 9.99459E-05 0.158268 0.765646
0.0177227 0.120459 0.0558856 9.9964E-05 9.9964E-05 0.181265 0.0336574 0.508614 9.9964E-05 0.0819958 9.9964E-05
0.0209179 0.16915 0.0695297 0.0197342 9.997E-05 0.122506 0.0692185 0.449308 9.997E-05 0.0793359 9.997E-05
9.99101E-05 9.99101E-05 0.999001 9.99101E-05 9.99101E-05 9.99101E-05 9.99101E-05 9.99101E-05 9.99101E-05 9.99101E-05 9.99101E-05
0.00375402 9.9955E-05 0.0679972 0.00129086 9.9955E-05 0.165481 9.9955E-05 0.666067 9.9955E-05 0.0949108 9.9955E-05
9.9946E-05 9.9946E-05 9.9946E-05 9.9946E-05 0.127495 9.9946E-05 0.819573 0.0043485 9.9946E-05 0.0114538 0.0365302
9.9955E-05 0.00389465 0.0610667 9.9955E-05 9.9955E-05 0.821739 0.00497773 0.106627 9.9955E-05 0.00119485 9.9955E-05
0.0528097 9.9946E-05 0.0108121 9.9946E-05 0.00659029 9.9946E-05 9.9946E-05 0.906853 0.0223352 9.9946E-05 9.9946E-05
9.9937E-05 9.9937E-05 0.104427 9.9937E-05 9.9937E-05 0.188716 9.9937E-05 0.542986 9.9937E-05 0.163171 9.9937E-05
0.0499842 9.9955E-05 0.00388289 0.0803496 9.9955E-05 0.0290324 9.9955E-05 0.807178 9.9955E-05 0.0290736 9.9955E-05
0.0189138 9.9955E-05 9.9955E-05 0.000202011 9.9955E-05 0.0367182 0.00612305 0.823877 9.9955E-05 0.113666 9.9955E-05
9.9946E-05 9.9946E-05 9.9946E-05 9.9946E-05 0.72125 0.0151046 9.9946E-05 9.9946E-05 0.0957399 0.0361442 0.131162
0.0434948 0.0689779 9.9973E-05 0.0568536 0.33954 0.00594441 0.45121 9.9973E-05 9.9973E-05 0.00244311 0.0312362
9.9928E-05 9.9928E-05 9.9928E-05 9.9928E-05 9.9928E-05 0.689159 9.9928E-05 0.286349 9.9928E-05 0.0236926 9.9928E-05
9.9946E-05 0.0263397 9.9946E-05 9.9946E-05 0.0355925 9.9946E-05 0.9063 9.9946E-05 9.9946E-05 0.000941776 0.0302261
9.99459E-05 9.99459E-05 9.99459E-05 9.99459E-05 0.694284 0.0570856 9.99459E-05 9.99459E-05 0.101015 0.00293004 0.144085
9.99369E-05 0.88759 0.0535728 9.99369E-05 9.99369E-05 9.99369E-05 9.99369E-05 9.99369E-05 0.0299783 9.99369E-05 0.0281591
0.00213998 9.9919E-05 9.9919E-05 9.9919E-05 9.9919E-05 0.996961 9.9919E-05 9.9919E-05 9.9919E-05 9.9919E-05 9.9919E-05
0.0163306 9.9928E-05 9.9928E-05 0.0150192 9.9928E-05 0.967851 9.9928E-05 9.9928E-05 9.9928E-05 9.9928E-05 9.9928E-05
0.0125888 9.9946E-05 9.9946E-05 0.0864938 9.9946E-05 0.853974 0.0221563 9.9946E-05 9.9946E-05 0.0241873 9.9946E-05
9.99191E-05 9.99191E-05 9.99191E-05 0.0372285 9.99191E-05 0.961872 9.99191E-05 9.99191E-05 9.99191E-05 9.99191E-05 9.99191E-05
0.010217 0.0611455 9.9964E-05 9.9964E-05 9.9964E-05 0.0357231 0.0605634 9.9964E-05 0.812893 0.00151968 0.0175381
0.04074 0.0091167 9.9955E-05 9.9955E-05 0.0351627 0.816935 9.9955E-05 9.9955E-05 0.021535 0.0760104 9.9955E-05
9.9955E-05 9.9955E-05 9.9955E-05 0.000297041 0.704107 0.0295134 9.9955E-05 0.0464101 0.147221 9.9955E-05 0.0719513
9.9928E-05 9.9928E-05 0.0396357 9.9928E-05 0.929201 9.9928E-05 9.9928E-05 9.9928E-05 9.9928E-05 9.9928E-05 0.0303635
0.0131975 9.995E-05 9.995E-05 0.0361593 0.882974 9.995E-05 0.00400881 0.0169218 0.046239 9.995E-05 9.995E-05
0.0160128 9.9946E-05 0.0261144 9.9946E-05 0.908438 9.9946E-05 9.9946E-05 9.9946E-05 0.0397123 0.00912267 9.9946E-05
0.0259242 9.9955E-05 9.9955E-05 0.0115316 0.862602 9.9955E-05 0.0631508 9.9955E-05 0.0221707 0.0141213 9.9955E-05
0.0544548 9.99459E-05 9.99459E-05 0.129499 0.0292159 9.99459E-05 0.0103487 0.775882 9.99459E-05 9.99459E-05 9.99459E-05
0.078194 9.9946E-05 9.9946E-05 0.135096 0.0315857 9.9946E-05 0.00291275 0.751612 9.9946E-05 9.9946E-05 9.9946E-05
9.9964E-05 0.00508787 0.000733393 0.892302 0.00610712 9.9964E-05 0.0191581 0.0281087 0.0481027 9.9964E-05 9.9964E-05
9.9946E-05 9.9946E-05 0.0194137 0.868715 0.0228526 0.0698898 9.9946E-05 9.9946E-05 9.9946E-05 0.018529 9.9946E-05
9.9946E-05 9.9946E-05 0.0254192 0.915651 9.9946E-05 0.0196136 9.9946E-05 9.9946E-05 9.9946E-05 0.0130683 0.0256479
0.000203138 0.0776851 0.016348 0.299579 0.00913692 9.9964E-05 9.9964E-05 9.9964E-05 0.0978406 9.9964E-05 0.498807
0.0091019 9.9964E-05 0.00169178 0.918537 0.00108937 9.9964E-05 0.0462978 0.0123354 9.9964E-05 9.9964E-05 0.0105468
0.0190116 9.998E-05 0.0711488 0.0973244 0.180466 0.190581 0.238231 9.998E-05 0.0950404 0.0285764 0.0794207
9.99101E-05 9.99101E-05 9.99101E-05 0.999001 9.99101E-05 9.99101E-05 9.99101E-05 9.99101E-05 9.99101E-05 9.99101E-05 9.99101E-05
9.9928E-05 9.9928E-05 9.9928E-05 0.984261 9.9928E-05 9.9928E-05 9.9928E-05 0.00866107 9.9928E-05 0.00627828 9.9928E-05
0.0288501 9.9946E-05 0.00236805 0.901965 9.9946E-05 0.0213327 9.9946E-05 9.9946E-05 9.9946E-05 0.0448847 9.9946E-05
0.00107029 9.9964E-05 9.9964E-05 0.197877 0.0185877 0.00877448 0.0291964 0.0691628 9.9964E-05 0.674932 9.9964E-05
9.99281E-05 9.99281E-05 9.99281E-05 0.991608 9.99281E-05 0.00139257 9.99281E-05 9.99281E-05 9.99281E-05 0.00619977 9.99281E-05
0.0331662 9.9955E-05 9.9955E-05 0.80138 0.0294516 0.0246878 0.00126787 9.9955E-05 9.9955E-05 0.109547 9.9955E-05
9.9937E-05 0.0540961 0.0427493 9.9937E-05 0.0863621 9.9937E-05 0.816093 9.9937E-05 9.9937E-05 9.9937E-05 9.9937E-05
0.0463338 9.9982E-05 0.00205973 0.0473517 0.217377 0.0158054 0.574137 0.0115432 0.0105824 9.9982E-05 0.0746102
9.9955E-05 9.9955E-05 0.0137373 0.0195167 0.687318 9.9955E-05 0.111603 0.0410194 9.9955E-05 9.9955E-05 0.126305
0.0204517 0.0211399 9.99461E-05 9.99461E-05 0.867696 9.99461E-05 0.076897 9.99461E-05 9.99461E-05 9.99461E-05 0.013216
9.9955E-05 0.0326369 0.0718739 9.9955E-05 0.0473996 9.9955E-05 0.0633428 9.9955E-05 0.0633979 9.9955E-05 0.720849
0.0457093 0.00629471 9.9964E-05 0.0315152 0.773891 0.0213157 0.0326082 9.9964E-05 9.9964E-05 9.9964E-05 0.088266
0.0163045 0.0131839 0.00262087 9.9946E-05 0.0333284 9.9946E-05 0.933963 9.9946E-05 9.9946E-05 9.9946E-05 9.9946E-05
9.9937E-05 9.9937E-05 0.00193018 9.9937E-05 0.0499567 9.9937E-05 0.933909 0.0135048 9.9937E-05 9.9937E-05 9.9937E-05
9.99369E-05 0.0439153 0.000798993 9.99369E-05 9.99369E-05 9.99369E-05 9.99369E-05 9.99369E-05 0.0500086 9.99369E-05 0.904577
0.0329582 0.0267023 0.091403 0.0420732 0.691886 9.9964E-05 0.0390568 9.9964E-05 9.9964E-05 9.9964E-05 0.0755208
0.0976812 0.120892 0.0307951 9.9973E-05 0.473585 0.0200387 0.14148 0.0585777 9.9973E-05 9.9973E-05 0.0566515
0.0401586 0.285412 0.205866 9.99642E-05 0.0443935 9.99642E-05 9.99642E-05 0.0321331 0.108765 9.99642E-05 0.282872
9.99369E-05 0.0495728 0.0288293 9.99369E-05 9.99369E-05 9.99369E-05 9.99369E-05 9.99369E-05 0.0704129 9.99369E-05 0.850485
9.99459E-05 9.99459E-05 0.138272 9.99459E-05 0.0519085 9.99459E-05 0.0674269 9.99459E-05 0.0629023 9.99459E-05 0.678891
9.9973E-05 0.0481107 9.9973E-05 0.0137165 0.207752 0.0595357 0.546237 0.0211492 9.9973E-05 0.0386783 0.0645204
0.00804922 0.10197 9.9955E-05 9.9955E-05 0.00144758 9.9955E-05 0.00736436 9.9955E-05 0.0994541 9.9955E-05 0.781215
9.9973E-05 0.0103024 0.0198067 0.009215 0.0145624 0.00383626 0.914279 0.0151159 9.9973E-05 9.9973E-05 0.0125829
9.9919E-05 0.996209 9.9919E-05 9.9919E-05 9.9919E-05 9.9919E-05 9.9919E-05 9.9919E-05 0.00289184 9.9919E-05 9.9919E-05
0.00126826 0.950589 9.9928E-05 9.9928E-05 9.9928E-05 9.9928E-05 9.9928E-05 9.9928E-05 9.9928E-05 9.9928E-05 0.0473433
0.0173577 0.266353 0.0976733 9.9964E-05 9.9964E-05 0.119964 9.9964E-05 0.424784 0.0319416 0.0415261 9.9964E-05
9.9919E-05 9.9919E-05 9.9919E-05 9.9919E-05 9.9919E-05 9.9919E-05 9.9919E-05 9.9919E-05 0.131785 9.9919E-05 0.867316
9.99279E-05 0.0190026 9.99279E-05 9.99279E-05 9.99279E-05 9.99279E-05 9.99279E-05 9.99279E-05 0.0361202 9.99279E-05 0.944078
9.9919E-05 9.9919E-05 9.9919E-05 9.9919E-05 9.9919E-05 9.9919E-05 9.9919E-05 9.9919E-05 0.114567 9.9919E-05 0.884534
