0.511262 0.334552 0.154086 9.9991E-05
0.264679 0.668482 0.0521764 0.0146624
0.251788 0.606253 0.0748863 0.0670722
0.521265 0.328037 0.150599 9.9991E-05
0.0128483 0.986952 9.9982E-05 9.9982E-05
0.225419 0.62788 0.0779228 0.0687774
0.401739 0.0157791 0.578238 0.00424433
9.998E-05 9.998E-05 0.9997 9.998E-05
9.998E-05 9.998E-05 0.9997 9.998E-05
9.998E-05 9.998E-05 0.9997 9.998E-05
0.894534 0.0373904 9.9991E-05 0.0679758
0.933833 9.9982E-05 9.9982E-05 0.0659672
0.893991 9.9982E-05 9.9982E-05 0.105809
0.913386 9.9982E-05 9.9982E-05 0.0864145
9.999E-05 0.0457042 0.0519068 0.902289
9.998E-05 9.998E-05 0.9997 9.998E-05
0.8293 0.029732 0.140868 9.9991E-05
0.0514558 9.9982E-05 9.9982E-05 0.948344
0.307023 0.0119668 0.0468425 0.634168
0.52596 9.9982E-05 9.9982E-05 0.47384
0.0470401 9.9991E-05 0.0709042 0.881956
0.779374 9.9982E-05 9.9982E-05 0.220426
0.0420597 9.9982E-05 9.9982E-05 0.95774
0.764768 9.9982E-05 9.9982E-05 0.235032
0.814821 9.9982E-05 9.9982E-05 0.184979
9.998E-05 9.998E-05 9.998E-05 0.9997
0.0445996 9.9991E-05 0.0171178 0.938183
0.229592 0.0435051 0.0187437 0.708159
9.9982E-05 9.9982E-05 0.0241108 0.975689
9.998E-05 9.998E-05 9.998E-05 0.9997
0.811058 9.9982E-05 9.9982E-05 0.188742
0.910932 9.9982E-05 9.9982E-05 0.0888683
0.0459319 0.00323446 9.9991E-05 0.950734
0.724173 9.9982E-05 9.9982E-05 0.275627
9.998E-05 9.998E-05 9.998E-05 0.9997
0.835462 9.9982E-05 9.9982E-05 0.164338
0.0400504 9.9982E-05 9.9982E-05 0.95975
0.821245 9.9982E-05 9.9982E-05 0.178555
0.389286 0.444593 0.166021 9.9991E-05
9.998E-05 0.9997 9.998E-05 9.998E-05
0.930188 0.069612 9.9982E-05 9.9982E-05
0.00184033 9.9982E-05 9.9982E-05 0.99796
0.828111 9.9982E-05 9.9982E-05 0.171689
0.362293 0.564109 0.0734983 9.9991E-05
0.278331 0.0193332 0.0744435 0.627892
0.51498 9.9991E-05 0.0146436 0.470277
0.00855934 0.0323229 0.0416915 0.917426
0.182246 0.691141 0.0443751 0.0822384
0.0744894 0.717962 0.120992 0.0865571
0.701742 0.110477 0.187681 9.9991E-05
0.766047 0.0615174 0.172335 9.9991E-05
0.733227 0.113199 0.153474 9.9991E-05
0.742975 0.0587427 0.198183 9.9991E-05
0.00584857 9.9991E-05 0.979536 0.0145158
9.9982E-05 0.00161144 0.998189 9.9982E-05
0.870992 9.9991E-05 0.0621346 0.0667733
0.817176 9.9982E-05 9.9982E-05 0.182624
0.283993 0.338511 0.131316 0.24618
9.998E-05 0.9997 9.998E-05 9.998E-05
0.0129846 0.863556 0.0384983 0.0849612
0.843405 0.0542598 0.102235 9.9991E-05
0.767544 0.0827705 0.149586 9.9991E-05
0.770355 0.110979 0.118566 9.9991E-05
9.998E-05 9.998E-05 0.9997 9.998E-05
9.998E-05 0.9997 9.998E-05 9.998E-05
0.843043 0.051087 0.104895 0.000974479
0.487485 0.325941 0.186474 9.9991E-05
0.834153 9.9982E-05 9.9982E-05 0.165647
0.911224 9.9982E-05 9.9982E-05 0.0885758
0.0606285 0.0543297 0.84642 0.0386221
0.0740305 0.0338196 0.833641 0.0585092
0.0825365 0.00643582 0.904899 0.00612859
9.9982E-05 0.017596 0.982204 9.9982E-05
0.00470375 9.9982E-05 0.995096 9.9982E-05
9.9982E-05 9.9982E-05 0.992151 0.00764903
9.998E-05 9.998E-05 0.9997 9.998E-05
9.9982E-05 9.9982E-05 0.996864 0.00293607
9.998E-05 9.998E-05 0.9997 9.998E-05
9.998E-05 9.998E-05 0.9997 9.998E-05
0.0280528 0.00164409 0.969049 0.00125397
0.0382453 0.00515045 0.944942 0.0116624
0.0165577 9.9982E-05 0.983242 9.9982E-05
9.9982E-05 9.9982E-05 0.553509 0.446291
9.9982E-05 9.9982E-05 0.542206 0.457594
9.998E-05 9.998E-05 0.9997 9.998E-05
9.998E-05 9.998E-05 0.9997 9.998E-05
9.9982E-05 0.00477205 0.995028 9.9982E-05
0.00668515 9.9991E-05 0.964511 0.0287034
9.998E-05 9.998E-05 0.9997 9.998E-05
9.9982E-05 9.9982E-05 0.543841 0.455959
0.0538699 0.0178482 0.879549 0.048733
0.00668748 0.00327925 0.977201 0.0128319
0.000847365 9.9982E-05 0.998953 9.9982E-05
9.9982E-05 0.0332052 0.966595 9.9982E-05
0.042505 0.0361594 0.892392 0.0289436
0.00400922 9.9991E-05 0.987962 0.00792923
0.155269 0.20882 9.9991E-05 0.635811
9.9991E-05 0.000236076 0.985507 0.0141567
0.000994214 9.9991E-05 0.990809 0.0080972
0.0212319 0.107998 0.76685 0.10392
9.998E-05 9.998E-05 0.9997 9.998E-05
9.998E-05 9.998E-05 0.9997 9.998E-05
9.998E-05 9.998E-05 0.9997 9.998E-05
9.9991E-05 0.00148895 0.948509 0.0499016
9.9982E-05 9.9982E-05 0.0298164 0.969984
9.998E-05 9.998E-05 0.9997 9.998E-05
0.00138878 9.9991E-05 0.988866 0.00964538
9.998E-05 9.998E-05 0.9997 9.998E-05
0.313938 0.00432351 0.000275686 0.681463
9.9991E-05 0.0258504 0.945956 0.0280933
0.0236449 9.9982E-05 0.976155 9.9982E-05
9.9982E-05 9.9982E-05 0.986211 0.0135889
9.998E-05 9.998E-05 0.9997 9.998E-05
0.276626 9.9991E-05 0.0309718 0.692302
9.998E-05 9.998E-05 0.9997 9.998E-05
0.0159133 0.016198 0.96023 0.0076591
9.9982E-05 9.9982E-05 0.51583 0.48397
9.99807E-05 9.99807E-05 0.9997 9.99807E-05
0.697524 9.9982E-05 9.9982E-05 0.302276
0.600061 9.9982E-05 9.9982E-05 0.399739
0.830471 9.9982E-05 9.9982E-05 0.169329
0.0268469 0.0108717 0.0302545 0.932027
0.756809 0.0805102 0.162581 9.9991E-05
0.776332 0.0202249 0.0108205 0.192623
0.631657 0.0605473 0.0154854 0.29231
0.708938 9.9982E-05 9.9982E-05 0.290862
0.575027 0.0126446 9.9991E-05 0.412229
0.679486 9.9982E-05 9.9982E-05 0.320314
0.544055 0.0729242 9.9991E-05 0.382921
0.530825 0.0179221 9.9991E-05 0.451153
0.855029 9.9982E-05 9.9982E-05 0.144771
0.874015 9.9991E-05 0.00781138 0.118073
0.857611 9.9982E-05 9.9982E-05 0.142189
0.0954039 0.0574169 0.052339 0.79484
0.0541358 0.826213 0.0809243 0.038727
0.0403294 0.792972 0.11525 0.0514486
0.0888874 0.903446 0.00756703 9.9991E-05
0.395323 0.0893895 0.132081 0.383207
0.0747041 0.790944 0.10805 0.0263024
0.0403534 0.794567 0.11294 0.0521399
0.613275 0.0689532 0.119856 0.197916
0.0253874 0.877194 0.0562622 0.0411569
0.0495977 0.817014 0.0560411 0.0773475
0.0717102 0.843365 0.0587386 0.0261864
0.0685331 0.664968 0.139785 0.126713
0.0604309 0.711156 0.129155 0.0992578
0.0289768 0.811454 0.0486598 0.110909
0.737526 0.121854 0.14052 9.9991E-05
9.9982E-05 0.952588 9.9982E-05 0.0472118
0.021186 9.9991E-05 0.0447621 0.933952
0.00912285 0.00145972 0.0216083 0.967809
9.9982E-05 0.979233 9.9982E-05 0.0205673
0.28302 0.293119 0.188975 0.234886
0.776102 0.128234 0.0955638 9.9991E-05
0.875613 0.0972808 9.9991E-05 0.0270057
0.0877997 9.9991E-05 0.0324009 0.879699
0.641293 0.234883 0.0353962 0.0884274
0.768577 0.108932 0.122391 9.9991E-05
0.062894 0.740604 0.0863374 0.110165
0.765112 0.104367 0.130421 9.9991E-05
0.428729 0.21017 0.190691 0.170411
9.9982E-05 9.9982E-05 0.0163327 0.983467
0.00753621 0.897554 0.0455231 0.0493867
0.527925 0.446797 9.9991E-05 0.0251778
9.9982E-05 0.979173 9.9982E-05 0.0206271
0.706875 0.183137 0.0619387 0.0480503
9.998E-05 0.9997 9.998E-05 9.998E-05
0.845527 0.0864647 0.0656672 0.00234116
0.0759829 0.870588 9.9991E-05 0.0533286
0.0707182 0.904471 0.0102771 0.0145334
0.0125502 0.0702416 9.9991E-05 0.917108
0.219706 0.308114 0.0303905 0.441789
0.476394 0.106847 0.0358624 0.380897
0.0742308 0.633434 0.159295 0.13304
0.091445 0.67692 0.13259 0.0990446
0.0646866 0.628989 0.169248 0.137076
0.127698 0.588807 0.152829 0.130666
9.9982E-05 0.0110812 9.9982E-05 0.988719
0.00130072 0.0317252 0.0135024 0.953472
0.109545 0.00519961 0.0550244 0.830231
0.084295 0.761121 0.110031 0.0445526
0.29303 0.320747 0.15911 0.227113
0.221106 0.157914 0.217675 0.403306
0.0917339 0.0490411 0.0426663 0.816559
0.1137 0.0590395 0.131139 0.696122
0.0418164 0.0959557 0.0722599 0.789968
0.104843 0.166603 0.196765 0.531789
0.579048 0.227842 0.193011 9.9991E-05
0.859644 9.9982E-05 9.9982E-05 0.140157
0.625502 9.9991E-05 0.025349 0.349049
9.998E-05 0.9997 9.998E-05 9.998E-05
0.0142131 0.985587 9.9982E-05 9.9982E-05
0.0424973 0.957303 9.9982E-05 9.9982E-05
0.144449 0.774074 0.0813774 9.9991E-05
0.275938 0.549241 0.145607 0.0292143
0.272938 0.536773 0.145306 0.0449831
0.000647745 0.0377379 0.0118499 0.949764
0.037432 0.0703353 0.037812 0.854421
0.0118308 0.00394995 0.00645236 0.977767
0.83874 0.0809186 0.0802414 9.9991E-05
9.9982E-05 0.998787 0.00101321 9.9982E-05
9.998E-05 0.9997 9.998E-05 9.998E-05
9.998E-05 0.9997 9.998E-05 9.998E-05
0.00283013 0.99697 9.9982E-05 9.9982E-05
9.998E-05 0.9997 9.998E-05 9.998E-05
0.92915 0.0706499 9.9982E-05 9.9982E-05
0.083522 0.648871 0.161147 0.10646
0.851833 0.063719 0.0843477 9.9991E-05
0.917163 0.0826366 9.9982E-05 9.9982E-05
0.0865601 0.0813974 9.9991E-05 0.831942
0.986948 9.9982E-05 9.9982E-05 0.0128524
0.9997 9.998E-05 9.998E-05 9.998E-05
0.999479 9.9982E-05 0.000320628 9.9982E-05
0.00976274 0.990037 9.9982E-05 9.9982E-05
9.998E-05 0.9997 9.998E-05 9.998E-05
0.237466 0.624895 0.0667335 0.0709055
9.998E-05 0.9997 9.998E-05 9.998E-05
9.998E-05 0.9997 9.998E-05 9.998E-05
0.563472 0.436328 9.9982E-05 9.9982E-05
9.9982E-05 0.995649 9.9982E-05 0.00415106
9.9982E-05 0.984392 9.9982E-05 0.0154081
0.287605 0.507297 0.125166 0.0799315
0.824003 0.0604538 0.115443 9.9991E-05
0.118497 0.881303 9.9982E-05 9.9982E-05
0.0148333 0.164022 0.473855 0.34729
0.154642 0.845158 9.9982E-05 9.9982E-05
9.998E-05 0.9997 9.998E-05 9.998E-05
0.928473 0.0205399 9.9991E-05 0.0508871
0.689954 0.278184 9.9991E-05 0.0317623
0.852546 0.0186747 0.12868 9.9991E-05
0.610966 0.190364 0.19857 9.9991E-05
0.811083 9.9982E-05 9.9982E-05 0.188717
0.77741 0.0686557 0.153834 9.9991E-05
0.824965 0.115288 0.0596465 9.9991E-05
0.855669 0.0815726 0.062658 9.9991E-05
0.742026 0.0647248 0.193149 9.9991E-05
0.748217 0.153638 0.0980451 9.9991E-05
0.854499 0.0322252 0.113175 9.9991E-05
0.272997 0.477452 0.144499 0.105053
0.0070211 9.9991E-05 0.00470999 0.988169
0.0903071 0.091871 0.00615472 0.811667
9.998E-05 9.998E-05 0.9997 9.998E-05
0.156849 0.131327 0.0158975 0.695927
0.0710584 9.9991E-05 0.0198697 0.908972
0.562864 0.0213743 0.0471967 0.368565
0.0604148 9.9991E-05 0.041646 0.897839
0.58207 0.0104403 0.0518521 0.355638
9.998E-05 9.998E-05 9.998E-05 0.9997
0.428241 0.126416 0.279984 0.165359
0.671008 0.112902 0.132217 0.0838742
0.579042 0.091212 0.0945587 0.235187
0.0594166 0.0143797 9.9991E-05 0.926104
9.998E-05 0.9997 9.998E-05 9.998E-05
0.823284 9.9982E-05 9.9982E-05 0.176516
0.420854 0.156516 0.261318 0.161311
0.860115 9.9982E-05 9.9982E-05 0.139685
9.998E-05 0.9997 9.998E-05 9.998E-05
0.811915 0.059043 0.128942 9.9991E-05
9.998E-05 9.998E-05 0.9997 9.998E-05
0.0592132 0.125919 0.743108 0.0717596
9.9982E-05 9.9982E-05 0.0230616 0.976738
0.646307 9.9991E-05 0.0143258 0.339267
0.832909 0.0548637 0.112127 9.9991E-05
0.865702 0.0354882 0.09871 9.9991E-05
0.748116 0.178489 9.9991E-05 0.0732951
0.627086 9.9982E-05 9.9982E-05 0.372714
0.0213376 0.978462 9.9982E-05 9.9982E-05
0.272981 0.538307 0.133919 0.0547924
0.0433719 0.927315 0.0288416 0.000471302
0.0675819 0.621984 0.180984 0.12945
0.116668 0.580568 0.193699 0.109065
0.0220132 0.777601 0.111934 0.0884519
0.268914 0.56565 0.139472 0.0259637
0.09747 0.635056 0.153186 0.114288
0.0454784 0.761129 0.0675328 0.12586
0.417815 0.302989 0.214963 0.0642325
0.0823056 0.80656 0.0221362 0.088998
0.342292 0.307183 0.214316 0.136208
0.760555 0.0510839 0.188261 9.9991E-05
0.471579 0.333942 0.193241 0.00123862
0.193393 0.668587 0.111122 0.0268975
0.204045 0.590717 0.130871 0.0743672
0.256336 0.549967 0.149544 0.0441532
0.0756944 0.778312 0.120324 0.0256702
0.720514 9.9982E-05 9.9982E-05 0.279286
0.00953217 0.990268 9.9982E-05 9.9982E-05
0.115113 0.59578 0.169667 0.11944
0.0298559 0.801785 0.0985678 0.0697913
0.0560366 0.695342 0.141333 0.107288
0.078169 0.696204 0.142389 0.0832377
0.130026 0.110145 0.000428467 0.7594
0.468762 0.0298992 0.0417883 0.45955
9.9982E-05 0.998505 0.00129471 9.9982E-05
0.823467 9.9982E-05 9.9982E-05 0.176333
0.154934 0.1172 9.9991E-05 0.727766
0.602999 0.151765 0.245137 9.9991E-05
9.998E-05 0.9997 9.998E-05 9.998E-05
9.998E-05 0.9997 9.998E-05 9.998E-05
9.9982E-05 0.997355 0.0024454 9.9982E-05
9.998E-05 0.9997 9.998E-05 9.998E-05
0.797261 0.102389 0.100249 9.9991E-05
0.00555042 0.923233 9.9991E-05 0.0711168
0.116595 0.104336 0.0190041 0.760065
9.998E-05 9.998E-05 9.998E-05 0.9997
0.00708279 9.9991E-05 0.0144742 0.978343
9.9982E-05 9.9982E-05 0.0292437 0.970556
0.0156785 0.00379997 0.0202905 0.960231
0.0792444 0.532066 0.203066 0.185623
0.0828047 0.525302 0.221692 0.170201
0.0756942 0.561027 0.165446 0.197833
9.9991E-05 0.70673 0.140426 0.152745
0.00137359 0.683255 0.177183 0.138188
0.506295 0.25737 0.203157 0.0331776
0.0478069 0.608334 0.191045 0.152815
0.358425 0.348047 0.0481014 0.245426
0.0172886 0.688756 0.15142 0.142535
9.9991E-05 0.710471 0.17295 0.116479
9.9991E-05 0.702884 0.184453 0.112563
0.0213256 0.772262 0.100533 0.105879
0.0184826 0.70471 0.189356 0.0874517
9.9991E-05 0.66629 0.18896 0.14465
0.730326 9.9982E-05 9.9982E-05 0.269474
0.588733 0.0463091 0.0258731 0.339085
0.18455 0.0219865 0.0215347 0.771929
0.0544988 9.9991E-05 0.0252065 0.920195
0.695166 0.111662 0.146492 0.0466805
0.0786724 0.0211572 0.0647736 0.835397
0.830027 9.9982E-05 9.9982E-05 0.169773
0.816678 9.9982E-05 9.9982E-05 0.183122
0.740293 0.0724126 0.187195 9.9991E-05
0.0425096 0.0790124 0.0864139 0.792064
0.218154 0.0816275 0.145378 0.554841
0.586578 0.120598 0.245292 0.0475314
0.693777 0.115728 0.190395 9.9991E-05
0.684614 0.115042 0.148295 0.0520483
0.580495 0.0901248 9.9991E-05 0.32928
0.721791 0.0978837 0.180225 9.9991E-05
0.853643 9.9982E-05 9.9982E-05 0.146157
0.627467 0.185301 0.187132 9.9991E-05
0.616327 0.158244 0.225329 9.9991E-05
0.26299 0.578224 0.158686 9.9991E-05
0.732086 0.0740313 0.193783 9.9991E-05
0.702177 0.0912973 0.206425 9.9991E-05
0.723961 0.0933091 0.18263 9.9991E-05
0.37242 0.16492 0.24762 0.21504
0.734869 9.9982E-05 9.9982E-05 0.264931
0.856328 0.0171817 9.9991E-05 0.126391
0.848051 9.9982E-05 9.9982E-05 0.151749
0.766892 9.9982E-05 9.9982E-05 0.232908
0.0271668 0.972633 9.9982E-05 9.9982E-05
0.255128 0.641053 0.0827642 0.0210546
0.154037 0.00368431 0.0308695 0.811409
0.572245 9.9991E-05 0.0336541 0.394
0.511129 0.291079 0.197692 9.9991E-05
0.508152 0.308219 0.183529 9.9991E-05
9.9982E-05 0.0723225 9.9982E-05 0.927477
0.119756 0.0673605 0.0203441 0.79254
0.346895 0.513166 0.0549242 0.0850141
0.726516 0.186212 0.0452495 0.0420227
0.154423 9.99853E-05 9.99853E-05 0.845377
0.300402 0.198385 0.24437 0.256844
0.504729 0.286154 0.209017 9.9991E-05
0.417637 0.160523 0.249 0.17284
0.303055 0.214261 0.218878 0.263806
9.9982E-05 9.9982E-05 0.0741232 0.925677
9.9991E-05 0.044684 0.00837347 0.946843
9.998E-05 9.998E-05 9.998E-05 0.9997
0.0288693 0.0147612 0.0293452 0.927024
9.9982E-05 9.9982E-05 0.0287373 0.971063
0.048057 9.9982E-05 9.9982E-05 0.951743
0.102232 0.132624 0.205933 0.559211
0.224517 0.257073 0.243463 0.274947
0.0114112 9.9982E-05 9.9982E-05 0.988389
0.311559 0.214696 0.205742 0.268003
0.409669 0.193995 0.221343 0.174993
0.0360713 0.846704 0.0810283 0.0361966
0.0443861 0.824726 0.0836617 0.0472259
0.0321025 0.823787 0.0788312 0.0652796
0.013889 0.830597 0.0953951 0.0601186
9.9991E-05 0.809872 0.0828277 0.1072
0.0163405 0.848783 0.0907079 0.044169
0.0249202 0.848664 0.0913868 0.0350292
0.578455 0.204247 0.217199 9.9991E-05
0.662021 0.119567 0.218312 9.9991E-05
0.312623 0.528794 0.133658 0.0249254
0.32897 0.528392 0.142243 0.000394965
0.0436492 0.063567 0.0085373 0.884246
0.02219 0.0601645 0.104715 0.81293
9.998E-05 9.998E-05 9.998E-05 0.9997
9.998E-05 0.9997 9.998E-05 9.998E-05
9.998E-05 0.9997 9.998E-05 9.998E-05
9.998E-05 0.9997 9.998E-05 9.998E-05
9.998E-05 0.9997 9.998E-05 9.998E-05
0.40331 0.569197 0.0120889 0.0154041
0.197063 0.71371 0.0359177 0.0533091
0.0668146 0.790576 0.082453 0.0601569
9.998E-05 0.9997 9.998E-05 9.998E-05
9.998E-05 0.9997 9.998E-05 9.998E-05
9.998E-05 0.9997 9.998E-05 9.998E-05
9.998E-05 0.9997 9.998E-05 9.998E-05
0.402415 0.20475 0.154606 0.238229
9.9982E-05 9.9982E-05 0.00407031 0.99573
0.561354 0.226112 0.212435 9.9991E-05
0.213974 0.0434295 0.0560941 0.686502
0.705983 0.107501 0.159672 0.0268438
0.0347249 0.946413 9.9991E-05 0.0187622
0.0732433 0.777516 0.0910369 0.0582034
0.0286462 0.897671 0.0207718 0.052911
0.311266 0.178838 0.240802 0.269094
0.347455 0.264811 0.268719 0.119015
0.335739 0.0306595 0.0323025 0.601299
0.807514 0.0461611 0.146224 9.9991E-05
0.00850396 0.657843 0.199409 0.134244
0.0305678 0.655028 0.149187 0.165218
9.9991E-05 0.653402 0.188498 0.158
0.0276435 0.697827 0.175364 0.0991654
9.9991E-05 0.662991 0.182596 0.154313
9.9991E-05 0.652246 0.188193 0.159461
0.590436 0.186538 0.222926 9.9991E-05
0.00877314 0.74671 0.136919 0.107598
0.00774187 0.955777 9.9991E-05 0.0363813
9.998E-05 0.9997 9.998E-05 9.998E-05
9.998E-05 0.9997 9.998E-05 9.998E-05
9.9982E-05 0.995852 9.9982E-05 0.00394844
9.9991E-05 0.706554 0.179782 0.113563
9.9991E-05 0.65523 0.167534 0.177136
9.9991E-05 0.781016 0.124811 0.0940724
0.0517629 0.746836 0.127029 0.0743723
0.00323295 0.735476 0.152219 0.109072
0.0482379 0.791261 0.068821 0.0916805
0.0238047 0.508454 0.0534099 0.414332
0.121376 0.00194351 0.0148892 0.861791
0.127208 0.0501466 9.9991E-05 0.822545
0.0374974 9.9991E-05 0.0660551 0.896348
0.012438 9.9991E-05 0.0220478 0.965414
0.0651976 0.645867 0.186254 0.102681
0.00467091 0.653477 0.202034 0.139818
0.0300922 0.741736 0.100934 0.127238
9.9991E-05 0.743262 0.130745 0.125893
0.0533417 0.65314 0.182992 0.110527
0.0285138 0.660028 0.209499 0.10196
9.9991E-05 0.715129 0.168977 0.115793
0.0250193 0.75935 0.126701 0.0889298
0.787233 0.0546354 0.104743 0.0533889
0.83977 0.0518265 0.108304 9.9991E-05
0.834402 0.0136866 0.151811 9.9991E-05
0.75247 0.0709162 0.116045 0.0605693
0.122462 0.775341 0.043162 0.059035
0.0263297 0.842261 0.0590302 0.0723794
0.074405 0.898969 0.0265264 9.9991E-05
0.0983005 0.874835 9.9991E-05 0.0267648
0.108096 0.50014 0.223912 0.167853
0.206641 0.684602 0.108657 9.9991E-05
0.0648651 0.624236 0.180819 0.13008
0.0471658 0.761622 0.0928488 0.0983634
0.068635 0.760603 0.120692 0.0500704
0.29829 0.123046 0.127064 0.4516
0.515325 0.264535 0.206158 0.0139821
0.0959001 9.9982E-05 9.9982E-05 0.9039
0.775737 9.9982E-05 9.9982E-05 0.224063
0.629778 9.9982E-05 9.9982E-05 0.370022
0.401381 0.0238406 0.0015235 0.573255
0.422323 0.093519 0.109637 0.374521
0.0524579 9.9982E-05 9.9982E-05 0.947342
0.00992605 0.00905932 9.9991E-05 0.980915
9.9991E-05 0.0351664 0.0194396 0.945294
0.0134137 0.0136021 0.0320397 0.940944
0.174818 0.469034 0.176846 0.179301
0.122386 0.311081 0.130738 0.435795
0.041159 0.53195 0.0919961 0.334895
0.0987117 0.626159 0.169264 0.105865
0.252625 0.115499 0.0893757 0.542501
9.9982E-05 9.9982E-05 0.0270759 0.972724
0.0639227 0.816032 0.0848264 0.035219
0.115792 0.0358365 0.0959038 0.752468
0.761186 9.9982E-05 9.9982E-05 0.238614
0.878674 9.9982E-05 9.9982E-05 0.121126
0.00657123 9.9982E-05 9.9982E-05 0.993229
0.142255 0.131002 0.56087 0.165873
0.437941 0.00221889 0.00353739 0.556303
0.794559 9.9982E-05 9.9982E-05 0.205241
0.192804 0.0250297 0.0645665 0.7176
0.197373 0.125556 0.574222 0.102848
9.9991E-05 0.00692896 0.984001 0.0089702
9.9982E-05 0.958538 9.9982E-05 0.0412619
0.767703 0.0833541 9.9991E-05 0.148843
0.46733 0.338648 0.178823 0.0151985
0.578306 0.194177 0.213643 0.0138747
0.57434 0.168371 0.190388 0.0669013
0.922791 9.9982E-05 9.9982E-05 0.0770092
0.0321387 0.967661 9.9982E-05 9.9982E-05
0.286223 0.507622 0.167732 0.038423
0.870453 0.0394883 0.0899583 9.9991E-05
0.879535 9.9982E-05 9.9982E-05 0.120265
0.778017 0.0792831 0.1426 9.9991E-05
0.48588 0.319878 0.194142 9.9991E-05
0.489234 0.320253 0.190413 9.9991E-05
0.172175 0.716251 0.0261628 0.0854116
0.0942106 0.866177 9.9991E-05 0.0395124
0.31756 0.50601 0.128825 0.0476045
0.546702 0.256545 0.196653 9.9991E-05
0.859185 9.9982E-05 9.9982E-05 0.140615
0.857827 9.9982E-05 9.9982E-05 0.141973
0.230275 0.140396 0.217018 0.412311
0.261773 0.629651 0.0596515 0.0489243
0.583109 0.207968 0.208823 9.9991E-05
9.9982E-05 9.9982E-05 0.0210339 0.978766
0.27207 0.540484 0.161195 0.0262513
0.297077 0.25411 0.0730376 0.375775
0.0622679 0.618254 0.220372 0.0991056
0.13395 0.137219 0.183611 0.545219
0.824169 0.073348 0.102383 9.9991E-05
0.429811 0.150798 0.249236 0.170155
9.998E-05 9.998E-05 9.998E-05 0.9997
0.00187386 0.0433505 9.9991E-05 0.954676
0.870706 9.9982E-05 9.9982E-05 0.129094
9.9982E-05 9.9982E-05 0.00653362 0.993266
0.0875085 0.13951 0.120322 0.65266
0.0409318 0.00528238 0.0529953 0.900791
0.12405 0.0384596 0.0205461 0.816944
0.49157 0.299102 0.204142 0.00518587
9.9982E-05 0.995347 9.9982E-05 0.00445314
9.998E-05 0.9997 9.998E-05 9.998E-05
0.769617 9.9982E-05 9.9982E-05 0.230183
9.9982E-05 0.987745 9.9982E-05 0.0120553
9.9991E-05 0.0133728 0.938627 0.0479004
9.9982E-05 9.9982E-05 0.996431 0.00336868
0.0910839 0.204063 0.502551 0.202303
0.0916948 0.0808494 9.9991E-05 0.827356
9.998E-05 9.998E-05 0.9997 9.998E-05
9.998E-05 9.998E-05 0.9997 9.998E-05
9.998E-05 9.998E-05 0.9997 9.998E-05
9.9982E-05 9.9982E-05 0.997007 0.00279315
9.998E-05 9.998E-05 0.9997 9.998E-05
0.920867 9.9982E-05 9.9982E-05 0.0789332
0.582103 0.207464 0.210333 9.9991E-05
0.802636 0.0679819 0.129282 9.9991E-05
0.846809 0.0378191 0.115272 9.9991E-05
0.498092 9.9982E-05 9.9982E-05 0.501708
0.912882 9.9982E-05 9.9982E-05 0.0869179
0.577341 0.221761 0.200797 9.9991E-05
0.742533 0.0878974 0.16947 9.9991E-05
0.841307 0.0814697 0.0771232 9.9991E-05
0.676281 0.112757 0.210862 9.9991E-05
0.00345332 0.0104563 0.98599 9.9991E-05
0.639132 0.142214 0.00499888 0.213656
0.0907848 0.0511043 0.0103097 0.847801
0.026759 0.0308828 0.0614995 0.880859
0.0875107 0.0740276 0.0749316 0.76353
0.800742 9.9982E-05 9.9982E-05 0.199058
0.929665 9.9982E-05 9.9982E-05 0.0701345
9.998E-05 0.9997 9.998E-05 9.998E-05
0.357069 0.339184 0.0342564 0.269491
0.845622 0.0606634 0.0665818 0.0271332
