0.208506 0.0117966 0.0702083 9.9991E-05 0.583072 0.0200346 0.0176874 0.0885947
0.362372 0.272372 0.0449205 9.9964E-05 0.319936 9.9964E-05 9.9964E-05 9.9964E-05
0.262747 0.288478 0.0827115 0.0227571 0.320698 0.014224 0.00828401 9.9991E-05
0.234663 9.9973E-05 0.0592229 9.9973E-05 0.605838 9.9973E-05 0.0249084 0.0750683
9.999E-05 0.916732 0.00279329 0.0158605 0.0153177 0.0235568 0.0226316 0.00300844
0.376157 0.230786 0.0597223 0.0475855 0.284024 0.00152491 9.9982E-05 9.9982E-05
9.9955E-05 9.9955E-05 9.9955E-05 0.0160401 9.9955E-05 0.524451 9.9955E-05 0.459009
0.0229757 9.9964E-05 9.9964E-05 9.9964E-05 0.00378112 0.968132 9.9964E-05 0.00471116
0.00761755 9.9955E-05 9.9955E-05 0.00264957 9.9955E-05 0.989233 9.9955E-05 9.9955E-05
9.9973E-05 0.00401678 0.00282279 9.9973E-05 0.00820959 0.983265 0.00138636 9.9973E-05
0.0287541 0.0442359 0.781417 9.9973E-05 9.9973E-05 9.9973E-05 0.00123016 0.144063
9.9964E-05 9.9964E-05 0.904758 9.9964E-05 0.0504607 0.00857959 9.9964E-05 0.0358016
9.9982E-05 0.00631041 0.910277 0.000311637 0.0206021 0.0155848 9.9982E-05 0.046714
9.9946E-05 9.9946E-05 0.916921 9.9946E-05 9.9946E-05 9.9946E-05 9.9946E-05 0.0824793
9.9964E-05 9.9964E-05 9.9964E-05 0.837778 0.114 9.9964E-05 0.0242701 0.0235515
9.9955E-05 9.9955E-05 9.9955E-05 0.00323638 9.9955E-05 0.993345 9.9955E-05 0.00291847
9.9973E-05 9.9973E-05 0.0134992 9.9973E-05 0.0476302 0.0331501 0.0138015 0.891619
9.9964E-05 9.9964E-05 0.0987996 0.896859 9.9964E-05 0.0038413 9.9964E-05 9.9964E-05
9.9973E-05 9.9973E-05 0.215438 0.562062 0.164527 0.010858 0.0468153 9.9973E-05
9.9973E-05 9.9973E-05 0.595725 0.32915 9.9973E-05 0.0228536 0.0195436 0.0324285
9.9964E-05 9.9964E-05 0.0351366 0.811563 0.115515 0.0373858 9.9964E-05 9.9964E-05
9.9973E-05 0.0107552 0.896007 0.0519899 9.9973E-05 0.018298 0.0226502 9.9973E-05
0.00676158 9.9964E-05 0.0630359 0.892544 9.9964E-05 9.9964E-05 9.9964E-05 0.0372586
0.0375212 9.9982E-05 0.790147 0.107331 0.00612213 0.00848387 9.9982E-05 0.0501944
9.9955E-05 9.9955E-05 0.913428 0.0405415 0.0455309 9.9955E-05 9.9955E-05 9.9955E-05
0.00416418 9.9964E-05 9.9964E-05 0.929099 0.0166327 9.9964E-05 9.9964E-05 0.049704
0.00397159 9.9964E-05 0.124345 0.856388 9.9964E-05 0.0148958 9.9964E-05 9.9964E-05
0.0478231 9.9982E-05 0.308022 0.599709 9.9982E-05 0.00530831 0.0380781 0.000859505
9.9964E-05 9.9964E-05 0.0334504 0.926804 9.9964E-05 0.0220137 0.0173316 9.9964E-05
0.0186867 9.9964E-05 0.0507019 0.924155 0.00605642 9.9964E-05 9.9964E-05 9.9964E-05
9.9973E-05 9.9973E-05 0.936639 0.0323257 0.00227056 0.00527651 0.0231885 9.9973E-05
9.9946E-05 9.9946E-05 0.820707 9.9946E-05 9.9946E-05 9.9946E-05 9.9946E-05 0.178694
0.0112267 9.99551E-05 0.0873119 0.900962 9.99551E-05 9.99551E-05 9.99551E-05 9.99551E-05
9.9982E-05 0.00649237 0.740342 0.150041 0.0442995 0.0373569 9.9982E-05 0.0212686
9.9973E-05 0.00424538 0.0637417 0.917804 0.00177755 0.0121314 9.9973E-05 9.9973E-05
0.010286 9.9964E-05 0.961505 0.0118799 0.0159292 9.9964E-05 9.9964E-05 9.9964E-05
9.9955E-05 0.0245227 0.10036 0.874617 9.9955E-05 9.9955E-05 9.9955E-05 9.9955E-05
9.9964E-05 9.9964E-05 0.91831 0.0414057 9.9964E-05 0.000740129 0.0391439 9.9964E-05
0.110742 0.115864 9.9964E-05 9.9964E-05 0.665816 9.9964E-05 0.107179 9.9964E-05
0.365848 0.633552 9.9946E-05 9.9946E-05 9.9946E-05 9.9946E-05 9.9946E-05 9.9946E-05
9.99551E-05 0.0848256 0.738564 9.99551E-05 9.99551E-05 9.99551E-05 9.99551E-05 0.17611
9.9955E-05 9.9955E-05 0.0388328 0.957013 9.9955E-05 9.9955E-05 9.9955E-05 0.00365438
9.9955E-05 9.9955E-05 0.937145 0.0386449 9.9955E-05 9.9955E-05 0.0237099 9.9955E-05
0.610973 9.9973E-05 0.0372649 9.9973E-05 0.0137157 9.9973E-05 0.0682459 0.269501
9.9973E-05 9.9973E-05 0.246502 0.51043 0.155108 0.0506058 0.0370549 9.9973E-05
0.00112977 9.9991E-05 0.475655 0.368954 0.0171216 0.0378717 0.016245 0.0829228
9.9982E-05 0.0268501 0.0446534 0.845989 0.0513973 0.0285325 0.0023775 9.9982E-05
0.366071 0.314106 0.0680563 0.0408337 0.194528 9.9982E-05 0.0162047 9.9982E-05
0.26699 0.128004 9.9964E-05 9.9964E-05 0.0727236 9.9964E-05 0.531882 9.9964E-05
9.99459E-05 9.99459E-05 9.99459E-05 9.99459E-05 0.700028 9.99459E-05 9.99459E-05 0.299372
9.99549E-05 9.99549E-05 0.113464 9.99549E-05 0.72935 9.99549E-05 9.99549E-05 0.156687
9.99549E-05 9.99549E-05 0.140109 9.99549E-05 0.700219 9.99549E-05 9.99549E-05 0.159172
9.99459E-05 9.99459E-05 9.99459E-05 9.99459E-05 0.793301 9.99459E-05 9.99459E-05 0.206099
9.9955E-05 0.0272928 0.0339688 9.9955E-05 9.9955E-05 0.938239 9.9955E-05 9.9955E-05
9.9964E-05 9.9964E-05 0.0203304 9.9964E-05 0.0274915 0.947981 0.00379724 9.9964E-05
9.99551E-05 9.99551E-05 0.519621 9.99551E-05 9.99551E-05 0.032645 9.99551E-05 0.447234
9.9964E-05 9.9964E-05 0.915212 0.0471143 0.0347726 0.00250125 9.9964E-05 9.9964E-05
9.9982E-05 0.198488 0.038637 0.209839 0.473048 0.0149519 0.0648358 9.9982E-05
0.0466105 0.882602 9.9964E-05 0.00137529 0.0690125 9.9964E-05 9.9964E-05 9.9964E-05
0.169622 0.430943 9.9973E-05 0.0366342 0.0612739 9.9973E-05 0.301228 9.9973E-05
0.0295506 9.9955E-05 9.9955E-05 9.9955E-05 0.0139691 9.9955E-05 9.9955E-05 0.955981
9.9973E-05 0.0473472 0.0161083 9.9973E-05 0.211797 0.0102066 9.9973E-05 0.714241
0.0344796 0.00934106 0.0626595 9.9982E-05 0.157345 9.9982E-05 0.0450197 0.690956
9.9946E-05 9.9946E-05 9.9946E-05 9.9946E-05 0.0239212 0.975479 9.9946E-05 9.9946E-05
0.113484 0.817663 9.9955E-05 9.9955E-05 0.068353 9.9955E-05 9.9955E-05 9.9955E-05
9.9946E-05 9.9946E-05 9.9946E-05 0.0185709 9.9946E-05 9.9946E-05 9.9946E-05 0.980829
0.0908203 0.049391 9.9973E-05 9.9973E-05 0.81187 9.9973E-05 0.0397954 0.00782362
9.9955E-05 9.9955E-05 0.939129 0.0284625 9.9955E-05 9.9955E-05 9.9955E-05 0.0319086
9.99461E-05 9.99461E-05 0.932047 9.99461E-05 9.99461E-05 9.99461E-05 9.99461E-05 0.0673536
9.9982E-05 0.0197033 9.9982E-05 0.0248297 0.0793432 0.807704 0.0289354 0.0392841
9.9982E-05 0.0239855 9.9982E-05 0.0462369 0.101388 0.780804 0.0264207 0.0209651
9.9982E-05 9.9982E-05 0.0313197 0.0353091 0.0362032 0.862456 0.00197849 0.0325333
9.9964E-05 0.0286234 9.9964E-05 9.9964E-05 0.01127 0.954213 9.9964E-05 0.00549326
9.9946E-05 9.9946E-05 9.9946E-05 9.9946E-05 0.0224073 0.976993 9.9946E-05 9.9946E-05
9.9973E-05 0.00940019 0.0103282 9.9973E-05 0.0168193 0.956188 0.00696463 9.9973E-05
0.0148298 9.9964E-05 9.9964E-05 0.0171921 0.00618449 0.961394 9.9964E-05 9.9964E-05
9.99476E-05 9.99476E-05 9.99476E-05 0.00642924 9.99476E-05 0.992971 9.99476E-05 9.99476E-05
0.0165143 0.00839114 0.00979179 9.9973E-05 9.9973E-05 0.956673 9.9973E-05 0.00832972
9.994E-05 9.994E-05 9.994E-05 9.994E-05 9.994E-05 0.9993 9.994E-05 9.994E-05
0.00296381 9.9982E-05 0.00340939 0.00917841 0.011289 0.960565 0.0123948 9.9982E-05
9.9982E-05 0.00154717 0.0353561 0.00912739 0.0182448 0.919127 9.9982E-05 0.016398
0.0144881 0.00438998 0.0196828 0.00111108 9.9982E-05 0.957773 0.00235472 9.9982E-05
9.9964E-05 9.9964E-05 0.0570671 0.40413 9.9964E-05 0.523717 0.0146859 9.9964E-05
9.99551E-05 9.99551E-05 0.0242032 0.408852 9.99551E-05 0.566445 9.99551E-05 9.99551E-05
0.00726451 9.9946E-05 9.9946E-05 9.9946E-05 9.9946E-05 0.992136 9.9946E-05 9.9946E-05
9.9946E-05 9.9946E-05 9.9946E-05 9.9946E-05 0.0598023 0.939598 9.9946E-05 9.9946E-05
0.00698621 9.9964E-05 9.9964E-05 9.9964E-05 0.0485945 0.943791 9.9964E-05 0.000228153
9.9964E-05 0.026174 9.9964E-05 0.0295541 9.9964E-05 0.937088 0.00678354 9.9964E-05
9.994E-05 9.994E-05 9.994E-05 9.994E-05 9.994E-05 0.9993 9.994E-05 9.994E-05
9.99551E-05 9.99551E-05 0.0237376 0.427575 9.99551E-05 0.548188 9.99551E-05 9.99551E-05
9.9982E-05 0.0351783 0.0503684 0.0492537 0.000141545 0.861497 0.0033607 9.9982E-05
0.0181532 9.9973E-05 0.00733577 0.0186589 9.9973E-05 0.899775 9.9973E-05 0.0557774
9.9964E-05 9.9964E-05 9.9964E-05 9.9964E-05 0.0272321 0.9382 0.00147013 0.0326977
0.0333655 0.00653871 9.9973E-05 9.9973E-05 0.0279201 0.931603 9.9973E-05 0.000272315
9.9982E-05 9.9982E-05 0.00627298 0.0237479 0.0353324 0.867763 0.034645 0.0320388
9.9964E-05 9.9964E-05 9.9964E-05 9.9964E-05 0.0400559 0.939642 0.0138781 0.00602435
0.0487667 0.104878 9.9973E-05 0.593261 9.9973E-05 9.9973E-05 0.0304152 0.22238
0.0129762 0.0079116 9.9982E-05 0.0297321 0.0223054 0.912365 0.0145094 9.9982E-05
9.9946E-05 9.9946E-05 9.9946E-05 0.0217139 9.9946E-05 0.977686 9.9946E-05 9.9946E-05
0.118521 9.9982E-05 9.9982E-05 0.0644389 0.0440433 0.711647 0.0356063 0.0255437
9.994E-05 9.994E-05 9.994E-05 9.994E-05 9.994E-05 0.9993 9.994E-05 9.994E-05
9.9955E-05 9.9955E-05 9.9955E-05 0.00798217 9.9955E-05 0.979195 9.9955E-05 0.0123229
9.9955E-05 9.9955E-05 0.000734933 9.9955E-05 0.0393652 0.9594 9.9955E-05 9.9955E-05
9.9982E-05 0.00496747 0.00155683 0.0113963 9.9982E-05 0.965619 0.00964222 0.00661803
9.9973E-05 9.9973E-05 0.00577547 0.906537 9.9973E-05 0.0195952 0.0372182 0.030574
9.994E-05 9.994E-05 9.994E-05 9.994E-05 9.994E-05 0.9993 9.994E-05 9.994E-05
9.9955E-05 9.9955E-05 9.9955E-05 9.9955E-05 0.0249748 0.947618 0.0269079 9.9955E-05
9.9946E-05 9.9946E-05 9.9946E-05 9.9946E-05 9.9946E-05 0.998041 0.00135961 9.9946E-05
0.0144159 9.9973E-05 0.266606 0.588958 9.9973E-05 0.0110964 9.9973E-05 0.118623
9.9973E-05 0.0154859 0.00514099 9.9973E-05 0.00315566 0.946515 0.0294024 9.9973E-05
0.0205897 9.99673E-05 0.0371477 9.99673E-05 0.00797179 0.933891 9.99673E-05 9.99673E-05
0.00468128 9.9964E-05 9.9964E-05 0.0147973 0.00991089 0.970211 9.9964E-05 9.9964E-05
0.00476015 9.9955E-05 0.0103465 9.9955E-05 9.9955E-05 0.984394 9.9955E-05 9.9955E-05
9.9964E-05 9.9964E-05 0.267213 0.642009 0.0683757 0.022002 9.9964E-05 9.9964E-05
0.00512465 9.9946E-05 9.9946E-05 9.9946E-05 9.9946E-05 0.994276 9.9946E-05 9.9946E-05
0.0263614 9.9973E-05 0.00294336 9.9973E-05 0.0514633 0.907908 9.9973E-05 0.0110237
9.9955E-05 9.9955E-05 0.0313718 0.465941 9.9955E-05 0.502188 9.9955E-05 9.9955E-05
0.010948 0.000797063 0.00964633 9.9973E-05 9.9973E-05 0.967205 9.9973E-05 0.0111041
9.9973E-05 9.9973E-05 0.717451 0.216092 0.0181803 0.0251404 0.0228372 9.9973E-05
9.9955E-05 0.045391 0.688267 0.265842 9.9955E-05 9.9955E-05 9.9955E-05 9.9955E-05
0.04416 9.9973E-05 0.87866 0.0346405 0.0346435 0.00759567 9.9973E-05 9.9973E-05
9.9973E-05 0.00573731 0.0283115 0.884881 9.9973E-05 0.0198043 9.9973E-05 0.0609656
9.9973E-05 9.9973E-05 0.00206886 9.9973E-05 0.101842 0.06438 0.0353723 0.796037
0.0655789 9.9973E-05 0.850058 0.0321395 9.9973E-05 0.0449042 9.9973E-05 0.00701976
9.9991E-05 0.0295703 0.352091 0.195886 0.019319 0.00368214 0.0380276 0.361324
0.0107565 0.0217766 0.766743 0.13877 9.9991E-05 0.0342112 0.0224072 0.0052353
9.9973E-05 0.0299876 0.645515 0.282194 9.9973E-05 9.9973E-05 0.0237987 0.0182055
9.9973E-05 9.9973E-05 0.705904 0.208728 0.0447408 0.0370024 0.00332545 9.9973E-05
9.9973E-05 0.0334414 0.604099 0.271845 0.0100632 9.9973E-05 0.0802514 9.9973E-05
0.00593903 0.0301652 0.592841 0.299699 9.9982E-05 0.029404 0.0417515 9.9982E-05
9.9973E-05 0.0407562 0.90778 0.0170399 9.9973E-05 0.00664616 9.9973E-05 0.0274779
9.9973E-05 0.0104578 0.830412 9.9973E-05 9.9973E-05 0.049884 0.0122867 0.0966591
9.9982E-05 0.00710973 0.838872 0.00113198 9.9982E-05 0.0356244 0.00686285 0.110199
9.9991E-05 0.00261343 0.0738431 0.751819 0.0503878 0.0428286 0.0551382 0.0232703
0.981212 9.9964E-05 9.9964E-05 9.9964E-05 0.00891322 0.00743639 9.9964E-05 0.0020381
0.911536 0.00877211 9.9973E-05 0.00643437 0.0448143 0.0281434 9.9973E-05 9.9973E-05
0.258412 0.592953 0.0410103 9.99838E-05 0.0586314 9.99838E-05 0.0411938 0.00759893
0.0275078 0.0228814 0.100341 0.368917 0.0356812 0.0838506 0.0461444 0.314677
0.93284 0.0122225 9.9964E-05 9.9964E-05 0.0371485 9.9964E-05 0.0173889 9.9964E-05
0.901331 0.0339355 9.9973E-05 9.9973E-05 0.0390695 0.0158636 0.00950007 9.9973E-05
0.0420638 0.0416478 0.408168 0.161975 9.9982E-05 0.109405 9.9982E-05 0.23654
0.225304 0.452208 9.9982E-05 9.9982E-05 0.0260003 0.0252662 0.265568 0.00545413
0.088226 0.433125 0.0183662 0.0198375 0.0453357 0.00372598 0.353936 0.0374477
0.0817512 0.462825 9.9982E-05 9.9982E-05 0.0456823 0.00035662 0.384224 0.0249608
9.9982E-05 0.255898 9.9982E-05 0.046124 0.0260104 0.0342042 0.568528 0.0690347
9.9982E-05 0.270451 9.9982E-05 0.0373707 0.0494727 0.0294806 0.566947 0.0460786
0.0751297 0.433489 0.00461339 0.0323114 0.0525519 9.9991E-05 0.386893 0.0149115
0.00994255 9.99729E-05 9.99729E-05 9.99729E-05 0.167409 0.0151318 0.0267487 0.780468
0.298277 0.633295 9.9973E-05 0.0371956 9.9973E-05 0.00072106 0.0302109 9.9973E-05
0.000409424 9.9982E-05 0.0210276 0.912749 0.0157307 0.00209033 9.9982E-05 0.0477925
0.0296226 9.9973E-05 0.00164241 0.916167 9.9973E-05 0.0213429 9.9973E-05 0.0309248
0.0840824 0.832649 9.9982E-05 0.0115852 0.0436259 0.00523357 0.0226238 9.9982E-05
0.0857859 0.101003 0.15843 0.202044 0.179995 0.0886768 0.102212 0.0818535
0.0490727 9.9991E-05 0.0248271 0.0209979 0.0702549 0.01521 0.0313401 0.788197
0.0417322 0.0448801 0.714656 9.9973E-05 9.9973E-05 9.9973E-05 0.0411755 0.157256
9.9973E-05 9.9973E-05 0.103073 0.796208 9.9973E-05 0.0252874 0.0252697 0.0498617
0.222308 0.00773707 0.521016 9.9973E-05 9.9973E-05 9.9973E-05 0.0864646 0.162174
0.0566989 0.00887343 0.0305842 0.0224254 0.0264163 9.9991E-05 0.0404261 0.814476
0.740789 9.9991E-05 0.00728458 0.0428374 0.00654657 0.0262443 0.155266 0.0209325
9.9964E-05 9.9964E-05 9.9964E-05 9.9964E-05 0.0991356 0.0261653 0.00146516 0.872834
9.9982E-05 0.0517596 0.0947261 0.0926611 0.595952 0.0578629 0.106839 9.9982E-05
9.9964E-05 9.9964E-05 9.9964E-05 0.903502 9.9964E-05 0.0203855 0.0173766 0.0583357
0.305601 0.618879 9.9973E-05 0.012771 9.9973E-05 0.0416374 9.9973E-05 0.0208116
0.0211663 0.39696 0.475261 9.9973E-05 9.9973E-05 9.9973E-05 0.0232079 0.0831045
9.9973E-05 0.926561 0.0101626 0.0174302 9.9973E-05 0.03056 0.0149862 9.9973E-05
0.119376 0.0528369 0.310143 0.0514041 0.0558375 0.0368602 0.00902222 0.364521
9.9946E-05 0.993655 9.9946E-05 9.9946E-05 9.9946E-05 9.9946E-05 0.00574525 9.9946E-05
9.9964E-05 0.0367009 0.0448798 0.0177402 9.9964E-05 9.9964E-05 9.9964E-05 0.900279
9.9982E-05 0.805567 0.0662794 0.0165653 9.9982E-05 0.0445931 0.0192366 0.0475584
9.9973E-05 0.84902 0.0237044 0.0340034 9.9973E-05 0.0286853 9.9973E-05 0.0642872
0.00770906 0.0660119 0.0256663 0.840557 9.9973E-05 9.9973E-05 9.9973E-05 0.0597557
0.30547 0.0289175 0.124972 0.399125 0.0561218 9.9991E-05 0.0240146 0.0612799
0.044715 0.0512908 0.272881 0.334832 9.9991E-05 0.0344722 0.0100008 0.251708
0.0178419 0.0708259 0.0128421 0.00321034 0.0165317 0.00870454 0.823466 0.0465773
9.9973E-05 0.0359454 0.0105966 9.9973E-05 0.0142993 9.9973E-05 0.920623 0.0182355
9.9973E-05 0.0366801 0.0167059 9.9973E-05 0.0358476 9.9973E-05 0.873659 0.0368076
9.9991E-05 0.0179684 0.0233554 0.00454692 0.0346543 0.0266212 0.859956 0.0327976
9.9955E-05 9.9955E-05 9.9955E-05 0.952947 0.0167134 9.9955E-05 0.0298403 9.9955E-05
9.9964E-05 0.0223528 9.9964E-05 0.863922 0.0825368 0.0307884 9.9964E-05 9.9964E-05
9.9982E-05 9.9982E-05 0.0865788 0.758712 0.0708076 0.0252058 0.0286026 0.0298931
0.200326 0.285165 9.9982E-05 9.9982E-05 0.0484755 0.0189612 0.425518 0.0213542
0.0872045 0.135737 0.153972 0.195908 0.146142 0.152372 0.0933697 0.0352958
0.00154988 0.00523952 0.0195391 0.360755 0.361849 0.128682 0.122287 9.9991E-05
0.0169023 9.9973E-05 0.0827651 0.741165 0.132661 0.0262067 9.9973E-05 9.9973E-05
0.00119958 0.00283308 0.0714515 0.64279 0.186257 0.084781 0.0105886 9.9991E-05
0.0362428 9.9982E-05 0.00843623 0.713827 0.141502 0.0409734 0.0588183 9.9982E-05
0.055325 0.0435595 0.0131428 0.493997 0.245895 0.131486 0.0164956 9.9991E-05
0.104728 9.9982E-05 0.0502208 0.00873508 0.721233 0.0104945 9.9982E-05 0.104389
9.9973E-05 9.9973E-05 0.836198 0.0316377 0.0199823 9.9973E-05 0.0204311 0.0914509
9.9973E-05 9.9973E-05 0.549998 0.240285 9.9973E-05 0.0484177 0.0149058 0.146093
0.0147433 0.944146 9.9955E-05 9.9955E-05 0.0406113 9.9955E-05 9.9955E-05 9.9955E-05
9.9973E-05 0.907002 0.0081982 0.0066958 0.0641405 9.9973E-05 9.9973E-05 0.0136632
0.00159754 0.873231 0.00594745 0.0103122 0.108611 9.9973E-05 9.9973E-05 9.9973E-05
0.180465 0.38271 9.9973E-05 9.9973E-05 0.208002 9.9973E-05 0.219287 0.00923603
9.9964E-05 0.311891 9.9964E-05 0.00343244 0.572306 9.9964E-05 0.111971 9.9964E-05
9.9964E-05 0.325733 9.9964E-05 9.9964E-05 0.576142 0.000363213 0.0973615 9.9964E-05
9.9964E-05 9.9964E-05 0.015182 0.895464 0.0700093 9.9964E-05 0.0189451 9.9964E-05
0.00495086 0.0126223 9.9982E-05 0.824223 0.0952682 0.0139755 0.0487604 9.9982E-05
0.000728699 0.0039948 0.0244387 0.944087 9.9973E-05 9.9973E-05 9.9973E-05 0.0264504
9.9982E-05 0.0514719 0.091064 0.0109078 0.0280842 0.00530214 9.9982E-05 0.81297
9.9982E-05 0.948657 0.0129297 0.00726984 9.9982E-05 0.0154162 0.00706178 0.00846588
0.0604719 0.911546 9.9955E-05 9.9955E-05 9.9955E-05 0.0274828 9.9955E-05 9.9955E-05
0.114034 0.885366 9.9946E-05 9.9946E-05 9.9946E-05 9.9946E-05 9.9946E-05 9.9946E-05
0.136215 0.813234 0.0247498 9.9973E-05 9.9973E-05 9.9973E-05 0.017035 0.00846587
0.0950594 0.824223 0.00506475 0.0101224 9.9991E-05 0.0147425 0.0398317 0.0108562
0.0236234 0.0692897 0.718883 9.9964E-05 9.9964E-05 9.9964E-05 9.9964E-05 0.187804
0.387147 0.175923 9.9982E-05 0.0629581 0.157698 0.072708 0.143366 9.9982E-05
9.9946E-05 9.9946E-05 9.9946E-05 9.9946E-05 0.015401 9.9946E-05 9.9946E-05 0.983999
9.99551E-05 0.0778435 0.709141 9.99551E-05 9.99551E-05 9.99551E-05 9.99551E-05 0.212516
0.0450949 0.0241863 9.9964E-05 0.781815 9.9964E-05 9.9964E-05 9.9964E-05 0.148504
9.9946E-05 9.9946E-05 0.817194 9.9946E-05 9.9946E-05 9.9946E-05 9.9946E-05 0.182206
9.9964E-05 9.9964E-05 0.748349 9.9964E-05 9.9964E-05 0.00140068 0.0042264 0.245624
9.9946E-05 9.9946E-05 0.745484 9.9946E-05 9.9946E-05 9.9946E-05 9.9946E-05 0.253916
9.998E-05 0.929147 0.0296149 0.00424377 9.998E-05 0.0303848 0.00630929 9.998E-05
9.9946E-05 0.96792 9.9946E-05 9.9946E-05 9.9946E-05 9.9946E-05 9.9946E-05 0.0314805
0.411534 0.227461 0.0212134 0.0247132 0.307467 9.9982E-05 0.00741127 9.9982E-05
0.03705 0.901327 0.00571321 9.9982E-05 0.0115912 0.0405911 0.00352751 9.9982E-05
9.994E-05 0.9993 9.994E-05 9.994E-05 9.994E-05 9.994E-05 9.994E-05 9.994E-05
0.185568 0.277025 0.483672 9.9964E-05 9.9964E-05 9.9964E-05 9.9964E-05 0.0533347
0.100007 0.794722 9.9973E-05 0.0130131 0.0361172 9.9973E-05 0.0558408 9.9973E-05
0.114389 0.777826 9.9973E-05 0.00841681 0.0548349 9.9973E-05 0.0442334 9.9973E-05
0.168848 0.169836 9.9982E-05 0.0585321 0.503987 0.0237519 0.0748451 9.9982E-05
9.9973E-05 9.9973E-05 0.0380092 0.00678288 9.9973E-05 0.03862 0.012265 0.904023
0.22439 0.617487 0.0115336 9.9964E-05 9.9964E-05 9.9964E-05 9.9964E-05 0.14619
0.198325 9.9982E-05 0.0402247 0.276031 9.9982E-05 0.409104 0.041394 0.0347204
0.317742 0.537427 0.0868731 9.9964E-05 9.9964E-05 9.9964E-05 9.9964E-05 0.0575583
9.9955E-05 0.982203 0.00857455 9.9955E-05 9.9955E-05 0.00872238 9.9955E-05 9.9955E-05
9.9964E-05 0.0267046 0.809725 9.9964E-05 9.9964E-05 9.9964E-05 0.0240679 0.139102
0.0258841 0.25647 0.588264 9.9973E-05 0.0241076 9.9973E-05 9.9973E-05 0.104974
9.9955E-05 9.9955E-05 9.9955E-05 0.0164251 0.110466 9.9955E-05 9.9955E-05 0.872609
0.00574368 9.9955E-05 9.9955E-05 9.9955E-05 0.943976 9.9955E-05 9.9955E-05 0.0497806
9.9955E-05 9.9955E-05 0.922482 0.0514435 0.0255745 9.9955E-05 9.9955E-05 9.9955E-05
9.99549E-05 9.99549E-05 0.116455 9.99549E-05 0.68188 9.99549E-05 9.99549E-05 0.201165
9.9973E-05 0.0294323 0.0657184 0.0193182 0.0119921 9.9973E-05 9.9973E-05 0.873239
9.9955E-05 0.0434196 0.0870939 9.9955E-05 9.9955E-05 9.9955E-05 9.9955E-05 0.868987
9.99459E-05 9.99459E-05 9.99459E-05 9.99459E-05 0.816096 9.99459E-05 9.99459E-05 0.183304
0.0932489 9.9973E-05 0.300451 9.9973E-05 0.421825 9.9973E-05 0.00581966 0.178355
9.9964E-05 9.9964E-05 9.9964E-05 0.0209449 0.0389391 0.00593515 9.9964E-05 0.933781
0.172933 0.166621 9.9982E-05 0.0661624 0.468992 0.0198739 0.105217 9.9982E-05
9.9964E-05 9.9964E-05 0.0253722 0.930577 9.9964E-05 0.00239937 9.9964E-05 0.0412514
0.0361758 0.0274414 9.9973E-05 0.766166 9.9973E-05 9.9973E-05 0.00448842 0.165429
9.994E-05 9.994E-05 9.994E-05 9.994E-05 9.994E-05 0.9993 9.994E-05 9.994E-05
0.0340383 0.0412809 0.00874101 0.670334 0.0740928 9.9991E-05 0.0112276 0.160185
9.9964E-05 9.9964E-05 0.0660643 0.850343 9.9964E-05 0.0229866 9.9964E-05 0.0602059
9.9955E-05 9.9955E-05 0.0749523 0.349358 9.9955E-05 9.9955E-05 9.9955E-05 0.57519
9.9964E-05 9.9964E-05 0.0578095 0.879106 9.9964E-05 0.0197178 9.9964E-05 0.0429668
9.9982E-05 0.00671836 0.555136 0.234458 0.126822 0.0496251 0.0270403 9.9982E-05
0.0124718 0.0112799 9.9973E-05 0.915339 9.9973E-05 9.9973E-05 0.0054069 0.0552028
9.9973E-05 9.9973E-05 0.0649874 0.121035 0.699001 0.0853745 0.029302 9.9973E-05
9.9973E-05 9.9973E-05 0.183289 0.0428389 0.622058 9.9973E-05 0.0265111 0.125003
9.9991E-05 0.0142872 0.285873 0.185766 0.348691 0.023201 0.012248 0.129834
9.9982E-05 0.0193327 0.0646766 0.865637 0.0119721 0.00380335 9.9982E-05 0.0343786
0.128313 0.851966 9.9964E-05 9.9964E-05 9.9964E-05 0.0102867 9.9964E-05 0.00903483
9.9955E-05 9.9955E-05 0.950218 0.0216778 0.0276044 9.9955E-05 9.9955E-05 9.9955E-05
9.9973E-05 9.9973E-05 0.0169687 0.11789 0.746854 0.043738 0.0742498 9.9973E-05
9.9955E-05 9.9955E-05 0.923689 0.0195881 0.056223 9.9955E-05 9.9955E-05 9.9955E-05
0.116598 0.847614 0.000410282 9.9973E-05 0.0285917 9.9973E-05 0.00648609 9.9973E-05
9.9964E-05 9.9964E-05 9.9964E-05 0.00460313 9.9964E-05 0.0126655 0.00678256 0.975549
9.9964E-05 0.000360465 9.9964E-05 9.9964E-05 9.9964E-05 0.962286 0.0269163 0.0100371
0.150073 9.9973E-05 9.9973E-05 0.0409349 0.0592239 0.69425 9.9973E-05 0.0552182
9.9955E-05 9.9955E-05 9.9955E-05 0.94524 9.9955E-05 0.0272903 9.9955E-05 0.0269694
9.9973E-05 9.9973E-05 0.558917 0.230273 9.9973E-05 0.0484569 0.00528807 0.156765
9.994E-05 9.994E-05 9.994E-05 9.994E-05 9.994E-05 9.994E-05 9.994E-05 0.9993
9.9946E-05 9.9946E-05 9.9946E-05 9.9946E-05 9.9946E-05 9.9946E-05 0.00361164 0.995789
0.118362 0.059864 0.578888 0.000305953 0.0251915 9.9991E-05 0.038129 0.179159
9.9973E-05 9.9973E-05 0.580745 0.276833 9.9973E-05 0.00895053 0.013138 0.120033
0.0205728 0.881307 9.9964E-05 9.9964E-05 0.0973425 9.9964E-05 0.000378008 9.9964E-05
9.9955E-05 0.291408 9.9955E-05 9.9955E-05 0.580286 9.9955E-05 0.127806 9.9955E-05
0.123638 0.581504 0.00309293 9.9973E-05 9.9973E-05 9.9973E-05 0.276457 0.0150073
0.142328 0.129686 0.0347727 0.0614818 0.0982121 0.0867274 0.446691 9.9991E-05
0.142809 0.12577 0.00987869 0.0401296 0.137642 0.0595534 0.469742 0.0144756
0.242201 0.289697 9.9982E-05 0.0129399 0.124053 9.9982E-05 0.291593 0.0393158
9.9955E-05 0.309723 9.9955E-05 9.9955E-05 0.57528 9.9955E-05 0.114497 9.9955E-05
0.164352 0.161978 9.9991E-05 0.0510416 0.150526 0.0278419 0.43273 0.0114322
0.393864 0.212051 9.9973E-05 0.0468279 0.0936841 9.9973E-05 0.253273 9.9973E-05
9.9991E-05 0.0824934 0.00872308 0.073347 0.662311 0.0298124 0.128804 0.0144093
0.235905 0.368016 9.9982E-05 0.0275012 0.115067 9.9982E-05 0.24316 0.0101518
9.9973E-05 0.0770405 9.9973E-05 0.100326 0.639587 0.0291942 0.153553 9.9973E-05
9.99549E-05 9.99549E-05 0.0899318 9.99549E-05 0.705282 9.99549E-05 9.99549E-05 0.204287
0.243302 9.9973E-05 0.110004 9.9973E-05 0.547647 0.0647433 0.0340044 9.9973E-05
0.192461 0.285233 0.0532363 0.00590723 0.24201 0.0426056 0.178446 9.9991E-05
0.148751 0.25175 0.0887321 0.0187295 0.277952 0.027987 0.185998 9.9991E-05
9.9964E-05 0.267113 9.9964E-05 9.9964E-05 0.579954 0.00198829 0.150545 9.9964E-05
0.205276 0.351588 0.0242118 0.00664132 0.106315 0.0374465 0.268422 9.9991E-05
0.00328451 9.9973E-05 0.808014 0.1327 0.0544377 0.00126468 9.9973E-05 9.9973E-05
0.0198901 0.899489 0.00546433 0.00255173 0.0723052 9.9973E-05 9.9973E-05 9.9973E-05
0.117551 0.12509 0.0211725 0.0494354 0.150379 0.043184 0.461921 0.0312673
0.31396 0.33446 9.9982E-05 0.00842497 0.161627 0.0114225 0.169907 9.9982E-05
0.173009 0.200935 9.9982E-05 0.0294474 0.133765 0.044712 0.417932 9.9982E-05
0.294319 0.196073 0.0428083 9.9991E-05 0.0596445 0.0567922 0.350119 0.000143197
0.0392083 0.0278514 9.9973E-05 0.736028 0.0213776 9.9973E-05 9.9973E-05 0.175234
9.9991E-05 0.0163212 0.453758 0.367276 0.0499185 0.055832 0.0431865 0.0136069
0.109769 0.763996 9.9964E-05 9.9964E-05 0.0549588 9.9964E-05 0.0708763 9.9964E-05
9.9955E-05 9.9955E-05 0.867877 0.0832923 0.0483309 9.9955E-05 9.9955E-05 9.9955E-05
0.0279524 0.0617321 0.00624509 0.708263 0.027916 9.9982E-05 9.9982E-05 0.167691
9.9955E-05 9.9955E-05 9.9955E-05 9.9955E-05 0.892866 0.0140165 9.9955E-05 0.0926173
9.994E-05 0.9993 9.994E-05 9.994E-05 9.994E-05 9.994E-05 9.994E-05 9.994E-05
9.9946E-05 0.980888 9.9946E-05 9.9946E-05 9.9946E-05 0.0185122 9.9946E-05 9.9946E-05
9.9973E-05 0.895168 0.0198685 9.9973E-05 9.9973E-05 0.0352506 0.0352258 0.0141875
9.9946E-05 0.983853 9.9946E-05 9.9946E-05 9.9946E-05 0.0155471 9.9946E-05 9.9946E-05
9.9964E-05 0.0426589 0.101728 9.9964E-05 0.0694506 9.9964E-05 9.9964E-05 0.785763
0.044539 0.827883 9.9973E-05 0.0486688 9.9973E-05 0.0392933 9.9973E-05 0.0393161
0.0294005 0.0285883 9.9973E-05 0.726563 9.9973E-05 9.9973E-05 0.0229562 0.192192
9.9955E-05 9.9955E-05 9.9955E-05 0.92161 0.068455 9.9955E-05 0.00943531 9.9955E-05
9.9973E-05 9.9973E-05 0.0122274 0.910669 9.9973E-05 0.0126586 0.0260004 0.0381447
0.0166178 9.9964E-05 9.9964E-05 0.923081 9.9964E-05 0.0121223 9.9964E-05 0.0477786
0.0113906 9.9982E-05 0.0653185 0.868854 9.9982E-05 0.0154747 0.0175446 0.0212172
0.0625134 0.0677907 0.00835593 0.0724665 0.146893 0.0701217 0.571759 9.9991E-05
0.0291694 0.0870904 0.0156874 0.0944392 0.134332 0.0892574 0.549924 9.9991E-05
9.9964E-05 9.9964E-05 0.0175358 0.0246271 9.9964E-05 9.9964E-05 0.919053 0.0383841
0.0461293 0.069231 9.9964E-05 0.0147901 9.9964E-05 9.9964E-05 0.86945 9.9964E-05
0.0176865 0.000569916 0.0106481 9.99751E-05 9.99751E-05 0.0177079 0.953088 9.99751E-05
9.9982E-05 9.9982E-05 0.0232518 0.018668 0.479802 0.0131623 0.294631 0.170285
9.9955E-05 9.9955E-05 0.0351848 9.9955E-05 9.9955E-05 0.023011 0.941304 9.9955E-05
0.0550353 0.193196 0.240966 0.196193 0.0818886 9.9991E-05 0.116094 0.116527
9.994E-05 9.994E-05 9.994E-05 9.994E-05 9.994E-05 9.994E-05 0.9993 9.994E-05
0.0168085 9.9946E-05 9.9946E-05 9.9946E-05 9.9946E-05 9.9946E-05 0.982592 9.9946E-05
0.0144721 0.0116211 9.9964E-05 9.9964E-05 9.9964E-05 0.0234565 0.95005 9.9964E-05
0.721706 0.00678366 0.0199502 0.018333 9.9973E-05 9.9973E-05 0.232927 9.9973E-05
0.0233973 9.9955E-05 9.9955E-05 9.9955E-05 9.9955E-05 0.000353872 0.975749 9.9955E-05
0.124682 9.9973E-05 0.000768921 0.0212651 9.9973E-05 0.019667 0.833317 9.9973E-05
9.9955E-05 9.9955E-05 0.847863 0.0971686 0.0544684 9.9955E-05 9.9955E-05 9.9955E-05
0.000385565 0.00617359 0.573145 0.216411 0.0890317 0.0464047 0.0575636 0.0108848
9.9982E-05 9.9982E-05 0.128841 0.662338 0.136537 0.0149225 0.0402057 0.0169549
9.9964E-05 9.9964E-05 0.0692201 0.854211 9.9964E-05 0.045723 9.9964E-05 0.0304459
9.9973E-05 9.9973E-05 0.132334 0.0132255 0.701781 9.9973E-05 0.00268051 0.149679
9.9973E-05 9.9973E-05 0.0781723 0.747805 0.102793 0.038852 0.0320778 9.9973E-05
9.9964E-05 0.0101536 0.954002 0.0209474 0.0144968 9.9964E-05 9.9964E-05 9.9964E-05
9.9955E-05 0.000399234 0.95906 0.0400406 9.9955E-05 9.9955E-05 9.9955E-05 9.9955E-05
9.99549E-05 9.99549E-05 0.00384134 9.99549E-05 0.803449 9.99549E-05 9.99549E-05 0.19221
9.9973E-05 9.9973E-05 0.026044 0.705973 0.166245 0.0524968 0.0489409 9.9973E-05
0.0124281 0.0396906 0.173224 0.472576 0.154758 0.0926244 0.0283704 0.0263287
9.99821E-05 9.99821E-05 0.0204676 0.0547335 0.761204 0.0358527 0.0152498 0.112293
9.99549E-05 9.99549E-05 0.0222768 9.99549E-05 0.786635 9.99549E-05 9.99549E-05 0.190589
9.9964E-05 9.9964E-05 0.121195 0.0381868 0.711447 9.9964E-05 9.9964E-05 0.128771
0.0700076 0.0615967 0.515034 0.2302 0.0581949 9.9991E-05 0.000498762 0.0643681
9.9964E-05 9.9964E-05 0.0397872 9.9964E-05 0.733856 0.00171067 9.9964E-05 0.224246
9.9964E-05 9.9964E-05 0.941375 0.00608275 0.0470812 9.9964E-05 0.00506077 9.9964E-05
0.0102621 9.9955E-05 9.9955E-05 9.9955E-05 0.866293 9.9955E-05 9.9955E-05 0.122945
9.9955E-05 9.9955E-05 9.9955E-05 9.9955E-05 0.908655 0.0130008 9.9955E-05 0.077844
0.134142 0.254627 9.9982E-05 9.9982E-05 0.387238 0.0356943 0.151106 0.0369926
9.9946E-05 9.9946E-05 9.9946E-05 9.9946E-05 0.753397 9.9946E-05 9.9946E-05 0.246003
9.99459E-05 9.99459E-05 9.99459E-05 9.99459E-05 0.785032 9.99459E-05 9.99459E-05 0.214368
9.9946E-05 9.9946E-05 9.9946E-05 9.9946E-05 0.757351 9.9946E-05 9.9946E-05 0.24205
9.9982E-05 0.0473772 0.0755901 0.159131 0.541581 0.101748 0.074372 9.9982E-05
9.9955E-05 9.9955E-05 0.772245 0.115131 0.112124 9.9955E-05 9.9955E-05 9.9955E-05
0.00667806 0.00951968 0.873322 0.0200192 0.0769293 9.9982E-05 0.0133322 9.9982E-05
9.9982E-05 0.0270933 0.842344 0.00329912 0.0975933 9.9982E-05 0.00902807 0.0204424
0.0003432 9.9973E-05 0.879128 0.0805505 0.0261787 0.0134998 9.9973E-05 9.9973E-05
9.9964E-05 0.908863 0.000990137 9.9964E-05 0.0845582 9.9964E-05 9.9964E-05 0.00518918
0.378719 0.239392 0.0586827 0.0264211 0.293741 0.00284391 9.9982E-05 9.9982E-05
0.0377206 0.0115297 0.149965 0.764993 9.9982E-05 0.00695772 9.9982E-05 0.0286342
9.9973E-05 9.9973E-05 0.447953 0.309437 9.9973E-05 0.0525237 0.00611281 0.183674
0.215646 0.0253962 0.0942522 9.9991E-05 0.5977 0.0401434 0.000444299 0.0263184
0.235065 0.012444 0.0711005 9.9991E-05 0.595572 0.0255119 0.00129881 0.058908
9.9964E-05 0.0237834 9.9964E-05 0.915287 0.0315426 9.9964E-05 0.0289871 9.9964E-05
0.0376801 0.0134212 9.9973E-05 0.738944 0.0152097 9.9973E-05 9.9973E-05 0.194445
0.544675 0.0473906 0.273932 9.9982E-05 9.9982E-05 0.0109133 0.0290128 0.0938759
0.0281132 0.0912637 0.323606 9.9991E-05 0.0988525 0.00821076 0.0434163 0.406438
9.99641E-05 9.99641E-05 0.116039 0.795365 0.0524199 9.99641E-05 9.99641E-05 0.0357768
9.9973E-05 0.0278992 9.9973E-05 0.242024 0.568976 0.117645 0.0431556 9.9973E-05
0.22095 0.0189466 0.101147 9.9991E-05 0.537429 0.0623709 0.0184802 0.0405774
9.9973E-05 9.9973E-05 0.0769132 0.124607 0.566924 0.117245 0.114011 9.9973E-05
9.9982E-05 0.0439016 0.0853868 0.237033 0.463978 0.0854576 0.0840422 9.9982E-05
9.9973E-05 9.9973E-05 0.0196448 0.871569 0.0408341 0.0623284 0.00532388 9.9973E-05
0.0441107 0.0243282 9.9964E-05 0.913714 0.0174475 9.9964E-05 9.9964E-05 9.9964E-05
0.0197149 9.9964E-05 9.9964E-05 0.942682 0.0290392 0.00816357 9.9964E-05 9.9964E-05
9.9982E-05 0.00342276 0.0502638 0.823063 9.9982E-05 0.0139017 0.0375696 0.0715794
9.9955E-05 9.9955E-05 0.000617596 0.955325 9.9955E-05 0.0435573 9.9955E-05 9.9955E-05
0.00696631 9.9964E-05 0.02863 0.90812 9.9964E-05 9.9964E-05 9.9964E-05 0.0558838
0.08573 9.9973E-05 9.9973E-05 0.501377 0.236409 0.134001 0.0421822 9.9973E-05
9.9982E-05 0.0646819 0.0402696 0.224803 0.419704 0.0855683 0.164773 9.9982E-05
0.0187104 9.9955E-05 9.9955E-05 0.939153 9.9955E-05 9.9955E-05 9.9955E-05 0.0416372
9.9991E-05 0.0375986 0.0280973 0.248412 0.484533 0.0858851 0.111562 0.00381254
9.9982E-05 0.0034155 0.0616113 0.134861 0.654217 0.0541969 0.0914985 9.9982E-05
0.9993 9.994E-05 9.994E-05 9.994E-05 9.994E-05 9.994E-05 9.994E-05 9.994E-05
0.961962 9.99459E-05 9.99459E-05 9.99459E-05 0.0374388 9.99459E-05 9.99459E-05 9.99459E-05
0.9993 9.994E-05 9.994E-05 9.994E-05 9.994E-05 9.994E-05 9.994E-05 9.994E-05
0.9993 9.994E-05 9.994E-05 9.994E-05 9.994E-05 9.994E-05 9.994E-05 9.994E-05
0.9993 9.994E-05 9.994E-05 9.994E-05 9.994E-05 9.994E-05 9.994E-05 9.994E-05
0.9993 9.994E-05 9.994E-05 9.994E-05 9.994E-05 9.994E-05 9.994E-05 9.994E-05
0.9993 9.994E-05 9.994E-05 9.994E-05 9.994E-05 9.994E-05 9.994E-05 9.994E-05
0.0197546 9.9955E-05 9.9955E-05 9.9955E-05 0.902644 9.9955E-05 9.9955E-05 0.0771019
9.99549E-05 9.99549E-05 9.99549E-05 9.99549E-05 0.62446 0.0122146 9.99549E-05 0.362826
0.19288 0.191671 9.9991E-05 0.0165901 0.513345 0.00687398 0.0742631 0.00427694
0.171253 0.176547 9.9964E-05 9.9964E-05 0.553854 9.9964E-05 0.0979471 9.9964E-05
0.0415653 0.0106657 0.0312561 0.841227 0.0313223 9.9991E-05 0.0290337 0.0148297
0.0256907 0.0247983 9.9991E-05 0.800538 0.0755866 0.0506543 0.0198405 0.00279203
0.00497004 9.9946E-05 9.9946E-05 0.99443 9.9946E-05 9.9946E-05 9.9946E-05 9.9946E-05
0.0617462 0.895501 9.9964E-05 9.9964E-05 9.9964E-05 0.0393108 9.9964E-05 0.00304259
0.301176 0.698224 9.99459E-05 9.99459E-05 9.99459E-05 9.99459E-05 9.99459E-05 9.99459E-05
0.0504803 0.913321 9.9964E-05 0.0229461 9.9964E-05 0.0128524 9.9964E-05 9.9964E-05
0.35191 0.647491 9.9946E-05 9.9946E-05 9.9946E-05 9.9946E-05 9.9946E-05 9.9946E-05
0.113522 0.390688 0.0558139 0.0361213 9.9973E-05 9.9973E-05 9.9973E-05 0.403555
0.227877 0.3169 0.00639177 0.0460347 9.9982E-05 9.9982E-05 0.197184 0.205413
0.781125 0.0965734 0.0343137 9.9982E-05 9.9982E-05 0.0133205 0.0314605 0.0430072
0.353858 0.645542 9.9946E-05 9.9946E-05 9.9946E-05 9.9946E-05 9.9946E-05 9.9946E-05
0.323339 0.676061 9.9946E-05 9.9946E-05 9.9946E-05 9.9946E-05 9.9946E-05 9.9946E-05
9.9955E-05 0.991372 9.9955E-05 0.000602703 9.9955E-05 0.00752544 9.9955E-05 9.9955E-05
0.239182 0.737943 9.9973E-05 0.0072663 9.9973E-05 9.9973E-05 0.00477719 0.0105309
0.047224 0.0499086 0.296501 0.164643 0.048841 0.118604 0.173679 0.1006
0.0195505 9.9955E-05 9.9955E-05 0.957822 9.9955E-05 0.0221276 9.9955E-05 9.9955E-05
0.0217779 0.00815292 9.9964E-05 9.9964E-05 0.875732 9.9964E-05 9.9964E-05 0.0939375
9.9991E-05 0.028238 0.197155 0.624816 0.0656079 0.0432899 0.0224168 0.0183763
9.9964E-05 9.9964E-05 0.132008 0.0260438 0.698801 9.9964E-05 9.9964E-05 0.142747
9.9973E-05 0.877404 9.9973E-05 0.0152326 0.0616292 0.00830205 9.9973E-05 0.0371319
0.813077 0.0506934 9.9982E-05 0.0502804 9.9982E-05 0.0119775 0.0441987 0.0295729
0.220899 0.604261 9.9982E-05 0.0362931 0.0840382 0.00530317 0.0490056 9.9982E-05
9.9973E-05 0.0450525 9.9973E-05 0.256952 0.561951 0.0874084 0.0483362 9.9973E-05
9.9991E-05 0.0776095 0.0684263 0.0694475 0.487995 0.0879992 0.158193 0.0502298
0.00761044 9.9991E-05 0.31601 0.511107 0.0283319 0.0336732 0.0361327 0.067035
9.9946E-05 9.9946E-05 9.9946E-05 9.9946E-05 0.200519 9.9946E-05 9.9946E-05 0.798882
0.0384058 0.115329 0.0538223 0.0247836 9.9982E-05 0.0645427 0.702916 9.9982E-05
0.0210296 0.0757599 9.9991E-05 0.0597068 0.0349964 0.00337393 0.802703 0.00233018
0.00968948 9.9964E-05 9.9964E-05 9.9964E-05 0.0137114 0.00457705 0.971622 9.9964E-05
0.00239012 0.0345563 9.9973E-05 9.9973E-05 9.9973E-05 0.00396506 0.953243 0.00554583
0.0483656 9.9955E-05 9.9955E-05 0.00436356 9.9955E-05 9.9955E-05 0.946771 9.9955E-05
0.103669 0.00945137 9.9973E-05 0.0265544 9.9973E-05 0.0334926 0.826533 9.9973E-05
0.0324926 9.9964E-05 9.9964E-05 9.9964E-05 0.865789 0.0128026 9.9964E-05 0.088516
0.430823 0.25489 9.9982E-05 0.047266 0.100137 0.0457509 0.120933 9.9982E-05
0.137823 0.780648 0.0122894 0.0417964 9.9973E-05 9.9973E-05 0.0271428 9.9973E-05
9.9946E-05 0.997625 9.9946E-05 9.9946E-05 9.9946E-05 9.9946E-05 9.9946E-05 0.00177505
0.00110976 0.969203 9.9955E-05 9.9955E-05 9.9955E-05 0.0291876 9.9955E-05 9.9955E-05
0.268817 0.701322 9.9964E-05 0.0288927 9.9964E-05 0.000568675 9.9964E-05 9.9964E-05
0.00141168 9.9946E-05 9.9946E-05 9.9946E-05 9.9946E-05 9.9946E-05 0.997989 9.9946E-05
0.0183485 9.9964E-05 9.9964E-05 0.0016039 9.9964E-05 0.00811842 0.971529 9.9964E-05
0.632772 0.0469577 0.0126785 0.00272435 9.9973E-05 9.9973E-05 0.304568 9.9973E-05
0.696128 9.9964E-05 0.0198742 9.9964E-05 9.9964E-05 0.00179824 0.2818 9.9964E-05
0.0332401 0.0312239 9.9955E-05 9.9955E-05 9.9955E-05 9.9955E-05 0.935036 9.9955E-05
0.808227 0.0149891 0.0105844 0.0123113 9.9973E-05 9.9973E-05 0.153588 9.9973E-05
0.466266 0.0494698 0.0593912 0.337059 9.9982E-05 9.9982E-05 0.0779744 0.00963925
9.9982E-05 9.9982E-05 0.096932 0.785164 0.0696389 0.0183178 0.0110079 0.0187391
0.0160181 9.9973E-05 0.123819 0.749728 9.9973E-05 9.9973E-05 0.0431947 0.0669397
0.0213187 9.9973E-05 0.104297 0.816488 9.9973E-05 0.0302981 9.9973E-05 0.0272986
0.0191125 9.9973E-05 0.0138563 0.907543 9.9973E-05 0.0192825 9.9973E-05 0.0399054
9.994E-05 9.994E-05 9.994E-05 9.994E-05 9.994E-05 9.994E-05 0.9993 9.994E-05
9.994E-05 9.994E-05 9.994E-05 9.994E-05 9.994E-05 9.994E-05 0.9993 9.994E-05
0.691555 9.9973E-05 0.0079219 0.00388983 9.9973E-05 0.00709815 0.289235 9.9973E-05
0.482057 9.9946E-05 9.9946E-05 9.9946E-05 9.9946E-05 9.9946E-05 0.517343 9.9946E-05
9.9955E-05 9.9955E-05 9.9955E-05 9.9955E-05 9.9955E-05 0.0100189 0.984626 0.00485577
9.9964E-05 0.0334178 9.9964E-05 9.9964E-05 0.0538463 0.00638539 0.905951 9.9964E-05
0.0132471 9.9946E-05 9.9946E-05 9.9946E-05 9.9946E-05 9.9946E-05 0.986153 9.9946E-05
0.786467 9.9973E-05 9.9973E-05 0.00772202 0.00619507 0.0091819 0.190134 9.9973E-05
9.9946E-05 9.9946E-05 9.9946E-05 0.0660455 9.9946E-05 9.9946E-05 9.9946E-05 0.933355
0.0213283 9.9973E-05 0.208516 9.9973E-05 0.0326146 0.0249859 9.9973E-05 0.712255
9.99551E-05 9.99551E-05 0.0435171 9.99551E-05 9.99551E-05 0.0130828 9.99551E-05 0.9429
0.0253095 9.9982E-05 9.9982E-05 0.0650089 0.00879575 0.00574574 0.0213485 0.873592
0.139845 0.323996 0.00389152 0.0257919 0.101947 9.9991E-05 0.379483 0.0249457
0.20114 0.394836 9.9973E-05 0.00843589 0.0589759 9.9973E-05 0.336313 9.9973E-05
0.15051 0.517378 0.000916306 9.9982E-05 0.0362952 9.9982E-05 0.285322 0.0093782
0.113538 0.54403 0.00118044 9.9982E-05 0.0552363 9.9982E-05 0.243689 0.0421254
0.0365386 0.0898072 0.0412639 0.0896875 0.146047 0.0829482 0.513608 9.9991E-05
0.110053 0.446574 9.9973E-05 9.9973E-05 0.410308 0.0120965 0.0206689 9.9973E-05
9.99459E-05 9.99459E-05 9.99459E-05 9.99459E-05 9.99459E-05 9.99459E-05 0.961323 0.0380771
0.906463 9.9964E-05 0.0128547 9.9964E-05 9.9964E-05 9.9964E-05 0.0730328 0.00725
0.831092 9.9973E-05 9.9973E-05 0.0046479 9.9973E-05 0.00509535 0.105011 0.0538535
9.99911E-05 0.016792 0.00575478 0.437317 0.470886 0.016091 0.0225596 0.0305002
0.0370521 0.0921757 0.0378974 0.0129067 0.698315 0.045931 9.9991E-05 0.0756219
9.9964E-05 9.9964E-05 0.0941043 0.851014 0.0425707 9.9964E-05 9.9964E-05 0.0119111
9.9982E-05 0.00517423 0.881584 0.0744347 0.00313634 0.0180048 0.0174661 9.9982E-05
0.0267931 9.9982E-05 0.650513 0.250385 0.0151092 0.030589 9.9982E-05 0.026411
9.9982E-05 0.0152601 0.396567 0.469882 9.9982E-05 0.00444536 0.0523194 0.0613256
9.9991E-05 0.0112215 0.00264896 0.354921 0.238419 0.00404783 0.0274554 0.361186
9.9955E-05 9.9955E-05 0.122024 0.877143 0.000333518 9.9955E-05 9.9955E-05 9.9955E-05
9.9973E-05 0.010517 0.0376732 0.926379 0.00731398 9.9973E-05 0.0178173 9.9973E-05
9.9982E-05 0.0138816 0.0371956 0.844389 0.0579071 0.0255003 0.0209265 9.9982E-05
0.0167211 0.00248887 0.103847 0.859055 9.9973E-05 0.0175879 9.9973E-05 9.9973E-05
0.0741543 0.0762903 0.0248686 0.0962598 0.259651 0.0415479 0.427128 9.9991E-05
0.0729699 0.0252475 0.0168741 0.386677 0.125887 0.0281084 0.273282 0.0709545
0.172351 0.198977 9.99732E-05 0.265651 0.138377 9.99732E-05 0.224344 9.99732E-05
0.132577 0.148322 0.00903917 0.0501358 0.205012 0.0135601 0.438977 0.00237691
0.0762522 0.0149659 0.0773162 0.535781 0.0753898 0.0351264 0.0146739 0.170495
9.9973E-05 0.00100312 9.9973E-05 0.926788 0.0463288 0.0105979 9.9973E-05 0.0149819
0.886045 0.0570363 9.9982E-05 9.9982E-05 0.0293801 0.00122308 0.0106741 0.0154417
9.9973E-05 9.9973E-05 0.112714 0.673185 0.105739 0.0597533 0.0483089 9.9973E-05
0.00696889 9.9973E-05 0.850019 0.102828 0.0385644 9.9973E-05 0.00131999 9.9973E-05
0.00237669 9.99641E-05 0.897974 9.99641E-05 9.99641E-05 0.0208126 9.99641E-05 0.0784373
0.0107523 9.9964E-05 0.0799822 0.905117 9.9964E-05 9.9964E-05 9.9964E-05 0.0037481
9.9991E-05 0.0246944 0.00765387 0.144738 0.213362 0.493134 0.107032 0.00928562
0.0311966 9.9991E-05 0.360485 0.468125 0.0649333 0.0123663 0.00933748 0.0534565
9.9964E-05 9.9964E-05 0.92656 0.0429897 0.0289508 9.9964E-05 0.00110015 9.9964E-05
0.00404492 9.9982E-05 0.147867 0.632339 0.163847 0.0227825 0.028919 9.9982E-05
0.0431575 0.00784326 0.0615423 0.108155 0.216809 0.497857 0.0566734 0.00796272
0.00977919 9.9964E-05 9.9964E-05 0.0203143 9.9964E-05 0.960789 0.00871771 9.9964E-05
0.119251 0.758696 9.9973E-05 0.0233028 0.0637481 9.9973E-05 0.0347021 9.9973E-05
0.0349245 0.0689649 0.623724 0.0592803 0.0391375 0.017883 0.00429809 0.151788
0.26 9.9982E-05 0.102775 9.9982E-05 0.534458 0.0531779 0.0390403 0.0103485
0.0407457 0.00978034 9.9973E-05 9.9973E-05 0.760941 0.044852 9.9973E-05 0.143381
