0.451804 0.325413 0.222784
0.247271 0.667463 0.0852661
0.287288 0.611691 0.101021
0.438073 0.359888 0.20204
9.999E-05 0.9998 9.999E-05
0.254957 0.633838 0.111206
0.336754 0.0246013 0.638645
9.999E-05 9.999E-05 0.9998
9.999E-05 9.999E-05 0.9998
9.999E-05 9.999E-05 0.9998
0.930118 0.0634556 0.00642675
0.979542 9.9991E-05 0.0203585
0.983695 9.9991E-05 0.0162048
0.9998 9.999E-05 9.999E-05
0.917595 0.0472459 0.0351595
9.999E-05 9.999E-05 0.9998
0.724164 0.0665582 0.209278
0.9998 9.999E-05 9.999E-05
0.922763 0.0288797 0.0483569
0.995518 9.9991E-05 0.00438246
0.949287 9.9991E-05 0.0506135
0.9998 9.999E-05 9.999E-05
0.9998 9.999E-05 9.999E-05
0.994959 9.9991E-05 0.00494101
0.9998 9.999E-05 9.999E-05
0.9998 9.999E-05 9.999E-05
0.9998 9.999E-05 9.999E-05
0.959078 0.0408221 9.9991E-05
0.99927 9.9991E-05 0.000630171
0.989055 0.0108454 9.9991E-05
0.9998 9.999E-05 9.999E-05
0.986549 9.9991E-05 0.0133514
0.992542 0.00735828 9.9991E-05
0.9998 9.999E-05 9.999E-05
0.9998 9.999E-05 9.999E-05
0.9998 9.999E-05 9.999E-05
0.9998 9.999E-05 9.999E-05
0.9998 9.999E-05 9.999E-05
0.340309 0.457247 0.202444
9.999E-05 0.9998 9.999E-05
0.879598 0.119748 0.000653466
0.9998 9.999E-05 9.999E-05
0.9998 9.999E-05 9.999E-05
0.336371 0.557601 0.106028
0.884656 0.0258026 0.0895415
0.951981 0.00657782 0.0414408
0.928733 0.0535465 0.0177203
0.238749 0.71699 0.0442608
0.137051 0.738406 0.124543
0.570277 0.148563 0.281161
0.647014 0.102579 0.250407
0.645156 0.115073 0.239772
0.579991 0.117063 0.302946
0.0088261 0.0256068 0.965567
9.999E-05 9.999E-05 0.9998
0.888465 9.9991E-05 0.111435
0.9998 9.999E-05 9.999E-05
0.506832 0.343233 0.149935
0.00147026 0.99843 9.9991E-05
0.106099 0.844685 0.0492156
0.719106 0.103575 0.177319
0.662959 0.121638 0.215403
0.622538 0.16811 0.209352
9.999E-05 9.999E-05 0.9998
9.999E-05 0.9998 9.999E-05
0.726561 0.0978711 0.175567
0.387939 0.334573 0.277488
0.9998 9.999E-05 9.999E-05
0.9998 9.999E-05 9.999E-05
0.107436 0.0770417 0.815522
0.110413 0.0154627 0.874125
0.0380863 0.0249913 0.936922
9.9991E-05 0.0065488 0.993351
9.999E-05 9.999E-05 0.9998
9.999E-05 9.999E-05 0.9998
9.999E-05 9.999E-05 0.9998
9.999E-05 9.999E-05 0.9998
9.999E-05 9.999E-05 0.9998
9.999E-05 9.999E-05 0.9998
0.00758093 9.9991E-05 0.992319
0.029181 9.9991E-05 0.970719
9.999E-05 9.999E-05 0.9998
0.453512 9.9991E-05 0.546388
0.420227 9.9991E-05 0.579673
9.999E-05 9.999E-05 0.9998
9.999E-05 9.999E-05 0.9998
9.9991E-05 0.0028917 0.997008
0.0258229 0.0107099 0.963467
9.999E-05 9.999E-05 0.9998
0.456055 9.9991E-05 0.543845
0.0348734 0.0428651 0.922261
0.0013123 0.012197 0.986491
9.999E-05 9.999E-05 0.9998
9.9991E-05 0.0111862 0.988714
0.0567354 0.0128029 0.930462
9.999E-05 9.999E-05 0.9998
0.798945 0.200955 9.9991E-05
9.9991E-05 0.0183697 0.98153
0.00690912 9.9991E-05 0.992991
0.124383 0.108194 0.767423
9.999E-05 9.999E-05 0.9998
9.999E-05 9.999E-05 0.9998
9.999E-05 9.999E-05 0.9998
9.999E-05 9.999E-05 0.9998
0.957471 0.0287369 0.0137922
9.999E-05 9.999E-05 0.9998
9.999E-05 9.999E-05 0.9998
9.999E-05 9.999E-05 0.9998
0.988717 9.9991E-05 0.0111831
0.0311957 0.010223 0.958581
9.999E-05 9.999E-05 0.9998
9.999E-05 9.999E-05 0.9998
9.999E-05 9.999E-05 0.9998
0.982862 9.9991E-05 0.0170382
9.999E-05 9.999E-05 0.9998
9.9991E-05 0.0274406 0.972459
0.479441 9.9991E-05 0.520459
9.999E-05 9.999E-05 0.9998
0.993636 9.9991E-05 0.00626395
0.9998 9.999E-05 9.999E-05
0.938323 0.0383942 0.0232826
0.985836 0.00787543 0.0062888
0.649944 0.12205 0.228007
0.945118 0.0117966 0.0430856
0.859633 0.092579 0.0477881
0.981433 0.00381212 0.0147544
0.970005 0.0298953 9.9991E-05
0.986346 9.9991E-05 0.0135544
0.96083 0.0390698 9.9991E-05
0.955901 0.0439993 9.9991E-05
0.981862 0.00435644 0.0137817
0.949579 0.00524141 0.0451796
0.964738 0.00666883 0.0285931
0.885237 0.0464795 0.0682836
0.0866124 0.831508 0.0818792
0.0728727 0.806828 0.120299
0.0572129 0.915193 0.0275942
0.700466 0.105166 0.194368
0.0951484 0.798715 0.106137
0.0912404 0.780632 0.128128
0.739716 0.0982381 0.162046
0.0503645 0.867146 0.0824896
0.119784 0.795592 0.0846241
0.0548317 0.854872 0.0902966
0.166973 0.684655 0.148372
0.16816 0.696807 0.135033
0.13114 0.839097 0.029763
0.612738 0.152265 0.234997
0.0139816 0.972489 0.0135297
0.976044 9.9991E-05 0.0238564
0.98908 0.0108205 9.9991E-05
0.011272 0.988628 9.9991E-05
0.482478 0.329076 0.188446
0.66553 0.157701 0.176769
0.849783 0.136076 0.0141415
0.959554 0.0269568 0.0134891
0.693926 0.245984 0.0600901
0.699695 0.151865 0.14844
0.157739 0.721172 0.121089
0.664431 0.12943 0.206139
0.540095 0.239078 0.220827
0.9998 9.999E-05 9.999E-05
0.0536526 0.927412 0.0189349
0.504592 0.488049 0.00735901
9.9991E-05 0.997228 0.00267219
0.681415 0.180301 0.138284
9.999E-05 0.9998 9.999E-05
0.734303 0.127281 0.138417
0.0769661 0.881056 0.041978
0.0679557 0.913404 0.0186401
0.929833 0.0700666 9.9991E-05
0.667145 0.299443 0.0334123
0.808356 0.120162 0.0714818
0.171993 0.649136 0.178871
0.159831 0.68049 0.159679
0.181928 0.639999 0.178074
0.20893 0.620832 0.170238
0.977676 0.0222244 9.9991E-05
0.949288 0.0506125 9.9991E-05
0.960113 0.0119171 0.0279698
0.119827 0.792766 0.0874073
0.576414 0.22241 0.201176
0.576265 0.187927 0.235808
0.922012 0.0553016 0.022686
0.803944 0.0828526 0.113204
0.814006 0.114992 0.0710021
0.617199 0.167735 0.215066
0.541346 0.233717 0.224937
0.971688 0.0196821 0.00863016
0.899971 0.0203241 0.0797049
9.999E-05 0.9998 9.999E-05
0.00384884 0.996051 9.9991E-05
0.00471737 0.995183 9.9991E-05
0.101631 0.808554 0.0898156
0.271365 0.550602 0.178033
0.25382 0.565888 0.180292
0.961569 0.038331 9.9991E-05
0.922472 0.0771046 0.00042325
0.9998 9.999E-05 9.999E-05
0.721484 0.0929529 0.185563
0.00370245 0.996198 9.9991E-05
9.999E-05 0.9998 9.999E-05
9.999E-05 0.9998 9.999E-05
9.999E-05 0.9998 9.999E-05
0.0298621 0.970038 9.9991E-05
0.878926 0.120974 9.9991E-05
0.166173 0.670653 0.163174
0.737899 0.107945 0.154156
0.87986 0.119207 0.000933275
0.910145 0.0897554 9.9991E-05
0.979443 9.9991E-05 0.0204571
0.951272 9.9991E-05 0.0486282
0.938194 0.00987968 0.0519265
9.999E-05 0.9998 9.999E-05
9.999E-05 0.9998 9.999E-05
0.258677 0.632052 0.109271
9.999E-05 0.9998 9.999E-05
9.999E-05 0.9998 9.999E-05
0.530116 0.447607 0.0222769
9.999E-05 0.9998 9.999E-05
0.029422 0.970478 9.9991E-05
0.320819 0.504824 0.174357
0.707594 0.0960105 0.196395
0.097919 0.901981 9.9991E-05
0.363494 0.165444 0.471062
0.141059 0.858841 9.9991E-05
9.999E-05 0.9998 9.999E-05
0.950475 0.0376574 0.0118681
0.680262 0.319638 9.9991E-05
0.745027 0.0536485 0.201325
0.520092 0.187634 0.292274
0.9998 9.999E-05 9.999E-05
0.647825 0.11048 0.241694
0.722132 0.118262 0.159606
0.756987 0.125356 0.117657
0.598003 0.116504 0.285493
0.668232 0.182351 0.149417
0.728294 0.0650172 0.206689
0.31788 0.496378 0.185742
0.9998 9.999E-05 9.999E-05
0.917901 0.0819994 9.9991E-05
9.999E-05 9.999E-05 0.9998
0.881244 0.117468 0.00128833
0.987446 9.9991E-05 0.0124545
0.863872 0.0722733 0.0638549
0.9998 9.999E-05 9.999E-05
0.921965 0.0149161 0.0631186
0.993601 0.00629918 9.9991E-05
0.534702 0.143198 0.322099
0.708409 0.139017 0.152574
0.768762 0.0956956 0.135542
0.987424 0.0124757 9.9991E-05
9.999E-05 0.9998 9.999E-05
0.9998 9.999E-05 9.999E-05
0.547968 0.178518 0.273513
0.9998 9.999E-05 9.999E-05
9.999E-05 0.9998 9.999E-05
0.703703 0.0783705 0.217926
9.999E-05 9.999E-05 0.9998
0.125366 0.1165 0.758134
0.9998 9.999E-05 9.999E-05
0.952797 9.9991E-05 0.047103
0.712641 0.0699949 0.217364
0.728421 0.0966936 0.174885
0.788985 0.209541 0.00147391
0.970863 9.9991E-05 0.0290372
9.999E-05 0.9998 9.999E-05
0.257946 0.571247 0.170808
0.0467367 0.929213 0.0240507
0.196896 0.598575 0.204529
0.206511 0.602725 0.190764
0.111218 0.789095 0.0996865
0.240347 0.582607 0.177046
0.186578 0.647951 0.165472
0.152766 0.770154 0.0770796
0.443149 0.319109 0.237742
0.136023 0.826894 0.0370832
0.457745 0.297803 0.244452
0.646386 0.0936993 0.259914
0.401269 0.354472 0.244259
0.198116 0.676067 0.125817
0.278001 0.591598 0.130401
0.261065 0.55808 0.180855
0.0957362 0.793529 0.110735
0.9998 9.999E-05 9.999E-05
9.999E-05 0.9998 9.999E-05
0.230889 0.608878 0.160232
0.0753616 0.814876 0.109762
0.145364 0.691731 0.162904
0.132136 0.707815 0.16005
0.891433 0.108467 9.9991E-05
0.875656 0.0567373 0.0676071
9.999E-05 0.9998 9.999E-05
0.9998 9.999E-05 9.999E-05
0.887117 0.112783 9.9991E-05
0.507055 0.179022 0.313923
9.999E-05 0.9998 9.999E-05
9.999E-05 0.9998 9.999E-05
9.999E-05 0.9998 9.999E-05
9.999E-05 0.9998 9.999E-05
0.691491 0.142959 0.16555
0.0534749 0.946425 9.9991E-05
0.892889 0.107011 9.9991E-05
0.9998 9.999E-05 9.999E-05
0.994764 9.9991E-05 0.00513605
0.990195 0.00756517 0.00223946
0.998069 0.00183126 9.9991E-05
0.237838 0.542523 0.219639
0.215942 0.544129 0.239929
0.246128 0.582329 0.171543
0.120225 0.729902 0.149873
0.133849 0.67203 0.194121
0.475596 0.291874 0.23253
0.180317 0.627279 0.192405
0.574336 0.362719 0.0629457
0.143369 0.692579 0.164052
0.1046 0.719991 0.175409
0.107414 0.68673 0.205856
0.156853 0.754784 0.0883633
0.10053 0.687853 0.211618
0.153616 0.671379 0.175005
0.9998 9.999E-05 9.999E-05
0.888605 0.0573833 0.0540116
0.9651 0.0348 9.9991E-05
0.994511 9.9991E-05 0.0053895
0.674054 0.134022 0.191924
0.920038 0.0315676 0.0483945
0.992117 9.9991E-05 0.00778343
0.9998 9.999E-05 9.999E-05
0.59356 0.11933 0.28711
0.852611 0.0707578 0.0766315
0.766014 0.0942439 0.139743
0.571731 0.121766 0.306503
0.56888 0.146732 0.284387
0.672772 0.12063 0.206598
0.875762 0.112416 0.0118224
0.63536 0.104515 0.260125
0.9998 9.999E-05 9.999E-05
0.532207 0.206115 0.261678
0.508439 0.196256 0.295305
0.231611 0.568739 0.19965
0.603616 0.119262 0.277122
0.576724 0.131241 0.292035
0.624968 0.122085 0.252948
0.563651 0.197374 0.238974
0.997742 0.00215758 9.9991E-05
0.966267 0.032819 0.00091424
0.962945 0.0142165 0.0228381
0.9998 9.999E-05 9.999E-05
0.0188597 0.98104 9.9991E-05
0.284182 0.633904 0.0819145
0.982773 0.0092117 0.00801483
0.902698 0.0180117 0.0792903
0.436907 0.302551 0.260542
0.418362 0.341071 0.240567
0.936869 0.0630314 9.9991E-05
0.900539 0.094137 0.00532348
0.368422 0.557745 0.0738333
0.708523 0.201929 0.0895485
0.994529 0.0053707 9.9991E-05
0.562376 0.174842 0.262782
0.416236 0.319561 0.264202
0.541116 0.167668 0.291216
0.581782 0.182786 0.235432
0.948473 9.9991E-05 0.0514273
0.972284 0.0276165 9.9991E-05
0.9998 9.999E-05 9.999E-05
0.978229 0.0211312 0.0006403
0.987986 9.9991E-05 0.0119139
0.9998 9.999E-05 9.999E-05
0.655552 0.141612 0.202836
0.519564 0.261894 0.218542
0.9998 9.999E-05 9.999E-05
0.556682 0.219568 0.22375
0.543526 0.216041 0.240433
0.0520245 0.859225 0.0887503
0.0799573 0.829002 0.0910403
0.0713482 0.844599 0.0840527
0.0383048 0.832796 0.128899
0.0829018 0.831153 0.0859448
0.048261 0.845906 0.105833
0.0346598 0.84318 0.122161
0.486799 0.226755 0.286446
0.520471 0.159517 0.320013
0.282946 0.525567 0.191487
0.275013 0.538212 0.186776
0.929881 0.0700192 9.9991E-05
0.878725 0.0649339 0.0563407
0.9998 9.999E-05 9.999E-05
9.999E-05 0.9998 9.999E-05
9.999E-05 0.9998 9.999E-05
9.999E-05 0.9998 9.999E-05
9.999E-05 0.9998 9.999E-05
0.398242 0.581937 0.0198204
0.235625 0.707847 0.0565281
0.0928653 0.797229 0.109906
9.999E-05 0.9998 9.999E-05
9.999E-05 0.9998 9.999E-05
9.999E-05 0.9998 9.999E-05
9.999E-05 0.9998 9.999E-05
0.610223 0.218693 0.171083
0.9998 9.999E-05 9.999E-05
0.478521 0.246225 0.275254
0.908597 0.0450668 0.0463362
0.671058 0.113085 0.215857
0.0413475 0.958553 9.9991E-05
0.0956992 0.778012 0.126288
0.0937142 0.887344 0.0189413
0.547634 0.186667 0.265699
0.425099 0.269972 0.304929
0.913354 0.0320993 0.0545468
0.682969 0.0905571 0.226474
0.173958 0.651223 0.174819
0.168876 0.669505 0.161619
0.169397 0.665638 0.164965
0.102492 0.719548 0.17796
0.113155 0.717396 0.169449
0.131168 0.670523 0.198309
0.48514 0.201442 0.313417
0.132614 0.752376 0.11501
0.0258805 0.97402 9.9991E-05
9.999E-05 0.9998 9.999E-05
9.999E-05 0.9998 9.999E-05
0.0196294 0.980271 9.9991E-05
0.11223 0.717005 0.170766
0.147349 0.672355 0.180296
0.105809 0.775275 0.118916
0.126496 0.756603 0.116901
0.114545 0.746374 0.139081
0.138147 0.784243 0.0776102
0.453311 0.518921 0.0277681
0.967779 0.0192296 0.0129911
0.975614 0.0242862 9.9991E-05
0.988313 9.9991E-05 0.0115868
0.986875 0.00552384 0.00760088
0.158425 0.66006 0.181515
0.154692 0.6416 0.203707
0.138312 0.737788 0.1239
0.153817 0.733945 0.112238
0.134575 0.659817 0.205609
0.125983 0.667939 0.206078
0.0807559 0.721909 0.197335
0.121456 0.753494 0.12505
0.750708 0.0611177 0.188174
0.731318 0.0754502 0.193232
0.739389 0.054319 0.206292
0.706784 0.132704 0.160512
0.162684 0.774582 0.0627343
0.104235 0.84506 0.050705
0.0927889 0.879721 0.0274903
0.0920484 0.885556 0.022396
0.290582 0.496551 0.212867
0.101971 0.732313 0.165717
0.169393 0.651049 0.179558
0.123248 0.798437 0.0783156
0.125069 0.760674 0.114256
0.742574 0.120892 0.136534
0.47362 0.294776 0.231604
0.9998 9.999E-05 9.999E-05
0.992261 0.00763853 9.9991E-05
0.974589 9.9991E-05 0.0253107
0.965881 0.0325953 0.00152376
0.732866 0.13525 0.131884
0.9998 9.999E-05 9.999E-05
0.990142 0.00975822 9.9991E-05
0.956217 0.0436833 9.9991E-05
0.991333 0.00856673 9.9991E-05
0.336062 0.473995 0.189943
0.589762 0.300974 0.109264
0.371102 0.541408 0.0874906
0.195446 0.632759 0.171795
0.782104 0.144286 0.07361
0.989088 9.9991E-05 0.0108124
0.072005 0.824337 0.103658
0.855319 0.0467964 0.0978844
0.9998 9.999E-05 9.999E-05
0.999793 9.9991E-05 0.000106955
0.9998 9.999E-05 9.999E-05
0.270813 0.152031 0.577156
0.938432 0.0589885 0.00257984
0.9998 9.999E-05 9.999E-05
0.923567 0.0242354 0.052198
0.2545 0.138983 0.606517
9.999E-05 9.999E-05 0.9998
0.0329564 0.966944 9.9991E-05
0.858941 0.10214 0.0389191
0.417663 0.35538 0.226957
0.51108 0.199403 0.289518
0.569719 0.195562 0.234719
0.974481 9.9991E-05 0.025419
0.0300774 0.966421 0.00350207
0.288609 0.532928 0.178463
0.740098 0.0746672 0.185235
0.9998 9.999E-05 9.999E-05
0.663123 0.0791903 0.257687
0.401992 0.347 0.251008
0.430688 0.338738 0.230574
0.251301 0.692509 0.0561895
0.136166 0.857857 0.00597765
0.317675 0.525416 0.156909
0.472767 0.278556 0.248677
0.9998 9.999E-05 9.999E-05
0.9998 9.999E-05 9.999E-05
0.620981 0.137747 0.241272
0.24822 0.651005 0.100774
0.49896 0.228138 0.272902
0.993882 0.00601832 9.9991E-05
0.296456 0.516689 0.186855
0.636831 0.260264 0.102906
0.125548 0.646493 0.227959
0.670215 0.156658 0.173127
0.74649 0.0830183 0.170492
0.556956 0.161227 0.281817
0.9998 9.999E-05 9.999E-05
0.9792 0.0207003 9.9991E-05
0.9998 9.999E-05 9.999E-05
0.9998 9.999E-05 9.999E-05
0.712888 0.168601 0.118511
0.93866 0.0295996 0.0317401
0.962153 0.0377466 9.9991E-05
0.468811 0.296396 0.234792
0.00654638 0.993354 9.9991E-05
9.999E-05 0.9998 9.999E-05
0.9998 9.999E-05 9.999E-05
9.999E-05 0.9998 9.999E-05
0.00563073 0.0148412 0.979528
9.999E-05 9.999E-05 0.9998
0.288674 0.20444 0.506887
0.913335 0.086565 9.9991E-05
9.999E-05 9.999E-05 0.9998
9.999E-05 9.999E-05 0.9998
9.999E-05 9.999E-05 0.9998
9.999E-05 9.999E-05 0.9998
9.999E-05 9.999E-05 0.9998
0.9998 9.999E-05 9.999E-05
0.520391 0.221263 0.258345
0.700897 0.0713657 0.227737
0.723999 0.0844071 0.191594
0.976788 0.0169755 0.00623605
0.950886 9.9991E-05 0.0490145
0.492238 0.242303 0.265458
0.637383 0.0942977 0.268319
0.752297 0.114255 0.133448
0.555652 0.153093 0.291255
9.9991E-05 0.00283736 0.997063
0.787535 0.17782 0.0346452
0.932846 0.054475 0.0126791
0.967323 0.0136924 0.0189843
0.851961 0.0848896 0.0631489
0.9998 9.999E-05 9.999E-05
0.902309 0.0235705 0.07412
9.999E-05 0.9998 9.999E-05
0.594169 0.34558 0.0602511
0.794395 0.0666121 0.138993
