0.343944 0.44096 0.215096
0.676369 0.234401 0.0892301
0.630534 0.261842 0.107623
0.344027 0.454137 0.201836
0.9998 9.999E-05 9.999E-05
0.646252 0.263192 0.0905562
0.0280255 0.329966 0.642009
9.999E-05 9.999E-05 0.9998
9.999E-05 9.999E-05 0.9998
9.999E-05 9.999E-05 0.9998
0.0415368 0.930949 0.0275139
9.9991E-05 0.970405 0.0294948
9.999E-05 0.9998 9.999E-05
9.999E-05 0.9998 9.999E-05
0.0405612 0.917107 0.0423322
9.999E-05 9.999E-05 0.9998
0.0706112 0.704461 0.224928
9.999E-05 0.9998 9.999E-05
0.0486744 0.910895 0.0404308
9.999E-05 0.9998 9.999E-05
0.00723484 0.949235 0.0435305
9.9991E-05 0.992273 0.00762745
9.999E-05 0.9998 9.999E-05
9.9991E-05 0.98207 0.0178303
9.999E-05 0.9998 9.999E-05
0.00922576 0.990674 9.9991E-05
9.999E-05 0.9998 9.999E-05
0.0636225 0.934292 0.00208572
9.9991E-05 0.984534 0.0153661
0.00225119 0.997649 9.9991E-05
9.999E-05 0.9998 9.999E-05
9.999E-05 0.9998 9.999E-05
9.999E-05 0.9998 9.999E-05
9.9991E-05 0.995277 0.00462343
9.999E-05 0.9998 9.999E-05
9.999E-05 0.9998 9.999E-05
9.999E-05 0.9998 9.999E-05
9.999E-05 0.9998 9.999E-05
0.456377 0.325104 0.218519
0.9998 9.999E-05 9.999E-05
0.117795 0.882105 9.9991E-05
9.999E-05 0.9998 9.999E-05
9.999E-05 0.9998 9.999E-05
0.569052 0.331976 0.0989723
0.014894 0.909887 0.0752193
0.0225584 0.922148 0.0552935
0.0356114 0.947179 0.0172101
0.715064 0.243385 0.0415516
0.720541 0.149741 0.129719
0.128539 0.583287 0.288174
0.104266 0.656212 0.239522
0.112092 0.647394 0.240514
0.114206 0.579023 0.306771
0.00109532 0.00600608 0.992899
0.00446398 9.9991E-05 0.995436
0.00281778 0.885173 0.11201
9.999E-05 0.9998 9.999E-05
0.346505 0.511514 0.141981
0.9998 9.999E-05 9.999E-05
0.870602 0.0895507 0.039847
0.108251 0.723811 0.167938
0.111145 0.667999 0.220856
0.151263 0.645863 0.202874
9.999E-05 9.999E-05 0.9998
0.9998 9.999E-05 9.999E-05
0.101462 0.730367 0.168171
0.330244 0.399896 0.26986
9.999E-05 0.9998 9.999E-05
9.999E-05 0.9998 9.999E-05
0.0695406 0.0583365 0.872123
0.0224219 0.0946512 0.882927
0.0247589 0.0647562 0.910485
9.999E-05 9.999E-05 0.9998
9.999E-05 9.999E-05 0.9998
9.999E-05 9.999E-05 0.9998
9.999E-05 9.999E-05 0.9998
9.999E-05 9.999E-05 0.9998
9.999E-05 9.999E-05 0.9998
9.999E-05 9.999E-05 0.9998
9.9991E-05 0.0335783 0.966322
0.0183452 0.00676523 0.97489
0.000959699 9.9991E-05 0.99894
9.9991E-05 0.465409 0.534491
9.9991E-05 0.416982 0.582918
9.999E-05 9.999E-05 0.9998
9.999E-05 9.999E-05 0.9998
0.00463431 9.9991E-05 0.995266
0.00509185 9.9991E-05 0.994808
9.999E-05 9.999E-05 0.9998
9.9991E-05 0.454215 0.545685
0.0111264 0.0836474 0.905226
0.00928463 0.00733479 0.983381
9.999E-05 9.999E-05 0.9998
0.0154913 9.9991E-05 0.984409
9.9991E-05 0.0760918 0.923808
9.9991E-05 0.00262148 0.997279
0.202438 0.797462 9.9991E-05
0.0166235 9.9991E-05 0.983276
9.999E-05 9.999E-05 0.9998
0.0956375 0.122003 0.782359
9.999E-05 9.999E-05 0.9998
9.999E-05 9.999E-05 0.9998
9.999E-05 9.999E-05 0.9998
9.999E-05 9.999E-05 0.9998
0.0269874 0.963106 0.00990668
9.999E-05 9.999E-05 0.9998
9.999E-05 9.999E-05 0.9998
9.999E-05 9.999E-05 0.9998
0.000829937 0.99907 9.9991E-05
0.01877 0.0128644 0.968366
9.9991E-05 0.00420148 0.995699
9.999E-05 9.999E-05 0.9998
9.999E-05 9.999E-05 0.9998
9.9991E-05 0.967733 0.0321675
9.999E-05 9.999E-05 0.9998
0.0222331 9.9991E-05 0.977667
9.9991E-05 0.474088 0.525812
9.999E-05 9.999E-05 0.9998
9.9991E-05 0.993141 0.00675918
9.999E-05 0.9998 9.999E-05
0.034489 0.965411 9.9991E-05
9.9991E-05 0.97724 0.0226596
0.11839 0.66268 0.21893
0.02606 0.941332 0.0326079
0.111688 0.832811 0.055501
9.9991E-05 0.976357 0.0235431
0.0330657 0.966834 9.9991E-05
0.00956412 0.990336 9.9991E-05
0.0743013 0.925599 9.9991E-05
0.0273949 0.970418 0.00218738
0.0250989 0.974801 9.9991E-05
0.0219555 0.956237 0.0218077
0.00716118 0.952133 0.0407058
0.0355968 0.901903 0.0625001
0.824602 0.101148 0.0742497
0.792768 0.0787924 0.12844
0.935594 0.048554 0.0158517
0.0995431 0.742437 0.158019
0.814964 0.06936 0.115676
0.79451 0.0973016 0.108188
0.10177 0.758889 0.139341
0.87461 0.0540502 0.0713397
0.822135 0.104806 0.0730589
0.859905 0.0605918 0.0795034
0.700404 0.157546 0.14205
0.72954 0.129695 0.140764
0.83694 0.12221 0.0408493
0.167821 0.605808 0.226371
0.966382 0.0231449 0.0104734
0.0142155 0.985685 9.9991E-05
0.0105872 0.989313 9.9991E-05
0.9998 9.999E-05 9.999E-05
0.320178 0.483203 0.196619
0.152221 0.675183 0.172596
0.122499 0.877401 9.9991E-05
0.0244088 0.96266 0.0129312
0.238719 0.666202 0.095079
0.14984 0.684496 0.165663
0.720665 0.183154 0.0961803
0.126252 0.674712 0.199035
0.231743 0.538575 0.229682
9.9991E-05 0.998589 0.00131101
0.937359 0.0470501 0.0155909
0.475882 0.524018 9.9991E-05
0.980868 0.000661091 0.0184705
0.19741 0.673246 0.129343
0.9998 9.999E-05 9.999E-05
0.136187 0.726391 0.137422
0.877305 0.122595 9.9991E-05
0.914547 0.0684838 0.0169693
0.0608576 0.939042 9.9991E-05
0.311062 0.651947 0.0369903
0.120916 0.814705 0.0643793
0.637457 0.186254 0.176289
0.672004 0.171126 0.15687
0.629711 0.18824 0.182049
0.612055 0.194287 0.193657
0.00988566 0.990014 9.9991E-05
0.0340349 0.965865 9.9991E-05
0.00162917 0.971272 0.0270992
0.773998 0.125778 0.100224
0.322311 0.431881 0.245808
0.158299 0.588241 0.253461
0.0458509 0.923841 0.0303077
0.088353 0.796788 0.114859
0.0881624 0.829417 0.0824201
0.150286 0.64653 0.203184
0.25212 0.516864 0.231017
9.999E-05 0.9998 9.999E-05
0.0130588 0.927532 0.0594088
0.9998 9.999E-05 9.999E-05
0.98943 0.0104695 9.9991E-05
0.979629 0.0202714 9.9991E-05
0.79394 0.0967465 0.109313
0.560683 0.27328 0.166037
0.575623 0.246796 0.177581
0.0251644 0.974736 9.9991E-05
0.0534355 0.908135 0.0384293
9.999E-05 0.9998 9.999E-05
0.0920263 0.721054 0.18692
0.9998 9.999E-05 9.999E-05
0.9998 9.999E-05 9.999E-05
0.9998 9.999E-05 9.999E-05
0.9998 9.999E-05 9.999E-05
0.9884 0.0101995 0.00140009
0.105457 0.894443 9.9991E-05
0.661586 0.166233 0.172182
0.0791089 0.734128 0.186763
0.10416 0.87547 0.0203692
0.106379 0.893521 9.9991E-05
9.9991E-05 0.979491 0.0204093
0.0243581 0.931488 0.0441534
0.00499927 0.93955 0.0554504
0.9998 9.999E-05 9.999E-05
0.9998 9.999E-05 9.999E-05
0.633332 0.288916 0.0777522
0.9998 9.999E-05 9.999E-05
0.9998 9.999E-05 9.999E-05
0.453877 0.527836 0.0182873
0.997568 0.00233244 9.9991E-05
0.983989 0.0159114 9.9991E-05
0.495195 0.330383 0.174422
0.0810181 0.718001 0.200981
0.904615 0.0952851 9.9991E-05
0.16373 0.357589 0.478681
0.876201 0.123699 9.9991E-05
0.9998 9.999E-05 9.999E-05
0.030604 0.94877 0.0206264
0.29057 0.70933 9.9991E-05
0.0584961 0.744162 0.197342
0.216428 0.504532 0.27904
9.999E-05 0.9998 9.999E-05
0.110715 0.637176 0.252109
0.115286 0.73319 0.151524
0.129525 0.740146 0.130329
0.119461 0.596841 0.283698
0.180494 0.664822 0.154683
0.0764919 0.71645 0.207058
0.489665 0.308228 0.202107
9.999E-05 0.9998 9.999E-05
0.0955324 0.904368 9.9991E-05
9.999E-05 9.999E-05 0.9998
0.120157 0.879743 9.9991E-05
9.9991E-05 0.999269 0.000631117
0.0700072 0.869558 0.060435
9.9991E-05 0.991714 0.00818597
0.022551 0.930744 0.0467052
0.00824811 0.991652 9.9991E-05
0.159403 0.530899 0.309698
0.140649 0.68817 0.17118
0.0956589 0.737179 0.167162
0.00140161 0.998498 9.9991E-05
0.9998 9.999E-05 9.999E-05
9.999E-05 0.9998 9.999E-05
0.185977 0.541506 0.272517
9.999E-05 0.9998 9.999E-05
0.9998 9.999E-05 9.999E-05
0.0810076 0.701327 0.217665
9.999E-05 9.999E-05 0.9998
0.120972 0.14056 0.738468
9.999E-05 0.9998 9.999E-05
9.9991E-05 0.946401 0.0534991
0.0915113 0.700396 0.208093
0.0861578 0.735361 0.178481
0.211568 0.765442 0.0229899
9.9991E-05 0.964274 0.035626
0.9998 9.999E-05 9.999E-05
0.56548 0.277457 0.157063
0.914607 0.0497659 0.0356269
0.607664 0.188575 0.203761
0.605201 0.211453 0.183346
0.775317 0.103767 0.120915
0.565865 0.254574 0.179561
0.644446 0.191995 0.163559
0.776373 0.140508 0.0831194
0.305676 0.431204 0.26312
0.803486 0.163036 0.0334778
0.313275 0.434332 0.252393
0.0984121 0.627425 0.274163
0.353089 0.401117 0.245793
0.653414 0.206801 0.139785
0.580601 0.266138 0.153261
0.562361 0.250576 0.187063
0.784265 0.110439 0.105296
9.999E-05 0.9998 9.999E-05
0.9998 9.999E-05 9.999E-05
0.618881 0.199961 0.181159
0.79255 0.0806248 0.126825
0.685745 0.146802 0.167454
0.731564 0.129159 0.139277
0.109511 0.890389 9.9991E-05
0.0524185 0.8693 0.0782812
0.9998 9.999E-05 9.999E-05
9.999E-05 0.9998 9.999E-05
0.118029 0.881871 9.9991E-05
0.171667 0.507051 0.321282
0.9998 9.999E-05 9.999E-05
0.9998 9.999E-05 9.999E-05
0.9998 9.999E-05 9.999E-05
0.9998 9.999E-05 9.999E-05
0.131606 0.707919 0.160475
0.92562 0.0634473 0.0109326
0.105657 0.894243 9.9991E-05
9.999E-05 0.9998 9.999E-05
9.9991E-05 0.983018 0.0168816
0.0193409 0.980559 9.9991E-05
9.9991E-05 0.983035 0.0168654
0.528655 0.245051 0.226294
0.546114 0.227956 0.225929
0.574095 0.247973 0.177932
0.695037 0.132051 0.172912
0.672623 0.154668 0.172709
0.281764 0.453293 0.264943
0.593092 0.191023 0.215885
0.343089 0.582311 0.0745998
0.701252 0.133362 0.165386
0.719908 0.0998419 0.18025
0.689252 0.104848 0.2059
0.771942 0.121704 0.106353
0.692519 0.0885043 0.218977
0.67824 0.158967 0.162793
9.9991E-05 0.998584 0.00131626
0.0536447 0.887073 0.059282
0.0427639 0.924897 0.0323389
9.9991E-05 0.980848 0.0190517
0.0934833 0.704569 0.201948
0.0403751 0.919749 0.039876
9.999E-05 0.9998 9.999E-05
9.999E-05 0.9998 9.999E-05
0.126393 0.597423 0.276184
0.0521334 0.860034 0.0878325
0.099497 0.747511 0.152992
0.141209 0.54153 0.317261
0.124082 0.607047 0.268871
0.139703 0.629905 0.230392
0.129707 0.870193 9.9991E-05
0.130277 0.618176 0.251547
9.999E-05 0.9998 9.999E-05
0.213945 0.519314 0.266741
0.194816 0.486161 0.319023
0.59535 0.227763 0.176887
0.119043 0.603374 0.277583
0.123416 0.580855 0.295729
0.136504 0.60548 0.258017
0.198619 0.523345 0.278035
9.999E-05 0.9998 9.999E-05
0.0151334 0.984767 9.9991E-05
0.0169595 0.958718 0.0243227
9.999E-05 0.9998 9.999E-05
0.991897 0.0080033 9.9991E-05
0.639551 0.265118 0.0953316
0.0115686 0.955882 0.0325492
0.0118522 0.943713 0.0444343
0.317285 0.437377 0.245338
0.324495 0.439413 0.236091
0.0515144 0.948386 9.9991E-05
0.0889454 0.910955 9.9991E-05
0.536035 0.392867 0.0710978
0.184436 0.707082 0.108482
9.999E-05 0.9998 9.999E-05
0.172861 0.568948 0.258192
0.318746 0.417123 0.264131
0.174049 0.532251 0.2937
0.174408 0.606051 0.219541
9.9991E-05 0.958762 0.0411381
0.0340292 0.965871 9.9991E-05
0.00400312 0.995897 9.9991E-05
0.0280117 0.963682 0.0083059
9.999E-05 0.9998 9.999E-05
9.999E-05 0.9998 9.999E-05
0.147784 0.63207 0.220146
0.251923 0.498761 0.249316
9.999E-05 0.9998 9.999E-05
0.248166 0.534223 0.217611
0.207212 0.541066 0.251722
0.84865 0.0702544 0.0810958
0.843554 0.0741923 0.0822538
0.841963 0.0822064 0.0758302
0.857954 0.0541511 0.0878945
0.818033 0.0850376 0.0969289
0.849684 0.0664426 0.0838738
0.836829 0.0511568 0.112014
0.223083 0.498467 0.278451
0.162589 0.503689 0.333722
0.549362 0.280265 0.170373
0.55367 0.275876 0.170454
0.0750301 0.92487 9.9991E-05
0.0681511 0.844202 0.0876467
0.00580518 0.994095 9.9991E-05
0.9998 9.999E-05 9.999E-05
0.9998 9.999E-05 9.999E-05
0.9998 9.999E-05 9.999E-05
0.9998 9.999E-05 9.999E-05
0.583152 0.388857 0.027991
0.719006 0.236246 0.0447478
0.82049 0.0915327 0.0879772
0.9998 9.999E-05 9.999E-05
0.9998 9.999E-05 9.999E-05
0.9998 9.999E-05 9.999E-05
0.997659 0.00224116 9.9991E-05
0.218513 0.620211 0.161276
9.999E-05 0.9998 9.999E-05
0.230884 0.492047 0.277068
0.0577709 0.896692 0.0455375
0.117099 0.656662 0.22624
0.947621 0.0522792 9.9991E-05
0.797021 0.0895217 0.113457
0.881843 0.0802566 0.0379005
0.197934 0.551952 0.250114
0.301967 0.41768 0.280354
0.0510362 0.912944 0.0360195
0.0744656 0.710569 0.214966
0.640339 0.141408 0.218253
0.670078 0.171254 0.158668
0.66283 0.161586 0.175585
0.681673 0.121591 0.196737
0.692772 0.125552 0.181677
0.669994 0.154598 0.175408
0.207837 0.502619 0.289544
0.736897 0.122253 0.140851
0.989192 0.0107083 9.9991E-05
0.9998 9.999E-05 9.999E-05
0.9998 9.999E-05 9.999E-05
0.990023 0.00987723 9.9991E-05
0.700087 0.113286 0.186626
0.643077 0.164552 0.192371
0.794549 0.102435 0.103016
0.740927 0.132236 0.126837
0.752173 0.108848 0.138979
0.78131 0.146695 0.0719954
0.499161 0.457796 0.0430427
0.00970223 0.972117 0.018181
0.0300456 0.969854 9.9991E-05
9.9991E-05 0.989822 0.0100782
0.00199908 0.980358 0.017643
0.656442 0.148545 0.195013
0.649659 0.164872 0.185468
0.752147 0.147628 0.100225
0.724036 0.1329 0.143064
0.636892 0.140144 0.222964
0.670151 0.128037 0.201812
0.726816 0.0850195 0.188165
0.774193 0.120428 0.10538
0.0964944 0.754229 0.149277
0.078773 0.7171 0.204127
0.0425907 0.766618 0.190791
0.115506 0.712458 0.172036
0.761537 0.160877 0.0775858
0.852297 0.104825 0.0428776
0.885957 0.0903782 0.0236652
0.885973 0.0840855 0.0299411
0.497918 0.287022 0.215061
0.715053 0.139468 0.145479
0.627294 0.182395 0.190311
0.794115 0.111927 0.0939577
0.762568 0.124513 0.112918
0.128459 0.736853 0.134689
0.275499 0.469586 0.254916
9.999E-05 0.9998 9.999E-05
0.00329089 0.99464 0.00206933
9.9991E-05 0.994567 0.00533262
0.0174943 0.982406 9.9991E-05
0.114407 0.754544 0.13105
9.999E-05 0.9998 9.999E-05
0.0184284 0.981472 9.9991E-05
0.0410611 0.958839 9.9991E-05
9.999E-05 0.9998 9.999E-05
0.478199 0.316144 0.205657
0.309881 0.581608 0.108511
0.547648 0.372134 0.0802186
0.616383 0.215142 0.168475
0.134732 0.786547 0.0787211
9.9991E-05 0.981937 0.0179628
0.815198 0.0827691 0.102033
0.0300947 0.896492 0.0734131
9.999E-05 0.9998 9.999E-05
9.9991E-05 0.998598 0.00130238
9.999E-05 0.9998 9.999E-05
0.138542 0.256529 0.60493
0.0344582 0.957045 0.00849726
9.999E-05 0.9998 9.999E-05
0.0310705 0.915506 0.0534232
0.110535 0.293917 0.595547
9.999E-05 9.999E-05 0.9998
0.978688 0.0212117 9.9991E-05
0.122168 0.822824 0.055009
0.317832 0.450068 0.232101
0.20575 0.48729 0.30696
0.190747 0.580082 0.229171
9.9991E-05 0.970265 0.0296351
0.984345 0.0155546 9.9991E-05
0.523119 0.288106 0.188775
0.076668 0.738445 0.184887
9.999E-05 0.9998 9.999E-05
0.102625 0.672623 0.224752
0.329834 0.434917 0.235249
0.341578 0.421816 0.236607
0.717083 0.223209 0.0597082
0.85418 0.133925 0.0118945
0.498227 0.330557 0.171215
0.277402 0.454771 0.267827
9.9991E-05 0.999115 0.000784851
9.999E-05 0.9998 9.999E-05
0.142582 0.629359 0.228059
0.639257 0.258951 0.101792
0.225673 0.494268 0.280059
0.00443746 0.988496 0.00706615
0.538767 0.291637 0.169597
0.262826 0.647085 0.0900893
0.64351 0.146497 0.209992
0.155768 0.668834 0.175398
0.0800068 0.748819 0.171174
0.164466 0.545611 0.289922
9.999E-05 0.9998 9.999E-05
0.0388727 0.961027 9.9991E-05
9.999E-05 0.9998 9.999E-05
9.999E-05 0.9998 9.999E-05
0.147334 0.734931 0.117734
0.0164977 0.94473 0.038772
0.0355715 0.964328 9.9991E-05
0.308047 0.475825 0.216128
0.98018 0.0197196 9.9991E-05
0.9998 9.999E-05 9.999E-05
9.9991E-05 0.993122 0.00677767
0.9998 9.999E-05 9.999E-05
0.0056079 0.016228 0.978164
9.999E-05 9.999E-05 0.9998
0.209131 0.289259 0.50161
0.0782652 0.921635 9.9991E-05
9.999E-05 9.999E-05 0.9998
9.999E-05 9.999E-05 0.9998
9.999E-05 9.999E-05 0.9998
9.999E-05 9.999E-05 0.9998
9.999E-05 9.999E-05 0.9998
9.999E-05 0.9998 9.999E-05
0.235601 0.510796 0.253603
0.0952949 0.694827 0.209879
0.0840196 0.705411 0.210569
9.9991E-05 0.997815 0.00208501
9.9991E-05 0.967596 0.0323041
0.221744 0.480329 0.297927
0.108816 0.645982 0.245202
0.122396 0.752274 0.12533
0.144127 0.537527 0.318346
0.00124301 0.0096663 0.989091
0.168144 0.800645 0.031211
0.0401305 0.93427 0.0255999
0.0314838 0.94433 0.0241863
0.0833325 0.857731 0.0589365
9.999E-05 0.9998 9.999E-05
0.0278002 0.894979 0.0772203
0.9998 9.999E-05 9.999E-05
0.348378 0.578505 0.0731172
0.0687122 0.802192 0.129096
