0.0281472 0.203339 0.0564039 0.0266988 0.604927 0.066149 0.0143352
0.0131912 0.36719 0.0283425 9.9991E-05 0.267467 0.295312 0.0283974
0.0239864 0.284755 0.0911188 0.0410769 0.20147 0.319907 0.0376858
0.0129362 0.234849 0.0370964 0.0478852 0.64103 0.0261026 9.9991E-05
0.0123315 0.0274547 0.0146091 9.9991E-05 0.0249878 0.918598 0.00191908
0.00622645 0.386754 0.0100588 9.9991E-05 0.253474 0.278628 0.0647583
0.512913 9.9964E-05 0.0993784 9.9964E-05 0.387308 9.9964E-05 9.9964E-05
0.989752 0.00775295 9.9964E-05 9.9964E-05 0.00209501 9.9964E-05 9.9964E-05
0.982754 0.0148307 0.00201535 9.9964E-05 9.9964E-05 9.9964E-05 9.9964E-05
0.997967 9.9955E-05 9.9955E-05 0.00153298 9.9955E-05 9.9955E-05 9.9955E-05
9.9973E-05 9.9973E-05 0.853862 0.0124766 0.0883545 0.0450069 9.9973E-05
0.00756188 9.9964E-05 0.931283 9.9964E-05 0.0607551 9.9964E-05 9.9964E-05
0.013148 9.99641E-05 0.956029 9.99641E-05 0.0304235 9.99641E-05 9.99641E-05
9.995E-05 9.995E-05 0.9994 9.995E-05 9.995E-05 9.995E-05 9.995E-05
0.00780883 9.9973E-05 9.9973E-05 0.0269319 0.112704 9.9973E-05 0.852255
0.9994 9.995E-05 9.995E-05 9.995E-05 9.995E-05 9.995E-05 9.995E-05
0.008453 9.9964E-05 0.223682 9.9964E-05 0.767465 9.9964E-05 9.9964E-05
0.0126158 9.99641E-05 0.083501 9.99641E-05 9.99641E-05 9.99641E-05 0.903483
0.0133504 9.9982E-05 0.181268 0.0672627 0.127422 9.9982E-05 0.610497
0.0174449 9.9973E-05 0.601139 0.0127372 9.9973E-05 9.9973E-05 0.368379
0.0477244 9.9982E-05 0.0432467 0.0163414 0.0480551 9.9982E-05 0.844432
0.0155021 9.9982E-05 0.864962 0.029599 9.9982E-05 0.000438496 0.0892988
9.9955E-05 9.9955E-05 0.0679745 9.9955E-05 9.9955E-05 9.9955E-05 0.931526
0.0110997 0.0157086 0.764846 0.0246579 0.0562067 9.9991E-05 0.127381
9.9955E-05 9.9955E-05 0.910968 9.9955E-05 9.9955E-05 9.9955E-05 0.0885318
9.99551E-05 9.99551E-05 9.99551E-05 9.99551E-05 0.02157 9.99551E-05 0.97793
0.0258977 9.9964E-05 0.076448 9.9964E-05 9.9964E-05 9.9964E-05 0.897254
9.9973E-05 0.0587711 0.296996 0.0381471 9.9973E-05 9.9973E-05 0.605786
0.0216635 9.9973E-05 0.0128617 0.0359557 9.9973E-05 9.9973E-05 0.929219
9.9982E-05 0.0201971 0.0172342 0.0141654 9.9982E-05 0.00030512 0.947898
9.9964E-05 9.9964E-05 0.926775 0.022531 9.9964E-05 9.9964E-05 0.0502945
9.99551E-05 9.99551E-05 0.926175 9.99551E-05 0.0733255 9.99551E-05 9.99551E-05
9.99641E-05 0.000166279 0.0770553 9.99641E-05 9.99641E-05 9.99641E-05 0.922379
0.0310791 0.00505328 0.747303 9.9991E-05 0.0211289 0.0120337 0.183302
9.9964E-05 0.00150967 0.02607 9.9964E-05 9.9964E-05 9.9964E-05 0.972021
9.9964E-05 9.9964E-05 0.96083 9.9964E-05 9.9964E-05 0.00123114 0.0375387
9.9964E-05 9.9964E-05 0.0654088 9.9964E-05 9.9964E-05 0.014777 0.919414
9.9964E-05 9.9964E-05 0.931841 0.039667 9.9964E-05 9.9964E-05 0.0280924
9.9973E-05 0.116183 9.9973E-05 0.113463 0.617284 0.152771 9.9973E-05
9.9955E-05 0.357873 9.9955E-05 9.9955E-05 9.9955E-05 0.641627 9.9955E-05
9.9964E-05 9.9964E-05 0.844263 9.9964E-05 0.0656814 0.0896555 9.9964E-05
9.9955E-05 9.9955E-05 0.0407381 9.9955E-05 9.9955E-05 9.9955E-05 0.958762
0.000955681 9.9973E-05 0.928513 0.023783 9.9973E-05 9.9973E-05 0.0464489
9.9973E-05 0.593701 0.0737356 0.0652748 0.266989 9.9973E-05 9.9973E-05
0.0539789 9.9982E-05 0.198671 0.0292675 0.121411 9.9982E-05 0.596472
0.0341762 9.9991E-05 0.456695 0.0163663 0.0810043 0.00624373 0.405414
0.0281523 9.9991E-05 0.0351342 0.0202963 0.0309628 0.0345082 0.850846
9.999E-05 0.367788 0.00779837 0.0318075 0.195601 0.311665 0.0852402
0.000952299 0.258096 0.0052825 0.559272 0.0569119 0.119385 9.9991E-05
0.01774 0.00919643 9.9964E-05 9.9964E-05 0.972664 9.9964E-05 9.9964E-05
0.000712205 9.9982E-05 0.130749 0.021229 0.837027 9.9982E-05 0.0100828
0.0178892 9.9982E-05 0.176366 0.00679968 0.795218 0.00352658 9.9982E-05
0.0118374 9.9964E-05 0.0108779 9.9964E-05 0.976885 9.9964E-05 9.9964E-05
0.960187 9.9964E-05 0.0173535 9.9964E-05 9.9964E-05 0.0220601 9.9964E-05
0.942123 0.00720497 0.00648217 0.00457847 0.0394118 9.9982E-05 9.9982E-05
0.0555283 9.9973E-05 0.704692 9.9973E-05 0.215649 9.9973E-05 0.0238304
0.0174777 9.9973E-05 0.932011 9.9973E-05 9.9973E-05 0.000650492 0.0495607
0.0662551 9.9991E-05 0.0280889 0.10859 0.308915 0.238628 0.249422
0.00827406 0.0245748 9.9982E-05 0.00718888 0.0596875 0.900075 9.9982E-05
9.9991E-05 0.175091 0.000215012 0.298326 0.0338748 0.466585 0.025808
9.99639E-05 0.0243166 0.195917 9.99639E-05 0.779367 9.99639E-05 9.99639E-05
0.00377618 0.00978325 0.157181 9.9991E-05 0.80265 0.0127969 0.0137129
9.9973E-05 0.042936 0.20148 0.0399538 0.715331 9.9973E-05 9.9973E-05
0.969718 9.9955E-05 9.9955E-05 9.9955E-05 0.0297823 9.9955E-05 9.9955E-05
0.00649431 0.1031 9.9982E-05 9.9982E-05 0.0233309 0.862163 0.00471241
9.9964E-05 9.9964E-05 0.24976 9.9964E-05 0.733399 9.9964E-05 0.016441
0.0231136 0.0809151 9.9982E-05 0.0509135 0.764026 0.0808318 9.9982E-05
9.9955E-05 9.9955E-05 0.947325 9.9955E-05 9.9955E-05 9.9955E-05 0.0521751
9.995E-05 9.995E-05 0.9994 9.995E-05 9.995E-05 9.995E-05 9.995E-05
0.80175 9.9982E-05 9.9982E-05 0.0351809 0.0852353 0.0421641 0.0354696
0.821854 9.9982E-05 9.9982E-05 0.0273482 0.0996021 0.0132662 0.0377293
0.875175 9.9991E-05 0.0272653 0.0150185 0.0477201 0.00844808 0.0262735
0.941148 9.9964E-05 9.9964E-05 9.9964E-05 0.0253739 0.0330784 9.9964E-05
0.97913 9.9964E-05 9.9964E-05 0.0095165 0.0109537 9.9964E-05 9.9964E-05
0.976764 0.00746918 9.9964E-05 9.9964E-05 9.9964E-05 0.0153668 9.9964E-05
0.985996 0.0109458 9.9964E-05 9.9964E-05 9.9964E-05 9.9964E-05 0.00265862
0.975439 9.9964E-05 0.00888681 9.9964E-05 9.9964E-05 0.0152744 9.9964E-05
0.966975 0.00132519 0.0105441 9.9973E-05 0.0208559 9.9973E-05 9.9973E-05
0.9994 9.995E-05 9.995E-05 9.995E-05 9.995E-05 9.995E-05 9.995E-05
0.943467 9.9982E-05 0.00346181 9.9982E-05 0.0226831 0.0167241 0.0134641
0.927781 0.0106855 0.00445693 0.00675232 0.0396071 9.9991E-05 0.010617
0.95548 0.000909 0.00225313 9.9991E-05 0.0160673 0.00515377 0.0200364
0.529169 0.00596859 0.0318267 9.9973E-05 9.9973E-05 9.9973E-05 0.432735
0.552698 9.99551E-05 9.99551E-05 9.99551E-05 9.99551E-05 9.99551E-05 0.446802
0.9994 9.995E-05 9.995E-05 9.995E-05 9.995E-05 9.995E-05 9.995E-05
0.958734 9.9955E-05 9.9955E-05 9.9955E-05 0.0407663 9.9955E-05 9.9955E-05
0.945307 0.0291123 9.9964E-05 9.9964E-05 0.0251812 9.9964E-05 9.9964E-05
0.932849 9.9982E-05 0.0102522 0.0156352 9.9982E-05 0.0150538 0.0260104
0.9994 9.995E-05 9.995E-05 9.995E-05 9.995E-05 9.995E-05 9.995E-05
0.548429 9.99641E-05 0.0152883 9.99641E-05 9.99641E-05 9.99641E-05 0.435883
0.879266 0.00659201 0.0553321 0.0251304 9.9982E-05 9.9982E-05 0.0334797
0.953538 0.0267438 0.0147052 9.9973E-05 0.00471268 9.9973E-05 9.9973E-05
0.975146 9.9964E-05 0.000541585 9.9964E-05 0.0239121 9.9964E-05 9.9964E-05
0.94657 0.0168102 9.9973E-05 9.9973E-05 0.0227949 0.0135245 9.9973E-05
0.857545 9.9991E-05 0.0569599 0.0123855 0.0294823 0.00904823 0.0344796
0.947181 9.9973E-05 0.0108042 0.0013816 0.0403334 9.9973E-05 9.9973E-05
9.9991E-05 0.0534479 0.024266 0.0131454 0.174884 0.0966538 0.637503
0.955145 0.000266017 9.9982E-05 9.9982E-05 0.00216402 0.00501936 0.0372055
0.997519 9.9955E-05 9.9955E-05 9.9955E-05 9.9955E-05 9.9955E-05 0.00198163
0.730476 0.109098 0.00790694 0.0232938 0.0503349 0.0140072 0.0648833
0.993828 9.9955E-05 0.00567184 9.9955E-05 9.9955E-05 9.9955E-05 9.9955E-05
0.97273 9.9964E-05 0.0215592 9.9964E-05 9.9964E-05 9.9964E-05 0.00531085
0.988901 9.9955E-05 9.9955E-05 0.0105992 9.9955E-05 9.9955E-05 9.9955E-05
0.963532 9.9973E-05 9.9973E-05 0.00732034 9.9973E-05 0.021443 0.00740442
0.0164599 0.0322217 0.0195672 0.0129073 9.9982E-05 9.9982E-05 0.918644
0.9994 9.995E-05 9.995E-05 9.995E-05 9.995E-05 9.995E-05 9.995E-05
0.966799 9.9964E-05 9.9964E-05 0.0209749 0.0118261 9.9964E-05 9.9964E-05
0.983193 9.9955E-05 9.9955E-05 0.0163068 9.9955E-05 9.9955E-05 9.9955E-05
0.015236 0.0322555 0.268583 9.9982E-05 0.0496236 9.9982E-05 0.634102
0.933824 9.9973E-05 9.9973E-05 0.0436816 0.00500442 0.0171903 9.9973E-05
0.93592 9.9973E-05 0.0206728 0.0200981 0.0230091 9.9973E-05 9.9973E-05
0.957623 0.0077585 9.9973E-05 9.9973E-05 0.0230085 9.9973E-05 0.0113106
0.990514 9.9964E-05 0.000951235 9.9964E-05 0.00813484 9.9964E-05 9.9964E-05
0.0409221 9.9973E-05 0.235426 9.9973E-05 0.0418224 9.9973E-05 0.68153
0.9994 9.995E-05 9.995E-05 9.995E-05 9.995E-05 9.995E-05 9.995E-05
0.914734 0.0266974 9.9982E-05 0.00824924 0.0430836 0.0070356 9.9982E-05
0.523488 9.99551E-05 9.99551E-05 9.99551E-05 9.99551E-05 9.99551E-05 0.476013
0.979739 9.9964E-05 0.00430717 9.9964E-05 9.9964E-05 9.9964E-05 0.015554
0.0407023 9.9973E-05 0.749668 0.00852566 9.9973E-05 9.9973E-05 0.200804
9.9964E-05 9.9964E-05 0.678558 9.9964E-05 9.9964E-05 0.0247408 0.296301
0.0189946 0.0550549 0.860022 0.00490703 9.9991E-05 0.0163204 0.0446007
0.0467174 0.0145008 0.0330158 9.9982E-05 9.9982E-05 0.0194513 0.886115
0.0394084 0.00585237 0.20144 0.0333119 0.716899 0.00298785 9.9991E-05
0.0314729 0.0374325 0.858767 0.0072677 9.9982E-05 9.9982E-05 0.0648599
9.9991E-05 0.0305691 0.441767 0.0337623 0.261506 0.024638 0.207658
0.0236225 0.00173377 0.773625 9.9982E-05 9.9982E-05 0.0304623 0.170356
0.00669216 9.9982E-05 0.664286 0.0390158 9.9982E-05 0.0127991 0.277007
0.00279819 9.9982E-05 0.725645 0.0314 0.00852828 9.9982E-05 0.231428
9.9982E-05 0.0160975 0.597977 0.0473128 9.9982E-05 0.0421478 0.296265
0.030583 9.9982E-05 0.559386 0.040977 9.9982E-05 0.0357066 0.333147
0.0158135 9.9973E-05 0.935683 9.9973E-05 9.9973E-05 0.0199593 0.0282444
0.0375802 0.0235652 0.892542 0.0254371 0.0106713 0.00585183 0.00435224
0.0299275 0.0252747 0.913154 0.00543507 0.0176339 0.00847484 9.9991E-05
0.0367919 9.9982E-05 0.0804541 0.0692005 0.0509383 9.9982E-05 0.762415
9.99508E-05 0.9994 9.99508E-05 9.99508E-05 9.99508E-05 9.99508E-05 9.99508E-05
0.0173105 0.960812 9.9975E-05 9.9975E-05 0.0161794 0.00539847 9.9975E-05
9.9982E-05 0.226282 0.00549013 0.0706969 0.0684131 0.628918 9.9982E-05
0.0958399 0.0231816 0.122565 0.0626396 0.330331 9.9991E-05 0.365342
0.0142036 0.960448 9.9973E-05 9.9973E-05 0.0134027 0.0116459 9.9973E-05
0.0305923 0.91967 9.9973E-05 9.9973E-05 0.0371554 0.0122819 9.9973E-05
0.10837 0.0523215 0.492232 9.9991E-05 0.158692 0.0404245 0.147859
0.00257203 0.234242 9.9991E-05 0.301086 0.0321303 0.42938 0.000490197
9.9982E-05 0.15224 9.9982E-05 0.341366 0.0335079 0.431092 0.0415936
0.00234127 0.104045 9.9982E-05 0.390166 0.0424611 0.460786 9.9982E-05
0.0355765 9.9982E-05 9.9982E-05 0.560367 0.0933485 0.230715 0.0797932
9.9973E-05 9.9973E-05 9.9973E-05 0.603618 0.0859363 0.272481 0.0376641
9.9982E-05 0.0933493 9.9982E-05 0.393229 0.0673179 0.420096 0.0258076
0.00390748 0.0136795 0.0577671 0.0430085 0.876459 9.9991E-05 0.00507816
0.0180615 0.286247 9.9982E-05 0.0201881 9.9982E-05 0.667014 0.00828891
0.00639559 9.99778E-05 0.0080481 9.99778E-05 0.0413743 9.99778E-05 0.943882
0.00852067 0.026973 0.00505855 9.9982E-05 9.9982E-05 0.0120482 0.9472
0.0209547 0.088428 9.9991E-05 0.00220795 0.0186591 0.845462 0.0241883
0.131035 0.0539784 0.161089 0.116876 0.20399 0.156059 0.176973
9.9982E-05 0.03864 0.19183 0.0250096 0.716217 9.9982E-05 0.028104
9.9982E-05 0.0781445 0.832318 0.0106368 0.0189137 0.0597868 9.9982E-05
0.0147523 9.9982E-05 0.0633743 0.0296624 0.065693 9.9982E-05 0.826318
0.0319511 0.271032 0.629135 0.0353963 0.0239451 0.00844061 9.9991E-05
0.0209042 0.0601459 0.211866 0.0159593 0.672457 9.9991E-05 0.0185672
0.0390172 0.767357 9.9982E-05 0.137632 0.00588619 9.9982E-05 0.0499074
0.028139 9.9982E-05 0.134093 0.00639926 0.817588 9.9982E-05 0.0135802
0.06078 9.9991E-05 0.0956183 0.107379 0.530062 0.0821672 0.123893
0.0246394 9.9973E-05 0.00591576 9.9973E-05 9.9973E-05 0.00612578 0.963019
0.000758333 0.30963 0.0267058 9.9982E-05 9.9982E-05 0.637088 0.0256175
0.0219944 9.9964E-05 0.552974 9.9964E-05 9.9964E-05 0.424632 9.9964E-05
0.0299077 9.9982E-05 0.0157499 0.0256613 9.9982E-05 0.895958 0.0325235
0.0326093 0.0648165 0.440681 0.0391434 0.333075 0.0531471 0.0365286
9.995E-05 9.995E-05 9.995E-05 9.995E-05 9.995E-05 0.9994 9.995E-05
9.9973E-05 9.9973E-05 0.310532 9.9973E-05 0.6795 0.00836094 0.00130733
0.0377329 9.9991E-05 0.0917824 0.0297573 0.0198084 0.794225 0.0265942
0.0438502 0.0186749 0.0662073 9.9991E-05 0.0014008 0.862814 0.00695317
0.00398628 9.9991E-05 0.0376655 0.0123884 0.00899845 0.0557985 0.881063
9.99821E-05 0.315303 0.150984 9.99821E-05 0.0973744 0.0250839 0.411055
0.0563741 0.0593702 0.387647 0.0215373 0.078012 0.048429 0.34863
9.9991E-05 0.00901773 0.031552 0.847749 0.0464467 0.0463854 0.0187488
9.9973E-05 9.9973E-05 0.0232245 0.946084 0.0149075 0.0154839 9.9973E-05
0.0172744 0.00559717 9.9991E-05 0.868422 0.0541645 0.0266782 0.0277638
0.0284426 9.9991E-05 0.0329055 0.873903 0.0405577 0.00801627 0.0160747
9.9955E-05 9.9955E-05 9.9955E-05 0.0382017 9.9955E-05 9.9955E-05 0.961299
0.0148107 9.9973E-05 9.9973E-05 9.9973E-05 0.0429954 0.0225708 0.919323
0.00951357 9.9982E-05 0.0531494 0.0554113 0.082257 9.9982E-05 0.799469
9.9973E-05 0.205617 9.9973E-05 0.439392 0.068272 0.28642 9.9973E-05
0.137428 0.112908 0.123617 0.105212 0.245311 0.120177 0.155347
0.178363 9.9982E-05 9.9982E-05 0.10348 0.293408 0.0329301 0.391619
0.0505122 0.00804712 0.0788368 0.00952376 0.0339732 0.0312676 0.787839
0.12519 0.0156698 0.071215 0.0122888 0.0675289 0.0440658 0.664042
0.0389039 0.000991758 9.9982E-05 0.105317 0.0717729 9.9982E-05 0.782814
0.166011 0.0228312 0.00130671 0.0444393 0.149388 0.084578 0.531445
0.028585 0.0743441 0.01686 0.0510751 0.769857 0.0234857 0.0357934
0.00933676 9.9982E-05 0.920116 0.00646911 0.0616991 0.0021795 9.9982E-05
0.051245 0.00959464 0.61861 0.019951 0.0706439 9.9991E-05 0.229856
9.9973E-05 0.0217394 0.00407076 0.00638083 9.9973E-05 0.967509 9.9973E-05
9.9964E-05 9.9964E-05 0.0173439 9.9964E-05 0.0796088 0.902647 9.9964E-05
9.9973E-05 0.024716 0.0193459 9.9973E-05 0.0565146 0.899124 9.9973E-05
0.00634103 0.182002 9.9982E-05 0.249586 0.167626 0.394245 9.9982E-05
0.0262064 9.9982E-05 9.9982E-05 0.15208 0.406286 0.370346 0.0448816
0.0503698 9.9982E-05 9.9982E-05 0.156894 0.407362 0.376272 0.00890226
0.00141779 0.0120824 9.9991E-05 0.0247928 0.039286 0.00843587 0.913885
0.00946288 0.00979915 0.00424563 0.0568365 0.0674147 0.0218744 0.830367
0.000901458 0.00373228 0.0119642 9.9982E-05 9.9982E-05 0.00278815 0.980414
0.000846113 9.99786E-05 0.313089 9.99786E-05 0.680834 0.00493127 9.99786E-05
0.0113911 9.9973E-05 9.9973E-05 0.01044 9.9973E-05 0.972646 0.00522266
0.0246904 0.058162 9.9964E-05 9.9964E-05 9.9964E-05 0.916748 9.9964E-05
9.9964E-05 0.0943346 9.9964E-05 0.0105352 9.9964E-05 0.89473 9.9964E-05
9.9973E-05 0.156498 0.0246757 0.0281115 9.9973E-05 0.790415 9.9973E-05
0.0334495 0.097514 0.0170765 0.0206247 9.9982E-05 0.831135 9.9982E-05
9.9973E-05 0.0425363 0.827523 9.9973E-05 0.0582159 0.0714249 9.9973E-05
0.0877206 0.321373 9.9991E-05 0.154027 0.118419 0.232664 0.0856966
9.99549E-05 9.99549E-05 0.213515 9.99549E-05 0.785985 9.99549E-05 9.99549E-05
9.9964E-05 9.9964E-05 0.832957 9.9964E-05 0.0727409 0.093902 9.9964E-05
9.9982E-05 0.0510199 9.9982E-05 0.00316338 0.130091 0.0289533 0.786573
0.00870287 9.9973E-05 0.94099 0.00533713 0.0446704 9.9973E-05 9.9973E-05
0.00266812 9.9982E-05 0.872394 0.00759849 0.110888 0.00625126 9.9982E-05
9.9964E-05 9.9964E-05 0.878359 0.0262886 0.0949521 9.9964E-05 9.9964E-05
0.0409979 0.000716841 0.0217549 0.00775977 9.9982E-05 0.928571 9.9982E-05
9.9964E-05 0.0243571 0.000271586 9.9964E-05 9.9964E-05 0.974971 9.9964E-05
0.0147247 0.37427 0.026875 0.00894036 0.27774 0.252194 0.0452557
0.0228739 0.0248138 9.9982E-05 9.9982E-05 0.00829777 0.924582 0.0192329
9.995E-05 9.995E-05 9.995E-05 9.995E-05 9.995E-05 0.9994 9.995E-05
9.9964E-05 0.188468 0.528735 9.9964E-05 9.9964E-05 0.282397 9.9964E-05
9.9982E-05 0.0536025 9.9982E-05 0.0848188 0.0361264 0.808778 0.0164745
9.9982E-05 0.0982047 9.9982E-05 0.0399245 0.0203416 0.792652 0.0486772
0.0531362 0.162638 9.9991E-05 0.0760853 0.401908 0.208133 0.0979995
0.000600574 9.9964E-05 0.2774 9.9964E-05 0.721599 9.9964E-05 9.9964E-05
9.9982E-05 0.245762 0.0761518 0.0057309 0.0280538 0.644102 9.9982E-05
0.406488 0.196335 0.0432749 0.0442476 9.9982E-05 9.9982E-05 0.309455
9.9964E-05 0.343375 0.134526 9.9964E-05 9.9964E-05 0.5217 9.9964E-05
0.000403769 9.9964E-05 0.0103754 9.9964E-05 9.9964E-05 0.988821 9.9964E-05
0.0070202 9.9982E-05 0.894662 0.0127235 0.0398413 0.0455535 9.9982E-05
9.9982E-05 0.0533767 0.633113 0.00213239 0.0664574 0.244721 9.9982E-05
9.99639E-05 9.99639E-05 0.178063 9.99639E-05 0.800155 9.99639E-05 0.0213826
0.0139351 0.0330915 9.9973E-05 9.9973E-05 0.922844 0.0298292 9.9973E-05
9.9955E-05 9.9955E-05 0.920238 9.9955E-05 9.9955E-05 9.9955E-05 0.0792625
0.00733339 9.9973E-05 0.135594 0.00995726 0.846816 9.9973E-05 9.9973E-05
9.9982E-05 0.00246301 0.27149 9.9982E-05 0.714616 0.0111106 0.000119692
9.9964E-05 9.9964E-05 0.316353 9.9964E-05 0.655125 0.0281218 9.9964E-05
9.995E-05 9.995E-05 9.995E-05 9.995E-05 0.9994 9.995E-05 9.995E-05
9.9982E-05 0.0824275 0.285994 0.0385799 0.583958 0.00884092 9.9982E-05
9.9955E-05 9.9955E-05 0.214608 9.9955E-05 0.784892 9.9955E-05 9.9955E-05
0.0521102 0.165584 9.9991E-05 0.106398 0.385373 0.19642 0.0940138
0.000292572 9.9964E-05 0.0533331 9.9964E-05 9.9964E-05 9.9964E-05 0.945974
9.9973E-05 0.0607513 9.9973E-05 9.9973E-05 0.123444 0.0372701 0.778235
0.9994 9.995E-05 9.995E-05 9.995E-05 9.995E-05 9.995E-05 9.995E-05
9.9982E-05 0.0392141 0.0527713 9.9982E-05 0.155502 0.0590195 0.693293
0.0174384 0.00100321 0.104876 9.9973E-05 9.9973E-05 9.9973E-05 0.876382
9.9973E-05 9.9973E-05 0.227291 9.9973E-05 0.399671 0.00396065 0.368778
0.0223961 9.9964E-05 0.0776133 9.9964E-05 9.9964E-05 9.9964E-05 0.899591
0.0343386 9.9991E-05 0.5739 0.0446597 0.0820096 0.0106911 0.254301
9.9973E-05 0.0246315 9.9973E-05 0.0162509 0.00684464 9.9973E-05 0.951973
0.125054 9.9982E-05 9.9982E-05 0.0731432 0.640555 0.0116451 0.149403
9.9973E-05 9.9973E-05 0.173631 0.0643899 0.679467 9.9973E-05 0.0822114
0.0298603 9.9991E-05 0.317021 0.0424593 0.407116 0.00890626 0.194536
0.028852 9.9982E-05 0.064817 9.9982E-05 0.000920788 0.0231844 0.882026
0.0103252 0.134215 9.9964E-05 9.9964E-05 9.9964E-05 0.85506 9.9964E-05
9.9964E-05 9.9964E-05 0.931291 9.9964E-05 9.9964E-05 0.00306311 0.0652457
0.0950239 9.9982E-05 9.9982E-05 0.124443 0.582567 0.0101069 0.187659
9.9964E-05 9.9964E-05 0.909039 9.9964E-05 0.0211184 9.9964E-05 0.0694427
9.9964E-05 0.122988 9.9964E-05 9.9964E-05 0.00391744 0.872694 9.9964E-05
9.9964E-05 0.00968545 0.242392 9.9964E-05 0.747523 9.9964E-05 9.9964E-05
0.988846 0.00509697 9.9964E-05 0.00565724 9.9964E-05 9.9964E-05 9.9964E-05
0.709004 0.133239 9.9982E-05 0.0244977 0.0746841 9.9982E-05 0.0583751
0.0145533 9.9955E-05 9.9955E-05 9.9955E-05 9.9955E-05 9.9955E-05 0.984947
0.0615577 9.9973E-05 0.627762 9.9973E-05 0.0432241 9.9973E-05 0.267156
9.99549E-05 9.99549E-05 0.200641 9.99549E-05 0.798859 9.99549E-05 9.99549E-05
9.9955E-05 9.9955E-05 0.205948 9.9955E-05 0.793553 9.9955E-05 9.9955E-05
9.9982E-05 0.125318 0.650386 0.054235 0.112022 0.0578388 9.9982E-05
0.0358581 9.9982E-05 0.65213 0.0010184 0.0112662 9.9982E-05 0.299527
9.9964E-05 0.00661205 9.9964E-05 9.9964E-05 0.0787851 0.914203 9.9964E-05
0.0375461 9.9982E-05 9.9982E-05 0.139431 0.435619 0.375001 0.0122028
9.9973E-05 0.102805 0.0206287 0.294884 9.9973E-05 0.581382 9.9973E-05
0.0933409 0.191221 0.0283395 0.447156 0.0216309 0.134796 0.083516
0.0805144 0.154892 0.0318849 0.443726 0.0697119 0.149279 0.0699919
0.0157351 0.240555 9.9991E-05 0.280829 0.104179 0.324122 0.0344796
0.042869 9.9982E-05 9.9982E-05 0.126938 0.443106 0.383661 0.00322599
0.0610143 0.16481 0.0194564 0.429964 0.116155 0.175683 0.0329168
9.9982E-05 0.3748 9.9982E-05 0.26367 0.0704277 0.229407 0.061495
0.0623277 9.9982E-05 9.9982E-05 0.152313 0.598816 0.120328 0.0660154
9.9982E-05 0.243529 9.9982E-05 0.281021 0.0950479 0.359397 0.0208048
0.0780979 9.9982E-05 9.9982E-05 0.161659 0.509762 0.128722 0.121559
0.0185852 9.9964E-05 0.109007 9.9964E-05 0.872008 9.9964E-05 9.9964E-05
0.0644825 0.260045 0.0650664 0.0587361 0.510062 0.0211385 0.0204698
0.0408077 0.19491 0.0567276 0.177409 0.179075 0.333698 0.0173733
0.03442 0.150381 0.0604983 0.208917 0.232708 0.274391 0.038684
0.0505981 9.9982E-05 9.9982E-05 0.183041 0.411975 0.333865 0.02032
0.054271 0.228567 0.0213769 0.267895 0.0582412 0.366169 0.00347973
9.9964E-05 0.0292941 0.824258 9.9964E-05 9.9964E-05 9.9964E-05 0.146048
9.9973E-05 0.024079 9.9973E-05 9.9973E-05 0.037162 0.913768 0.0246915
0.0671059 0.141521 9.9991E-05 0.406519 0.136222 0.175132 0.0734007
0.0220008 0.300834 9.9991E-05 0.166683 0.108655 0.368916 0.0328106
0.0495575 0.155277 9.9991E-05 0.439255 0.0977582 0.227431 0.0306215
0.0552114 0.28768 0.04383 0.346885 0.0432678 0.213359 0.00976689
9.9973E-05 0.0643601 9.9973E-05 9.9973E-05 0.163256 0.0155902 0.756493
0.0597477 0.00765975 0.461318 0.0423966 0.0516802 0.0127793 0.364418
9.99806E-05 0.105978 9.99806E-05 0.0831432 0.0212659 0.789313 9.99806E-05
9.9973E-05 9.9973E-05 0.912638 0.00112897 0.0225993 9.9973E-05 0.0633335
9.9982E-05 0.0420694 0.0292121 9.9982E-05 0.162734 0.0487624 0.717023
0.0359114 0.0198162 9.9973E-05 9.9973E-05 0.933442 0.0105304 9.9973E-05
9.995E-05 9.995E-05 9.995E-05 9.995E-05 9.995E-05 0.9994 9.995E-05
0.00348321 9.9955E-05 9.9955E-05 9.9955E-05 9.9955E-05 0.996017 9.9955E-05
0.0305497 0.0231656 0.0177168 0.0224415 9.9982E-05 0.905926 9.9982E-05
9.9964E-05 0.00861104 9.9964E-05 0.0027575 9.9964E-05 0.988232 9.9964E-05
9.9973E-05 0.0150488 0.272628 9.9973E-05 0.703633 0.00839086 9.9973E-05
0.0403248 0.075291 0.012464 9.9982E-05 9.9982E-05 0.82918 0.0425405
9.9991E-05 0.0342105 0.0120996 0.0325807 0.146176 0.0287136 0.74612
9.9964E-05 9.9964E-05 9.9964E-05 0.0249704 0.0048603 9.9964E-05 0.969769
0.0346835 9.9973E-05 0.0245584 0.0241566 9.9973E-05 9.9973E-05 0.916302
0.0275913 0.00225028 9.9973E-05 9.9973E-05 0.00217437 9.9973E-05 0.967684
0.00854096 0.0182429 0.0566735 0.0123927 9.9982E-05 9.9982E-05 0.90395
0.0896652 0.0389933 0.0112269 0.565301 0.0904801 0.107877 0.0964558
0.0948768 0.019935 0.00492914 0.550433 0.112237 0.12047 0.0971197
9.9964E-05 9.9964E-05 0.0214745 0.933412 0.0447139 9.9964E-05 9.9964E-05
9.9973E-05 0.0131546 9.9973E-05 0.873143 9.9973E-05 0.0864414 0.0269607
0.00987101 0.0104936 9.9982E-05 0.955632 0.00096198 0.0228419 9.9982E-05
0.0277964 9.9991E-05 0.0530703 0.303853 0.591865 0.00688278 0.0164322
9.9964E-05 9.9964E-05 0.0375922 0.956395 9.9964E-05 9.9964E-05 0.00561327
0.00534268 0.0491815 0.277754 0.0826969 0.12198 0.214908 0.248137
9.995E-05 9.995E-05 9.995E-05 0.9994 9.995E-05 9.995E-05 9.995E-05
9.995E-05 9.995E-05 9.995E-05 0.9994 9.995E-05 9.995E-05 9.995E-05
0.0309635 0.0287476 9.9973E-05 0.929745 9.9973E-05 0.0102437 9.9973E-05
0.00602168 0.703134 0.0101322 0.229778 9.9991E-05 0.0170965 0.033738
9.995E-05 9.995E-05 9.995E-05 0.9994 9.995E-05 9.995E-05 9.995E-05
0.0300219 0.113379 9.9982E-05 0.823422 9.9982E-05 0.00534879 0.0276286
0.00230745 9.9973E-05 0.820196 0.0293999 9.9973E-05 9.9973E-05 0.147797
0.0619995 9.9991E-05 0.557607 0.055014 0.0360799 0.025972 0.263228
9.9982E-05 0.00520733 0.0995853 0.0232614 0.114842 9.9982E-05 0.756904
0.0297711 9.9982E-05 0.0585429 9.9982E-05 0.00753411 0.00121867 0.902733
9.9973E-05 9.9973E-05 0.078684 0.0555603 0.796712 9.9973E-05 0.0687438
0.0581109 9.9991E-05 0.0674971 0.0432695 0.0201639 0.0225233 0.788335
0.00465712 0.0161004 0.938744 9.9982E-05 9.9982E-05 0.00227546 0.0380227
9.9955E-05 9.9955E-05 0.943461 9.9955E-05 9.9955E-05 9.9955E-05 0.0560388
0.0132384 9.9964E-05 0.0299773 9.9964E-05 0.956384 9.9964E-05 9.9964E-05
0.0585778 9.9991E-05 0.0025809 0.075514 0.0934717 0.0171786 0.752577
0.103043 0.000911488 0.168142 0.0418571 0.115014 0.0450084 0.526025
0.0718572 9.99821E-05 9.99821E-05 0.0819173 0.763147 0.00510967 0.0777688
0.00117702 9.9991E-05 0.0229414 0.0403007 0.925486 0.00368586 0.00630857
0.00600064 9.9991E-05 0.119918 0.0285155 0.792373 0.00516029 0.0479327
9.9991E-05 0.0786123 0.575606 0.00184709 0.0499179 0.0516424 0.242274
0.0195252 9.9982E-05 0.0434305 0.0119053 0.898132 9.9982E-05 0.0268075
0.00584683 9.9982E-05 0.924562 0.0280492 9.9982E-05 0.00283604 0.0385059
9.9964E-05 0.00889835 9.9964E-05 9.9964E-05 0.938856 0.0518458 9.9964E-05
0.0361952 0.0123331 9.9973E-05 9.9973E-05 0.922586 0.0285853 9.9973E-05
0.0649119 0.140721 9.9982E-05 0.172799 0.362899 0.258469 9.9982E-05
9.995E-05 9.995E-05 9.995E-05 9.995E-05 0.9994 9.995E-05 9.995E-05
0.0195844 9.9955E-05 9.9955E-05 9.9955E-05 0.979916 9.9955E-05 9.9955E-05
9.9955E-05 9.9955E-05 0.00182083 9.9955E-05 0.997679 9.9955E-05 9.9955E-05
0.124259 9.9991E-05 0.0385973 0.0870985 0.501934 0.0422201 0.205791
9.9982E-05 0.0168215 0.757736 9.9982E-05 0.0333451 0.0171767 0.174721
9.9982E-05 9.9982E-05 0.87853 0.00578171 0.0187986 0.0468897 0.0498003
0.00954663 9.9991E-05 0.861589 0.00839321 0.0551147 0.0260044 0.0392523
0.0124151 9.9973E-05 0.867973 0.0106684 9.9973E-05 9.9973E-05 0.108644
9.9955E-05 9.9955E-05 9.9955E-05 9.9955E-05 0.065112 0.934388 9.9955E-05
0.00927761 0.407624 0.0269843 0.0257123 0.266478 0.223417 0.0405064
0.0274674 0.0262269 0.135877 0.00725457 0.0338087 9.9991E-05 0.769265
9.9973E-05 0.00731017 0.52727 9.9973E-05 0.139308 9.9973E-05 0.325812
0.0554239 0.199738 0.0476279 0.0505703 0.590689 0.0357319 0.0202193
0.0427922 0.190953 0.0471851 0.0144157 0.619742 0.0639384 0.0209729
9.9964E-05 9.9964E-05 9.9964E-05 0.0346735 9.9964E-05 0.0513285 0.913598
9.9982E-05 0.0335519 0.0093497 9.9982E-05 0.172221 0.0271777 0.757499
0.0125151 0.567181 0.268641 0.0600503 0.0606411 0.030872 9.9991E-05
9.9982E-05 0.0282308 0.440348 0.0380421 0.409329 0.0838505 9.9982E-05
9.99641E-05 9.99641E-05 0.10411 9.99641E-05 0.0735077 9.99641E-05 0.821982
0.136679 9.9982E-05 9.9982E-05 0.0771551 0.478961 0.0704906 0.236514
0.0830804 0.208835 0.0468526 0.0721566 0.576201 0.0127743 9.9991E-05
0.125533 9.9991E-05 0.0678329 0.145428 0.45928 0.0308077 0.171018
0.130874 9.9991E-05 0.0662851 0.101799 0.36661 0.0874992 0.246832
0.0480609 0.0262599 9.9964E-05 9.9964E-05 9.9964E-05 9.9964E-05 0.925279
9.9973E-05 0.0326824 0.00478394 9.9973E-05 9.9973E-05 0.0192644 0.942969
0.00156187 0.0157578 9.9964E-05 9.9964E-05 9.9964E-05 9.9964E-05 0.98228
0.0176867 9.9982E-05 0.0404725 0.035405 0.0109579 9.9982E-05 0.895278
0.0203568 9.9964E-05 0.00183413 9.9964E-05 9.9964E-05 9.9964E-05 0.977409
9.9973E-05 0.00876391 0.055194 9.9973E-05 0.000151074 9.9973E-05 0.935591
0.151048 0.0567332 9.9991E-05 0.0490046 0.157961 0.035711 0.549443
0.123395 0.00192752 0.0223233 0.149248 0.34977 0.102789 0.250547
9.9964E-05 0.0175785 9.9964E-05 9.9964E-05 0.00597448 9.9964E-05 0.976047
0.0927278 9.9991E-05 0.0407594 0.124941 0.409474 0.0728831 0.259115
0.0643152 9.9991E-05 0.00531188 0.110276 0.56877 0.0567622 0.194465
9.995E-05 0.9994 9.995E-05 9.995E-05 9.995E-05 9.995E-05 9.995E-05
9.9955E-05 0.982999 9.9955E-05 9.9955E-05 0.0165009 9.9955E-05 9.9955E-05
9.995E-05 0.9994 9.995E-05 9.995E-05 9.995E-05 9.995E-05 9.995E-05
9.995E-05 0.9994 9.995E-05 9.995E-05 9.995E-05 9.995E-05 9.995E-05
9.995E-05 0.9994 9.995E-05 9.995E-05 9.995E-05 9.995E-05 9.995E-05
9.995E-05 0.9994 9.995E-05 9.995E-05 9.995E-05 9.995E-05 9.995E-05
9.995E-05 0.9994 9.995E-05 9.995E-05 9.995E-05 9.995E-05 9.995E-05
9.9982E-05 0.0299453 9.9982E-05 0.0192218 0.928347 0.0218795 0.000406296
0.0593174 0.0144845 9.9973E-05 9.9973E-05 0.921011 0.00488749 9.9973E-05
0.024936 0.182355 9.9991E-05 0.115205 0.472513 0.204612 0.00027891
0.0238625 0.156391 9.9982E-05 0.109484 0.465268 0.244795 9.9982E-05
9.9982E-05 0.0483625 0.0556745 0.0208475 9.9982E-05 0.0150444 0.859871
0.0699936 9.9982E-05 9.9982E-05 0.0447176 0.071042 0.0239212 0.790126
9.9955E-05 0.00013241 9.9955E-05 9.9955E-05 9.9955E-05 9.9955E-05 0.999368
0.0192911 0.0921541 0.00961378 9.9973E-05 9.9973E-05 0.878641 9.9973E-05
9.99549E-05 0.332562 9.99549E-05 9.99549E-05 9.99549E-05 0.666939 9.99549E-05
0.00834665 0.0681514 9.9973E-05 9.9973E-05 9.9973E-05 0.915699 0.00750261
9.9955E-05 0.332791 9.9955E-05 9.9955E-05 9.9955E-05 0.666709 9.9955E-05
9.9991E-05 0.143676 0.195692 0.0264442 0.264706 0.363921 0.00546183
9.9991E-05 0.298683 0.0681392 0.19545 0.116939 0.288525 0.0321631
0.0347654 0.83203 0.0180789 0.0206702 9.9991E-05 0.0806071 0.0137487
9.9955E-05 0.365552 9.9955E-05 9.9955E-05 9.9955E-05 0.633948 9.9955E-05
9.9955E-05 0.332353 9.9955E-05 9.9955E-05 9.9955E-05 0.667147 9.9955E-05
0.00664553 9.9964E-05 9.9964E-05 0.0109456 9.9964E-05 0.982009 9.9964E-05
9.9964E-05 0.234556 9.9964E-05 9.9964E-05 9.9964E-05 0.757233 0.00781093
0.115793 0.0670534 0.314825 0.148722 0.124843 0.0295344 0.19923
0.00254634 0.0173557 9.9964E-05 9.9964E-05 9.9964E-05 9.9964E-05 0.979698
0.00264105 0.0246095 9.9973E-05 9.9973E-05 0.912078 0.0603718 9.9973E-05
0.0744982 9.9991E-05 0.18176 0.00556109 0.031199 0.0395901 0.667291
9.9973E-05 9.9973E-05 0.107944 0.0196747 0.824214 9.9973E-05 0.0478674
9.9973E-05 9.9973E-05 0.00562695 9.9973E-05 0.0709557 0.895448 0.0276699
0.0153748 0.855737 9.9982E-05 0.061711 9.9982E-05 0.0455988 0.0213787
0.0157448 0.218267 9.9991E-05 0.0460029 0.0629603 0.609505 0.04742
0.117596 9.9982E-05 9.9982E-05 0.0406272 0.489631 0.0831109 0.268835
0.145226 9.9991E-05 0.0386035 0.137317 0.458305 0.121458 0.0989899
0.0346616 0.0249815 0.346262 0.0329721 0.033651 9.9991E-05 0.527371
9.99549E-05 9.99549E-05 0.117468 9.99549E-05 0.882032 9.99549E-05 9.99549E-05
0.061032 0.0758966 0.00149437 0.698509 9.9991E-05 0.112716 0.0502515
0.00499246 0.0390374 9.9991E-05 0.831259 0.0303433 0.0610296 0.0332381
0.0151607 0.00626457 9.9964E-05 0.978175 9.9964E-05 9.9964E-05 9.9964E-05
9.9964E-05 0.0042073 9.9964E-05 0.949579 9.9964E-05 0.0458136 9.9964E-05
9.9955E-05 0.0619475 9.9955E-05 0.937553 9.9955E-05 9.9955E-05 9.9955E-05
0.0230532 0.0990932 9.9982E-05 0.832248 9.9982E-05 0.0092179 0.036188
0.0408949 0.0607212 9.9973E-05 9.9973E-05 0.861982 0.0361021 9.9973E-05
0.0634857 0.393742 9.9991E-05 0.106741 0.0516911 0.309481 0.0747593
0.00376092 0.098713 0.0172973 0.0360792 9.9991E-05 0.805107 0.0389429
9.995E-05 9.995E-05 9.995E-05 9.995E-05 9.995E-05 0.9994 9.995E-05
0.00262252 0.0132351 9.9964E-05 9.9964E-05 9.9964E-05 0.983743 9.9964E-05
9.9964E-05 0.275569 9.9964E-05 9.9964E-05 9.9964E-05 0.70684 0.017191
9.9964E-05 0.00394826 9.9964E-05 0.994314 9.9964E-05 0.0013381 9.9964E-05
0.00879454 0.0109071 9.9973E-05 0.96834 9.9973E-05 9.9973E-05 0.0116586
0.0110596 0.640044 0.00787447 0.28285 9.9991E-05 0.0494047 0.00866797
0.010033 0.688174 0.00169609 0.299797 9.9973E-05 9.9973E-05 9.9973E-05
9.9964E-05 0.0530889 9.9964E-05 0.914266 9.9964E-05 0.0322449 9.9964E-05
9.9973E-05 0.812641 0.0314301 0.153414 9.9973E-05 9.9973E-05 0.00221465
9.9982E-05 0.466226 0.0502717 0.0991284 9.9982E-05 0.0500385 0.334136
0.00672078 0.0132367 0.0907734 9.9982E-05 0.0603509 9.9982E-05 0.828718
9.9973E-05 0.0311791 0.175425 0.0352594 9.9973E-05 9.9973E-05 0.757837
0.0444132 0.0291021 0.0712993 9.9973E-05 9.9973E-05 9.9973E-05 0.854885
0.0235672 0.00959785 0.0161682 9.9973E-05 9.9973E-05 9.9973E-05 0.950367
9.99549E-05 9.99549E-05 0.017434 0.982066 9.99549E-05 9.99549E-05 9.99549E-05
0.000220856 9.99549E-05 9.99549E-05 0.999279 9.99549E-05 9.99549E-05 9.99549E-05
9.9964E-05 0.697918 9.9964E-05 0.277183 9.9964E-05 9.9964E-05 0.0244997
9.9955E-05 0.459716 9.9955E-05 0.539785 9.9955E-05 9.9955E-05 9.9955E-05
9.9955E-05 9.9955E-05 9.9955E-05 0.995065 0.00443523 9.9955E-05 9.9955E-05
0.00236839 9.9973E-05 9.9973E-05 0.933017 0.0372142 0.0271009 9.9973E-05
9.99549E-05 0.025695 9.99549E-05 0.973805 9.99549E-05 9.99549E-05 9.99549E-05
9.9964E-05 0.79196 9.9964E-05 0.194204 9.9964E-05 9.9964E-05 0.013437
9.9964E-05 9.9964E-05 0.227423 9.9964E-05 0.692717 9.9964E-05 0.0794596
0.0209646 0.0490949 0.364561 9.9973E-05 0.565079 9.9973E-05 9.9973E-05
0.0130771 9.99641E-05 0.281575 9.99641E-05 0.704948 9.99641E-05 9.99641E-05
9.9982E-05 0.0340392 0.221084 0.0150342 0.67018 9.9982E-05 0.0594629
9.9982E-05 0.163843 9.9982E-05 0.398115 0.101879 0.324126 0.0118367
9.9982E-05 0.198037 9.9982E-05 0.33909 0.00618597 0.408321 0.0481655
9.9991E-05 0.181745 0.018493 0.261921 0.0228747 0.510101 0.0047662
9.9982E-05 0.104244 0.0490651 0.269784 0.0482749 0.528432 9.9982E-05
0.0847225 0.0286999 0.0244556 0.521145 0.138151 0.100923 0.101903
0.013631 0.114215 9.9982E-05 0.0410229 0.366663 0.464268 9.9982E-05
9.9964E-05 9.9964E-05 0.00585011 0.985214 0.00853644 9.9964E-05 9.9964E-05
9.9964E-05 0.90432 0.0177667 0.0775136 9.9964E-05 9.9964E-05 9.9964E-05
0.0300565 0.858489 0.0181742 0.0929799 9.9973E-05 9.9973E-05 9.9973E-05
0.0297777 9.99822E-05 0.0269497 9.99822E-05 0.429431 0.0639142 0.449727
0.0413803 0.0403491 0.0209302 0.0217144 0.726433 0.125002 0.0241909
9.9973E-05 9.9973E-05 0.0950424 9.9973E-05 0.0198041 0.0064186 0.878435
0.0101761 0.00937094 0.895947 9.9982E-05 9.9982E-05 0.00721657 0.0770899
0.0184587 0.0310277 0.658142 9.9973E-05 9.9973E-05 9.9973E-05 0.292071
0.0151462 9.9982E-05 0.447895 0.0428989 9.9982E-05 0.0148201 0.47904
0.0286918 9.9991E-05 0.0676749 0.0428937 0.448957 0.0138274 0.397855
9.9955E-05 9.9955E-05 0.0736124 9.9955E-05 9.9955E-05 9.9955E-05 0.925888
9.9973E-05 9.9973E-05 0.0266404 0.0204491 9.9973E-05 0.0102813 0.942329
9.9982E-05 0.0177374 0.038768 0.0368925 9.9982E-05 0.0132343 0.893168
0.00958694 9.9973E-05 0.0710381 9.9973E-05 9.9973E-05 0.00399588 0.915079
0.0752475 0.0630866 0.0430727 0.432183 0.178368 0.100617 0.107425
0.03027 0.114198 0.0362067 0.255999 0.138286 0.0449768 0.380063
0.0180452 0.162553 9.99911E-05 0.268247 0.0891612 0.202002 0.259891
0.0469241 0.117797 9.9991E-05 0.444245 0.152839 0.195111 0.0429842
0.0412567 0.0792236 0.077943 0.0324952 0.184997 0.0196755 0.564409
0.0197243 0.00324908 9.9973E-05 9.9973E-05 0.0344316 9.9973E-05 0.942295
0.0164689 0.867286 9.9982E-05 9.9982E-05 0.0286856 0.0840757 0.00328389
0.076505 0.00773853 0.0956331 0.0585906 0.0476127 9.9991E-05 0.71382
9.9973E-05 0.011028 0.840717 0.0127499 9.9973E-05 9.9973E-05 0.135206
0.0287769 9.9973E-05 0.954184 9.9973E-05 9.9973E-05 0.00402581 0.0127138
9.9955E-05 9.9955E-05 0.0390619 9.9955E-05 9.9955E-05 9.9955E-05 0.960438
0.496161 0.0132439 0.0217617 0.116201 0.175463 0.0398998 0.13727
0.00449181 0.0209957 0.37595 0.0334569 0.0819659 0.00191388 0.481225
9.9964E-05 9.9964E-05 0.906095 9.9964E-05 9.9964E-05 0.00516915 0.0883362
0.00828318 0.0166236 0.138546 0.0378693 0.138056 9.9991E-05 0.660522
0.516351 0.0199072 0.0392441 0.102156 0.206094 0.0141297 0.102119
0.984115 9.9973E-05 9.9973E-05 9.9973E-05 0.00600416 0.00624414 0.00333704
9.9982E-05 0.105305 9.9982E-05 0.0562705 0.0302789 0.779719 0.0282263
0.0304443 0.03763 0.687884 0.0244035 0.108386 0.0613205 0.0499312
0.0442411 0.260552 0.0792715 0.0547934 0.500999 0.018477 0.041666
0.0483288 0.0392205 9.9991E-05 0.0106656 0.825478 0.0393967 0.0368105
0.0176117 0.0589944 9.9982E-05 9.9982E-05 0.804914 0.024589 0.0936908
0.00503487 9.9973E-05 0.909512 0.0204371 0.0647159 9.9973E-05 9.9973E-05
0.00240623 0.00354127 0.0530808 9.9991E-05 0.0378965 0.897991 0.00498399
0.0616232 0.515906 0.0140446 0.019284 0.319793 0.0416853 0.0276642
9.99549E-05 9.99549E-05 0.239096 9.99549E-05 0.760404 9.99549E-05 9.99549E-05
9.9964E-05 9.9964E-05 0.974001 9.9964E-05 0.015873 9.9964E-05 0.00972619
0.0245743 0.0147274 0.173056 9.9973E-05 0.787342 9.9973E-05 9.9973E-05
0.0803389 0.262293 0.0833521 0.0177574 0.512843 0.0212497 0.0221654
0.0665822 0.287582 0.073775 0.020627 0.540321 0.0110131 9.9991E-05
9.9991E-05 0.404408 0.00266421 0.0337843 0.202825 0.283031 0.0731877
0.0175546 0.154695 0.0613021 0.0539959 0.030219 0.653412 0.0288218
9.9982E-05 0.403808 9.9982E-05 0.0214755 0.432591 0.0993247 0.0426007
0.00801447 0.0443442 9.9991E-05 0.0412498 0.808935 0.0882027 0.00915416
9.9964E-05 9.9964E-05 0.936337 9.9964E-05 0.0334229 9.9964E-05 0.0298402
9.9964E-05 9.9964E-05 0.903012 9.9964E-05 0.0582341 9.9964E-05 0.038354
0.137089 9.9991E-05 0.0251249 0.069953 0.302807 0.0409569 0.423969
0.00788612 0.402012 0.0446622 9.9991E-05 0.274227 0.229218 0.041895
0.0118775 0.0451758 9.9982E-05 9.9982E-05 0.894488 0.037028 0.0112304
0.0106148 9.9973E-05 9.9973E-05 9.9973E-05 0.00649871 0.00512132 0.977465
0.0253078 9.9982E-05 9.9982E-05 0.175152 0.440735 0.328201 0.0304039
0.0209251 0.0508777 0.0352276 0.0955203 0.325735 0.0907104 0.381004
0.146898 0.0814332 9.99911E-05 0.281631 0.114186 0.32873 0.0470212
0.133248 0.0547457 0.0370911 0.0630272 0.13611 0.0513837 0.524394
0.0332214 9.9982E-05 0.498784 0.00575711 0.432076 0.0299618 9.9982E-05
0.0833351 9.9982E-05 9.9982E-05 0.0981228 0.611386 0.0175008 0.189456
9.9964E-05 9.9964E-05 9.9964E-05 0.0248761 0.00705678 9.9964E-05 0.967667
9.9964E-05 9.9964E-05 9.9964E-05 0.0770413 0.0125958 9.9964E-05 0.909963
9.9964E-05 9.9964E-05 0.938329 9.9964E-05 0.035218 9.9964E-05 0.0260532
0.00659884 9.9964E-05 0.00203285 9.9964E-05 9.9964E-05 9.9964E-05 0.990968
0.092098 0.0259739 0.00846127 0.0484785 0.144567 0.052805 0.627617
0.0408489 0.0225159 0.0572276 9.9991E-05 0.0107187 0.000453343 0.868136
9.9973E-05 9.9973E-05 0.0511111 9.9973E-05 0.101233 0.0330961 0.81426
0.103121 0.238067 0.0907825 0.0133355 0.509834 0.0202882 0.0245721
9.9973E-05 0.0956817 9.9973E-05 0.0711948 9.9973E-05 0.801414 0.0314098
0.00144151 0.0408101 9.9973E-05 0.0342399 9.9973E-05 0.923209 9.9973E-05
0.00188616 9.9991E-05 0.821227 0.0199641 0.0179135 0.000203496 0.138705
9.9973E-05 0.11634 9.9973E-05 0.0590538 9.9973E-05 0.809495 0.0148118
0.905343 9.9973E-05 9.9973E-05 0.0274135 0.0257353 9.9973E-05 0.0412082
0.939762 9.9991E-05 0.0064149 0.0113139 0.0121899 0.0106991 0.0195202
0.482927 9.9991E-05 0.068271 0.0281957 0.0455901 0.181589 0.193328
9.9991E-05 0.023903 0.000901184 0.0143094 0.152332 0.0229705 0.785484
0.985972 0.0135281 9.9955E-05 9.9955E-05 9.9955E-05 9.9955E-05 9.9955E-05
0.9937 9.9955E-05 9.9955E-05 0.00579973 9.9955E-05 9.9955E-05 9.9955E-05
0.983521 0.0159788 9.9955E-05 9.9955E-05 9.9955E-05 9.9955E-05 9.9955E-05
0.991375 0.00812497 9.99551E-05 9.99551E-05 9.99551E-05 9.99551E-05 9.99551E-05
0.9994 9.995E-05 9.995E-05 9.995E-05 9.995E-05 9.995E-05 9.995E-05
9.9964E-05 0.0307133 0.950635 9.9964E-05 0.0182519 9.9964E-05 9.9964E-05
0.0309463 0.00719496 9.9982E-05 9.9982E-05 0.862391 0.0743096 0.0249577
0.0247542 0.0328868 0.254608 9.9982E-05 0.6868 9.9982E-05 0.000751919
9.99549E-05 9.99549E-05 0.233295 9.99549E-05 0.766205 9.99549E-05 9.99549E-05
9.9973E-05 0.00958297 0.425926 9.9973E-05 0.0855951 9.9973E-05 0.478596
0.0380295 0.00484622 0.939206 9.9982E-05 0.0106542 9.9982E-05 0.00706447
0.0300807 9.9964E-05 9.9964E-05 9.9964E-05 0.890114 0.0794054 9.9964E-05
0.0412407 0.0330269 0.146605 9.9982E-05 0.76744 9.9982E-05 0.0114877
9.9964E-05 9.9964E-05 0.331477 9.9964E-05 0.638292 0.029831 9.9964E-05
0.0106652 0.0266406 9.9964E-05 9.9964E-05 0.962294 9.9964E-05 9.9964E-05
0.94222 9.99809E-05 0.00306119 9.99809E-05 0.0535117 0.00090695 9.99809E-05
0.0199915 0.111255 0.56321 9.9991E-05 0.127472 0.0567188 0.121252
0.028638 9.9991E-05 0.0644697 0.0518016 0.0350532 0.0138153 0.806122
0.0364425 0.00297229 0.0170025 0.00925784 0.038947 0.0234474 0.87193
0.0394708 9.9991E-05 0.0922083 0.10649 0.0716128 0.00317171 0.686947
9.9973E-05 9.9973E-05 0.89553 0.0161722 0.016825 9.9973E-05 0.0711725
0.0148808 0.0438024 0.739143 9.9982E-05 0.184324 9.9982E-05 0.0176503
9.9955E-05 0.278308 9.9955E-05 9.9955E-05 9.9955E-05 0.721192 9.9955E-05
0.0111061 0.359944 0.265001 0.0204652 0.108619 0.0364138 0.198451
0.0197966 0.0278524 0.522912 9.9973E-05 0.429139 9.9973E-05 9.9973E-05
